Season,Player,PlayerId,Pos,Age,Tm,G,GS,MP,FG,FGA,FG%,3P,3PA,3P%,2P,2PA,2P%,FT,FTA,FT%,ORB,DRB,TRB,AST,STL,BLK,TOV,PF,PTS,ORtg,DRtg,Year,key_id,All_NBA_Team,All_NBA_Flag,All_NBA_Pos,Team30,Win_Prop
1988-89,Kareem Abdul-Jabbar,abdulka01,C,41,LAL,74,74,1695,8.9,18.6,0.475,0.0,0.1,0.0,8.9,18.6,0.47700000000000004,3.5,4.7,0.7390000000000001,2.9,6.5,9.4,2.1,1.1,2.4,2.7,5.5,21.2,104.0,107.0,1989,Kareem Abdul-Jabbar-1989,0.0,Not Selected,Center,LAL,0.055609756097560976
1988-89,Mark Acres,acresma01,C,26,BOS,62,0,632,4.3,8.8,0.48200000000000004,0.1,0.1,1.0,4.2,8.7,0.478,2.0,3.7,0.542,4.6,6.7,11.3,1.5,1.5,0.5,1.8,7.3,10.6,108.0,110.0,1989,Mark Acres-1989,0.0,Not Selected,Center,BOS,0.04097560975609756
1988-89,Michael Adams,adamsmi01,PG,26,DEN,77,77,2787,7.5,17.3,0.433,2.7,7.5,0.35600000000000004,4.8,9.9,0.49,5.2,6.3,0.8190000000000001,1.1,3.4,4.5,7.8,2.7,0.2,2.9,2.4,22.8,115.0,108.0,1989,Michael Adams-1989,0.0,Not Selected,Guard,DEN,0.042926829268292686
1988-89,Mark Aguirre,aguirma01,SF,29,TOT,80,76,2597,11.3,24.5,0.461,1.0,3.4,0.293,10.3,21.2,0.488,5.6,7.6,0.733,2.8,4.6,7.5,5.4,0.9,0.7,4.0,4.4,29.2,105.0,110.0,1989,Mark Aguirre-1989,0.0,Not Selected,Forward,TOT,0.03333333333333334
1988-89,Danny Ainge,aingeda01,PG,29,TOT,73,54,2377,9.8,21.4,0.457,2.4,6.2,0.38,7.4,15.2,0.488,4.2,4.9,0.8540000000000001,1.4,3.7,5.2,8.2,1.9,0.2,3.0,3.8,26.1,116.0,111.0,1989,Danny Ainge-1989,0.0,Not Selected,Guard,TOT,0.03333333333333334
1988-89,Mark Alarie,alarima01,PF,25,WSB,74,5,1141,8.6,18.0,0.478,0.5,1.6,0.342,8.1,16.4,0.491,3.0,3.6,0.8390000000000001,4.3,6.3,10.6,2.6,1.0,0.9,2.6,6.7,20.8,109.0,109.0,1989,Mark Alarie-1989,0.0,Not Selected,Forward,WAS,0.03902439024390244
1988-89,Steve Alford,alforst01,PG,24,TOT,66,3,906,7.3,16.1,0.457,1.0,2.7,0.364,6.3,13.3,0.47600000000000003,2.5,3.0,0.82,0.5,3.1,3.6,4.6,2.2,0.1,2.2,2.8,18.2,107.0,110.0,1989,Steve Alford-1989,0.0,Not Selected,Guard,TOT,0.03333333333333334
1988-89,Randy Allen,allenra01,SG,24,SAC,7,0,43,8.9,21.1,0.42100000000000004,0.0,1.1,0.0,8.9,20.0,0.444,1.1,2.2,0.5,3.3,4.4,7.8,0.0,1.1,1.1,2.2,7.8,18.9,88.0,112.0,1989,Randy Allen-1989,0.0,Not Selected,Guard,SAC,0.026341463414634145
1988-89,Greg Anderson,andergr01,PF,24,SAS,82,56,2401,8.8,17.5,0.503,0.0,0.1,0.0,8.8,17.5,0.505,4.0,7.7,0.514,4.9,8.1,13.0,1.2,2.0,2.0,3.5,4.2,21.6,100.0,106.0,1989,Greg Anderson-1989,0.0,Not Selected,Forward,SAS,0.02048780487804878
1988-89,Michael Anderson,andermi01,PG,22,SAS,36,12,730,4.6,11.0,0.41700000000000004,0.1,0.4,0.14300000000000002,4.5,10.6,0.429,3.6,5.2,0.695,2.8,2.8,5.6,9.7,2.8,0.2,5.3,4.0,12.9,93.0,109.0,1989,Michael Anderson-1989,0.0,Not Selected,Guard,SAS,0.02048780487804878
1988-89,Richard Anderson,anderri01,PF,28,POR,72,3,1082,6.2,14.9,0.41700000000000004,2.1,6.0,0.348,4.1,8.8,0.46399999999999997,1.4,1.6,0.8420000000000001,2.6,7.2,9.9,4.2,1.9,0.5,2.3,4.3,15.8,109.0,107.0,1989,Richard Anderson-1989,0.0,Not Selected,Forward,POR,0.03804878048780488
1988-89,Ron Anderson,anderro01,SF,30,PHI,82,12,2618,10.5,21.4,0.491,0.0,0.2,0.182,10.5,21.2,0.494,3.6,4.3,0.856,3.1,4.4,7.6,2.6,1.3,0.4,2.3,3.1,24.7,110.0,114.0,1989,Ron Anderson-1989,0.0,Not Selected,Forward,PHI,0.0448780487804878
1988-89,Willie Anderson,anderwi01,SF,22,SAS,81,79,2738,10.8,21.6,0.498,0.1,0.4,0.19,10.7,21.3,0.503,3.8,4.9,0.775,2.6,4.5,7.0,6.3,2.5,1.0,4.4,5.0,25.4,105.0,108.0,1989,Willie Anderson-1989,0.0,Not Selected,Forward,SAS,0.02048780487804878
1988-89,John Bagley,baglejo01,PG,28,NJN,68,20,1642,5.8,14.0,0.41600000000000004,0.3,1.6,0.204,5.5,12.5,0.44299999999999995,2.6,3.6,0.7240000000000001,1.1,3.2,4.2,11.4,2.1,0.1,4.6,3.4,14.6,96.0,111.0,1989,John Bagley-1989,0.0,Not Selected,Guard,BRK,0.025365853658536587
1988-89,Thurl Bailey,baileth01,SF,27,UTA,82,3,2777,10.9,22.4,0.483,0.0,0.1,0.4,10.8,22.4,0.484,6.4,7.8,0.825,2.0,5.9,7.9,2.4,0.8,1.6,3.7,3.3,28.1,105.0,104.0,1989,Thurl Bailey-1989,0.0,Not Selected,Forward,UTA,0.04975609756097561
1988-89,Greg Ballard,ballagr01,SF,34,SEA,2,0,15,3.2,25.6,0.125,0.0,3.2,0.0,3.2,22.4,0.14300000000000002,12.8,12.8,1.0,6.4,16.0,22.4,0.0,0.0,0.0,0.0,9.6,19.2,93.0,106.0,1989,Greg Ballard-1989,0.0,Not Selected,Forward,OKC,0.045853658536585365
1988-89,Ken Bannister,bannike01,PF,28,LAC,9,2,130,7.8,12.7,0.611,0.0,0.4,0.0,7.8,12.4,0.629,10.6,18.7,0.5660000000000001,2.1,9.5,11.7,1.1,2.5,0.7,2.8,6.0,26.2,116.0,106.0,1989,Ken Bannister-1989,0.0,Not Selected,Forward,LAC,0.02048780487804878
1988-89,Charles Barkley,barklch01,PF,25,PHI,79,79,3088,11.0,19.1,0.579,0.6,2.6,0.21600000000000003,10.5,16.5,0.636,9.5,12.6,0.753,6.4,9.2,15.6,5.1,2.0,1.1,4.0,4.1,32.1,127.0,108.0,1989,Charles Barkley-1989,1.0,1st,Forward,PHI,0.0448780487804878
1988-89,John Battle,battljo01,SG,26,ATL,82,0,1672,8.4,18.3,0.457,0.3,1.0,0.324,8.1,17.3,0.465,5.7,6.9,0.815,0.9,3.2,4.1,5.8,1.2,0.3,3.0,3.6,22.7,110.0,112.0,1989,John Battle-1989,0.0,Not Selected,Guard,ATL,0.050731707317073174
1988-89,Benoit Benjamin,benjabe01,C,24,LAC,79,62,2585,8.7,16.1,0.541,0.0,0.0,0.0,8.7,16.1,0.5429999999999999,5.6,7.6,0.7440000000000001,2.9,9.5,12.4,2.8,1.0,3.9,4.2,3.9,23.1,106.0,107.0,1989,Benoit Benjamin-1989,0.0,Not Selected,Center,LAC,0.02048780487804878
1988-89,Ricky Berry,berryri01,SG,24,SAC,64,21,1406,8.7,19.3,0.45,2.2,5.4,0.406,6.5,13.8,0.467,4.5,5.6,0.789,1.9,4.8,6.7,2.7,1.3,0.7,2.8,6.7,24.0,109.0,111.0,1989,Ricky Berry-1989,0.0,Not Selected,Guard,SAC,0.026341463414634145
1988-89,Walter Berry,berrywa01,PF,24,TOT,69,31,1355,8.9,17.6,0.507,0.0,0.1,0.5,8.9,17.5,0.507,3.5,5.0,0.6990000000000001,3.0,6.3,9.4,2.7,1.0,1.7,3.1,6.4,21.3,105.0,108.0,1989,Walter Berry-1989,0.0,Not Selected,Forward,TOT,0.03333333333333334
1988-89,Larry Bird,birdla01,SF,32,BOS,6,6,189,12.7,26.9,0.47100000000000003,0.0,0.0,0.0,12.7,26.9,0.47100000000000003,4.7,4.9,0.9470000000000001,0.3,9.3,9.6,7.5,1.6,1.3,2.8,4.7,30.0,110.0,107.0,1989,Larry Bird-1989,0.0,Not Selected,Forward,BOS,0.04097560975609756
1988-89,Otis Birdsong,birdsot01,SG,33,BOS,13,0,108,8.2,16.3,0.5,0.5,1.4,0.33299999999999996,7.7,14.9,0.515,0.0,0.9,0.0,1.8,4.1,5.9,4.1,1.4,0.5,5.4,4.5,16.8,85.0,112.0,1989,Otis Birdsong-1989,0.0,Not Selected,Guard,BOS,0.04097560975609756
1988-89,Uwe Blab,blabuw01,C,26,DAL,37,0,208,5.8,12.5,0.462,0.0,0.0,0.0,5.8,12.5,0.462,4.8,6.0,0.8,2.6,7.9,10.6,2.9,0.7,3.1,3.4,8.7,16.4,102.0,107.0,1989,Uwe Blab-1989,0.0,Not Selected,Center,DAL,0.037073170731707315
1988-89,Rolando Blackman,blackro01,SG,29,DAL,78,78,2946,10.1,21.2,0.47600000000000003,0.5,1.4,0.353,9.6,19.8,0.485,5.4,6.3,0.8540000000000001,1.2,3.5,4.6,4.9,1.1,0.3,2.8,2.3,26.1,110.0,112.0,1989,Rolando Blackman-1989,0.0,Not Selected,Guard,DAL,0.037073170731707315
1988-89,Muggsy Bogues,boguemu01,PG,24,CHH,79,21,1755,4.9,11.4,0.426,0.0,0.4,0.077,4.8,11.0,0.43700000000000006,1.8,2.4,0.75,1.4,3.1,4.5,16.9,3.0,0.2,3.4,3.8,11.5,108.0,112.0,1989,Muggsy Bogues-1989,0.0,Not Selected,Guard,CHO,0.01951219512195122
1988-89,Manute Bol,bolma01,C,26,GSW,80,4,1769,3.2,8.7,0.369,0.5,2.3,0.22,2.7,6.4,0.423,1.0,1.7,0.606,2.9,8.7,11.7,0.7,0.3,8.7,2.0,5.7,7.9,88.0,103.0,1989,Manute Bol-1989,0.0,Not Selected,Center,GSW,0.041951219512195125
1988-89,Anthony Bowie,bowiean01,SG,25,SAS,18,5,438,7.6,15.2,0.5,0.1,0.5,0.2,7.5,14.6,0.511,1.1,1.6,0.667,2.6,3.3,5.9,3.1,1.9,0.4,2.3,4.5,16.3,104.0,111.0,1989,Anthony Bowie-1989,0.0,Not Selected,Guard,SAS,0.02048780487804878
1988-89,Sam Bowie,bowiesa01,C,27,POR,20,0,412,7.7,17.2,0.451,0.6,0.8,0.7140000000000001,7.2,16.4,0.43799999999999994,3.1,5.5,0.5710000000000001,4.0,7.8,11.9,4.0,0.8,3.7,3.7,4.8,19.2,100.0,106.0,1989,Sam Bowie-1989,0.0,Not Selected,Center,POR,0.03804878048780488
1988-89,Dudley Bradley,bradldu01,SG,31,ATL,38,0,267,5.1,15.7,0.326,1.5,5.7,0.258,3.7,10.1,0.364,1.5,2.9,0.5,1.3,4.6,5.8,4.4,2.9,0.4,2.6,7.5,13.2,88.0,107.0,1989,Dudley Bradley-1989,0.0,Not Selected,Guard,ATL,0.050731707317073174
1988-89,Adrian Branch,brancad01,SF,25,POR,67,4,811,11.5,24.8,0.46299999999999997,0.4,1.8,0.226,11.1,23.1,0.48100000000000004,5.0,6.8,0.725,3.6,3.9,7.5,3.4,2.6,0.2,3.6,5.6,28.4,105.0,109.0,1989,Adrian Branch-1989,0.0,Not Selected,Forward,POR,0.03804878048780488
1988-89,Randy Breuer,breuera01,C,28,MIL,48,4,513,8.2,17.0,0.48,0.0,0.0,0.0,8.2,17.0,0.48,2.7,4.8,0.5489999999999999,4.8,8.0,12.8,2.1,0.9,3.5,2.8,5.6,19.0,102.0,105.0,1989,Randy Breuer-1989,0.0,Not Selected,Center,MIL,0.04780487804878049
1988-89,Frank Brickowski,brickfr01,C,29,SAS,64,60,1822,8.5,16.5,0.515,0.0,0.1,0.0,8.5,16.5,0.517,5.1,7.1,0.715,3.7,6.5,10.3,3.3,2.6,0.9,4.2,6.4,22.1,105.0,106.0,1989,Frank Brickowski-1989,0.0,Not Selected,Center,SAS,0.02048780487804878
1988-89,Scott Brooks,brooksc01,PG,23,PHI,82,6,1372,5.5,13.2,0.42,2.0,5.4,0.359,3.6,7.7,0.46299999999999997,2.2,2.4,0.884,0.7,2.7,3.3,10.9,2.4,0.1,2.3,4.1,15.2,118.0,113.0,1989,Scott Brooks-1989,0.0,Not Selected,Guard,PHI,0.0448780487804878
1988-89,Mike Brown,brownmi01,C,25,UTA,66,16,1051,4.8,11.6,0.419,0.0,0.0,0.0,4.8,11.6,0.419,4.3,6.1,0.708,4.3,7.7,12.0,1.9,1.2,0.8,3.6,6.2,14.0,96.0,102.0,1989,Mike Brown-1989,0.0,Not Selected,Center,UTA,0.04975609756097561
1988-89,Tony Brown,brownto01,SF-SG,28,TOT,43,0,365,6.6,15.6,0.424,0.5,2.1,0.25,6.1,13.5,0.451,3.2,4.1,0.774,2.9,2.9,5.8,3.4,2.0,0.5,2.2,5.6,16.9,104.0,108.0,1989,Tony Brown-1989,0.0,Not Selected,Forward,TOT,0.03333333333333334
1988-89,Mark Bryant,bryanma01,PF,23,POR,56,32,803,6.9,14.2,0.486,0.0,0.0,0.0,6.9,14.2,0.486,2.3,4.0,0.58,3.7,6.6,10.3,1.9,1.2,0.4,2.4,8.3,16.1,104.0,109.0,1989,Mark Bryant-1989,0.0,Not Selected,Forward,POR,0.03804878048780488
1988-89,Greg Butler,butlegr01,C,22,NYK,33,0,140,6.6,15.8,0.41700000000000004,0.0,1.0,0.0,6.6,14.8,0.444,5.3,6.6,0.8,3.0,6.2,9.2,0.7,0.3,0.7,5.6,9.2,18.4,87.0,111.0,1989,Greg Butler-1989,0.0,Not Selected,Center,NYK,0.050731707317073174
1988-89,Michael Cage,cagemi01,PF,27,SEA,80,71,2536,5.9,11.9,0.498,0.0,0.1,0.0,5.9,11.8,0.502,3.7,5.0,0.743,5.2,9.2,14.5,2.4,1.7,1.0,2.3,3.5,15.6,116.0,107.0,1989,Michael Cage-1989,0.0,Not Selected,Forward,OKC,0.045853658536585365
1988-89,Tony Campbell,campbto01,SF,26,LAL,63,2,787,9.6,21.0,0.45799999999999996,0.1,1.3,0.095,9.5,19.7,0.48100000000000004,4.3,5.1,0.843,3.2,4.7,7.9,2.9,2.3,0.4,3.8,6.6,23.6,101.0,107.0,1989,Tony Campbell-1989,0.0,Not Selected,Forward,LAL,0.055609756097560976
1988-89,Antoine Carr,carran01,PF,27,ATL,78,12,1488,7.4,15.4,0.48,0.0,0.0,0.0,7.4,15.4,0.48100000000000004,4.3,5.0,0.855,3.5,5.5,9.0,3.0,1.0,2.0,2.7,7.2,19.1,112.0,109.0,1989,Antoine Carr-1989,0.0,Not Selected,Forward,ATL,0.050731707317073174
1988-89,Joe Barry Carroll,carrojo01,C,30,NJN,64,62,1996,8.7,19.5,0.44799999999999995,0.0,0.0,0.0,8.7,19.5,0.44799999999999995,4.2,5.3,0.8,2.8,8.5,11.4,2.5,1.7,1.9,3.4,4.6,21.7,99.0,107.0,1989,Joe Barry Carroll-1989,0.0,Not Selected,Center,BRK,0.025365853658536587
1988-89,Bill Cartwright,cartwbi01,C,31,CHI,78,76,2333,7.7,16.3,0.475,0.0,0.0,0.0,7.7,16.3,0.475,5.0,6.5,0.7659999999999999,3.2,7.8,11.0,1.9,0.4,0.9,4.0,5.0,20.5,100.0,109.0,1989,Bill Cartwright-1989,0.0,Not Selected,Center,CHI,0.045853658536585365
1988-89,Terry Catledge,catlete01,PF,25,WSB,79,77,2077,7.7,15.6,0.49,0.0,0.1,0.2,7.6,15.5,0.493,3.5,5.8,0.602,5.3,7.8,13.1,1.7,1.1,0.6,2.7,5.7,18.8,105.0,109.0,1989,Terry Catledge-1989,0.0,Not Selected,Forward,WAS,0.03902439024390244
1988-89,Ron Cavenall,cavenro01,C,29,NJN,5,0,16,6.0,9.0,0.667,0.0,0.0,0.0,6.0,9.0,0.667,6.0,15.0,0.4,0.0,6.0,6.0,0.0,0.0,6.0,6.0,6.0,18.0,79.0,108.0,1989,Ron Cavenall-1989,0.0,Not Selected,Center,BRK,0.025365853658536587
1988-89,Tom Chambers,chambto01,PF,29,PHO,81,81,3002,11.8,25.1,0.47100000000000003,0.4,1.3,0.326,11.4,23.8,0.479,7.8,9.1,0.851,2.2,8.3,10.5,3.5,1.3,0.8,3.5,4.1,31.9,110.0,105.0,1989,Tom Chambers-1989,2.0,2nd,Forward,PHO,0.05365853658536585
1988-89,Mike Champion,champmi01,SF,24,SEA,2,0,4,0.0,36.0,0.0,0.0,12.0,0.0,0.0,24.0,0.0,0.0,0.0,0.0,0.0,0.0,0.0,0.0,0.0,0.0,12.0,24.0,0.0,0.0,117.0,1989,Mike Champion-1989,0.0,Not Selected,Forward,OKC,0.045853658536585365
1988-89,Rex Chapman,chapmre01,SG,21,CHH,75,44,2219,11.3,27.4,0.414,1.3,4.1,0.314,10.1,23.3,0.431,3.3,4.2,0.795,1.6,2.4,4.0,3.8,1.5,0.5,2.4,3.6,27.3,97.0,115.0,1989,Rex Chapman-1989,0.0,Not Selected,Guard,CHO,0.01951219512195122
1988-89,Maurice Cheeks,cheekma01,PG,32,PHI,71,70,2298,7.1,14.8,0.483,0.0,0.3,0.077,7.1,14.5,0.49,3.2,4.1,0.774,0.8,3.1,3.9,11.7,2.2,0.4,2.5,2.4,17.5,117.0,113.0,1989,Maurice Cheeks-1989,0.0,Not Selected,Guard,PHI,0.0448780487804878
1988-89,Derrick Chievous,chievde01,SF,21,HOU,81,1,1539,8.5,19.4,0.43700000000000006,0.2,0.7,0.20800000000000002,8.3,18.7,0.446,5.9,7.5,0.7829999999999999,3.5,4.4,7.8,2.4,1.5,0.3,4.2,4.9,23.0,99.0,108.0,1989,Derrick Chievous-1989,0.0,Not Selected,Forward,HOU,0.04390243902439024
1988-89,Ben Coleman,colembe01,PF,27,PHI,58,11,703,8.1,16.7,0.485,0.0,0.0,0.0,8.1,16.7,0.485,4.2,5.3,0.792,3.4,8.9,12.3,1.2,0.7,1.2,3.3,8.3,20.4,103.0,111.0,1989,Ben Coleman-1989,0.0,Not Selected,Forward,PHI,0.0448780487804878
1988-89,Steve Colter,coltest01,PG,26,WSB,80,5,1425,6.8,15.3,0.444,0.1,0.8,0.12,6.7,14.4,0.46299999999999997,4.2,5.6,0.7490000000000001,2.1,4.0,6.1,7.5,2.3,0.5,2.1,5.3,17.8,111.0,109.0,1989,Steve Colter-1989,0.0,Not Selected,Guard,WAS,0.03902439024390244
1988-89,Dallas Comegys,comegda01,PF,24,SAS,67,10,1119,6.8,14.0,0.48700000000000004,0.0,0.1,0.0,6.8,14.0,0.49,4.4,6.6,0.6579999999999999,4.6,5.0,9.6,1.2,1.7,2.6,3.5,6.6,18.0,101.0,108.0,1989,Dallas Comegys-1989,0.0,Not Selected,Forward,SAS,0.02048780487804878
1988-89,Lester Conner,connele01,PG,29,NJN,82,63,2532,5.9,12.8,0.457,0.2,0.7,0.35100000000000003,5.6,12.1,0.46299999999999997,4.0,5.1,0.7879999999999999,1.9,4.8,6.7,11.4,3.4,0.1,3.4,2.5,16.0,112.0,108.0,1989,Lester Conner-1989,0.0,Not Selected,Guard,BRK,0.025365853658536587
1988-89,Darwin Cook,cookda01,SG,30,TOT,66,4,1143,8.7,19.1,0.456,0.3,1.6,0.195,8.4,17.4,0.48100000000000004,2.5,3.1,0.8079999999999999,1.4,2.9,4.3,5.1,2.8,0.4,3.5,4.8,20.2,98.0,108.0,1989,Darwin Cook-1989,0.0,Not Selected,Guard,TOT,0.03333333333333334
1988-89,Michael Cooper,coopemi01,SG,32,LAL,80,13,1943,5.3,12.2,0.431,2.0,5.2,0.381,3.3,7.0,0.46799999999999997,2.0,2.3,0.871,0.8,3.9,4.7,7.7,1.8,0.8,2.3,4.6,14.5,115.0,109.0,1989,Michael Cooper-1989,0.0,Not Selected,Guard,LAL,0.055609756097560976
1988-89,Wayne Cooper,coopewa01,C,32,DEN,79,72,1864,5.3,10.6,0.495,0.0,0.1,0.25,5.2,10.5,0.498,1.9,2.5,0.745,5.1,9.7,14.8,1.9,0.9,5.1,1.7,7.2,12.5,113.0,102.0,1989,Wayne Cooper-1989,0.0,Not Selected,Center,DEN,0.042926829268292686
1988-89,Tyrone Corbin,corbity01,SF,26,PHO,77,30,1655,6.8,12.6,0.54,0.0,0.1,0.0,6.8,12.5,0.542,3.9,5.0,0.7879999999999999,4.9,6.2,11.0,3.3,2.3,0.4,2.6,6.2,17.5,119.0,105.0,1989,Tyrone Corbin-1989,0.0,Not Selected,Forward,PHO,0.05365853658536585
1988-89,Dave Corzine,corzida01,C,32,CHI,81,7,1483,6.8,14.7,0.461,0.1,0.3,0.25,6.7,14.4,0.465,2.4,3.2,0.74,3.1,7.4,10.5,3.4,1.0,1.5,3.1,4.5,16.0,99.0,108.0,1989,Dave Corzine-1989,0.0,Not Selected,Center,CHI,0.045853658536585365
1988-89,Winston Crite,critewi01,SF,23,PHO,2,0,6,0.0,23.0,0.0,0.0,0.0,0.0,0.0,23.0,0.0,0.0,0.0,0.0,7.7,0.0,7.7,0.0,0.0,0.0,7.7,7.7,0.0,20.0,114.0,1989,Winston Crite-1989,0.0,Not Selected,Forward,PHO,0.05365853658536585
1988-89,Pat Cummings,cummipa01,PF,32,MIA,53,28,1096,8.7,17.4,0.5,0.0,0.1,0.0,8.7,17.3,0.503,3.2,4.3,0.742,3.7,8.7,12.4,2.1,1.3,0.8,4.9,7.1,20.6,95.0,108.0,1989,Pat Cummings-1989,0.0,Not Selected,Forward,MIA,0.014634146341463415
1988-89,Terry Cummings,cummite01,SF,27,MIL,80,78,2824,12.6,27.0,0.467,0.1,0.3,0.467,12.5,26.7,0.467,6.2,7.9,0.787,4.8,6.4,11.2,3.4,1.8,1.2,3.5,4.6,31.5,108.0,106.0,1989,Terry Cummings-1989,3.0,3rd,Forward,MIL,0.04780487804878049
1988-89,Earl Cureton,curetea01,C,31,CHH,82,41,2047,5.4,10.9,0.501,0.0,0.0,0.0,5.4,10.9,0.502,1.5,2.9,0.537,4.4,7.0,11.4,3.0,1.2,1.4,2.7,5.4,12.4,101.0,111.0,1989,Earl Cureton-1989,0.0,Not Selected,Center,CHO,0.01951219512195122
1988-89,Dell Curry,curryde01,SG,24,CHH,48,0,813,15.1,30.7,0.491,1.1,3.2,0.345,14.0,27.4,0.509,2.4,2.7,0.87,1.5,4.6,6.1,2.9,2.5,0.2,2.6,4.0,33.6,102.0,112.0,1989,Dell Curry-1989,0.0,Not Selected,Guard,CHO,0.01951219512195122
1988-89,Quintin Dailey,dailequ01,SG,28,LAC,69,51,1722,12.0,25.7,0.465,0.0,0.2,0.111,11.9,25.5,0.46799999999999997,5.8,7.6,0.759,1.8,3.6,5.4,4.1,2.4,0.2,3.3,4.1,29.7,103.0,112.0,1989,Quintin Dailey-1989,0.0,Not Selected,Guard,LAC,0.02048780487804878
1988-89,Adrian Dantley,dantlad01,SF,33,TOT,73,67,2422,9.7,19.8,0.493,0.0,0.0,0.0,9.7,19.7,0.493,9.5,11.8,0.81,2.4,4.1,6.6,3.5,0.9,0.3,3.4,3.9,29.0,115.0,110.0,1989,Adrian Dantley-1989,0.0,Not Selected,Forward,TOT,0.03333333333333334
1988-89,Brad Daugherty,daughbr01,C,23,CLE,78,78,2821,9.4,17.6,0.5379999999999999,0.0,0.1,0.33299999999999996,9.4,17.5,0.5379999999999999,6.7,9.1,0.737,2.9,9.6,12.5,4.9,1.1,0.7,4.0,3.0,25.6,113.0,103.0,1989,Brad Daugherty-1989,0.0,Not Selected,Center,CLE,0.055609756097560976
1988-89,Brad Davis,davisbr01,PG,33,DAL,78,4,1395,6.6,13.6,0.483,1.1,3.7,0.314,5.4,9.9,0.545,3.6,4.4,0.805,0.5,3.4,3.9,8.7,1.7,0.6,3.3,5.4,17.8,111.0,111.0,1989,Brad Davis-1989,0.0,Not Selected,Guard,DAL,0.037073170731707315
1988-89,Charles Davis,davisch02,SF,30,CHI,49,3,545,7.4,17.3,0.426,0.4,1.4,0.267,7.0,15.9,0.44,1.7,2.4,0.731,4.3,6.1,10.4,2.8,1.0,0.5,2.0,5.3,16.8,101.0,110.0,1989,Charles Davis-1989,0.0,Not Selected,Forward,CHI,0.045853658536585365
1988-89,Mark Davis,davisma01,SF,25,TOT,33,0,258,9.2,19.2,0.48,0.2,1.9,0.1,9.0,17.3,0.522,5.3,6.4,0.8240000000000001,3.0,4.0,7.0,2.6,2.4,0.9,2.3,7.3,23.9,113.0,107.0,1989,Mark Davis-1989,0.0,Not Selected,Forward,TOT,0.03333333333333334
1988-89,Walter Davis,daviswa03,SG,34,DEN,81,0,1857,12.9,25.9,0.498,0.5,1.7,0.29,12.4,24.2,0.512,4.2,4.8,0.879,1.0,2.6,3.6,4.6,1.7,0.1,3.2,4.5,30.5,107.0,110.0,1989,Walter Davis-1989,0.0,Not Selected,Guard,DEN,0.042926829268292686
1988-89,Darryl Dawkins,dawkida01,C,32,DET,14,0,48,9.4,19.9,0.474,0.0,0.0,0.0,9.4,19.9,0.474,9.4,18.9,0.5,3.1,4.2,7.3,1.0,0.0,1.0,4.2,13.6,28.3,97.0,109.0,1989,Darryl Dawkins-1989,0.0,Not Selected,Center,DET,0.06146341463414634
1988-89,Johnny Dawkins,dawkijo01,PG,25,SAS,32,30,1083,7.5,17.0,0.44299999999999995,0.0,0.2,0.0,7.5,16.9,0.447,4.3,4.8,0.893,1.4,2.9,4.3,9.5,2.3,0.0,4.7,2.7,19.3,101.0,110.0,1989,Johnny Dawkins-1989,0.0,Not Selected,Guard,SAS,0.02048780487804878
1988-89,Vinny Del Negro,delnevi01,SG,22,SAC,80,2,1556,7.3,15.4,0.475,0.2,0.6,0.3,7.2,14.8,0.48200000000000004,2.6,3.1,0.85,1.5,3.8,5.2,6.3,2.0,0.4,2.4,4.9,17.5,109.0,111.0,1989,Vinny Del Negro-1989,0.0,Not Selected,Guard,SAC,0.026341463414634145
1988-89,Fennis Dembo,dembofe01,SF,23,DET,31,0,74,9.5,28.5,0.33299999999999996,0.0,2.7,0.0,9.5,25.8,0.368,5.4,6.8,0.8,5.4,10.2,15.6,3.4,0.7,0.0,4.8,10.2,24.5,86.0,104.0,1989,Fennis Dembo-1989,0.0,Not Selected,Forward,DET,0.06146341463414634
1988-89,James Donaldson,donalja01,C,31,DAL,53,53,1746,5.5,9.7,0.573,0.0,0.0,0.0,5.5,9.7,0.573,2.7,3.6,0.7659999999999999,4.5,11.8,16.3,1.1,0.7,2.3,2.4,3.2,13.8,115.0,105.0,1989,James Donaldson-1989,0.0,Not Selected,Center,DAL,0.037073170731707315
1988-89,Greg Dreiling,dreilgr01,C,26,IND,53,4,396,5.3,9.4,0.5579999999999999,0.0,0.0,0.0,5.3,9.4,0.5579999999999999,5.3,7.8,0.672,4.8,6.5,11.2,2.2,0.6,1.3,4.8,12.2,15.8,103.0,112.0,1989,Greg Dreiling-1989,0.0,Not Selected,Center,IND,0.027317073170731707
1988-89,Clyde Drexler,drexlcl01,SG,26,POR,78,78,3064,12.5,25.2,0.496,0.4,1.6,0.26,12.1,23.6,0.511,6.6,8.3,0.799,4.4,4.9,9.3,6.8,3.2,0.8,3.8,4.1,32.0,117.0,106.0,1989,Clyde Drexler-1989,0.0,Not Selected,Guard,POR,0.03804878048780488
1988-89,Kevin Duckworth,duckwke01,C,24,POR,79,79,2662,9.6,20.1,0.47700000000000004,0.0,0.0,0.0,9.6,20.1,0.478,5.6,7.4,0.757,4.3,6.7,11.0,1.0,1.0,0.9,3.5,5.2,24.8,106.0,109.0,1989,Kevin Duckworth-1989,0.0,Not Selected,Center,POR,0.03804878048780488
1988-89,Chris Dudley,dudlech02,C,23,CLE,61,2,544,6.6,15.1,0.435,0.0,0.1,0.0,6.6,15.0,0.43700000000000006,3.5,9.6,0.364,6.5,7.7,14.1,1.9,0.8,2.1,4.0,7.4,16.7,89.0,104.0,1989,Chris Dudley-1989,0.0,Not Selected,Center,CLE,0.055609756097560976
1988-89,Joe Dumars,dumarjo01,SG,25,DET,69,67,2408,9.5,18.9,0.505,0.3,0.6,0.483,9.2,18.2,0.506,5.4,6.4,0.85,1.2,2.4,3.6,8.1,1.3,0.1,3.7,2.2,24.8,114.0,109.0,1989,Joe Dumars-1989,0.0,Not Selected,Guard,DET,0.06146341463414634
1988-89,Mike Dunleavy,dunlemi01,PG,34,MIL,2,0,5,9.7,19.5,0.5,9.7,19.5,0.5,0.0,0.0,0.0,0.0,0.0,0.0,0.0,0.0,0.0,0.0,0.0,0.0,0.0,0.0,29.2,150.0,116.0,1989,Mike Dunleavy-1989,0.0,Not Selected,Guard,MIL,0.04780487804878049
1988-89,T.R. Dunn,dunntr01,SG,33,PHO,34,1,321,1.7,5.0,0.34299999999999997,0.0,0.0,0.0,1.7,5.0,0.34299999999999997,1.3,1.7,0.75,4.3,4.3,8.6,3.6,1.7,0.1,0.9,5.0,4.7,117.0,108.0,1989,T.R. Dunn-1989,0.0,Not Selected,Guard,PHO,0.05365853658536585
1988-89,Ledell Eackles,eacklle01,SG,22,WSB,80,6,1459,10.4,23.9,0.434,0.3,1.3,0.225,10.1,22.6,0.447,8.9,11.3,0.7859999999999999,3.3,2.6,5.9,4.0,1.3,0.2,4.2,5.1,29.9,105.0,112.0,1989,Ledell Eackles-1989,0.0,Not Selected,Guard,WAS,0.03902439024390244
1988-89,Mark Eaton,eatonma01,C,32,UTA,82,82,2914,3.2,6.8,0.462,0.0,0.0,0.0,3.2,6.8,0.462,2.2,3.4,0.66,3.8,10.4,14.2,1.4,0.7,5.3,2.4,4.9,8.5,99.0,98.0,1989,Mark Eaton-1989,0.0,Not Selected,Center,UTA,0.04975609756097561
1988-89,James Edwards,edwarja01,C,33,DET,76,1,1254,8.5,16.9,0.5,0.0,0.1,0.0,8.5,16.8,0.502,5.3,7.8,0.6859999999999999,2.7,6.5,9.3,2.0,0.4,1.2,2.9,9.1,22.2,108.0,106.0,1989,James Edwards-1989,0.0,Not Selected,Center,DET,0.06146341463414634
1988-89,Kevin Edwards,edwarke01,SG,23,MIA,79,62,2349,9.7,22.8,0.425,0.2,0.8,0.27,9.5,22.0,0.431,3.0,4.0,0.746,1.8,3.7,5.4,7.2,2.9,0.6,5.1,3.2,22.6,92.0,109.0,1989,Kevin Edwards-1989,0.0,Not Selected,Guard,MIA,0.014634146341463415
1988-89,Craig Ehlo,ehlocr01,SG,27,CLE,82,4,1867,6.5,13.7,0.475,1.0,2.6,0.39,5.5,11.1,0.495,1.9,3.1,0.607,2.6,5.1,7.7,7.0,2.9,0.5,3.0,4.2,15.9,107.0,103.0,1989,Craig Ehlo-1989,0.0,Not Selected,Guard,CLE,0.055609756097560976
1988-89,Dale Ellis,ellisda01,SG,28,SEA,82,82,3190,12.9,25.7,0.501,2.4,5.1,0.478,10.4,20.6,0.507,5.7,6.9,0.816,2.3,2.8,5.1,2.5,1.6,0.3,3.3,3.0,33.9,119.0,112.0,1989,Dale Ellis-1989,3.0,3rd,Guard,OKC,0.045853658536585365
1988-89,Wayne Englestad,englewa01,PF,22,DEN,11,0,50,9.8,25.9,0.379,0.0,0.0,0.0,9.8,25.9,0.379,5.4,8.9,0.6,4.5,9.8,14.3,6.2,0.9,0.0,2.7,10.7,25.0,96.0,107.0,1989,Wayne Englestad-1989,0.0,Not Selected,Forward,DEN,0.042926829268292686
1988-89,Alex English,englial01,SF,35,DEN,82,82,2990,13.8,28.1,0.491,0.0,0.1,0.25,13.8,28.0,0.49200000000000005,4.9,5.7,0.858,2.2,2.7,4.9,5.7,1.0,0.2,3.0,2.6,32.5,109.0,112.0,1989,Alex English-1989,0.0,Not Selected,Forward,DEN,0.042926829268292686
1988-89,Patrick Ewing,ewingpa01,C,26,NYK,80,80,2896,11.5,20.4,0.5670000000000001,0.0,0.1,0.0,11.5,20.3,0.57,5.7,7.7,0.746,3.4,8.4,11.8,3.0,1.9,4.5,4.2,4.9,28.8,115.0,103.0,1989,Patrick Ewing-1989,2.0,2nd,Center,NYK,0.050731707317073174
1988-89,Jim Farmer,farmeji01,SG,24,UTA,37,0,412,6.8,16.9,0.401,1.1,2.4,0.45,5.7,14.5,0.39299999999999996,3.4,4.9,0.7070000000000001,2.6,3.9,6.5,3.3,1.1,0.0,3.1,4.9,18.1,97.0,106.0,1989,Jim Farmer-1989,0.0,Not Selected,Guard,UTA,0.04975609756097561
1988-89,Dave Feitl,feitlda01,C,26,WSB,57,36,828,6.7,15.3,0.436,0.0,0.1,0.0,6.7,15.2,0.43799999999999994,3.1,3.7,0.831,4.0,7.6,11.6,2.1,1.0,1.0,3.7,7.8,16.4,94.0,108.0,1989,Dave Feitl-1989,0.0,Not Selected,Center,WAS,0.03902439024390244
1988-89,Rolando Ferreira,ferrero01,C,24,POR,12,0,34,1.4,24.5,0.055999999999999994,0.0,0.0,0.0,1.4,24.5,0.055999999999999994,9.5,10.9,0.875,5.4,12.2,17.7,1.4,0.0,1.4,8.2,9.5,12.2,51.0,107.0,1989,Rolando Ferreira-1989,0.0,Not Selected,Center,POR,0.03804878048780488
1988-89,Duane Ferrell,ferredu01,SF,23,ATL,41,0,231,7.4,17.5,0.42200000000000004,0.0,0.0,0.0,7.4,17.5,0.42200000000000004,6.3,9.3,0.682,4.0,4.6,8.7,2.1,1.5,1.3,2.5,7.0,21.1,106.0,109.0,1989,Duane Ferrell-1989,0.0,Not Selected,Forward,ATL,0.050731707317073174
1988-89,Vern Fleming,flemive01,PG,26,IND,76,69,2552,7.9,15.4,0.515,0.1,0.4,0.13,7.9,15.0,0.526,4.6,5.8,0.799,1.6,4.3,5.9,9.4,1.5,0.2,3.6,4.0,20.6,114.0,113.0,1989,Vern Fleming-1989,0.0,Not Selected,Guard,IND,0.027317073170731707
1988-89,Sleepy Floyd,floydsl01,PG,28,HOU,82,82,2788,6.7,15.1,0.44299999999999995,1.8,4.9,0.373,4.9,10.2,0.478,4.4,5.2,0.845,0.8,4.4,5.2,12.0,2.1,0.2,4.3,3.3,19.7,112.0,107.0,1989,Sleepy Floyd-1989,0.0,Not Selected,Guard,HOU,0.04390243902439024
1988-89,Tellis Frank,frankte01,PF,23,GSW,32,2,245,6.2,16.6,0.374,0.0,0.2,0.0,6.2,16.4,0.37799999999999995,7.1,9.3,0.765,4.7,6.4,11.1,2.7,2.6,1.1,5.3,10.8,19.5,92.0,106.0,1989,Tellis Frank-1989,0.0,Not Selected,Forward,GSW,0.041951219512195125
1988-89,Anthony Frederick,fredean01,SF,24,IND,46,0,313,9.7,19.3,0.504,0.3,0.8,0.4,9.4,18.6,0.508,3.7,5.3,0.706,4.0,4.0,8.0,3.1,2.2,0.9,5.3,9.1,23.5,98.0,111.0,1989,Anthony Frederick-1989,0.0,Not Selected,Forward,IND,0.027317073170731707
1988-89,Corey Gaines,gaineco01,SG,23,NJN,32,0,337,3.8,9.1,0.42200000000000004,0.1,0.7,0.2,3.7,8.4,0.441,1.7,2.3,0.75,0.4,2.3,2.7,9.5,2.1,0.1,2.8,3.8,9.5,101.0,112.0,1989,Corey Gaines-1989,0.0,Not Selected,Guard,BRK,0.025365853658536587
1988-89,Kevin Gamble,gamblke01,SF,23,BOS,44,6,375,9.8,17.7,0.551,0.3,1.4,0.182,9.5,16.3,0.584,4.6,7.2,0.636,1.4,4.0,5.5,4.4,1.8,0.4,2.5,5.2,24.4,116.0,111.0,1989,Kevin Gamble-1989,0.0,Not Selected,Forward,BOS,0.04097560975609756
1988-89,Winston Garland,garlawi01,PG,24,GSW,79,79,2661,7.8,18.1,0.434,0.2,0.7,0.233,7.7,17.3,0.442,3.4,4.2,0.809,1.7,3.8,5.5,8.5,2.9,0.2,3.1,3.6,19.2,105.0,108.0,1989,Winston Garland-1989,0.0,Not Selected,Guard,GSW,0.041951219512195125
1988-89,Tom Garrick,garrito01,SG,22,LAC,71,20,1499,5.4,11.0,0.49,0.0,0.4,0.0,5.4,10.6,0.509,3.1,3.9,0.8029999999999999,1.1,3.6,4.8,7.5,2.4,0.3,3.6,4.3,13.9,103.0,112.0,1989,Tom Garrick-1989,0.0,Not Selected,Guard,LAC,0.02048780487804878
1988-89,Kenny Gattison,gattike01,PF,24,PHO,2,0,9,0.0,5.1,0.0,0.0,0.0,0.0,0.0,5.1,0.0,5.1,10.2,0.5,0.0,5.1,5.1,0.0,0.0,0.0,0.0,10.2,5.1,65.0,110.0,1989,Kenny Gattison-1989,0.0,Not Selected,Forward,PHO,0.05365853658536585
1988-89,Ben Gillery,gillebe01,C,23,SAC,24,0,84,3.4,10.8,0.316,0.0,0.0,0.0,3.4,10.8,0.316,7.4,13.1,0.565,4.0,9.1,13.1,1.1,1.1,2.3,2.8,16.5,14.2,91.0,107.0,1989,Ben Gillery-1989,0.0,Not Selected,Center,SAC,0.026341463414634145
1988-89,Armen Gilliam,gilliar01,PF,24,PHO,74,60,2120,10.1,20.1,0.503,0.0,0.0,0.0,10.1,20.1,0.503,5.2,7.0,0.743,3.6,8.1,11.7,1.1,1.2,0.6,3.0,3.8,25.5,108.0,106.0,1989,Armen Gilliam-1989,0.0,Not Selected,Forward,PHO,0.05365853658536585
1988-89,Mike Gminski,gminsmi01,C,29,PHI,82,82,2739,9.9,20.7,0.47700000000000004,0.0,0.1,0.0,9.9,20.6,0.479,5.3,6.1,0.871,3.8,9.9,13.7,2.5,0.8,1.9,2.3,2.5,25.1,113.0,110.0,1989,Mike Gminski-1989,0.0,Not Selected,Center,PHI,0.0448780487804878
1988-89,Grant Gondrezick,gondrgr01,SG,26,LAC,27,0,244,7.2,17.9,0.4,0.6,2.1,0.273,6.6,15.8,0.41700000000000004,4.9,7.5,0.65,2.8,4.0,6.8,6.4,2.4,0.2,3.2,6.8,19.8,99.0,111.0,1989,Grant Gondrezick-1989,0.0,Not Selected,Guard,LAC,0.02048780487804878
1988-89,Orlando Graham,grahaor01,PF,23,GSW,7,0,22,6.1,20.3,0.3,0.0,0.0,0.0,6.1,20.3,0.3,4.1,8.1,0.5,16.3,6.1,22.4,0.0,0.0,0.0,4.1,12.2,16.3,90.0,112.0,1989,Orlando Graham-1989,0.0,Not Selected,Forward,GSW,0.041951219512195125
1988-89,Ron Grandison,grandro01,PF,24,BOS,72,0,528,5.5,13.2,0.415,0.0,0.9,0.0,5.5,12.2,0.447,5.5,7.4,0.738,4.4,4.2,8.5,3.9,1.7,0.3,3.3,6.6,16.4,104.0,111.0,1989,Ron Grandison-1989,0.0,Not Selected,Forward,BOS,0.04097560975609756
1988-89,Gary Grant,grantga01,PG,23,LAC,71,48,1924,8.6,19.8,0.435,0.1,0.5,0.22699999999999998,8.5,19.3,0.441,2.8,3.9,0.735,1.9,3.8,5.7,12.1,3.4,0.2,6.2,4.1,20.2,93.0,109.0,1989,Gary Grant-1989,0.0,Not Selected,Guard,LAC,0.02048780487804878
1988-89,Harvey Grant,grantha01,PF,23,WSB,71,1,1193,7.2,15.6,0.46399999999999997,0.0,0.0,0.0,7.2,15.5,0.465,1.4,2.3,0.596,3.0,3.5,6.5,3.2,1.4,1.2,1.1,5.9,15.8,108.0,110.0,1989,Harvey Grant-1989,0.0,Not Selected,Forward,WAS,0.03902439024390244
1988-89,Horace Grant,grantho01,PF,23,CHI,79,79,2809,7.1,13.8,0.519,0.0,0.1,0.0,7.1,13.7,0.522,2.5,3.5,0.7040000000000001,4.2,7.8,12.0,3.0,1.5,1.1,2.3,4.4,16.7,112.0,107.0,1989,Horace Grant-1989,0.0,Not Selected,Forward,CHI,0.045853658536585365
1988-89,Stuart Gray,grayst01,C,25,IND,72,0,783,4.4,9.5,0.47100000000000003,0.0,0.1,0.0,4.4,9.4,0.474,2.7,4.0,0.688,5.2,10.0,15.1,1.8,0.7,1.3,3.0,7.9,11.6,102.0,109.0,1989,Stuart Gray-1989,0.0,Not Selected,Center,IND,0.027317073170731707
1988-89,Sylvester Gray,graysy01,SF,21,MIA,55,15,1220,6.6,15.8,0.42,0.0,0.2,0.25,6.6,15.6,0.42100000000000004,4.2,6.2,0.6729999999999999,4.6,6.7,11.4,4.6,1.4,1.0,4.1,5.7,17.5,96.0,109.0,1989,Sylvester Gray-1989,0.0,Not Selected,Forward,MIA,0.014634146341463415
1988-89,Jeff Grayer,grayeje01,SG,23,MIL,11,2,200,7.8,17.8,0.43799999999999994,0.0,0.5,0.0,7.8,17.3,0.451,4.1,4.9,0.85,3.4,5.1,8.5,5.4,2.4,0.2,4.6,3.7,19.7,98.0,107.0,1989,Jeff Grayer-1989,0.0,Not Selected,Guard,MIL,0.04780487804878049
1988-89,A.C. Green,greenac01,PF,25,LAL,82,82,2510,7.7,14.5,0.529,0.1,0.3,0.235,7.6,14.2,0.536,5.4,6.9,0.7859999999999999,4.9,9.2,14.1,2.0,1.8,1.1,2.3,3.3,20.8,122.0,105.0,1989,A.C. Green-1989,0.0,Not Selected,Forward,LAL,0.055609756097560976
1988-89,Rickey Green,greenri01,PG,34,TOT,63,2,871,7.2,14.7,0.489,0.2,0.6,0.273,7.0,14.0,0.498,1.7,1.8,0.909,0.6,3.2,3.8,10.4,2.2,0.1,3.4,1.9,16.2,106.0,111.0,1989,Rickey Green-1989,0.0,Not Selected,Guard,TOT,0.03333333333333334
1988-89,Sidney Green,greensi02,PF,28,NYK,82,0,1277,7.0,15.2,0.46,0.0,0.1,0.0,7.0,15.1,0.46299999999999997,4.6,6.1,0.759,5.7,8.5,14.2,2.7,1.7,0.6,4.5,6.2,18.6,102.0,106.0,1989,Sidney Green-1989,0.0,Not Selected,Forward,NYK,0.050731707317073174
1988-89,Dave Greenwood,greenda01,PF,31,TOT,67,18,1403,5.4,12.8,0.423,0.0,0.0,0.0,5.4,12.8,0.423,4.3,5.7,0.75,4.5,8.5,13.1,3.1,1.5,1.7,3.0,6.5,15.1,102.0,106.0,1989,Dave Greenwood-1989,0.0,Not Selected,Forward,TOT,0.03333333333333334
1988-89,Darrell Griffith,griffda01,SG,30,UTA,82,73,2382,9.6,21.5,0.446,1.3,4.0,0.311,8.3,17.5,0.47700000000000004,2.9,3.7,0.78,1.6,5.2,6.8,2.7,1.8,0.5,2.9,3.6,23.3,100.0,104.0,1989,Darrell Griffith-1989,0.0,Not Selected,Guard,UTA,0.04975609756097561
1988-89,Pétur Guðmundsson,gudmupe01,C,30,SAS,5,3,70,5.9,16.5,0.36,0.0,0.0,0.0,5.9,16.5,0.36,2.0,2.6,0.75,3.3,7.2,10.5,3.3,0.7,0.7,5.3,9.9,13.8,76.0,110.0,1989,Pétur Guðmundsson-1989,0.0,Not Selected,Center,SAS,0.02048780487804878
1988-89,Jack Haley,haleyja01,PF,25,CHI,51,1,289,6.3,13.4,0.474,0.0,0.0,0.0,6.3,13.4,0.474,6.2,7.9,0.7829999999999999,3.6,8.6,12.2,1.7,1.9,0.0,4.5,9.6,18.8,100.0,107.0,1989,Jack Haley-1989,0.0,Not Selected,Forward,CHI,0.045853658536585365
1988-89,Bob Hansen,hansebo01,SG,28,UTA,46,9,964,7.1,15.2,0.467,1.0,2.7,0.35200000000000004,6.1,12.5,0.49200000000000005,2.1,3.8,0.56,1.5,5.0,6.5,2.5,1.9,0.3,2.2,5.3,17.3,101.0,103.0,1989,Bob Hansen-1989,0.0,Not Selected,Guard,UTA,0.04975609756097561
1988-89,Bill Hanzlik,hanzlbi01,PF,31,DEN,41,0,701,4.2,9.6,0.43700000000000006,0.1,0.3,0.2,4.1,9.3,0.445,4.3,5.5,0.782,1.1,4.8,5.9,5.5,1.6,0.3,3.4,5.2,12.8,100.0,109.0,1989,Bill Hanzlik-1989,0.0,Not Selected,Forward,DEN,0.042926829268292686
1988-89,Derek Harper,harpede01,PG,27,DAL,81,81,2968,9.1,19.0,0.47700000000000004,1.7,4.7,0.35600000000000004,7.4,14.3,0.517,3.9,4.8,0.8059999999999999,0.8,3.1,3.8,9.6,2.9,0.7,3.5,3.7,23.7,113.0,109.0,1989,Derek Harper-1989,0.0,Not Selected,Guard,DAL,0.037073170731707315
1988-89,Ron Harper,harpero01,SG,25,CLE,82,82,2851,10.1,19.7,0.511,0.5,2.0,0.25,9.6,17.7,0.54,5.5,7.4,0.7509999999999999,2.1,4.9,7.0,7.5,3.2,1.3,4.0,3.8,26.2,112.0,102.0,1989,Ron Harper-1989,0.0,Not Selected,Guard,CLE,0.055609756097560976
1988-89,Steve Harris,harrist01,SG,25,DET,3,0,7,7.2,28.7,0.25,0.0,0.0,0.0,7.2,28.7,0.25,14.4,14.4,1.0,0.0,14.4,14.4,0.0,7.2,0.0,0.0,7.2,28.7,102.0,88.0,1989,Steve Harris-1989,0.0,Not Selected,Guard,DET,0.06146341463414634
1988-89,Scott Hastings,hastisc01,C,28,MIA,75,6,1206,5.7,13.2,0.436,0.4,1.1,0.321,5.4,12.1,0.447,3.7,4.3,0.85,2.9,6.4,9.3,2.4,1.3,1.7,2.7,8.2,15.5,103.0,109.0,1989,Scott Hastings-1989,0.0,Not Selected,Center,MIA,0.014634146341463415
1988-89,Hersey Hawkins,hawkihe01,SG,22,PHI,79,79,2577,8.4,18.4,0.455,1.3,3.1,0.428,7.0,15.2,0.461,4.6,5.5,0.831,1.0,3.3,4.3,4.5,2.3,0.7,3.0,3.5,22.6,108.0,112.0,1989,Hersey Hawkins-1989,0.0,Not Selected,Guard,PHI,0.0448780487804878
1988-89,Gerald Henderson,hendege01,PG,33,PHI,65,0,986,7.1,17.2,0.414,1.6,5.3,0.308,5.5,11.9,0.461,5.1,6.3,0.8190000000000001,0.8,2.5,3.4,6.9,2.1,0.1,3.6,6.0,21.0,106.0,114.0,1989,Gerald Henderson-1989,0.0,Not Selected,Guard,PHI,0.0448780487804878
1988-89,Rod Higgins,higgiro01,PF,29,GSW,81,1,1887,7.1,15.0,0.47600000000000003,1.6,4.0,0.39299999999999996,5.6,11.0,0.505,4.5,5.4,0.821,2.6,6.3,8.9,3.8,0.9,1.0,1.8,4.1,20.3,123.0,110.0,1989,Rod Higgins-1989,0.0,Not Selected,Forward,GSW,0.041951219512195125
1988-89,Roy Hinson,hinsoro01,SF,27,NJN,82,39,2542,9.3,19.4,0.48200000000000004,0.0,0.0,0.0,9.3,19.3,0.483,6.0,7.9,0.757,2.9,7.0,9.8,1.3,0.6,2.3,3.1,5.6,24.7,107.0,110.0,1989,Roy Hinson-1989,0.0,Not Selected,Forward,BRK,0.025365853658536587
1988-89,Craig Hodges,hodgecr01,SG,28,TOT,59,6,1204,8.3,17.6,0.47200000000000003,3.1,7.4,0.41700000000000004,5.2,10.2,0.512,2.0,2.3,0.8420000000000001,0.9,2.7,3.6,6.0,1.8,0.2,2.3,3.7,21.6,116.0,111.0,1989,Craig Hodges-1989,0.0,Not Selected,Guard,TOT,0.03333333333333334
1988-89,Mike Holton,holtomi01,PG,27,CHH,67,60,1696,6.1,14.2,0.42700000000000005,0.1,0.4,0.214,6.0,13.8,0.433,3.4,4.0,0.8390000000000001,0.8,2.1,3.0,12.0,1.9,0.3,3.4,4.7,15.6,104.0,114.0,1989,Mike Holton-1989,0.0,Not Selected,Guard,CHO,0.01951219512195122
1988-89,Dave Hoppen,hoppeda01,C,24,CHH,77,36,1419,6.7,11.9,0.564,0.0,0.1,0.5,6.7,11.8,0.564,3.4,4.7,0.727,4.1,8.8,13.0,1.9,0.8,0.7,2.6,8.1,16.9,113.0,111.0,1989,Dave Hoppen-1989,0.0,Not Selected,Center,CHO,0.01951219512195122
1988-89,Dennis Hopson,hopsode01,SG,23,NJN,62,36,1551,9.2,22.1,0.419,0.1,0.8,0.14800000000000002,9.1,21.2,0.429,5.8,6.8,0.8490000000000001,2.8,3.4,6.2,3.2,2.2,0.9,3.2,4.6,24.4,102.0,110.0,1989,Dennis Hopson-1989,0.0,Not Selected,Guard,BRK,0.025365853658536587
1988-89,Tito Horford,horfoti01,C,23,MIL,25,0,112,6.5,20.0,0.326,0.0,0.0,0.0,6.5,20.0,0.326,5.2,8.3,0.632,3.9,5.7,9.6,1.3,0.4,3.0,6.5,6.1,18.3,73.0,108.0,1989,Tito Horford-1989,0.0,Not Selected,Center,MIL,0.04780487804878049
1988-89,Jeff Hornacek,hornaje01,SG,25,PHO,78,73,2487,8.1,16.4,0.495,0.5,1.5,0.33299999999999996,7.6,14.9,0.511,2.7,3.3,0.826,1.4,3.5,4.9,8.6,2.4,0.1,2.1,3.5,19.5,118.0,107.0,1989,Jeff Hornacek-1989,0.0,Not Selected,Guard,PHO,0.05365853658536585
1988-89,Phil Hubbard,hubbaph01,SF,32,CLE,31,0,191,7.2,16.2,0.444,0.0,0.0,0.0,7.2,16.2,0.444,4.4,6.4,0.68,3.6,6.7,10.3,2.8,1.5,0.0,2.3,5.1,18.7,105.0,105.0,1989,Phil Hubbard-1989,0.0,Not Selected,Forward,CLE,0.055609756097560976
1988-89,Eddie Hughes,hugheed01,PG,28,DEN,26,1,224,5.6,12.8,0.43799999999999994,1.4,4.4,0.318,4.2,8.4,0.5,1.4,2.4,0.583,1.2,2.6,3.8,7.0,3.4,0.4,2.2,6.0,14.0,107.0,106.0,1989,Eddie Hughes-1989,0.0,Not Selected,Guard,DEN,0.042926829268292686
1988-89,Jay Humphries,humphja01,PG,26,MIL,73,50,2220,7.6,15.7,0.483,0.5,2.1,0.266,7.0,13.6,0.516,2.8,3.5,0.816,1.5,2.6,4.1,8.9,3.1,0.1,3.5,4.1,18.5,109.0,107.0,1989,Jay Humphries-1989,0.0,Not Selected,Guard,MIL,0.04780487804878049
1988-89,Marc Iavaroni,iavarma01,PF,32,UTA,77,50,796,4.4,10.0,0.442,0.0,0.1,0.0,4.4,10.0,0.444,2.2,2.7,0.818,2.5,5.6,8.1,2.0,0.7,0.8,3.2,6.1,11.1,91.0,105.0,1989,Marc Iavaroni-1989,0.0,Not Selected,Forward,UTA,0.04975609756097561
1988-89,Mark Jackson,jacksma01,PG,23,NYK,72,72,2477,8.9,19.0,0.467,1.5,4.5,0.33799999999999997,7.4,14.6,0.507,3.3,4.8,0.698,2.0,4.4,6.3,11.5,2.6,0.1,4.2,3.0,22.6,113.0,108.0,1989,Mark Jackson-1989,0.0,Not Selected,Guard,NYK,0.050731707317073174
1988-89,Michael Jackson,jacksmi02,PG,24,SAC,14,0,70,6.1,16.4,0.375,1.4,4.1,0.33299999999999996,4.8,12.3,0.389,0.7,1.4,0.5,0.7,2.0,2.7,7.5,2.0,0.0,2.7,8.2,14.3,93.0,112.0,1989,Michael Jackson-1989,0.0,Not Selected,Guard,SAC,0.026341463414634145
1988-89,Avery Johnson,johnsav01,PG,23,SEA,43,0,291,4.8,13.7,0.349,0.2,1.5,0.111,4.6,12.2,0.37799999999999995,1.5,2.6,0.563,1.8,2.1,4.0,12.0,3.5,0.5,3.0,5.6,11.2,99.0,109.0,1989,Avery Johnson-1989,0.0,Not Selected,Guard,OKC,0.045853658536585365
1988-89,Buck Johnson,johnsbu01,SF,25,HOU,67,51,1850,6.9,13.1,0.524,0.0,0.2,0.111,6.9,12.9,0.532,2.6,3.4,0.754,2.9,4.4,7.3,3.2,1.6,0.9,2.8,5.4,16.4,108.0,107.0,1989,Buck Johnson-1989,0.0,Not Selected,Forward,HOU,0.04390243902439024
1988-89,Dennis Johnson,johnsde01,PG,34,BOS,72,72,2309,5.9,13.5,0.434,0.1,1.1,0.14,5.7,12.5,0.45899999999999996,3.4,4.1,0.821,0.7,3.4,4.0,10.0,2.0,0.4,3.7,4.5,15.3,103.0,111.0,1989,Dennis Johnson-1989,0.0,Not Selected,Guard,BOS,0.04097560975609756
1988-89,Eddie Johnson,johnsed03,SF,29,PHO,70,7,2043,13.7,27.5,0.49700000000000005,1.6,3.9,0.413,12.1,23.7,0.51,4.9,5.6,0.868,2.0,4.8,6.9,3.6,1.1,0.2,2.7,4.5,33.8,113.0,109.0,1989,Eddie Johnson-1989,0.0,Not Selected,Forward,PHO,0.05365853658536585
1988-89,Frank Johnson,johnsfr01,PG,30,HOU,67,0,879,5.8,13.2,0.44299999999999995,0.1,0.3,0.16699999999999998,5.8,12.9,0.45,4.0,5.0,0.8059999999999999,1.2,3.1,4.2,9.7,2.3,0.0,5.5,4.9,15.8,96.0,107.0,1989,Frank Johnson-1989,0.0,Not Selected,Guard,HOU,0.04390243902439024
1988-89,Kevin Johnson,johnske02,PG,22,PHO,81,81,3179,8.2,16.3,0.505,0.0,0.3,0.091,8.2,16.0,0.514,7.3,8.3,0.882,0.7,4.2,4.9,14.3,2.0,0.3,4.7,3.3,23.8,118.0,107.0,1989,Kevin Johnson-1989,2.0,2nd,Guard,PHO,0.05365853658536585
1988-89,Magic Johnson,johnsma02,PG,29,LAL,77,77,2886,9.6,18.9,0.509,1.0,3.1,0.314,8.6,15.8,0.5479999999999999,8.5,9.4,0.9109999999999999,1.8,8.2,10.1,16.4,2.3,0.4,5.2,2.9,28.7,125.0,105.0,1989,Magic Johnson-1989,1.0,1st,Guard,LAL,0.055609756097560976
1988-89,Steve Johnson,johnsst03,C,31,POR,72,11,1477,9.3,17.7,0.524,0.0,0.0,0.0,9.3,17.7,0.524,4.0,7.7,0.527,4.2,7.0,11.2,3.3,0.6,1.4,4.4,7.9,22.5,102.0,109.0,1989,Steve Johnson-1989,0.0,Not Selected,Center,POR,0.03804878048780488
1988-89,Vinnie Johnson,johnsvi01,SG,32,DET,82,21,2073,11.2,24.2,0.46399999999999997,0.3,1.1,0.295,10.9,23.1,0.47200000000000003,4.7,6.4,0.7340000000000001,2.6,3.5,6.2,5.9,1.8,0.4,2.5,3.8,27.4,111.0,107.0,1989,Vinnie Johnson-1989,0.0,Not Selected,Guard,DET,0.06146341463414634
1988-89,Anthony Jones,jonesan01,SG,26,TOT,33,0,196,7.4,20.1,0.36700000000000005,1.0,4.1,0.25,6.4,16.0,0.397,3.6,4.1,0.875,3.6,3.6,7.1,4.3,2.8,0.8,1.3,5.1,19.3,104.0,108.0,1989,Anthony Jones-1989,0.0,Not Selected,Guard,TOT,0.03333333333333334
1988-89,Bill Jones,jonesbi01,PF,22,NJN,37,0,307,7.8,15.9,0.49,0.0,0.2,0.0,7.8,15.8,0.495,4.5,6.7,0.674,3.1,4.2,7.3,3.1,2.7,0.9,2.8,5.9,20.2,107.0,109.0,1989,Bill Jones-1989,0.0,Not Selected,Forward,BRK,0.025365853658536587
1988-89,Caldwell Jones,jonesca01,PF,38,POR,72,40,1279,2.8,6.6,0.42100000000000004,0.0,0.0,0.0,2.8,6.6,0.423,1.7,2.2,0.787,3.2,7.7,10.8,2.1,0.9,3.1,3.0,6.0,7.3,90.0,107.0,1989,Caldwell Jones-1989,0.0,Not Selected,Forward,POR,0.03804878048780488
1988-89,Charles Jones,jonesch01,C,31,WSB,53,45,1154,2.5,5.2,0.48,0.0,0.0,0.0,2.5,5.1,0.484,0.7,1.0,0.64,3.2,7.4,10.6,1.7,1.6,3.1,1.6,7.7,5.6,102.0,105.0,1989,Charles Jones-1989,0.0,Not Selected,Center,WAS,0.03902439024390244
1988-89,Shelton Jones,jonessh01,SF,22,TOT,51,34,682,6.6,14.8,0.445,0.0,0.1,0.0,6.6,14.7,0.447,4.1,5.7,0.725,2.3,5.7,8.0,3.0,1.5,1.1,3.3,4.1,17.3,98.0,111.0,1989,Shelton Jones-1989,0.0,Not Selected,Forward,TOT,0.03333333333333334
1988-89,Michael Jordan,jordami01,SG,25,CHI,81,81,3255,14.7,27.3,0.5379999999999999,0.4,1.5,0.276,14.3,25.8,0.5529999999999999,10.2,12.1,0.85,2.3,7.6,9.9,9.9,3.6,1.0,4.4,3.8,40.0,123.0,103.0,1989,Michael Jordan-1989,1.0,1st,Guard,CHI,0.045853658536585365
1988-89,Tim Kempton,kemptti01,PF,25,CHH,79,0,1341,6.1,12.0,0.51,0.0,0.0,0.0,6.1,11.9,0.512,5.1,7.4,0.6859999999999999,3.2,7.6,10.9,3.6,1.5,0.5,4.3,7.7,17.3,100.0,111.0,1989,Tim Kempton-1989,0.0,Not Selected,Forward,CHO,0.01951219512195122
1988-89,Steve Kerr,kerrst01,PG,23,PHO,26,0,157,5.9,13.5,0.435,2.3,5.0,0.47100000000000003,3.5,8.5,0.414,1.8,2.6,0.667,0.9,4.1,5.0,7.0,2.0,0.0,1.8,3.5,15.8,116.0,107.0,1989,Steve Kerr-1989,0.0,Not Selected,Guard,PHO,0.05365853658536585
1988-89,Jerome Kersey,kerseje01,SF,26,POR,76,76,2716,9.1,19.3,0.469,0.1,0.4,0.28600000000000003,9.0,19.0,0.47200000000000003,4.4,6.3,0.6940000000000001,4.2,6.5,10.7,4.1,2.3,1.4,2.8,4.7,22.6,110.0,106.0,1989,Jerome Kersey-1989,0.0,Not Selected,Forward,POR,0.03804878048780488
1988-89,Randolph Keys,keysra01,SF,22,CLE,42,0,331,10.9,25.4,0.43,0.1,1.5,0.1,10.8,24.0,0.451,3.0,4.3,0.69,3.4,4.9,8.3,2.8,1.8,0.9,3.1,7.5,25.0,95.0,105.0,1989,Randolph Keys-1989,0.0,Not Selected,Forward,CLE,0.055609756097560976
1988-89,Albert King,kingal01,SF,29,SAS,46,11,791,8.2,19.1,0.431,0.5,1.9,0.25,7.7,17.2,0.451,2.2,2.8,0.7709999999999999,1.9,6.2,8.2,4.6,1.6,0.4,4.3,5.7,19.1,91.0,109.0,1989,Albert King-1989,0.0,Not Selected,Forward,SAS,0.02048780487804878
1988-89,Bernard King,kingbe01,SF,32,WSB,81,81,2559,12.2,25.5,0.47700000000000004,0.1,0.6,0.16699999999999998,12.1,24.9,0.484,6.7,8.2,0.8190000000000001,2.5,4.7,7.1,5.5,1.2,0.2,4.2,4.1,31.1,107.0,111.0,1989,Bernard King-1989,0.0,Not Selected,Forward,WAS,0.03902439024390244
1988-89,Greg Kite,kitegr01,C,27,TOT,70,24,942,3.2,7.4,0.43,0.0,0.0,0.0,3.2,7.4,0.43,1.0,2.0,0.488,4.0,8.0,12.0,1.8,1.3,2.7,2.9,7.9,7.4,86.0,109.0,1989,Greg Kite-1989,0.0,Not Selected,Center,TOT,0.03333333333333334
1988-89,Joe Kleine,kleinjo01,C,27,TOT,75,13,1411,6.0,14.7,0.405,0.0,0.1,0.0,6.0,14.7,0.40700000000000003,4.6,5.2,0.882,4.2,8.7,12.9,2.3,1.1,0.8,3.6,6.6,16.5,98.0,109.0,1989,Joe Kleine-1989,0.0,Not Selected,Center,TOT,0.03333333333333334
1988-89,Bart Kofoed,kofoeba01,SG,24,UTA,19,0,176,3.3,9.2,0.364,0.0,0.3,0.0,3.3,8.9,0.375,1.7,3.1,0.545,1.1,1.9,3.1,5.6,2.5,0.0,3.6,6.1,8.4,80.0,105.0,1989,Bart Kofoed-1989,0.0,Not Selected,Guard,UTA,0.04975609756097561
1988-89,Jon Koncak,koncajo01,C,25,ATL,74,22,1531,4.5,8.6,0.524,0.0,0.1,0.0,4.5,8.5,0.53,2.0,3.6,0.5529999999999999,4.7,9.8,14.4,1.8,1.7,3.1,1.9,7.6,11.0,112.0,103.0,1989,Jon Koncak-1989,0.0,Not Selected,Center,ATL,0.050731707317073174
1988-89,Larry Krystkowiak,krystla01,PF,24,MIL,80,77,2472,7.1,15.1,0.473,0.1,0.2,0.33299999999999996,7.1,14.9,0.475,5.7,6.9,0.823,3.9,8.1,12.0,2.1,1.8,0.2,2.9,4.3,20.0,111.0,106.0,1989,Larry Krystkowiak-1989,0.0,Not Selected,Forward,MIL,0.04780487804878049
1988-89,Bill Laimbeer,laimbbi01,C,31,DET,81,81,2640,8.5,17.1,0.499,0.6,1.6,0.349,8.0,15.5,0.515,3.4,4.0,0.84,2.6,12.1,14.8,3.4,1.0,1.9,2.5,4.9,21.1,114.0,101.0,1989,Bill Laimbeer-1989,0.0,Not Selected,Center,DET,0.06146341463414634
1988-89,Jeff Lamp,lampje01,SF,29,LAL,37,0,176,7.4,18.8,0.391,0.5,1.1,0.5,6.8,17.7,0.385,1.1,1.4,0.8,1.6,7.6,9.3,4.1,2.2,0.5,4.4,7.4,16.3,83.0,105.0,1989,Jeff Lamp-1989,0.0,Not Selected,Forward,LAL,0.055609756097560976
1988-89,Jerome Lane,laneje01,PF,22,DEN,54,1,550,8.8,20.8,0.426,0.0,0.6,0.0,8.8,20.2,0.43799999999999994,3.5,9.1,0.384,7.1,9.2,16.2,4.9,1.6,0.3,4.1,8.5,21.2,93.0,106.0,1989,Jerome Lane-1989,0.0,Not Selected,Forward,DEN,0.042926829268292686
1988-89,Andrew Lang,langan01,C,22,PHO,62,25,526,5.2,10.2,0.513,0.0,0.0,0.0,5.2,10.2,0.513,3.4,5.2,0.65,4.7,8.1,12.8,0.8,1.5,4.2,2.4,9.8,13.9,109.0,102.0,1989,Andrew Lang-1989,0.0,Not Selected,Center,PHO,0.05365853658536585
1988-89,Allen Leavell,leaveal01,SG,31,HOU,55,3,627,4.9,14.1,0.34600000000000003,0.4,3.1,0.122,4.5,11.1,0.408,3.3,4.5,0.733,1.0,3.0,4.0,9.6,1.9,0.4,4.7,4.6,13.5,88.0,108.0,1989,Allen Leavell-1989,0.0,Not Selected,Guard,HOU,0.04390243902439024
1988-89,Eric Leckner,leckner01,C,22,UTA,75,0,779,7.5,13.8,0.545,0.0,0.0,0.0,7.5,13.8,0.545,5.0,7.1,0.6990000000000001,3.0,9.5,12.5,1.0,0.5,1.4,4.3,10.9,20.1,101.0,102.0,1989,Eric Leckner-1989,0.0,Not Selected,Center,UTA,0.04975609756097561
1988-89,Keith Lee,leeke01,PF,26,NJN,57,4,840,6.2,14.7,0.42200000000000004,0.0,0.1,0.0,6.2,14.6,0.426,3.0,4.1,0.746,4.2,10.6,14.8,2.4,1.1,1.9,3.0,7.9,15.5,97.0,107.0,1989,Keith Lee-1989,0.0,Not Selected,Forward,BRK,0.025365853658536587
1988-89,Jim Les,lesji01,PG,25,UTA,82,0,781,2.5,8.3,0.301,0.1,0.9,0.071,2.4,7.5,0.32799999999999996,3.6,4.6,0.7809999999999999,1.4,4.0,5.5,13.5,1.7,0.3,5.5,5.5,8.7,89.0,105.0,1989,Jim Les-1989,0.0,Not Selected,Guard,UTA,0.04975609756097561
1988-89,Fat Lever,leverfa01,SG,28,DEN,71,71,2745,9.1,19.9,0.457,0.4,1.1,0.348,8.7,18.8,0.46299999999999997,4.4,5.6,0.785,3.0,7.7,10.8,9.1,3.2,0.3,2.6,2.9,22.9,113.0,104.0,1989,Fat Lever-1989,0.0,Not Selected,Guard,DEN,0.042926829268292686
1988-89,Cliff Levingston,levincl01,PF,28,ATL,80,52,2184,6.7,12.7,0.528,0.0,0.1,0.2,6.7,12.6,0.531,3.0,4.3,0.696,4.3,6.8,11.1,1.7,2.2,1.6,2.3,6.0,16.4,114.0,106.0,1989,Cliff Levingston-1989,0.0,Not Selected,Forward,ATL,0.050731707317073174
1988-89,Ralph Lewis,lewisra01,SF,25,CHH,42,0,336,8.3,17.2,0.479,0.1,0.4,0.33299999999999996,8.1,16.8,0.483,2.7,5.6,0.48700000000000004,5.0,3.7,8.7,2.1,1.6,0.4,3.4,4.0,19.4,96.0,114.0,1989,Ralph Lewis-1989,0.0,Not Selected,Forward,CHO,0.01951219512195122
1988-89,Reggie Lewis,lewisre01,SF,23,BOS,81,57,2657,11.1,22.9,0.486,0.1,0.4,0.136,11.1,22.5,0.493,5.2,6.6,0.787,2.1,4.8,6.9,4.0,2.3,1.3,2.6,4.7,27.5,111.0,109.0,1989,Reggie Lewis-1989,0.0,Not Selected,Forward,BOS,0.04097560975609756
1988-89,Alton Lister,listeal01,C,30,SEA,82,82,1806,7.2,14.4,0.499,0.0,0.0,0.0,7.2,14.4,0.499,3.1,4.7,0.6459999999999999,5.5,9.0,14.5,1.4,0.7,4.8,3.1,8.2,17.4,107.0,106.0,1989,Alton Lister-1989,0.0,Not Selected,Center,OKC,0.045853658536585365
1988-89,Rob Lock,lockro01,PF,22,LAC,20,0,110,3.8,13.4,0.281,0.0,0.0,0.0,3.8,13.4,0.281,5.0,6.3,0.8,5.8,7.5,13.4,1.7,1.3,1.7,5.4,6.3,12.5,77.0,110.0,1989,Rob Lock-1989,0.0,Not Selected,Forward,LAC,0.02048780487804878
1988-89,Brad Lohaus,lohaubr01,PF,24,TOT,77,25,1214,8.4,19.4,0.43200000000000005,0.0,0.4,0.091,8.3,19.0,0.44,3.2,4.1,0.7859999999999999,3.4,6.9,10.2,2.6,1.2,2.2,3.1,6.4,20.0,97.0,109.0,1989,Brad Lohaus-1989,0.0,Not Selected,Forward,TOT,0.03333333333333334
1988-89,Grant Long,longgr01,PF,22,MIA,82,73,2435,6.7,13.8,0.486,0.0,0.1,0.0,6.7,13.7,0.489,6.0,8.1,0.7490000000000001,4.8,6.1,10.9,3.0,2.4,1.0,4.0,6.7,19.4,106.0,107.0,1989,Grant Long-1989,0.0,Not Selected,Forward,MIA,0.014634146341463415
1988-89,John Long,longjo01,SG,32,TOT,68,1,919,7.8,19.0,0.409,0.4,1.1,0.4,7.4,18.0,0.41,3.7,4.0,0.9209999999999999,1.0,3.1,4.1,4.2,1.5,0.2,3.0,4.5,19.7,97.0,113.0,1989,John Long-1989,0.0,Not Selected,Guard,TOT,0.03333333333333334
1988-89,Sidney Lowe,lowesi01,SG,29,CHH,14,0,250,1.5,4.8,0.32,0.0,0.4,0.0,1.5,4.4,0.348,1.3,2.1,0.636,1.1,5.4,6.5,17.8,2.7,0.0,1.7,5.4,4.4,122.0,111.0,1989,Sidney Lowe-1989,0.0,Not Selected,Guard,CHO,0.01951219512195122
1988-89,John Lucas,lucasjo01,PG,35,SEA,74,8,842,6.8,17.0,0.39799999999999996,1.0,3.9,0.265,5.8,13.2,0.43700000000000006,3.1,4.4,0.701,1.3,3.2,4.5,14.8,3.4,0.1,3.8,3.0,17.7,110.0,109.0,1989,John Lucas-1989,0.0,Not Selected,Guard,OKC,0.045853658536585365
1988-89,Rick Mahorn,mahorri01,PF,30,DET,72,61,1795,5.7,11.0,0.517,0.0,0.1,0.0,5.7,11.0,0.519,3.2,4.3,0.748,3.9,9.9,13.9,1.7,1.1,1.8,2.7,5.8,14.6,109.0,102.0,1989,Rick Mahorn-1989,0.0,Not Selected,Forward,DET,0.06146341463414634
1988-89,Dan Majerle,majerda01,SG,23,PHO,54,5,1354,6.1,14.7,0.419,0.9,2.8,0.32899999999999996,5.2,11.9,0.44,2.6,4.3,0.614,2.1,5.0,7.1,4.4,2.1,0.5,1.6,4.7,15.8,106.0,106.0,1989,Dan Majerle-1989,0.0,Not Selected,Guard,PHO,0.05365853658536585
1988-89,Jeff Malone,malonje01,SG,27,WSB,76,75,2418,13.3,27.8,0.48,0.0,0.4,0.053,13.3,27.4,0.486,5.8,6.7,0.871,1.1,2.4,3.5,4.3,0.8,0.3,3.2,3.1,32.5,107.0,113.0,1989,Jeff Malone-1989,0.0,Not Selected,Guard,WAS,0.03902439024390244
1988-89,Karl Malone,malonka01,PF,25,UTA,80,80,3126,12.7,24.4,0.519,0.1,0.3,0.313,12.6,24.2,0.521,11.0,14.4,0.7659999999999999,4.1,9.3,13.4,3.4,2.3,1.1,4.5,4.5,36.5,115.0,99.0,1989,Karl Malone-1989,1.0,1st,Forward,UTA,0.04975609756097561
1988-89,Moses Malone,malonmo01,C,33,ATL,81,80,2878,9.1,18.6,0.491,0.0,0.2,0.0,9.1,18.4,0.496,9.5,12.1,0.789,6.5,9.7,16.2,1.9,1.3,1.7,4.2,2.6,27.8,116.0,105.0,1989,Moses Malone-1989,0.0,Not Selected,Center,ATL,0.050731707317073174
1988-89,Danny Manning,mannida01,PF,22,LAC,26,18,950,8.6,17.3,0.494,0.0,0.2,0.2,8.5,17.1,0.499,3.8,5.0,0.767,3.4,4.9,8.3,3.9,2.1,1.2,4.5,4.3,21.0,99.0,110.0,1989,Danny Manning-1989,0.0,Not Selected,Forward,LAC,0.02048780487804878
1988-89,Pace Mannion,mannipa01,SF,28,TOT,10,0,32,6.2,12.4,0.5,0.0,3.1,0.0,6.2,9.3,0.667,0.0,0.0,0.0,0.0,7.7,7.7,3.1,4.6,0.0,4.6,7.7,12.4,76.0,100.0,1989,Pace Mannion-1989,0.0,Not Selected,Forward,TOT,0.03333333333333334
1988-89,Vernon Maxwell,maxweve01,SG,23,SAS,79,36,2065,8.0,18.5,0.43200000000000005,0.7,2.9,0.248,7.3,15.6,0.466,4.0,5.4,0.745,1.1,3.4,4.5,6.7,1.9,0.2,4.0,3.0,20.7,100.0,111.0,1989,Vernon Maxwell-1989,0.0,Not Selected,Guard,SAS,0.02048780487804878
1988-89,Tim McCormick,mccorti01,C,26,HOU,81,0,1257,6.3,13.2,0.48100000000000004,0.0,0.2,0.0,6.3,13.0,0.48700000000000004,3.3,4.8,0.674,3.3,6.5,9.8,2.0,0.7,0.9,2.6,7.2,15.9,104.0,107.0,1989,Tim McCormick-1989,0.0,Not Selected,Center,HOU,0.04390243902439024
1988-89,Rodney McCray,mccraro01,SF,27,SAC,68,65,2435,6.7,14.3,0.466,0.1,0.4,0.22699999999999998,6.6,13.9,0.474,3.3,4.6,0.722,2.8,7.3,10.1,5.7,1.1,0.7,3.3,2.4,16.8,103.0,110.0,1989,Rodney McCray-1989,0.0,Not Selected,Forward,SAC,0.026341463414634145
1988-89,Xavier McDaniel,mcdanxa01,SF,25,SEA,82,10,2385,13.6,27.8,0.489,0.2,0.7,0.306,13.4,27.1,0.494,6.3,8.6,0.732,3.6,5.1,8.7,2.7,1.7,0.8,4.2,4.6,33.7,108.0,110.0,1989,Xavier McDaniel-1989,0.0,Not Selected,Forward,OKC,0.045853658536585365
1988-89,Ben McDonald,mcdonbe01,PF,26,GSW,11,0,103,5.6,8.3,0.684,0.0,0.0,0.0,5.6,8.3,0.684,3.9,6.5,0.6,1.7,3.5,5.2,2.2,1.7,0.0,1.3,4.8,15.2,132.0,111.0,1989,Ben McDonald-1989,0.0,Not Selected,Forward,GSW,0.041951219512195125
1988-89,Mike McGee,mcgeemi01,SG,29,NJN,80,49,2027,10.3,21.7,0.473,2.2,6.0,0.365,8.1,15.7,0.515,1.8,3.4,0.535,1.7,2.7,4.5,2.7,1.9,0.3,2.9,4.4,24.6,104.0,112.0,1989,Mike McGee-1989,0.0,Not Selected,Guard,BRK,0.025365853658536587
1988-89,Kevin McHale,mchalke01,PF,31,BOS,78,74,2876,11.2,20.6,0.546,0.0,0.1,0.0,11.2,20.5,0.5479999999999999,7.4,9.1,0.818,3.8,7.0,10.8,2.9,0.4,1.6,3.3,3.8,29.9,120.0,111.0,1989,Kevin McHale-1989,0.0,Not Selected,Forward,BOS,0.04097560975609756
1988-89,Derrick McKey,mckeyde01,SF,22,SEA,82,82,2804,8.3,16.6,0.502,0.5,1.5,0.337,7.8,15.1,0.519,5.1,6.4,0.8029999999999999,2.9,5.1,7.9,3.7,1.8,1.2,3.2,4.5,22.3,115.0,110.0,1989,Derrick McKey-1989,0.0,Not Selected,Forward,OKC,0.045853658536585365
1988-89,Nate McMillan,mcmilna01,PG,24,SEA,75,74,2341,4.1,9.9,0.41,0.3,1.4,0.214,3.8,8.5,0.44299999999999995,2.4,3.9,0.63,2.9,5.0,7.9,14.3,3.2,0.9,4.3,4.8,10.9,106.0,107.0,1989,Nate McMillan-1989,0.0,Not Selected,Guard,OKC,0.045853658536585365
1988-89,Mark McNamara,mcnamma01,C,29,LAL,39,0,318,4.8,9.6,0.5,0.0,0.0,0.0,4.8,9.6,0.5,7.4,11.8,0.628,5.7,9.3,15.1,1.5,0.6,0.5,3.6,7.7,17.0,110.0,107.0,1989,Mark McNamara-1989,0.0,Not Selected,Center,LAL,0.055609756097560976
1988-89,Reggie Miller,millere01,SG,23,IND,74,70,2536,7.6,15.9,0.479,1.9,4.7,0.402,5.7,11.2,0.511,5.5,6.5,0.8440000000000001,1.4,4.2,5.6,4.3,1.8,0.6,2.7,3.2,22.5,118.0,112.0,1989,Reggie Miller-1989,0.0,Not Selected,Guard,IND,0.027317073170731707
1988-89,Todd Mitchell,mitchto01,SF,22,TOT,24,0,353,5.9,13.3,0.44299999999999995,0.0,0.0,0.0,5.9,13.3,0.44299999999999995,5.1,8.7,0.578,2.5,4.4,6.8,2.9,2.2,0.3,4.5,7.0,16.8,90.0,110.0,1989,Todd Mitchell-1989,0.0,Not Selected,Forward,TOT,0.03333333333333334
1988-89,Paul Mokeski,mokespa01,C,32,MIL,74,0,690,4.2,11.6,0.36,0.5,1.8,0.26899999999999996,3.7,9.7,0.377,2.8,3.6,0.784,4.4,8.8,13.2,2.5,2.0,1.5,2.5,10.8,11.6,98.0,103.0,1989,Paul Mokeski-1989,0.0,Not Selected,Center,MIL,0.04780487804878049
1988-89,Sidney Moncrief,moncrsi01,PG,31,MIL,62,50,1594,8.0,16.3,0.491,0.8,2.2,0.342,7.2,14.0,0.514,6.3,7.2,0.865,1.4,3.8,5.3,5.7,2.0,0.4,2.9,3.5,23.0,118.0,108.0,1989,Sidney Moncrief-1989,0.0,Not Selected,Guard,MIL,0.04780487804878049
1988-89,Chris Morris,morrich01,SF,23,NJN,76,48,2096,9.5,20.7,0.457,1.5,4.0,0.366,8.0,16.7,0.479,4.2,5.8,0.7170000000000001,4.3,4.8,9.1,2.7,2.3,1.4,4.3,5.7,24.6,102.0,109.0,1989,Chris Morris-1989,0.0,Not Selected,Forward,BRK,0.025365853658536587
1988-89,Richard Morton,mortori01,PG,22,IND,2,0,11,13.2,17.6,0.75,0.0,0.0,0.0,13.2,17.6,0.75,0.0,0.0,0.0,0.0,0.0,0.0,4.4,0.0,0.0,4.4,8.8,26.4,116.0,119.0,1989,Richard Morton-1989,0.0,Not Selected,Guard,IND,0.027317073170731707
1988-89,Chris Mullin,mullich01,SF,25,GSW,82,82,3093,12.0,23.6,0.509,0.3,1.4,0.23,11.7,22.1,0.527,7.1,8.0,0.892,2.2,4.8,7.0,6.0,2.5,0.6,4.3,2.6,31.5,115.0,108.0,1989,Chris Mullin-1989,2.0,2nd,Forward,GSW,0.041951219512195125
1988-89,Pete Myers,myerspe01,SG,25,TOT,33,0,270,5.3,12.5,0.425,0.0,0.3,0.0,5.3,12.2,0.43700000000000006,5.7,8.2,0.688,2.6,3.1,5.7,8.2,3.4,0.3,4.0,7.6,16.3,106.0,107.0,1989,Pete Myers-1989,0.0,Not Selected,Guard,TOT,0.03333333333333334
1988-89,Larry Nance,nancela01,PF,29,CLE,73,72,2526,9.6,17.8,0.539,0.0,0.1,0.0,9.6,17.8,0.541,5.2,6.5,0.799,3.0,8.2,11.3,3.1,1.1,4.0,2.3,3.6,24.4,119.0,101.0,1989,Larry Nance-1989,0.0,Not Selected,Forward,CLE,0.055609756097560976
1988-89,Calvin Natt,nattca01,SF,32,TOT,24,0,353,6.0,14.9,0.405,0.0,0.1,0.0,6.0,14.8,0.409,7.3,10.2,0.722,3.6,6.4,10.0,2.3,1.0,0.4,3.9,4.1,19.4,99.0,110.0,1989,Calvin Natt-1989,0.0,Not Selected,Forward,TOT,0.03333333333333334
1988-89,Craig Neal,nealcr01,PG,24,TOT,53,0,500,4.3,11.7,0.366,1.0,3.2,0.294,3.3,8.5,0.39299999999999996,1.3,2.2,0.609,0.7,2.1,2.8,11.3,2.3,0.4,5.2,6.7,10.9,87.0,111.0,1989,Craig Neal-1989,0.0,Not Selected,Guard,TOT,0.03333333333333334
1988-89,Ed Nealy,nealyed01,PF,28,TOT,43,0,258,2.4,6.6,0.361,0.0,0.4,0.0,2.4,6.2,0.382,0.7,1.6,0.444,4.0,10.2,14.3,2.6,1.3,0.2,1.3,8.2,5.5,98.0,105.0,1989,Ed Nealy-1989,0.0,Not Selected,Forward,TOT,0.03333333333333334
1988-89,Chuck Nevitt,nevitch01,C,29,HOU,43,0,228,5.6,12.8,0.435,0.0,0.0,0.0,5.6,12.8,0.435,2.3,3.3,0.688,3.5,9.7,13.2,0.6,1.0,6.0,4.6,10.6,13.4,83.0,99.0,1989,Chuck Nevitt-1989,0.0,Not Selected,Center,HOU,0.04390243902439024
1988-89,Johnny Newman,newmajo01,SF,25,NYK,81,80,2336,9.0,18.8,0.475,1.9,5.7,0.33799999999999997,7.0,13.2,0.534,5.6,6.9,0.815,1.8,2.2,4.1,3.2,2.2,0.5,3.0,5.1,25.5,117.0,110.0,1989,Johnny Newman-1989,0.0,Not Selected,Forward,NYK,0.050731707317073174
1988-89,Norm Nixon,nixonno01,PG,33,LAC,53,30,1318,5.3,12.9,0.414,0.3,1.0,0.276,5.1,11.9,0.425,1.7,2.3,0.738,0.5,2.3,2.7,11.8,1.6,0.0,4.1,2.4,12.6,94.0,115.0,1989,Norm Nixon-1989,0.0,Not Selected,Guard,LAC,0.02048780487804878
1988-89,Ken Norman,normake01,SF,24,LAC,80,79,3020,9.7,19.3,0.502,0.1,0.3,0.19,9.6,19.0,0.507,2.6,4.1,0.63,3.7,6.4,10.2,4.2,1.6,1.0,3.1,3.4,22.1,104.0,111.0,1989,Ken Norman-1989,0.0,Not Selected,Forward,LAC,0.02048780487804878
1988-89,Charles Oakley,oaklech01,PF,25,NYK,82,82,2604,7.5,14.7,0.51,0.2,0.8,0.25,7.3,13.9,0.526,3.5,4.5,0.773,6.1,9.1,15.2,3.3,1.8,0.2,4.4,4.8,18.7,108.0,106.0,1989,Charles Oakley-1989,0.0,Not Selected,Forward,NYK,0.050731707317073174
1988-89,Hakeem Olajuwon,olajuha01,C,26,HOU,82,82,3024,12.3,24.3,0.508,0.0,0.2,0.0,12.3,24.1,0.511,7.1,10.2,0.696,5.3,12.0,17.2,2.3,3.3,4.4,4.3,5.1,31.7,108.0,95.0,1989,Hakeem Olajuwon-1989,1.0,1st,Center,HOU,0.04390243902439024
1988-89,José Ortiz,ortizjo01,PF,25,UTA,51,15,327,8.2,18.7,0.44,0.0,0.1,0.0,8.2,18.6,0.444,4.6,7.8,0.596,4.5,4.2,8.7,1.6,1.2,1.0,5.4,6.0,21.1,88.0,105.0,1989,José Ortiz-1989,0.0,Not Selected,Forward,UTA,0.04975609756097561
1988-89,Robert Parish,parisro01,C,35,BOS,80,80,2840,10.3,18.0,0.57,0.0,0.0,0.0,10.3,18.0,0.57,5.1,7.0,0.7190000000000001,5.9,11.3,17.2,3.0,1.4,2.0,3.4,3.6,25.6,118.0,106.0,1989,Robert Parish-1989,3.0,3rd,Center,BOS,0.04097560975609756
1988-89,Jim Paxson,paxsoji02,PG,31,BOS,57,7,1138,8.7,19.1,0.45399999999999996,0.2,1.0,0.16699999999999998,8.5,18.1,0.47,3.6,4.4,0.816,0.8,2.4,3.2,4.6,1.6,0.3,2.5,4.1,21.1,105.0,113.0,1989,Jim Paxson-1989,0.0,Not Selected,Guard,BOS,0.04097560975609756
1988-89,John Paxson,paxsojo01,PG,28,CHI,78,20,1738,7.0,14.6,0.48,1.3,3.8,0.331,5.8,10.8,0.532,0.9,1.0,0.861,0.4,2.3,2.7,8.8,1.5,0.2,2.0,4.6,16.1,114.0,112.0,1989,John Paxson-1989,0.0,Not Selected,Guard,CHI,0.045853658536585365
1988-89,Will Perdue,perduwi01,C,23,CHI,30,0,190,7.6,18.8,0.40299999999999997,0.0,0.0,0.0,7.6,18.8,0.40299999999999997,2.1,3.6,0.5710000000000001,4.7,7.0,11.7,2.9,1.0,1.6,3.9,9.9,17.2,87.0,108.0,1989,Will Perdue-1989,0.0,Not Selected,Center,CHI,0.045853658536585365
1988-89,Sam Perkins,perkisa01,PF,27,DAL,78,77,2860,7.8,16.8,0.46399999999999997,0.1,0.7,0.184,7.7,16.1,0.47600000000000003,4.8,5.8,0.833,4.1,7.9,12.0,2.2,1.3,1.6,2.5,3.9,20.5,110.0,107.0,1989,Sam Perkins-1989,0.0,Not Selected,Forward,DAL,0.037073170731707315
1988-89,Tim Perry,perryti01,C,23,PHO,62,15,614,8.1,15.0,0.537,0.1,0.3,0.25,8.0,14.7,0.5429999999999999,3.0,4.9,0.615,4.6,5.3,9.9,1.3,1.4,2.4,2.8,3.5,19.2,109.0,106.0,1989,Tim Perry-1989,0.0,Not Selected,Center,PHO,0.05365853658536585
1988-89,Chuck Person,persoch01,SF,24,IND,80,79,3012,11.4,23.3,0.489,1.0,3.3,0.307,10.4,20.1,0.519,3.9,4.9,0.792,2.3,6.0,8.3,4.6,1.3,0.3,4.9,4.5,27.8,102.0,112.0,1989,Chuck Person-1989,0.0,Not Selected,Forward,IND,0.027317073170731707
1988-89,Jim Petersen,peterji01,C,26,SAC,66,40,1633,8.1,17.7,0.45899999999999996,0.0,0.2,0.0,8.1,17.5,0.465,3.4,4.5,0.747,3.5,8.5,12.1,2.4,1.4,2.0,4.3,6.9,19.6,94.0,107.0,1989,Jim Petersen-1989,0.0,Not Selected,Center,SAC,0.026341463414634145
1988-89,Ricky Pierce,piercri01,SG,29,MIL,75,4,2078,12.4,23.9,0.518,0.2,0.8,0.222,12.2,23.0,0.529,6.0,7.0,0.8590000000000001,1.9,2.7,4.6,3.7,1.8,0.4,2.6,4.5,30.9,116.0,109.0,1989,Ricky Pierce-1989,0.0,Not Selected,Guard,MIL,0.04780487804878049
1988-89,Ed Pinckney,pincked01,PF,25,TOT,80,33,2012,7.6,14.9,0.513,0.0,0.1,0.0,7.6,14.7,0.518,6.7,8.4,0.8,4.0,6.8,10.7,2.8,2.0,1.6,2.8,4.8,22.0,117.0,108.0,1989,Ed Pinckney-1989,0.0,Not Selected,Forward,TOT,0.03333333333333334
1988-89,Scottie Pippen,pippesc01,SF,23,CHI,73,56,2413,8.5,17.8,0.47600000000000003,0.4,1.6,0.273,8.0,16.2,0.496,4.1,6.2,0.6679999999999999,2.8,6.3,9.1,5.2,2.9,1.3,4.1,5.4,21.5,102.0,105.0,1989,Scottie Pippen-1989,0.0,Not Selected,Forward,CHI,0.045853658536585365
1988-89,Olden Polynice,polynol01,C,24,SEA,80,0,835,5.2,10.3,0.506,0.0,0.1,0.0,5.2,10.2,0.511,2.9,4.9,0.593,5.6,6.2,11.8,1.2,2.1,1.7,2.6,9.4,13.4,108.0,107.0,1989,Olden Polynice-1989,0.0,Not Selected,Center,OKC,0.045853658536585365
1988-89,Dave Popson,popsoda01,PF,24,TOT,17,0,106,7.1,17.7,0.4,0.0,0.0,0.0,7.1,17.7,0.4,0.9,1.8,0.5,5.3,6.6,11.9,3.5,0.4,1.3,4.4,7.5,15.0,83.0,112.0,1989,Dave Popson-1989,0.0,Not Selected,Forward,TOT,0.03333333333333334
1988-89,Terry Porter,portete01,PG,25,POR,81,81,3102,8.0,17.1,0.47100000000000003,1.2,3.3,0.361,6.9,13.8,0.49700000000000005,4.1,4.8,0.84,1.3,4.2,5.5,11.5,2.2,0.1,3.7,2.8,21.3,116.0,109.0,1989,Terry Porter-1989,0.0,Not Selected,Guard,POR,0.03804878048780488
1988-89,Paul Pressey,presspa01,SG,30,MIL,67,62,2170,6.9,14.5,0.474,0.3,1.2,0.218,6.6,13.3,0.49700000000000005,4.2,5.4,0.7759999999999999,1.6,4.2,5.9,9.9,2.7,1.0,4.1,5.0,18.2,107.0,106.0,1989,Paul Pressey-1989,0.0,Not Selected,Guard,MIL,0.04780487804878049
1988-89,Dominic Pressley,pressdo01,PG,24,TOT,13,0,124,3.5,12.0,0.29,0.0,0.8,0.0,3.5,11.2,0.31,1.9,3.5,0.556,1.2,4.6,5.8,10.0,1.5,0.0,4.2,4.2,8.9,78.0,110.0,1989,Dominic Pressley-1989,0.0,Not Selected,Guard,TOT,0.03333333333333334
1988-89,Harold Pressley,pressha01,PF,25,SAC,80,36,2257,8.1,18.5,0.439,2.5,6.2,0.40299999999999997,5.6,12.2,0.457,2.0,2.6,0.78,4.6,5.7,10.3,3.7,2.0,1.6,2.6,4.6,20.8,110.0,109.0,1989,Harold Pressley-1989,0.0,Not Selected,Forward,SAC,0.026341463414634145
1988-89,Mark Price,pricema01,PG,24,CLE,75,74,2728,9.5,18.1,0.526,1.7,3.8,0.441,7.8,14.3,0.5479999999999999,4.7,5.2,0.9009999999999999,0.9,3.2,4.1,11.3,2.1,0.1,3.8,1.8,25.4,121.0,106.0,1989,Mark Price-1989,3.0,3rd,Guard,CLE,0.055609756097560976
1988-89,Kurt Rambis,rambiku01,PF,30,CHH,75,75,2233,7.0,13.4,0.518,0.0,0.1,0.0,7.0,13.4,0.521,3.9,5.3,0.7340000000000001,5.8,9.3,15.1,3.4,2.1,1.2,3.2,4.5,17.8,110.0,108.0,1989,Kurt Rambis-1989,0.0,Not Selected,Forward,CHO,0.01951219512195122
1988-89,Blair Rasmussen,rasmubl01,C,26,DEN,77,22,1308,8.8,19.7,0.445,0.0,0.0,0.0,8.8,19.7,0.445,2.4,2.8,0.852,3.6,6.2,9.8,1.7,1.0,1.4,1.7,6.6,19.9,102.0,108.0,1989,Blair Rasmussen-1989,0.0,Not Selected,Center,DEN,0.042926829268292686
1988-89,Robert Reid,reidro01,SF,33,CHH,82,54,2152,11.5,27.0,0.428,0.4,1.2,0.327,11.2,25.8,0.43200000000000005,3.4,4.4,0.7759999999999999,1.8,4.9,6.7,3.4,1.2,0.4,2.4,5.2,26.9,97.0,114.0,1989,Robert Reid-1989,0.0,Not Selected,Forward,CHO,0.01951219512195122
1988-89,Jerry Reynolds,reynoje01,SG,26,SEA,56,0,737,9.7,23.2,0.41700000000000004,0.2,1.0,0.2,9.5,22.3,0.42700000000000005,8.3,10.9,0.76,3.2,3.3,6.5,4.0,3.4,1.7,3.7,3.8,27.9,106.0,107.0,1989,Jerry Reynolds-1989,0.0,Not Selected,Guard,OKC,0.045853658536585365
1988-89,Mitch Richmond,richmmi01,SG,23,GSW,79,79,2717,10.7,22.8,0.46799999999999997,0.5,1.5,0.36700000000000005,10.1,21.3,0.475,6.8,8.3,0.81,2.6,5.1,7.7,5.5,1.4,0.2,4.4,3.7,28.7,108.0,110.0,1989,Mitch Richmond-1989,0.0,Not Selected,Guard,GSW,0.041951219512195125
1988-89,Ramón Rivas,rivasra01,C,22,BOS,28,0,91,6.5,16.7,0.387,0.0,0.5,0.0,6.5,16.1,0.4,8.6,13.4,0.64,4.8,8.1,12.9,1.6,2.2,0.5,4.8,11.3,21.5,94.0,107.0,1989,Ramón Rivas-1989,0.0,Not Selected,Center,BOS,0.04097560975609756
1988-89,David Rivers,riverda01,PG,24,LAL,47,0,440,5.3,13.3,0.402,0.1,0.7,0.16699999999999998,5.2,12.6,0.414,3.8,4.6,0.833,1.4,3.3,4.7,11.5,2.5,1.0,6.6,5.4,14.6,91.0,107.0,1989,David Rivers-1989,0.0,Not Selected,Guard,LAL,0.055609756097560976
1988-89,Doc Rivers,riverdo01,PG,27,ATL,76,76,2462,7.4,16.2,0.455,0.9,2.5,0.34700000000000003,6.5,13.7,0.474,4.9,5.7,0.861,1.8,3.9,5.7,10.4,3.6,0.8,3.1,5.2,20.5,118.0,106.0,1989,Doc Rivers-1989,0.0,Not Selected,Guard,ATL,0.050731707317073174
1988-89,Fred Roberts,roberfr01,PF,28,MIL,71,3,1251,6.0,12.4,0.486,0.1,0.5,0.214,5.9,11.9,0.498,4.0,5.0,0.8059999999999999,2.6,5.5,8.1,2.6,1.4,0.9,3.1,4.9,16.2,105.0,108.0,1989,Fred Roberts-1989,0.0,Not Selected,Forward,MIL,0.04780487804878049
1988-89,Alvin Robertson,roberal01,SG,26,SAS,65,65,2287,9.4,19.4,0.483,0.2,0.9,0.2,9.2,18.5,0.49700000000000005,3.7,5.1,0.723,3.2,4.6,7.7,7.9,4.0,0.7,4.7,5.2,22.6,103.0,105.0,1989,Alvin Robertson-1989,0.0,Not Selected,Guard,SAS,0.02048780487804878
1988-89,Cliff Robinson,robincl01,SF,28,PHI,14,13,416,10.5,21.9,0.48100000000000004,0.0,0.1,0.0,10.5,21.8,0.484,3.7,5.2,0.727,2.2,6.6,8.8,3.7,2.0,0.2,4.0,4.3,24.8,99.0,111.0,1989,Cliff Robinson-1989,0.0,Not Selected,Forward,PHI,0.0448780487804878
1988-89,Dennis Rodman,rodmade01,SF,27,DET,82,8,2208,7.2,12.1,0.595,0.1,0.6,0.231,7.1,11.5,0.614,2.2,3.5,0.626,7.4,10.1,17.6,2.3,1.3,1.7,2.9,6.6,16.7,120.0,102.0,1989,Dennis Rodman-1989,0.0,Not Selected,Forward,DET,0.06146341463414634
1988-89,Tree Rollins,rollitr01,C,33,CLE,60,2,583,5.2,11.6,0.449,0.0,0.1,0.0,5.2,11.5,0.45299999999999996,1.0,1.6,0.632,3.2,8.5,11.7,1.6,0.9,3.2,1.8,7.5,11.4,98.0,102.0,1989,Tree Rollins-1989,0.0,Not Selected,Center,CLE,0.055609756097560976
1988-89,Rob Rose,rosero01,SG,24,LAC,2,0,3,0.0,15.3,0.0,0.0,0.0,0.0,0.0,15.3,0.0,0.0,0.0,0.0,15.3,15.3,30.6,0.0,0.0,0.0,0.0,0.0,0.0,58.0,108.0,1989,Rob Rose-1989,0.0,Not Selected,Guard,LAC,0.02048780487804878
1988-89,Scott Roth,rothsc01,SF,25,TOT,63,3,536,5.1,14.5,0.353,0.3,1.4,0.188,4.9,13.1,0.371,5.2,7.5,0.69,1.7,3.8,5.5,4.8,2.1,0.4,3.5,6.0,15.7,92.0,109.0,1989,Scott Roth-1989,0.0,Not Selected,Forward,TOT,0.03333333333333334
1988-89,Jim Rowinski,rowinji01,PF-C,28,TOT,9,0,15,3.3,13.2,0.25,0.0,0.0,0.0,3.3,13.2,0.25,16.5,19.8,0.833,3.3,13.2,16.5,0.0,0.0,0.0,0.0,0.0,23.1,130.0,107.0,1989,Jim Rowinski-1989,0.0,Not Selected,Forward,TOT,0.03333333333333334
1988-89,Brian Rowsom,rowsobr01,PF,23,CHH,34,0,517,7.4,15.0,0.494,0.1,0.1,1.0,7.3,14.9,0.491,6.0,7.5,0.802,5.2,7.5,12.7,2.2,0.9,1.1,1.7,6.4,20.9,121.0,112.0,1989,Brian Rowsom-1989,0.0,Not Selected,Forward,CHO,0.01951219512195122
1988-89,John Salley,sallejo01,PF,24,DET,67,21,1458,5.7,11.5,0.498,0.0,0.1,0.0,5.7,11.4,0.502,4.7,6.7,0.6920000000000001,4.6,6.9,11.6,2.6,1.4,2.5,3.4,6.8,16.1,107.0,103.0,1989,John Salley-1989,0.0,Not Selected,Forward,DET,0.06146341463414634
1988-89,Ralph Sampson,sampsra01,C,28,GSW,61,36,1086,6.8,15.0,0.449,0.1,0.3,0.375,6.6,14.7,0.451,2.6,3.9,0.653,4.3,8.3,12.6,3.2,1.3,2.7,3.7,7.0,16.2,97.0,106.0,1989,Ralph Sampson-1989,0.0,Not Selected,Center,GSW,0.041951219512195125
1988-89,Mike Sanders,sandemi01,SF,28,CLE,82,82,2102,7.7,17.1,0.45299999999999996,0.1,0.2,0.3,7.7,16.8,0.455,2.3,3.1,0.7190000000000001,2.3,4.9,7.2,3.1,2.1,0.7,2.4,5.4,17.8,99.0,104.0,1989,Mike Sanders-1989,0.0,Not Selected,Forward,CLE,0.055609756097560976
1988-89,Danny Schayes,schayda01,C,29,DEN,76,64,1918,7.4,14.1,0.522,0.1,0.2,0.33299999999999996,7.3,13.9,0.525,7.7,9.4,0.826,3.3,8.3,11.6,2.4,1.0,1.9,3.7,7.4,22.6,114.0,106.0,1989,Danny Schayes-1989,0.0,Not Selected,Center,DEN,0.042926829268292686
1988-89,Russ Schoene,schoeru01,PF,28,SEA,69,1,774,8.4,21.6,0.387,2.6,6.8,0.382,5.8,14.8,0.389,2.9,3.5,0.807,3.6,6.6,10.2,2.2,2.3,1.5,3.0,8.4,22.2,103.0,107.0,1989,Russ Schoene-1989,0.0,Not Selected,Forward,OKC,0.045853658536585365
1988-89,Detlef Schrempf,schrede01,PF,26,TOT,69,13,1850,7.3,15.4,0.474,0.2,0.9,0.2,7.1,14.4,0.49200000000000005,7.3,9.3,0.78,3.3,7.1,10.5,4.8,1.4,0.5,3.5,5.8,22.0,112.0,110.0,1989,Detlef Schrempf-1989,0.0,Not Selected,Forward,TOT,0.03333333333333334
1988-89,Byron Scott,scottby01,SG,27,LAL,74,73,2605,10.8,22.0,0.491,1.4,3.6,0.39899999999999997,9.4,18.5,0.508,3.6,4.2,0.863,1.3,4.2,5.6,4.3,2.1,0.5,2.9,3.3,26.6,111.0,108.0,1989,Byron Scott-1989,0.0,Not Selected,Guard,LAL,0.055609756097560976
1988-89,Rony Seikaly,seikaro01,C,23,MIA,78,62,1962,8.2,18.4,0.44799999999999995,0.0,0.1,0.25,8.2,18.3,0.449,4.5,8.7,0.511,5.0,8.5,13.6,1.4,1.1,2.4,4.9,6.4,20.9,89.0,107.0,1989,Rony Seikaly-1989,0.0,Not Selected,Center,MIA,0.014634146341463415
1988-89,Brad Sellers,sellebr01,PF,26,CHI,80,25,1732,6.6,13.6,0.485,0.1,0.2,0.5,6.5,13.4,0.485,2.5,2.9,0.851,2.4,4.1,6.5,2.8,1.0,2.0,2.1,5.0,15.7,108.0,110.0,1989,Brad Sellers-1989,0.0,Not Selected,Forward,CHI,0.045853658536585365
1988-89,Charles Shackleford,shackch01,C,22,NJN,60,0,484,8.2,16.6,0.494,0.0,0.1,0.0,8.2,16.5,0.49700000000000005,2.1,4.2,0.5,5.0,10.2,15.2,2.1,1.5,1.8,2.7,7.0,18.5,103.0,107.0,1989,Charles Shackleford-1989,0.0,Not Selected,Center,BRK,0.025365853658536587
1988-89,John Shasky,shaskjo01,C,24,MIA,65,4,944,6.2,12.7,0.488,0.0,0.1,0.0,6.2,12.6,0.49200000000000005,5.9,8.6,0.6890000000000001,4.9,7.0,11.9,1.1,0.7,0.7,2.4,4.8,18.3,113.0,110.0,1989,John Shasky-1989,0.0,Not Selected,Center,MIA,0.014634146341463415
1988-89,Brian Shaw,shawbr01,SG,22,BOS,82,54,2301,6.3,14.6,0.433,0.0,0.3,0.0,6.3,14.3,0.441,2.3,2.8,0.826,2.5,5.5,8.0,10.0,1.7,0.6,4.0,4.5,14.9,101.0,110.0,1989,Brian Shaw-1989,0.0,Not Selected,Guard,BOS,0.04097560975609756
1988-89,Purvis Short,shortpu01,SF,31,HOU,65,16,1157,8.1,19.6,0.413,0.4,1.3,0.273,7.7,18.2,0.423,3.1,3.6,0.865,2.6,4.6,7.3,4.4,1.8,0.5,2.9,4.7,19.6,99.0,107.0,1989,Purvis Short-1989,0.0,Not Selected,Forward,HOU,0.04390243902439024
1988-89,Jerry Sichting,sichtje01,PG,32,POR,25,1,390,5.4,12.3,0.442,0.4,1.4,0.25,5.1,10.9,0.467,0.8,0.9,0.875,1.1,2.4,3.4,7.0,1.8,0.0,3.0,2.0,12.1,100.0,112.0,1989,Jerry Sichting-1989,0.0,Not Selected,Guard,POR,0.03804878048780488
1988-89,Jack Sikma,sikmaja01,C,33,MIL,80,80,2587,6.8,15.7,0.431,1.5,4.1,0.38,5.2,11.7,0.449,5.0,5.5,0.905,2.7,9.1,11.7,5.4,1.6,1.1,2.7,5.6,20.1,115.0,105.0,1989,Jack Sikma-1989,0.0,Not Selected,Center,MIL,0.04780487804878049
1988-89,Scott Skiles,skilesc01,PG,24,IND,80,13,1571,6.1,13.6,0.44799999999999995,0.6,2.3,0.267,5.5,11.3,0.485,4.0,4.4,0.903,0.6,3.9,4.6,12.0,2.0,0.1,5.5,4.7,16.8,102.0,112.0,1989,Scott Skiles-1989,0.0,Not Selected,Guard,IND,0.027317073170731707
1988-89,Keith Smart,smartke01,PG,24,SAS,2,0,12,0.0,7.7,0.0,0.0,3.8,0.0,0.0,3.8,0.0,7.7,7.7,1.0,0.0,3.8,3.8,7.7,0.0,0.0,7.7,0.0,7.7,62.0,115.0,1989,Keith Smart-1989,0.0,Not Selected,Guard,SAS,0.02048780487804878
1988-89,Charles Smith,smithch01,PF,23,LAC,71,56,2161,9.3,18.7,0.495,0.0,0.1,0.0,9.3,18.6,0.49700000000000005,6.1,8.4,0.725,3.7,6.2,9.9,2.2,1.4,1.9,3.1,5.8,24.6,108.0,110.0,1989,Charles Smith-1989,0.0,Not Selected,Forward,LAC,0.02048780487804878
1988-89,Derek Smith,smithde02,SG,27,TOT,65,38,1295,8.1,18.5,0.435,0.3,1.2,0.226,7.8,17.3,0.449,4.8,7.0,0.6859999999999999,2.3,4.0,6.2,4.8,1.6,0.9,3.3,6.1,21.2,100.0,112.0,1989,Derek Smith-1989,0.0,Not Selected,Guard,TOT,0.03333333333333334
1988-89,Kenny Smith,smithke01,PG,23,SAC,81,81,3145,8.3,18.0,0.462,0.7,1.9,0.359,7.6,16.0,0.475,4.0,5.4,0.737,0.7,2.7,3.4,9.4,1.5,0.1,3.8,2.6,21.3,106.0,113.0,1989,Kenny Smith-1989,0.0,Not Selected,Guard,SAC,0.026341463414634145
1988-89,Larry Smith,smithla01,PF,31,GSW,80,78,1897,5.2,9.4,0.552,0.0,0.0,0.0,5.2,9.4,0.552,0.4,1.4,0.31,6.4,9.0,15.4,2.8,1.4,1.3,2.6,5.8,10.8,109.0,106.0,1989,Larry Smith-1989,0.0,Not Selected,Forward,GSW,0.041951219512195125
1988-89,Otis Smith,smithot01,SG,25,GSW,80,5,1597,8.7,20.0,0.435,0.2,1.0,0.18899999999999997,8.5,19.0,0.44799999999999995,4.9,6.1,0.7979999999999999,3.6,5.7,9.2,3.9,2.5,1.1,3.6,4.6,22.5,102.0,107.0,1989,Otis Smith-1989,0.0,Not Selected,Guard,GSW,0.041951219512195125
1988-89,Rik Smits,smitsri01,C,22,IND,82,71,2041,9.2,17.7,0.517,0.0,0.0,0.0,9.2,17.7,0.518,4.4,6.0,0.722,4.4,7.5,11.9,1.7,0.9,3.6,3.1,7.4,22.7,109.0,109.0,1989,Rik Smits-1989,0.0,Not Selected,Center,IND,0.027317073170731707
1988-89,Mike Smrek,smrekmi01,PF,26,SAS,43,18,623,5.3,11.3,0.47100000000000003,0.0,0.0,0.0,5.3,11.3,0.47100000000000003,3.6,5.6,0.645,3.1,6.4,9.5,0.9,1.0,4.3,3.6,7.5,14.3,94.0,107.0,1989,Mike Smrek-1989,0.0,Not Selected,Forward,SAS,0.02048780487804878
1988-89,Rory Sparrow,sparrro01,PG,30,MIA,80,79,2613,8.2,18.2,0.452,0.3,1.4,0.243,7.9,16.8,0.469,1.7,2.0,0.879,1.0,3.0,4.0,8.0,1.9,0.3,3.8,3.1,18.5,99.0,111.0,1989,Rory Sparrow-1989,0.0,Not Selected,Guard,MIA,0.014634146341463415
1988-89,John Starks,starkjo01,SG,23,GSW,36,0,316,7.2,17.7,0.408,1.4,3.7,0.385,5.8,14.0,0.414,4.8,7.4,0.654,2.1,3.7,5.8,3.8,3.3,0.4,5.5,5.1,20.7,91.0,107.0,1989,John Starks-1989,0.0,Not Selected,Guard,GSW,0.041951219512195125
1988-89,Everette Stephens,stephev01,PG,22,IND,35,0,209,5.3,16.7,0.319,0.5,2.3,0.2,4.9,14.4,0.33899999999999997,3.9,5.1,0.773,2.5,2.8,5.3,8.6,2.1,0.9,6.7,5.1,15.1,80.0,112.0,1989,Everette Stephens-1989,0.0,Not Selected,Guard,IND,0.027317073170731707
1988-89,Brook Steppe,steppbr01,PG,29,POR,27,2,244,6.2,14.8,0.423,0.9,1.7,0.556,5.3,13.1,0.406,6.1,7.0,0.865,2.5,3.6,6.1,3.0,2.1,0.2,2.5,6.1,19.5,115.0,110.0,1989,Brook Steppe-1989,0.0,Not Selected,Guard,POR,0.03804878048780488
1988-89,John Stockton,stockjo01,PG,26,UTA,82,82,3171,7.7,14.3,0.5379999999999999,0.2,1.0,0.242,7.4,13.2,0.561,6.0,7.0,0.863,1.3,2.5,3.8,17.3,4.1,0.2,4.8,3.7,21.6,122.0,101.0,1989,John Stockton-1989,2.0,2nd,Guard,UTA,0.04975609756097561
1988-89,Rod Strickland,stricro02,PG,22,NYK,81,10,1358,9.0,19.2,0.467,0.6,2.0,0.322,8.3,17.2,0.484,5.8,7.8,0.745,1.7,3.7,5.4,10.8,3.3,0.1,5.0,4.8,24.4,110.0,107.0,1989,Rod Strickland-1989,0.0,Not Selected,Guard,NYK,0.050731707317073174
1988-89,John Stroeder,stroejo01,PF,30,TOT,5,0,22,4.1,10.2,0.4,0.0,0.0,0.0,4.1,10.2,0.4,0.0,0.0,0.0,10.2,18.3,28.5,6.1,0.0,4.1,6.1,6.1,8.2,87.0,99.0,1989,John Stroeder-1989,0.0,Not Selected,Forward,TOT,0.03333333333333334
1988-89,Barry Sumpter,sumptba01,PF,23,LAC,1,0,1,0.0,46.0,0.0,0.0,0.0,0.0,0.0,46.0,0.0,0.0,0.0,0.0,0.0,0.0,0.0,0.0,0.0,0.0,0.0,0.0,0.0,0.0,120.0,1989,Barry Sumpter-1989,0.0,Not Selected,Forward,LAC,0.02048780487804878
1988-89,Jon Sundvold,sundvjo01,SG,27,MIA,68,8,1338,11.1,24.4,0.455,1.7,3.3,0.522,9.4,21.1,0.444,1.7,2.1,0.825,0.7,2.5,3.2,5.0,1.0,0.0,3.2,2.8,25.7,103.0,114.0,1989,Jon Sundvold-1989,0.0,Not Selected,Guard,MIA,0.014634146341463415
1988-89,Roy Tarpley,tarplro01,PF,24,DAL,19,6,591,11.1,20.5,0.541,0.0,0.1,0.0,11.1,20.4,0.544,5.6,8.1,0.688,6.5,11.9,18.5,1.4,2.4,2.5,3.8,5.9,27.8,111.0,101.0,1989,Roy Tarpley-1989,0.0,Not Selected,Forward,DAL,0.037073170731707315
1988-89,Anthony Taylor,tayloan01,PG,23,MIA,21,7,368,7.9,19.9,0.397,0.0,0.3,0.0,7.9,19.6,0.40299999999999997,3.2,4.2,0.75,1.4,3.0,4.5,5.7,2.9,0.7,2.6,4.9,19.0,97.0,109.0,1989,Anthony Taylor-1989,0.0,Not Selected,Guard,MIA,0.014634146341463415
1988-89,Terry Teagle,teaglte01,SF,28,GSW,66,41,1569,11.7,24.5,0.47600000000000003,0.1,0.3,0.16699999999999998,11.6,24.1,0.48100000000000004,5.2,6.4,0.809,3.1,4.4,7.5,2.7,2.3,0.5,3.3,4.9,28.6,106.0,109.0,1989,Terry Teagle-1989,0.0,Not Selected,Forward,GSW,0.041951219512195125
1988-89,Reggie Theus,theusre01,SG,31,ATL,82,82,2517,9.6,20.7,0.466,0.3,1.1,0.293,9.3,19.6,0.47600000000000003,5.5,6.5,0.851,1.7,3.0,4.7,7.5,2.1,0.3,3.8,4.6,25.1,111.0,110.0,1989,Reggie Theus-1989,0.0,Not Selected,Guard,ATL,0.050731707317073174
1988-89,Isiah Thomas,thomais01,PG,27,DET,80,76,2924,9.8,21.1,0.46399999999999997,0.6,2.1,0.273,9.2,19.0,0.485,4.9,6.0,0.818,0.8,3.9,4.7,11.4,2.3,0.3,5.1,3.6,25.1,106.0,105.0,1989,Isiah Thomas-1989,0.0,Not Selected,Guard,DET,0.06146341463414634
1988-89,Bernard Thompson,thompbe01,PF,26,HOU,23,0,222,4.2,12.5,0.33899999999999997,0.0,0.4,0.0,4.2,12.1,0.35100000000000003,4.7,5.5,0.846,1.9,4.0,5.9,2.8,2.8,0.2,4.0,7.0,13.2,85.0,105.0,1989,Bernard Thompson-1989,0.0,Not Selected,Forward,HOU,0.04390243902439024
1988-89,Billy Thompson,thompbi01,SF,25,MIA,79,58,2273,7.4,15.3,0.48700000000000004,0.0,0.1,0.0,7.4,15.2,0.49,3.3,4.8,0.696,5.1,7.1,12.2,3.8,1.2,2.2,4.0,5.5,18.2,101.0,108.0,1989,Billy Thompson-1989,0.0,Not Selected,Forward,MIA,0.014634146341463415
1988-89,LaSalle Thompson,thompla01,C,27,TOT,76,71,2329,8.6,17.5,0.489,0.0,0.0,0.0,8.6,17.5,0.49,4.7,5.8,0.8079999999999999,4.6,10.2,14.8,1.7,1.6,1.9,3.7,5.9,21.8,104.0,106.0,1989,LaSalle Thompson-1989,0.0,Not Selected,Center,TOT,0.03333333333333334
1988-89,Mychal Thompson,thompmy01,C,34,LAL,80,8,1994,7.0,12.5,0.5589999999999999,0.0,0.0,0.0,7.0,12.5,0.56,3.8,5.5,0.6779999999999999,3.8,7.5,11.2,1.2,1.4,1.4,2.3,5.4,17.7,115.0,106.0,1989,Mychal Thompson-1989,0.0,Not Selected,Center,LAL,0.055609756097560976
1988-89,Bob Thornton,thornbo01,PF,26,PHI,54,0,449,5.1,12.0,0.423,0.1,0.3,0.33299999999999996,5.0,11.7,0.426,3.5,6.5,0.5329999999999999,3.9,6.1,10.0,1.6,0.9,0.8,2.5,9.4,13.8,97.0,113.0,1989,Bob Thornton-1989,0.0,Not Selected,Forward,PHI,0.0448780487804878
1988-89,Otis Thorpe,thorpot01,PF,26,HOU,82,82,3135,7.8,14.5,0.542,0.0,0.0,0.0,7.8,14.4,0.5429999999999999,4.9,6.8,0.7290000000000001,4.1,7.7,11.8,3.0,1.2,0.6,3.4,3.9,20.6,113.0,106.0,1989,Otis Thorpe-1989,0.0,Not Selected,Forward,HOU,0.04390243902439024
1988-89,Sedale Threatt,threase01,PG,27,SEA,63,0,1220,9.2,18.7,0.494,0.4,1.2,0.36700000000000005,8.8,17.5,0.502,2.5,3.0,0.818,1.2,3.4,4.6,9.4,3.3,0.2,3.0,6.1,21.4,115.0,109.0,1989,Sedale Threatt-1989,0.0,Not Selected,Guard,OKC,0.045853658536585365
1988-89,Wayman Tisdale,tisdawa01,PF,24,TOT,79,35,2434,10.5,20.5,0.514,0.0,0.1,0.0,10.5,20.4,0.516,6.3,8.1,0.773,3.7,8.3,12.0,2.5,1.1,1.0,3.4,5.7,27.3,111.0,110.0,1989,Wayman Tisdale-1989,0.0,Not Selected,Forward,TOT,0.03333333333333334
1988-89,Ray Tolbert,tolbera01,PF,30,ATL,50,0,341,5.7,13.5,0.426,0.0,0.0,0.0,5.7,13.5,0.426,3.3,5.3,0.622,4.4,8.2,12.6,2.3,1.9,1.9,5.0,7.9,14.7,87.0,105.0,1989,Ray Tolbert-1989,0.0,Not Selected,Forward,ATL,0.050731707317073174
1988-89,Tom Tolbert,tolbeto01,SF,23,CHH,14,0,117,7.0,15.1,0.45899999999999996,0.0,1.2,0.0,7.0,13.9,0.5,2.5,4.9,0.5,2.9,5.7,8.6,2.9,0.8,1.6,0.8,8.2,16.4,106.0,113.0,1989,Tom Tolbert-1989,0.0,Not Selected,Forward,CHO,0.01951219512195122
1988-89,Sedric Toney,toneyse01,PG,26,IND,2,0,9,5.4,26.9,0.2,0.0,16.1,0.0,5.4,10.8,0.5,0.0,5.4,0.0,5.4,5.4,10.8,0.0,0.0,0.0,10.8,5.4,10.8,37.0,115.0,1989,Sedric Toney-1989,0.0,Not Selected,Guard,IND,0.027317073170731707
1988-89,Kelly Tripucka,tripuke01,SF,29,CHH,71,65,2302,11.8,25.3,0.467,0.6,1.7,0.35700000000000004,11.2,23.5,0.47600000000000003,9.2,10.6,0.866,1.6,3.9,5.6,4.7,1.8,0.3,4.9,4.1,33.4,105.0,113.0,1989,Kelly Tripucka-1989,0.0,Not Selected,Forward,CHO,0.01951219512195122
1988-89,Trent Tucker,tucketr01,SG,29,NYK,81,24,1824,6.6,14.6,0.45399999999999996,3.0,7.5,0.39899999999999997,3.7,7.1,0.512,1.1,1.4,0.782,1.4,3.1,4.4,3.3,2.2,0.2,1.5,4.1,17.3,121.0,110.0,1989,Trent Tucker-1989,0.0,Not Selected,Guard,NYK,0.050731707317073174
1988-89,Andre Turner,turnean01,PG,24,MIL,4,0,13,11.2,22.5,0.5,0.0,0.0,0.0,11.2,22.5,0.5,0.0,0.0,0.0,0.0,11.2,11.2,0.0,7.5,0.0,15.0,7.5,22.5,54.0,92.0,1989,Andre Turner-1989,0.0,Not Selected,Guard,MIL,0.04780487804878049
1988-89,Elston Turner,turneel01,SF,29,DEN,78,12,1746,3.9,9.0,0.428,0.1,0.2,0.28600000000000003,3.8,8.8,0.431,0.8,1.4,0.589,2.8,4.6,7.3,3.7,2.3,0.2,1.5,5.3,8.6,101.0,108.0,1989,Elston Turner-1989,0.0,Not Selected,Forward,DEN,0.042926829268292686
1988-89,Terry Tyler,tylerte01,SF,32,DAL,70,11,1057,8.0,17.1,0.469,0.0,0.4,0.111,8.0,16.6,0.479,2.2,2.9,0.758,3.5,6.4,9.9,1.9,1.1,1.8,2.4,4.3,18.3,101.0,109.0,1989,Terry Tyler-1989,0.0,Not Selected,Forward,DAL,0.037073170731707315
1988-89,Kelvin Upshaw,upshake01,SG,26,TOT,32,0,617,7.8,16.8,0.467,0.2,1.2,0.2,7.6,15.6,0.48700000000000004,1.4,2.1,0.6920000000000001,0.8,3.1,3.9,9.3,2.1,0.2,4.4,6.3,17.3,97.0,111.0,1989,Kelvin Upshaw-1989,0.0,Not Selected,Guard,TOT,0.03333333333333334
1988-89,Darnell Valentine,valenda01,SG,29,CLE,77,4,1086,6.1,14.4,0.426,0.1,0.6,0.214,6.0,13.8,0.436,4.1,5.1,0.813,1.0,3.7,4.6,7.8,2.6,0.3,3.7,4.0,16.5,100.0,105.0,1989,Darnell Valentine-1989,0.0,Not Selected,Guard,CLE,0.055609756097560976
1988-89,Kiki Vandeweghe,vandeki01,PF,30,TOT,45,1,934,9.9,21.0,0.469,0.9,2.4,0.396,8.9,18.6,0.479,3.9,4.4,0.899,1.3,2.2,3.5,3.4,0.9,0.5,2.0,3.8,24.6,114.0,113.0,1989,Kiki Vandeweghe-1989,0.0,Not Selected,Forward,TOT,0.03333333333333334
1988-89,Jay Vincent,vinceja01,SF,29,TOT,29,4,646,7.4,18.2,0.405,0.1,0.2,0.33299999999999996,7.3,18.0,0.406,2.8,4.3,0.667,2.7,5.1,7.8,1.9,0.4,0.3,3.0,4.5,17.7,90.0,112.0,1989,Jay Vincent-1989,0.0,Not Selected,Forward,TOT,0.03333333333333334
1988-89,Sam Vincent,vincesa01,PG,25,CHI,70,56,1703,8.0,16.4,0.484,0.1,0.5,0.11800000000000001,7.9,16.0,0.495,3.1,3.7,0.8220000000000001,1.0,4.5,5.5,9.7,1.5,0.3,4.1,3.6,19.1,104.0,110.0,1989,Sam Vincent-1989,0.0,Not Selected,Guard,CHI,0.045853658536585365
1988-89,Darrell Walker,walkeda01,PG,27,WSB,79,78,2565,5.3,12.6,0.42,0.0,0.2,0.0,5.3,12.5,0.426,2.6,3.4,0.772,2.5,6.9,9.4,9.2,2.9,0.4,3.4,4.0,13.2,101.0,106.0,1989,Darrell Walker-1989,0.0,Not Selected,Guard,WAS,0.03902439024390244
1988-89,Kenny Walker,walkeke01,SF,24,NYK,79,2,1163,6.9,14.1,0.489,0.2,0.8,0.25,6.7,13.3,0.503,2.6,3.4,0.7759999999999999,4.0,5.1,9.1,1.4,1.6,1.8,1.7,7.5,16.6,115.0,108.0,1989,Kenny Walker-1989,0.0,Not Selected,Forward,NYK,0.050731707317073174
1988-89,Pearl Washington,washipe01,PG,25,MIA,54,8,1065,7.5,17.6,0.424,0.0,0.6,0.071,7.4,17.0,0.43700000000000006,3.7,4.7,0.7879999999999999,2.2,3.4,5.6,10.3,3.3,0.2,5.6,4.6,18.7,95.0,108.0,1989,Pearl Washington-1989,0.0,Not Selected,Guard,MIA,0.014634146341463415
1988-89,Spud Webb,webbsp01,PG,25,ATL,81,6,1219,5.3,11.6,0.45899999999999996,0.0,0.9,0.045,5.3,10.7,0.493,2.1,2.4,0.867,0.8,4.1,4.9,11.4,2.8,0.2,3.3,4.2,12.8,108.0,108.0,1989,Spud Webb-1989,0.0,Not Selected,Guard,ATL,0.050731707317073174
1988-89,Chris Welp,welpch01,C,25,PHI,72,0,843,5.7,12.8,0.446,0.0,0.1,0.0,5.7,12.8,0.44799999999999995,2.8,4.2,0.6579999999999999,3.4,7.7,11.2,1.7,1.3,2.4,2.4,10.2,14.2,99.0,109.0,1989,Chris Welp-1989,0.0,Not Selected,Center,PHI,0.0448780487804878
1988-89,Bill Wennington,wennibi01,C,25,DAL,65,9,1074,5.5,12.8,0.433,0.0,0.4,0.111,5.5,12.4,0.444,2.8,3.8,0.7440000000000001,3.8,9.5,13.3,2.1,0.7,1.6,2.5,9.8,14.0,100.0,107.0,1989,Bill Wennington-1989,0.0,Not Selected,Center,DAL,0.037073170731707315
1988-89,Mark West,westma01,C,28,PHO,82,32,2019,5.5,8.5,0.653,0.0,0.0,0.0,5.5,8.5,0.653,2.5,4.6,0.535,3.8,8.7,12.5,0.9,0.8,4.3,2.3,6.2,13.5,115.0,103.0,1989,Mark West-1989,0.0,Not Selected,Center,PHO,0.05365853658536585
1988-89,Ennis Whatley,whatlen01,PG,26,LAC,8,0,90,6.1,16.9,0.364,0.0,0.0,0.0,6.1,16.9,0.364,5.1,5.6,0.909,1.0,7.1,8.2,11.2,3.6,0.5,5.6,7.7,17.4,91.0,106.0,1989,Ennis Whatley-1989,0.0,Not Selected,Guard,LAC,0.02048780487804878
1988-89,Clinton Wheeler,wheelcl01,PG,29,TOT,28,0,354,6.0,11.6,0.517,0.0,0.1,0.0,6.0,11.4,0.523,2.0,2.7,0.75,2.3,1.9,4.1,7.2,3.6,0.0,3.2,3.5,14.0,109.0,108.0,1989,Clinton Wheeler-1989,0.0,Not Selected,Guard,TOT,0.03333333333333334
1988-89,Eric White,whiteer01,SF,23,TOT,38,0,436,6.5,12.7,0.517,0.0,0.0,0.0,6.5,12.7,0.517,3.6,4.4,0.81,3.6,3.8,7.4,1.8,1.1,0.1,2.7,4.2,16.7,108.0,114.0,1989,Eric White-1989,0.0,Not Selected,Forward,TOT,0.03333333333333334
1988-89,Jerome Whitehead,whiteje01,C,32,TOT,57,4,622,5.3,13.5,0.396,0.0,0.0,0.0,5.3,13.5,0.396,2.3,3.5,0.66,3.6,6.3,9.9,1.4,1.7,0.3,1.8,8.5,12.9,96.0,109.0,1989,Jerome Whitehead-1989,0.0,Not Selected,Center,TOT,0.03333333333333334
1988-89,Morlon Wiley,wileymo01,PG,22,DAL,51,1,408,5.6,14.0,0.40399999999999997,0.7,2.9,0.25,4.9,11.0,0.444,1.6,2.0,0.813,1.6,4.2,5.8,9.3,3.1,0.7,4.2,7.5,13.6,94.0,107.0,1989,Morlon Wiley-1989,0.0,Not Selected,Guard,DAL,0.037073170731707315
1988-89,Dominique Wilkins,wilkido01,SF,29,ATL,80,80,2997,13.3,28.6,0.46399999999999997,0.5,1.7,0.276,12.8,26.9,0.475,7.2,8.5,0.8440000000000001,4.2,4.8,9.0,3.4,1.9,0.8,2.9,2.2,34.2,114.0,108.0,1989,Dominique Wilkins-1989,3.0,3rd,Forward,ATL,0.050731707317073174
1988-89,Eddie Lee Wilkins,wilkied01,C,26,NYK,71,2,584,9.0,19.3,0.465,0.0,0.1,0.0,9.0,19.2,0.467,4.8,8.7,0.55,5.7,6.0,11.7,0.6,0.8,1.3,4.4,8.7,22.8,96.0,109.0,1989,Eddie Lee Wilkins-1989,0.0,Not Selected,Center,NYK,0.050731707317073174
1988-89,Gerald Wilkins,wilkige01,SG,25,NYK,81,58,2414,8.8,19.5,0.451,1.0,3.3,0.297,7.8,16.3,0.48200000000000004,3.5,4.7,0.7559999999999999,1.8,2.8,4.6,5.2,2.2,0.4,3.2,3.2,22.1,107.0,110.0,1989,Gerald Wilkins-1989,0.0,Not Selected,Guard,NYK,0.050731707317073174
1988-89,Buck Williams,willibu01,PF,28,NJN,74,72,2446,7.3,13.8,0.531,0.0,0.1,0.0,7.3,13.7,0.534,4.2,6.3,0.6659999999999999,4.9,8.8,13.6,1.5,1.2,0.7,2.8,4.4,18.8,112.0,109.0,1989,Buck Williams-1989,0.0,Not Selected,Forward,BRK,0.025365853658536587
1988-89,Herb Williams,willihe01,C,30,TOT,76,66,2470,6.4,14.7,0.436,0.0,0.1,0.0,6.4,14.6,0.439,2.6,3.8,0.6859999999999999,2.7,9.1,11.8,2.5,0.9,2.7,3.0,4.7,15.4,94.0,108.0,1989,Herb Williams-1989,0.0,Not Selected,Center,TOT,0.03333333333333334
1988-89,Hot Rod Williams,williho01,PF,26,CLE,82,10,2125,8.2,16.1,0.509,0.0,0.1,0.25,8.2,16.0,0.51,5.4,7.2,0.748,4.0,7.0,11.0,2.5,1.8,3.1,2.4,4.3,21.8,115.0,101.0,1989,Hot Rod Williams-1989,0.0,Not Selected,Forward,CLE,0.055609756097560976
1988-89,John Williams,willijo02,SF,22,WSB,82,1,2413,8.6,18.5,0.466,0.4,1.4,0.268,8.3,17.1,0.48200000000000004,4.4,5.7,0.7759999999999999,3.1,8.2,11.3,7.0,2.8,1.4,3.1,4.2,22.1,110.0,104.0,1989,John Williams-1989,0.0,Not Selected,Forward,WAS,0.03902439024390244
1988-89,Kevin Williams,willike01,SG,27,TOT,50,0,547,7.0,17.4,0.405,0.1,0.5,0.16699999999999998,7.0,16.9,0.41200000000000003,4.0,5.1,0.78,2.4,3.6,6.1,4.6,2.6,1.0,4.5,7.9,18.2,91.0,109.0,1989,Kevin Williams-1989,0.0,Not Selected,Guard,TOT,0.03333333333333334
1988-89,Micheal Williams,willimi02,PG,22,DET,49,0,358,6.6,18.1,0.364,0.3,1.3,0.222,6.3,16.9,0.375,4.4,6.6,0.66,1.3,2.5,3.8,9.8,1.8,0.4,5.9,6.2,17.8,87.0,107.0,1989,Micheal Williams-1989,0.0,Not Selected,Guard,DET,0.06146341463414634
1988-89,Reggie Williams,willire01,SF,24,LAC,63,17,1303,9.2,21.0,0.43799999999999994,1.1,3.7,0.28800000000000003,8.1,17.3,0.469,3.2,4.3,0.754,2.5,3.8,6.3,3.6,2.9,1.0,4.0,6.4,22.6,95.0,110.0,1989,Reggie Williams-1989,0.0,Not Selected,Forward,LAC,0.02048780487804878
1988-89,David Wingate,wingada01,SG,25,PHI,33,6,372,7.1,15.1,0.47,0.3,0.8,0.33299999999999996,6.8,14.3,0.47700000000000004,3.5,4.5,0.794,1.6,3.3,4.8,9.6,1.2,0.3,4.6,5.6,17.9,103.0,115.0,1989,David Wingate-1989,0.0,Not Selected,Guard,PHI,0.0448780487804878
1988-89,Randy Wittman,wittmra01,SF,29,TOT,64,13,1120,5.6,12.3,0.455,0.1,0.3,0.5,5.5,12.0,0.45399999999999996,1.2,1.8,0.6829999999999999,1.1,2.3,3.4,4.8,1.0,0.1,1.4,1.8,12.5,106.0,115.0,1989,Randy Wittman-1989,0.0,Not Selected,Forward,TOT,0.03333333333333334
1988-89,Joe Wolf,wolfjo01,C,24,LAC,66,15,1450,5.4,12.7,0.423,0.1,0.4,0.14300000000000002,5.3,12.3,0.433,1.4,2.0,0.688,2.6,6.0,8.6,3.6,1.0,0.5,3.0,4.8,12.2,90.0,112.0,1989,Joe Wolf-1989,0.0,Not Selected,Center,LAC,0.02048780487804878
1988-89,David Wood,woodda01,PF,24,CHI,2,0,2,0.0,0.0,0.0,0.0,0.0,0.0,0.0,0.0,0.0,0.0,0.0,0.0,0.0,0.0,0.0,0.0,0.0,0.0,0.0,0.0,0.0,0.0,117.0,1989,David Wood-1989,0.0,Not Selected,Forward,CHI,0.045853658536585365
1988-89,Mike Woodson,woodsmi01,SG,30,HOU,81,79,2259,8.6,19.5,0.43799999999999994,0.6,1.9,0.348,7.9,17.7,0.447,4.1,4.9,0.823,1.1,3.0,4.1,4.3,1.9,0.4,2.8,4.1,21.8,103.0,108.0,1989,Mike Woodson-1989,0.0,Not Selected,Guard,HOU,0.04390243902439024
1988-89,Orlando Woolridge,woolror01,SF,29,LAL,74,0,1491,7.4,15.9,0.46799999999999997,0.0,0.0,0.0,7.4,15.8,0.469,8.1,11.0,0.738,2.6,6.1,8.7,1.9,1.0,2.1,3.3,4.2,23.0,109.0,108.0,1989,Orlando Woolridge-1989,0.0,Not Selected,Forward,LAL,0.055609756097560976
1988-89,James Worthy,worthja01,SF,27,LAL,81,81,2960,11.4,20.8,0.5479999999999999,0.0,0.4,0.087,11.3,20.4,0.556,4.1,5.2,0.782,2.7,5.2,7.9,4.7,1.7,0.9,2.9,2.8,26.8,117.0,108.0,1989,James Worthy-1989,0.0,Not Selected,Forward,LAL,0.055609756097560976
1988-89,Danny Young,youngda01,PG,26,POR,48,2,952,5.6,12.1,0.46,0.8,2.4,0.34,4.8,9.7,0.49,2.4,3.1,0.7809999999999999,0.8,2.8,3.6,6.0,2.7,0.1,2.2,2.4,14.4,112.0,109.0,1989,Danny Young-1989,0.0,Not Selected,Guard,POR,0.03804878048780488
1989-90,Mark Acres,acresma01,C,27,ORL,80,50,1691,3.8,7.8,0.484,0.1,0.1,0.75,3.7,7.7,0.48,2.3,3.3,0.6920000000000001,4.2,7.6,11.7,1.8,1.0,0.7,1.9,6.8,9.9,110.0,114.0,1990,Mark Acres-1990,0.0,Not Selected,Center,ORL,0.016260162601626018
1989-90,Michael Adams,adamsmi01,PG,27,DEN,79,74,2690,6.7,16.7,0.402,2.7,7.3,0.366,4.1,9.4,0.431,4.5,5.3,0.85,0.8,3.0,3.8,8.4,2.0,0.1,2.4,2.3,20.7,114.0,109.0,1990,Michael Adams-1990,0.0,Not Selected,Guard,DEN,0.03884372177055104
1989-90,Mark Aguirre,aguirma01,SF,30,DET,78,40,2005,11.1,22.8,0.488,0.8,2.4,0.33299999999999996,10.3,20.4,0.506,4.9,6.4,0.7559999999999999,3.0,4.8,7.7,3.7,0.9,0.5,3.1,5.1,27.9,111.0,106.0,1990,Mark Aguirre-1990,0.0,Not Selected,Forward,DET,0.053297199638663056
1989-90,Danny Ainge,aingeda01,PG,30,SAC,75,68,2727,9.2,21.0,0.43799999999999994,2.0,5.3,0.374,7.2,15.7,0.46,4.0,4.9,0.831,1.3,4.7,5.9,8.2,2.1,0.3,3.4,4.3,24.4,107.0,110.0,1990,Danny Ainge-1990,0.0,Not Selected,Guard,SAC,0.02077687443541102
1989-90,Mark Alarie,alarima01,PF,26,WSB,82,10,1893,9.5,20.0,0.473,0.3,1.3,0.204,9.2,18.8,0.49,2.8,3.4,0.812,3.9,5.7,9.5,3.6,1.5,1.0,2.6,5.6,21.9,106.0,110.0,1990,Mark Alarie-1990,0.0,Not Selected,Forward,WAS,0.028003613369467027
1989-90,Steve Alford,alforst01,PG,25,DAL,41,0,302,10.6,23.2,0.457,1.2,3.7,0.318,9.4,19.5,0.483,5.9,6.2,0.946,0.3,3.9,4.2,6.6,2.5,0.5,2.7,3.7,28.3,113.0,108.0,1990,Steve Alford-1990,0.0,Not Selected,Guard,DAL,0.04245709123757904
1989-90,Randy Allen,allenra01,SG,25,SAC,63,6,746,7.1,15.9,0.444,0.0,0.5,0.0,7.1,15.4,0.457,1.5,2.9,0.535,3.3,5.9,9.2,1.5,1.1,1.3,1.9,6.8,15.6,95.0,111.0,1990,Randy Allen-1990,0.0,Not Selected,Guard,SAC,0.02077687443541102
1989-90,Greg Anderson,andergr01,PF,25,MIL,60,28,1291,8.3,16.4,0.507,0.0,0.0,0.0,8.3,16.4,0.507,3.5,6.4,0.535,4.2,9.9,14.1,0.9,1.2,2.0,3.0,6.7,20.1,101.0,105.0,1990,Greg Anderson-1990,0.0,Not Selected,Forward,MIL,0.03974706413730804
1989-90,Nick Anderson,anderni01,SG,22,ORL,81,9,1785,9.6,19.4,0.494,0.0,0.4,0.059000000000000004,9.6,19.0,0.504,4.8,6.8,0.705,2.8,5.4,8.2,3.2,1.8,0.9,3.6,3.6,24.0,105.0,114.0,1990,Nick Anderson-1990,0.0,Not Selected,Guard,ORL,0.016260162601626018
1989-90,Richard Anderson,anderri01,PF,29,CHH,54,2,604,7.1,17.1,0.41700000000000004,3.0,8.1,0.37,4.1,9.0,0.45899999999999996,1.5,1.9,0.7829999999999999,2.7,7.6,10.3,4.5,1.6,0.7,2.1,5.2,18.7,106.0,109.0,1990,Richard Anderson-1990,0.0,Not Selected,Forward,CHO,0.017163504968383016
1989-90,Ron Anderson,anderro01,SF,31,PHI,78,3,2089,9.0,20.0,0.451,0.1,0.5,0.14300000000000002,9.0,19.5,0.45899999999999996,3.9,4.7,0.838,1.9,5.1,7.0,3.4,1.7,0.3,1.9,3.4,22.0,108.0,110.0,1990,Ron Anderson-1990,0.0,Not Selected,Forward,PHI,0.04787714543812105
1989-90,Willie Anderson,anderwi01,SG,23,SAS,82,81,2788,9.3,18.9,0.49200000000000005,0.1,0.5,0.26899999999999996,9.2,18.5,0.49700000000000005,3.8,5.1,0.748,2.0,4.5,6.5,6.4,1.9,1.0,3.5,4.4,22.5,108.0,106.0,1990,Willie Anderson-1990,0.0,Not Selected,Guard,SAS,0.05058717253839205
1989-90,Michael Ansley,anslemi01,SF,22,ORL,72,5,1221,8.7,17.6,0.49700000000000005,0.0,0.0,0.0,8.7,17.6,0.49700000000000005,6.2,8.6,0.722,7.1,6.6,13.7,1.5,0.9,0.6,1.9,5.7,23.6,120.0,115.0,1990,Michael Ansley-1990,0.0,Not Selected,Forward,ORL,0.016260162601626018
1989-90,B.J. Armstrong,armstbj01,PG,22,CHI,81,0,1291,7.3,15.1,0.485,0.1,0.2,0.5,7.2,14.8,0.484,2.7,3.0,0.885,0.7,3.2,3.9,7.6,1.8,0.2,3.2,4.0,17.4,107.0,112.0,1990,B.J. Armstrong-1990,0.0,Not Selected,Guard,CHI,0.04968383017163505
1989-90,John Bagley,baglejo01,PG,29,BOS,54,17,1095,4.5,9.7,0.45899999999999996,0.0,0.8,0.055999999999999994,4.4,8.9,0.495,1.3,1.7,0.7440000000000001,1.2,2.8,4.0,13.2,1.8,0.2,4.0,3.4,10.3,102.0,111.0,1990,John Bagley-1990,0.0,Not Selected,Guard,BOS,0.04697380307136405
1989-90,Thurl Bailey,baileth01,SF,28,UTA,82,33,2583,9.1,18.9,0.48100000000000004,0.0,0.2,0.0,9.1,18.7,0.485,4.3,5.5,0.779,2.2,5.7,7.9,2.6,0.6,1.9,2.7,3.4,22.5,105.0,108.0,1990,Thurl Bailey-1990,0.0,Not Selected,Forward,UTA,0.04968383017163505
1989-90,Ken Bannister,bannike01,PF,29,LAC,52,1,589,6.3,13.2,0.478,0.0,0.1,0.0,6.3,13.1,0.48100000000000004,4.3,9.0,0.473,3.2,6.0,9.2,1.5,1.4,0.6,3.6,7.6,16.9,92.0,109.0,1990,Ken Bannister-1990,0.0,Not Selected,Forward,LAC,0.02710027100271003
1989-90,Charles Barkley,barklch01,SF,26,PHI,79,79,3085,11.4,19.0,0.6,0.3,1.5,0.217,11.1,17.5,0.632,9.0,12.0,0.7490000000000001,5.8,8.8,14.7,4.9,2.4,0.8,3.9,4.0,32.1,128.0,105.0,1990,Charles Barkley-1990,1.0,1st,Forward,PHI,0.04787714543812105
1989-90,Dana Barros,barroda01,PG,22,SEA,81,25,1630,9.2,22.8,0.405,2.9,7.4,0.39899999999999997,6.3,15.4,0.408,2.7,3.4,0.809,1.1,3.0,4.1,6.3,1.6,0.0,3.8,3.0,24.2,104.0,113.0,1990,Dana Barros-1990,0.0,Not Selected,Guard,OKC,0.037037037037037035
1989-90,John Battle,battljo01,SG,27,ATL,60,48,1477,9.3,18.4,0.506,0.1,0.4,0.154,9.3,18.0,0.514,3.5,4.6,0.7559999999999999,0.9,2.4,3.4,5.2,0.9,0.1,3.0,3.9,22.2,110.0,117.0,1990,John Battle-1990,0.0,Not Selected,Guard,ATL,0.037037037037037035
1989-90,Kenny Battle,battlke01,SG,25,PHO,59,8,729,6.1,11.1,0.547,0.1,0.3,0.25,6.0,10.9,0.5539999999999999,3.6,5.4,0.6709999999999999,2.9,5.2,8.1,2.5,2.3,0.7,2.1,6.1,15.8,116.0,106.0,1990,Kenny Battle-1990,0.0,Not Selected,Guard,PHO,0.04878048780487805
1989-90,William Bedford,bedfowi01,C,26,DET,42,0,246,11.2,25.8,0.43200000000000005,0.2,1.2,0.16699999999999998,11.0,24.6,0.445,1.9,4.5,0.409,3.1,8.9,12.0,0.8,0.6,3.5,4.3,8.1,24.4,85.0,101.0,1990,William Bedford-1990,0.0,Not Selected,Center,DET,0.053297199638663056
1989-90,Benoit Benjamin,benjabe01,C,25,LAC,71,58,2313,7.6,14.4,0.526,0.0,0.0,0.0,7.6,14.4,0.527,4.9,6.7,0.732,3.3,10.5,13.7,3.3,1.2,3.9,3.9,4.5,20.1,106.0,103.0,1990,Benoit Benjamin-1990,0.0,Not Selected,Center,LAC,0.02710027100271003
1989-90,Winston Bennett,bennewi01,SF,24,CLE,55,34,990,7.0,14.6,0.479,0.0,0.0,0.0,7.0,14.6,0.479,3.3,4.9,0.667,4.3,5.3,9.6,2.8,1.2,0.5,3.2,6.8,17.3,102.0,109.0,1990,Winston Bennett-1990,0.0,Not Selected,Forward,CLE,0.037940379403794036
1989-90,Larry Bird,birdla01,SF,33,BOS,75,75,2944,11.9,25.2,0.473,1.1,3.2,0.33299999999999996,10.8,22.0,0.494,5.3,5.7,0.93,1.5,10.3,11.8,9.3,1.8,1.0,4.0,2.9,30.2,111.0,105.0,1990,Larry Bird-1990,2.0,2nd,Forward,BOS,0.04697380307136405
1989-90,Uwe Blab,blabuw01,C,27,TOT,47,33,531,3.4,8.4,0.39799999999999996,0.0,0.0,0.0,3.4,8.4,0.39799999999999996,1.7,3.2,0.541,2.5,6.8,9.3,2.1,0.1,1.9,3.0,8.8,8.4,83.0,114.0,1990,Uwe Blab-1990,0.0,Not Selected,Center,TOT,0.033333333333333326
1989-90,Rolando Blackman,blackro01,SG,30,DAL,80,80,2934,10.8,21.7,0.498,0.2,0.7,0.302,10.6,21.0,0.505,5.0,5.9,0.8440000000000001,1.5,3.3,4.8,5.0,1.3,0.4,3.0,2.2,26.9,111.0,111.0,1990,Rolando Blackman-1990,0.0,Not Selected,Guard,DAL,0.04245709123757904
1989-90,Mookie Blaylock,blaylmo01,PG,22,NJN,50,17,1267,8.1,21.8,0.371,0.7,3.1,0.225,7.4,18.7,0.395,2.4,3.1,0.778,1.6,3.7,5.3,8.0,3.1,0.5,4.2,4.2,19.3,90.0,108.0,1990,Mookie Blaylock-1990,0.0,Not Selected,Guard,BRK,0.015356820234869015
1989-90,Muggsy Bogues,boguemu01,PG,25,CHH,81,65,2743,5.8,11.8,0.491,0.1,0.5,0.192,5.7,11.4,0.503,1.9,2.4,0.7909999999999999,0.9,2.8,3.7,15.5,3.0,0.1,2.6,3.0,13.6,117.0,110.0,1990,Muggsy Bogues-1990,0.0,Not Selected,Guard,CHO,0.017163504968383016
1989-90,Manute Bol,bolma01,C,27,GSW,75,20,1310,1.9,5.8,0.331,0.3,1.7,0.188,1.6,4.2,0.38799999999999996,0.9,1.7,0.51,1.1,8.4,9.5,1.2,0.4,8.2,1.8,6.7,5.1,76.0,108.0,1990,Manute Bol-1990,0.0,Not Selected,Center,GSW,0.03342366757000903
1989-90,Anthony Bowie,bowiean01,SG,26,HOU,66,0,918,6.2,15.1,0.406,0.3,1.1,0.28600000000000003,5.8,14.1,0.415,2.1,2.8,0.741,1.9,4.2,6.1,5.0,2.2,0.3,3.0,4.1,14.7,93.0,105.0,1990,Anthony Bowie-1990,0.0,Not Selected,Guard,HOU,0.037037037037037035
1989-90,Sam Bowie,bowiesa01,C,28,NJN,68,54,2207,7.6,18.3,0.41600000000000004,0.2,0.7,0.32299999999999995,7.4,17.6,0.42,6.4,8.3,0.7759999999999999,4.5,10.6,15.1,2.0,0.8,2.7,2.7,4.6,21.9,107.0,106.0,1990,Sam Bowie-1990,0.0,Not Selected,Center,BRK,0.015356820234869015
1989-90,Adrian Branch,brancad01,SF,26,MIN,11,0,91,14.5,35.3,0.41,0.6,0.6,1.0,13.9,34.8,0.4,8.1,12.7,0.636,4.6,7.0,11.6,2.3,3.5,0.0,4.6,8.1,37.6,94.0,105.0,1990,Adrian Branch-1990,0.0,Not Selected,Forward,MIN,0.01987353206865402
1989-90,Randy Breuer,breuera01,C,29,TOT,81,55,1879,8.2,19.1,0.428,0.0,0.0,0.0,8.2,19.1,0.429,3.5,5.3,0.653,4.2,7.2,11.4,2.7,1.2,3.0,2.6,5.4,19.8,99.0,107.0,1990,Randy Breuer-1990,0.0,Not Selected,Center,TOT,0.033333333333333326
1989-90,Frank Brickowski,brickfr01,C,30,SAS,78,12,1438,7.2,13.1,0.545,0.0,0.1,0.0,7.2,13.1,0.5479999999999999,3.2,4.8,0.674,3.0,8.1,11.1,3.6,2.2,1.3,3.2,7.7,17.5,109.0,102.0,1990,Frank Brickowski-1990,0.0,Not Selected,Center,SAS,0.05058717253839205
1989-90,Scott Brooks,brooksc01,PG,24,PHI,72,1,975,6.1,14.1,0.431,1.6,4.0,0.392,4.5,10.0,0.447,2.6,2.9,0.877,0.8,2.5,3.3,10.6,2.4,0.0,1.9,5.4,16.3,120.0,110.0,1990,Scott Brooks-1990,0.0,Not Selected,Guard,PHI,0.04787714543812105
1989-90,Chucky Brown,brownch01,SF,21,CLE,75,35,1339,7.9,16.9,0.47,0.0,0.3,0.0,7.9,16.6,0.47700000000000004,4.7,6.2,0.762,3.1,5.6,8.7,1.9,1.2,1.0,2.6,5.6,20.6,105.0,109.0,1990,Chucky Brown-1990,0.0,Not Selected,Forward,CLE,0.037940379403794036
1989-90,Mike Brown,brownmi01,C,26,UTA,82,0,1397,6.3,12.3,0.515,0.0,0.1,0.5,6.3,12.2,0.515,5.6,7.1,0.789,4.0,9.4,13.3,1.7,1.1,1.0,3.1,6.7,18.3,112.0,105.0,1990,Mike Brown-1990,0.0,Not Selected,Center,UTA,0.04968383017163505
1989-90,Raymond Brown,brownra01,PF,24,UTA,16,0,56,7.1,25.0,0.28600000000000003,0.0,0.0,0.0,7.1,25.0,0.28600000000000003,0.0,1.8,0.0,8.9,4.5,13.4,3.6,0.0,0.0,5.4,9.8,14.3,70.0,111.0,1990,Raymond Brown-1990,0.0,Not Selected,Forward,UTA,0.04968383017163505
1989-90,Tony Brown,brownto01,SF,29,MIL,61,10,635,6.8,15.9,0.42700000000000005,0.4,1.5,0.25,6.4,14.3,0.446,2.9,4.3,0.679,3.0,2.5,5.6,3.2,2.5,0.3,3.9,6.1,16.9,92.0,110.0,1990,Tony Brown-1990,0.0,Not Selected,Forward,MIL,0.03974706413730804
1989-90,Stanley Brundy,brundst01,SF,22,NJN,16,0,128,5.7,11.3,0.5,0.0,0.0,0.0,5.7,11.3,0.5,2.6,6.8,0.389,5.7,4.2,9.8,1.1,2.3,1.9,2.3,9.1,14.0,101.0,108.0,1990,Stanley Brundy-1990,0.0,Not Selected,Forward,BRK,0.015356820234869015
1989-90,Mark Bryant,bryanma01,PF,24,POR,58,0,562,5.8,12.8,0.45799999999999996,0.0,0.0,0.0,5.8,12.8,0.45799999999999996,2.3,4.2,0.56,4.5,7.7,12.2,1.1,1.5,0.8,2.1,7.8,14.0,103.0,104.0,1990,Mark Bryant-1990,0.0,Not Selected,Forward,POR,0.053297199638663056
1989-90,Torgeir Bryn,brynto01,C,25,LAC,3,0,10,0.0,9.7,0.0,0.0,0.0,0.0,0.0,9.7,0.0,19.4,29.0,0.667,0.0,9.7,9.7,0.0,9.7,4.8,4.8,24.2,19.4,81.0,85.0,1990,Torgeir Bryn-1990,0.0,Not Selected,Center,LAC,0.02710027100271003
1989-90,Steve Bucknall,bucknst01,SG,23,LAL,18,0,75,6.0,21.9,0.273,0.0,0.7,0.0,6.0,21.3,0.281,3.3,4.0,0.833,3.3,1.3,4.7,6.6,1.3,0.7,7.3,6.6,15.3,70.0,111.0,1990,Steve Bucknall-1990,0.0,Not Selected,Guard,LAL,0.056910569105691054
1989-90,Greg Butler,butlegr01,C,23,NYK,13,0,33,4.4,17.8,0.25,0.0,0.0,0.0,4.4,17.8,0.25,0.0,3.0,0.0,4.4,8.9,13.3,1.5,0.0,0.0,4.4,11.8,8.9,56.0,110.0,1990,Greg Butler-1990,0.0,Not Selected,Center,NYK,0.04065040650406504
1989-90,Michael Cage,cagemi01,C,28,SEA,82,82,2595,6.3,12.5,0.504,0.0,0.0,0.0,6.3,12.5,0.504,2.9,4.1,0.698,5.9,10.0,15.9,1.4,1.5,0.9,1.8,4.5,15.5,118.0,108.0,1990,Michael Cage-1990,0.0,Not Selected,Center,OKC,0.037037037037037035
1989-90,Adrian Caldwell,caldwad01,PF,23,HOU,51,0,331,6.0,10.9,0.5529999999999999,0.0,0.0,0.0,6.0,10.9,0.5529999999999999,1.9,4.0,0.46399999999999997,5.2,10.5,15.6,1.0,1.6,2.6,4.6,9.9,13.9,91.0,100.0,1990,Adrian Caldwell-1990,0.0,Not Selected,Forward,HOU,0.037037037037037035
1989-90,Tony Campbell,campbto01,SG,27,MIN,82,81,3164,12.0,26.3,0.457,0.1,0.9,0.16699999999999998,11.9,25.4,0.46799999999999997,7.5,9.5,0.787,3.5,4.0,7.5,3.5,1.8,0.5,4.2,4.3,31.7,105.0,110.0,1990,Tony Campbell-1990,0.0,Not Selected,Guard,MIN,0.01987353206865402
1989-90,Rick Carlisle,carliri01,SG,30,NJN,5,0,21,2.3,16.1,0.14300000000000002,0.0,6.9,0.0,2.3,9.2,0.25,0.0,0.0,0.0,0.0,0.0,0.0,11.5,2.3,2.3,9.2,16.1,4.6,40.0,110.0,1990,Rick Carlisle-1990,0.0,Not Selected,Guard,BRK,0.015356820234869015
1989-90,Antoine Carr,carran01,PF,28,TOT,77,4,1727,10.3,20.8,0.494,0.0,0.2,0.0,10.3,20.6,0.499,6.8,8.6,0.795,3.3,6.0,9.3,3.4,0.9,2.0,3.6,7.1,27.4,109.0,111.0,1990,Antoine Carr-1990,0.0,Not Selected,Forward,TOT,0.033333333333333326
1989-90,Joe Barry Carroll,carrojo01,C,31,TOT,76,47,1721,8.5,20.8,0.41100000000000003,0.0,0.1,0.0,8.5,20.7,0.41200000000000003,3.8,4.8,0.774,3.6,8.5,12.1,2.7,1.3,3.1,3.9,5.3,20.8,92.0,105.0,1990,Joe Barry Carroll-1990,0.0,Not Selected,Center,TOT,0.033333333333333326
1989-90,Bill Cartwright,cartwbi01,C,32,CHI,71,71,2160,6.7,13.7,0.488,0.0,0.0,0.0,6.7,13.7,0.488,5.2,6.4,0.8109999999999999,3.1,7.5,10.7,3.3,0.9,0.8,2.8,5.6,18.6,112.0,110.0,1990,Bill Cartwright-1990,0.0,Not Selected,Center,CHI,0.04968383017163505
1989-90,Terry Catledge,catlete01,PF,26,ORL,74,72,2462,10.2,21.6,0.474,0.0,0.1,0.25,10.2,21.4,0.47600000000000003,6.4,9.1,0.7020000000000001,5.1,5.5,10.5,1.3,0.7,0.3,3.4,3.8,26.9,106.0,116.0,1990,Terry Catledge-1990,0.0,Not Selected,Forward,ORL,0.016260162601626018
1989-90,Tom Chambers,chambto01,PF,30,PHO,81,81,3046,12.7,25.3,0.501,0.4,1.3,0.27899999999999997,12.3,24.0,0.513,8.7,10.1,0.861,1.9,7.0,8.9,3.0,1.4,0.7,3.4,4.1,34.5,115.0,107.0,1990,Tom Chambers-1990,2.0,2nd,Forward,PHO,0.04878048780487805
1989-90,Rex Chapman,chapmre01,SG,22,CHH,54,52,1762,10.5,25.7,0.408,1.3,3.9,0.331,9.2,21.7,0.42200000000000004,4.0,5.3,0.75,1.4,3.5,5.0,3.7,1.3,0.2,2.8,3.1,26.3,94.0,113.0,1990,Rex Chapman-1990,0.0,Not Selected,Guard,CHO,0.017163504968383016
1989-90,Maurice Cheeks,cheekma01,PG,33,TOT,81,62,2519,5.9,11.8,0.504,0.1,0.3,0.25,5.9,11.5,0.511,3.3,3.9,0.847,1.0,3.7,4.6,8.8,2.4,0.2,2.3,1.5,15.3,119.0,107.0,1990,Maurice Cheeks-1990,0.0,Not Selected,Guard,TOT,0.033333333333333326
1989-90,Derrick Chievous,chievde01,SF,22,TOT,55,0,591,8.5,17.8,0.47700000000000004,0.2,0.7,0.33299999999999996,8.3,17.1,0.483,6.5,9.0,0.721,2.8,4.5,7.3,2.5,2.1,0.4,3.7,5.7,23.8,105.0,106.0,1990,Derrick Chievous-1990,0.0,Not Selected,Forward,TOT,0.033333333333333326
1989-90,Ben Coleman,colembe01,PF,28,MIL,22,0,305,7.4,15.6,0.474,0.0,0.2,0.0,7.4,15.4,0.479,5.5,6.6,0.8290000000000001,5.0,9.0,14.0,1.9,1.1,1.1,4.2,8.7,20.2,104.0,107.0,1990,Ben Coleman-1990,0.0,Not Selected,Forward,MIL,0.03974706413730804
1989-90,Steve Colter,coltest01,PG,27,WSB,73,1,977,7.0,14.7,0.478,0.0,0.2,0.0,7.0,14.4,0.486,3.8,4.7,0.8109999999999999,2.7,6.0,8.7,7.3,2.3,0.5,1.9,4.8,17.8,117.0,108.0,1990,Steve Colter-1990,0.0,Not Selected,Guard,WAS,0.028003613369467027
1989-90,Lester Conner,connele01,PG,30,NJN,82,61,2355,4.9,11.8,0.414,0.0,0.3,0.154,4.8,11.5,0.42,3.5,4.4,0.804,1.8,3.6,5.4,7.9,3.5,0.2,2.8,3.7,13.3,105.0,108.0,1990,Lester Conner-1990,0.0,Not Selected,Guard,BRK,0.015356820234869015
1989-90,Michael Cooper,coopemi01,SG,33,LAL,80,10,1851,5.1,13.3,0.387,1.3,4.2,0.318,3.8,9.0,0.42,2.2,2.5,0.883,1.6,4.5,6.1,5.8,1.8,1.0,2.5,5.5,13.9,104.0,108.0,1990,Michael Cooper-1990,0.0,Not Selected,Guard,LAL,0.056910569105691054
1989-90,Wayne Cooper,coopewa01,C,33,POR,79,0,1176,5.5,12.1,0.45399999999999996,0.0,0.1,0.0,5.5,12.0,0.45799999999999996,1.0,1.6,0.6409999999999999,4.7,8.8,13.5,1.8,0.7,3.8,1.6,8.4,12.0,107.0,102.0,1990,Wayne Cooper-1990,0.0,Not Selected,Center,POR,0.053297199638663056
1989-90,Lanard Copeland,copella01,SG,24,PHI,23,0,110,14.0,30.7,0.456,0.5,2.3,0.2,13.6,28.5,0.47600000000000003,5.0,6.3,0.7859999999999999,1.8,2.7,4.5,4.1,0.5,0.5,8.6,5.4,33.5,87.0,114.0,1990,Lanard Copeland-1990,0.0,Not Selected,Guard,PHI,0.04787714543812105
1989-90,Tyrone Corbin,corbity01,SF,27,MIN,82,80,3011,9.1,19.0,0.48100000000000004,0.0,0.2,0.0,9.1,18.8,0.486,2.8,3.7,0.77,3.8,6.7,10.6,3.8,3.1,0.7,2.5,5.0,21.1,108.0,106.0,1990,Tyrone Corbin-1990,0.0,Not Selected,Forward,MIN,0.01987353206865402
1989-90,Dave Corzine,corzida01,C,33,ORL,6,3,79,6.4,16.9,0.379,0.0,0.0,0.0,6.4,16.9,0.379,0.0,1.2,0.0,4.1,6.4,10.5,1.2,1.2,0.0,4.7,4.1,12.8,71.0,115.0,1990,Dave Corzine-1990,0.0,Not Selected,Center,ORL,0.016260162601626018
1989-90,Pat Cummings,cummipa01,C,33,MIA,37,1,391,9.4,19.3,0.484,0.0,0.0,0.0,9.4,19.3,0.484,2.6,4.5,0.568,3.4,7.9,11.3,1.6,1.5,0.5,3.9,7.3,21.3,94.0,108.0,1990,Pat Cummings-1990,0.0,Not Selected,Center,MIA,0.016260162601626018
1989-90,Terry Cummings,cummite01,PF,28,SAS,81,78,2821,12.6,26.5,0.475,0.3,1.0,0.322,12.3,25.5,0.48100000000000004,5.9,7.6,0.78,3.9,7.8,11.7,3.8,1.9,0.9,3.5,4.9,31.4,109.0,104.0,1990,Terry Cummings-1990,0.0,Not Selected,Forward,SAS,0.05058717253839205
1989-90,Dell Curry,curryde01,SG,25,CHH,67,13,1860,12.1,26.1,0.466,1.4,3.9,0.354,10.8,22.2,0.485,2.5,2.7,0.9229999999999999,0.8,3.6,4.4,4.2,2.6,0.7,2.6,3.9,28.2,101.0,110.0,1990,Dell Curry-1990,0.0,Not Selected,Guard,CHO,0.017163504968383016
1989-90,Quintin Dailey,dailequ01,SG,29,SEA,30,2,491,9.9,24.6,0.40399999999999997,0.1,0.5,0.2,9.8,24.1,0.409,5.3,6.8,0.7879999999999999,1.8,3.4,5.2,3.5,1.2,0.0,3.5,6.5,25.3,98.0,113.0,1990,Quintin Dailey-1990,0.0,Not Selected,Guard,OKC,0.037037037037037035
1989-90,Adrian Dantley,dantlad01,SF,34,DAL,45,45,1300,9.0,18.9,0.47700000000000004,0.0,0.1,0.0,9.0,18.8,0.479,7.8,9.9,0.787,3.0,3.7,6.7,3.1,0.8,0.3,2.9,3.9,25.9,113.0,112.0,1990,Adrian Dantley-1990,0.0,Not Selected,Forward,DAL,0.04245709123757904
1989-90,Brad Daugherty,daughbr01,C,24,CLE,41,40,1438,8.6,17.9,0.479,0.0,0.1,0.0,8.6,17.8,0.48100000000000004,7.1,10.1,0.7040000000000001,2.7,10.4,13.1,4.6,1.0,0.8,3.9,3.8,24.2,106.0,106.0,1990,Brad Daugherty-1990,0.0,Not Selected,Center,CLE,0.037940379403794036
1989-90,Brad Davis,davisbr01,PG,34,DAL,73,2,1292,7.0,14.3,0.49,1.4,4.1,0.337,5.7,10.3,0.552,3.0,3.9,0.77,0.5,3.2,3.7,9.5,1.8,0.4,3.4,5.9,18.5,113.0,109.0,1990,Brad Davis-1990,0.0,Not Selected,Guard,DAL,0.04245709123757904
1989-90,Charles Davis,davisch02,SF,31,CHI,53,0,429,6.7,18.3,0.36700000000000005,0.8,2.9,0.28,5.9,15.4,0.38299999999999995,0.8,0.9,0.875,2.9,6.5,9.4,2.1,1.2,0.9,2.3,6.0,15.0,88.0,110.0,1990,Charles Davis-1990,0.0,Not Selected,Forward,CHI,0.04968383017163505
1989-90,Terry Davis,daviste01,PF,22,MIA,63,9,884,6.6,14.1,0.466,0.0,0.1,0.0,6.6,14.0,0.467,2.9,4.7,0.621,5.0,7.3,12.3,1.3,1.3,1.5,3.7,9.2,16.0,95.0,108.0,1990,Terry Davis-1990,0.0,Not Selected,Forward,MIA,0.016260162601626018
1989-90,Walter Davis,daviswa03,SG,35,DEN,69,0,1635,13.8,28.8,0.48100000000000004,0.2,1.3,0.13,13.7,27.5,0.49700000000000005,5.8,6.3,0.912,1.3,3.7,5.0,4.3,1.6,0.3,2.8,4.5,33.6,107.0,109.0,1990,Walter Davis-1990,0.0,Not Selected,Guard,DEN,0.03884372177055104
1989-90,Johnny Dawkins,dawkijo01,PG,26,PHI,81,81,2865,8.1,16.5,0.489,0.4,1.1,0.33299999999999996,7.7,15.3,0.501,3.6,4.2,0.861,0.8,3.5,4.3,10.4,2.1,0.2,3.7,2.8,20.2,112.0,110.0,1990,Johnny Dawkins-1990,0.0,Not Selected,Guard,PHI,0.04787714543812105
1989-90,Vinny Del Negro,delnevi01,SG,23,SAC,76,29,1858,7.9,17.2,0.462,0.3,0.9,0.313,7.7,16.3,0.47,3.6,4.1,0.871,1.0,4.2,5.3,6.7,1.7,0.3,3.0,4.9,19.7,104.0,111.0,1990,Vinny Del Negro-1990,0.0,Not Selected,Guard,SAC,0.02077687443541102
1989-90,Byron Dinkins,dinkiby01,PG,22,HOU,33,0,362,5.8,14.3,0.40399999999999997,0.1,1.2,0.111,5.6,13.1,0.43,3.4,3.9,0.867,1.7,3.5,5.2,9.8,2.5,0.3,4.9,3.9,15.1,95.0,105.0,1990,Byron Dinkins-1990,0.0,Not Selected,Guard,HOU,0.037037037037037035
1989-90,Vlade Divac,divacvl01,C,21,LAL,82,5,1611,8.5,17.0,0.499,0.0,0.2,0.0,8.5,16.8,0.504,4.7,6.7,0.708,5.2,10.7,15.8,2.3,2.4,3.5,3.4,7.4,21.7,108.0,100.0,1990,Vlade Divac-1990,0.0,Not Selected,Center,LAL,0.056910569105691054
1989-90,James Donaldson,donalja01,C,32,DAL,73,73,2265,5.8,10.7,0.539,0.0,0.0,0.0,5.8,10.7,0.539,3.3,4.8,0.7,3.5,10.7,14.1,1.3,0.5,1.1,2.7,2.9,14.9,109.0,107.0,1990,James Donaldson-1990,0.0,Not Selected,Center,DAL,0.04245709123757904
1989-90,Sherman Douglas,douglsh01,PG,23,MIA,81,66,2470,8.9,18.0,0.494,0.1,0.6,0.161,8.8,17.5,0.505,4.3,6.3,0.687,1.3,2.6,4.0,11.9,2.8,0.2,4.7,3.6,22.2,106.0,110.0,1990,Sherman Douglas-1990,0.0,Not Selected,Guard,MIA,0.016260162601626018
1989-90,Terry Dozier,doziete01,SF,23,CHH,9,0,92,4.8,14.4,0.33299999999999996,0.0,0.5,0.0,4.8,13.8,0.34600000000000003,2.1,4.3,0.5,3.7,4.3,8.0,1.6,3.2,1.1,3.7,5.3,11.7,73.0,108.0,1990,Terry Dozier-1990,0.0,Not Selected,Forward,CHO,0.017163504968383016
1989-90,Greg Dreiling,dreilgr01,C,27,IND,49,0,307,3.2,8.5,0.377,0.0,0.0,0.0,3.2,8.5,0.377,4.0,5.5,0.735,3.4,10.6,14.0,1.3,0.6,2.3,3.1,11.1,10.5,93.0,108.0,1990,Greg Dreiling-1990,0.0,Not Selected,Center,IND,0.037940379403794036
1989-90,Larry Drew,drewla01,PG,31,LAL,80,3,1333,6.4,14.3,0.444,1.2,3.0,0.395,5.2,11.3,0.457,1.7,2.2,0.767,0.4,3.2,3.7,8.1,1.8,0.1,3.6,3.4,15.6,102.0,110.0,1990,Larry Drew-1990,0.0,Not Selected,Guard,LAL,0.056910569105691054
1989-90,Clyde Drexler,drexlcl01,SG,27,POR,73,73,2683,11.7,23.7,0.494,0.5,1.9,0.28300000000000003,11.2,21.9,0.512,5.8,7.5,0.774,3.6,5.2,8.9,7.6,2.5,0.9,3.3,3.9,29.8,117.0,103.0,1990,Clyde Drexler-1990,3.0,3rd,Guard,POR,0.053297199638663056
1989-90,Kevin Duckworth,duckwke01,C,25,POR,82,82,2462,10.4,21.8,0.478,0.0,0.0,0.0,10.4,21.8,0.478,4.4,5.9,0.74,3.5,6.2,9.7,1.7,0.7,0.6,3.3,5.2,25.3,105.0,107.0,1990,Kevin Duckworth-1990,0.0,Not Selected,Center,POR,0.053297199638663056
1989-90,Chris Dudley,dudlech02,PF,24,TOT,64,30,1356,5.3,12.9,0.41100000000000003,0.0,0.0,0.0,5.3,12.9,0.41100000000000003,2.1,6.6,0.319,6.3,9.1,15.4,1.4,1.5,2.6,3.1,6.0,12.8,87.0,105.0,1990,Chris Dudley-1990,0.0,Not Selected,Forward,TOT,0.033333333333333326
1989-90,Joe Dumars,dumarjo01,SG,26,DET,75,71,2578,10.0,20.9,0.48,0.4,1.1,0.4,9.6,19.8,0.485,5.9,6.5,0.9,1.2,3.0,4.2,7.3,1.2,0.0,2.9,2.5,26.3,116.0,107.0,1990,Joe Dumars-1990,3.0,3rd,Guard,DET,0.053297199638663056
1989-90,Mike Dunleavy,dunlemi01,PG,35,MIL,5,0,43,4.6,15.9,0.28600000000000003,2.3,10.2,0.222,2.3,5.7,0.4,8.0,9.1,0.875,0.0,2.3,2.3,11.4,1.1,0.0,9.1,8.0,19.4,85.0,113.0,1990,Mike Dunleavy-1990,0.0,Not Selected,Guard,MIL,0.03974706413730804
1989-90,T.R. Dunn,dunntr01,SF,34,DEN,65,2,657,3.0,6.7,0.45399999999999996,0.0,0.1,0.0,3.0,6.6,0.46299999999999997,1.8,2.7,0.667,3.9,5.7,9.6,3.0,2.8,0.3,1.3,4.6,7.9,113.0,105.0,1990,T.R. Dunn-1990,0.0,Not Selected,Forward,DEN,0.03884372177055104
1989-90,Ledell Eackles,eacklle01,SG,23,WSB,78,8,1696,11.8,26.8,0.439,0.5,1.7,0.322,11.2,25.1,0.447,6.0,8.0,0.75,2.1,2.9,5.0,5.2,1.4,0.1,4.1,4.5,30.0,100.0,113.0,1990,Ledell Eackles-1990,0.0,Not Selected,Guard,WAS,0.028003613369467027
1989-90,Mark Eaton,eatonma01,C,33,UTA,82,82,2281,3.5,6.6,0.527,0.0,0.0,0.0,3.5,6.6,0.527,1.7,2.6,0.669,3.7,9.4,13.2,0.9,0.7,4.4,1.6,5.2,8.7,111.0,102.0,1990,Mark Eaton-1990,0.0,Not Selected,Center,UTA,0.04968383017163505
1989-90,Blue Edwards,edwarbl01,SF,24,UTA,82,49,1889,7.6,14.9,0.507,0.2,0.8,0.3,7.3,14.1,0.519,3.9,5.4,0.7190000000000001,1.8,4.8,6.6,3.8,2.0,1.0,4.0,7.4,19.2,101.0,106.0,1990,Blue Edwards-1990,0.0,Not Selected,Forward,UTA,0.04968383017163505
1989-90,James Edwards,edwarja01,C,34,DET,82,70,2283,10.3,20.7,0.498,0.0,0.1,0.0,10.3,20.6,0.499,5.9,7.9,0.7490000000000001,2.5,5.2,7.7,1.4,0.5,0.8,3.0,6.6,26.5,109.0,106.0,1990,James Edwards-1990,0.0,Not Selected,Center,DET,0.053297199638663056
1989-90,Jay Edwards,edwarja02,SG,21,LAC,4,0,26,5.6,13.0,0.429,0.0,3.7,0.0,5.6,9.3,0.6,1.9,5.6,0.33299999999999996,1.9,1.9,3.7,7.4,1.9,0.0,1.9,7.4,13.0,98.0,111.0,1990,Jay Edwards-1990,0.0,Not Selected,Guard,LAC,0.02710027100271003
1989-90,Kevin Edwards,edwarke01,SG,24,MIA,78,54,2211,8.5,20.6,0.41200000000000003,0.2,0.6,0.3,8.3,20.0,0.41600000000000004,3.0,3.9,0.76,1.7,4.4,6.1,5.4,2.7,0.7,3.9,3.2,20.2,92.0,108.0,1990,Kevin Edwards-1990,0.0,Not Selected,Guard,MIA,0.016260162601626018
1989-90,Craig Ehlo,ehlocr01,SG,28,CLE,81,64,2894,7.6,16.4,0.46399999999999997,1.8,4.3,0.419,5.8,12.1,0.48,2.2,3.2,0.6809999999999999,2.6,5.1,7.7,6.5,2.2,0.4,2.8,3.9,19.2,110.0,108.0,1990,Craig Ehlo-1990,0.0,Not Selected,Guard,CLE,0.037940379403794036
1989-90,Sean Elliott,elliose01,SF,21,SAS,81,69,2032,7.5,15.5,0.48100000000000004,0.0,0.2,0.111,7.4,15.3,0.486,4.5,5.2,0.866,3.0,4.1,7.1,3.7,1.1,0.3,2.7,4.1,19.4,112.0,109.0,1990,Sean Elliott-1990,0.0,Not Selected,Forward,SAS,0.05058717253839205
1989-90,Dale Ellis,ellisda01,SG,29,SEA,55,49,2033,12.4,25.0,0.49700000000000005,2.4,6.3,0.375,10.1,18.7,0.5379999999999999,4.8,5.8,0.818,2.2,3.7,5.9,2.7,1.5,0.2,2.9,3.1,32.0,118.0,113.0,1990,Dale Ellis-1990,0.0,Not Selected,Guard,OKC,0.037037037037037035
1989-90,Pervis Ellison,ellispe01,C,22,SAC,34,22,866,6.4,14.4,0.442,0.0,0.1,0.0,6.4,14.3,0.446,2.8,4.5,0.628,3.7,7.6,11.2,3.7,0.9,3.3,3.6,7.6,15.5,94.0,108.0,1990,Pervis Ellison-1990,0.0,Not Selected,Center,SAC,0.02077687443541102
1989-90,Alex English,englial01,SF,36,DEN,80,80,2211,13.1,26.6,0.491,0.0,0.1,0.4,13.0,26.5,0.491,3.3,3.8,0.88,2.5,3.4,5.9,4.6,1.1,0.5,1.9,2.7,29.5,110.0,110.0,1990,Alex English-1990,0.0,Not Selected,Forward,DEN,0.03884372177055104
1989-90,Patrick Ewing,ewingpa01,C,27,NYK,82,82,3165,14.2,25.8,0.551,0.0,0.1,0.25,14.2,25.8,0.552,7.8,10.0,0.775,3.6,10.2,13.8,2.8,1.2,5.0,4.3,5.0,36.2,115.0,103.0,1990,Patrick Ewing-1990,1.0,1st,Center,NYK,0.04065040650406504
1989-90,Jim Farmer,farmeji01,SG,25,SEA,38,0,400,11.2,25.6,0.43799999999999994,1.0,3.4,0.29600000000000004,10.2,22.2,0.46,7.2,10.1,0.713,2.1,3.3,5.4,3.1,2.1,0.1,3.4,5.5,30.6,107.0,112.0,1990,Jim Farmer-1990,0.0,Not Selected,Guard,OKC,0.037037037037037035
1989-90,Duane Ferrell,ferredu01,SF,24,ATL,14,0,29,8.6,24.2,0.35700000000000004,0.0,1.7,0.0,8.6,22.4,0.385,3.5,10.4,0.33299999999999996,5.2,6.9,12.1,3.5,1.7,0.0,3.5,5.2,20.7,84.0,112.0,1990,Duane Ferrell-1990,0.0,Not Selected,Forward,ATL,0.037037037037037035
1989-90,Vern Fleming,flemive01,PG,27,IND,82,82,2876,8.0,15.8,0.508,0.2,0.6,0.353,7.8,15.2,0.514,4.0,5.1,0.782,2.0,3.5,5.5,10.5,1.6,0.2,3.5,3.7,20.2,115.0,113.0,1990,Vern Fleming-1990,0.0,Not Selected,Guard,IND,0.037940379403794036
1989-90,Sleepy Floyd,floydsl01,PG,29,HOU,82,73,2630,6.5,14.5,0.451,1.6,4.2,0.38,4.9,10.3,0.48,3.4,4.2,0.8059999999999999,0.8,2.7,3.6,10.8,1.7,0.2,3.7,2.9,18.0,111.0,107.0,1990,Sleepy Floyd-1990,0.0,Not Selected,Guard,HOU,0.037037037037037035
1989-90,Tellis Frank,frankte01,PF,24,MIA,77,39,1762,7.5,16.4,0.45799999999999996,0.0,0.0,0.0,7.5,16.4,0.45799999999999996,4.8,6.3,0.765,4.1,6.3,10.4,2.3,1.4,0.7,3.6,7.6,19.8,101.0,109.0,1990,Tellis Frank-1990,0.0,Not Selected,Forward,MIA,0.016260162601626018
1989-90,Corey Gaines,gaineco01,SG,24,PHI,9,0,81,2.5,7.4,0.33299999999999996,0.6,1.2,0.5,1.8,6.1,0.3,0.6,2.5,0.25,0.6,2.5,3.1,16.0,2.5,0.0,6.1,6.8,6.1,82.0,110.0,1990,Corey Gaines-1990,0.0,Not Selected,Guard,PHI,0.04787714543812105
1989-90,Kevin Gamble,gamblke01,SF,24,BOS,71,10,990,6.8,14.9,0.455,0.1,0.9,0.16699999999999998,6.6,14.0,0.473,4.2,5.3,0.794,2.1,3.5,5.5,5.9,1.4,0.4,2.2,3.8,17.9,111.0,111.0,1990,Kevin Gamble-1990,0.0,Not Selected,Forward,BOS,0.04697380307136405
1989-90,Winston Garland,garlawi01,PG,25,TOT,79,19,1762,6.1,15.2,0.401,0.3,1.0,0.33299999999999996,5.8,14.3,0.406,2.7,3.2,0.836,1.4,4.3,5.7,8.0,2.1,0.3,4.2,4.0,15.2,92.0,112.0,1990,Winston Garland-1990,0.0,Not Selected,Guard,TOT,0.033333333333333326
1989-90,Tom Garrick,garrito01,SG,23,LAC,73,22,1721,5.9,11.8,0.494,0.1,0.6,0.19,5.7,11.3,0.51,2.5,3.2,0.772,1.0,3.6,4.6,8.1,2.5,0.2,3.3,4.2,14.3,105.0,109.0,1990,Tom Garrick-1990,0.0,Not Selected,Guard,LAC,0.02710027100271003
1989-90,Kenny Gattison,gattike01,PF,25,CHH,63,2,941,7.7,14.0,0.55,0.1,0.1,1.0,7.6,13.9,0.5489999999999999,3.9,5.7,0.682,3.9,6.3,10.2,2.0,1.8,1.6,3.5,7.8,19.4,105.0,109.0,1990,Kenny Gattison-1990,0.0,Not Selected,Forward,CHO,0.017163504968383016
1989-90,Derrick Gervin,gervide01,PF,26,NJN,21,0,339,13.3,28.1,0.47200000000000003,0.0,0.4,0.0,13.3,27.7,0.479,9.3,12.7,0.73,4.1,5.1,9.3,1.1,2.9,1.0,1.7,6.7,35.8,116.0,107.0,1990,Derrick Gervin-1990,0.0,Not Selected,Forward,BRK,0.015356820234869015
1989-90,Armen Gilliam,gilliar01,PF,25,TOT,76,66,2426,9.7,18.9,0.515,0.0,0.0,0.0,9.7,18.9,0.516,6.1,8.4,0.723,4.2,7.8,12.1,2.0,1.4,1.0,3.7,4.3,25.6,106.0,109.0,1990,Armen Gilliam-1990,0.0,Not Selected,Forward,TOT,0.033333333333333326
1989-90,Mike Gminski,gminsmi01,C,30,PHI,81,81,2659,8.6,18.7,0.457,0.1,0.3,0.17600000000000002,8.5,18.4,0.462,3.6,4.4,0.821,3.7,9.2,12.8,2.4,0.8,1.9,1.8,2.5,20.8,110.0,107.0,1990,Mike Gminski-1990,0.0,Not Selected,Center,PHI,0.04787714543812105
1989-90,Gary Grant,grantga01,PG,24,LAC,44,44,1529,7.6,16.4,0.466,0.2,0.7,0.23800000000000002,7.5,15.7,0.47600000000000003,2.8,3.6,0.779,1.9,4.3,6.2,14.0,3.4,0.2,6.5,3.8,18.2,97.0,107.0,1990,Gary Grant-1990,0.0,Not Selected,Guard,LAC,0.02710027100271003
1989-90,Greg Grant,grantgr01,PG,23,PHO,67,3,678,5.8,15.2,0.384,0.2,1.1,0.188,5.6,14.1,0.4,2.7,4.1,0.6609999999999999,1.1,3.0,4.1,11.8,2.5,0.1,5.4,4.1,14.6,90.0,108.0,1990,Greg Grant-1990,0.0,Not Selected,Guard,PHO,0.04878048780487805
1989-90,Harvey Grant,grantha01,PF,24,WSB,81,25,1846,7.4,15.7,0.473,0.0,0.2,0.0,7.4,15.5,0.479,2.5,3.6,0.701,3.6,5.3,8.9,3.4,1.4,1.1,2.2,5.1,17.4,106.0,110.0,1990,Harvey Grant-1990,0.0,Not Selected,Forward,WAS,0.028003613369467027
1989-90,Horace Grant,grantho01,PF,24,CHI,80,80,2753,8.0,15.4,0.523,0.0,0.0,0.0,8.0,15.4,0.523,3.2,4.6,0.6990000000000001,4.3,7.1,11.3,4.1,1.7,1.5,2.0,4.1,19.3,118.0,108.0,1990,Horace Grant-1990,0.0,Not Selected,Forward,CHI,0.04968383017163505
1989-90,Stuart Gray,grayst01,C,26,TOT,58,1,560,3.7,8.7,0.424,0.0,0.4,0.0,3.7,8.2,0.447,2.8,4.1,0.6809999999999999,3.5,9.2,12.7,1.7,1.3,2.3,2.1,7.9,10.1,99.0,107.0,1990,Stuart Gray-1990,0.0,Not Selected,Center,TOT,0.033333333333333326
1989-90,Jeff Grayer,grayeje01,SF,24,MIL,71,40,1427,7.7,16.7,0.46,0.0,0.3,0.125,7.7,16.4,0.466,3.4,5.2,0.6509999999999999,3.2,4.2,7.4,3.7,1.6,0.3,2.8,4.3,18.8,102.0,110.0,1990,Jeff Grayer-1990,0.0,Not Selected,Forward,MIL,0.03974706413730804
1989-90,A.C. Green,greenac01,PF,26,LAL,82,82,2709,7.1,14.8,0.478,0.2,0.8,0.28300000000000003,6.8,14.0,0.489,5.1,6.8,0.7509999999999999,4.8,8.3,13.1,1.7,1.2,0.9,2.1,3.8,19.5,116.0,107.0,1990,A.C. Green-1990,0.0,Not Selected,Forward,LAL,0.056910569105691054
1989-90,Rickey Green,greenri01,PG,35,IND,69,0,927,5.3,12.3,0.433,0.1,0.6,0.091,5.3,11.7,0.45,2.3,2.7,0.843,0.5,2.4,2.9,9.7,2.7,0.1,3.3,3.2,13.0,101.0,112.0,1990,Rickey Green-1990,0.0,Not Selected,Guard,IND,0.037940379403794036
1989-90,Sidney Green,greensi02,C,29,ORL,73,31,1860,7.7,16.5,0.46799999999999997,0.0,0.1,0.33299999999999996,7.7,16.5,0.46799999999999997,3.4,5.2,0.6509999999999999,4.1,10.5,14.6,2.5,1.2,0.6,2.9,5.7,18.9,102.0,112.0,1990,Sidney Green-1990,0.0,Not Selected,Center,ORL,0.016260162601626018
1989-90,Dave Greenwood,greenda01,PF,32,DET,37,0,205,5.5,12.9,0.423,0.0,0.0,0.0,5.5,12.9,0.423,4.0,7.2,0.552,6.0,13.4,19.4,3.0,1.0,2.2,4.0,9.9,14.9,95.0,98.0,1990,Dave Greenwood-1990,0.0,Not Selected,Forward,DET,0.053297199638663056
1989-90,Darrell Griffith,griffda01,SG,31,UTA,82,1,1444,10.4,22.5,0.46399999999999997,2.8,7.4,0.37200000000000005,7.6,15.0,0.509,1.8,2.7,0.654,1.5,4.3,5.7,2.2,2.4,0.7,2.6,5.2,25.4,103.0,106.0,1990,Darrell Griffith-1990,0.0,Not Selected,Guard,UTA,0.04968383017163505
1989-90,Scott Haffner,haffnsc01,PG,23,MIA,43,6,559,7.5,18.4,0.406,0.3,1.8,0.14300000000000002,7.2,16.7,0.434,1.4,2.1,0.68,0.6,3.7,4.3,6.8,1.1,0.2,2.8,4.5,16.7,93.0,112.0,1990,Scott Haffner-1990,0.0,Not Selected,Guard,MIA,0.016260162601626018
1989-90,Jack Haley,haleyja01,PF,26,TOT,67,26,1084,6.2,15.5,0.39799999999999996,0.0,0.0,0.0,6.2,15.5,0.39899999999999997,3.8,5.6,0.68,5.1,8.3,13.4,1.2,0.8,0.5,3.2,7.6,16.1,94.0,109.0,1990,Jack Haley-1990,0.0,Not Selected,Forward,TOT,0.033333333333333326
1989-90,Tom Hammonds,hammoto01,PF,22,WSB,61,8,805,7.7,17.7,0.43700000000000006,0.0,0.1,0.0,7.7,17.6,0.439,3.8,5.9,0.643,3.7,6.4,10.1,3.1,0.7,0.8,2.8,5.9,19.3,99.0,111.0,1990,Tom Hammonds-1990,0.0,Not Selected,Forward,WAS,0.028003613369467027
1989-90,Bob Hansen,hansebo01,SG,29,UTA,81,81,2174,6.1,13.1,0.467,1.2,3.5,0.35100000000000003,4.8,9.5,0.51,0.8,1.5,0.516,1.5,3.7,5.3,3.4,1.2,0.3,1.8,4.5,14.2,105.0,109.0,1990,Bob Hansen-1990,0.0,Not Selected,Guard,UTA,0.04968383017163505
1989-90,Bill Hanzlik,hanzlbi01,PF,32,DEN,81,0,1605,5.1,11.2,0.452,0.2,0.9,0.19399999999999998,4.9,10.4,0.474,3.9,5.2,0.743,1.9,4.0,5.9,5.3,2.2,0.8,2.5,7.1,14.2,107.0,107.0,1990,Bill Hanzlik-1990,0.0,Not Selected,Forward,DEN,0.03884372177055104
1989-90,Tim Hardaway,hardati01,PG,23,GSW,79,78,2663,7.9,16.8,0.47100000000000003,0.4,1.4,0.27399999999999997,7.5,15.3,0.489,3.6,4.7,0.764,1.0,4.3,5.3,11.7,2.8,0.2,4.4,3.9,19.8,105.0,112.0,1990,Tim Hardaway-1990,0.0,Not Selected,Guard,GSW,0.03342366757000903
1989-90,Derek Harper,harpede01,PG,28,DAL,82,82,3007,9.6,19.6,0.488,1.5,4.1,0.371,8.1,15.6,0.519,4.2,5.3,0.794,0.9,3.2,4.1,10.3,3.2,0.4,3.5,3.8,24.9,115.0,107.0,1990,Derek Harper-1990,0.0,Not Selected,Guard,DAL,0.04245709123757904
1989-90,Ron Harper,harpero01,SG,26,TOT,35,35,1367,10.7,22.7,0.473,0.5,1.8,0.275,10.2,20.9,0.49,6.5,8.2,0.7879999999999999,2.6,4.7,7.4,6.5,2.9,1.5,3.6,3.7,28.5,110.0,106.0,1990,Ron Harper-1990,0.0,Not Selected,Guard,TOT,0.033333333333333326
1989-90,Steve Harris,harrist01,SG,26,LAC,15,0,93,7.3,20.8,0.35,0.0,0.0,0.0,7.3,20.8,0.35,1.6,2.1,0.75,2.6,2.6,5.2,0.5,3.6,0.5,2.6,4.7,16.1,78.0,107.0,1990,Steve Harris-1990,0.0,Not Selected,Guard,LAC,0.02710027100271003
1989-90,Scott Hastings,hastisc01,PF,29,DET,40,0,166,3.1,10.1,0.303,0.9,3.7,0.25,2.1,6.4,0.33299999999999996,5.8,6.7,0.8640000000000001,2.1,7.7,9.8,2.5,0.9,0.9,2.1,9.5,12.9,106.0,103.0,1990,Scott Hastings-1990,0.0,Not Selected,Forward,DET,0.053297199638663056
1989-90,Hersey Hawkins,hawkihe01,SG,23,PHI,82,82,2856,9.1,19.8,0.46,1.5,3.5,0.42,7.6,16.3,0.46799999999999997,6.7,7.6,0.888,1.5,3.8,5.3,4.5,2.3,0.5,3.2,3.8,26.4,114.0,109.0,1990,Hersey Hawkins-1990,0.0,Not Selected,Guard,PHI,0.04787714543812105
1989-90,Gerald Henderson,hendege01,PG,34,TOT,57,0,464,5.7,11.8,0.486,1.8,4.1,0.447,3.9,7.7,0.507,1.3,1.6,0.8,1.2,3.5,4.7,8.0,1.7,0.2,2.6,5.4,14.6,117.0,107.0,1990,Gerald Henderson-1990,0.0,Not Selected,Guard,TOT,0.033333333333333326
1989-90,Mike Higgins,higgimi01,SF,22,TOT,11,0,50,2.8,7.5,0.375,0.0,0.0,0.0,2.8,7.5,0.375,7.5,9.4,0.8,1.9,1.9,3.8,2.8,1.9,1.9,0.9,4.7,13.2,126.0,109.0,1990,Mike Higgins-1990,0.0,Not Selected,Forward,TOT,0.033333333333333326
1989-90,Rod Higgins,higgiro01,PF,30,GSW,82,22,1993,6.9,14.4,0.48100000000000004,1.5,4.4,0.34700000000000003,5.4,10.0,0.54,5.3,6.5,0.821,2.7,6.9,9.6,2.9,1.1,1.2,2.1,4.2,20.7,120.0,113.0,1990,Rod Higgins-1990,0.0,Not Selected,Forward,GSW,0.03342366757000903
1989-90,Roy Hinson,hinsoro01,PF,28,NJN,25,19,793,8.8,17.4,0.507,0.0,0.0,0.0,8.8,17.4,0.507,5.2,6.0,0.8690000000000001,3.7,6.8,10.5,1.3,0.9,1.6,3.2,5.3,22.9,112.0,110.0,1990,Roy Hinson-1990,0.0,Not Selected,Forward,BRK,0.015356820234869015
1989-90,Craig Hodges,hodgecr01,SG,29,CHI,63,0,1055,6.8,15.6,0.43799999999999994,4.1,8.5,0.48100000000000004,2.7,7.1,0.387,1.4,1.6,0.909,0.5,2.0,2.5,5.2,1.4,0.1,1.4,4.1,19.1,123.0,114.0,1990,Craig Hodges-1990,0.0,Not Selected,Guard,CHI,0.04968383017163505
1989-90,Mike Holton,holtomi01,PG,28,CHH,16,0,109,6.3,11.7,0.5379999999999999,0.0,0.0,0.0,6.3,11.7,0.5379999999999999,0.4,0.9,0.5,0.4,0.4,0.9,7.2,0.4,0.0,5.8,8.5,13.0,83.0,117.0,1990,Mike Holton-1990,0.0,Not Selected,Guard,CHO,0.017163504968383016
1989-90,Dave Hoppen,hoppeda01,C,25,CHH,10,2,135,5.8,14.9,0.39,0.0,0.0,0.0,5.8,14.9,0.39,2.9,3.6,0.8,6.9,6.2,13.1,2.2,0.7,0.4,2.9,9.4,14.5,96.0,112.0,1990,Dave Hoppen-1990,0.0,Not Selected,Center,CHO,0.017163504968383016
1989-90,Dennis Hopson,hopsode01,SG,24,NJN,79,64,2551,9.0,20.7,0.434,0.6,1.9,0.317,8.4,18.8,0.446,5.1,6.5,0.792,2.1,3.1,5.3,2.9,1.9,1.0,3.2,3.5,23.7,103.0,111.0,1990,Dennis Hopson-1990,0.0,Not Selected,Guard,BRK,0.015356820234869015
1989-90,Tito Horford,horfoti01,C,24,MIL,35,0,236,3.7,12.9,0.29,0.0,0.0,0.0,3.7,12.9,0.29,3.1,5.0,0.625,3.9,8.3,12.2,0.4,1.0,3.3,2.9,6.8,10.6,77.0,106.0,1990,Tito Horford-1990,0.0,Not Selected,Center,MIL,0.03974706413730804
1989-90,Jeff Hornacek,hornaje01,SG,26,PHO,67,60,2278,10.1,18.9,0.536,0.8,2.1,0.408,9.3,16.8,0.552,3.6,4.2,0.856,1.8,4.8,6.6,7.1,2.4,0.3,2.6,3.0,24.7,121.0,106.0,1990,Jeff Hornacek-1990,0.0,Not Selected,Guard,PHO,0.04878048780487805
1989-90,Ed Horton,hortoed01,PF,22,WSB,45,10,374,10.3,20.9,0.494,0.0,0.5,0.0,10.3,20.4,0.506,5.4,8.9,0.609,7.6,6.3,13.9,2.5,1.2,0.6,5.0,8.1,26.1,101.0,110.0,1990,Ed Horton-1990,0.0,Not Selected,Forward,WAS,0.028003613369467027
1989-90,Eddie Hughes,hugheed01,PG,29,DEN,60,7,892,4.2,10.3,0.41100000000000003,1.0,2.5,0.408,3.2,7.8,0.41200000000000003,1.2,1.7,0.6759999999999999,0.8,2.8,3.6,5.9,2.5,0.1,2.0,4.4,10.7,101.0,108.0,1990,Eddie Hughes-1990,0.0,Not Selected,Guard,DEN,0.03884372177055104
1989-90,Jay Humphries,humphja01,PG,27,MIL,81,81,2818,8.6,17.5,0.494,0.4,1.2,0.3,8.3,16.2,0.508,3.9,5.0,0.7859999999999999,1.4,3.3,4.7,8.2,2.7,0.2,2.6,4.4,21.5,115.0,109.0,1990,Jay Humphries-1990,0.0,Not Selected,Guard,MIL,0.03974706413730804
1989-90,Byron Irvin,irvinby01,SG,23,POR,50,2,488,9.2,19.5,0.473,0.5,1.3,0.35700000000000004,8.7,18.2,0.48100000000000004,5.9,8.7,0.67,2.9,4.2,7.1,4.5,2.7,0.1,3.7,3.8,24.8,107.0,105.0,1990,Byron Irvin-1990,0.0,Not Selected,Guard,POR,0.053297199638663056
1989-90,Jaren Jackson,jacksja01,SG,22,NJN,28,0,160,7.6,20.8,0.36200000000000004,0.0,0.9,0.0,7.6,19.9,0.379,5.1,6.3,0.81,4.8,2.4,7.3,3.9,3.9,0.3,5.4,4.8,20.2,87.0,108.0,1990,Jaren Jackson-1990,0.0,Not Selected,Guard,BRK,0.015356820234869015
1989-90,Mark Jackson,jacksma01,PG,24,NYK,82,69,2428,6.6,15.1,0.43700000000000006,0.7,2.6,0.267,5.9,12.4,0.47200000000000003,2.4,3.3,0.727,2.1,4.3,6.4,12.2,2.2,0.1,4.2,2.4,16.3,105.0,110.0,1990,Mark Jackson-1990,0.0,Not Selected,Guard,NYK,0.04065040650406504
1989-90,Michael Jackson,jacksmi02,PG,25,SAC,17,0,58,2.6,9.4,0.273,0.9,1.7,0.5,1.7,7.7,0.222,2.6,5.1,0.5,1.7,4.3,6.0,6.8,4.3,0.0,3.4,2.6,8.6,81.0,106.0,1990,Michael Jackson-1990,0.0,Not Selected,Guard,SAC,0.02077687443541102
1989-90,Avery Johnson,johnsav01,PG,24,SEA,53,10,575,4.8,12.4,0.387,0.1,0.4,0.25,4.7,12.1,0.391,2.5,3.5,0.725,1.8,1.9,3.8,14.2,2.3,0.1,4.2,4.8,12.3,103.0,112.0,1990,Avery Johnson-1990,0.0,Not Selected,Guard,OKC,0.037037037037037035
1989-90,Buck Johnson,johnsbu01,SF,26,HOU,82,82,2832,8.4,17.1,0.495,0.0,0.3,0.11800000000000001,8.4,16.8,0.501,3.4,4.5,0.759,1.9,4.5,6.4,4.2,1.7,1.0,2.8,5.4,20.4,107.0,105.0,1990,Buck Johnson-1990,0.0,Not Selected,Forward,HOU,0.037037037037037035
1989-90,Dennis Johnson,johnsde01,PG,35,BOS,75,65,2036,4.9,11.4,0.434,0.0,0.6,0.042,4.9,10.8,0.455,2.8,3.4,0.843,1.2,3.7,4.8,11.6,1.9,0.3,2.8,4.3,12.8,110.0,109.0,1990,Dennis Johnson-1990,0.0,Not Selected,Guard,BOS,0.04697380307136405
1989-90,Eddie Johnson,johnsed03,SF,30,PHO,64,4,1811,10.8,23.9,0.45299999999999996,1.8,4.8,0.38,9.0,19.0,0.47200000000000003,4.9,5.4,0.917,1.8,4.7,6.5,2.8,0.8,0.3,2.8,4.6,28.4,109.0,110.0,1990,Eddie Johnson-1990,0.0,Not Selected,Forward,PHO,0.04878048780487805
1989-90,Eric Johnson,johnser01,PG,23,UTA,48,2,272,3.7,15.4,0.23800000000000002,0.2,1.1,0.16699999999999998,3.5,14.3,0.244,2.4,3.1,0.765,1.5,3.7,5.1,11.8,3.1,0.4,4.8,9.0,9.9,77.0,105.0,1990,Eric Johnson-1990,0.0,Not Selected,Guard,UTA,0.04968383017163505
1989-90,Kevin Johnson,johnske02,PG,23,PHO,74,74,2782,9.9,19.9,0.499,0.1,0.7,0.195,9.8,19.2,0.51,8.6,10.2,0.838,0.7,3.9,4.6,14.5,1.6,0.2,4.5,2.5,28.5,120.0,109.0,1990,Kevin Johnson-1990,2.0,2nd,Guard,PHO,0.04878048780487805
1989-90,Magic Johnson,johnsma02,PG,30,LAL,79,79,2937,9.3,19.3,0.48,1.8,4.7,0.384,7.5,14.6,0.51,9.6,10.8,0.89,2.2,6.7,8.9,15.4,2.2,0.6,4.9,2.8,30.0,126.0,106.0,1990,Magic Johnson-1990,1.0,1st,Guard,LAL,0.056910569105691054
1989-90,Marques Johnson,johnsma01,SF,33,GSW,10,0,99,5.5,14.6,0.375,0.9,1.4,0.667,4.6,13.3,0.345,6.4,7.8,0.8240000000000001,3.7,4.1,7.8,4.1,0.0,0.5,4.6,5.5,18.3,98.0,118.0,1990,Marques Johnson-1990,0.0,Not Selected,Forward,GSW,0.03342366757000903
1989-90,Steve Johnson,johnsst03,C,32,TOT,25,0,259,9.4,17.9,0.522,0.0,0.0,0.0,9.4,17.9,0.522,4.1,6.8,0.6,3.7,6.6,10.3,3.3,0.6,1.0,6.0,10.9,22.8,96.0,111.0,1990,Steve Johnson-1990,0.0,Not Selected,Center,TOT,0.033333333333333326
1989-90,Vinnie Johnson,johnsvi01,SG,33,DET,82,12,1972,8.6,20.0,0.431,0.1,0.9,0.147,8.5,19.1,0.444,3.4,5.1,0.6679999999999999,2.8,3.8,6.6,6.6,1.8,0.3,3.2,3.7,20.7,101.0,105.0,1990,Vinnie Johnson-1990,0.0,Not Selected,Guard,DET,0.053297199638663056
1989-90,Nate Johnston,johnsna01,PF-SF,23,TOT,21,0,87,9.8,26.1,0.375,0.5,2.2,0.25,9.3,23.9,0.386,4.9,7.1,0.6920000000000001,7.1,5.4,12.5,0.5,1.6,4.4,3.3,6.0,25.0,95.0,102.0,1990,Nate Johnston-1990,0.0,Not Selected,Forward,TOT,0.033333333333333326
1989-90,Anthony Jones,jonesan01,SG,27,DAL,66,0,650,5.6,15.2,0.371,0.3,1.0,0.308,5.3,14.1,0.376,3.7,5.4,0.6809999999999999,2.6,3.8,6.4,2.3,2.5,1.3,3.3,6.0,15.2,88.0,107.0,1990,Anthony Jones-1990,0.0,Not Selected,Guard,DAL,0.04245709123757904
1989-90,Caldwell Jones,jonesca01,PF,39,SAS,72,2,885,3.7,7.9,0.465,0.1,0.3,0.2,3.6,7.7,0.475,2.1,3.0,0.7040000000000001,4.2,8.5,12.7,1.1,1.1,1.5,2.6,8.0,9.5,99.0,104.0,1990,Caldwell Jones-1990,0.0,Not Selected,Forward,SAS,0.05058717253839205
1989-90,Charles Jones,jonesch01,C,32,WSB,81,81,2240,2.0,4.0,0.508,0.0,0.0,0.0,2.0,4.0,0.508,1.5,2.3,0.648,3.1,7.7,10.9,3.0,1.1,4.2,1.6,6.4,5.5,111.0,106.0,1990,Charles Jones-1990,0.0,Not Selected,Center,WAS,0.028003613369467027
1989-90,Michael Jordan,jordami01,SG,26,CHI,82,82,3197,16.0,30.5,0.526,1.4,3.8,0.376,14.6,26.7,0.5479999999999999,9.2,10.8,0.848,2.2,6.6,8.8,8.1,3.5,0.8,3.8,3.7,42.7,123.0,106.0,1990,Michael Jordan-1990,1.0,1st,Guard,CHI,0.04968383017163505
1989-90,Shawn Kemp,kempsh01,PF,20,SEA,81,1,1120,9.1,19.1,0.479,0.1,0.5,0.16699999999999998,9.0,18.5,0.488,5.3,7.1,0.736,6.6,9.0,15.6,1.2,2.1,3.1,4.8,9.2,23.6,103.0,105.0,1990,Shawn Kemp-1990,0.0,Not Selected,Forward,OKC,0.037037037037037035
1989-90,Tim Kempton,kemptti01,PF,26,DEN,71,14,1061,6.6,13.4,0.49,0.0,0.0,0.0,6.6,13.3,0.49200000000000005,3.3,4.9,0.675,2.2,7.2,9.4,5.1,1.3,0.4,3.4,6.2,16.4,101.0,107.0,1990,Tim Kempton-1990,0.0,Not Selected,Forward,DEN,0.03884372177055104
1989-90,Steve Kerr,kerrst01,PG,24,CLE,78,5,1664,5.8,13.1,0.444,2.2,4.4,0.507,3.6,8.7,0.413,1.9,2.2,0.863,0.4,2.6,3.0,7.5,1.4,0.2,2.2,1.8,15.8,114.0,111.0,1990,Steve Kerr-1990,0.0,Not Selected,Guard,CLE,0.037940379403794036
1989-90,Jerome Kersey,kerseje01,SF,27,POR,82,82,2843,8.6,17.9,0.478,0.0,0.3,0.15,8.5,17.6,0.485,4.4,6.4,0.69,4.1,7.2,11.4,3.1,2.0,1.0,2.4,5.0,21.6,112.0,103.0,1990,Jerome Kersey-1990,0.0,Not Selected,Forward,POR,0.053297199638663056
1989-90,Randolph Keys,keysra01,SF,23,TOT,80,18,1615,9.0,20.9,0.43200000000000005,0.4,1.3,0.326,8.6,19.6,0.439,3.1,4.3,0.721,3.1,4.7,7.8,2.7,2.1,0.2,2.6,6.9,21.6,97.0,109.0,1990,Randolph Keys-1990,0.0,Not Selected,Forward,TOT,0.033333333333333326
1989-90,Stan Kimbrough,kimbrst01,PG,23,DET,10,0,50,7.1,16.3,0.43799999999999994,0.0,0.0,0.0,7.1,16.3,0.43799999999999994,2.0,2.0,1.0,4.1,3.1,7.1,5.1,4.1,0.0,4.1,4.1,16.3,97.0,101.0,1990,Stan Kimbrough-1990,0.0,Not Selected,Guard,DET,0.053297199638663056
1989-90,Bernard King,kingbe01,SF,33,WSB,82,82,2687,12.8,26.2,0.48700000000000004,0.1,0.4,0.13,12.7,25.8,0.493,7.4,9.2,0.8029999999999999,2.3,4.9,7.3,6.8,0.9,0.1,4.5,4.1,33.0,108.0,112.0,1990,Bernard King-1990,0.0,Not Selected,Forward,WAS,0.028003613369467027
1989-90,Stacey King,kingst01,PF,23,CHI,82,2,1777,7.5,14.8,0.504,0.0,0.0,0.0,7.5,14.8,0.505,5.4,7.5,0.727,4.7,6.0,10.7,2.4,1.1,1.6,3.3,6.0,20.3,111.0,110.0,1990,Stacey King-1990,0.0,Not Selected,Forward,CHI,0.04968383017163505
1989-90,Greg Kite,kitegr01,C,28,SAC,71,47,1515,3.3,7.7,0.43200000000000005,0.0,0.0,1.0,3.3,7.6,0.429,0.9,1.8,0.5,4.3,8.1,12.4,2.5,1.0,1.7,2.5,6.6,7.5,93.0,109.0,1990,Greg Kite-1990,0.0,Not Selected,Center,SAC,0.02077687443541102
1989-90,Joe Kleine,kleinjo01,C,28,BOS,81,4,1365,6.3,13.1,0.48,0.0,0.1,0.0,6.3,13.0,0.485,3.0,3.6,0.83,4.2,8.5,12.7,1.6,0.5,1.0,2.3,6.1,15.6,108.0,109.0,1990,Joe Kleine-1990,0.0,Not Selected,Center,BOS,0.04697380307136405
1989-90,Jon Koncak,koncajo01,C,26,ATL,54,28,977,4.0,6.5,0.614,0.0,0.1,0.0,4.0,6.5,0.619,2.2,4.0,0.532,3.0,8.6,11.6,1.2,1.9,1.7,2.4,9.3,10.1,107.0,109.0,1990,Jon Koncak-1990,0.0,Not Selected,Center,ATL,0.037037037037037035
1989-90,Frank Kornet,kornefr01,PF,23,MIL,57,0,438,4.7,12.7,0.368,0.6,2.2,0.25,4.1,10.5,0.39399999999999996,2.7,4.4,0.615,2.8,5.1,7.9,2.3,1.6,0.3,2.6,6.0,12.6,91.0,110.0,1990,Frank Kornet-1990,0.0,Not Selected,Forward,MIL,0.03974706413730804
1989-90,Larry Krystkowiak,krystla01,PF,25,MIL,16,7,381,5.5,15.2,0.364,0.0,0.3,0.0,5.5,14.9,0.371,3.3,4.2,0.7879999999999999,2.1,7.7,9.8,3.2,1.3,0.3,2.4,5.3,14.4,92.0,109.0,1990,Larry Krystkowiak-1990,0.0,Not Selected,Forward,MIL,0.03974706413730804
1989-90,Bill Laimbeer,laimbbi01,C,32,DET,81,81,2675,7.2,14.9,0.484,1.1,3.0,0.361,6.1,11.9,0.515,3.1,3.7,0.8540000000000001,3.2,11.7,14.8,3.3,1.1,1.6,1.9,5.3,18.7,119.0,100.0,1990,Bill Laimbeer-1990,0.0,Not Selected,Center,DET,0.053297199638663056
1989-90,Jerome Lane,laneje01,PF,23,DEN,67,46,956,6.9,14.7,0.469,0.0,0.2,0.0,6.9,14.5,0.47700000000000004,2.1,5.7,0.36700000000000005,6.9,10.3,17.2,5.0,2.5,0.8,4.0,9.0,15.9,96.0,102.0,1990,Jerome Lane-1990,0.0,Not Selected,Forward,DEN,0.03884372177055104
1989-90,Andrew Lang,langan01,C,23,PHO,74,0,1011,4.6,8.2,0.557,0.0,0.0,0.0,4.6,8.2,0.557,3.0,4.6,0.653,3.9,8.9,12.8,1.0,1.0,6.3,1.9,8.1,12.2,116.0,101.0,1990,Andrew Lang-1990,0.0,Not Selected,Center,PHO,0.04878048780487805
1989-90,Jeff Lebo,leboje01,SG,23,SAS,4,0,32,3.0,10.7,0.28600000000000003,0.0,0.0,0.0,3.0,10.7,0.28600000000000003,3.0,3.0,1.0,3.0,3.0,6.1,4.6,3.0,0.0,1.5,10.7,9.1,99.0,105.0,1990,Jeff Lebo-1990,0.0,Not Selected,Guard,SAS,0.05058717253839205
1989-90,Eric Leckner,leckner01,C,23,UTA,77,0,764,8.2,14.5,0.563,0.0,0.0,0.0,8.2,14.5,0.563,5.3,7.1,0.743,3.1,9.4,12.6,1.2,1.0,1.5,4.1,10.3,21.6,106.0,104.0,1990,Eric Leckner-1990,0.0,Not Selected,Center,UTA,0.04968383017163505
1989-90,Tim Legler,legleti01,SG,23,PHO,11,0,83,6.3,16.7,0.379,0.0,0.6,0.0,6.3,16.1,0.39299999999999996,3.4,3.4,1.0,2.3,2.3,4.6,3.4,1.1,0.0,2.3,6.9,16.1,97.0,111.0,1990,Tim Legler-1990,0.0,Not Selected,Guard,PHO,0.04878048780487805
1989-90,Gary Leonard,leonaga01,C,22,MIN,22,0,127,5.4,12.9,0.419,0.0,0.4,0.0,5.4,12.5,0.433,2.5,5.8,0.429,4.2,7.1,11.2,0.4,1.2,3.7,3.3,10.8,13.3,84.0,106.0,1990,Gary Leonard-1990,0.0,Not Selected,Center,MIN,0.01987353206865402
1989-90,Jim Les,lesji01,PG,26,TOT,7,0,92,2.6,7.4,0.35700000000000004,0.0,0.5,0.0,2.6,6.9,0.385,6.9,9.0,0.765,1.6,2.1,3.7,11.1,1.6,0.0,5.3,4.7,12.1,99.0,112.0,1990,Jim Les-1990,0.0,Not Selected,Guard,TOT,0.033333333333333326
1989-90,Clifford Lett,lettcl01,PG,24,CHI,4,0,28,3.5,14.2,0.25,0.0,0.0,0.0,3.5,14.2,0.25,0.0,0.0,0.0,0.0,0.0,0.0,1.8,0.0,0.0,3.5,14.2,7.1,49.0,117.0,1990,Clifford Lett-1990,0.0,Not Selected,Guard,CHI,0.04968383017163505
1989-90,Fat Lever,leverfa01,SG,29,DEN,79,79,2832,9.1,20.6,0.44299999999999995,0.6,1.4,0.414,8.6,19.2,0.445,4.4,5.4,0.804,3.7,8.1,11.8,8.3,2.7,0.2,2.5,2.8,23.2,111.0,104.0,1990,Fat Lever-1990,0.0,Not Selected,Guard,DEN,0.03884372177055104
1989-90,Cliff Levingston,levincl01,PF,29,ATL,75,5,1706,6.3,12.4,0.509,0.0,0.1,0.2,6.3,12.3,0.513,2.4,3.6,0.68,3.3,6.0,9.4,2.3,1.6,1.2,1.4,6.3,15.1,117.0,112.0,1990,Cliff Levingston-1990,0.0,Not Selected,Forward,ATL,0.037037037037037035
1989-90,Ralph Lewis,lewisra01,SG-SF,26,TOT,7,0,26,7.6,13.3,0.5710000000000001,0.0,0.0,0.0,7.6,13.3,0.5710000000000001,3.8,3.8,1.0,7.6,3.8,11.4,0.0,1.9,0.0,3.8,5.7,19.0,111.0,110.0,1990,Ralph Lewis-1990,0.0,Not Selected,Forward,TOT,0.033333333333333326
1989-90,Reggie Lewis,lewisre01,SG,24,BOS,79,54,2522,10.5,21.1,0.496,0.1,0.3,0.267,10.4,20.8,0.499,5.0,6.1,0.8079999999999999,2.1,4.6,6.7,4.4,1.7,1.2,2.3,4.2,26.0,113.0,108.0,1990,Reggie Lewis-1990,0.0,Not Selected,Guard,BOS,0.04697380307136405
1989-90,Todd Lichti,lichtto01,SG,23,DEN,79,4,1326,8.6,17.7,0.486,0.0,0.5,0.0,8.6,17.2,0.5,4.5,6.0,0.747,1.7,3.5,5.2,4.0,1.9,0.4,3.3,5.0,21.6,103.0,108.0,1990,Todd Lichti-1990,0.0,Not Selected,Guard,DEN,0.03884372177055104
1989-90,Alton Lister,listeal01,C,31,GSW,3,0,40,4.5,9.1,0.5,0.0,1.1,0.0,4.5,7.9,0.5710000000000001,4.5,7.9,0.5710000000000001,5.7,3.4,9.1,2.3,1.1,0.0,0.0,9.1,13.6,134.0,116.0,1990,Alton Lister-1990,0.0,Not Selected,Center,GSW,0.03342366757000903
1989-90,Lewis Lloyd,lloydle01,SG,30,TOT,21,0,123,11.6,20.5,0.5660000000000001,0.0,0.0,0.0,11.6,20.5,0.5660000000000001,3.5,6.2,0.563,3.1,3.9,7.0,4.3,1.2,0.0,7.7,4.6,26.7,91.0,108.0,1990,Lewis Lloyd-1990,0.0,Not Selected,Guard,TOT,0.033333333333333326
1989-90,Brad Lohaus,lohaubr01,PF,25,TOT,80,41,1943,7.9,17.1,0.46,1.2,3.5,0.34299999999999997,6.6,13.5,0.49,1.9,2.7,0.728,2.5,7.7,10.2,4.3,1.5,2.3,2.8,5.4,18.9,104.0,106.0,1990,Brad Lohaus-1990,0.0,Not Selected,Forward,TOT,0.033333333333333326
1989-90,Grant Long,longgr01,PF,23,MIA,81,31,1856,6.6,13.6,0.483,0.0,0.1,0.0,6.6,13.5,0.486,4.4,6.2,0.7140000000000001,4.0,6.3,10.3,2.5,2.3,1.0,3.6,7.7,17.6,102.0,107.0,1990,Grant Long-1990,0.0,Not Selected,Forward,MIA,0.016260162601626018
1989-90,John Long,longjo01,SG,33,ATL,48,19,1030,8.5,18.7,0.45299999999999996,0.5,1.4,0.345,8.0,17.3,0.462,2.2,2.7,0.836,1.3,2.8,4.0,4.1,2.2,0.2,3.6,3.2,19.6,98.0,114.0,1990,John Long-1990,0.0,Not Selected,Guard,ATL,0.037037037037037035
1989-90,Sidney Lowe,lowesi01,PG,30,MIN,80,38,1744,2.2,6.9,0.319,0.1,0.3,0.222,2.1,6.6,0.32299999999999995,1.2,1.6,0.722,1.2,3.7,4.9,10.2,2.2,0.1,1.9,3.4,5.7,100.0,110.0,1990,Sidney Lowe-1990,0.0,Not Selected,Guard,MIN,0.01987353206865402
1989-90,John Lucas,lucasjo01,PG,36,HOU,49,18,938,5.5,14.7,0.375,1.3,4.4,0.299,4.2,10.3,0.40700000000000003,2.1,2.8,0.764,1.0,3.6,4.6,12.0,2.3,0.1,4.3,3.0,14.5,97.0,106.0,1990,John Lucas-1990,0.0,Not Selected,Guard,HOU,0.037037037037037035
1989-90,Rick Mahorn,mahorri01,PF,31,PHI,75,66,2271,6.9,13.8,0.49700000000000005,0.0,0.2,0.222,6.8,13.6,0.501,4.0,5.6,0.715,3.7,8.8,12.4,2.1,1.0,2.3,2.3,5.5,17.8,112.0,107.0,1990,Rick Mahorn-1990,0.0,Not Selected,Forward,PHI,0.04787714543812105
1989-90,Dan Majerle,majerda01,SG,24,PHO,73,23,2244,6.3,14.8,0.424,0.4,1.7,0.23800000000000002,5.9,13.1,0.44799999999999995,4.2,5.5,0.762,3.1,6.1,9.1,4.0,2.1,0.7,1.7,3.8,17.2,111.0,106.0,1990,Dan Majerle-1990,0.0,Not Selected,Guard,PHO,0.04878048780487805
1989-90,Jeff Malone,malonje01,SG,28,WSB,75,74,2567,14.7,29.9,0.491,0.0,0.1,0.16699999999999998,14.7,29.8,0.49200000000000005,4.8,5.5,0.877,1.0,2.9,3.9,4.6,0.9,0.1,2.4,2.2,34.2,110.0,114.0,1990,Jeff Malone-1990,0.0,Not Selected,Guard,WAS,0.028003613369467027
1989-90,Karl Malone,malonka01,PF,26,UTA,82,82,3122,14.6,26.0,0.562,0.3,0.7,0.37200000000000005,14.4,25.3,0.5670000000000001,11.1,14.6,0.762,3.7,10.9,14.6,3.6,1.9,0.8,4.9,4.1,40.6,118.0,102.0,1990,Karl Malone-1990,1.0,1st,Forward,UTA,0.04968383017163505
1989-90,Moses Malone,malonmo01,C,34,ATL,81,81,2735,9.5,19.7,0.48,0.0,0.2,0.111,9.4,19.6,0.483,9.0,11.6,0.7809999999999999,6.7,8.2,14.9,2.4,0.9,1.5,4.2,2.9,28.0,114.0,112.0,1990,Moses Malone-1990,0.0,Not Selected,Center,ATL,0.037037037037037035
1989-90,Danny Manning,mannida01,PF,23,LAC,71,42,2269,9.4,17.6,0.5329999999999999,0.0,0.1,0.0,9.4,17.5,0.536,5.8,7.9,0.741,3.0,6.0,9.0,4.0,1.9,0.8,4.0,5.6,24.6,109.0,108.0,1990,Danny Manning-1990,0.0,Not Selected,Forward,LAC,0.02710027100271003
1989-90,Roy Marble,marblro01,SG,23,ATL,24,0,162,4.9,17.9,0.276,0.0,0.6,0.0,4.9,17.3,0.28600000000000003,5.9,9.0,0.655,4.6,2.8,7.4,3.4,2.2,0.3,4.3,4.9,15.8,83.0,114.0,1990,Roy Marble-1990,0.0,Not Selected,Guard,ATL,0.037037037037037035
1989-90,Šarūnas Marčiulionis,marcisa01,SG,25,GSW,75,3,1695,7.7,14.9,0.519,0.3,1.0,0.256,7.5,13.9,0.539,8.5,10.8,0.787,2.2,3.7,5.9,3.2,2.5,0.2,3.7,6.2,24.2,114.0,113.0,1990,Šarūnas Marčiulionis-1990,0.0,Not Selected,Guard,GSW,0.03342366757000903
1989-90,Jeff Martin,martije01,SG,23,LAC,69,23,1351,6.1,14.8,0.41100000000000003,0.1,0.5,0.133,6.0,14.3,0.42100000000000004,3.3,4.6,0.705,2.8,2.9,5.7,1.6,1.5,0.6,1.7,3.5,15.5,99.0,111.0,1990,Jeff Martin-1990,0.0,Not Selected,Guard,LAC,0.02710027100271003
1989-90,Anthony Mason,masonan01,PF,23,NJN,21,0,108,6.3,17.9,0.35,0.0,0.0,0.0,6.3,17.9,0.35,4.0,6.7,0.6,4.9,10.3,15.2,3.1,0.9,0.9,4.9,9.0,16.6,82.0,107.0,1990,Anthony Mason-1990,0.0,Not Selected,Forward,BRK,0.015356820234869015
1989-90,Wes Matthews,matthwe01,PG,30,ATL,1,0,13,3.9,11.6,0.33299999999999996,0.0,3.9,0.0,3.9,7.7,0.5,7.7,7.7,1.0,0.0,0.0,0.0,19.3,0.0,0.0,0.0,0.0,15.4,149.0,121.0,1990,Wes Matthews-1990,0.0,Not Selected,Guard,ATL,0.037037037037037035
1989-90,Vernon Maxwell,maxweve01,SG,24,TOT,79,12,1987,6.7,15.2,0.439,0.7,2.5,0.267,6.0,12.7,0.473,3.3,5.1,0.645,1.2,4.3,5.5,7.2,2.0,0.2,3.5,3.6,17.3,101.0,106.0,1990,Vernon Maxwell-1990,0.0,Not Selected,Guard,TOT,0.033333333333333326
1989-90,Bob McCann,mccanbo01,SF,25,DAL,10,0,62,5.7,17.2,0.33299999999999996,0.0,0.0,0.0,5.7,17.2,0.33299999999999996,9.8,11.5,0.857,3.3,6.6,9.8,4.9,1.6,1.6,4.9,5.7,21.3,97.0,106.0,1990,Bob McCann-1990,0.0,Not Selected,Forward,DAL,0.04245709123757904
1989-90,Mel McCants,mccanme01,SF,22,LAL,13,0,65,6.1,19.9,0.308,0.0,0.0,0.0,6.1,19.9,0.308,4.6,6.1,0.75,0.8,3.8,4.6,1.5,2.3,0.8,0.8,8.4,16.9,88.0,107.0,1990,Mel McCants-1990,0.0,Not Selected,Forward,LAL,0.056910569105691054
1989-90,George McCloud,mccloge01,SF,22,IND,44,0,413,5.4,17.3,0.313,1.6,4.8,0.325,3.8,12.5,0.308,1.8,2.3,0.789,1.4,3.6,5.0,5.4,2.3,0.4,4.3,6.7,14.1,80.0,112.0,1990,George McCloud-1990,0.0,Not Selected,Forward,IND,0.037940379403794036
1989-90,Tim McCormick,mccorti01,C,27,HOU,18,0,116,4.1,11.9,0.345,0.0,0.0,0.0,4.1,11.9,0.345,4.1,7.8,0.526,3.3,7.8,11.0,1.2,1.2,0.4,4.1,9.8,12.3,78.0,104.0,1990,Tim McCormick-1990,0.0,Not Selected,Center,HOU,0.037037037037037035
1989-90,Rodney McCray,mccraro01,SF,28,SAC,82,82,3238,8.2,16.0,0.515,0.2,0.6,0.262,8.1,15.3,0.525,4.2,5.3,0.784,2.9,7.3,10.3,5.8,0.9,1.1,2.7,2.7,20.8,114.0,110.0,1990,Rodney McCray-1990,0.0,Not Selected,Forward,SAC,0.02077687443541102
1989-90,Xavier McDaniel,mcdanxa01,SF,26,SEA,69,67,2432,12.7,25.5,0.496,0.1,0.4,0.294,12.5,25.2,0.498,5.1,6.9,0.733,3.4,5.8,9.3,3.5,1.5,0.7,3.9,4.8,30.5,109.0,111.0,1990,Xavier McDaniel-1990,0.0,Not Selected,Forward,OKC,0.037037037037037035
1989-90,Mike McGee,mcgeemi01,SF,30,PHO,14,7,280,7.2,14.8,0.483,1.4,3.9,0.348,5.8,10.9,0.531,1.7,3.6,0.47600000000000003,1.9,4.3,6.1,2.7,1.4,0.2,2.4,4.8,17.4,104.0,109.0,1990,Mike McGee-1990,0.0,Not Selected,Forward,PHO,0.04878048780487805
1989-90,Kevin McHale,mchalke01,PF,32,BOS,82,25,2722,11.6,21.2,0.5489999999999999,0.4,1.2,0.33299999999999996,11.2,20.0,0.562,7.1,7.9,0.893,3.6,8.6,12.2,3.1,0.5,2.8,3.3,4.5,30.8,120.0,107.0,1990,Kevin McHale-1990,0.0,Not Selected,Forward,BOS,0.04697380307136405
1989-90,Derrick McKey,mckeyde01,SF,23,SEA,80,80,2748,8.6,17.4,0.493,0.1,0.4,0.13,8.5,17.0,0.502,5.8,7.4,0.782,3.1,5.8,9.0,3.4,1.6,1.5,3.5,4.5,23.0,112.0,110.0,1990,Derrick McKey-1990,0.0,Not Selected,Forward,OKC,0.037037037037037035
1989-90,Carlton McKinney,mckinca01,SG,25,LAC,7,0,104,3.7,14.9,0.25,0.0,0.5,0.0,3.7,14.4,0.258,0.9,1.9,0.5,1.9,3.7,5.6,3.3,2.8,0.5,3.3,7.0,8.4,62.0,108.0,1990,Carlton McKinney-1990,0.0,Not Selected,Guard,LAC,0.02710027100271003
1989-90,Nate McMillan,mcmilna01,SG,25,SEA,82,69,2338,4.5,9.4,0.473,0.2,0.7,0.355,4.2,8.8,0.48200000000000004,2.1,3.3,0.6409999999999999,2.7,5.9,8.7,12.9,3.0,0.8,4.0,6.2,11.3,110.0,107.0,1990,Nate McMillan-1990,0.0,Not Selected,Guard,OKC,0.037037037037037035
1989-90,Mark McNamara,mcnamma01,C,30,LAL,33,1,190,10.0,22.6,0.442,0.0,0.0,0.0,10.0,22.6,0.442,6.8,10.5,0.65,5.8,10.8,16.5,0.8,0.5,0.3,5.5,8.1,26.8,94.0,107.0,1990,Mark McNamara-1990,0.0,Not Selected,Center,LAL,0.056910569105691054
1989-90,Scott Meents,meentsc01,PF,26,SEA,26,0,148,6.5,15.0,0.43200000000000005,0.0,0.0,0.0,6.5,15.0,0.43200000000000005,5.8,7.8,0.7390000000000001,2.4,7.8,10.2,2.4,1.4,1.0,3.1,4.1,18.7,104.0,109.0,1990,Scott Meents-1990,0.0,Not Selected,Forward,OKC,0.037037037037037035
1989-90,Reggie Miller,millere01,SG,24,IND,82,82,3192,10.2,19.9,0.514,2.3,5.6,0.414,7.9,14.3,0.552,8.4,9.7,0.868,1.5,3.1,4.6,4.8,1.7,0.3,3.4,2.7,31.2,124.0,113.0,1990,Reggie Miller-1990,0.0,Not Selected,Guard,IND,0.037940379403794036
1989-90,Sam Mitchell,mitchsa01,PF,26,MIN,80,30,2414,8.1,18.2,0.446,0.0,0.2,0.0,8.1,18.0,0.451,5.9,7.6,0.768,3.9,6.2,10.1,1.9,1.4,1.2,2.1,6.6,22.1,110.0,109.0,1990,Sam Mitchell-1990,0.0,Not Selected,Forward,MIN,0.01987353206865402
1989-90,Paul Mokeski,mokespa01,C,33,CLE,38,1,449,7.1,16.9,0.42,0.0,0.1,0.0,7.1,16.8,0.423,2.8,4.1,0.6940000000000001,3.0,8.1,11.1,1.9,0.9,1.1,2.9,8.6,17.0,92.0,107.0,1990,Paul Mokeski-1990,0.0,Not Selected,Center,CLE,0.037940379403794036
1989-90,Johnny Moore,moorejo01,PG,31,SAS,53,8,516,4.4,11.9,0.373,0.8,3.2,0.235,3.7,8.7,0.424,1.5,2.6,0.593,1.5,3.4,4.9,7.7,3.0,0.3,3.7,5.2,11.1,91.0,105.0,1990,Johnny Moore-1990,0.0,Not Selected,Guard,SAS,0.05058717253839205
1989-90,Chris Morris,morrich01,SF,24,NJN,80,76,2449,8.9,21.0,0.42200000000000004,1.2,3.8,0.316,7.7,17.2,0.445,4.5,6.2,0.722,3.8,4.5,8.3,2.8,2.6,1.6,3.7,4.3,23.4,101.0,108.0,1990,Chris Morris-1990,0.0,Not Selected,Forward,BRK,0.015356820234869015
1989-90,Mike Morrison,morrimi01,SG,22,PHO,36,1,153,7.2,21.2,0.33799999999999997,0.6,2.2,0.28600000000000003,6.5,19.0,0.344,7.5,9.3,0.8,2.2,4.1,6.2,3.4,0.6,0.0,7.2,6.2,22.4,82.0,111.0,1990,Mike Morrison-1990,0.0,Not Selected,Guard,PHO,0.04878048780487805
1989-90,John Morton,mortojo01,SG,22,CLE,37,3,402,6.0,20.2,0.298,0.9,3.8,0.233,5.2,16.5,0.313,5.4,7.8,0.6940000000000001,0.9,3.1,4.0,8.4,2.3,0.5,6.4,3.8,18.4,79.0,109.0,1990,John Morton-1990,0.0,Not Selected,Guard,CLE,0.037940379403794036
1989-90,Chris Mullin,mullich01,SF,26,GSW,78,78,2830,10.9,20.4,0.536,1.4,3.7,0.37200000000000005,9.5,16.6,0.573,8.1,9.1,0.889,2.1,5.3,7.4,5.1,2.0,0.7,3.8,2.3,31.3,121.0,113.0,1990,Chris Mullin-1990,3.0,3rd,Forward,GSW,0.03342366757000903
1989-90,Tod Murphy,murphto01,C,26,MIN,82,59,2493,5.5,11.7,0.47100000000000003,0.3,0.9,0.37200000000000005,5.2,10.8,0.479,3.0,4.3,0.7090000000000001,4.4,7.5,11.9,2.2,1.6,1.3,1.3,4.8,14.4,117.0,107.0,1990,Tod Murphy-1990,0.0,Not Selected,Center,MIN,0.01987353206865402
1989-90,Pete Myers,myerspe01,SG,26,TOT,52,2,751,5.7,14.5,0.396,0.0,0.5,0.0,5.7,14.1,0.408,4.3,6.5,0.66,2.1,4.1,6.2,8.7,2.3,0.7,4.9,7.0,15.8,92.0,109.0,1990,Pete Myers-1990,0.0,Not Selected,Guard,TOT,0.033333333333333326
1989-90,Larry Nance,nancela01,PF,30,CLE,62,53,2065,10.1,19.7,0.511,0.0,0.0,1.0,10.1,19.7,0.51,4.6,5.8,0.778,4.0,8.7,12.6,3.9,1.3,3.0,2.7,4.5,24.7,113.0,105.0,1990,Larry Nance-1990,0.0,Not Selected,Forward,CLE,0.037940379403794036
1989-90,Calvin Natt,nattca01,SF,33,IND,14,0,164,6.0,9.4,0.645,0.0,0.0,0.0,6.0,9.4,0.645,5.1,6.6,0.773,3.0,7.5,10.6,2.7,0.3,0.0,1.5,4.2,17.2,138.0,113.0,1990,Calvin Natt-1990,0.0,Not Selected,Forward,IND,0.037940379403794036
1989-90,Ed Nealy,nealyed01,PF,29,CHI,46,0,503,3.7,6.9,0.529,0.0,0.2,0.0,3.7,6.7,0.544,3.0,4.0,0.732,4.5,9.1,13.6,2.8,1.6,0.4,1.7,6.6,10.3,124.0,108.0,1990,Ed Nealy-1990,0.0,Not Selected,Forward,CHI,0.04968383017163505
1989-90,Chuck Nevitt,nevitch01,C,30,HOU,3,0,9,10.5,10.5,1.0,0.0,0.0,0.0,10.5,10.5,1.0,0.0,0.0,0.0,0.0,15.8,15.8,5.3,0.0,5.3,10.5,15.8,21.1,84.0,96.0,1990,Chuck Nevitt-1990,0.0,Not Selected,Center,HOU,0.037037037037037035
1989-90,Johnny Newman,newmajo01,SF,26,NYK,80,69,2277,8.0,16.9,0.47600000000000003,1.0,3.0,0.317,7.1,13.8,0.511,5.1,6.4,0.799,1.3,2.8,4.1,3.9,2.0,0.5,3.1,5.5,22.1,110.0,110.0,1990,Johnny Newman-1990,0.0,Not Selected,Forward,NYK,0.04065040650406504
1989-90,Kurt Nimphius,nimphku01,C,31,PHI,38,1,314,6.0,14.4,0.418,0.0,0.2,0.0,6.0,14.3,0.42200000000000004,2.2,4.8,0.467,3.5,6.2,9.7,1.0,0.6,2.9,1.9,7.1,14.3,94.0,109.0,1990,Kurt Nimphius-1990,0.0,Not Selected,Center,PHI,0.04787714543812105
1989-90,Dyron Nix,nixdy01,SF,22,IND,20,0,109,6.4,17.7,0.359,0.0,0.0,0.0,6.4,17.7,0.359,5.0,7.3,0.688,3.6,8.2,11.8,2.3,1.4,0.5,3.2,6.8,17.7,90.0,110.0,1990,Dyron Nix-1990,0.0,Not Selected,Forward,IND,0.037940379403794036
1989-90,Ken Norman,normake01,SF,25,LAC,70,64,2334,10.0,19.7,0.51,0.1,0.3,0.43799999999999994,9.9,19.3,0.511,3.2,5.0,0.632,3.0,6.8,9.7,3.3,1.6,1.2,3.9,4.1,23.4,101.0,108.0,1990,Ken Norman-1990,0.0,Not Selected,Forward,LAC,0.02710027100271003
1989-90,Charles Oakley,oaklech01,PF,26,NYK,61,61,2196,7.5,14.3,0.524,0.0,0.1,0.0,7.5,14.2,0.527,4.8,6.3,0.7609999999999999,5.7,10.4,16.2,3.2,1.4,0.4,3.7,4.9,19.8,113.0,106.0,1990,Charles Oakley-1990,0.0,Not Selected,Forward,NYK,0.04065040650406504
1989-90,Hakeem Olajuwon,olajuha01,C,27,HOU,82,82,3124,12.2,24.4,0.501,0.0,0.1,0.16699999999999998,12.2,24.3,0.502,5.8,8.1,0.713,4.5,12.9,17.5,3.6,2.6,5.7,4.8,4.8,30.3,104.0,93.0,1990,Hakeem Olajuwon-1990,2.0,2nd,Center,HOU,0.037037037037037035
1989-90,Jawann Oldham,oldhaja01,C,32,TOT,6,0,45,3.1,6.2,0.5,0.0,0.0,0.0,3.1,6.2,0.5,3.1,7.3,0.429,4.2,12.5,16.6,1.0,2.1,3.1,4.2,9.4,9.4,82.0,105.0,1990,Jawann Oldham-1990,0.0,Not Selected,Center,TOT,0.033333333333333326
1989-90,José Ortiz,ortizjo01,PF,26,UTA,13,0,64,14.8,32.8,0.452,0.8,1.6,0.5,14.0,31.2,0.45,2.3,3.9,0.6,6.2,5.5,11.7,5.5,1.6,0.8,3.9,11.7,32.8,100.0,106.0,1990,José Ortiz-1990,0.0,Not Selected,Forward,UTA,0.04968383017163505
1989-90,Robert Parish,parisro01,C,36,BOS,79,78,2396,10.3,17.8,0.58,0.0,0.0,0.0,10.3,17.8,0.58,4.8,6.4,0.747,5.3,11.0,16.2,2.1,0.8,1.4,3.4,3.9,25.4,116.0,106.0,1990,Robert Parish-1990,0.0,Not Selected,Center,BOS,0.04697380307136405
1989-90,Žarko Paspalj,paspaza01,SF,23,SAS,28,1,181,7.3,21.3,0.342,0.0,0.3,0.0,7.3,21.0,0.34600000000000003,4.8,5.9,0.818,4.0,4.0,8.1,2.7,0.8,1.9,5.7,10.0,19.4,82.0,107.0,1990,Žarko Paspalj-1990,0.0,Not Selected,Forward,SAS,0.05058717253839205
1989-90,Jim Paxson,paxsoji02,PG,32,BOS,72,25,1283,7.3,16.1,0.45299999999999996,0.2,0.8,0.25,7.1,15.3,0.46299999999999997,2.8,3.4,0.8109999999999999,0.9,2.0,2.9,5.2,1.3,0.2,2.1,4.4,17.5,105.0,112.0,1990,Jim Paxson-1990,0.0,Not Selected,Guard,BOS,0.04697380307136405
1989-90,John Paxson,paxsojo01,PG,29,CHI,82,82,2365,7.7,14.9,0.516,0.7,1.9,0.359,7.0,12.9,0.539,1.2,1.4,0.8240000000000001,0.6,1.9,2.5,7.0,1.7,0.1,1.8,3.7,17.2,117.0,113.0,1990,John Paxson-1990,0.0,Not Selected,Guard,CHI,0.04968383017163505
1989-90,Kenny Payne,payneke01,SF,23,PHI,35,4,216,10.8,24.9,0.435,0.9,2.3,0.4,9.9,22.6,0.439,3.7,4.1,0.889,2.5,3.5,6.0,2.3,1.6,1.4,4.6,8.5,26.2,94.0,110.0,1990,Kenny Payne-1990,0.0,Not Selected,Forward,PHI,0.04787714543812105
1989-90,Will Perdue,perduwi01,C,24,CHI,77,11,884,6.2,15.0,0.414,0.0,0.3,0.0,6.2,14.8,0.42200000000000004,4.0,5.8,0.6920000000000001,4.9,7.1,12.0,2.6,1.1,1.5,3.6,8.4,16.5,97.0,109.0,1990,Will Perdue-1990,0.0,Not Selected,Center,CHI,0.04968383017163505
1989-90,Sam Perkins,perkisa01,SF,28,DAL,76,70,2668,8.3,16.8,0.493,0.1,0.5,0.214,8.2,16.3,0.502,6.3,8.1,0.778,4.0,6.9,10.9,3.3,1.7,1.2,2.8,4.3,23.0,115.0,107.0,1990,Sam Perkins-1990,0.0,Not Selected,Forward,DAL,0.04245709123757904
1989-90,Tim Perry,perryti01,C,24,PHO,60,18,612,7.8,15.2,0.513,0.1,0.1,1.0,7.7,15.1,0.51,4.1,7.0,0.589,6.2,5.7,11.8,1.3,1.6,1.7,3.7,5.9,19.8,105.0,106.0,1990,Tim Perry-1990,0.0,Not Selected,Center,PHO,0.04878048780487805
1989-90,Chuck Person,persoch01,SF,25,IND,77,73,2714,11.0,22.6,0.48700000000000004,1.7,4.6,0.37200000000000005,9.3,18.0,0.517,3.8,4.9,0.7809999999999999,2.3,5.8,8.1,4.2,1.0,0.4,3.1,4.0,27.6,110.0,113.0,1990,Chuck Person-1990,0.0,Not Selected,Forward,IND,0.037940379403794036
1989-90,Jim Petersen,peterji01,C,27,GSW,43,19,592,4.6,10.8,0.426,0.0,0.1,0.0,4.6,10.7,0.429,4.0,5.6,0.7120000000000001,3.8,8.5,12.2,1.8,1.3,1.5,2.8,7.9,13.2,100.0,111.0,1990,Jim Petersen-1990,0.0,Not Selected,Center,GSW,0.03342366757000903
1989-90,Dražen Petrović,petrodr01,SG,25,POR,77,0,967,10.0,20.7,0.485,1.6,3.6,0.45899999999999996,8.4,17.1,0.49,6.6,7.8,0.8440000000000001,2.4,3.0,5.4,5.6,1.1,0.1,4.7,6.5,28.3,113.0,109.0,1990,Dražen Petrović-1990,0.0,Not Selected,Guard,POR,0.053297199638663056
1989-90,Ricky Pierce,piercri01,SG,30,MIL,59,0,1709,14.4,28.3,0.51,1.3,3.8,0.34600000000000003,13.1,24.5,0.535,8.8,10.5,0.8390000000000001,1.8,3.0,4.8,3.8,1.4,0.2,3.7,4.5,38.9,116.0,112.0,1990,Ricky Pierce-1990,0.0,Not Selected,Guard,MIL,0.03974706413730804
1989-90,Ed Pinckney,pincked01,PF,26,BOS,77,50,1082,6.1,11.3,0.542,0.0,0.0,0.0,6.1,11.2,0.544,4.2,5.4,0.773,4.2,6.0,10.2,3.1,1.5,1.9,2.5,5.7,16.4,118.0,107.0,1990,Ed Pinckney-1990,0.0,Not Selected,Forward,BOS,0.04697380307136405
1989-90,Scottie Pippen,pippesc01,SF,24,CHI,82,82,3148,8.9,18.1,0.489,0.4,1.8,0.25,8.4,16.4,0.514,3.1,4.7,0.675,2.4,6.3,8.6,7.0,3.3,1.6,4.4,4.7,21.3,103.0,105.0,1990,Scottie Pippen-1990,0.0,Not Selected,Forward,CHI,0.04968383017163505
1989-90,Olden Polynice,polynol01,C,25,SEA,79,7,1085,7.2,13.4,0.54,0.0,0.1,0.5,7.2,13.3,0.54,2.2,4.6,0.475,5.9,8.0,13.9,0.7,1.2,1.0,1.6,8.7,16.7,116.0,109.0,1990,Olden Polynice-1990,0.0,Not Selected,Center,OKC,0.037037037037037035
1989-90,Terry Porter,portete01,PG,26,POR,80,80,2781,7.6,16.3,0.462,1.5,4.0,0.374,6.1,12.3,0.491,7.1,8.0,0.892,1.0,3.6,4.6,12.2,2.5,0.1,4.1,2.5,23.7,122.0,105.0,1990,Terry Porter-1990,0.0,Not Selected,Guard,POR,0.053297199638663056
1989-90,Paul Pressey,presspa01,SG,31,MIL,57,2,1400,8.4,17.7,0.47200000000000003,0.2,1.5,0.14,8.1,16.2,0.503,5.0,6.6,0.758,2.1,4.0,6.0,8.5,2.5,0.8,3.8,5.2,22.0,108.0,108.0,1990,Paul Pressey-1990,0.0,Not Selected,Guard,MIL,0.03974706413730804
1989-90,Harold Pressley,pressha01,SF,26,SAC,72,10,1603,7.4,17.5,0.424,1.4,4.6,0.311,6.0,12.9,0.46399999999999997,3.4,4.4,0.78,2.9,6.7,9.6,4.6,1.8,1.1,2.7,4.6,19.7,104.0,109.0,1990,Harold Pressley-1990,0.0,Not Selected,Forward,SAC,0.02077687443541102
1989-90,Mark Price,pricema01,PG,25,CLE,73,73,2706,9.1,19.9,0.45899999999999996,2.8,7.0,0.406,6.3,12.9,0.48700000000000004,5.6,6.3,0.888,1.2,3.5,4.7,12.4,2.1,0.1,4.0,1.7,26.7,119.0,109.0,1990,Mark Price-1990,0.0,Not Selected,Guard,CLE,0.037940379403794036
1989-90,Brian Quinnett,quinnbr01,SG,23,NYK,31,0,193,4.8,14.7,0.32799999999999996,0.0,0.5,0.0,4.8,14.2,0.33899999999999997,0.5,0.8,0.667,2.3,4.8,7.1,2.8,0.8,1.0,1.0,6.8,10.1,86.0,111.0,1990,Brian Quinnett-1990,0.0,Not Selected,Guard,NYK,0.04065040650406504
1989-90,Kurt Rambis,rambiku01,PF,31,TOT,74,61,1904,4.8,9.4,0.509,0.0,0.1,0.0,4.8,9.3,0.514,2.1,3.2,0.6459999999999999,3.9,9.3,13.2,3.4,2.5,0.9,2.6,5.2,11.6,106.0,103.0,1990,Kurt Rambis-1990,0.0,Not Selected,Forward,TOT,0.033333333333333326
1989-90,Blair Rasmussen,rasmubl01,C,27,DEN,81,55,1995,10.2,20.4,0.49700000000000005,0.0,0.0,0.0,10.2,20.4,0.498,2.5,3.1,0.828,4.0,9.6,13.6,1.9,0.9,2.4,1.7,6.8,22.9,110.0,105.0,1990,Blair Rasmussen-1990,0.0,Not Selected,Center,DEN,0.03884372177055104
1989-90,J.R. Reid,reidjr01,C,21,CHH,82,82,2757,6.4,14.5,0.44,0.0,0.1,0.0,6.4,14.4,0.44299999999999995,3.4,5.1,0.664,3.5,8.7,12.3,1.8,1.6,1.0,3.1,5.2,16.1,94.0,108.0,1990,J.R. Reid-1990,0.0,Not Selected,Center,CHO,0.017163504968383016
1989-90,Robert Reid,reidro01,SF,34,TOT,72,28,1202,7.1,18.1,0.391,0.4,1.3,0.313,6.7,16.8,0.39799999999999996,2.2,3.5,0.628,1.4,4.8,6.1,3.7,1.5,0.6,1.8,6.2,16.8,91.0,111.0,1990,Robert Reid-1990,0.0,Not Selected,Forward,TOT,0.033333333333333326
1989-90,Jerry Reynolds,reynoje01,SF,27,ORL,67,40,1817,7.8,18.8,0.41700000000000004,0.0,0.4,0.071,7.8,18.4,0.424,6.1,8.2,0.742,2.3,5.9,8.2,4.6,2.4,1.6,3.5,4.1,21.8,100.0,112.0,1990,Jerry Reynolds-1990,0.0,Not Selected,Forward,ORL,0.016260162601626018
1989-90,Glen Rice,ricegl01,SF,22,MIA,77,60,2311,9.7,22.0,0.439,0.3,1.4,0.24600000000000002,9.3,20.6,0.452,1.9,2.6,0.7340000000000001,2.1,5.2,7.2,2.8,1.4,0.6,2.3,4.1,21.6,98.0,110.0,1990,Glen Rice-1990,0.0,Not Selected,Forward,MIA,0.016260162601626018
1989-90,Pooh Richardson,richapo01,PG,23,MIN,82,48,2581,8.7,18.9,0.461,0.5,1.7,0.27699999999999997,8.2,17.2,0.479,1.3,2.2,0.589,1.1,3.3,4.4,11.3,2.7,0.5,2.9,2.9,19.2,106.0,109.0,1990,Pooh Richardson-1990,0.0,Not Selected,Guard,MIN,0.01987353206865402
1989-90,Mitch Richmond,richmmi01,SG,24,GSW,78,78,2799,10.4,20.8,0.49700000000000005,0.6,1.5,0.358,9.8,19.3,0.508,6.6,7.6,0.866,1.6,4.2,5.8,3.6,1.6,0.4,3.3,3.4,27.9,111.0,115.0,1990,Mitch Richmond-1990,0.0,Not Selected,Guard,GSW,0.03342366757000903
1989-90,David Rivers,riverda01,PG,25,LAC,52,11,724,5.3,13.2,0.406,0.0,0.3,0.0,5.3,12.8,0.41700000000000004,3.9,5.2,0.7559999999999999,2.0,3.7,5.7,10.4,2.1,0.0,5.9,3.5,14.6,91.0,110.0,1990,David Rivers-1990,0.0,Not Selected,Guard,LAC,0.02710027100271003
1989-90,Doc Rivers,riverdo01,PG,28,ATL,48,44,1526,7.2,15.8,0.45399999999999996,0.8,2.2,0.364,6.4,13.6,0.469,4.5,5.6,0.812,1.5,5.0,6.6,8.7,3.8,0.7,3.2,5.0,19.6,114.0,108.0,1990,Doc Rivers-1990,0.0,Not Selected,Guard,ATL,0.037037037037037035
1989-90,Fred Roberts,roberfr01,PF,29,MIL,82,66,2235,7.2,14.6,0.495,0.0,0.2,0.182,7.2,14.3,0.501,4.3,5.5,0.7829999999999999,2.3,4.5,6.8,3.2,1.2,0.5,2.8,4.6,18.8,108.0,111.0,1990,Fred Roberts-1990,0.0,Not Selected,Forward,MIL,0.03974706413730804
1989-90,Alvin Robertson,roberal01,SG,27,MIL,81,81,2599,9.0,17.8,0.503,0.1,0.5,0.154,8.9,17.3,0.513,3.7,5.0,0.741,4.3,6.2,10.5,8.4,3.9,0.3,4.1,5.3,21.7,110.0,104.0,1990,Alvin Robertson-1990,0.0,Not Selected,Guard,MIL,0.03974706413730804
1989-90,Clifford Robinson,robincl02,PF,23,POR,82,0,1565,8.9,22.5,0.397,0.4,1.3,0.273,8.6,21.2,0.405,4.1,7.5,0.55,3.3,5.9,9.2,2.2,1.6,1.6,3.9,6.8,22.4,90.0,104.0,1990,Clifford Robinson-1990,0.0,Not Selected,Forward,POR,0.053297199638663056
1989-90,David Robinson,robinda01,C,24,SAS,82,81,3002,11.2,21.1,0.531,0.0,0.0,0.0,11.2,21.1,0.532,10.0,13.6,0.732,4.9,11.0,16.0,2.7,2.2,5.2,4.2,4.2,32.4,116.0,97.0,1990,David Robinson-1990,3.0,3rd,Center,SAS,0.05058717253839205
1989-90,Dennis Rodman,rodmade01,SF,28,DET,82,43,2377,6.2,10.6,0.581,0.0,0.2,0.111,6.1,10.4,0.589,3.0,4.6,0.654,7.2,9.8,16.9,1.5,1.1,1.3,1.9,5.9,15.4,125.0,101.0,1990,Dennis Rodman-1990,0.0,Not Selected,Forward,DET,0.053297199638663056
1989-90,Tree Rollins,rollitr01,C,34,CLE,48,19,674,4.3,9.4,0.456,0.0,0.1,0.0,4.3,9.3,0.46,0.8,1.2,0.688,4.3,7.1,11.5,1.8,1.0,4.0,2.6,6.2,9.4,95.0,105.0,1990,Tree Rollins-1990,0.0,Not Selected,Center,CLE,0.037940379403794036
1989-90,Doug Roth,rothdo01,C,22,WSB,42,0,412,4.3,10.1,0.43,0.0,0.1,0.0,4.3,10.0,0.435,0.8,1.6,0.5,5.2,8.9,14.1,2.3,0.9,1.5,1.9,8.2,9.5,100.0,108.0,1990,Doug Roth-1990,0.0,Not Selected,Center,WAS,0.028003613369467027
1989-90,Scott Roth,rothsc01,SF,26,MIN,71,3,1061,7.9,20.9,0.379,0.9,2.6,0.34600000000000003,7.0,18.3,0.38299999999999995,7.5,10.0,0.746,1.7,3.9,5.6,5.7,2.5,0.3,4.2,7.2,24.1,98.0,109.0,1990,Scott Roth-1990,0.0,Not Selected,Forward,MIN,0.01987353206865402
1989-90,Jim Rowinski,rowinji01,PF,29,MIA,14,0,112,5.9,13.6,0.43799999999999994,0.0,0.0,0.0,5.9,13.6,0.43799999999999994,9.3,11.0,0.846,7.2,5.1,12.3,2.1,0.4,0.8,4.2,8.1,21.2,112.0,112.0,1990,Jim Rowinski-1990,0.0,Not Selected,Forward,MIA,0.016260162601626018
1989-90,Brian Rowsom,rowsobr01,PF,24,CHH,44,2,559,6.8,15.7,0.436,0.1,0.2,0.5,6.7,15.5,0.435,6.0,7.3,0.8190000000000001,3.9,7.6,11.5,1.9,1.6,1.0,2.2,5.1,19.7,107.0,109.0,1990,Brian Rowsom-1990,0.0,Not Selected,Forward,CHO,0.017163504968383016
1989-90,Donald Royal,royaldo01,SF,23,MIN,66,0,746,8.3,18.0,0.45899999999999996,0.0,0.1,0.0,8.3,17.9,0.461,10.8,13.9,0.777,4.9,4.8,9.7,3.0,2.3,0.6,5.7,7.6,27.3,105.0,109.0,1990,Donald Royal-1990,0.0,Not Selected,Forward,MIN,0.01987353206865402
1989-90,Delaney Rudd,ruddde01,PG,27,UTA,77,2,850,6.5,15.2,0.429,0.9,3.3,0.28600000000000003,5.6,11.9,0.46799999999999997,2.1,3.1,0.66,0.7,2.5,3.2,10.4,1.3,0.1,5.2,4.8,16.0,94.0,110.0,1990,Delaney Rudd-1990,0.0,Not Selected,Guard,UTA,0.04968383017163505
1989-90,John Salley,sallejo01,PF,25,DET,82,12,1914,5.6,10.8,0.512,0.0,0.1,0.25,5.5,10.7,0.515,4.6,6.5,0.713,4.1,7.6,11.7,1.8,1.4,4.1,2.6,7.5,15.8,113.0,100.0,1990,John Salley-1990,0.0,Not Selected,Forward,DET,0.053297199638663056
1989-90,Ralph Sampson,sampsra01,C,29,SAC,26,7,417,5.7,15.4,0.37200000000000005,0.1,0.5,0.25,5.6,14.9,0.376,1.4,2.7,0.522,1.3,8.7,10.0,3.3,1.7,2.6,4.0,7.9,13.0,74.0,106.0,1990,Ralph Sampson-1990,0.0,Not Selected,Center,SAC,0.02077687443541102
1989-90,Jeff Sanders,sandeje01,PF,24,CHI,31,0,182,3.5,10.9,0.325,0.0,0.0,0.0,3.5,10.9,0.325,0.5,1.1,0.5,4.6,6.0,10.6,2.5,1.1,1.1,4.1,7.4,7.6,74.0,110.0,1990,Jeff Sanders-1990,0.0,Not Selected,Forward,CHI,0.04968383017163505
1989-90,Mike Sanders,sandemi01,SF,29,IND,82,13,1531,7.3,15.5,0.47,0.2,0.5,0.35700000000000004,7.1,15.0,0.473,1.8,2.4,0.733,2.5,4.9,7.4,2.9,1.4,0.7,2.6,7.1,16.5,100.0,112.0,1990,Mike Sanders-1990,0.0,Not Selected,Forward,IND,0.037940379403794036
1989-90,Danny Schayes,schayda01,C,30,DEN,53,22,1194,6.2,12.6,0.494,0.0,0.2,0.0,6.2,12.4,0.5,8.6,10.1,0.852,4.5,8.6,13.0,2.3,1.6,1.7,2.7,7.6,21.0,122.0,105.0,1990,Danny Schayes-1990,0.0,Not Selected,Center,DEN,0.03884372177055104
1989-90,Detlef Schrempf,schrede01,PF,27,IND,78,18,2573,8.2,15.8,0.516,0.3,0.9,0.354,7.8,14.9,0.526,7.7,9.4,0.82,2.9,9.1,11.9,4.7,1.1,0.3,3.5,5.2,24.4,119.0,110.0,1990,Detlef Schrempf-1990,0.0,Not Selected,Forward,IND,0.037940379403794036
1989-90,Byron Scott,scottby01,SG,28,LAL,77,77,2593,9.1,19.3,0.47,1.8,4.2,0.423,7.3,15.1,0.483,3.1,4.0,0.7659999999999999,1.0,3.7,4.7,5.3,1.5,0.6,2.3,3.5,23.0,112.0,110.0,1990,Byron Scott-1990,0.0,Not Selected,Guard,LAL,0.056910569105691054
1989-90,Rony Seikaly,seikaro01,C,24,MIA,74,72,2409,9.6,19.1,0.502,0.0,0.0,0.0,9.6,19.1,0.503,5.1,8.5,0.594,5.0,10.1,15.1,1.5,1.5,2.4,4.7,5.1,24.2,99.0,105.0,1990,Rony Seikaly-1990,0.0,Not Selected,Center,MIA,0.016260162601626018
1989-90,Brad Sellers,sellebr01,PF,27,TOT,59,0,700,7.5,18.4,0.406,0.0,0.4,0.0,7.5,18.0,0.414,4.2,5.3,0.795,2.8,3.6,6.4,2.4,1.2,1.6,3.3,5.4,19.1,96.0,112.0,1990,Brad Sellers-1990,0.0,Not Selected,Forward,TOT,0.033333333333333326
1989-90,Charles Shackleford,shackch01,C,23,NJN,70,37,1557,7.7,16.6,0.462,0.0,0.0,0.0,7.7,16.6,0.46299999999999997,2.5,3.6,0.687,5.6,9.3,14.9,1.7,1.2,1.1,3.6,5.7,17.8,98.0,107.0,1990,Charles Shackleford-1990,0.0,Not Selected,Center,BRK,0.015356820234869015
1989-90,John Shasky,shaskjo01,C,25,GSW,14,0,51,3.6,12.4,0.28600000000000003,0.0,0.0,0.0,3.6,12.4,0.28600000000000003,1.8,5.3,0.33299999999999996,3.6,8.0,11.6,0.9,0.9,1.8,1.8,8.9,8.9,72.0,112.0,1990,John Shasky-1990,0.0,Not Selected,Center,GSW,0.03342366757000903
1989-90,Purvis Short,shortpu01,SF,32,NJN,82,24,2213,9.4,20.8,0.455,0.2,0.8,0.28600000000000003,9.2,20.0,0.461,4.3,5.2,0.835,2.2,3.2,5.4,3.2,1.4,0.4,2.6,4.4,23.4,107.0,112.0,1990,Purvis Short-1990,0.0,Not Selected,Forward,BRK,0.015356820234869015
1989-90,Dexter Shouse,shousde01,PG,26,PHI,3,0,18,0.0,11.1,0.0,0.0,2.8,0.0,0.0,8.3,0.0,0.0,0.0,0.0,0.0,0.0,0.0,5.5,2.8,2.8,5.5,5.5,0.0,19.0,109.0,1990,Dexter Shouse-1990,0.0,Not Selected,Guard,PHI,0.04787714543812105
1989-90,Jerry Sichting,sichtje01,PG,33,TOT,35,8,496,4.9,12.3,0.4,0.3,1.2,0.25,4.6,11.2,0.41600000000000004,1.8,2.2,0.818,0.3,1.6,1.9,9.3,1.6,0.2,2.2,3.9,11.9,100.0,114.0,1990,Jerry Sichting-1990,0.0,Not Selected,Guard,TOT,0.033333333333333326
1989-90,Jack Sikma,sikmaja01,C,34,MIL,71,70,2250,7.5,18.0,0.41600000000000004,1.5,4.3,0.342,6.0,13.7,0.439,5.0,5.7,0.885,2.4,8.3,10.7,5.0,1.7,1.0,3.0,5.3,21.5,108.0,107.0,1990,Jack Sikma-1990,0.0,Not Selected,Center,MIL,0.03974706413730804
1989-90,Scott Skiles,skilesc01,PG,25,ORL,70,32,1460,6.0,14.6,0.409,1.6,4.2,0.39399999999999996,4.4,10.5,0.41600000000000004,3.3,3.8,0.8740000000000001,0.7,4.3,5.0,10.5,1.1,0.1,2.8,4.0,16.9,112.0,116.0,1990,Scott Skiles-1990,0.0,Not Selected,Guard,ORL,0.016260162601626018
1989-90,Charles Smith,smithch01,PF,24,LAC,78,76,2732,10.5,20.3,0.52,0.0,0.2,0.083,10.5,20.1,0.524,8.0,10.1,0.794,3.1,6.1,9.3,2.0,1.5,2.1,2.9,5.2,29.1,117.0,107.0,1990,Charles Smith-1990,0.0,Not Selected,Forward,LAC,0.02710027100271003
1989-90,Derek Smith,smithde02,SF,28,PHI,75,7,1405,9.2,18.2,0.508,0.6,1.3,0.444,8.7,16.9,0.513,4.6,6.6,0.6990000000000001,2.2,3.9,6.1,3.9,1.2,0.7,3.0,7.0,23.6,111.0,111.0,1990,Derek Smith-1990,0.0,Not Selected,Forward,PHI,0.04787714543812105
1989-90,Kenny Smith,smithke01,PG,24,TOT,79,51,2421,7.8,16.7,0.466,0.5,1.7,0.313,7.2,15.0,0.484,3.3,4.0,0.821,0.4,2.9,3.2,9.1,1.6,0.2,3.5,2.9,19.4,105.0,113.0,1990,Kenny Smith-1990,0.0,Not Selected,Guard,TOT,0.033333333333333326
1989-90,Larry Smith,smithla01,PF,32,HOU,74,0,1300,3.7,7.8,0.474,0.0,0.1,0.0,3.7,7.7,0.479,0.7,2.0,0.364,6.6,9.9,16.5,2.5,2.0,1.0,2.6,7.4,8.1,100.0,101.0,1990,Larry Smith-1990,0.0,Not Selected,Forward,HOU,0.037037037037037035
1989-90,Michael Smith,smithmi01,PF,24,BOS,65,7,620,10.7,22.6,0.47600000000000003,0.2,2.2,0.071,10.6,20.3,0.519,4.2,5.0,0.828,3.2,4.7,7.9,6.2,0.7,0.1,4.3,4.0,25.8,103.0,112.0,1990,Michael Smith-1990,0.0,Not Selected,Forward,BOS,0.04697380307136405
1989-90,Otis Smith,smithot01,SF,26,ORL,65,35,1644,9.8,19.9,0.49200000000000005,0.3,1.1,0.25,9.5,18.7,0.506,4.7,6.2,0.7609999999999999,3.3,5.1,8.4,4.1,2.1,1.6,2.9,4.9,24.5,111.0,112.0,1990,Otis Smith-1990,0.0,Not Selected,Forward,ORL,0.016260162601626018
1989-90,Rik Smits,smitsri01,C,23,IND,82,82,2404,10.6,19.9,0.5329999999999999,0.0,0.0,0.0,10.6,19.9,0.5329999999999999,5.0,6.1,0.8109999999999999,2.8,7.8,10.5,2.9,0.9,3.5,2.9,6.8,26.2,113.0,109.0,1990,Rik Smits-1990,0.0,Not Selected,Center,IND,0.037940379403794036
1989-90,Mike Smrek,smrekmi01,C,27,GSW,13,3,107,4.2,10.2,0.41700000000000004,0.0,0.0,0.0,4.2,10.2,0.41700000000000004,0.4,2.5,0.16699999999999998,4.7,9.7,14.4,0.4,1.7,4.7,3.8,7.6,8.9,76.0,107.0,1990,Mike Smrek-1990,0.0,Not Selected,Center,GSW,0.03342366757000903
1989-90,Rory Sparrow,sparrro01,PG,31,MIA,82,25,1756,5.7,13.8,0.41200000000000003,0.2,1.1,0.2,5.5,12.7,0.43,1.6,2.1,0.7659999999999999,1.0,2.7,3.7,8.1,1.3,0.1,2.7,3.8,13.2,98.0,113.0,1990,Rory Sparrow-1990,0.0,Not Selected,Guard,MIA,0.016260162601626018
1989-90,John Stockton,stockjo01,PG,27,UTA,78,78,2915,8.1,15.7,0.514,0.8,1.9,0.41600000000000004,7.3,13.8,0.528,6.1,7.4,0.8190000000000001,1.0,2.6,3.5,19.4,3.5,0.3,4.7,4.0,23.0,124.0,105.0,1990,John Stockton-1990,2.0,2nd,Guard,UTA,0.04968383017163505
1989-90,Greg Stokes,stokegr01,PF,26,SAC,11,0,34,1.5,13.1,0.111,0.0,0.0,0.0,1.5,13.1,0.111,2.9,2.9,1.0,2.9,4.4,7.3,0.0,0.0,0.0,4.4,11.7,5.8,45.0,115.0,1990,Greg Stokes-1990,0.0,Not Selected,Forward,SAC,0.02077687443541102
1989-90,Rod Strickland,stricro02,PG,23,TOT,82,24,2140,7.8,17.2,0.45399999999999996,0.2,0.7,0.267,7.6,16.6,0.461,4.0,6.3,0.626,2.1,3.9,5.9,10.7,2.9,0.3,3.9,3.6,19.8,105.0,106.0,1990,Rod Strickland-1990,0.0,Not Selected,Guard,TOT,0.033333333333333326
1989-90,Jon Sundvold,sundvjo01,SG,28,MIA,63,2,867,8.1,19.9,0.408,2.4,5.5,0.44,5.7,14.4,0.395,2.4,2.9,0.846,0.8,3.1,3.9,5.6,1.4,0.0,2.9,3.8,21.0,103.0,112.0,1990,Jon Sundvold-1990,0.0,Not Selected,Guard,MIA,0.016260162601626018
1989-90,Roy Tarpley,tarplro01,PF,25,DAL,45,35,1648,9.7,21.5,0.451,0.0,0.2,0.0,9.7,21.3,0.455,4.0,5.3,0.7559999999999999,5.8,12.3,18.2,2.1,2.4,2.2,3.6,4.9,23.4,101.0,100.0,1990,Roy Tarpley-1990,0.0,Not Selected,Forward,DAL,0.04245709123757904
1989-90,Jay Taylor,tayloja01,SG,22,NJN,17,0,114,8.9,22.1,0.40399999999999997,1.3,5.5,0.231,7.6,16.5,0.462,2.5,3.8,0.667,2.1,2.5,4.7,2.1,2.1,1.3,4.2,3.8,21.6,89.0,110.0,1990,Jay Taylor-1990,0.0,Not Selected,Guard,BRK,0.015356820234869015
1989-90,Leonard Taylor,taylole01,PF,23,GSW,10,0,37,0.0,7.3,0.0,0.0,1.2,0.0,0.0,6.1,0.0,13.5,19.6,0.688,4.9,9.8,14.7,1.2,0.0,0.0,6.1,4.9,13.5,80.0,114.0,1990,Leonard Taylor-1990,0.0,Not Selected,Forward,GSW,0.03342366757000903
1989-90,Terry Teagle,teaglte01,SF,29,GSW,82,49,2376,10.3,21.4,0.48,0.1,0.3,0.214,10.2,21.1,0.483,4.7,5.6,0.83,2.2,4.8,7.0,3.0,1.7,0.3,2.7,4.4,25.2,105.0,114.0,1990,Terry Teagle-1990,0.0,Not Selected,Forward,GSW,0.03342366757000903
1989-90,Reggie Theus,theusre01,SG,32,ORL,76,71,2350,10.1,23.1,0.439,0.5,2.1,0.248,9.6,21.0,0.45799999999999996,7.4,8.7,0.853,1.5,2.9,4.3,8.0,1.2,0.2,4.4,3.8,28.2,107.0,117.0,1990,Reggie Theus-1990,0.0,Not Selected,Guard,ORL,0.016260162601626018
1989-90,Isiah Thomas,thomais01,PG,28,DET,81,81,2993,9.8,22.5,0.43799999999999994,0.7,2.3,0.309,9.1,20.2,0.45299999999999996,5.0,6.4,0.775,1.3,4.0,5.2,13.0,2.4,0.3,5.5,3.5,25.4,104.0,104.0,1990,Isiah Thomas-1990,0.0,Not Selected,Guard,DET,0.053297199638663056
1989-90,Billy Thompson,thompbi01,SF,26,MIA,79,45,2142,8.3,16.1,0.516,0.0,0.1,0.5,8.3,16.0,0.516,2.6,4.1,0.622,5.3,6.9,12.2,3.7,1.2,2.0,3.5,5.3,19.2,105.0,108.0,1990,Billy Thompson-1990,0.0,Not Selected,Forward,MIA,0.016260162601626018
1989-90,LaSalle Thompson,thompla01,C,28,IND,82,60,2126,5.2,11.0,0.473,0.0,0.1,0.2,5.2,10.8,0.47600000000000003,2.5,3.1,0.799,4.1,10.6,14.7,2.5,1.5,1.7,3.5,7.3,12.9,99.0,107.0,1990,LaSalle Thompson-1990,0.0,Not Selected,Center,IND,0.037940379403794036
1989-90,Mychal Thompson,thompmy01,C,35,LAL,70,70,1883,7.4,14.9,0.5,0.0,0.0,0.0,7.4,14.9,0.5,3.8,5.4,0.706,4.6,8.0,12.6,1.1,0.9,1.9,2.1,5.5,18.7,112.0,107.0,1990,Mychal Thompson-1990,0.0,Not Selected,Center,LAL,0.056910569105691054
1989-90,Bob Thornton,thornbo01,PF,27,PHI,56,0,592,4.0,9.4,0.429,0.1,0.3,0.33299999999999996,3.9,9.2,0.431,2.2,4.3,0.51,3.8,7.4,11.2,1.4,1.7,1.0,2.9,8.8,10.3,91.0,107.0,1990,Bob Thornton-1990,0.0,Not Selected,Forward,PHI,0.04787714543812105
1989-90,Otis Thorpe,thorpot01,PF,27,HOU,82,82,2947,8.8,16.1,0.5479999999999999,0.0,0.2,0.0,8.8,15.9,0.5539999999999999,4.9,7.2,0.688,4.2,7.7,11.8,4.2,1.1,0.4,3.7,4.3,22.6,112.0,105.0,1990,Otis Thorpe-1990,0.0,Not Selected,Forward,HOU,0.037037037037037035
1989-90,Sedale Threatt,threase01,PG,28,SEA,65,18,1481,10.3,20.4,0.506,0.3,1.1,0.25,10.0,19.3,0.52,4.4,5.3,0.828,1.5,2.4,3.9,7.3,2.2,0.3,2.6,5.6,25.3,120.0,112.0,1990,Sedale Threatt-1990,0.0,Not Selected,Guard,OKC,0.037037037037037035
1989-90,Wayman Tisdale,tisdawa01,PF,25,SAC,79,79,2937,12.3,23.4,0.525,0.0,0.1,0.0,12.3,23.3,0.527,5.2,6.6,0.7829999999999999,3.1,6.9,10.1,1.8,0.9,0.9,2.6,4.2,29.7,111.0,111.0,1990,Wayman Tisdale-1990,0.0,Not Selected,Forward,SAC,0.02077687443541102
1989-90,Tom Tolbert,tolbeto01,PF,24,GSW,70,21,1347,7.3,14.9,0.493,0.2,0.6,0.278,7.2,14.3,0.502,5.9,8.1,0.726,4.1,8.1,12.2,2.0,0.8,0.8,2.7,6.4,20.7,112.0,113.0,1990,Tom Tolbert-1990,0.0,Not Selected,Forward,GSW,0.03342366757000903
1989-90,Sedric Toney,toneyse01,PG,27,TOT,64,9,968,4.5,12.9,0.348,1.2,3.2,0.365,3.3,9.6,0.342,3.4,4.3,0.807,0.7,2.4,3.1,8.9,1.7,0.0,3.8,5.4,13.6,96.0,114.0,1990,Sedric Toney-1990,0.0,Not Selected,Guard,TOT,0.033333333333333326
1989-90,Kelly Tripucka,tripuke01,SF,30,CHH,79,73,2404,9.0,21.0,0.43,0.8,2.1,0.365,8.2,18.8,0.43700000000000006,6.3,7.1,0.883,1.7,4.9,6.6,4.6,1.5,0.3,3.6,4.5,25.1,101.0,112.0,1990,Kelly Tripucka-1990,0.0,Not Selected,Forward,CHO,0.017163504968383016
1989-90,Trent Tucker,tucketr01,SG,30,NYK,81,2,1725,7.2,17.2,0.41700000000000004,2.7,6.9,0.38799999999999996,4.5,10.2,0.43799999999999994,1.9,2.4,0.767,1.6,3.3,4.9,4.9,2.1,0.2,2.1,4.5,18.9,111.0,110.0,1990,Trent Tucker-1990,0.0,Not Selected,Guard,NYK,0.04065040650406504
1989-90,Andre Turner,turnean01,PG,25,TOT,11,0,115,4.7,16.1,0.289,0.0,0.8,0.0,4.7,15.3,0.306,1.7,1.7,1.0,1.7,1.7,3.4,9.8,3.4,0.0,5.1,2.5,11.0,74.0,110.0,1990,Andre Turner-1990,0.0,Not Selected,Guard,TOT,0.033333333333333326
1989-90,Henry Turner,turnehe02,PF,23,SAC,36,1,315,9.1,19.2,0.475,0.0,0.5,0.0,9.1,18.8,0.48700000000000004,6.3,10.2,0.615,3.5,4.4,7.9,3.5,2.7,1.1,4.1,6.3,24.6,99.0,108.0,1990,Henry Turner-1990,0.0,Not Selected,Forward,SAC,0.02077687443541102
1989-90,Jeff Turner,turneje01,PF,27,ORL,60,15,1105,5.5,12.8,0.429,0.1,0.4,0.2,5.4,12.4,0.436,1.8,2.3,0.778,2.2,7.3,9.5,2.2,1.0,0.5,2.5,6.7,12.8,93.0,114.0,1990,Jeff Turner-1990,0.0,Not Selected,Forward,ORL,0.016260162601626018
1989-90,Melvin Turpin,turpime01,C,29,WSB,59,12,818,6.5,12.3,0.526,0.0,0.1,0.0,6.5,12.2,0.531,3.3,4.2,0.789,5.2,7.9,13.0,1.6,0.9,2.8,2.7,8.0,16.3,112.0,108.0,1990,Melvin Turpin-1990,0.0,Not Selected,Center,WAS,0.028003613369467027
1989-90,Kelvin Upshaw,upshake01,SG,27,TOT,40,0,387,7.7,17.6,0.43799999999999994,0.5,1.8,0.267,7.2,15.7,0.45799999999999996,3.4,4.4,0.757,1.1,3.8,4.9,6.5,3.2,0.1,3.2,6.4,19.2,99.0,110.0,1990,Kelvin Upshaw-1990,0.0,Not Selected,Guard,TOT,0.033333333333333326
1989-90,Kiki Vandeweghe,vandeki01,SF,31,NYK,22,13,563,8.9,20.1,0.442,0.9,1.6,0.526,8.0,18.4,0.434,3.8,4.2,0.917,1.3,3.3,4.6,3.6,1.3,0.3,2.3,2.4,22.4,108.0,112.0,1990,Kiki Vandeweghe-1990,0.0,Not Selected,Forward,NYK,0.04065040650406504
1989-90,Jay Vincent,vinceja01,SF,30,TOT,41,6,459,9.3,19.8,0.47,0.1,0.2,0.5,9.2,19.6,0.47,4.4,5.3,0.8370000000000001,2.2,4.6,6.7,2.0,2.0,0.5,3.6,5.6,23.2,100.0,109.0,1990,Jay Vincent-1990,0.0,Not Selected,Forward,TOT,0.033333333333333326
1989-90,Sam Vincent,vincesa01,PG,26,ORL,63,45,1657,7.2,15.7,0.457,0.0,0.4,0.071,7.1,15.3,0.467,5.2,6.0,0.879,1.0,4.4,5.4,9.8,1.8,0.6,3.7,3.0,19.6,110.0,115.0,1990,Sam Vincent-1990,0.0,Not Selected,Guard,ORL,0.016260162601626018
1989-90,Gary Voce,vocega01,PF,24,CLE,1,0,4,12.6,37.9,0.33299999999999996,0.0,0.0,0.0,12.6,37.9,0.33299999999999996,0.0,0.0,0.0,25.3,0.0,25.3,0.0,0.0,0.0,0.0,0.0,25.3,102.0,116.0,1990,Gary Voce-1990,0.0,Not Selected,Forward,CLE,0.037940379403794036
1989-90,Alexander Volkov,volkoal01,C,25,ATL,72,4,937,7.3,15.2,0.48200000000000004,0.7,1.8,0.382,6.6,13.4,0.496,3.7,6.4,0.583,2.8,3.6,6.4,4.4,1.9,1.2,2.8,8.9,19.1,110.0,113.0,1990,Alexander Volkov-1990,0.0,Not Selected,Center,ATL,0.037037037037037035
1989-90,Mark Wade,wadema01,PG,24,DAL,1,0,3,0.0,0.0,0.0,0.0,0.0,0.0,0.0,0.0,0.0,0.0,0.0,0.0,0.0,0.0,0.0,33.9,0.0,0.0,0.0,0.0,0.0,205.0,116.0,1990,Mark Wade-1990,0.0,Not Selected,Guard,DAL,0.04245709123757904
1989-90,Darrell Walker,walkeda01,PG,28,WSB,81,81,2883,5.3,11.7,0.45399999999999996,0.0,0.4,0.095,5.3,11.3,0.465,2.3,3.4,0.687,2.9,9.1,12.0,10.9,2.3,0.5,2.9,3.7,12.9,109.0,106.0,1990,Darrell Walker-1990,0.0,Not Selected,Guard,WAS,0.028003613369467027
1989-90,Kenny Walker,walkeke01,PF,25,NYK,68,21,1595,6.3,11.8,0.531,0.1,0.2,0.4,6.2,11.6,0.5329999999999999,3.8,5.3,0.723,4.0,6.5,10.5,1.5,1.0,1.6,1.8,5.5,16.4,119.0,109.0,1990,Kenny Walker-1990,0.0,Not Selected,Forward,NYK,0.04065040650406504
1989-90,Spud Webb,webbsp01,PG,26,ATL,82,46,2184,6.7,14.1,0.47700000000000004,0.0,0.4,0.053,6.7,13.7,0.491,3.7,4.3,0.871,0.9,3.7,4.6,10.9,2.4,0.3,3.2,4.2,17.2,114.0,113.0,1990,Spud Webb-1990,0.0,Not Selected,Guard,ATL,0.037037037037037035
1989-90,Chris Welp,welpch01,C,26,TOT,27,3,198,5.4,14.2,0.377,0.0,0.0,0.0,5.4,14.2,0.377,4.4,5.8,0.76,4.2,7.0,11.2,2.1,1.4,1.9,3.5,13.5,15.2,93.0,109.0,1990,Chris Welp-1990,0.0,Not Selected,Center,TOT,0.033333333333333326
1989-90,Bill Wennington,wennibi01,C,26,DAL,60,2,814,6.6,14.6,0.449,0.0,0.2,0.0,6.6,14.4,0.457,3.7,4.7,0.8,4.0,8.4,12.4,2.6,1.2,1.3,3.1,9.0,16.8,102.0,106.0,1990,Bill Wennington-1990,0.0,Not Selected,Center,DAL,0.04245709123757904
1989-90,Doug West,westdo01,SG,22,MIN,52,0,378,7.4,18.8,0.39299999999999996,0.4,1.5,0.273,7.0,17.3,0.40299999999999997,3.6,4.5,0.813,3.3,6.4,9.8,2.5,1.4,0.8,4.3,8.5,18.8,89.0,109.0,1990,Doug West-1990,0.0,Not Selected,Guard,MIN,0.01987353206865402
1989-90,Mark West,westma01,C,29,PHO,82,79,2399,6.6,10.5,0.625,0.0,0.0,0.0,6.6,10.5,0.625,4.0,5.7,0.691,4.2,10.3,14.5,0.9,0.7,3.7,2.5,5.5,17.1,121.0,103.0,1990,Mark West-1990,0.0,Not Selected,Center,PHO,0.04878048780487805
1989-90,Randy White,whitera01,PF,22,DAL,55,2,707,6.7,18.1,0.369,0.1,1.0,0.071,6.6,17.1,0.387,3.6,6.4,0.562,5.6,6.8,12.4,1.5,1.7,0.4,3.4,8.9,17.0,88.0,107.0,1990,Randy White-1990,0.0,Not Selected,Forward,DAL,0.04245709123757904
1989-90,Mitchell Wiggins,wiggimi01,SG,30,HOU,66,52,1852,10.7,21.9,0.488,0.0,0.1,0.0,10.7,21.8,0.489,4.9,6.1,0.81,3.4,3.9,7.3,2.7,2.2,0.0,2.2,4.2,26.2,112.0,106.0,1990,Mitchell Wiggins-1990,0.0,Not Selected,Guard,HOU,0.037037037037037035
1989-90,Morlon Wiley,wileymo01,PG,23,ORL,40,2,638,6.6,15.0,0.442,1.2,3.3,0.37,5.4,11.7,0.46299999999999997,2.0,2.7,0.737,0.9,2.8,3.8,8.2,3.3,0.2,4.6,4.7,16.5,97.0,113.0,1990,Morlon Wiley-1990,0.0,Not Selected,Guard,ORL,0.016260162601626018
1989-90,Dominique Wilkins,wilkido01,SF,30,ATL,80,79,2888,14.0,29.0,0.484,1.0,3.2,0.322,13.0,25.8,0.504,8.0,9.9,0.807,3.8,5.3,9.0,3.5,2.2,0.8,3.0,2.4,37.1,118.0,112.0,1990,Dominique Wilkins-1990,0.0,Not Selected,Forward,ATL,0.037037037037037035
1989-90,Eddie Lee Wilkins,wilkied01,C,27,NYK,79,0,972,7.1,15.6,0.455,0.0,0.1,0.0,7.1,15.5,0.45799999999999996,4.5,7.4,0.605,5.7,7.6,13.3,0.8,0.9,0.9,3.7,7.6,18.7,98.0,109.0,1990,Eddie Lee Wilkins-1990,0.0,Not Selected,Center,NYK,0.04065040650406504
1989-90,Gerald Wilkins,wilkige01,SG,26,NYK,82,80,2609,8.8,19.3,0.457,0.7,2.3,0.312,8.1,17.0,0.47700000000000004,3.9,4.9,0.8029999999999999,2.5,4.5,6.9,6.2,1.8,0.4,3.6,3.5,22.3,106.0,110.0,1990,Gerald Wilkins-1990,0.0,Not Selected,Guard,NYK,0.04065040650406504
1989-90,Buck Williams,willibu01,PF,29,POR,82,82,2801,6.9,12.6,0.5479999999999999,0.0,0.0,0.0,6.9,12.6,0.5479999999999999,4.8,6.8,0.706,4.2,9.2,13.4,1.9,1.2,0.7,2.8,4.8,18.7,116.0,104.0,1990,Buck Williams-1990,0.0,Not Selected,Forward,POR,0.053297199638663056
1989-90,Herb Williams,willihe01,C,31,DAL,81,19,2199,6.8,15.4,0.444,0.0,0.2,0.222,6.8,15.2,0.447,2.5,3.7,0.679,1.8,7.3,9.0,2.7,1.2,2.4,2.4,5.6,16.2,97.0,106.0,1990,Herb Williams-1990,0.0,Not Selected,Center,DAL,0.04245709123757904
1989-90,Hot Rod Williams,williho01,PF,27,CLE,82,29,2776,9.6,19.5,0.493,0.0,0.0,0.0,9.6,19.5,0.493,5.9,8.0,0.7390000000000001,4.0,8.1,12.1,3.1,1.6,3.0,2.6,3.9,25.1,112.0,104.0,1990,Hot Rod Williams-1990,0.0,Not Selected,Forward,CLE,0.037940379403794036
1989-90,John Williams,willijo02,SF,23,WSB,18,18,632,9.9,20.9,0.474,0.2,1.4,0.111,9.8,19.6,0.5,5.0,6.4,0.774,2.1,8.3,10.4,6.4,1.6,0.7,3.3,2.5,25.0,107.0,108.0,1990,John Williams-1990,0.0,Not Selected,Forward,WAS,0.028003613369467027
1989-90,Micheal Williams,willimi02,PG,23,TOT,28,1,329,8.9,17.7,0.504,0.0,0.4,0.0,8.9,17.2,0.517,5.3,6.8,0.7829999999999999,1.8,3.0,4.8,12.0,3.3,0.1,4.9,5.8,23.2,108.0,109.0,1990,Micheal Williams-1990,0.0,Not Selected,Guard,TOT,0.033333333333333326
1989-90,Mike Williams,willimi03,PF-SF,26,TOT,21,0,102,2.9,8.8,0.33299999999999996,0.0,0.5,0.0,2.9,8.3,0.353,1.5,2.9,0.5,2.4,8.8,11.2,1.0,1.5,3.4,1.5,14.6,7.3,82.0,106.0,1990,Mike Williams-1990,0.0,Not Selected,Forward,TOT,0.033333333333333326
1989-90,Reggie Williams,willire01,SF,25,TOT,47,17,743,8.8,22.7,0.38799999999999996,0.4,2.5,0.162,8.4,20.2,0.415,3.5,4.6,0.765,1.9,3.7,5.6,3.6,2.2,0.9,3.0,6.9,21.5,91.0,108.0,1990,Reggie Williams-1990,0.0,Not Selected,Forward,TOT,0.033333333333333326
1989-90,Kevin Willis,willike02,PF,27,ATL,81,51,2273,9.2,17.7,0.519,0.0,0.2,0.28600000000000003,9.2,17.6,0.521,3.7,5.4,0.6829999999999999,5.6,8.6,14.2,1.3,1.4,1.0,3.2,5.7,22.2,111.0,111.0,1990,Kevin Willis-1990,0.0,Not Selected,Forward,ATL,0.037037037037037035
1989-90,David Wingate,wingada01,SG,26,SAS,78,2,1856,5.8,12.9,0.44799999999999995,0.0,0.3,0.0,5.8,12.6,0.46,2.3,2.9,0.777,1.6,3.5,5.1,5.5,2.3,0.5,3.3,4.0,13.8,97.0,106.0,1990,David Wingate-1990,0.0,Not Selected,Guard,SAS,0.05058717253839205
1989-90,Randy Wittman,wittmra01,SF,30,IND,61,0,544,5.6,11.1,0.508,0.1,0.2,0.5,5.5,10.9,0.508,0.5,0.5,0.833,0.4,2.4,2.7,3.5,0.6,0.4,2.1,1.9,11.8,99.0,116.0,1990,Randy Wittman-1990,0.0,Not Selected,Forward,IND,0.037940379403794036
1989-90,Joe Wolf,wolfjo01,C,25,LAC,77,19,1325,5.7,14.3,0.395,0.2,0.9,0.2,5.5,13.4,0.409,2.0,2.6,0.775,2.3,6.2,8.5,2.3,1.1,0.9,2.8,4.7,13.5,88.0,109.0,1990,Joe Wolf-1990,0.0,Not Selected,Center,LAC,0.02710027100271003
1989-90,Leon Wood,woodle01,SG,27,NJN,28,2,200,3.9,11.8,0.327,1.0,5.1,0.19,2.9,6.8,0.429,3.4,3.9,0.875,0.2,2.7,2.9,11.4,1.5,0.0,1.9,3.9,12.1,110.0,113.0,1990,Leon Wood-1990,0.0,Not Selected,Guard,BRK,0.015356820234869015
1989-90,Mike Woodson,woodsmi01,SG,31,HOU,61,11,972,7.8,19.8,0.395,0.6,2.0,0.293,7.2,17.8,0.40700000000000003,3.0,4.2,0.721,1.2,3.1,4.3,3.2,2.1,0.5,2.4,4.9,19.2,94.0,106.0,1990,Mike Woodson-1990,0.0,Not Selected,Guard,HOU,0.037037037037037035
1989-90,Orlando Woolridge,woolror01,SF,30,LAL,62,2,1421,10.7,19.3,0.556,0.0,0.2,0.0,10.7,19.1,0.561,6.2,8.4,0.733,1.7,4.8,6.5,3.4,1.4,1.6,2.6,5.6,27.6,118.0,108.0,1990,Orlando Woolridge-1990,0.0,Not Selected,Forward,LAL,0.056910569105691054
1989-90,Haywoode Workman,workmha01,PG,24,ATL,6,0,16,6.3,9.4,0.667,0.0,0.0,0.0,6.3,9.4,0.667,6.3,6.3,1.0,0.0,9.4,9.4,6.3,9.4,0.0,0.0,9.4,18.8,175.0,94.0,1990,Haywoode Workman-1990,0.0,Not Selected,Guard,ATL,0.037037037037037035
1989-90,James Worthy,worthja01,SF,28,LAL,80,80,2960,12.0,21.9,0.5479999999999999,0.3,0.8,0.306,11.7,21.0,0.557,4.2,5.3,0.782,2.7,5.4,8.0,4.8,1.7,0.8,2.7,3.2,28.4,119.0,108.0,1990,James Worthy-1990,3.0,3rd,Forward,LAL,0.056910569105691054
1989-90,Danny Young,youngda01,PG,27,POR,82,8,1393,4.6,11.0,0.42100000000000004,0.5,2.0,0.271,4.1,9.1,0.45399999999999996,3.1,3.8,0.813,1.0,3.1,4.1,7.8,2.8,0.1,2.7,2.8,12.9,109.0,105.0,1990,Danny Young-1990,0.0,Not Selected,Guard,POR,0.053297199638663056
1989-90,Michael Young,youngmi01,SF,29,LAC,45,2,459,9.7,20.5,0.474,0.8,2.7,0.308,8.9,17.7,0.5,2.8,4.0,0.711,3.8,5.3,9.1,2.5,2.6,0.3,1.6,5.0,23.1,111.0,107.0,1990,Michael Young-1990,0.0,Not Selected,Forward,LAC,0.02710027100271003
1990-91,Alaa Abdelnaby,abdelal01,PF,22,POR,43,0,290,9.1,19.1,0.474,0.0,0.0,0.0,9.1,19.1,0.474,4.1,7.2,0.568,4.4,10.2,14.7,2.0,0.7,2.0,3.6,6.4,22.2,99.0,103.0,1991,Alaa Abdelnaby-1991,0.0,Not Selected,Forward,POR,0.056910569105691054
1990-91,Mahmoud Abdul-Rauf,abdulma02,PG,21,DEN,67,19,1505,11.7,28.3,0.413,0.7,2.8,0.24,11.0,25.5,0.43200000000000005,2.4,2.7,0.857,1.0,2.4,3.4,5.8,1.5,0.1,3.1,4.2,26.4,96.0,118.0,1991,Mahmoud Abdul-Rauf-1991,0.0,Not Selected,Guard,DEN,0.018066847335140017
1990-91,Mark Acres,acresma01,C,28,ORL,68,0,1313,4.0,7.9,0.509,0.0,0.1,0.33299999999999996,4.0,7.8,0.512,2.4,3.7,0.653,5.1,8.0,13.2,0.9,0.9,0.9,1.5,8.0,10.5,116.0,109.0,1991,Mark Acres-1991,0.0,Not Selected,Center,ORL,0.028003613369467027
1990-91,Michael Adams,adamsmi01,PG,28,DEN,66,66,2346,10.1,25.6,0.39399999999999996,3.0,10.2,0.29600000000000004,7.1,15.4,0.45899999999999996,8.4,9.5,0.879,1.0,3.6,4.6,12.5,2.6,0.1,4.3,2.9,31.5,113.0,115.0,1991,Michael Adams-1991,0.0,Not Selected,Guard,DEN,0.018066847335140017
1990-91,Mark Aguirre,aguirma01,SF,31,DET,78,13,2006,10.9,23.7,0.462,0.6,2.0,0.308,10.3,21.6,0.47700000000000004,6.2,8.3,0.757,3.5,6.2,9.7,3.6,1.2,0.5,3.3,5.4,28.7,109.0,105.0,1991,Mark Aguirre-1991,0.0,Not Selected,Forward,DET,0.045167118337850046
1990-91,Danny Ainge,aingeda01,SG,31,POR,80,0,1710,9.4,19.9,0.47200000000000003,2.8,7.0,0.406,6.6,12.9,0.508,3.2,3.9,0.826,1.3,4.5,5.7,8.0,1.8,0.4,2.8,5.4,24.9,119.0,106.0,1991,Danny Ainge-1991,0.0,Not Selected,Guard,POR,0.056910569105691054
1990-91,Mark Alarie,alarima01,PF,27,WSB,42,1,587,8.3,18.9,0.44,0.4,1.8,0.23800000000000002,7.9,17.1,0.461,3.4,4.0,0.8540000000000001,3.4,6.4,9.8,3.8,1.3,0.7,3.4,7.4,20.5,100.0,109.0,1991,Mark Alarie-1991,0.0,Not Selected,Forward,WAS,0.02710027100271003
1990-91,Steve Alford,alforst01,PG,26,DAL,34,0,236,12.7,25.3,0.504,1.5,5.0,0.304,11.2,20.3,0.5529999999999999,5.6,6.7,0.8390000000000001,2.2,3.0,5.2,4.8,1.7,0.2,3.5,2.4,32.6,112.0,113.0,1991,Steve Alford-1991,0.0,Not Selected,Guard,DAL,0.025293586269196026
1990-91,Greg Anderson,andergr01,PF,26,TOT,68,2,924,5.5,12.9,0.43,0.0,0.0,0.0,5.5,12.9,0.431,2.9,5.5,0.522,4.6,10.6,15.2,0.8,1.7,2.2,4.0,6.7,14.0,86.0,109.0,1991,Greg Anderson-1991,0.0,Not Selected,Forward,TOT,0.03333333333333333
1990-91,Nick Anderson,anderni01,SG,23,ORL,70,42,1971,9.8,21.0,0.467,0.4,1.4,0.293,9.4,19.6,0.479,4.2,6.3,0.6679999999999999,2.3,7.2,9.4,2.6,1.8,1.1,2.8,3.5,24.2,104.0,108.0,1991,Nick Anderson-1991,0.0,Not Selected,Guard,ORL,0.028003613369467027
1990-91,Ron Anderson,anderro01,SF,32,PHI,82,13,2340,11.0,22.6,0.485,0.2,0.9,0.209,10.8,21.7,0.49700000000000005,3.5,4.2,0.833,2.2,5.7,7.9,2.5,1.4,0.3,2.1,3.5,25.7,107.0,110.0,1991,Ron Anderson-1991,0.0,Not Selected,Forward,PHI,0.03974706413730804
1990-91,Willie Anderson,anderwi01,SG,24,SAS,75,75,2592,8.5,18.6,0.457,0.1,0.7,0.2,8.4,18.0,0.467,3.2,4.0,0.7979999999999999,1.3,5.3,6.6,6.7,1.5,0.9,3.1,4.2,20.3,103.0,105.0,1991,Willie Anderson-1991,0.0,Not Selected,Guard,SAS,0.04968383017163505
1990-91,Michael Ansley,anslemi01,SF,23,ORL,67,1,877,7.9,14.5,0.5479999999999999,0.0,0.0,0.0,7.9,14.5,0.5479999999999999,5.0,7.0,0.7170000000000001,6.7,7.2,13.9,1.4,1.5,0.4,1.8,6.9,20.9,126.0,109.0,1991,Michael Ansley-1991,0.0,Not Selected,Forward,ORL,0.028003613369467027
1990-91,B.J. Armstrong,armstbj01,PG,23,CHI,82,0,1731,8.8,18.3,0.48100000000000004,0.4,0.9,0.5,8.4,17.5,0.48,2.8,3.2,0.8740000000000001,0.7,3.6,4.3,8.7,2.0,0.1,3.1,3.4,20.9,111.0,108.0,1991,B.J. Armstrong-1991,0.0,Not Selected,Guard,CHI,0.05510388437217705
1990-91,Vincent Askew,askewvi01,SG,24,GSW,7,0,85,6.5,13.6,0.48,0.0,0.0,0.0,6.5,13.6,0.48,4.9,6.0,0.818,3.8,2.2,6.0,7.1,1.1,0.0,3.3,11.4,18.0,115.0,115.0,1991,Vincent Askew-1991,0.0,Not Selected,Guard,GSW,0.03974706413730804
1990-91,Keith Askins,askinke01,SF,23,MIA,39,1,266,6.2,14.7,0.42,1.1,4.5,0.24,5.1,10.2,0.5,2.2,4.5,0.48,5.5,6.9,12.4,3.5,2.9,2.4,2.0,8.4,15.6,106.0,104.0,1991,Keith Askins-1991,0.0,Not Selected,Forward,MIA,0.02168021680216802
1990-91,Miloš Babić,babicmi01,PF,22,CLE,12,0,52,5.8,18.4,0.316,0.0,0.0,0.0,5.8,18.4,0.316,6.8,11.6,0.583,5.8,2.9,8.7,3.9,1.0,1.0,4.9,6.8,18.4,84.0,112.0,1991,Miloš Babić-1991,0.0,Not Selected,Forward,CLE,0.02981029810298103
1990-91,Thurl Bailey,baileth01,PF,29,UTA,82,22,2486,8.1,17.7,0.45799999999999996,0.0,0.1,0.0,8.1,17.6,0.45899999999999996,4.4,5.5,0.8079999999999999,2.0,6.2,8.2,2.5,1.1,1.8,2.6,3.2,20.6,101.0,106.0,1991,Thurl Bailey-1991,0.0,Not Selected,Forward,UTA,0.04878048780487805
1990-91,Cedric Ball,ballce01,PF,22,LAC,7,0,26,5.5,14.8,0.375,0.0,0.0,0.0,5.5,14.8,0.375,3.7,3.7,1.0,9.2,11.1,20.3,0.0,0.0,3.7,3.7,9.2,14.8,96.0,104.0,1991,Cedric Ball-1991,0.0,Not Selected,Forward,LAC,0.028003613369467027
1990-91,Ken Bannister,bannike01,PF,30,LAC,47,3,339,6.1,11.5,0.531,0.0,0.1,0.0,6.1,11.3,0.5379999999999999,3.5,9.2,0.385,4.8,8.8,13.6,1.3,0.7,1.0,3.5,10.3,15.7,93.0,107.0,1991,Ken Bannister-1991,0.0,Not Selected,Forward,LAC,0.028003613369467027
1990-91,Charles Barkley,barklch01,SF,27,PHI,67,67,2498,13.4,23.4,0.57,0.9,3.1,0.284,12.5,20.3,0.614,9.5,13.2,0.722,5.2,8.5,13.7,5.7,2.2,0.7,4.2,3.5,37.1,123.0,106.0,1991,Charles Barkley-1991,1.0,1st,Forward,PHI,0.03974706413730804
1990-91,Dana Barros,barroda01,PG,23,SEA,66,0,750,10.2,20.7,0.495,2.1,5.4,0.395,8.1,15.3,0.53,5.2,5.7,0.9179999999999999,1.1,3.6,4.7,7.4,1.5,0.1,3.6,2.7,27.8,120.0,112.0,1991,Dana Barros-1991,0.0,Not Selected,Guard,OKC,0.037037037037037035
1990-91,John Battle,battljo01,SG,28,ATL,79,2,1863,10.4,22.5,0.461,0.4,1.3,0.28600000000000003,10.0,21.2,0.47100000000000003,7.1,8.3,0.8540000000000001,0.9,3.3,4.2,5.7,1.2,0.2,3.0,3.8,28.2,112.0,114.0,1991,John Battle-1991,0.0,Not Selected,Guard,ATL,0.03884372177055104
1990-91,Kenny Battle,battlke01,SG,26,TOT,56,8,945,6.1,13.0,0.47200000000000003,0.1,1.1,0.125,6.0,11.9,0.504,3.2,4.3,0.753,3.8,4.3,8.1,2.9,2.8,0.8,2.4,5.0,15.6,108.0,112.0,1991,Kenny Battle-1991,0.0,Not Selected,Guard,TOT,0.03333333333333333
1990-91,William Bedford,bedfowi01,C,27,DET,60,4,562,9.9,22.5,0.43799999999999994,0.5,1.2,0.385,9.4,21.3,0.441,5.1,7.2,0.705,5.1,7.1,12.2,3.0,0.2,3.3,3.0,7.1,25.3,106.0,104.0,1991,William Bedford-1991,0.0,Not Selected,Center,DET,0.045167118337850046
1990-91,Benoit Benjamin,benjabe01,C,26,TOT,70,65,2236,8.4,17.0,0.496,0.0,0.0,0.0,8.4,17.0,0.496,4.6,6.4,0.7120000000000001,3.4,12.3,15.8,2.6,1.2,3.2,5.1,4.0,21.4,97.0,103.0,1991,Benoit Benjamin-1991,0.0,Not Selected,Center,TOT,0.03333333333333333
1990-91,Winston Bennett,bennewi01,SF,25,CLE,27,13,334,6.0,16.2,0.374,0.0,0.0,0.0,6.0,16.2,0.374,5.3,7.1,0.745,4.5,5.1,9.7,4.2,1.2,0.3,3.0,7.6,17.4,98.0,111.0,1991,Winston Bennett-1991,0.0,Not Selected,Forward,CLE,0.02981029810298103
1990-91,Larry Bird,birdla01,SF,34,BOS,60,60,2277,9.9,21.8,0.45399999999999996,1.6,4.2,0.389,8.2,17.5,0.47,3.5,3.9,0.8909999999999999,1.1,9.8,10.9,9.2,2.3,1.2,4.0,2.5,24.9,109.0,103.0,1991,Larry Bird-1991,0.0,Not Selected,Forward,BOS,0.05058717253839205
1990-91,Rolando Blackman,blackro01,SG,31,DAL,80,80,2965,10.9,22.6,0.48200000000000004,0.7,2.0,0.35100000000000003,10.2,20.7,0.494,4.8,5.6,0.865,1.1,3.3,4.4,5.2,1.2,0.3,2.7,2.6,27.3,110.0,114.0,1991,Rolando Blackman-1991,0.0,Not Selected,Guard,DAL,0.025293586269196026
1990-91,Lance Blanks,blankla01,SG,24,DET,38,0,214,6.3,14.9,0.426,0.5,3.9,0.125,5.9,11.0,0.5329999999999999,2.4,3.4,0.7140000000000001,1.0,3.9,4.9,6.3,2.2,0.5,4.4,8.5,15.6,92.0,105.0,1991,Lance Blanks-1991,0.0,Not Selected,Guard,DET,0.045167118337850046
1990-91,Mookie Blaylock,blaylmo01,PG,23,NJN,72,70,2585,8.1,19.4,0.41600000000000004,0.3,1.7,0.154,7.8,17.7,0.441,2.6,3.3,0.79,1.3,3.4,4.7,8.3,3.2,0.7,3.9,3.4,19.0,97.0,107.0,1991,Mookie Blaylock-1991,0.0,Not Selected,Guard,BRK,0.023486901535682024
1990-91,Muggsy Bogues,boguemu01,PG,26,CHH,81,46,2299,5.2,11.2,0.46,0.0,0.3,0.0,5.2,11.0,0.47100000000000003,1.8,2.3,0.7959999999999999,1.2,3.4,4.6,14.4,2.9,0.1,2.6,3.4,12.2,114.0,110.0,1991,Muggsy Bogues-1991,0.0,Not Selected,Guard,CHO,0.023486901535682024
1990-91,Manute Bol,bolma01,C,28,PHI,82,6,1522,2.1,5.4,0.396,0.0,0.5,0.071,2.1,4.9,0.42700000000000005,0.8,1.4,0.585,2.2,9.4,11.5,0.7,0.5,8.1,2.1,6.1,5.1,80.0,102.0,1991,Manute Bol-1991,0.0,Not Selected,Center,PHI,0.03974706413730804
1990-91,Anthony Bonner,bonnean01,PF,22,SAC,34,6,750,7.0,15.5,0.44799999999999995,0.0,0.0,0.0,7.0,15.5,0.44799999999999995,3.0,5.1,0.579,4.0,6.9,10.9,3.3,2.6,0.3,2.8,4.2,16.9,97.0,107.0,1991,Anthony Bonner-1991,0.0,Not Selected,Forward,SAC,0.022583559168925023
1990-91,Sam Bowie,bowiesa01,C,29,NJN,62,51,1916,7.9,18.2,0.434,0.1,0.6,0.182,7.8,17.7,0.442,4.3,5.8,0.732,4.4,7.7,12.1,3.7,1.1,2.3,3.6,4.4,20.2,101.0,107.0,1991,Sam Bowie-1991,0.0,Not Selected,Center,BRK,0.023486901535682024
1990-91,Randy Breuer,breuera01,C,30,MIN,73,44,1505,6.8,15.0,0.45299999999999996,0.0,0.0,0.0,6.8,15.0,0.45299999999999996,1.2,2.7,0.44299999999999995,3.9,8.0,11.9,2.5,1.2,2.8,2.4,4.6,14.8,97.0,109.0,1991,Randy Breuer-1991,0.0,Not Selected,Center,MIN,0.026196928635953028
1990-91,Frank Brickowski,brickfr01,PF,31,MIL,75,73,1912,9.7,18.4,0.527,0.0,0.1,0.0,9.7,18.4,0.528,5.2,6.5,0.7979999999999999,3.4,7.8,11.1,3.4,2.2,1.1,4.2,6.7,24.6,108.0,105.0,1991,Frank Brickowski-1991,0.0,Not Selected,Forward,MIL,0.04336043360433604
1990-91,Scott Brooks,brooksc01,PG,25,MIN,80,0,980,8.4,19.6,0.43,2.4,7.2,0.33299999999999996,6.0,12.5,0.485,3.2,3.8,0.847,1.5,2.3,3.8,10.8,2.8,0.3,2.7,6.5,22.5,116.0,112.0,1991,Scott Brooks-1991,0.0,Not Selected,Guard,MIN,0.026196928635953028
1990-91,Chucky Brown,brownch01,SF,22,CLE,74,51,1485,8.9,17.1,0.524,0.0,0.1,0.0,8.9,16.9,0.528,3.4,4.9,0.701,2.6,4.6,7.2,2.7,0.9,0.8,3.2,4.4,21.3,104.0,112.0,1991,Chucky Brown-1991,0.0,Not Selected,Forward,CLE,0.02981029810298103
1990-91,Dee Brown,brownde01,PG,22,BOS,82,5,1945,7.1,15.3,0.46399999999999997,0.2,0.9,0.20600000000000002,6.9,14.5,0.479,3.4,3.9,0.873,1.0,3.5,4.6,8.6,2.1,0.4,3.4,4.0,17.8,108.0,109.0,1991,Dee Brown-1991,0.0,Not Selected,Guard,BOS,0.05058717253839205
1990-91,Mike Brown,brownmi01,C,27,UTA,82,2,1391,4.7,10.3,0.45399999999999996,0.0,0.0,0.0,4.7,10.3,0.45399999999999996,4.8,6.4,0.742,3.9,8.3,12.2,1.8,1.1,0.9,3.0,6.0,14.1,104.0,105.0,1991,Mike Brown-1991,0.0,Not Selected,Center,UTA,0.04878048780487805
1990-91,Tony Brown,brownto01,SG-SF,30,TOT,30,0,294,5.1,13.7,0.375,0.5,2.1,0.25,4.6,11.7,0.397,3.4,3.9,0.87,4.1,3.3,7.4,2.7,0.7,0.0,2.7,8.1,14.2,97.0,110.0,1991,Tony Brown-1991,0.0,Not Selected,Forward,TOT,0.03333333333333333
1990-91,Mark Bryant,bryanma01,PF,25,POR,53,0,781,6.1,12.4,0.488,0.0,0.1,0.0,6.1,12.3,0.49,4.5,6.2,0.733,4.0,7.6,11.6,1.7,0.9,0.7,2.0,7.3,16.6,115.0,105.0,1991,Mark Bryant-1991,0.0,Not Selected,Forward,POR,0.056910569105691054
1990-91,Jud Buechler,buechju01,SF,22,NJN,74,10,859,5.3,12.7,0.41600000000000004,0.1,0.2,0.25,5.2,12.5,0.419,2.4,3.7,0.652,3.4,4.5,7.9,2.9,1.9,0.8,1.5,4.4,13.1,105.0,109.0,1991,Jud Buechler-1991,0.0,Not Selected,Forward,BRK,0.023486901535682024
1990-91,Matt Bullard,bullama01,PF,23,HOU,18,0,63,10.8,24.0,0.452,0.0,2.3,0.0,10.8,21.7,0.5,8.5,13.2,0.647,4.6,6.2,10.8,1.5,2.3,0.0,2.3,7.7,30.2,109.0,104.0,1991,Matt Bullard-1991,0.0,Not Selected,Forward,HOU,0.04697380307136405
1990-91,Willie Burton,burtowi01,SF,22,MIA,76,26,1928,8.6,19.4,0.441,0.1,0.8,0.133,8.5,18.6,0.45399999999999996,5.7,7.3,0.782,2.8,3.8,6.6,2.7,1.8,0.6,3.6,6.9,22.9,101.0,110.0,1991,Willie Burton-1991,0.0,Not Selected,Forward,MIA,0.02168021680216802
1990-91,Greg Butler,butlegr01,C,24,LAC,9,0,37,6.5,24.7,0.263,0.0,0.0,0.0,6.5,24.7,0.263,5.2,7.8,0.667,10.4,10.4,20.8,1.3,0.0,0.0,5.2,11.7,18.2,77.0,108.0,1991,Greg Butler-1991,0.0,Not Selected,Center,LAC,0.028003613369467027
1990-91,Michael Cage,cagemi01,C,29,SEA,82,55,2141,5.3,10.4,0.508,0.0,0.1,0.0,5.3,10.3,0.511,1.6,2.6,0.625,4.1,8.9,13.0,2.1,2.0,1.4,1.9,4.5,12.2,110.0,106.0,1991,Michael Cage-1991,0.0,Not Selected,Center,OKC,0.037037037037037035
1990-91,Adrian Caldwell,caldwad01,PF,24,HOU,42,0,343,5.0,11.8,0.42200000000000004,0.0,0.1,0.0,5.0,11.7,0.42700000000000005,1.0,2.4,0.41200000000000003,6.1,8.1,14.2,1.1,2.7,1.4,4.3,5.0,10.9,83.0,101.0,1991,Adrian Caldwell-1991,0.0,Not Selected,Forward,HOU,0.04697380307136405
1990-91,Rick Calloway,callori01,SG,24,SAC,64,0,678,5.6,14.4,0.391,0.0,0.1,0.0,5.6,14.2,0.395,4.1,5.9,0.696,1.9,4.0,5.8,4.6,1.6,0.5,3.8,7.3,15.3,88.0,111.0,1991,Rick Calloway-1991,0.0,Not Selected,Guard,SAC,0.022583559168925023
1990-91,Elden Campbell,campbel01,PF,22,LAL,52,0,380,7.5,16.5,0.455,0.0,0.0,0.0,7.5,16.5,0.455,4.3,6.6,0.653,5.4,7.5,12.9,1.3,1.5,5.1,2.1,9.5,19.3,108.0,101.0,1991,Elden Campbell-1991,0.0,Not Selected,Forward,LAL,0.052393857271906055
1990-91,Tony Campbell,campbto01,SG,28,MIN,77,71,2893,11.7,27.0,0.434,0.3,1.1,0.262,11.4,25.9,0.441,6.4,8.0,0.8029999999999999,2.9,3.3,6.2,3.8,2.2,0.9,3.4,3.7,30.2,104.0,112.0,1991,Tony Campbell-1991,0.0,Not Selected,Guard,MIN,0.026196928635953028
1990-91,Antoine Carr,carran01,PF,29,SAC,77,48,2527,12.6,24.6,0.511,0.0,0.1,0.0,12.6,24.6,0.513,5.9,7.8,0.758,3.3,5.2,8.4,3.8,0.9,2.0,3.4,6.3,31.1,108.0,110.0,1991,Antoine Carr-1991,0.0,Not Selected,Forward,SAC,0.022583559168925023
1990-91,Joe Barry Carroll,carrojo01,C,32,PHO,11,0,96,6.4,17.8,0.361,0.0,0.0,0.0,6.4,17.8,0.361,5.4,5.9,0.917,1.5,10.4,11.9,5.4,0.5,4.0,5.9,8.9,18.3,85.0,103.0,1991,Joe Barry Carroll-1991,0.0,Not Selected,Center,PHO,0.04968383017163505
1990-91,Bill Cartwright,cartwbi01,C,33,CHI,79,79,2273,7.0,14.3,0.49,0.0,0.0,0.0,7.0,14.3,0.49,2.7,3.9,0.6970000000000001,3.7,7.0,10.7,2.8,0.7,0.3,2.5,3.7,16.8,108.0,108.0,1991,Bill Cartwright-1991,0.0,Not Selected,Center,CHI,0.05510388437217705
1990-91,Terry Catledge,catlete01,PF,27,ORL,51,38,1459,9.7,20.9,0.462,0.0,0.2,0.0,9.7,20.7,0.466,5.3,8.5,0.624,5.6,6.2,11.7,1.9,1.1,0.3,3.5,3.7,24.6,102.0,111.0,1991,Terry Catledge-1991,0.0,Not Selected,Forward,ORL,0.028003613369467027
1990-91,Duane Causwell,causwdu01,C,22,SAC,76,55,1719,6.2,12.2,0.508,0.0,0.0,0.0,6.2,12.2,0.508,3.1,4.9,0.636,4.2,7.4,11.5,2.0,1.4,4.4,2.8,6.6,15.5,103.0,106.0,1991,Duane Causwell-1991,0.0,Not Selected,Center,SAC,0.022583559168925023
1990-91,Cedric Ceballos,cebalce01,SF,21,PHO,63,0,730,13.3,27.3,0.48700000000000004,0.1,0.4,0.16699999999999998,13.2,26.9,0.49200000000000005,7.2,10.8,0.6629999999999999,5.0,4.8,9.8,2.3,1.4,0.3,4.5,4.6,33.8,104.0,109.0,1991,Cedric Ceballos-1991,0.0,Not Selected,Forward,PHO,0.04968383017163505
1990-91,Tom Chambers,chambto01,PF,31,PHO,76,75,2475,10.7,24.4,0.43700000000000006,0.4,1.4,0.27399999999999997,10.3,23.0,0.447,7.3,8.8,0.826,2.0,7.4,9.4,3.7,1.2,1.0,3.4,4.5,29.0,106.0,106.0,1991,Tom Chambers-1991,0.0,Not Selected,Forward,PHO,0.04968383017163505
1990-91,Rex Chapman,chapmre01,PG,23,CHH,70,68,2100,9.6,21.7,0.445,1.1,3.5,0.324,8.5,18.2,0.46799999999999997,5.5,6.6,0.83,1.1,3.4,4.5,5.9,1.7,0.4,3.1,3.9,25.9,106.0,113.0,1991,Rex Chapman-1991,0.0,Not Selected,Guard,CHO,0.023486901535682024
1990-91,Maurice Cheeks,cheekma01,PG,34,NYK,76,64,2147,5.7,11.4,0.499,0.1,0.5,0.25,5.6,10.9,0.51,2.5,3.0,0.8140000000000001,0.5,3.6,4.1,10.2,3.0,0.2,2.5,3.2,13.9,114.0,107.0,1991,Maurice Cheeks-1991,0.0,Not Selected,Guard,NYK,0.03523035230352303
1990-91,Derrick Chievous,chievde01,SF,23,CLE,18,0,110,7.8,21.1,0.37,0.0,0.0,0.0,7.8,21.1,0.37,4.1,7.3,0.563,5.0,3.2,8.3,0.9,1.4,0.5,2.8,7.3,19.7,87.0,112.0,1991,Derrick Chievous-1991,0.0,Not Selected,Forward,CLE,0.02981029810298103
1990-91,Richard Coffey,cofferi01,SF,25,MIN,52,1,320,4.5,12.2,0.373,0.0,0.2,0.0,4.5,12.0,0.37799999999999995,1.9,3.6,0.545,6.8,6.0,12.8,0.5,1.0,0.6,0.8,7.3,11.0,104.0,113.0,1991,Richard Coffey-1991,0.0,Not Selected,Forward,MIN,0.026196928635953028
1990-91,Derrick Coleman,colemde01,PF,23,NJN,74,68,2602,9.6,20.4,0.467,0.2,0.7,0.342,9.3,19.7,0.47200000000000003,6.0,8.2,0.731,5.0,9.1,14.1,3.0,1.3,1.8,4.0,4.0,25.4,106.0,106.0,1991,Derrick Coleman-1991,0.0,Not Selected,Forward,BRK,0.023486901535682024
1990-91,Bimbo Coles,colesbi01,PG,22,MIA,82,9,1355,5.8,14.0,0.41200000000000003,0.2,1.2,0.17600000000000002,5.6,12.8,0.435,2.5,3.4,0.747,2.0,3.5,5.5,8.3,2.3,0.4,3.5,5.3,14.3,98.0,109.0,1991,Bimbo Coles-1991,0.0,Not Selected,Guard,MIA,0.02168021680216802
1990-91,Steve Colter,coltest01,PG,28,SAC,19,0,251,4.6,11.3,0.41100000000000003,1.0,2.8,0.35700000000000004,3.6,8.5,0.429,1.4,2.0,0.7,1.0,4.2,5.3,7.5,2.2,0.2,2.2,5.5,11.7,103.0,110.0,1991,Steve Colter-1991,0.0,Not Selected,Guard,SAC,0.022583559168925023
1990-91,Lester Conner,connele01,PG,31,TOT,74,4,1008,4.7,10.1,0.46399999999999997,0.0,0.2,0.0,4.7,9.9,0.475,3.3,4.6,0.723,1.0,4.4,5.5,8.0,4.1,0.1,2.8,3.7,12.7,108.0,105.0,1991,Lester Conner-1991,0.0,Not Selected,Guard,TOT,0.03333333333333333
1990-91,Anthony Cook,cookan01,PF,23,DEN,58,25,1121,4.4,10.7,0.41700000000000004,0.0,0.1,0.0,4.4,10.5,0.42100000000000004,2.7,4.9,0.55,5.0,7.2,12.3,1.0,1.3,2.7,1.9,3.8,11.6,100.0,113.0,1991,Anthony Cook-1991,0.0,Not Selected,Forward,DEN,0.018066847335140017
1990-91,Wayne Cooper,coopewa01,C,34,POR,67,1,746,3.6,9.3,0.39299999999999996,0.0,0.1,0.0,3.6,9.2,0.396,2.1,2.7,0.7859999999999999,3.5,8.6,12.0,1.4,0.4,3.9,1.4,7.7,9.4,103.0,103.0,1991,Wayne Cooper-1991,0.0,Not Selected,Center,POR,0.056910569105691054
1990-91,Tyrone Corbin,corbity01,SF,28,MIN,82,82,3196,9.5,21.3,0.44799999999999995,0.0,0.2,0.2,9.5,21.2,0.45,4.8,6.0,0.7979999999999999,3.0,6.6,9.6,5.6,2.6,0.9,3.4,4.2,23.9,105.0,109.0,1991,Tyrone Corbin-1991,0.0,Not Selected,Forward,MIN,0.026196928635953028
1990-91,Dave Corzine,corzida01,C,34,SEA,28,0,147,5.8,12.9,0.447,0.0,0.0,0.0,5.8,12.9,0.447,4.4,7.5,0.591,3.4,7.8,11.2,1.4,1.7,1.7,0.7,6.1,16.0,115.0,107.0,1991,Dave Corzine-1991,0.0,Not Selected,Center,OKC,0.037037037037037035
1990-91,Pat Cummings,cummipa01,PF,34,UTA,4,0,26,7.8,11.6,0.667,0.0,0.0,0.0,7.8,11.6,0.667,13.6,19.4,0.7,5.8,3.9,9.7,0.0,0.0,0.0,3.9,15.5,29.1,128.0,111.0,1991,Pat Cummings-1991,0.0,Not Selected,Forward,UTA,0.04878048780487805
1990-91,Terry Cummings,cummite01,PF,29,SAS,67,62,2195,11.2,23.1,0.484,0.2,0.7,0.212,11.0,22.3,0.493,3.6,5.3,0.6829999999999999,4.3,7.3,11.6,3.5,1.4,0.7,2.9,5.0,26.1,107.0,104.0,1991,Terry Cummings-1991,0.0,Not Selected,Forward,SAS,0.04968383017163505
1990-91,Earl Cureton,curetea01,PF,33,CHH,9,1,159,2.5,7.4,0.33299999999999996,0.0,0.3,0.0,2.5,7.1,0.348,0.3,0.9,0.33299999999999996,1.9,9.3,11.2,0.9,0.0,0.9,1.9,5.0,5.3,70.0,111.0,1991,Earl Cureton-1991,0.0,Not Selected,Forward,CHO,0.023486901535682024
1990-91,Dell Curry,curryde01,SG,26,CHH,76,14,1515,11.0,23.3,0.47100000000000003,1.0,2.8,0.37200000000000005,9.9,20.5,0.485,3.1,3.7,0.8420000000000001,1.5,5.0,6.5,5.4,2.4,0.8,2.6,4.1,26.1,106.0,110.0,1991,Dell Curry-1991,0.0,Not Selected,Guard,CHO,0.023486901535682024
1990-91,Quintin Dailey,dailequ01,SG,30,SEA,30,0,299,12.2,25.9,0.47100000000000003,0.0,0.2,0.0,12.2,25.7,0.474,6.3,10.3,0.613,1.8,3.5,5.3,2.7,1.2,0.2,3.2,4.2,30.7,104.0,113.0,1991,Quintin Dailey-1991,0.0,Not Selected,Guard,OKC,0.037037037037037035
1990-91,Adrian Dantley,dantlad01,SF,35,MIL,10,0,126,7.5,19.8,0.38,0.4,1.2,0.33299999999999996,7.1,18.6,0.38299999999999995,7.1,10.3,0.6920000000000001,3.2,2.0,5.2,3.6,2.0,0.0,2.4,3.2,22.6,103.0,111.0,1991,Adrian Dantley-1991,0.0,Not Selected,Forward,MIL,0.04336043360433604
1990-91,Brad Daugherty,daughbr01,C,25,CLE,76,76,2946,10.4,19.8,0.524,0.0,0.1,0.0,10.4,19.7,0.525,7.4,9.9,0.7509999999999999,3.0,11.2,14.2,4.3,1.3,0.8,3.6,3.3,28.2,112.0,106.0,1991,Brad Daugherty-1991,0.0,Not Selected,Center,CLE,0.02981029810298103
1990-91,Brad Davis,davisbr01,PG,35,DAL,80,6,1426,5.7,13.3,0.426,0.8,3.0,0.259,4.9,10.3,0.47600000000000003,3.3,4.2,0.7709999999999999,0.5,3.8,4.2,8.2,1.6,0.6,2.8,7.6,15.4,105.0,112.0,1991,Brad Davis-1991,0.0,Not Selected,Guard,DAL,0.025293586269196026
1990-91,Terry Davis,daviste01,PF,23,MIA,55,17,996,5.6,11.5,0.48700000000000004,0.0,0.1,0.5,5.5,11.4,0.48700000000000004,3.3,6.0,0.556,5.2,7.7,12.9,1.9,0.9,1.4,1.7,6.3,14.6,111.0,108.0,1991,Terry Davis-1991,0.0,Not Selected,Forward,MIA,0.02168021680216802
1990-91,Walter Davis,daviswa03,SG,36,TOT,71,14,1483,11.9,25.4,0.46799999999999997,0.3,1.1,0.306,11.6,24.4,0.475,3.2,3.4,0.915,2.1,3.2,5.3,3.7,2.4,0.1,2.6,4.4,27.2,106.0,113.0,1991,Walter Davis-1991,0.0,Not Selected,Guard,TOT,0.03333333333333333
1990-91,Johnny Dawkins,dawkijo01,PG,27,PHI,4,4,124,10.5,16.6,0.634,0.4,1.6,0.25,10.1,15.0,0.6759999999999999,4.0,4.4,0.909,0.0,6.5,6.5,11.3,1.2,0.0,3.2,1.6,25.5,131.0,110.0,1991,Johnny Dawkins-1991,0.0,Not Selected,Guard,PHI,0.03974706413730804
1990-91,Tony Dawson,dawsoto01,SF,23,SAC,4,0,17,11.9,20.9,0.5710000000000001,3.0,3.0,1.0,8.9,17.9,0.5,0.0,0.0,0.0,6.0,0.0,6.0,0.0,0.0,0.0,3.0,0.0,26.8,112.0,118.0,1991,Tony Dawson-1991,0.0,Not Selected,Forward,SAC,0.022583559168925023
1990-91,Byron Dinkins,dinkiby01,PG,23,TOT,12,0,149,4.6,11.1,0.41200000000000003,0.0,0.0,0.0,4.6,11.1,0.41200000000000003,2.6,2.9,0.889,0.0,3.9,3.9,6.2,0.7,0.0,4.2,4.9,11.8,86.0,109.0,1991,Byron Dinkins-1991,0.0,Not Selected,Guard,TOT,0.03333333333333333
1990-91,Vlade Divac,divacvl01,C,22,LAL,82,81,2310,7.9,14.1,0.565,0.1,0.3,0.35700000000000004,7.8,13.8,0.57,4.3,6.2,0.703,4.5,10.2,14.7,2.0,2.3,2.8,3.2,5.5,20.3,114.0,99.0,1991,Vlade Divac-1991,0.0,Not Selected,Center,LAL,0.052393857271906055
1990-91,James Donaldson,donalja01,C,33,DAL,82,82,2800,6.0,11.2,0.532,0.0,0.0,0.0,6.0,11.2,0.532,3.0,4.2,0.721,3.7,9.6,13.2,1.3,0.6,1.7,2.7,3.3,14.9,107.0,109.0,1991,James Donaldson-1991,0.0,Not Selected,Center,DAL,0.025293586269196026
1990-91,Sherman Douglas,douglsh01,PG,24,MIA,73,73,2562,10.0,19.9,0.504,0.1,0.6,0.129,10.0,19.3,0.516,5.4,7.8,0.6859999999999999,1.5,2.5,3.9,11.8,2.3,0.1,5.1,3.4,25.5,108.0,110.0,1991,Sherman Douglas-1991,0.0,Not Selected,Guard,MIA,0.02168021680216802
1990-91,Greg Dreiling,dreilgr01,C,28,IND,73,42,1031,4.6,9.1,0.505,0.0,0.1,0.0,4.6,9.0,0.51,3.0,4.9,0.6,3.1,8.9,11.9,2.4,1.1,1.4,2.7,8.3,12.1,103.0,110.0,1991,Greg Dreiling-1991,0.0,Not Selected,Center,IND,0.037037037037037035
1990-91,Larry Drew,drewla01,PG,32,LAL,48,2,496,5.6,12.9,0.43200000000000005,1.4,3.4,0.424,4.1,9.5,0.435,1.7,2.3,0.773,0.5,3.0,3.5,12.1,1.5,0.1,5.0,4.1,14.3,100.0,109.0,1991,Larry Drew-1991,0.0,Not Selected,Guard,LAL,0.052393857271906055
1990-91,Clyde Drexler,drexlcl01,SG,28,POR,82,82,2852,10.8,22.4,0.48200000000000004,1.0,3.2,0.319,9.8,19.2,0.509,7.0,8.8,0.794,3.5,5.6,9.1,8.3,2.4,1.0,3.9,3.8,29.6,117.0,103.0,1991,Clyde Drexler-1991,2.0,2nd,Guard,POR,0.056910569105691054
1990-91,Kevin Duckworth,duckwke01,C,26,POR,81,81,2511,9.9,20.6,0.48100000000000004,0.0,0.0,0.0,9.9,20.6,0.48200000000000004,4.6,5.9,0.772,3.4,6.7,10.1,1.7,0.6,0.6,3.5,4.8,24.4,103.0,107.0,1991,Kevin Duckworth-1991,0.0,Not Selected,Center,POR,0.056910569105691054
1990-91,Chris Dudley,dudlech02,C,25,NJN,61,25,1560,5.3,12.9,0.408,0.0,0.0,0.0,5.3,12.9,0.408,2.9,5.5,0.534,7.1,8.7,15.8,1.1,1.2,4.7,2.5,6.7,13.5,98.0,104.0,1991,Chris Dudley-1991,0.0,Not Selected,Center,BRK,0.023486901535682024
1990-91,Joe Dumars,dumarjo01,SG,27,DET,80,80,3046,10.7,22.2,0.48100000000000004,0.2,0.8,0.311,10.4,21.4,0.488,6.4,7.1,0.89,1.1,2.1,3.2,7.6,1.5,0.1,3.2,2.3,27.9,115.0,108.0,1991,Joe Dumars-1991,3.0,3rd,Guard,DET,0.045167118337850046
1990-91,T.R. Dunn,dunntr01,SG,35,DEN,17,3,217,4.1,9.1,0.447,0.2,0.8,0.25,3.9,8.4,0.465,1.8,1.9,0.9,3.9,4.3,8.2,4.7,2.3,0.2,1.4,5.8,10.1,118.0,115.0,1991,T.R. Dunn-1991,0.0,Not Selected,Guard,DEN,0.018066847335140017
1990-91,Ledell Eackles,eacklle01,SG,24,WSB,67,17,1616,10.5,23.2,0.45299999999999996,0.4,1.8,0.237,10.1,21.4,0.47100000000000003,5.0,6.8,0.7390000000000001,1.4,2.5,3.9,4.1,1.4,0.3,3.5,3.7,26.4,100.0,112.0,1991,Ledell Eackles-1991,0.0,Not Selected,Guard,WAS,0.02710027100271003
1990-91,Mark Eaton,eatonma01,C,34,UTA,80,80,2580,3.3,5.7,0.579,0.0,0.0,0.0,3.3,5.7,0.579,1.4,2.2,0.634,3.6,9.5,13.0,1.0,0.8,3.7,1.9,5.8,8.0,109.0,103.0,1991,Mark Eaton-1991,0.0,Not Selected,Center,UTA,0.04878048780487805
1990-91,Blue Edwards,edwarbl01,SF,25,UTA,62,56,1611,7.6,14.5,0.526,0.2,0.8,0.25,7.4,13.8,0.541,2.6,3.7,0.701,1.6,4.7,6.3,3.4,1.8,0.9,3.3,6.3,18.0,101.0,106.0,1991,Blue Edwards-1991,0.0,Not Selected,Forward,UTA,0.04878048780487805
1990-91,James Edwards,edwarja01,C,35,DET,72,70,1903,10.5,21.7,0.484,0.0,0.1,0.5,10.5,21.7,0.484,5.9,8.1,0.7290000000000001,2.5,5.1,7.6,1.8,0.3,0.8,3.5,6.8,26.9,105.0,108.0,1991,James Edwards-1991,0.0,Not Selected,Center,DET,0.045167118337850046
1990-91,Kevin Edwards,edwarke01,SG,25,MIA,79,16,2000,9.2,22.4,0.41,0.6,2.0,0.28600000000000003,8.6,20.4,0.42200000000000004,4.1,5.1,0.8029999999999999,1.9,3.0,5.0,5.8,3.1,1.1,3.9,3.7,23.1,97.0,107.0,1991,Kevin Edwards-1991,0.0,Not Selected,Guard,MIA,0.02168021680216802
1990-91,Craig Ehlo,ehlocr01,SG,29,CLE,82,68,2766,6.3,14.1,0.445,0.9,2.7,0.32899999999999996,5.4,11.4,0.473,1.7,2.6,0.679,2.6,4.5,7.1,6.9,2.2,0.6,2.9,3.8,15.2,103.0,109.0,1991,Craig Ehlo-1991,0.0,Not Selected,Guard,CLE,0.02981029810298103
1990-91,Mario Elie,eliema01,SF-SG,27,TOT,33,0,644,5.7,11.5,0.49700000000000005,0.3,0.7,0.4,5.4,10.7,0.503,5.4,6.4,0.843,3.3,4.6,7.9,3.2,1.4,0.7,2.2,6.1,17.1,122.0,112.0,1991,Mario Elie-1991,0.0,Not Selected,Forward,TOT,0.03333333333333333
1990-91,Sean Elliott,elliose01,SF,22,SAS,82,82,3044,7.6,15.6,0.49,0.3,1.0,0.313,7.3,14.6,0.502,5.2,6.4,0.8079999999999999,2.3,5.0,7.3,3.8,1.1,0.5,2.4,3.0,20.8,115.0,107.0,1991,Sean Elliott-1991,0.0,Not Selected,Forward,SAS,0.04968383017163505
1990-91,Dale Ellis,ellisda01,SG,30,TOT,51,24,1424,11.9,25.2,0.474,2.0,5.5,0.363,9.9,19.7,0.504,4.2,5.8,0.723,2.3,3.8,6.1,3.3,1.7,0.3,2.8,3.9,30.0,110.0,111.0,1991,Dale Ellis-1991,0.0,Not Selected,Guard,TOT,0.03333333333333333
1990-91,Pervis Ellison,ellispe01,C,23,WSB,76,30,1942,8.3,16.1,0.513,0.0,0.2,0.0,8.3,16.0,0.517,3.5,5.4,0.65,5.7,9.1,14.8,2.6,1.2,4.0,3.7,6.8,20.0,104.0,104.0,1991,Pervis Ellison-1991,0.0,Not Selected,Center,WAS,0.02710027100271003
1990-91,A.J. English,engliaj01,SG,23,WSB,70,12,1443,8.6,19.5,0.439,0.1,1.1,0.09699999999999999,8.5,18.4,0.45799999999999996,3.8,5.4,0.7070000000000001,2.3,2.8,5.0,6.0,0.9,0.5,3.9,4.3,21.0,97.0,113.0,1991,A.J. English-1991,0.0,Not Selected,Guard,WAS,0.02710027100271003
1990-91,Alex English,englial01,SF,37,DAL,79,26,1748,9.4,21.4,0.439,0.0,0.0,0.0,9.4,21.4,0.439,3.5,4.1,0.85,3.1,4.3,7.4,3.1,1.2,0.7,2.9,4.1,22.3,98.0,113.0,1991,Alex English-1991,0.0,Not Selected,Forward,DAL,0.025293586269196026
1990-91,Patrick Ewing,ewingpa01,C,28,NYK,81,81,3104,13.8,26.8,0.514,0.0,0.1,0.0,13.8,26.7,0.516,7.6,10.1,0.745,3.2,11.6,14.7,4.0,1.3,4.2,4.7,4.7,35.1,107.0,101.0,1991,Patrick Ewing-1991,2.0,2nd,Center,NYK,0.03523035230352303
1990-91,Jim Farmer,farmeji01,SG,26,TOT,27,1,456,9.4,20.7,0.45299999999999996,0.5,2.1,0.217,8.9,18.6,0.48,4.5,6.0,0.738,2.7,3.6,6.3,3.5,1.2,0.2,3.5,5.4,23.7,102.0,118.0,1991,Jim Farmer-1991,0.0,Not Selected,Guard,TOT,0.03333333333333333
1990-91,Dave Feitl,feitlda01,C,28,HOU,52,2,372,6.8,18.3,0.371,0.0,0.4,0.0,6.8,18.0,0.38,4.3,5.8,0.75,3.8,9.3,13.1,1.0,0.4,1.6,3.3,6.8,18.0,90.0,104.0,1991,Dave Feitl-1991,0.0,Not Selected,Center,HOU,0.04697380307136405
1990-91,Duane Ferrell,ferredu01,SF,25,ATL,78,2,1165,7.3,14.9,0.489,0.1,0.1,0.667,7.2,14.8,0.48700000000000004,5.2,6.5,0.8009999999999999,4.1,3.4,7.5,2.3,1.4,1.1,3.3,6.3,19.8,110.0,112.0,1991,Duane Ferrell-1991,0.0,Not Selected,Forward,ATL,0.03884372177055104
1990-91,Danny Ferry,ferryda01,PF,24,CLE,81,2,1661,8.4,19.5,0.428,0.7,2.3,0.299,7.7,17.2,0.445,3.8,4.6,0.816,3.0,5.7,8.7,4.3,1.3,0.8,3.6,7.0,21.2,98.0,110.0,1991,Danny Ferry-1991,0.0,Not Selected,Forward,CLE,0.02981029810298103
1990-91,Vern Fleming,flemive01,PG,28,IND,69,45,1929,8.9,16.8,0.531,0.1,0.5,0.222,8.8,16.4,0.539,4.0,5.5,0.7290000000000001,2.1,3.3,5.4,9.2,1.9,0.3,3.4,2.9,22.0,115.0,114.0,1991,Vern Fleming-1991,0.0,Not Selected,Guard,IND,0.037037037037037035
1990-91,Sleepy Floyd,floydsl01,PG,30,HOU,82,4,1850,10.2,24.7,0.41100000000000003,1.3,4.6,0.273,8.9,20.1,0.44299999999999995,4.9,6.5,0.752,1.4,2.8,4.2,8.4,2.5,0.4,3.7,3.2,26.5,104.0,106.0,1991,Sleepy Floyd-1991,0.0,Not Selected,Guard,HOU,0.04697380307136405
1990-91,Greg Foster,fostegr01,PF,22,WSB,54,3,606,7.9,17.1,0.46,0.0,0.4,0.0,7.9,16.7,0.47100000000000003,3.4,5.0,0.6890000000000001,4.2,8.0,12.3,3.0,1.0,1.8,3.7,9.1,19.2,98.0,107.0,1991,Greg Foster-1991,0.0,Not Selected,Forward,WAS,0.02710027100271003
1990-91,Anthony Frederick,fredean01,SF,26,SAC,35,3,475,7.1,17.9,0.39899999999999997,0.0,0.0,0.0,7.1,17.9,0.39899999999999997,4.6,6.4,0.7170000000000001,3.8,5.1,9.0,4.7,2.3,1.4,4.3,5.3,18.9,91.0,108.0,1991,Anthony Frederick-1991,0.0,Not Selected,Forward,SAC,0.022583559168925023
1990-91,Corey Gaines,gaineco01,SG,25,DEN,10,2,226,5.2,13.1,0.4,0.9,3.9,0.23800000000000002,4.3,9.2,0.469,4.1,4.9,0.846,0.7,1.9,2.6,17.0,1.9,0.4,4.3,4.7,15.5,111.0,117.0,1991,Corey Gaines-1991,0.0,Not Selected,Guard,DEN,0.018066847335140017
1990-91,Kevin Gamble,gamblke01,SF,25,BOS,82,76,2706,9.9,16.8,0.5870000000000001,0.0,0.1,0.0,9.9,16.7,0.5920000000000001,3.3,4.1,0.815,1.5,3.3,4.8,4.6,1.8,0.6,2.7,4.3,23.1,120.0,110.0,1991,Kevin Gamble-1991,0.0,Not Selected,Forward,BOS,0.05058717253839205
1990-91,Winston Garland,garlawi01,PG,26,LAC,69,26,1702,6.2,14.7,0.426,0.1,0.7,0.154,6.1,13.9,0.44,3.3,4.4,0.752,1.3,4.3,5.6,9.0,2.7,0.3,3.3,5.3,15.9,102.0,107.0,1991,Winston Garland-1991,0.0,Not Selected,Guard,LAC,0.028003613369467027
1990-91,Tom Garrick,garrito01,SG,24,LAC,67,0,949,5.1,12.0,0.424,0.0,1.1,0.0,5.1,10.8,0.467,3.0,4.0,0.759,2.0,4.4,6.4,11.3,3.1,0.1,3.3,5.1,13.2,105.0,106.0,1991,Tom Garrick-1991,0.0,Not Selected,Guard,LAC,0.028003613369467027
1990-91,Kenny Gattison,gattike01,PF,26,CHH,72,6,1552,7.7,14.5,0.532,0.0,0.1,0.0,7.7,14.5,0.534,5.2,7.9,0.6609999999999999,4.3,7.7,12.1,1.4,1.5,2.1,3.2,6.7,20.7,108.0,108.0,1991,Kenny Gattison-1991,0.0,Not Selected,Forward,CHO,0.023486901535682024
1990-91,Tate George,georgta01,PG,22,NJN,56,11,594,6.5,15.7,0.415,0.0,0.2,0.0,6.5,15.6,0.419,2.6,3.3,0.8,1.5,2.3,3.8,8.5,2.0,0.4,3.4,4.7,15.6,99.0,111.0,1991,Tate George-1991,0.0,Not Selected,Guard,BRK,0.023486901535682024
1990-91,Derrick Gervin,gervide01,PF,27,NJN,56,4,743,10.7,25.6,0.41600000000000004,0.5,1.8,0.25,10.2,23.8,0.429,5.9,7.4,0.789,2.6,4.6,7.2,2.0,1.2,1.2,2.9,5.7,27.7,101.0,110.0,1991,Derrick Gervin-1991,0.0,Not Selected,Forward,BRK,0.023486901535682024
1990-91,Kendall Gill,gillke01,SG,22,CHH,82,36,1944,9.5,21.2,0.45,0.1,0.4,0.14300000000000002,9.5,20.9,0.455,3.9,4.6,0.835,2.7,4.0,6.7,7.7,2.6,1.0,4.1,4.7,23.0,100.0,110.0,1991,Kendall Gill-1991,0.0,Not Selected,Guard,CHO,0.023486901535682024
1990-91,Armen Gilliam,gilliar01,PF,26,TOT,75,75,2644,9.2,18.9,0.48700000000000004,0.0,0.0,0.0,9.2,18.8,0.48700000000000004,5.1,6.2,0.815,4.1,7.1,11.3,2.0,1.3,1.0,3.3,3.5,23.4,106.0,109.0,1991,Armen Gilliam-1991,0.0,Not Selected,Forward,TOT,0.03333333333333333
1990-91,Gerald Glass,glassge01,SF,23,MIN,51,3,606,12.8,29.2,0.43799999999999994,0.2,1.5,0.11800000000000001,12.6,27.7,0.455,4.5,6.5,0.684,4.6,4.1,8.8,3.6,2.4,0.8,3.5,6.5,30.2,100.0,111.0,1991,Gerald Glass-1991,0.0,Not Selected,Forward,MIN,0.026196928635953028
1990-91,Mike Gminski,gminsmi01,C,31,TOT,80,79,2196,8.1,18.3,0.442,0.0,0.3,0.14300000000000002,8.0,17.9,0.447,2.9,3.6,0.81,4.2,9.0,13.2,2.1,0.9,1.3,1.9,2.2,19.1,103.0,109.0,1991,Mike Gminski-1991,0.0,Not Selected,Center,TOT,0.03333333333333333
1990-91,Dan Godfread,godfrda01,C,23,MIN,10,0,20,13.0,31.2,0.41700000000000004,0.0,2.6,0.0,13.0,28.6,0.455,7.8,10.4,0.75,0.0,5.2,5.2,0.0,2.6,10.4,0.0,13.0,33.8,107.0,102.0,1991,Dan Godfread-1991,0.0,Not Selected,Center,MIN,0.026196928635953028
1990-91,Jim Grandholm,grandji01,PF,30,DAL,26,0,168,9.1,17.6,0.517,2.7,5.2,0.529,6.4,12.4,0.512,3.0,6.4,0.47600000000000003,6.1,9.1,15.2,2.4,0.6,2.4,3.3,10.0,24.0,112.0,108.0,1991,Jim Grandholm-1991,0.0,Not Selected,Forward,DAL,0.025293586269196026
1990-91,Gary Grant,grantga01,PG,25,LAC,68,65,2105,6.1,13.4,0.451,0.2,0.9,0.231,5.8,12.5,0.467,1.2,1.7,0.6890000000000001,1.6,3.2,4.8,13.4,2.4,0.3,4.8,4.4,13.5,98.0,108.0,1991,Gary Grant-1991,0.0,Not Selected,Guard,LAC,0.028003613369467027
1990-91,Greg Grant,grantgr01,PG,24,NYK,22,0,107,4.7,12.8,0.37,0.5,1.4,0.33299999999999996,4.3,11.3,0.375,2.4,2.8,0.833,0.5,4.3,4.7,9.4,4.3,0.0,4.7,5.7,12.3,88.0,104.0,1991,Greg Grant-1991,0.0,Not Selected,Guard,NYK,0.03523035230352303
1990-91,Harvey Grant,grantha01,PF,25,WSB,77,76,2842,10.5,21.2,0.498,0.0,0.3,0.133,10.5,20.9,0.502,3.2,4.3,0.743,3.1,6.5,9.6,3.5,1.6,1.1,2.2,4.0,24.3,110.0,108.0,1991,Harvey Grant-1991,0.0,Not Selected,Forward,WAS,0.02710027100271003
1990-91,Horace Grant,grantho01,PF,25,CHI,78,76,2641,7.6,13.9,0.547,0.0,0.1,0.16699999999999998,7.6,13.8,0.55,3.7,5.3,0.711,5.1,7.5,12.5,3.4,1.8,1.3,1.7,3.9,19.0,126.0,105.0,1991,Horace Grant-1991,0.0,Not Selected,Forward,CHI,0.05510388437217705
1990-91,Stuart Gray,grayst01,C,27,NYK,8,0,37,5.5,16.4,0.33299999999999996,0.0,0.0,0.0,5.5,16.4,0.33299999999999996,4.1,4.1,1.0,2.7,10.9,13.7,0.0,0.0,1.4,2.7,8.2,15.0,85.0,107.0,1991,Stuart Gray-1991,0.0,Not Selected,Center,NYK,0.03523035230352303
1990-91,Jeff Grayer,grayeje01,SG,25,MIL,82,7,1422,7.4,17.0,0.433,0.0,0.1,0.0,7.4,16.9,0.436,3.5,5.2,0.687,3.9,4.7,8.6,4.3,1.7,0.3,3.0,3.4,18.3,101.0,109.0,1991,Jeff Grayer-1991,0.0,Not Selected,Guard,MIL,0.04336043360433604
1990-91,A.C. Green,greenac01,PF,27,LAL,82,21,2164,6.1,12.8,0.47600000000000003,0.3,1.3,0.2,5.8,11.5,0.507,5.3,7.1,0.738,4.7,7.4,12.2,1.7,1.4,0.5,2.3,2.8,17.7,115.0,105.0,1991,A.C. Green-1991,0.0,Not Selected,Forward,LAL,0.052393857271906055
1990-91,Rickey Green,greenri01,PG,36,PHI,79,75,2248,7.5,16.1,0.46299999999999997,0.2,0.8,0.222,7.3,15.3,0.475,2.6,3.1,0.83,0.7,2.3,3.1,9.2,1.3,0.1,2.4,2.9,17.7,109.0,113.0,1991,Rickey Green-1991,0.0,Not Selected,Guard,PHI,0.03974706413730804
1990-91,Sidney Green,greensi02,PF,30,SAS,66,7,1099,7.8,17.0,0.461,0.0,0.1,0.0,7.8,16.9,0.465,3.9,4.7,0.848,4.3,9.5,13.9,2.3,1.4,0.6,3.9,7.6,19.6,100.0,102.0,1991,Sidney Green-1991,0.0,Not Selected,Forward,SAS,0.04968383017163505
1990-91,Dave Greenwood,greenda01,PF,33,SAS,63,11,1018,4.1,8.1,0.503,0.0,0.1,0.0,4.1,8.0,0.509,3.3,4.5,0.7340000000000001,2.9,7.7,10.6,2.5,1.4,1.2,3.4,8.2,11.4,100.0,103.0,1991,Dave Greenwood-1991,0.0,Not Selected,Forward,SAS,0.04968383017163505
1990-91,Darrell Griffith,griffda01,SG,32,UTA,75,2,1005,8.7,22.3,0.391,2.4,6.9,0.348,6.3,15.4,0.41,1.7,2.3,0.7559999999999999,0.9,3.7,4.5,1.9,2.1,0.4,2.4,5.0,21.6,90.0,107.0,1991,Darrell Griffith-1991,0.0,Not Selected,Guard,UTA,0.04878048780487805
1990-91,Scott Haffner,haffnsc01,PG,24,CHH,7,0,50,7.9,20.7,0.381,0.0,2.0,0.0,7.9,18.8,0.42100000000000004,1.0,2.0,0.5,2.0,2.0,3.9,8.9,3.0,1.0,3.9,3.9,16.8,85.0,111.0,1991,Scott Haffner-1991,0.0,Not Selected,Guard,CHO,0.023486901535682024
1990-91,Jack Haley,haleyja01,PF,27,NJN,78,18,1178,6.6,14.1,0.469,0.0,0.0,0.0,6.6,14.1,0.469,4.6,7.4,0.619,5.7,8.9,14.6,1.3,0.8,0.9,2.6,8.2,17.8,107.0,107.0,1991,Jack Haley-1991,0.0,Not Selected,Forward,BRK,0.023486901535682024
1990-91,Tom Hammonds,hammoto01,PF,23,WSB,70,7,1023,7.5,16.2,0.461,0.0,0.2,0.0,7.5,16.0,0.467,2.7,3.8,0.722,2.8,7.1,9.9,2.1,0.7,0.3,2.6,5.2,17.7,99.0,110.0,1991,Tom Hammonds-1991,0.0,Not Selected,Forward,WAS,0.02710027100271003
1990-91,Bob Hansen,hansebo01,SG,30,SAC,36,24,811,6.0,16.0,0.375,1.2,4.3,0.275,4.8,11.7,0.41200000000000003,1.1,2.2,0.5,2.1,3.9,6.0,5.6,1.2,0.3,2.1,4.5,14.3,93.0,112.0,1991,Bob Hansen-1991,0.0,Not Selected,Guard,SAC,0.022583559168925023
1990-91,Tim Hardaway,hardati01,PG,24,GSW,82,82,3215,10.7,22.4,0.47600000000000003,1.4,3.6,0.385,9.3,18.7,0.494,4.4,5.5,0.8029999999999999,1.3,3.5,4.8,11.4,3.1,0.2,3.9,3.3,27.1,114.0,110.0,1991,Tim Hardaway-1991,0.0,Not Selected,Guard,GSW,0.03974706413730804
1990-91,Derek Harper,harpede01,PG,29,DAL,77,77,2879,10.1,21.7,0.467,1.6,4.4,0.36200000000000004,8.6,17.4,0.493,5.1,6.9,0.731,1.0,3.1,4.1,9.7,2.6,0.2,3.1,3.9,26.9,113.0,111.0,1991,Derek Harper-1991,0.0,Not Selected,Guard,DAL,0.025293586269196026
1990-91,Ron Harper,harpero01,SG,27,LAC,39,34,1383,9.9,25.3,0.391,1.7,5.1,0.324,8.2,20.2,0.408,5.0,7.5,0.6679999999999999,2.0,4.5,6.5,7.3,2.3,1.2,4.5,3.9,26.5,96.0,107.0,1991,Ron Harper-1991,0.0,Not Selected,Guard,LAC,0.028003613369467027
1990-91,Tony Harris,harrito01,SG,23,PHI,6,0,41,4.9,19.6,0.25,0.0,2.4,0.0,4.9,17.1,0.28600000000000003,2.4,4.9,0.5,0.0,1.2,1.2,0.0,1.2,0.0,3.7,6.1,12.2,53.0,114.0,1991,Tony Harris-1991,0.0,Not Selected,Guard,PHI,0.03974706413730804
1990-91,Scott Hastings,hastisc01,PF,30,DET,27,0,113,7.4,12.9,0.5710000000000001,1.4,1.8,0.75,6.0,11.1,0.542,6.0,6.0,1.0,6.5,6.5,12.9,3.2,0.0,0.0,3.2,10.6,22.2,134.0,108.0,1991,Scott Hastings-1991,0.0,Not Selected,Forward,DET,0.045167118337850046
1990-91,Hersey Hawkins,hawkihe01,SG,24,PHI,80,80,3110,9.5,20.2,0.47200000000000003,1.7,4.4,0.4,7.8,15.8,0.491,7.7,8.9,0.871,0.8,4.2,5.0,4.8,2.9,0.6,3.4,2.9,28.5,114.0,108.0,1991,Hersey Hawkins-1991,0.0,Not Selected,Guard,PHI,0.03974706413730804
1990-91,Gerald Henderson,hendege01,PG,35,DET,23,10,392,6.7,15.6,0.42700000000000005,0.9,2.8,0.33299999999999996,5.7,12.8,0.44799999999999995,2.1,2.8,0.762,1.1,3.9,4.9,8.3,1.6,0.3,3.7,5.7,16.4,100.0,107.0,1991,Gerald Henderson-1991,0.0,Not Selected,Guard,DET,0.045167118337850046
1990-91,Steve Henson,hensost01,PG,22,MIL,68,0,690,5.7,13.7,0.418,1.3,3.9,0.33299999999999996,4.4,9.8,0.452,2.8,3.0,0.905,1.0,2.7,3.7,9.5,2.3,0.0,3.1,6.0,15.5,109.0,110.0,1991,Steve Henson-1991,0.0,Not Selected,Guard,MIL,0.04336043360433604
1990-91,Mike Higgins,higgimi01,SF,23,SAC,7,0,61,5.0,8.3,0.6,0.0,0.0,0.0,5.0,8.3,0.6,3.3,5.8,0.5710000000000001,3.3,0.8,4.2,1.7,0.0,1.7,3.3,13.3,13.3,102.0,115.0,1991,Mike Higgins-1991,0.0,Not Selected,Forward,SAC,0.022583559168925023
1990-91,Rod Higgins,higgiro01,SF,31,GSW,82,9,2024,5.9,12.8,0.46299999999999997,1.7,5.0,0.332,4.3,7.8,0.5489999999999999,4.2,5.2,0.8190000000000001,2.5,5.6,8.1,2.6,1.2,0.8,1.5,4.5,17.8,124.0,112.0,1991,Rod Higgins-1991,0.0,Not Selected,Forward,GSW,0.03974706413730804
1990-91,Sean Higgins,higgise01,SF,22,SAS,50,0,464,10.2,22.2,0.45799999999999996,0.3,2.0,0.158,9.9,20.3,0.48700000000000004,2.9,3.5,0.848,1.9,4.7,6.6,3.7,0.8,0.1,5.1,5.6,23.6,92.0,108.0,1991,Sean Higgins-1991,0.0,Not Selected,Forward,SAS,0.04968383017163505
1990-91,Tyrone Hill,hillty01,PF,22,GSW,74,22,1192,5.7,11.6,0.49200000000000005,0.0,0.0,0.0,5.7,11.6,0.49200000000000005,3.7,5.9,0.632,6.1,8.8,14.9,0.7,1.3,1.2,2.8,10.3,15.2,108.0,108.0,1991,Tyrone Hill-1991,0.0,Not Selected,Forward,GSW,0.03974706413730804
1990-91,Roy Hinson,hinsoro01,PF,29,NJN,9,0,91,10.6,20.7,0.513,0.0,0.0,0.0,10.6,20.7,0.513,0.5,1.6,0.33299999999999996,3.2,6.9,10.1,2.1,0.0,1.6,3.2,7.4,21.8,99.0,110.0,1991,Roy Hinson-1991,0.0,Not Selected,Forward,BRK,0.023486901535682024
1990-91,Craig Hodges,hodgecr01,SG,30,CHI,73,0,843,8.7,20.5,0.424,2.6,6.8,0.38299999999999995,6.1,13.6,0.445,1.5,1.6,0.963,0.6,1.9,2.5,5.8,2.0,0.1,2.1,4.4,21.6,110.0,109.0,1991,Craig Hodges-1991,0.0,Not Selected,Guard,CHI,0.05510388437217705
1990-91,Dave Hoppen,hoppeda01,C,26,TOT,30,0,155,7.7,14.1,0.545,0.0,0.6,0.0,7.7,13.4,0.5710000000000001,5.1,7.0,0.727,5.8,6.7,12.5,1.0,1.0,0.3,4.2,9.3,20.5,107.0,111.0,1991,Dave Hoppen-1991,0.0,Not Selected,Center,TOT,0.03333333333333333
1990-91,Dennis Hopson,hopsode01,SF,25,CHI,61,0,728,7.2,16.8,0.426,0.1,0.3,0.2,7.1,16.5,0.431,3.8,5.7,0.6629999999999999,3.4,4.1,7.5,4.5,1.7,1.0,4.1,5.4,18.2,96.0,107.0,1991,Dennis Hopson-1991,0.0,Not Selected,Forward,CHI,0.05510388437217705
1990-91,Jeff Hornacek,hornaje01,SG,27,PHO,80,77,2733,9.5,18.3,0.518,1.1,2.5,0.418,8.4,15.7,0.534,3.5,3.9,0.897,1.3,4.3,5.6,7.1,1.9,0.3,2.3,3.2,23.5,122.0,108.0,1991,Jeff Hornacek-1991,0.0,Not Selected,Guard,PHO,0.04968383017163505
1990-91,Jay Humphries,humphja01,PG,28,MIL,80,80,2726,8.8,17.6,0.502,1.1,2.9,0.373,7.7,14.6,0.528,3.5,4.4,0.799,1.0,3.0,4.0,9.9,2.4,0.1,2.8,4.3,22.3,119.0,109.0,1991,Jay Humphries-1991,0.0,Not Selected,Guard,MIL,0.04336043360433604
1990-91,Byron Irvin,irvinby01,SG,24,WSB,33,4,316,9.3,20.1,0.465,0.2,0.8,0.2,9.2,19.3,0.47600000000000003,7.8,9.5,0.82,3.7,3.3,7.0,3.7,2.3,0.3,2.5,5.0,26.6,115.0,109.0,1991,Byron Irvin-1991,0.0,Not Selected,Guard,WAS,0.02710027100271003
1990-91,Mark Jackson,jacksma01,PG,25,NYK,72,21,1595,7.9,16.1,0.49200000000000005,0.4,1.6,0.255,7.5,14.5,0.519,3.7,5.1,0.731,2.0,4.3,6.2,14.3,1.9,0.3,4.3,2.6,20.0,112.0,109.0,1991,Mark Jackson-1991,0.0,Not Selected,Guard,NYK,0.03523035230352303
1990-91,Dave Jamerson,jamerda01,SG,23,HOU,37,0,202,10.4,27.3,0.381,1.2,4.6,0.263,9.2,22.7,0.40399999999999997,5.3,6.5,0.815,2.2,5.1,7.2,6.5,1.4,0.2,4.8,5.8,27.3,95.0,106.0,1991,Dave Jamerson-1991,0.0,Not Selected,Guard,HOU,0.04697380307136405
1990-91,Henry James,jameshe01,PF,25,CLE,37,4,505,11.2,25.4,0.441,2.4,6.0,0.4,8.8,19.4,0.45399999999999996,5.2,7.2,0.722,2.6,5.3,7.9,3.2,1.5,0.5,3.7,5.9,30.0,101.0,110.0,1991,Henry James-1991,0.0,Not Selected,Forward,CLE,0.02981029810298103
1990-91,Les Jepsen,jepsele01,C,23,GSW,21,0,105,4.9,15.9,0.306,0.0,0.4,0.0,4.9,15.4,0.314,2.6,4.0,0.667,7.5,8.8,16.3,0.4,0.4,1.3,1.3,7.1,12.4,94.0,110.0,1991,Les Jepsen-1991,0.0,Not Selected,Center,GSW,0.03974706413730804
1990-91,Avery Johnson,johnsav01,PG,25,TOT,68,14,959,6.4,13.6,0.469,0.0,0.4,0.111,6.3,13.2,0.48100000000000004,2.9,4.3,0.6779999999999999,1.1,2.7,3.8,11.3,2.3,0.2,3.6,3.0,15.7,106.0,109.0,1991,Avery Johnson-1991,0.0,Not Selected,Guard,TOT,0.03333333333333333
1990-91,Buck Johnson,johnsbu01,SF,27,HOU,73,70,2279,8.9,18.7,0.47700000000000004,0.0,0.3,0.133,8.9,18.3,0.483,3.4,4.6,0.727,2.3,4.7,7.1,3.0,1.7,1.0,2.6,5.1,21.2,106.0,106.0,1991,Buck Johnson-1991,0.0,Not Selected,Forward,HOU,0.04697380307136405
1990-91,Eddie Johnson,johnsed03,SG,31,TOT,81,27,2085,12.9,26.7,0.484,0.9,2.9,0.325,12.0,23.8,0.503,5.4,6.1,0.8909999999999999,2.5,3.9,6.4,2.6,1.4,0.2,2.9,4.3,32.2,113.0,112.0,1991,Eddie Johnson-1991,0.0,Not Selected,Guard,TOT,0.03333333333333333
1990-91,Kevin Johnson,johnske02,PG,24,PHO,77,76,2772,10.1,19.6,0.516,0.2,0.8,0.205,10.0,18.9,0.529,8.9,10.6,0.843,0.9,3.7,4.6,13.4,2.8,0.2,4.6,3.0,29.3,121.0,107.0,1991,Kevin Johnson-1991,2.0,2nd,Guard,PHO,0.04968383017163505
1990-91,Magic Johnson,johnsma02,PG,31,LAL,79,79,2933,8.1,17.0,0.47700000000000004,1.4,4.3,0.32,6.7,12.6,0.532,9.0,10.0,0.9059999999999999,1.8,7.8,9.6,17.2,1.8,0.3,5.5,2.6,26.6,124.0,105.0,1991,Magic Johnson-1991,1.0,1st,Guard,LAL,0.052393857271906055
1990-91,Steve Johnson,johnsst03,C,33,GSW,24,8,228,6.9,12.8,0.54,0.0,0.0,0.0,6.9,12.8,0.54,4.5,7.5,0.595,3.7,7.9,11.6,3.5,0.8,0.8,5.1,10.2,18.3,99.0,110.0,1991,Steve Johnson-1991,0.0,Not Selected,Center,GSW,0.03974706413730804
1990-91,Vinnie Johnson,johnsvi01,SG,34,DET,82,28,2390,8.9,20.5,0.434,0.2,0.7,0.324,8.6,19.7,0.43799999999999994,2.9,4.6,0.6459999999999999,2.4,3.7,6.1,5.9,1.6,0.3,2.6,3.6,20.9,103.0,107.0,1991,Vinnie Johnson-1991,0.0,Not Selected,Guard,DET,0.045167118337850046
1990-91,Charles Jones,jonesch01,C,33,WSB,62,54,1499,2.2,4.1,0.54,0.0,0.0,0.0,2.2,4.1,0.54,1.0,1.6,0.58,3.9,7.9,11.8,1.6,1.7,4.1,1.5,6.5,5.4,110.0,104.0,1991,Charles Jones-1991,0.0,Not Selected,Center,WAS,0.02710027100271003
1990-91,Michael Jordan,jordami01,SG,27,CHI,82,82,3034,16.4,30.4,0.539,0.5,1.5,0.312,15.9,28.9,0.551,9.4,11.1,0.851,2.0,6.2,8.1,7.5,3.7,1.4,3.3,3.8,42.7,125.0,102.0,1991,Michael Jordan-1991,1.0,1st,Guard,CHI,0.05510388437217705
1990-91,Shawn Kemp,kempsh01,PF,21,SEA,81,66,2442,9.4,18.6,0.508,0.0,0.2,0.16699999999999998,9.4,18.3,0.513,5.9,8.9,0.6609999999999999,5.5,8.4,13.9,2.9,1.6,2.5,4.1,6.5,24.8,109.0,106.0,1991,Shawn Kemp-1991,0.0,Not Selected,Forward,OKC,0.037037037037037035
1990-91,Steve Kerr,kerrst01,PG,25,CLE,57,4,905,5.5,12.4,0.444,1.6,3.5,0.452,4.0,9.0,0.441,2.5,3.0,0.8490000000000001,0.3,1.8,2.1,7.3,1.6,0.2,2.2,2.9,15.1,111.0,113.0,1991,Steve Kerr-1991,0.0,Not Selected,Guard,CLE,0.02981029810298103
1990-91,Jerome Kersey,kerseje01,SF,28,POR,73,72,2359,8.6,18.0,0.478,0.1,0.3,0.308,8.5,17.7,0.48100000000000004,4.7,6.6,0.7090000000000001,3.4,6.3,9.7,4.6,2.0,1.5,3.0,5.1,21.9,109.0,103.0,1991,Jerome Kersey-1991,0.0,Not Selected,Forward,POR,0.056910569105691054
1990-91,Alec Kessler,kesslal01,C,24,MIA,78,18,1259,7.6,18.0,0.425,0.0,0.2,0.0,7.6,17.8,0.429,3.4,5.0,0.672,4.4,8.5,12.9,1.2,0.7,1.0,4.1,7.3,18.7,90.0,108.0,1991,Alec Kessler-1991,0.0,Not Selected,Center,MIA,0.02168021680216802
1990-91,Randolph Keys,keysra01,SF,24,CHH,44,0,473,6.2,15.1,0.40700000000000003,0.3,1.5,0.214,5.8,13.7,0.42700000000000005,2.0,3.4,0.5760000000000001,4.2,6.3,10.4,1.9,2.3,1.6,3.7,9.7,14.6,86.0,108.0,1991,Randolph Keys-1991,0.0,Not Selected,Forward,CHO,0.023486901535682024
1990-91,Bo Kimble,kimblbo01,SG,24,LAC,62,22,1004,7.6,20.0,0.38,0.9,3.1,0.292,6.7,16.9,0.397,4.4,5.7,0.773,2.0,3.7,5.7,3.6,1.4,0.4,3.7,7.6,20.5,93.0,110.0,1991,Bo Kimble-1991,0.0,Not Selected,Guard,LAC,0.028003613369467027
1990-91,Bernard King,kingbe01,SF,34,WSB,64,64,2401,14.6,31.0,0.47200000000000003,0.2,0.8,0.21600000000000003,14.4,30.2,0.478,7.8,9.9,0.79,2.3,4.2,6.5,6.0,1.1,0.3,5.2,3.8,37.2,103.0,111.0,1991,Bernard King-1991,3.0,3rd,Forward,WAS,0.02710027100271003
1990-91,Stacey King,kingst01,PF,24,CHI,76,6,1198,6.5,14.0,0.467,0.0,0.1,0.0,6.5,13.9,0.47,4.5,6.4,0.7040000000000001,3.0,5.7,8.7,2.7,1.0,1.8,3.8,5.6,17.6,100.0,107.0,1991,Stacey King-1991,0.0,Not Selected,Forward,CHI,0.05510388437217705
1990-91,Greg Kite,kitegr01,C,29,ORL,82,82,2225,3.6,7.3,0.491,0.0,0.0,0.0,3.6,7.3,0.491,1.4,2.7,0.512,4.1,8.7,12.8,1.3,0.5,1.8,2.2,6.5,8.6,99.0,109.0,1991,Greg Kite-1991,0.0,Not Selected,Center,ORL,0.028003613369467027
1990-91,Joe Kleine,kleinjo01,C,29,BOS,72,1,850,5.9,12.5,0.46799999999999997,0.0,0.1,0.0,5.9,12.4,0.47200000000000003,3.1,4.0,0.7829999999999999,4.1,9.9,14.0,1.2,0.9,0.8,3.0,6.2,14.8,102.0,106.0,1991,Joe Kleine-1991,0.0,Not Selected,Center,BOS,0.05058717253839205
1990-91,Negele Knight,knighne01,PG,23,PHO,64,6,792,7.9,18.5,0.425,0.4,1.5,0.24,7.5,17.0,0.442,4.3,7.1,0.602,1.2,3.1,4.3,11.5,1.2,0.4,4.6,5.0,20.3,99.0,110.0,1991,Negele Knight-1991,0.0,Not Selected,Guard,PHO,0.04968383017163505
1990-91,Bart Kofoed,kofoeba01,SG,26,GSW,5,0,21,0.0,6.6,0.0,0.0,0.0,0.0,0.0,6.6,0.0,6.6,13.2,0.5,4.4,2.2,6.6,8.8,0.0,0.0,4.4,8.8,6.6,77.0,117.0,1991,Bart Kofoed-1991,0.0,Not Selected,Guard,GSW,0.03974706413730804
1990-91,Jon Koncak,koncajo01,C,27,ATL,77,61,1931,3.5,8.1,0.436,0.0,0.2,0.125,3.5,7.9,0.444,0.8,1.4,0.593,2.5,6.9,9.5,3.1,1.9,1.9,1.3,6.7,7.9,105.0,108.0,1991,Jon Koncak-1991,0.0,Not Selected,Center,ATL,0.03884372177055104
1990-91,Frank Kornet,kornefr01,PF,24,MIL,32,0,157,7.3,19.7,0.371,1.6,5.7,0.278,5.7,14.0,0.409,2.2,4.1,0.5379999999999999,3.2,4.5,7.6,2.9,1.6,0.3,3.5,8.9,18.4,89.0,110.0,1991,Frank Kornet-1991,0.0,Not Selected,Forward,MIL,0.04336043360433604
1990-91,Bill Laimbeer,laimbbi01,C,33,DET,82,81,2668,7.3,15.2,0.478,0.7,2.4,0.29600000000000004,6.6,12.8,0.513,2.4,2.9,0.8370000000000001,3.4,11.0,14.4,3.1,0.7,1.1,1.9,4.7,17.7,114.0,103.0,1991,Bill Laimbeer-1991,0.0,Not Selected,Center,DET,0.045167118337850046
1990-91,Jerome Lane,laneje01,PF,24,DEN,62,25,1383,6.2,14.1,0.43799999999999994,0.0,0.1,0.25,6.1,14.0,0.44,1.8,4.3,0.41100000000000003,8.5,9.1,17.6,3.8,1.6,0.4,3.2,5.9,14.1,100.0,113.0,1991,Jerome Lane-1991,0.0,Not Selected,Forward,DEN,0.018066847335140017
1990-91,Andrew Lang,langan01,C,24,PHO,63,18,1152,4.5,7.8,0.5770000000000001,0.0,0.0,0.0,4.5,7.8,0.58,3.8,5.4,0.715,4.7,7.8,12.5,1.1,0.7,5.2,1.9,6.9,12.8,124.0,103.0,1991,Andrew Lang-1991,0.0,Not Selected,Center,PHO,0.04968383017163505
1990-91,Eric Leckner,leckner01,C,24,TOT,72,2,1122,5.8,13.0,0.446,0.0,0.0,0.0,5.8,13.0,0.446,2.8,4.9,0.5589999999999999,3.6,9.5,13.1,1.7,0.6,1.0,3.1,8.5,14.4,92.0,109.0,1991,Eric Leckner-1991,0.0,Not Selected,Center,TOT,0.03333333333333333
1990-91,Kurk Lee,leeku01,PG,23,NJN,48,0,265,3.5,13.0,0.268,0.5,2.7,0.2,2.9,10.2,0.28600000000000003,4.6,5.1,0.893,1.3,4.2,5.5,6.2,2.0,0.4,3.6,7.1,12.0,87.0,109.0,1991,Kurk Lee-1991,0.0,Not Selected,Guard,BRK,0.023486901535682024
1990-91,Tim Legler,legleti01,SG,24,DEN,10,0,148,7.1,20.5,0.34700000000000003,0.9,3.4,0.25,6.3,17.1,0.36700000000000005,1.4,1.7,0.833,2.3,2.9,5.1,3.4,0.6,0.0,1.1,5.7,16.5,94.0,120.0,1991,Tim Legler-1991,0.0,Not Selected,Guard,DEN,0.018066847335140017
1990-91,Gary Leonard,leonaga01,C,23,ATL,4,0,9,0.0,0.0,0.0,0.0,0.0,0.0,0.0,0.0,0.0,10.8,21.6,0.5,0.0,10.8,10.8,0.0,0.0,5.4,0.0,10.8,10.8,122.0,106.0,1991,Gary Leonard-1991,0.0,Not Selected,Center,ATL,0.03884372177055104
1990-91,Jim Les,lesji01,PG,27,SAC,55,8,1399,4.3,9.7,0.444,2.6,5.6,0.461,1.7,4.1,0.42100000000000004,3.1,3.7,0.835,0.7,3.4,4.0,10.8,2.1,0.1,2.7,5.1,14.3,123.0,111.0,1991,Jim Les-1991,0.0,Not Selected,Guard,SAC,0.022583559168925023
1990-91,Clifford Lett,lettcl01,PG,25,SAS,7,0,99,6.9,14.3,0.483,0.0,0.5,0.0,6.9,13.8,0.5,3.0,4.4,0.667,0.5,3.0,3.4,3.4,1.0,0.5,3.9,4.4,16.7,92.0,108.0,1991,Clifford Lett-1991,0.0,Not Selected,Guard,SAS,0.04968383017163505
1990-91,Fat Lever,leverfa01,SG,30,DAL,4,0,86,5.3,13.6,0.391,0.0,1.8,0.0,5.3,11.9,0.45,6.5,8.3,0.7859999999999999,1.8,7.1,8.9,7.1,3.6,1.8,5.9,3.0,17.2,91.0,105.0,1991,Fat Lever-1991,0.0,Not Selected,Guard,DAL,0.025293586269196026
1990-91,Cliff Levingston,levincl01,PF,30,CHI,78,0,1013,6.3,14.0,0.45,0.0,0.2,0.25,6.2,13.8,0.45299999999999996,2.9,4.5,0.648,4.9,6.2,11.1,2.8,1.4,2.1,2.5,7.1,15.6,106.0,105.0,1991,Cliff Levingston-1991,0.0,Not Selected,Forward,CHI,0.05510388437217705
1990-91,Reggie Lewis,lewisre01,SG,25,BOS,79,79,2878,10.1,20.6,0.491,0.0,0.2,0.077,10.1,20.4,0.495,4.8,5.8,0.826,2.0,4.9,6.9,3.4,1.7,1.4,2.5,4.0,25.0,112.0,108.0,1991,Reggie Lewis-1991,0.0,Not Selected,Guard,BOS,0.05058717253839205
1990-91,Marcus Liberty,liberma01,SF,22,DEN,76,18,1171,7.8,18.5,0.42100000000000004,0.6,2.1,0.298,7.2,16.4,0.436,2.1,3.3,0.63,4.2,3.7,8.0,2.3,1.7,0.7,2.6,5.5,18.3,98.0,116.0,1991,Marcus Liberty-1991,0.0,Not Selected,Forward,DEN,0.018066847335140017
1990-91,Todd Lichti,lichtto01,SG,24,DEN,29,25,860,8.2,18.6,0.439,0.7,2.3,0.298,7.5,16.3,0.45899999999999996,2.9,3.4,0.855,2.4,3.1,5.5,3.5,2.3,0.4,1.6,3.2,19.9,109.0,116.0,1991,Todd Lichti-1991,0.0,Not Selected,Guard,DEN,0.018066847335140017
1990-91,Alton Lister,listeal01,C,32,GSW,77,65,1552,5.6,11.7,0.478,0.0,0.0,0.0,5.6,11.7,0.48,3.4,6.0,0.569,3.6,10.8,14.4,2.8,0.6,2.7,3.2,8.4,14.7,100.0,107.0,1991,Alton Lister-1991,0.0,Not Selected,Center,GSW,0.03974706413730804
1990-91,Ian Lockhart,lockhia01,SF,23,PHO,1,0,2,23.8,23.8,1.0,0.0,0.0,0.0,23.8,23.8,1.0,47.5,47.5,1.0,0.0,0.0,0.0,0.0,0.0,0.0,0.0,0.0,95.0,231.0,115.0,1991,Ian Lockhart-1991,0.0,Not Selected,Forward,PHO,0.04968383017163505
1990-91,Brad Lohaus,lohaubr01,PF,26,MIL,81,3,1219,7.3,17.0,0.431,1.4,4.9,0.27699999999999997,6.0,12.1,0.493,1.5,2.2,0.685,2.4,6.5,8.9,3.1,2.0,3.0,2.5,7.0,17.5,100.0,105.0,1991,Brad Lohaus-1991,0.0,Not Selected,Forward,MIL,0.04336043360433604
1990-91,Grant Long,longgr01,PF,24,MIA,80,66,2514,5.3,10.8,0.49200000000000005,0.0,0.1,0.16699999999999998,5.3,10.7,0.495,3.5,4.4,0.787,4.3,6.6,10.9,3.4,2.3,0.8,3.0,5.7,14.1,108.0,107.0,1991,Grant Long-1991,0.0,Not Selected,Forward,MIA,0.02168021680216802
1990-91,John Long,longjo01,SG,34,DET,25,0,256,7.1,17.3,0.41200000000000003,0.4,1.2,0.33299999999999996,6.7,16.1,0.418,4.9,5.1,0.96,1.8,4.7,6.5,3.7,1.8,0.4,2.9,3.5,19.6,104.0,105.0,1991,John Long-1991,0.0,Not Selected,Guard,DET,0.045167118337850046
1990-91,Rick Mahorn,mahorri01,C,32,PHI,80,74,2439,5.4,11.5,0.467,0.0,0.2,0.0,5.4,11.3,0.475,3.9,4.9,0.7879999999999999,3.1,9.7,12.8,2.4,1.6,1.2,2.6,5.7,14.6,105.0,106.0,1991,Rick Mahorn-1991,0.0,Not Selected,Center,PHI,0.03974706413730804
1990-91,Dan Majerle,majerda01,SF,25,PHO,77,7,2281,8.3,17.1,0.484,0.6,1.8,0.349,7.6,15.3,0.499,4.7,6.2,0.762,3.5,5.2,8.7,4.5,2.2,0.8,2.4,3.4,21.9,116.0,106.0,1991,Dan Majerle-1991,0.0,Not Selected,Forward,PHO,0.04968383017163505
1990-91,Jeff Malone,malonje01,SG,29,UTA,69,69,2466,10.7,21.1,0.508,0.0,0.1,0.16699999999999998,10.7,21.0,0.51,4.7,5.1,0.917,0.7,3.5,4.2,2.9,1.0,0.1,2.2,2.6,26.2,110.0,110.0,1991,Jeff Malone-1991,0.0,Not Selected,Guard,UTA,0.04878048780487805
1990-91,Karl Malone,malonka01,PF,27,UTA,82,82,3302,12.9,24.5,0.527,0.1,0.2,0.28600000000000003,12.9,24.3,0.529,10.4,13.6,0.77,3.6,11.2,14.8,4.1,1.4,1.2,3.7,4.1,36.4,117.0,102.0,1991,Karl Malone-1991,1.0,1st,Forward,UTA,0.04878048780487805
1990-91,Moses Malone,malonmo01,C,35,ATL,82,15,1912,7.1,15.2,0.46799999999999997,0.0,0.2,0.0,7.1,15.0,0.474,7.9,9.5,0.831,6.9,10.1,17.0,1.7,0.8,1.9,3.5,3.4,22.1,116.0,109.0,1991,Moses Malone-1991,0.0,Not Selected,Center,ATL,0.03884372177055104
1990-91,Danny Manning,mannida01,PF,24,LAC,73,47,2197,10.3,19.8,0.519,0.0,0.1,0.0,10.3,19.7,0.521,4.8,6.7,0.716,3.7,5.6,9.3,4.3,2.6,1.4,4.1,6.1,25.4,107.0,105.0,1991,Danny Manning-1991,0.0,Not Selected,Forward,LAC,0.028003613369467027
1990-91,Šarūnas Marčiulionis,marcisa01,SG,26,GSW,50,10,987,8.6,17.1,0.501,0.0,0.3,0.16699999999999998,8.5,16.9,0.507,8.4,11.5,0.7240000000000001,2.4,3.1,5.5,4.0,2.9,0.2,3.5,6.4,25.6,113.0,110.0,1991,Šarūnas Marčiulionis-1991,0.0,Not Selected,Guard,GSW,0.03974706413730804
1990-91,Jeff Martin,martije01,PG,24,LAC,74,26,1334,7.7,18.3,0.42200000000000004,1.0,3.2,0.307,6.7,15.1,0.446,2.4,3.6,0.68,1.9,2.8,4.7,2.3,1.3,1.1,1.8,3.7,18.8,101.0,110.0,1991,Jeff Martin-1991,0.0,Not Selected,Guard,LAC,0.028003613369467027
1990-91,Anthony Mason,masonan01,PF,24,DEN,3,0,21,4.0,8.0,0.5,0.0,0.0,0.0,4.0,8.0,0.5,12.1,16.1,0.75,6.0,4.0,10.1,0.0,2.0,0.0,0.0,12.1,20.1,156.0,116.0,1991,Anthony Mason-1991,0.0,Not Selected,Forward,DEN,0.018066847335140017
1990-91,Tony Massenburg,masseto01,PF,23,SAS,35,0,161,8.2,18.1,0.45,0.0,0.0,0.0,8.2,18.1,0.45,8.5,13.6,0.622,7.0,10.6,17.5,1.2,1.2,2.7,3.9,7.9,24.8,104.0,100.0,1991,Tony Massenburg-1991,0.0,Not Selected,Forward,SAS,0.04968383017163505
1990-91,Vernon Maxwell,maxweve01,SG,25,HOU,82,79,2870,8.6,21.2,0.40399999999999997,2.9,8.7,0.337,5.6,12.5,0.45,3.7,5.0,0.733,0.7,3.3,4.0,5.1,2.2,0.3,2.9,3.0,23.7,106.0,106.0,1991,Vernon Maxwell-1991,0.0,Not Selected,Guard,HOU,0.04697380307136405
1990-91,Travis Mays,maystr01,PG,22,SAC,64,55,2145,6.9,17.1,0.406,1.7,4.7,0.365,5.2,12.5,0.42100000000000004,6.0,7.8,0.77,1.3,2.9,4.2,6.0,1.9,0.3,3.8,4.0,21.6,102.0,112.0,1991,Travis Mays-1991,0.0,Not Selected,Guard,SAC,0.022583559168925023
1990-91,George McCloud,mccloge01,SF,23,IND,74,0,1070,5.9,15.8,0.373,1.9,5.6,0.34700000000000003,4.0,10.2,0.38799999999999996,1.7,2.2,0.7759999999999999,1.6,3.7,5.3,6.8,1.8,0.5,4.1,6.4,15.5,92.0,113.0,1991,George McCloud-1991,0.0,Not Selected,Forward,IND,0.037037037037037035
1990-91,Tim McCormick,mccorti01,C,28,ATL,56,7,689,6.6,13.2,0.49700000000000005,0.0,0.2,0.0,6.6,13.0,0.505,4.7,6.4,0.733,4.0,7.7,11.7,2.3,0.8,1.0,3.2,6.4,17.8,108.0,111.0,1991,Tim McCormick-1991,0.0,Not Selected,Center,ATL,0.03884372177055104
1990-91,Rodney McCray,mccraro01,PF,29,DAL,74,68,2561,6.7,13.5,0.495,0.3,0.8,0.33299999999999996,6.4,12.7,0.505,3.2,3.9,0.8029999999999999,3.0,8.1,11.1,5.2,1.4,1.0,2.6,4.0,16.8,112.0,109.0,1991,Rodney McCray-1991,0.0,Not Selected,Forward,DAL,0.025293586269196026
1990-91,Xavier McDaniel,mcdanxa01,SF,27,TOT,81,79,2634,10.7,21.6,0.49700000000000005,0.0,0.1,0.0,10.7,21.5,0.501,3.5,4.9,0.723,3.2,7.0,10.1,3.4,1.4,0.8,3.4,4.8,25.0,105.0,107.0,1991,Xavier McDaniel-1991,0.0,Not Selected,Forward,TOT,0.03333333333333333
1990-91,Kevin McHale,mchalke01,PF,33,BOS,68,10,2067,11.9,21.5,0.5529999999999999,0.4,0.9,0.405,11.5,20.6,0.5589999999999999,5.4,6.5,0.8290000000000001,3.4,7.9,11.3,3.0,0.6,3.4,3.3,4.6,29.5,118.0,106.0,1991,Kevin McHale-1991,0.0,Not Selected,Forward,BOS,0.05058717253839205
1990-91,Derrick McKey,mckeyde01,SF,24,SEA,73,55,2503,8.7,16.9,0.517,0.1,0.4,0.21100000000000002,8.7,16.5,0.524,4.7,5.5,0.845,3.4,5.0,8.4,3.4,1.8,1.1,3.2,4.4,22.2,115.0,109.0,1991,Derrick McKey-1991,0.0,Not Selected,Forward,OKC,0.037037037037037035
1990-91,Nate McMillan,mcmilna01,SG,26,SEA,78,0,1434,4.6,10.6,0.433,0.6,1.7,0.354,4.0,8.9,0.447,2.0,3.2,0.613,2.5,6.3,8.7,12.9,3.6,0.7,4.2,7.3,11.8,105.0,105.0,1991,Nate McMillan-1991,0.0,Not Selected,Guard,OKC,0.037037037037037035
1990-91,Mark McNamara,mcnamma01,C,31,ORL,2,0,13,0.0,3.7,0.0,0.0,0.0,0.0,0.0,3.7,0.0,0.0,0.0,0.0,0.0,14.8,14.8,0.0,0.0,0.0,0.0,3.7,0.0,0.0,108.0,1991,Mark McNamara-1991,0.0,Not Selected,Center,ORL,0.028003613369467027
1990-91,Scott Meents,meentsc01,PF,27,SEA,13,0,53,6.6,26.4,0.25,0.9,0.9,1.0,5.6,25.4,0.222,1.9,3.8,0.5,2.8,6.6,9.4,7.5,6.6,3.8,5.6,4.7,16.0,70.0,96.0,1991,Scott Meents-1991,0.0,Not Selected,Forward,OKC,0.037037037037037035
1990-91,Reggie Miller,millere01,SG,25,IND,82,82,2972,9.7,18.9,0.512,1.8,5.2,0.348,7.9,13.7,0.575,9.0,9.8,0.9179999999999999,1.3,3.3,4.6,5.4,1.8,0.2,2.6,2.7,30.2,130.0,114.0,1991,Reggie Miller-1991,0.0,Not Selected,Guard,IND,0.037037037037037035
1990-91,Terry Mills,millste01,PF,23,TOT,55,2,819,7.5,16.2,0.465,0.0,0.2,0.0,7.5,16.0,0.47200000000000003,2.6,3.7,0.7120000000000001,4.6,8.3,12.9,1.9,2.0,1.6,2.4,5.6,17.7,105.0,108.0,1991,Terry Mills-1991,0.0,Not Selected,Forward,TOT,0.03333333333333333
1990-91,Sam Mitchell,mitchsa01,PF,27,MIN,82,60,3121,7.4,16.8,0.441,0.0,0.1,0.0,7.4,16.7,0.445,5.1,6.6,0.775,3.1,5.5,8.7,2.2,1.1,0.9,1.7,5.6,19.9,111.0,113.0,1991,Sam Mitchell-1991,0.0,Not Selected,Forward,MIN,0.026196928635953028
1990-91,Paul Mokeski,mokespa01,C,34,GSW,36,1,257,3.8,10.6,0.35600000000000004,0.5,1.6,0.33299999999999996,3.2,9.0,0.36,2.2,2.7,0.8,3.6,8.5,12.1,1.6,1.4,0.5,1.3,10.5,10.3,103.0,109.0,1991,Paul Mokeski-1991,0.0,Not Selected,Center,GSW,0.03974706413730804
1990-91,Sidney Moncrief,moncrsi01,SG,33,ATL,72,3,1096,5.2,10.7,0.488,0.9,2.8,0.32799999999999996,4.3,7.8,0.545,3.6,4.7,0.7809999999999999,1.4,4.3,5.7,4.6,2.2,0.4,2.9,5.0,15.0,111.0,111.0,1991,Sidney Moncrief-1991,0.0,Not Selected,Guard,ATL,0.03884372177055104
1990-91,Chris Morris,morrich01,SF,25,NJN,79,68,2553,7.7,18.2,0.425,0.9,3.4,0.251,6.9,14.8,0.465,3.4,4.6,0.7340000000000001,4.0,5.9,9.9,4.2,2.6,1.8,3.2,4.7,19.7,103.0,105.0,1991,Chris Morris-1991,0.0,Not Selected,Forward,BRK,0.023486901535682024
1990-91,John Morton,mortojo01,SF,23,CLE,66,2,1207,5.0,11.5,0.43799999999999994,0.2,0.5,0.33299999999999996,4.8,11.0,0.44299999999999995,4.7,5.8,0.813,1.7,2.6,4.3,10.2,2.5,0.8,4.5,4.7,14.9,103.0,110.0,1991,John Morton-1991,0.0,Not Selected,Forward,CLE,0.02981029810298103
1990-91,Chris Mullin,mullich01,SF,27,GSW,82,82,3315,10.9,20.3,0.536,0.6,1.9,0.301,10.3,18.4,0.56,7.2,8.1,0.884,2.0,4.2,6.2,4.6,2.4,0.9,3.4,2.5,29.5,121.0,110.0,1991,Chris Mullin-1991,2.0,2nd,Forward,GSW,0.03974706413730804
1990-91,Chris Munk,munkch01,PF,23,UTA,11,0,29,5.2,12.2,0.429,0.0,0.0,0.0,5.2,12.2,0.429,12.2,20.9,0.583,8.7,15.6,24.3,1.7,1.7,3.5,8.7,8.7,22.6,91.0,96.0,1991,Chris Munk-1991,0.0,Not Selected,Forward,UTA,0.04878048780487805
1990-91,Tod Murphy,murphto01,PF,27,MIN,52,19,1063,4.4,11.1,0.396,0.0,0.8,0.059000000000000004,4.4,10.3,0.424,3.4,5.1,0.667,4.5,8.0,12.5,2.9,1.2,1.0,1.6,4.9,12.3,107.0,111.0,1991,Tod Murphy-1991,0.0,Not Selected,Forward,MIN,0.026196928635953028
1990-91,Jerrod Mustaf,mustaje01,PF,21,NYK,62,5,825,6.5,14.0,0.465,0.0,0.1,0.0,6.5,13.9,0.467,3.4,5.3,0.644,3.1,7.2,10.4,2.2,0.9,0.9,3.7,6.7,16.4,94.0,108.0,1991,Jerrod Mustaf-1991,0.0,Not Selected,Forward,NYK,0.03523035230352303
1990-91,Pete Myers,myerspe01,SG,27,SAS,8,1,103,4.7,10.9,0.435,0.0,0.5,0.0,4.7,10.4,0.455,4.3,5.2,0.818,0.9,7.6,8.5,6.6,1.4,1.4,6.6,6.6,13.7,84.0,103.0,1991,Pete Myers-1991,0.0,Not Selected,Guard,SAS,0.04968383017163505
1990-91,Larry Nance,nancela01,PF,31,CLE,80,78,2927,10.9,20.9,0.524,0.0,0.1,0.25,10.9,20.7,0.526,4.6,5.7,0.8029999999999999,3.5,8.4,11.8,4.1,1.1,3.4,2.3,3.8,26.5,116.0,106.0,1991,Larry Nance-1991,0.0,Not Selected,Forward,CLE,0.02981029810298103
1990-91,Craig Neal,nealcr01,PG,26,DEN,10,0,125,4.7,11.8,0.4,1.0,3.0,0.33299999999999996,3.7,8.8,0.423,4.4,7.4,0.591,0.7,4.7,5.4,12.5,1.4,0.0,6.4,8.8,14.9,92.0,117.0,1991,Craig Neal-1991,0.0,Not Selected,Guard,DEN,0.018066847335140017
1990-91,Ed Nealy,nealyed01,PF,30,PHO,55,0,573,3.7,8.0,0.46399999999999997,0.4,1.3,0.313,3.3,6.7,0.494,2.3,3.2,0.737,3.6,8.9,12.5,3.0,2.0,0.3,1.6,3.8,10.2,117.0,105.0,1991,Ed Nealy-1991,0.0,Not Selected,Forward,PHO,0.04968383017163505
1990-91,Johnny Newman,newmajo01,SF,27,CHH,81,81,2477,9.5,20.3,0.47,0.6,1.7,0.35700000000000004,8.9,18.6,0.48,7.7,9.5,0.809,1.9,3.2,5.1,3.7,2.0,0.3,3.8,5.5,27.3,107.0,112.0,1991,Johnny Newman-1991,0.0,Not Selected,Forward,CHO,0.023486901535682024
1990-91,Ken Norman,normake01,SF,26,LAC,70,45,2309,10.8,21.6,0.501,0.1,0.7,0.188,10.7,20.9,0.511,3.6,5.7,0.629,3.7,6.7,10.3,3.3,1.3,1.3,2.9,4.0,25.4,106.0,107.0,1991,Ken Norman-1991,0.0,Not Selected,Forward,LAC,0.028003613369467027
1990-91,Dan O'Sullivan,osullda01,C,22,UTA,21,0,85,4.1,9.5,0.43799999999999994,0.0,0.0,0.0,4.1,9.5,0.43799999999999994,4.1,6.5,0.636,3.0,7.1,10.1,2.4,0.6,0.6,2.4,10.7,12.4,101.0,107.0,1991,Dan O'Sullivan-1991,0.0,Not Selected,Center,UTA,0.04878048780487805
1990-91,Charles Oakley,oaklech01,PF,27,NYK,76,74,2739,5.7,11.0,0.516,0.0,0.0,0.0,5.7,10.9,0.518,4.4,5.6,0.784,5.6,11.4,17.0,3.8,1.1,0.3,4.0,5.3,15.7,109.0,105.0,1991,Charles Oakley-1991,0.0,Not Selected,Forward,NYK,0.03523035230352303
1990-91,Alan Ogg,oggal01,C,23,MIA,31,1,261,4.4,10.2,0.436,0.0,0.4,0.0,4.4,9.8,0.45299999999999996,1.1,1.9,0.6,2.8,6.3,9.1,0.4,1.1,5.0,1.5,9.8,10.0,96.0,105.0,1991,Alan Ogg-1991,0.0,Not Selected,Center,MIA,0.02168021680216802
1990-91,Hakeem Olajuwon,olajuha01,C,28,HOU,56,50,2062,11.5,22.7,0.508,0.0,0.1,0.0,11.5,22.6,0.51,5.0,6.5,0.769,5.2,13.0,18.2,3.1,2.9,5.2,4.1,5.2,28.1,109.0,93.0,1991,Hakeem Olajuwon-1991,3.0,3rd,Center,HOU,0.04697380307136405
1990-91,Jawann Oldham,oldhaja01,C,33,IND,4,0,19,7.6,15.3,0.5,0.0,0.0,0.0,7.6,15.3,0.5,0.0,0.0,0.0,0.0,7.6,7.6,0.0,0.0,0.0,0.0,2.5,15.3,105.0,115.0,1991,Jawann Oldham-1991,0.0,Not Selected,Center,IND,0.037037037037037035
1990-91,Brian Oliver,olivebr01,SG,22,PHI,73,4,800,7.0,17.1,0.408,0.3,1.1,0.278,6.6,15.9,0.41700000000000004,3.3,4.5,0.732,1.1,3.9,5.0,5.5,2.1,0.3,3.1,4.8,17.5,94.0,110.0,1991,Brian Oliver-1991,0.0,Not Selected,Guard,PHI,0.03974706413730804
1990-91,Gerald Paddio,paddige01,SF,25,CLE,70,22,1181,9.1,21.6,0.419,0.3,1.0,0.25,8.8,20.6,0.42700000000000005,3.2,4.0,0.7959999999999999,1.6,3.4,5.0,3.8,0.9,0.3,3.0,3.0,21.5,93.0,113.0,1991,Gerald Paddio-1991,0.0,Not Selected,Forward,CLE,0.02981029810298103
1990-91,Walter Palmer,palmewa01,C,22,UTA,28,0,85,8.9,26.7,0.33299999999999996,0.0,0.6,0.0,8.9,26.1,0.341,5.9,8.9,0.667,3.6,8.9,12.4,3.6,1.8,2.4,3.6,11.9,23.7,84.0,102.0,1991,Walter Palmer-1991,0.0,Not Selected,Center,UTA,0.04878048780487805
1990-91,Robert Parish,parisro01,C,37,BOS,81,81,2441,9.7,16.2,0.598,0.0,0.0,0.0,9.7,16.2,0.599,4.7,6.2,0.767,5.4,11.7,17.1,1.3,1.3,2.1,3.1,3.9,24.1,122.0,103.0,1991,Robert Parish-1991,0.0,Not Selected,Center,BOS,0.05058717253839205
1990-91,John Paxson,paxsojo01,PG,30,CHI,82,82,1971,8.1,14.7,0.5479999999999999,1.1,2.4,0.43799999999999994,7.0,12.3,0.5710000000000001,0.9,1.0,0.8290000000000001,0.4,1.9,2.3,7.6,1.6,0.1,1.8,3.5,18.1,124.0,110.0,1991,John Paxson-1991,0.0,Not Selected,Guard,CHI,0.05510388437217705
1990-91,Kenny Payne,payneke01,SF,24,PHI,47,6,444,7.7,21.3,0.36,0.5,2.0,0.222,7.2,19.3,0.374,2.9,3.3,0.897,1.9,5.5,7.5,1.8,1.1,0.7,2.4,4.9,18.8,87.0,110.0,1991,Kenny Payne-1991,0.0,Not Selected,Forward,PHI,0.03974706413730804
1990-91,Gary Payton,paytoga01,PG,22,SEA,82,82,2244,5.8,12.8,0.45,0.0,0.3,0.077,5.7,12.5,0.45899999999999996,1.5,2.2,0.711,2.4,3.0,5.4,11.7,3.7,0.3,4.0,5.5,13.1,104.0,108.0,1991,Gary Payton-1991,0.0,Not Selected,Guard,OKC,0.037037037037037035
1990-91,Will Perdue,perduwi01,C,25,CHI,74,3,972,6.0,12.1,0.494,0.0,0.2,0.0,6.0,12.0,0.5,3.9,5.8,0.67,6.3,11.1,17.4,2.4,1.2,2.9,3.9,7.6,15.9,105.0,102.0,1991,Will Perdue-1991,0.0,Not Selected,Center,CHI,0.05510388437217705
1990-91,Sam Perkins,perkisa01,PF,29,LAL,73,66,2504,7.5,15.2,0.495,0.4,1.3,0.281,7.1,13.9,0.515,4.7,5.7,0.821,3.4,7.6,11.0,2.2,1.3,1.6,2.1,5.0,20.0,117.0,104.0,1991,Sam Perkins-1991,0.0,Not Selected,Forward,LAL,0.052393857271906055
1990-91,Tim Perry,perryti01,C,25,PHO,46,2,587,6.1,11.7,0.521,0.0,0.4,0.0,6.1,11.3,0.54,3.5,5.7,0.614,4.3,5.9,10.2,2.2,1.9,3.5,2.6,4.9,15.6,110.0,104.0,1991,Tim Perry-1991,0.0,Not Selected,Center,PHO,0.04968383017163505
1990-91,Chuck Person,persoch01,SF,26,IND,80,79,2566,11.7,23.2,0.504,1.3,3.8,0.34,10.4,19.4,0.536,3.1,4.3,0.721,2.3,5.6,7.9,4.5,1.1,0.3,3.5,4.2,27.8,108.0,114.0,1991,Chuck Person-1991,0.0,Not Selected,Forward,IND,0.037037037037037035
1990-91,Jim Petersen,peterji01,C,28,GSW,62,21,834,6.3,13.1,0.483,0.1,0.2,0.25,6.3,12.9,0.48700000000000004,2.8,4.2,0.6579999999999999,3.8,7.3,11.1,1.5,0.7,2.3,2.7,8.5,15.5,103.0,110.0,1991,Jim Petersen-1991,0.0,Not Selected,Center,GSW,0.03974706413730804
1990-91,Dražen Petrović,petrodr01,SG,26,TOT,61,0,1015,11.6,23.5,0.493,1.1,3.1,0.354,10.5,20.4,0.514,5.4,6.5,0.8320000000000001,2.4,2.8,5.2,4.1,2.0,0.0,3.9,6.3,29.6,111.0,110.0,1991,Dražen Petrović-1991,0.0,Not Selected,Guard,TOT,0.03333333333333333
1990-91,Ricky Pierce,piercri01,SG,31,TOT,78,2,2167,12.9,26.6,0.485,1.1,2.7,0.397,11.9,24.0,0.495,9.9,10.9,0.9129999999999999,1.5,2.9,4.4,3.9,1.4,0.3,3.4,3.9,36.8,118.0,112.0,1991,Ricky Pierce-1991,0.0,Not Selected,Guard,TOT,0.03333333333333333
1990-91,Ed Pinckney,pincked01,PF,27,BOS,70,16,1165,5.5,10.2,0.539,0.0,0.0,0.0,5.5,10.1,0.541,4.4,4.9,0.897,6.5,7.8,14.3,1.9,2.6,1.8,1.9,6.2,15.3,131.0,104.0,1991,Ed Pinckney-1991,0.0,Not Selected,Forward,BOS,0.05058717253839205
1990-91,Scottie Pippen,pippesc01,SF,25,CHI,82,82,3014,10.0,19.2,0.52,0.3,1.1,0.309,9.6,18.1,0.534,4.0,5.7,0.706,2.7,7.2,9.9,8.5,3.2,1.5,3.9,4.5,24.3,114.0,102.0,1991,Scottie Pippen-1991,0.0,Not Selected,Forward,CHI,0.05510388437217705
1990-91,Olden Polynice,polynol01,C,26,TOT,79,30,2092,7.4,13.2,0.56,0.0,0.0,0.0,7.4,13.2,0.561,3.4,5.9,0.579,5.1,7.8,12.9,1.0,1.0,0.7,2.1,4.5,18.2,116.0,108.0,1991,Olden Polynice-1991,0.0,Not Selected,Center,TOT,0.03333333333333333
1990-91,Dave Popson,popsoda01,PF,26,BOS,19,0,64,9.9,24.4,0.406,0.0,0.0,0.0,9.9,24.4,0.406,6.9,7.6,0.9,5.3,5.3,10.7,1.5,0.8,1.5,4.6,9.1,26.7,98.0,109.0,1991,Dave Popson-1991,0.0,Not Selected,Forward,BOS,0.05058717253839205
1990-91,Terry Porter,portete01,PG,27,POR,81,81,2665,8.7,16.9,0.515,2.3,5.6,0.415,6.4,11.3,0.564,5.0,6.1,0.823,0.9,4.1,5.1,11.6,2.8,0.2,3.4,2.7,24.7,127.0,104.0,1991,Terry Porter-1991,0.0,Not Selected,Guard,POR,0.056910569105691054
1990-91,Paul Pressey,presspa01,SG,32,SAS,70,18,1683,5.8,12.3,0.47200000000000003,0.5,1.6,0.281,5.4,10.7,0.501,3.2,3.8,0.8270000000000001,1.4,3.6,5.1,7.8,1.8,0.9,3.8,5.0,15.3,105.0,106.0,1991,Paul Pressey-1991,0.0,Not Selected,Guard,SAS,0.04968383017163505
1990-91,Mark Price,pricema01,PG,26,CLE,16,16,571,8.6,17.2,0.49700000000000005,1.6,4.7,0.34,7.0,12.5,0.556,5.2,5.5,0.9520000000000001,0.7,3.3,4.0,14.7,3.7,0.2,4.9,2.0,23.9,116.0,107.0,1991,Mark Price-1991,0.0,Not Selected,Guard,CLE,0.02981029810298103
1990-91,Kevin Pritchard,pritcke01,PG,23,GSW,62,1,773,5.3,13.7,0.384,0.3,1.9,0.161,5.0,11.9,0.419,3.7,4.6,0.805,1.0,2.9,3.9,4.9,1.8,0.5,3.5,6.2,14.6,92.0,113.0,1991,Kevin Pritchard-1991,0.0,Not Selected,Guard,GSW,0.03974706413730804
1990-91,Brian Quinnett,quinnbr01,SG,24,NYK,68,5,1011,7.0,15.2,0.45899999999999996,0.8,2.2,0.349,6.2,13.0,0.47700000000000004,1.3,1.8,0.722,3.3,4.0,7.3,2.7,1.1,0.7,2.6,5.0,16.0,100.0,110.0,1991,Brian Quinnett-1991,0.0,Not Selected,Guard,NYK,0.03523035230352303
1990-91,Kurt Rambis,rambiku01,PF,32,PHO,62,17,900,4.4,8.8,0.49700000000000005,0.0,0.1,0.0,4.4,8.7,0.503,3.2,4.5,0.706,4.1,10.0,14.0,3.4,1.3,0.6,2.4,5.6,11.9,113.0,105.0,1991,Kurt Rambis-1991,0.0,Not Selected,Forward,PHO,0.04968383017163505
1990-91,Blair Rasmussen,rasmubl01,C,28,DEN,70,69,2325,7.4,16.1,0.45799999999999996,0.0,0.1,0.4,7.3,16.0,0.45799999999999996,1.1,1.7,0.677,3.1,9.2,12.3,1.3,0.9,2.4,1.5,5.6,15.9,102.0,113.0,1991,Blair Rasmussen-1991,0.0,Not Selected,Center,DEN,0.018066847335140017
1990-91,J.R. Reid,reidjr01,C,22,CHH,80,80,2467,7.2,15.5,0.466,0.0,0.0,0.0,7.2,15.4,0.467,3.6,5.2,0.703,3.1,7.0,10.0,1.8,1.7,0.9,3.1,5.7,18.0,98.0,109.0,1991,J.R. Reid-1991,0.0,Not Selected,Center,CHO,0.023486901535682024
1990-91,Robert Reid,reidro01,SF,35,PHI,3,0,37,2.7,19.0,0.14300000000000002,0.0,0.0,0.0,2.7,19.0,0.14300000000000002,0.0,0.0,0.0,2.7,9.5,12.2,5.4,1.4,4.1,4.1,4.1,5.4,46.0,104.0,1991,Robert Reid-1991,0.0,Not Selected,Forward,PHI,0.03974706413730804
1990-91,Jerry Reynolds,reynoje01,SG,28,ORL,80,9,1843,9.0,20.8,0.434,0.3,0.9,0.294,8.7,19.9,0.44,8.8,11.0,0.802,2.3,5.5,7.8,5.3,2.5,1.5,4.5,3.2,27.1,106.0,108.0,1991,Jerry Reynolds-1991,0.0,Not Selected,Guard,ORL,0.028003613369467027
1990-91,Glen Rice,ricegl01,SF,23,MIA,77,77,2646,10.1,21.8,0.461,1.3,3.4,0.386,8.8,18.4,0.475,3.1,3.8,0.818,1.6,5.4,7.0,3.5,1.8,0.5,3.0,3.9,24.5,105.0,109.0,1991,Glen Rice-1991,0.0,Not Selected,Forward,MIA,0.02168021680216802
1990-91,Pooh Richardson,richapo01,PG,24,MIN,82,82,3154,10.5,22.3,0.47,0.7,2.1,0.32799999999999996,9.8,20.1,0.485,1.5,2.7,0.539,1.4,3.4,4.7,12.1,2.2,0.2,2.9,1.9,23.1,110.0,113.0,1991,Pooh Richardson-1991,0.0,Not Selected,Guard,MIN,0.026196928635953028
1990-91,Mitch Richmond,richmmi01,SG,25,GSW,77,77,3027,10.8,21.8,0.494,0.6,1.8,0.348,10.1,20.0,0.506,6.0,7.1,0.847,2.3,4.7,6.9,3.6,1.9,0.5,3.5,3.2,28.2,111.0,111.0,1991,Mitch Richmond-1991,0.0,Not Selected,Guard,GSW,0.03974706413730804
1990-91,Doc Rivers,riverdo01,PG,29,ATL,79,79,2586,8.4,19.2,0.435,1.7,4.9,0.336,6.7,14.3,0.47,4.2,4.9,0.8440000000000001,0.9,3.9,4.8,6.4,2.8,0.9,2.4,4.1,22.5,113.0,110.0,1991,Doc Rivers-1991,0.0,Not Selected,Guard,ATL,0.03884372177055104
1990-91,Fred Roberts,roberfr01,PF,30,MIL,82,82,2114,8.4,15.8,0.5329999999999999,0.1,0.6,0.16,8.3,15.2,0.547,4.0,4.9,0.813,2.5,4.1,6.6,3.2,1.5,0.7,3.2,4.5,21.0,111.0,110.0,1991,Fred Roberts-1991,0.0,Not Selected,Forward,MIL,0.04336043360433604
1990-91,Alvin Robertson,roberal01,SG,28,MIL,81,81,2598,8.4,17.4,0.485,0.4,1.2,0.365,8.0,16.2,0.493,3.8,5.1,0.757,3.7,5.2,8.8,8.5,4.7,0.3,4.1,5.2,21.1,109.0,103.0,1991,Alvin Robertson-1991,0.0,Not Selected,Guard,MIL,0.04336043360433604
1990-91,Clifford Robinson,robincl02,PF,24,POR,82,11,1940,9.2,19.8,0.46299999999999997,0.1,0.5,0.316,9.0,19.4,0.466,5.0,7.7,0.653,3.0,5.6,8.6,3.7,1.9,1.9,3.3,6.5,23.6,104.0,104.0,1991,Clifford Robinson-1991,0.0,Not Selected,Forward,POR,0.056910569105691054
1990-91,David Robinson,robinda01,C,25,SAS,82,81,3095,11.9,21.5,0.552,0.0,0.1,0.14300000000000002,11.8,21.4,0.5539999999999999,9.3,12.2,0.762,5.3,11.5,16.7,3.3,2.0,5.0,4.2,4.2,33.1,119.0,96.0,1991,David Robinson-1991,1.0,1st,Center,SAS,0.04968383017163505
1990-91,Larry Robinson,robinla01,SG,23,TOT,36,10,425,7.0,16.9,0.413,0.0,0.1,0.0,7.0,16.8,0.41600000000000004,1.7,3.1,0.556,3.3,2.5,5.8,4.0,1.8,0.1,3.1,5.5,15.7,91.0,112.0,1991,Larry Robinson-1991,0.0,Not Selected,Guard,TOT,0.03333333333333333
1990-91,Rumeal Robinson,robinru01,PG,24,ATL,47,16,674,7.8,17.5,0.446,0.1,0.8,0.182,7.7,16.7,0.45899999999999996,3.4,5.8,0.588,1.4,3.7,5.1,9.5,2.3,0.6,5.5,4.7,19.1,94.0,111.0,1991,Rumeal Robinson-1991,0.0,Not Selected,Guard,ATL,0.03884372177055104
1990-91,Dennis Rodman,rodmade01,SF,29,DET,82,77,2747,5.2,10.6,0.493,0.1,0.6,0.2,5.1,10.1,0.509,2.1,3.3,0.631,6.9,12.6,19.5,1.6,1.2,1.0,1.8,5.3,12.7,116.0,101.0,1991,Dennis Rodman-1991,0.0,Not Selected,Forward,DET,0.045167118337850046
1990-91,Tree Rollins,rollitr01,C,35,DET,37,0,202,3.6,8.5,0.424,0.0,0.0,0.0,3.6,8.5,0.424,2.1,3.6,0.5710000000000001,3.4,7.5,10.9,1.0,0.5,5.2,3.9,9.0,9.3,81.0,101.0,1991,Tree Rollins-1991,0.0,Not Selected,Center,DET,0.045167118337850046
1990-91,Delaney Rudd,ruddde01,PG,28,UTA,82,0,874,7.1,16.4,0.435,1.0,3.5,0.27899999999999997,6.2,12.9,0.478,3.4,4.1,0.831,0.8,3.0,3.8,12.5,2.1,0.1,5.9,5.3,18.7,97.0,108.0,1991,Delaney Rudd-1991,0.0,Not Selected,Guard,UTA,0.04878048780487805
1990-91,John Salley,sallejo01,PF,26,DET,74,1,1649,5.7,11.9,0.475,0.0,0.0,0.0,5.7,11.9,0.47600000000000003,5.9,8.1,0.727,4.3,6.0,10.4,2.2,1.6,3.5,2.9,7.6,17.2,111.0,102.0,1991,John Salley-1991,0.0,Not Selected,Forward,DET,0.045167118337850046
1990-91,Ralph Sampson,sampsra01,C,30,SAC,25,4,348,5.0,13.5,0.366,0.1,0.7,0.2,4.8,12.8,0.375,0.7,2.8,0.263,6.0,10.2,16.2,2.5,1.6,2.5,3.9,7.9,10.8,78.0,105.0,1991,Ralph Sampson-1991,0.0,Not Selected,Center,SAC,0.022583559168925023
1990-91,Jeff Sanders,sandeje01,PF,25,CHH,3,0,43,6.9,16.1,0.429,0.0,0.0,0.0,6.9,16.1,0.429,1.1,2.3,0.5,3.4,6.9,10.3,1.1,1.1,1.1,1.1,6.9,14.9,96.0,111.0,1991,Jeff Sanders-1991,0.0,Not Selected,Forward,CHO,0.023486901535682024
1990-91,Mike Sanders,sandemi01,SF,30,IND,80,7,1357,7.3,17.6,0.41700000000000004,0.1,0.7,0.2,7.2,16.9,0.426,1.7,2.0,0.825,2.6,4.0,6.6,3.8,1.3,0.9,2.3,7.0,16.5,97.0,114.0,1991,Mike Sanders-1991,0.0,Not Selected,Forward,IND,0.037037037037037035
1990-91,Danny Schayes,schayda01,C,31,MIL,82,38,2228,6.7,13.4,0.499,0.0,0.1,0.0,6.7,13.3,0.503,6.1,7.4,0.835,3.9,8.1,12.0,2.2,1.2,1.4,2.4,5.9,19.5,119.0,107.0,1991,Danny Schayes-1991,0.0,Not Selected,Center,MIL,0.04336043360433604
1990-91,Steve Scheffler,schefst01,C,23,CHH,39,0,227,4.3,8.5,0.513,0.0,0.0,0.0,4.3,8.5,0.513,4.1,4.6,0.905,4.6,5.2,9.8,2.0,1.3,0.4,0.9,4.3,12.8,135.0,112.0,1991,Steve Scheffler-1991,0.0,Not Selected,Center,CHO,0.023486901535682024
1990-91,Dwayne Schintzius,schindw01,C,22,SAS,42,7,398,8.3,19.0,0.439,0.0,0.2,0.0,8.3,18.7,0.444,2.7,4.9,0.55,3.4,11.4,14.8,2.1,0.2,3.5,4.2,7.8,19.3,89.0,101.0,1991,Dwayne Schintzius-1991,0.0,Not Selected,Center,SAS,0.04968383017163505
1990-91,Detlef Schrempf,schrede01,PF,28,IND,82,3,2632,7.9,15.3,0.52,0.3,0.7,0.375,7.7,14.5,0.527,8.1,9.9,0.818,3.3,8.8,12.1,5.5,1.1,0.4,3.2,4.8,24.2,122.0,111.0,1991,Detlef Schrempf-1991,0.0,Not Selected,Forward,IND,0.037037037037037035
1990-91,Byron Scott,scottby01,SG,29,LAL,82,82,2630,9.7,20.4,0.47700000000000004,1.4,4.2,0.324,8.3,16.1,0.517,2.3,2.9,0.797,1.0,3.7,4.8,3.4,1.8,0.4,1.6,2.8,23.1,112.0,107.0,1991,Byron Scott-1991,0.0,Not Selected,Guard,LAL,0.052393857271906055
1990-91,Dennis Scott,scottde01,SG,22,ORL,82,73,2336,10.4,24.4,0.425,2.6,6.9,0.374,7.8,17.5,0.445,3.2,4.2,0.75,1.3,3.6,4.9,2.8,1.3,0.5,2.6,4.2,26.5,104.0,112.0,1991,Dennis Scott-1991,0.0,Not Selected,Guard,ORL,0.028003613369467027
1990-91,Rony Seikaly,seikaro01,C,25,MIA,64,59,2171,8.8,18.3,0.48100000000000004,0.0,0.1,0.33299999999999996,8.8,18.2,0.48200000000000004,5.7,9.3,0.619,4.6,11.2,15.8,2.1,1.1,1.9,4.6,4.7,23.4,99.0,105.0,1991,Rony Seikaly-1991,0.0,Not Selected,Center,MIA,0.02168021680216802
1990-91,John Shasky,shaskjo01,C,26,DAL,57,0,510,5.1,11.6,0.44,0.0,0.0,0.0,5.1,11.6,0.44,4.8,7.9,0.608,5.8,7.6,13.4,1.1,1.4,2.0,2.7,7.5,15.0,103.0,108.0,1991,John Shasky-1991,0.0,Not Selected,Center,DAL,0.025293586269196026
1990-91,Brian Shaw,shawbr01,PG,24,BOS,79,79,2772,7.8,16.6,0.469,0.1,0.5,0.111,7.7,16.1,0.48,3.6,4.4,0.8190000000000001,1.8,4.7,6.5,10.6,1.8,0.6,3.9,3.6,19.2,109.0,108.0,1991,Brian Shaw-1991,0.0,Not Selected,Guard,BOS,0.05058717253839205
1990-91,Jack Sikma,sikmaja01,C,35,MIL,77,44,1940,7.6,17.8,0.42700000000000005,1.2,3.5,0.341,6.4,14.3,0.44799999999999995,4.3,5.1,0.843,2.8,8.6,11.4,3.7,1.7,1.6,3.3,5.6,20.6,104.0,105.0,1991,Jack Sikma-1991,0.0,Not Selected,Center,MIL,0.04336043360433604
1990-91,Lionel Simmons,simmoli01,SF,22,SAC,79,79,2978,9.3,22.1,0.42200000000000004,0.1,0.2,0.273,9.3,22.0,0.423,5.4,7.4,0.736,3.3,8.6,11.9,5.4,1.9,1.4,3.9,4.2,24.2,97.0,106.0,1991,Lionel Simmons-1991,0.0,Not Selected,Forward,SAC,0.022583559168925023
1990-91,Scott Skiles,skilesc01,PG,26,ORL,79,66,2714,8.2,18.5,0.445,1.7,4.1,0.408,6.6,14.4,0.455,6.0,6.7,0.902,1.0,3.8,4.8,11.7,1.6,0.1,4.5,3.4,24.1,114.0,112.0,1991,Scott Skiles-1991,0.0,Not Selected,Guard,ORL,0.028003613369467027
1990-91,Charles Smith,smithch01,SF,25,LAC,74,74,2703,9.7,20.8,0.469,0.0,0.1,0.0,9.7,20.6,0.47200000000000003,6.8,8.6,0.7929999999999999,3.8,7.0,10.8,2.4,1.4,2.6,2.9,4.7,26.3,110.0,105.0,1991,Charles Smith-1991,0.0,Not Selected,Forward,LAC,0.028003613369467027
1990-91,Clinton Smith,smithcl01,SG,27,WSB,5,0,45,2.2,4.4,0.5,0.0,0.0,0.0,2.2,4.4,0.5,3.3,6.6,0.5,2.2,2.2,4.4,4.4,1.1,0.0,1.1,3.3,7.7,116.0,113.0,1991,Clinton Smith-1991,0.0,Not Selected,Guard,WAS,0.02710027100271003
1990-91,Derek Smith,smithde02,SF,29,BOS,2,0,16,3.0,12.2,0.25,0.0,3.0,0.0,3.0,9.1,0.33299999999999996,9.1,12.2,0.75,0.0,0.0,0.0,15.2,3.0,3.0,3.0,9.1,15.2,107.0,107.0,1991,Derek Smith-1991,0.0,Not Selected,Forward,BOS,0.05058717253839205
1990-91,Kenny Smith,smithke01,PG,25,HOU,78,78,2699,9.4,18.1,0.52,0.9,2.4,0.363,8.5,15.7,0.545,5.2,6.1,0.8440000000000001,0.7,2.3,2.9,10.0,1.9,0.2,4.3,2.4,24.9,117.0,108.0,1991,Kenny Smith-1991,0.0,Not Selected,Guard,HOU,0.04697380307136405
1990-91,Larry Smith,smithla01,PF,33,HOU,81,28,1923,3.2,6.7,0.48700000000000004,0.0,0.0,0.0,3.2,6.7,0.48700000000000004,0.3,1.3,0.24,7.7,10.3,18.0,2.2,2.1,0.6,2.4,6.7,6.8,106.0,101.0,1991,Larry Smith-1991,0.0,Not Selected,Forward,HOU,0.04697380307136405
1990-91,Michael Smith,smithmi01,PF,25,BOS,47,3,389,11.9,25.1,0.475,0.8,3.0,0.25,11.2,22.1,0.506,2.8,3.4,0.815,2.6,4.4,7.0,5.4,0.8,0.3,4.6,3.4,27.3,101.0,111.0,1991,Michael Smith-1991,0.0,Not Selected,Forward,BOS,0.05058717253839205
1990-91,Otis Smith,smithot01,SF,27,ORL,75,39,1885,10.4,23.1,0.451,0.2,1.2,0.196,10.2,21.9,0.465,5.7,7.7,0.7340000000000001,4.5,5.5,10.0,4.3,2.2,0.9,3.6,4.9,26.7,106.0,109.0,1991,Otis Smith-1991,0.0,Not Selected,Forward,ORL,0.028003613369467027
1990-91,Tony Smith,smithto02,SG,22,LAL,64,1,695,7.1,16.1,0.441,0.0,0.5,0.0,7.1,15.6,0.455,2.9,4.2,0.7020000000000001,1.8,3.4,5.2,9.9,2.1,0.9,5.1,5.9,17.2,96.0,106.0,1991,Tony Smith-1991,0.0,Not Selected,Guard,LAL,0.052393857271906055
1990-91,Rik Smits,smitsri01,C,24,IND,76,38,1690,9.8,20.2,0.485,0.0,0.0,0.0,9.8,20.2,0.485,4.1,5.4,0.762,3.3,6.9,10.2,2.4,0.7,3.2,2.5,7.0,23.7,108.0,111.0,1991,Rik Smits-1991,0.0,Not Selected,Center,IND,0.037037037037037035
1990-91,Mike Smrek,smrekmi01,C,28,TOT,15,0,95,4.5,13.5,0.33299999999999996,0.0,0.0,0.0,4.5,13.5,0.33299999999999996,3.0,6.0,0.5,3.5,9.5,13.0,2.0,1.5,1.5,1.5,13.5,12.0,88.0,105.0,1991,Mike Smrek-1991,0.0,Not Selected,Center,TOT,0.03333333333333333
1990-91,Rory Sparrow,sparrro01,PG,32,SAC,80,74,2375,7.9,16.1,0.491,0.7,1.7,0.397,7.3,14.5,0.501,1.2,1.8,0.6990000000000001,1.0,3.0,4.0,7.7,1.8,0.3,2.7,4.0,17.7,105.0,112.0,1991,Rory Sparrow-1991,0.0,Not Selected,Guard,SAC,0.022583559168925023
1990-91,Felton Spencer,spencfe01,C,23,MIN,81,46,2099,4.8,9.4,0.512,0.0,0.0,0.0,4.8,9.4,0.513,4.5,6.2,0.722,6.7,9.1,15.9,0.6,1.2,3.0,1.9,8.3,14.2,121.0,108.0,1991,Felton Spencer-1991,0.0,Not Selected,Center,MIN,0.026196928635953028
1990-91,John Starks,starkjo01,SG,25,NYK,61,10,1173,7.8,17.7,0.439,1.2,4.0,0.29,6.6,13.7,0.483,3.4,4.5,0.752,1.3,4.4,5.6,8.8,2.5,0.7,3.2,5.9,20.1,106.0,107.0,1991,John Starks-1991,0.0,Not Selected,Guard,NYK,0.03523035230352303
1990-91,Everette Stephens,stephev01,PG,24,MIL,3,0,6,16.6,25.0,0.667,0.0,0.0,0.0,16.6,25.0,0.667,16.6,16.6,1.0,0.0,0.0,0.0,16.6,0.0,0.0,0.0,0.0,49.9,174.0,117.0,1991,Everette Stephens-1991,0.0,Not Selected,Guard,MIL,0.04336043360433604
1990-91,John Stockton,stockjo01,PG,28,UTA,82,82,3103,8.1,15.9,0.507,0.9,2.7,0.345,7.1,13.2,0.541,5.9,7.0,0.836,0.7,3.1,3.8,18.9,3.8,0.3,4.8,3.8,22.9,120.0,104.0,1991,John Stockton-1991,3.0,3rd,Guard,UTA,0.04878048780487805
1990-91,Rod Strickland,stricro02,PG,24,SAS,58,56,2076,7.4,15.3,0.48200000000000004,0.3,0.8,0.33299999999999996,7.1,14.5,0.49,3.8,4.9,0.763,1.3,3.8,5.1,10.9,2.7,0.3,3.7,2.9,18.8,110.0,104.0,1991,Rod Strickland-1991,0.0,Not Selected,Guard,SAS,0.04968383017163505
1990-91,Jon Sundvold,sundvjo01,SG,29,MIA,24,0,225,9.2,23.0,0.402,3.2,7.5,0.429,6.0,15.5,0.389,2.4,2.4,1.0,0.6,1.3,1.9,5.2,1.5,0.0,3.4,2.4,24.1,102.0,113.0,1991,Jon Sundvold-1991,0.0,Not Selected,Guard,MIA,0.02168021680216802
1990-91,Roy Tarpley,tarplro01,C,26,DAL,5,5,171,12.8,23.6,0.544,0.0,0.3,0.0,12.8,23.3,0.551,4.8,5.4,0.889,4.8,11.6,16.4,3.6,1.8,2.7,3.9,6.0,30.4,112.0,104.0,1991,Roy Tarpley-1991,0.0,Not Selected,Center,DAL,0.025293586269196026
1990-91,Terry Teagle,teaglte01,SG,30,LAL,82,0,1498,11.4,25.8,0.44299999999999995,0.0,0.3,0.0,11.4,25.5,0.44799999999999995,4.9,6.0,0.8190000000000001,2.8,3.4,6.2,2.8,1.1,0.3,2.8,5.6,27.8,103.0,109.0,1991,Terry Teagle-1991,0.0,Not Selected,Guard,LAL,0.052393857271906055
1990-91,Reggie Theus,theusre01,SG,33,NJN,81,81,2955,9.5,20.4,0.46799999999999997,0.9,2.4,0.361,8.7,18.1,0.48100000000000004,4.8,5.6,0.851,1.1,2.6,3.7,6.2,1.4,0.6,4.1,3.8,24.7,107.0,112.0,1991,Reggie Theus-1991,0.0,Not Selected,Guard,BRK,0.023486901535682024
1990-91,Irving Thomas,thomair01,PF,25,LAL,26,0,108,8.0,23.6,0.34,0.0,0.0,0.0,8.0,23.6,0.34,5.7,9.9,0.5710000000000001,6.6,8.0,14.6,4.7,1.9,0.5,6.1,11.3,21.7,84.0,104.0,1991,Irving Thomas-1991,0.0,Not Selected,Forward,LAL,0.052393857271906055
1990-91,Isiah Thomas,thomais01,PG,29,DET,48,46,1657,9.1,21.0,0.435,0.6,2.0,0.292,8.5,18.9,0.45,5.6,7.2,0.782,1.1,3.9,5.0,14.1,2.4,0.3,5.8,3.7,24.5,103.0,105.0,1991,Isiah Thomas-1991,0.0,Not Selected,Guard,DET,0.045167118337850046
1990-91,Jim Thomas,thomaji01,SG,30,MIN,3,0,14,3.7,14.9,0.25,0.0,0.0,0.0,3.7,14.9,0.25,0.0,0.0,0.0,0.0,0.0,0.0,3.7,3.7,0.0,3.7,0.0,7.4,54.0,113.0,1991,Jim Thomas-1991,0.0,Not Selected,Guard,MIN,0.026196928635953028
1990-91,Billy Thompson,thompbi01,SF,27,MIA,73,46,1481,6.7,13.4,0.499,0.0,0.1,0.0,6.7,13.3,0.504,2.9,4.0,0.718,3.9,6.3,10.2,3.6,1.0,1.6,3.8,5.3,16.3,101.0,109.0,1991,Billy Thompson-1991,0.0,Not Selected,Forward,MIA,0.02168021680216802
1990-91,LaSalle Thompson,thompla01,C,29,IND,82,77,1946,6.9,14.0,0.488,0.0,0.1,0.2,6.8,13.9,0.491,1.8,2.6,0.6920000000000001,3.8,10.2,14.0,3.6,1.6,1.6,4.2,6.6,15.5,96.0,108.0,1991,LaSalle Thompson-1991,0.0,Not Selected,Center,IND,0.037037037037037035
1990-91,Mychal Thompson,thompmy01,C,36,LAL,72,4,1077,5.4,10.8,0.496,0.0,0.1,0.0,5.4,10.7,0.5,2.9,4.2,0.705,3.5,7.3,10.8,1.0,1.1,1.1,2.2,5.3,13.6,107.0,105.0,1991,Mychal Thompson-1991,0.0,Not Selected,Center,LAL,0.052393857271906055
1990-91,Bob Thornton,thornbo01,PF,28,MIN,12,1,110,1.9,6.1,0.308,0.0,0.0,0.0,1.9,6.1,0.308,3.8,4.7,0.8,0.5,6.6,7.1,0.5,0.0,1.4,4.3,8.5,7.6,68.0,114.0,1991,Bob Thornton-1991,0.0,Not Selected,Forward,MIN,0.026196928635953028
1990-91,Otis Thorpe,thorpot01,PF,28,HOU,82,82,3039,8.8,15.8,0.556,0.0,0.1,0.429,8.8,15.7,0.557,5.4,7.7,0.696,4.6,9.0,13.6,3.2,1.2,0.3,3.5,4.5,23.0,116.0,104.0,1991,Otis Thorpe-1991,0.0,Not Selected,Forward,HOU,0.04697380307136405
1990-91,Sedale Threatt,threase01,PG,29,SEA,80,57,2066,10.5,20.2,0.519,0.2,0.8,0.28600000000000003,10.2,19.3,0.529,3.3,4.2,0.792,0.6,1.8,2.4,6.6,2.7,0.2,3.3,4.6,24.5,111.0,111.0,1991,Sedale Threatt-1991,0.0,Not Selected,Guard,OKC,0.037037037037037035
1990-91,Wayman Tisdale,tisdawa01,PF,26,SAC,33,31,1116,11.9,24.6,0.483,0.0,0.0,0.0,11.9,24.6,0.484,6.2,7.7,0.8,3.4,8.1,11.5,3.0,1.0,1.3,3.7,4.5,30.0,104.0,109.0,1991,Wayman Tisdale-1991,0.0,Not Selected,Forward,SAC,0.022583559168925023
1990-91,Tom Tolbert,tolbeto01,PF,25,GSW,62,32,1371,6.2,14.6,0.423,0.2,0.7,0.33299999999999996,5.9,13.9,0.42700000000000005,4.3,5.8,0.738,2.9,6.4,9.3,2.6,1.2,1.3,2.7,6.6,16.9,102.0,111.0,1991,Tom Tolbert-1991,0.0,Not Selected,Forward,GSW,0.03974706413730804
1990-91,Andy Toolson,toolsan01,SF,25,UTA,47,15,470,5.4,13.3,0.40299999999999997,1.3,3.4,0.375,4.1,9.9,0.413,2.7,3.5,0.758,3.4,3.8,7.2,3.3,1.5,0.2,2.6,6.2,14.7,101.0,108.0,1991,Andy Toolson-1991,0.0,Not Selected,Forward,UTA,0.04878048780487805
1990-91,Kelly Tripucka,tripuke01,SF,31,CHH,77,1,1289,7.2,15.8,0.45399999999999996,0.6,1.7,0.33299999999999996,6.6,14.0,0.469,5.8,6.4,0.91,1.8,5.0,6.7,6.1,1.3,0.5,3.5,5.0,20.7,109.0,112.0,1991,Kelly Tripucka-1991,0.0,Not Selected,Forward,CHO,0.023486901535682024
1990-91,Trent Tucker,tucketr01,SG,31,NYK,65,13,1194,8.1,18.4,0.44,2.7,6.5,0.418,5.4,11.9,0.452,0.7,1.1,0.63,1.4,3.0,4.4,4.7,1.9,0.4,1.9,5.1,19.6,107.0,110.0,1991,Trent Tucker-1991,0.0,Not Selected,Guard,NYK,0.03523035230352303
1990-91,Andre Turner,turnean01,PG,26,PHI,70,1,1407,6.0,13.7,0.439,0.4,1.2,0.364,5.6,12.5,0.446,2.3,3.1,0.736,1.3,4.1,5.4,11.1,2.2,0.0,3.4,4.4,14.7,104.0,110.0,1991,Andre Turner-1991,0.0,Not Selected,Guard,PHI,0.03974706413730804
1990-91,Jeff Turner,turneje01,PF,28,ORL,71,43,1683,7.4,15.3,0.48700000000000004,0.2,0.4,0.4,7.3,14.8,0.489,2.4,3.2,0.759,3.1,7.3,10.4,2.8,0.8,0.3,3.6,6.7,17.5,99.0,111.0,1991,Jeff Turner-1991,0.0,Not Selected,Forward,ORL,0.028003613369467027
1990-91,Kelvin Upshaw,upshake01,SG,28,DAL,48,1,514,10.3,22.9,0.45,0.7,2.9,0.24100000000000002,9.6,20.0,0.48,5.5,6.3,0.8590000000000001,2.0,3.5,5.5,8.5,2.8,0.5,3.9,7.6,26.8,107.0,110.0,1991,Kelvin Upshaw-1991,0.0,Not Selected,Guard,DAL,0.025293586269196026
1990-91,Darnell Valentine,valenda01,PG,31,CLE,65,60,1841,6.3,13.6,0.46399999999999997,0.2,0.7,0.24,6.1,12.9,0.47600000000000003,3.9,4.7,0.831,1.0,3.7,4.7,9.6,2.7,0.3,3.5,4.7,16.7,107.0,109.0,1991,Darnell Valentine-1991,0.0,Not Selected,Guard,CLE,0.02981029810298103
1990-91,Kiki Vandeweghe,vandeki01,SF,32,NYK,75,72,2420,9.6,19.4,0.494,1.1,2.9,0.36200000000000004,8.5,16.4,0.518,5.4,6.0,0.899,1.6,2.1,3.8,2.3,0.9,0.2,2.3,2.5,25.6,116.0,113.0,1991,Kiki Vandeweghe-1991,0.0,Not Selected,Forward,NYK,0.03523035230352303
1990-91,Loy Vaught,vaughlo01,PF,22,LAC,73,0,1178,7.1,14.6,0.48700000000000004,0.0,0.1,0.0,7.1,14.6,0.49,2.0,3.0,0.662,5.1,9.2,14.2,1.6,0.8,0.9,2.0,5.5,16.3,107.0,107.0,1991,Loy Vaught-1991,0.0,Not Selected,Forward,LAC,0.028003613369467027
1990-91,Sam Vincent,vincesa01,PG,27,ORL,49,17,975,7.5,17.5,0.431,0.1,0.9,0.158,7.4,16.5,0.446,4.9,5.9,0.825,0.8,4.5,5.3,9.7,1.5,0.2,4.5,3.7,20.1,102.0,112.0,1991,Sam Vincent-1991,0.0,Not Selected,Guard,ORL,0.028003613369467027
1990-91,Stojko Vranković,vrankst01,C,27,BOS,31,0,166,7.0,15.3,0.462,0.0,0.0,0.0,7.0,15.3,0.462,2.9,5.3,0.556,4.4,10.6,15.0,1.2,0.3,8.5,7.0,12.6,17.0,80.0,100.0,1991,Stojko Vranković-1991,0.0,Not Selected,Center,BOS,0.05058717253839205
1990-91,Milt Wagner,wagnemi01,SG,27,MIA,13,1,116,10.0,23.8,0.42100000000000004,2.5,7.1,0.353,7.5,16.7,0.45,3.8,4.6,0.818,0.0,2.9,2.9,6.3,0.8,1.3,5.0,5.8,26.3,98.0,112.0,1991,Milt Wagner-1991,0.0,Not Selected,Guard,MIA,0.02168021680216802
1990-91,Darrell Walker,walkeda01,PG,29,WSB,71,65,2305,4.9,11.4,0.43,0.0,0.2,0.0,4.9,11.2,0.43700000000000006,2.0,3.3,0.604,3.0,7.6,10.6,9.8,1.7,0.7,3.3,4.2,11.8,101.0,107.0,1991,Darrell Walker-1991,0.0,Not Selected,Guard,WAS,0.02710027100271003
1990-91,Kenny Walker,walkeke01,SF,26,NYK,54,8,771,5.4,12.5,0.435,0.0,0.1,0.0,5.4,12.5,0.43700000000000006,4.2,5.4,0.78,4.1,6.2,10.3,0.9,1.2,2.0,2.0,6.0,15.1,106.0,107.0,1991,Kenny Walker-1991,0.0,Not Selected,Forward,NYK,0.03523035230352303
1990-91,Spud Webb,webbsp01,PG,27,ATL,75,64,2197,8.0,17.8,0.447,1.2,3.7,0.321,6.8,14.1,0.48,5.1,5.9,0.868,0.9,2.9,3.9,9.2,2.6,0.1,3.2,4.0,22.2,114.0,111.0,1991,Spud Webb-1991,0.0,Not Selected,Guard,ATL,0.03884372177055104
1990-91,Bill Wennington,wennibi01,C,27,SAC,77,23,1455,6.3,14.5,0.436,0.0,0.2,0.2,6.3,14.3,0.439,2.6,3.3,0.787,3.5,8.3,11.8,2.4,1.6,2.1,1.8,8.0,15.2,102.0,106.0,1991,Bill Wennington-1991,0.0,Not Selected,Center,SAC,0.022583559168925023
1990-91,Doug West,westdo01,SG,23,MIN,75,1,824,7.4,15.5,0.48,0.0,0.1,0.0,7.4,15.5,0.48200000000000004,3.7,5.3,0.69,3.5,5.0,8.6,3.0,2.2,1.5,2.6,7.3,18.5,107.0,110.0,1991,Doug West-1991,0.0,Not Selected,Guard,MIN,0.026196928635953028
1990-91,Mark West,westma01,C,30,PHO,82,64,1957,6.0,9.3,0.647,0.0,0.0,0.0,6.0,9.3,0.647,3.3,5.0,0.655,4.2,9.5,13.7,0.9,0.8,3.9,2.1,6.5,15.3,124.0,103.0,1991,Mark West-1991,0.0,Not Selected,Center,PHO,0.04968383017163505
1990-91,Randy White,whitera01,PF,23,DAL,79,29,1901,7.1,17.8,0.39799999999999996,0.2,1.0,0.162,6.9,16.8,0.41200000000000003,4.3,6.0,0.7070000000000001,4.6,8.9,13.5,1.7,2.2,1.2,3.5,8.3,18.6,93.0,107.0,1991,Randy White-1991,0.0,Not Selected,Forward,DAL,0.025293586269196026
1990-91,Morlon Wiley,wileymo01,PG,24,ORL,34,0,350,6.2,14.9,0.41700000000000004,0.8,1.7,0.5,5.4,13.2,0.406,2.3,3.4,0.68,0.6,1.8,2.3,10.1,3.3,0.0,4.7,5.1,15.6,95.0,110.0,1991,Morlon Wiley-1991,0.0,Not Selected,Guard,ORL,0.028003613369467027
1990-91,Dominique Wilkins,wilkido01,SF,31,ATL,81,81,3078,12.2,25.9,0.47,1.3,3.9,0.341,10.8,22.0,0.49200000000000005,7.5,9.1,0.8290000000000001,4.1,7.4,11.6,4.2,1.9,1.0,3.2,2.5,33.2,116.0,109.0,1991,Dominique Wilkins-1991,2.0,2nd,Forward,ATL,0.03884372177055104
1990-91,Eddie Lee Wilkins,wilkied01,C,28,NYK,68,1,668,8.6,19.3,0.447,0.0,0.1,0.0,8.6,19.2,0.449,3.9,6.8,0.5670000000000001,5.2,8.4,13.6,1.1,1.3,0.5,3.8,6.9,21.1,94.0,107.0,1991,Eddie Lee Wilkins-1991,0.0,Not Selected,Center,NYK,0.03523035230352303
1990-91,Gerald Wilkins,wilkige01,SG,27,NYK,68,56,2164,8.9,18.8,0.473,0.2,1.0,0.209,8.7,17.8,0.488,3.9,4.8,0.82,1.8,3.0,4.8,6.4,1.9,0.5,3.8,4.2,21.9,103.0,109.0,1991,Gerald Wilkins-1991,0.0,Not Selected,Guard,NYK,0.03523035230352303
1990-91,Buck Williams,willibu01,PF,30,POR,80,80,2582,6.6,11.0,0.602,0.0,0.0,0.0,6.6,11.0,0.602,4.0,5.7,0.705,4.2,9.7,13.9,1.8,0.9,0.9,2.5,4.6,17.3,121.0,104.0,1991,Buck Williams-1991,0.0,Not Selected,Forward,POR,0.056910569105691054
1990-91,Herb Williams,willihe01,C,32,DAL,60,36,1832,9.2,18.2,0.507,0.0,0.1,0.0,9.2,18.1,0.51,2.3,3.6,0.638,2.4,7.5,9.9,2.6,0.8,2.4,3.1,5.5,20.8,100.0,109.0,1991,Herb Williams-1991,0.0,Not Selected,Center,DAL,0.025293586269196026
1990-91,Hot Rod Williams,williho01,C,28,CLE,43,14,1293,7.8,16.8,0.46299999999999997,0.0,0.0,0.0,7.8,16.7,0.46399999999999997,4.2,6.4,0.652,4.3,7.0,11.3,3.9,1.4,2.7,2.5,4.9,19.7,106.0,107.0,1991,Hot Rod Williams-1991,0.0,Not Selected,Center,CLE,0.02981029810298103
1990-91,Jayson Williams,willija01,PF,22,PHI,52,1,508,7.1,15.9,0.447,0.1,0.2,0.5,7.0,15.7,0.447,3.7,5.5,0.6609999999999999,4.0,6.9,11.0,1.6,0.9,0.6,3.9,9.1,18.0,93.0,110.0,1991,Jayson Williams-1991,0.0,Not Selected,Forward,PHI,0.03974706413730804
1990-91,John Williams,willijo02,SF,24,WSB,33,11,941,8.6,20.6,0.41700000000000004,0.5,2.1,0.244,8.1,18.4,0.43799999999999994,3.8,5.1,0.753,2.2,7.1,9.3,7.0,2.0,0.3,3.6,3.3,21.5,99.0,107.0,1991,John Williams-1991,0.0,Not Selected,Forward,WAS,0.02710027100271003
1990-91,Kenny Williams,willike03,PF,21,IND,75,0,527,8.5,16.4,0.52,0.0,0.3,0.0,8.5,16.1,0.528,3.1,4.6,0.68,5.1,6.9,12.0,2.8,1.0,2.8,3.8,7.4,20.2,105.0,111.0,1991,Kenny Williams-1991,0.0,Not Selected,Forward,IND,0.037037037037037035
1990-91,Micheal Williams,willimi02,PG,24,IND,73,37,1706,7.4,14.8,0.499,0.0,0.2,0.14300000000000002,7.4,14.6,0.504,8.2,9.3,0.879,1.4,3.6,5.0,9.9,4.2,0.5,4.2,5.7,23.0,118.0,109.0,1991,Micheal Williams-1991,0.0,Not Selected,Guard,IND,0.037037037037037035
1990-91,Reggie Williams,willire01,SF,26,TOT,73,46,1896,8.8,19.5,0.449,1.3,3.6,0.363,7.5,15.9,0.46799999999999997,3.8,4.5,0.843,3.0,4.0,7.0,3.0,2.6,0.9,2.6,5.8,22.6,109.0,112.0,1991,Reggie Williams-1991,0.0,Not Selected,Forward,TOT,0.03333333333333333
1990-91,Scott Williams,willisc01,PF,22,CHI,51,0,337,7.9,15.5,0.51,0.1,0.3,0.5,7.7,15.2,0.51,3.0,4.2,0.7140000000000001,6.3,8.3,14.6,2.4,1.8,1.9,3.4,7.6,18.9,109.0,103.0,1991,Scott Williams-1991,0.0,Not Selected,Forward,CHI,0.05510388437217705
1990-91,Kevin Willis,willike02,PF,28,ATL,80,80,2373,9.1,18.1,0.504,0.1,0.2,0.4,9.0,17.9,0.505,3.3,4.9,0.6679999999999999,5.3,9.1,14.4,2.0,1.2,0.8,3.1,4.8,21.6,108.0,109.0,1991,Kevin Willis-1991,0.0,Not Selected,Forward,ATL,0.03884372177055104
1990-91,Trevor Wilson,wilsotr01,PF,22,ATL,25,0,162,6.3,21.0,0.3,0.0,0.6,0.0,6.3,20.4,0.309,3.9,7.8,0.5,4.8,7.2,12.0,3.3,1.5,0.3,5.1,3.9,16.5,74.0,111.0,1991,Trevor Wilson-1991,0.0,Not Selected,Forward,ATL,0.03884372177055104
1990-91,Kennard Winchester,winchke01,SF,24,HOU,64,1,607,7.9,19.7,0.4,0.6,1.6,0.4,7.2,18.1,0.4,2.8,3.6,0.778,2.7,2.6,5.4,2.0,1.3,1.0,2.4,5.6,19.2,97.0,108.0,1991,Kennard Winchester-1991,0.0,Not Selected,Forward,HOU,0.04697380307136405
1990-91,David Wingate,wingada01,SG,27,SAS,25,0,563,4.6,11.9,0.384,0.1,0.8,0.111,4.5,11.2,0.40299999999999997,2.5,3.5,0.7070000000000001,2.1,4.4,6.5,4.0,1.6,0.4,3.6,5.7,11.8,87.0,106.0,1991,David Wingate-1991,0.0,Not Selected,Guard,SAS,0.04968383017163505
1990-91,Randy Wittman,wittmra01,SF,31,IND,41,0,355,4.8,10.8,0.44299999999999995,0.0,0.7,0.0,4.8,10.1,0.473,0.5,0.8,0.667,0.8,3.7,4.5,3.4,1.4,0.5,1.4,1.2,10.1,98.0,115.0,1991,Randy Wittman-1991,0.0,Not Selected,Forward,IND,0.037037037037037035
1990-91,Joe Wolf,wolfjo01,C,26,DEN,74,38,1593,6.2,13.8,0.451,0.1,0.4,0.133,6.1,13.4,0.46,1.8,2.2,0.831,3.6,7.0,10.6,2.8,1.6,0.8,2.5,6.5,14.3,101.0,114.0,1991,Joe Wolf-1991,0.0,Not Selected,Center,DEN,0.018066847335140017
1990-91,David Wood,woodda01,SF,26,HOU,82,13,1421,5.1,12.0,0.424,1.0,3.1,0.311,4.1,8.9,0.46299999999999997,3.7,4.6,0.812,3.7,4.8,8.4,3.2,2.0,0.5,3.1,8.1,14.8,107.0,105.0,1991,David Wood-1991,0.0,Not Selected,Forward,HOU,0.04697380307136405
1990-91,Leon Wood,woodle01,SG,28,SAC,12,0,222,5.7,14.4,0.397,2.7,8.7,0.316,3.0,5.7,0.52,4.3,4.8,0.905,1.1,3.2,4.3,11.2,1.1,0.0,2.7,2.3,18.5,119.0,113.0,1991,Leon Wood-1991,0.0,Not Selected,Guard,SAC,0.022583559168925023
1990-91,Mike Woodson,woodsmi01,SG,32,TOT,15,3,171,7.5,22.1,0.33799999999999997,0.3,2.0,0.14300000000000002,7.2,20.1,0.35700000000000004,3.2,3.7,0.846,0.9,2.9,3.7,4.3,1.4,1.4,3.5,5.2,18.4,83.0,108.0,1991,Mike Woodson-1991,0.0,Not Selected,Guard,TOT,0.03333333333333333
1990-91,Orlando Woolridge,woolror01,SF,31,DEN,53,50,1823,11.3,22.8,0.498,0.0,0.1,0.0,11.3,22.7,0.501,8.1,10.2,0.797,3.3,5.1,8.4,2.8,1.6,0.5,3.5,3.4,30.8,113.0,116.0,1991,Orlando Woolridge-1991,0.0,Not Selected,Forward,DEN,0.018066847335140017
1990-91,Haywoode Workman,workmha01,PG,25,WSB,73,56,2034,5.7,12.5,0.45399999999999996,0.3,1.2,0.24,5.4,11.3,0.47700000000000004,2.4,3.2,0.759,1.2,4.6,5.9,8.5,2.1,0.2,3.3,3.9,14.1,102.0,109.0,1991,Haywoode Workman-1991,0.0,Not Selected,Guard,WAS,0.02710027100271003
1990-91,James Worthy,worthja01,SF,29,LAL,78,74,3008,12.1,24.7,0.49200000000000005,0.4,1.5,0.289,11.7,23.1,0.505,3.6,4.5,0.797,1.8,4.2,6.0,4.7,1.8,0.6,2.2,2.0,28.3,113.0,107.0,1991,James Worthy-1991,3.0,3rd,Forward,LAL,0.052393857271906055
1990-91,Howard Wright,wrighho02,PF,23,TOT,15,0,164,5.6,13.9,0.40399999999999997,0.0,0.3,0.0,5.6,13.6,0.413,4.7,7.1,0.667,3.5,9.7,13.3,0.9,1.2,1.5,3.2,8.3,15.9,93.0,107.0,1991,Howard Wright-1991,0.0,Not Selected,Forward,TOT,0.03333333333333333
1990-91,A.J. Wynder,wyndeaj01,PG,26,BOS,6,0,39,3.8,15.0,0.25,0.0,1.3,0.0,3.8,13.8,0.273,7.5,10.0,0.75,1.3,2.5,3.8,10.0,1.3,0.0,5.0,1.3,15.0,87.0,112.0,1991,A.J. Wynder-1991,0.0,Not Selected,Guard,BOS,0.05058717253839205
1990-91,Danny Young,youngda01,PG,28,POR,75,1,897,5.5,14.4,0.38,1.9,5.5,0.34600000000000003,3.6,8.9,0.401,2.2,2.4,0.9109999999999999,1.2,2.8,4.0,7.5,2.7,0.4,2.7,2.6,15.1,106.0,106.0,1991,Danny Young-1991,0.0,Not Selected,Guard,POR,0.056910569105691054
1991-92,Alaa Abdelnaby,abdelal01,PF,23,POR,71,1,934,9.2,18.7,0.493,0.0,0.0,0.0,9.2,18.7,0.493,3.9,5.2,0.752,4.2,9.3,13.5,1.6,1.3,0.8,3.4,6.9,22.4,105.0,103.0,1992,Alaa Abdelnaby-1992,0.0,Not Selected,Forward,POR,0.051490514905149054
1991-92,Mahmoud Abdul-Rauf,abdulma02,PG,22,DEN,81,11,1538,11.3,26.8,0.42100000000000004,1.0,3.0,0.33,10.3,23.8,0.433,3.0,3.4,0.87,0.7,2.9,3.6,6.1,1.4,0.1,3.7,4.1,26.5,99.0,113.0,1992,Mahmoud Abdul-Rauf-1992,0.0,Not Selected,Guard,DEN,0.02168021680216802
1991-92,Mark Acres,acresma01,C,29,ORL,68,6,926,4.1,8.0,0.517,0.1,0.2,0.33299999999999996,4.1,7.8,0.52,2.7,3.5,0.7609999999999999,5.1,8.2,13.3,1.2,1.3,0.8,1.7,7.4,11.0,118.0,109.0,1992,Mark Acres-1992,0.0,Not Selected,Center,ORL,0.018970189701897018
1991-92,Michael Adams,adamsmi01,PG,29,WSB,78,78,2795,8.5,21.7,0.39299999999999996,2.2,6.8,0.324,6.3,14.9,0.425,5.5,6.3,0.8690000000000001,1.0,4.4,5.4,10.4,2.5,0.2,3.7,2.8,24.8,106.0,109.0,1992,Michael Adams-1992,0.0,Not Selected,Guard,WAS,0.022583559168925023
1991-92,Rafael Addison,addisra01,SF,27,NJN,76,8,1175,7.8,18.0,0.433,0.6,2.0,0.28600000000000003,7.2,16.0,0.452,2.3,3.2,0.737,2.7,4.2,6.9,2.8,1.2,1.2,1.9,4.5,18.5,106.0,112.0,1992,Rafael Addison-1992,0.0,Not Selected,Forward,BRK,0.036133694670280034
1991-92,Mark Aguirre,aguirma01,SF,32,DET,75,12,1582,11.2,26.1,0.431,0.5,2.4,0.21100000000000002,10.7,23.7,0.45299999999999996,5.2,7.6,0.687,2.2,5.6,7.8,4.2,1.7,0.4,3.5,5.7,28.2,100.0,106.0,1992,Mark Aguirre-1992,0.0,Not Selected,Forward,DET,0.04336043360433604
1991-92,Danny Ainge,aingeda01,SG,32,POR,81,6,1595,9.1,20.6,0.442,2.4,7.0,0.33899999999999997,6.7,13.6,0.496,3.3,4.0,0.8240000000000001,1.2,3.3,4.5,6.1,2.2,0.4,2.1,4.5,23.8,116.0,106.0,1992,Danny Ainge-1992,0.0,Not Selected,Guard,POR,0.051490514905149054
1991-92,Victor Alexander,alexavi01,C,22,GSW,80,28,1350,8.4,15.8,0.529,0.0,0.0,0.0,8.4,15.7,0.531,3.5,5.1,0.691,3.6,7.9,11.6,1.1,1.5,2.1,3.1,6.1,20.3,107.0,108.0,1992,Victor Alexander-1992,0.0,Not Selected,Center,GSW,0.04968383017163505
1991-92,Greg Anderson,andergr01,PF,27,DEN,82,82,2793,6.8,14.9,0.456,0.0,0.1,0.0,6.8,14.8,0.45799999999999996,2.9,4.7,0.623,5.9,10.5,16.4,1.4,1.5,1.1,3.5,4.6,16.5,98.0,106.0,1992,Greg Anderson-1992,0.0,Not Selected,Forward,DEN,0.02168021680216802
1991-92,Kenny Anderson,anderke01,PG,21,NJN,64,13,1086,8.4,21.7,0.39,0.1,0.6,0.231,8.3,21.1,0.39399999999999996,3.3,4.4,0.745,1.7,4.0,5.7,9.2,3.0,0.4,4.4,3.1,20.3,96.0,109.0,1992,Kenny Anderson-1992,0.0,Not Selected,Guard,BRK,0.036133694670280034
1991-92,Nick Anderson,anderni01,SG,24,ORL,60,59,2203,10.7,23.2,0.46299999999999997,0.7,1.9,0.353,10.0,21.3,0.47200000000000003,4.5,6.7,0.667,2.2,6.4,8.5,3.6,2.2,0.7,2.8,2.9,26.6,105.0,109.0,1992,Nick Anderson-1992,0.0,Not Selected,Guard,ORL,0.018970189701897018
1991-92,Ron Anderson,anderro01,SF,33,PHI,82,11,2432,9.9,21.2,0.465,0.9,2.7,0.331,9.0,18.6,0.485,3.0,3.4,0.877,2.0,3.8,5.9,2.8,1.8,0.2,2.3,2.7,23.6,107.0,112.0,1992,Ron Anderson-1992,0.0,Not Selected,Forward,PHI,0.031616982836495035
1991-92,Willie Anderson,anderwi01,SG,25,SAS,57,55,1889,8.2,18.1,0.455,0.3,1.5,0.23199999999999998,7.9,16.6,0.475,2.8,3.6,0.775,1.6,6.3,7.9,8.0,1.4,1.3,3.7,4.0,19.7,103.0,105.0,1992,Willie Anderson-1992,0.0,Not Selected,Guard,SAS,0.04245709123757904
1991-92,Michael Ansley,anslemi01,SF,24,TOT,10,0,45,8.9,20.0,0.444,0.0,0.0,0.0,8.9,20.0,0.444,5.6,6.7,0.833,2.2,4.4,6.7,2.2,0.0,0.0,3.3,7.8,23.3,100.0,116.0,1992,Michael Ansley-1992,0.0,Not Selected,Forward,TOT,0.03333333333333333
1991-92,Greg Anthony,anthogr01,PG,24,NYK,82,1,1510,5.5,14.9,0.37,0.3,1.9,0.145,5.2,13.0,0.40299999999999997,4.0,5.4,0.741,1.1,3.5,4.7,10.7,2.0,0.3,3.4,5.8,15.3,101.0,106.0,1992,Greg Anthony-1992,0.0,Not Selected,Guard,NYK,0.04607046070460705
1991-92,B.J. Armstrong,armstbj01,PG,24,CHI,82,3,1875,9.1,18.9,0.48100000000000004,0.9,2.4,0.402,8.1,16.5,0.49200000000000005,2.8,3.5,0.8059999999999999,0.5,3.4,3.9,7.2,1.2,0.1,2.5,2.4,21.9,112.0,109.0,1992,B.J. Armstrong-1992,0.0,Not Selected,Guard,CHI,0.06052393857271906
1991-92,Vincent Askew,askewvi01,SG,25,GSW,80,10,1496,6.0,11.8,0.509,0.0,0.3,0.1,6.0,11.4,0.52,3.4,5.0,0.6940000000000001,2.8,4.5,7.2,5.8,1.5,0.7,2.6,4.0,15.5,114.0,112.0,1992,Vincent Askew-1992,0.0,Not Selected,Guard,GSW,0.04968383017163505
1991-92,Keith Askins,askinke01,SF,24,MIA,59,4,843,4.9,12.0,0.41,1.5,4.3,0.342,3.4,7.7,0.447,1.5,2.2,0.703,3.8,4.5,8.3,2.2,2.3,0.9,2.7,6.4,12.8,100.0,110.0,1992,Keith Askins-1992,0.0,Not Selected,Forward,MIA,0.03432700993676603
1991-92,Stacey Augmon,augmost01,SG,23,ATL,82,82,2505,8.6,17.6,0.489,0.0,0.1,0.16699999999999998,8.6,17.5,0.49200000000000005,4.2,6.3,0.6659999999999999,3.7,4.5,8.2,3.9,2.4,0.5,3.5,3.2,21.4,104.0,109.0,1992,Stacey Augmon-1992,0.0,Not Selected,Guard,ATL,0.03432700993676603
1991-92,Isaac Austin,austiis01,C,22,UTA,31,0,112,9.4,20.6,0.457,0.0,0.0,0.0,9.4,20.6,0.457,8.5,13.5,0.633,4.9,10.8,15.7,2.2,0.9,0.9,3.6,9.0,27.4,105.0,104.0,1992,Isaac Austin-1992,0.0,Not Selected,Center,UTA,0.04968383017163505
1991-92,Miloš Babić,babicmi01,C,23,MIA,9,0,35,8.4,18.3,0.462,0.0,0.0,0.0,8.4,18.3,0.462,8.4,11.2,0.75,2.8,12.6,15.4,8.4,1.4,0.0,7.0,0.0,25.3,100.0,108.0,1992,Miloš Babić-1992,0.0,Not Selected,Center,MIA,0.03432700993676603
1991-92,John Bagley,baglejo01,PG,31,BOS,73,59,1742,6.4,14.6,0.441,0.3,1.2,0.23800000000000002,6.1,13.3,0.45899999999999996,2.0,2.7,0.716,1.1,3.5,4.6,13.8,1.6,0.1,4.3,3.5,15.1,102.0,110.0,1992,John Bagley-1992,0.0,Not Selected,Guard,BOS,0.04607046070460705
1991-92,Thurl Bailey,baileth01,PF,30,TOT,84,18,2104,8.8,20.0,0.44,0.0,0.0,0.0,8.8,20.0,0.441,5.2,6.5,0.7959999999999999,2.9,8.7,11.6,1.9,0.8,2.8,2.6,3.8,22.8,102.0,110.0,1992,Thurl Bailey-1992,0.0,Not Selected,Forward,TOT,0.03333333333333333
1991-92,Steve Bardo,bardost01,SG,23,SAS,1,0,1,0.0,0.0,0.0,0.0,0.0,0.0,0.0,0.0,0.0,0.0,0.0,0.0,49.9,0.0,49.9,0.0,0.0,0.0,0.0,0.0,0.0,202.0,114.0,1992,Steve Bardo-1992,0.0,Not Selected,Guard,SAS,0.04245709123757904
1991-92,Charles Barkley,barklch01,SF,28,PHI,75,75,2881,11.1,20.0,0.552,0.6,2.4,0.23399999999999999,10.5,17.6,0.597,8.1,11.6,0.695,4.8,9.9,14.8,5.5,2.4,0.8,4.2,3.5,30.8,119.0,106.0,1992,Charles Barkley-1992,2.0,2nd,Forward,PHI,0.031616982836495035
1991-92,Dana Barros,barroda01,PG,24,SEA,75,1,1331,9.0,18.6,0.483,3.1,7.0,0.446,5.9,11.6,0.505,2.3,3.0,0.759,0.6,2.4,3.1,4.7,1.9,0.2,2.1,3.2,23.4,121.0,112.0,1992,Dana Barros-1992,0.0,Not Selected,Guard,OKC,0.04245709123757904
1991-92,John Battle,battljo01,SG,29,CLE,76,2,1637,9.8,20.3,0.48,0.1,0.5,0.11800000000000001,9.7,19.8,0.489,4.5,5.3,0.848,0.6,2.9,3.5,4.9,1.1,0.2,2.8,3.6,24.1,106.0,113.0,1992,John Battle-1992,0.0,Not Selected,Guard,CLE,0.051490514905149054
1991-92,Kenny Battle,battlke01,SG,27,TOT,16,0,92,5.8,8.9,0.647,0.0,0.5,0.0,5.8,8.4,0.688,5.2,6.3,0.833,2.1,6.3,8.4,2.1,1.0,1.0,2.1,5.2,16.8,132.0,110.0,1992,Kenny Battle-1992,0.0,Not Selected,Guard,TOT,0.03333333333333333
1991-92,William Bedford,bedfowi01,C,28,DET,32,8,363,7.2,17.5,0.413,0.0,0.1,0.0,7.2,17.3,0.41700000000000004,2.0,3.2,0.636,3.5,5.6,9.1,1.7,0.9,2.6,2.2,8.1,16.5,95.0,106.0,1992,William Bedford-1992,0.0,Not Selected,Center,DET,0.04336043360433604
1991-92,Benoit Benjamin,benjabe01,C,27,SEA,63,61,1941,9.2,19.2,0.478,0.0,0.1,0.0,9.2,19.1,0.48,4.4,6.5,0.687,3.4,9.9,13.3,2.0,1.0,3.1,4.5,4.8,22.8,98.0,106.0,1992,Benoit Benjamin-1992,0.0,Not Selected,Center,OKC,0.04245709123757904
1991-92,Winston Bennett,bennewi01,SF,26,TOT,54,45,833,4.9,12.8,0.379,0.0,0.1,0.0,4.9,12.7,0.381,2.1,3.0,0.7,3.8,6.0,9.8,2.3,1.2,0.5,2.0,7.4,11.8,95.0,110.0,1992,Winston Bennett-1992,0.0,Not Selected,Forward,TOT,0.03333333333333333
1991-92,David Benoit,benoida01,SF,23,UTA,77,2,1161,7.6,16.2,0.467,0.1,0.6,0.214,7.4,15.6,0.47600000000000003,3.5,4.3,0.81,4.5,8.3,12.8,1.5,0.8,1.9,3.1,5.4,18.8,104.0,106.0,1992,David Benoit-1992,0.0,Not Selected,Forward,UTA,0.04968383017163505
1991-92,Larry Bird,birdla01,SF,35,BOS,45,45,1662,10.6,22.9,0.466,1.6,3.9,0.406,9.1,19.0,0.478,4.5,4.9,0.9259999999999999,1.4,11.7,13.1,9.2,1.3,1.0,3.8,2.5,27.4,112.0,104.0,1992,Larry Bird-1992,0.0,Not Selected,Forward,BOS,0.04607046070460705
1991-92,Rolando Blackman,blackro01,SG,32,DAL,75,74,2527,10.8,23.4,0.461,1.3,3.4,0.385,9.5,20.0,0.474,4.8,5.4,0.898,1.6,3.2,4.8,4.1,1.0,0.4,3.1,2.7,27.6,108.0,115.0,1992,Rolando Blackman-1992,0.0,Not Selected,Guard,DAL,0.01987353206865402
1991-92,Lance Blanks,blankla01,SG,25,DET,43,0,189,6.9,15.3,0.455,1.7,4.4,0.375,5.3,10.8,0.48700000000000004,2.2,3.1,0.727,2.5,3.6,6.1,5.3,3.9,0.3,3.9,7.2,17.7,103.0,103.0,1992,Lance Blanks-1992,0.0,Not Selected,Guard,DET,0.04336043360433604
1991-92,Mookie Blaylock,blaylmo01,PG,24,NJN,72,67,2548,8.2,19.1,0.43200000000000005,0.2,1.0,0.222,8.0,18.1,0.444,2.4,3.4,0.7120000000000001,1.9,3.2,5.2,9.5,3.3,0.8,2.9,3.5,19.2,107.0,108.0,1992,Mookie Blaylock-1992,0.0,Not Selected,Guard,BRK,0.036133694670280034
1991-92,Muggsy Bogues,boguemu01,PG,27,CHH,82,69,2790,5.4,11.4,0.47200000000000003,0.0,0.5,0.07400000000000001,5.3,10.9,0.489,1.6,2.0,0.7829999999999999,1.0,3.0,4.0,12.6,2.9,0.1,2.6,2.6,12.4,112.0,112.0,1992,Muggsy Bogues-1992,0.0,Not Selected,Guard,CHO,0.028003613369467027
1991-92,Manute Bol,bolma01,C,29,PHI,71,2,1267,2.0,5.2,0.38299999999999995,0.0,0.4,0.0,2.0,4.8,0.41200000000000003,0.5,1.1,0.462,2.2,6.8,9.0,0.9,0.4,8.3,1.7,5.6,4.4,82.0,106.0,1992,Manute Bol-1992,0.0,Not Selected,Center,PHI,0.031616982836495035
1991-92,Anthony Bonner,bonnean01,PF,23,SAC,79,18,2287,6.2,13.9,0.447,0.0,0.1,0.25,6.2,13.8,0.44799999999999995,3.2,5.1,0.627,4.0,6.2,10.2,2.6,2.0,0.5,2.8,4.1,15.6,99.0,110.0,1992,Anthony Bonner-1992,0.0,Not Selected,Forward,SAC,0.026196928635953028
1991-92,Anthony Bowie,bowiean01,SG,28,ORL,52,26,1721,8.9,18.0,0.493,0.5,1.3,0.386,8.4,16.8,0.501,3.3,3.9,0.86,2.0,5.0,7.0,4.6,1.6,1.1,3.0,2.9,21.6,109.0,111.0,1992,Anthony Bowie-1992,0.0,Not Selected,Guard,ORL,0.018970189701897018
1991-92,Sam Bowie,bowiesa01,C,30,NJN,71,61,2179,9.5,21.3,0.445,0.2,0.6,0.32,9.3,20.7,0.44799999999999995,4.8,6.3,0.757,4.6,8.4,13.0,4.2,0.9,2.7,3.4,4.8,23.9,107.0,108.0,1992,Sam Bowie-1992,0.0,Not Selected,Center,BRK,0.036133694670280034
1991-92,Terrell Brandon,brandte01,PG,21,CLE,82,9,1605,7.9,18.9,0.419,0.0,0.7,0.043,7.9,18.2,0.434,3.1,3.9,0.8059999999999999,1.5,3.6,5.1,10.0,2.6,0.7,4.3,3.4,19.1,97.0,109.0,1992,Terrell Brandon-1992,0.0,Not Selected,Guard,CLE,0.051490514905149054
1991-92,Randy Breuer,breuera01,C,31,MIN,67,25,1176,6.9,14.8,0.46799999999999997,0.0,0.0,0.0,6.9,14.7,0.469,1.8,3.3,0.532,4.2,7.9,12.1,3.8,1.2,4.3,1.8,5.0,15.6,106.0,109.0,1992,Randy Breuer-1992,0.0,Not Selected,Center,MIN,0.013550135501355014
1991-92,Frank Brickowski,brickfr01,SF,32,MIL,65,60,1556,9.9,18.9,0.524,0.1,0.2,0.5,9.8,18.7,0.524,4.0,5.3,0.767,3.1,8.0,11.1,3.9,1.9,0.7,3.6,7.2,23.9,110.0,109.0,1992,Frank Brickowski-1992,0.0,Not Selected,Forward,MIL,0.028003613369467027
1991-92,Kevin Brooks,brookke01,SF,22,DEN,37,0,270,7.8,17.5,0.44299999999999995,0.4,2.0,0.182,7.4,15.5,0.47700000000000004,3.1,3.8,0.81,2.3,4.7,7.0,2.0,1.4,0.4,3.2,3.4,18.9,98.0,111.0,1992,Kevin Brooks-1992,0.0,Not Selected,Forward,DEN,0.02168021680216802
1991-92,Scott Brooks,brooksc01,PG,26,MIN,82,0,1082,7.8,17.5,0.447,1.5,4.2,0.35600000000000004,6.3,13.3,0.475,2.4,2.9,0.81,1.3,3.4,4.6,9.6,3.1,0.3,2.4,3.8,19.5,112.0,112.0,1992,Scott Brooks-1992,0.0,Not Selected,Guard,MIN,0.013550135501355014
1991-92,Chucky Brown,brownch01,SF,23,TOT,42,2,431,7.2,15.4,0.469,0.0,0.4,0.0,7.2,15.0,0.48,3.6,5.9,0.612,3.7,6.1,9.8,3.1,1.4,0.8,3.5,5.8,18.0,99.0,110.0,1992,Chucky Brown-1992,0.0,Not Selected,Forward,TOT,0.03333333333333333
1991-92,Dee Brown,brownde01,PG,23,BOS,31,20,883,8.5,19.9,0.426,0.3,1.2,0.22699999999999998,8.2,18.6,0.439,3.4,4.4,0.769,0.9,3.6,4.5,9.3,1.9,0.4,3.3,4.2,20.6,101.0,109.0,1992,Dee Brown-1992,0.0,Not Selected,Guard,BOS,0.04607046070460705
1991-92,Mike Brown,brownmi01,C,28,UTA,82,1,1783,6.2,13.8,0.45299999999999996,0.0,0.0,0.0,6.2,13.7,0.45399999999999996,5.4,8.0,0.667,5.3,8.1,13.4,2.3,1.2,1.0,3.0,5.5,17.8,107.0,106.0,1992,Mike Brown-1992,0.0,Not Selected,Center,UTA,0.04968383017163505
1991-92,Myron Brown,brownmy01,PG,22,MIN,4,0,23,8.8,13.2,0.667,2.2,6.6,0.33299999999999996,6.6,6.6,1.0,0.0,0.0,0.0,0.0,6.6,6.6,13.2,2.2,0.0,8.8,4.4,19.8,100.0,111.0,1992,Myron Brown-1992,0.0,Not Selected,Guard,MIN,0.013550135501355014
1991-92,Randy Brown,brownra02,PG,23,SAC,56,0,535,6.9,15.2,0.456,0.0,0.5,0.0,6.9,14.7,0.47200000000000003,3.4,5.2,0.655,2.3,3.9,6.2,5.3,3.2,1.1,3.8,6.1,17.3,96.0,109.0,1992,Randy Brown-1992,0.0,Not Selected,Guard,SAC,0.026196928635953028
1991-92,Tony Brown,brownto01,SF,31,TOT,57,2,655,7.8,19.0,0.41,1.5,4.8,0.302,6.3,14.2,0.446,3.7,5.0,0.727,2.4,4.0,6.4,3.7,2.3,0.4,2.7,6.3,20.7,104.0,109.0,1992,Tony Brown-1992,0.0,Not Selected,Forward,TOT,0.03333333333333333
1991-92,Mark Bryant,bryanma01,PF,26,POR,56,0,800,5.8,12.0,0.48,0.0,0.2,0.0,5.8,11.8,0.48700000000000004,2.4,3.6,0.667,5.3,6.9,12.2,2.5,1.6,0.5,1.8,6.4,13.9,114.0,105.0,1992,Mark Bryant-1992,0.0,Not Selected,Forward,POR,0.051490514905149054
1991-92,Jud Buechler,buechju01,SF,23,TOT,28,0,290,4.8,11.8,0.408,0.0,0.2,0.0,4.8,11.7,0.414,2.0,3.5,0.5710000000000001,3.0,5.7,8.7,3.8,3.2,1.2,2.2,5.2,11.7,97.0,105.0,1992,Jud Buechler-1992,0.0,Not Selected,Forward,TOT,0.03333333333333333
1991-92,Matt Bullard,bullama01,PF,24,HOU,80,7,1278,8.1,17.7,0.45899999999999996,2.5,6.6,0.386,5.6,11.1,0.502,1.5,2.0,0.76,2.9,5.9,8.8,3.0,1.0,0.8,2.2,5.1,20.2,110.0,110.0,1992,Matt Bullard-1992,0.0,Not Selected,Forward,HOU,0.037940379403794036
1991-92,Willie Burton,burtowi01,SF,23,MIA,68,50,1585,8.7,19.3,0.45,0.2,0.5,0.4,8.5,18.8,0.451,6.1,7.6,0.8,2.4,5.2,7.6,3.8,1.4,1.1,3.7,5.8,23.6,104.0,111.0,1992,Willie Burton-1992,0.0,Not Selected,Forward,MIA,0.03432700993676603
1991-92,Steve Burtt,burttst01,SG,29,PHO,31,2,356,10.0,21.7,0.46299999999999997,0.1,0.8,0.16699999999999998,9.9,20.9,0.474,5.2,7.3,0.7040000000000001,1.4,3.3,4.6,8.0,2.2,0.5,4.5,7.9,25.4,102.0,108.0,1992,Steve Burtt-1992,0.0,Not Selected,Guard,PHO,0.04787714543812105
1991-92,Michael Cage,cagemi01,PF,30,SEA,82,69,2461,6.3,11.1,0.5660000000000001,0.0,0.1,0.0,6.3,11.0,0.5720000000000001,2.2,3.5,0.62,5.4,9.4,14.9,1.9,2.0,1.1,1.6,4.8,14.7,124.0,106.0,1992,Michael Cage-1992,0.0,Not Selected,Forward,OKC,0.04245709123757904
1991-92,Demetrius Calip,calipde01,PG,22,LAL,7,0,58,3.6,16.1,0.222,0.9,4.5,0.2,2.7,11.6,0.231,1.8,2.7,0.667,0.9,3.6,4.5,10.7,0.9,0.0,4.5,7.2,9.8,72.0,114.0,1992,Demetrius Calip-1992,0.0,Not Selected,Guard,LAL,0.03884372177055104
1991-92,Elden Campbell,campbel01,C,23,LAL,81,47,1876,6.1,13.6,0.44799999999999995,0.0,0.1,0.0,6.1,13.5,0.45,3.8,6.2,0.619,4.3,7.4,11.7,1.6,1.5,4.4,2.0,5.6,16.0,105.0,106.0,1992,Elden Campbell-1992,0.0,Not Selected,Center,LAL,0.03884372177055104
1991-92,Tony Campbell,campbto01,SF,29,MIN,78,41,2441,10.9,23.5,0.46399999999999997,0.3,0.8,0.35100000000000003,10.6,22.8,0.467,5.0,6.2,0.8029999999999999,2.9,3.0,5.9,4.7,1.7,0.6,3.4,4.3,27.0,105.0,115.0,1992,Tony Campbell-1992,0.0,Not Selected,Forward,MIN,0.013550135501355014
1991-92,Antoine Carr,carran01,PF,30,SAS,81,27,1867,9.6,19.6,0.49,0.0,0.1,0.2,9.6,19.4,0.49200000000000005,4.3,5.7,0.764,3.4,5.8,9.2,1.7,0.9,2.6,3.0,7.1,23.5,106.0,106.0,1992,Antoine Carr-1992,0.0,Not Selected,Forward,SAS,0.04245709123757904
1991-92,Bill Cartwright,cartwbi01,C,34,CHI,64,64,1471,7.2,15.4,0.467,0.0,0.0,0.0,7.2,15.4,0.467,3.3,5.5,0.604,3.2,8.0,11.2,3.0,0.8,0.5,2.6,4.5,17.7,104.0,106.0,1992,Bill Cartwright-1992,0.0,Not Selected,Center,CHI,0.06052393857271906
1991-92,Terry Catledge,catlete01,PF,28,ORL,78,67,2430,9.2,18.6,0.496,0.0,0.1,0.0,9.2,18.5,0.498,4.8,7.0,0.6940000000000001,5.2,5.9,11.1,2.2,1.2,0.3,2.8,3.9,23.3,110.0,112.0,1992,Terry Catledge-1992,0.0,Not Selected,Forward,ORL,0.018970189701897018
1991-92,Duane Causwell,causwdu01,C,23,SAC,80,77,2291,5.3,9.6,0.5489999999999999,0.0,0.0,0.0,5.3,9.6,0.551,2.9,4.7,0.613,4.1,8.1,12.2,1.2,1.0,4.5,2.6,5.9,13.4,107.0,107.0,1992,Duane Causwell-1992,0.0,Not Selected,Center,SAC,0.026196928635953028
1991-92,Cedric Ceballos,cebalce01,SF,22,PHO,64,4,725,11.7,24.3,0.48200000000000004,0.1,0.4,0.16699999999999998,11.7,23.9,0.48700000000000004,7.3,9.9,0.736,4.0,6.1,10.1,3.3,1.1,0.7,4.7,3.5,30.8,104.0,108.0,1992,Cedric Ceballos-1992,0.0,Not Selected,Forward,PHO,0.04787714543812105
1991-92,Tom Chambers,chambto01,PF,32,PHO,69,66,1948,10.6,24.5,0.431,0.4,1.2,0.36700000000000005,10.1,23.3,0.434,6.4,7.7,0.83,2.1,7.8,9.9,3.5,1.4,0.9,2.6,4.9,28.0,106.0,106.0,1992,Tom Chambers-1992,0.0,Not Selected,Forward,PHO,0.04787714543812105
1991-92,Rex Chapman,chapmre01,PG-SG,24,TOT,22,11,567,9.4,21.0,0.44799999999999995,0.7,2.4,0.276,8.8,18.6,0.47100000000000003,3.0,4.4,0.679,0.8,4.0,4.8,7.4,1.3,0.7,3.8,4.3,22.5,98.0,113.0,1992,Rex Chapman-1992,0.0,Not Selected,Guard,TOT,0.03333333333333333
1991-92,Maurice Cheeks,cheekma01,PG,35,ATL,56,0,1086,5.2,11.2,0.462,0.1,0.3,0.5,5.1,11.0,0.461,1.2,1.9,0.605,1.3,3.0,4.3,8.4,3.7,0.0,1.6,3.3,11.7,112.0,108.0,1992,Maurice Cheeks-1992,0.0,Not Selected,Guard,ATL,0.03432700993676603
1991-92,Pete Chilcutt,chilcpe01,PF,23,SAC,69,2,817,6.7,14.7,0.452,0.1,0.1,1.0,6.5,14.6,0.44799999999999995,1.4,1.7,0.821,4.6,6.4,11.0,2.2,1.9,1.0,2.4,4.1,14.8,100.0,110.0,1992,Pete Chilcutt-1992,0.0,Not Selected,Forward,SAC,0.026196928635953028
1991-92,Derrick Coleman,colemde01,PF,24,NJN,65,58,2207,10.7,21.3,0.504,0.5,1.7,0.303,10.2,19.6,0.522,6.7,8.7,0.763,4.5,9.2,13.7,4.6,1.2,2.2,5.5,3.7,28.6,108.0,107.0,1992,Derrick Coleman-1992,0.0,Not Selected,Forward,BRK,0.036133694670280034
1991-92,Bimbo Coles,colesbi01,PG,23,MIA,81,28,1976,7.3,16.1,0.455,0.2,1.3,0.192,7.1,14.8,0.47700000000000004,5.4,6.5,0.8240000000000001,1.7,3.0,4.7,9.1,1.8,0.3,4.2,3.8,20.3,108.0,113.0,1992,Bimbo Coles-1992,0.0,Not Selected,Guard,MIA,0.03432700993676603
1991-92,Marty Conlon,conloma01,C,24,SEA,45,1,381,6.3,13.3,0.475,0.0,0.0,0.0,6.3,13.3,0.475,3.2,4.2,0.75,4.4,4.8,9.1,1.6,1.2,0.9,3.6,5.3,15.9,101.0,111.0,1992,Marty Conlon-1992,0.0,Not Selected,Center,OKC,0.04245709123757904
1991-92,Lester Conner,connele01,PG,32,MIL,81,9,1420,3.6,8.5,0.431,0.0,0.2,0.0,3.6,8.2,0.444,2.9,4.1,0.7040000000000001,2.2,4.3,6.5,10.4,3.4,0.4,2.8,3.0,10.2,112.0,109.0,1992,Lester Conner-1992,0.0,Not Selected,Guard,MIL,0.028003613369467027
1991-92,Anthony Cook,cookan01,PF,24,DEN,22,0,115,6.4,10.6,0.6,0.0,0.0,0.0,6.4,10.6,0.6,1.7,2.5,0.667,5.5,8.9,14.4,0.8,2.1,1.7,1.3,4.2,14.4,128.0,106.0,1992,Anthony Cook-1992,0.0,Not Selected,Forward,DEN,0.02168021680216802
1991-92,Wayne Cooper,coopewa01,C,35,POR,35,0,344,4.9,11.6,0.42700000000000005,0.0,0.0,0.0,4.9,11.6,0.42700000000000005,1.0,1.6,0.636,5.4,8.9,14.2,3.0,0.6,3.8,2.1,8.0,10.9,103.0,102.0,1992,Wayne Cooper-1992,0.0,Not Selected,Center,POR,0.051490514905149054
1991-92,Tom Copa,copato01,C,27,SAS,33,1,132,8.3,15.1,0.55,0.0,0.0,0.0,8.3,15.1,0.55,1.5,4.9,0.308,5.3,8.3,13.6,1.1,0.8,2.3,3.0,11.0,18.1,101.0,104.0,1992,Tom Copa-1992,0.0,Not Selected,Center,SAS,0.04245709123757904
1991-92,Lanard Copeland,copella01,SG,26,LAC,10,0,48,7.3,23.8,0.304,0.0,2.1,0.0,7.3,21.8,0.33299999999999996,2.1,2.1,1.0,1.0,6.2,7.3,5.2,2.1,0.0,4.1,5.2,16.6,73.0,106.0,1992,Lanard Copeland-1992,0.0,Not Selected,Guard,LAC,0.04065040650406504
1991-92,Tyrone Corbin,corbity01,SF,29,TOT,80,9,2207,6.9,14.4,0.48100000000000004,0.0,0.1,0.0,6.9,14.3,0.484,4.0,4.6,0.866,3.7,7.0,10.8,3.2,1.9,0.5,2.2,4.4,17.8,113.0,107.0,1992,Tyrone Corbin-1992,0.0,Not Selected,Forward,TOT,0.03333333333333333
1991-92,Chris Corchiani,corchch01,PG,23,ORL,51,1,741,5.1,12.8,0.39899999999999997,0.7,2.4,0.27,4.4,10.3,0.429,6.0,6.9,0.875,1.2,4.0,5.2,9.3,3.0,0.1,4.9,6.2,16.9,102.0,110.0,1992,Chris Corchiani-1992,0.0,Not Selected,Guard,ORL,0.018970189701897018
1991-92,Corey Crowder,crowdco01,SF,22,UTA,51,0,328,6.6,17.2,0.384,2.0,4.6,0.433,4.6,12.6,0.366,2.3,2.8,0.833,2.5,3.8,6.3,2.6,1.1,0.3,2.0,5.4,17.5,102.0,110.0,1992,Corey Crowder-1992,0.0,Not Selected,Forward,UTA,0.04968383017163505
1991-92,Terry Cummings,cummite01,PF,30,SAS,70,67,2149,11.9,24.5,0.488,0.1,0.3,0.385,11.8,24.1,0.489,4.1,5.8,0.711,5.7,8.9,14.7,2.4,1.3,0.8,2.7,4.9,28.1,110.0,104.0,1992,Terry Cummings-1992,0.0,Not Selected,Forward,SAS,0.04245709123757904
1991-92,Dell Curry,curryde01,SG,27,CHH,77,0,2020,11.8,24.3,0.486,1.7,4.3,0.40399999999999997,10.1,20.0,0.503,3.0,3.6,0.836,1.3,4.7,6.1,4.1,2.2,0.5,3.1,3.6,28.3,106.0,111.0,1992,Dell Curry-1992,0.0,Not Selected,Guard,CHO,0.028003613369467027
1991-92,Quintin Dailey,dailequ01,SG,31,SEA,11,1,98,4.6,19.0,0.243,0.0,0.5,0.0,4.6,18.5,0.25,6.7,8.2,0.813,1.0,5.1,6.2,2.1,2.6,0.5,5.1,3.1,15.9,72.0,109.0,1992,Quintin Dailey-1992,0.0,Not Selected,Guard,OKC,0.04245709123757904
1991-92,Brad Daugherty,daughbr01,C,26,CLE,73,73,2643,11.0,19.3,0.57,0.0,0.0,0.0,11.0,19.3,0.5710000000000001,7.9,10.2,0.777,3.7,10.9,14.5,5.0,1.2,1.5,3.5,3.6,29.9,122.0,106.0,1992,Brad Daugherty-1992,3.0,3rd,Center,CLE,0.051490514905149054
1991-92,Brad Davis,davisbr01,PG,36,DAL,33,0,429,4.5,10.2,0.442,0.6,2.1,0.278,3.9,8.1,0.485,1.3,1.8,0.733,0.5,3.4,3.9,7.8,1.3,0.4,3.2,6.8,10.9,98.0,114.0,1992,Brad Davis-1992,0.0,Not Selected,Guard,DAL,0.01987353206865402
1991-92,Dale Davis,davisda01,PF,22,IND,64,23,1301,5.7,10.4,0.552,0.0,0.0,0.0,5.7,10.4,0.5539999999999999,3.2,5.7,0.5720000000000001,5.9,9.4,15.3,1.1,1.0,2.8,1.8,7.1,14.7,118.0,107.0,1992,Dale Davis-1992,0.0,Not Selected,Forward,IND,0.036133694670280034
1991-92,Terry Davis,daviste01,PF,24,DAL,68,67,2149,6.1,12.6,0.48200000000000004,0.0,0.1,0.0,6.1,12.4,0.48700000000000004,4.3,6.7,0.635,5.4,10.5,15.9,1.3,0.6,0.7,2.8,4.8,16.4,106.0,110.0,1992,Terry Davis-1992,0.0,Not Selected,Forward,DAL,0.01987353206865402
1991-92,Walter Davis,daviswa03,SF,37,DEN,46,0,741,12.2,26.5,0.45899999999999996,0.3,1.1,0.313,11.8,25.4,0.465,5.4,6.2,0.872,1.3,3.3,4.6,4.5,1.9,0.1,3.0,4.5,30.0,108.0,111.0,1992,Walter Davis-1992,0.0,Not Selected,Forward,DEN,0.02168021680216802
1991-92,Johnny Dawkins,dawkijo01,PG,28,PHI,82,82,2815,7.2,16.4,0.43700000000000006,0.7,1.8,0.35600000000000004,6.5,14.6,0.447,3.0,3.4,0.882,0.8,3.4,4.1,10.3,1.6,0.1,3.3,2.9,18.0,107.0,113.0,1992,Johnny Dawkins-1992,0.0,Not Selected,Guard,PHI,0.031616982836495035
1991-92,Bison Dele,delebi01,PF,22,ORL,48,2,905,9.3,17.5,0.528,0.0,0.0,0.0,9.3,17.5,0.528,5.1,7.7,0.669,6.2,8.5,14.7,1.8,2.2,2.9,4.7,7.5,23.6,105.0,106.0,1992,Bison Dele-1992,0.0,Not Selected,Forward,ORL,0.018970189701897018
1991-92,Vlade Divac,divacvl01,C,23,LAL,36,18,979,8.3,16.8,0.495,0.3,1.0,0.263,8.1,15.8,0.51,4.6,5.9,0.768,4.6,8.5,13.1,3.2,2.9,1.9,4.7,6.0,21.5,103.0,104.0,1992,Vlade Divac-1992,0.0,Not Selected,Center,LAL,0.03884372177055104
1991-92,James Donaldson,donalja01,C,34,TOT,58,32,1075,5.3,11.6,0.457,0.0,0.0,0.0,5.3,11.6,0.457,2.9,4.1,0.7090000000000001,4.7,9.0,13.7,1.6,0.4,2.3,2.3,4.9,13.5,104.0,110.0,1992,James Donaldson-1992,0.0,Not Selected,Center,TOT,0.03333333333333333
1991-92,Sherman Douglas,douglsh01,PG,25,TOT,42,2,752,7.8,16.8,0.462,0.1,0.7,0.1,7.7,16.2,0.47700000000000004,4.9,7.1,0.682,0.9,3.3,4.2,11.4,1.7,0.6,4.5,5.2,20.5,104.0,110.0,1992,Sherman Douglas-1992,0.0,Not Selected,Guard,TOT,0.03333333333333333
1991-92,Greg Dreiling,dreilgr01,C,29,IND,60,23,509,4.1,8.3,0.494,0.1,0.1,1.0,4.0,8.2,0.488,2.9,3.8,0.75,2.1,7.0,9.1,2.4,1.0,1.5,3.0,11.7,11.1,100.0,110.0,1992,Greg Dreiling-1992,0.0,Not Selected,Center,IND,0.036133694670280034
1991-92,Clyde Drexler,drexlcl01,SG,29,POR,76,76,2751,12.2,26.0,0.47,2.0,6.0,0.337,10.2,20.1,0.51,7.1,8.9,0.794,2.9,5.9,8.8,9.0,2.4,1.2,4.2,4.0,33.5,117.0,103.0,1992,Clyde Drexler-1992,1.0,1st,Guard,POR,0.051490514905149054
1991-92,Kevin Duckworth,duckwke01,C,27,POR,82,82,2222,7.9,17.2,0.461,0.0,0.1,0.0,7.9,17.1,0.462,3.4,4.9,0.69,3.3,7.6,10.8,2.2,0.8,0.8,3.1,5.8,19.2,101.0,106.0,1992,Kevin Duckworth-1992,0.0,Not Selected,Center,POR,0.051490514905149054
1991-92,Chris Dudley,dudlech02,C,26,NJN,82,21,1902,4.9,12.2,0.40299999999999997,0.0,0.0,0.0,4.9,12.2,0.40299999999999997,2.1,4.4,0.46799999999999997,8.8,10.2,19.0,1.5,1.0,4.6,2.0,7.1,11.8,103.0,105.0,1992,Chris Dudley-1992,0.0,Not Selected,Center,BRK,0.036133694670280034
1991-92,Joe Dumars,dumarjo01,SG,28,DET,82,82,3192,9.6,21.5,0.44799999999999995,0.8,2.0,0.408,8.8,19.6,0.452,6.8,7.8,0.867,1.3,1.7,3.1,6.2,1.2,0.2,3.2,2.4,26.8,113.0,110.0,1992,Joe Dumars-1992,0.0,Not Selected,Guard,DET,0.04336043360433604
1991-92,Ledell Eackles,eacklle01,SG,25,WSB,65,25,1463,11.9,25.5,0.46799999999999997,0.2,1.2,0.2,11.7,24.3,0.48100000000000004,4.7,6.3,0.743,1.3,4.7,6.0,4.2,1.6,0.2,2.5,4.9,28.7,104.0,110.0,1992,Ledell Eackles-1992,0.0,Not Selected,Guard,WAS,0.022583559168925023
1991-92,Mark Eaton,eatonma01,C,35,UTA,81,81,2023,2.7,6.0,0.446,0.0,0.0,0.0,2.7,6.0,0.446,1.3,2.2,0.598,3.7,8.5,12.2,1.0,0.9,5.1,1.5,5.9,6.6,103.0,102.0,1992,Mark Eaton-1992,0.0,Not Selected,Center,UTA,0.04968383017163505
1991-92,Patrick Eddie,eddiepa01,C,24,NYK,4,0,13,7.9,35.8,0.222,0.0,0.0,0.0,7.9,35.8,0.222,0.0,0.0,0.0,0.0,4.0,4.0,0.0,0.0,0.0,0.0,11.9,15.9,55.0,110.0,1992,Patrick Eddie-1992,0.0,Not Selected,Center,NYK,0.04607046070460705
1991-92,Blue Edwards,edwarbl01,SF,26,UTA,81,81,2283,9.5,18.3,0.522,0.9,2.3,0.379,8.7,16.0,0.542,2.5,3.2,0.774,1.9,4.7,6.6,3.0,1.8,1.0,2.7,5.2,22.4,110.0,107.0,1992,Blue Edwards-1992,0.0,Not Selected,Forward,UTA,0.04968383017163505
1991-92,James Edwards,edwarja01,C,36,LAC,72,11,1437,8.7,18.6,0.465,0.0,0.0,0.0,8.7,18.6,0.466,6.9,9.4,0.731,1.9,5.1,7.0,1.8,0.8,1.1,2.5,8.2,24.2,107.0,108.0,1992,James Edwards-1992,0.0,Not Selected,Center,LAC,0.04065040650406504
1991-92,Kevin Edwards,edwarke01,PG,26,MIA,81,1,1840,8.7,19.1,0.45399999999999996,0.2,0.9,0.21899999999999997,8.5,18.3,0.465,4.3,5.1,0.848,1.5,4.1,5.6,4.5,2.6,0.5,3.2,3.7,21.9,104.0,110.0,1992,Kevin Edwards-1992,0.0,Not Selected,Guard,MIA,0.03432700993676603
1991-92,Craig Ehlo,ehlocr01,SG,30,CLE,63,62,2016,7.8,17.1,0.45299999999999996,1.7,4.2,0.413,6.0,13.0,0.466,2.2,3.1,0.7070000000000001,2.4,5.3,7.7,6.0,2.0,0.6,2.6,3.8,19.5,108.0,109.0,1992,Craig Ehlo-1992,0.0,Not Selected,Guard,CLE,0.051490514905149054
1991-92,Mario Elie,eliema01,SG,28,GSW,79,32,1677,6.1,11.7,0.521,0.6,1.9,0.32899999999999996,5.5,9.8,0.5589999999999999,4.3,5.0,0.852,1.9,4.4,6.3,4.8,1.9,0.4,2.3,4.4,17.2,123.0,111.0,1992,Mario Elie-1992,0.0,Not Selected,Guard,GSW,0.04968383017163505
1991-92,Sean Elliott,elliose01,SF,23,SAS,82,82,3120,8.2,16.6,0.494,0.4,1.3,0.305,7.8,15.3,0.51,4.6,5.3,0.861,2.3,4.7,7.0,3.4,1.3,0.5,2.4,2.4,21.4,115.0,108.0,1992,Sean Elliott-1992,0.0,Not Selected,Forward,SAS,0.04245709123757904
1991-92,Dale Ellis,ellisda01,SF,31,MIL,81,11,2191,11.1,23.7,0.469,3.2,7.5,0.419,8.0,16.2,0.49200000000000005,3.8,4.9,0.774,2.1,3.7,5.8,2.4,1.3,0.4,2.7,3.5,29.2,114.0,114.0,1992,Dale Ellis-1992,0.0,Not Selected,Forward,MIL,0.028003613369467027
1991-92,LeRon Ellis,ellisle02,C,22,LAC,29,0,103,8.2,24.1,0.34,0.0,0.0,0.0,8.2,24.1,0.34,4.3,9.2,0.474,5.8,5.8,11.6,0.5,2.9,4.3,5.3,5.3,20.8,75.0,101.0,1992,LeRon Ellis-1992,0.0,Not Selected,Center,LAC,0.04065040650406504
1991-92,Pervis Ellison,ellispe01,C,24,WSB,66,64,2511,10.7,19.8,0.539,0.0,0.1,0.33299999999999996,10.7,19.8,0.54,4.4,6.1,0.728,4.2,10.2,14.5,3.7,1.2,3.5,3.8,4.3,25.9,109.0,104.0,1992,Pervis Ellison-1992,0.0,Not Selected,Center,WAS,0.022583559168925023
1991-92,A.J. English,engliaj01,SG,24,WSB,81,6,1665,10.8,25.0,0.433,0.2,1.0,0.17600000000000002,10.6,24.0,0.44299999999999995,4.4,5.2,0.841,2.2,2.8,5.0,4.2,0.9,0.3,2.6,4.7,26.1,100.0,113.0,1992,A.J. English-1992,0.0,Not Selected,Guard,WAS,0.022583559168925023
1991-92,Patrick Ewing,ewingpa01,C,29,NYK,82,82,3150,13.0,25.0,0.522,0.0,0.1,0.16699999999999998,13.0,24.9,0.523,6.2,8.4,0.738,3.7,11.4,15.1,2.6,1.4,4.0,3.4,4.5,32.3,112.0,98.0,1992,Patrick Ewing-1992,2.0,2nd,Center,NYK,0.04607046070460705
1991-92,Dave Feitl,feitlda01,C,29,NJN,34,0,175,9.2,21.6,0.429,0.0,0.0,0.0,9.2,21.6,0.429,4.5,5.3,0.8420000000000001,5.9,11.2,17.1,1.7,0.6,0.8,5.3,6.2,23.0,95.0,108.0,1992,Dave Feitl-1992,0.0,Not Selected,Center,BRK,0.036133694670280034
1991-92,Duane Ferrell,ferredu01,SF,26,ATL,66,12,1598,10.2,19.4,0.524,0.3,1.0,0.33299999999999996,9.8,18.4,0.534,5.1,6.7,0.7609999999999999,3.2,3.2,6.4,2.8,1.5,0.5,3.0,4.1,25.8,113.0,112.0,1992,Duane Ferrell-1992,0.0,Not Selected,Forward,ATL,0.03432700993676603
1991-92,Danny Ferry,ferryda01,PF,25,CLE,68,1,937,7.2,17.7,0.409,0.9,2.6,0.354,6.3,15.1,0.418,3.3,3.9,0.836,2.9,8.6,11.5,4.0,1.2,0.8,2.5,7.3,18.7,102.0,108.0,1992,Danny Ferry-1992,0.0,Not Selected,Forward,CLE,0.051490514905149054
1991-92,Vern Fleming,flemive01,PG,29,IND,82,6,1737,8.2,17.0,0.48200000000000004,0.2,0.8,0.222,8.0,16.3,0.494,3.7,5.0,0.737,1.9,3.9,5.8,7.4,1.6,0.2,3.9,3.7,20.3,105.0,112.0,1992,Vern Fleming-1992,0.0,Not Selected,Guard,IND,0.036133694670280034
1991-92,Sleepy Floyd,floydsl01,PG,31,HOU,82,3,1662,8.7,21.4,0.406,1.1,3.7,0.301,7.6,17.6,0.429,4.1,5.2,0.794,1.0,3.5,4.6,7.3,1.7,0.6,3.9,3.9,22.6,98.0,111.0,1992,Sleepy Floyd-1992,0.0,Not Selected,Guard,HOU,0.037940379403794036
1991-92,Greg Foster,fostegr01,PF,23,WSB,49,3,548,8.0,17.3,0.461,0.0,0.1,0.0,8.0,17.2,0.46399999999999997,3.1,4.4,0.7140000000000001,3.9,9.1,13.0,3.1,0.5,1.1,3.2,7.4,19.1,99.0,108.0,1992,Greg Foster-1992,0.0,Not Selected,Forward,WAS,0.022583559168925023
1991-92,Rick Fox,foxri01,SF,22,BOS,81,5,1535,7.9,17.1,0.45899999999999996,0.8,2.3,0.32899999999999996,7.1,14.9,0.479,4.5,6.0,0.755,2.4,4.8,7.2,4.1,2.5,1.0,4.0,7.5,21.0,102.0,106.0,1992,Rick Fox-1992,0.0,Not Selected,Forward,BOS,0.04607046070460705
1991-92,Tellis Frank,frankte01,PF,26,MIN,10,0,140,6.5,11.9,0.545,0.0,0.0,0.0,6.5,11.9,0.545,3.6,5.4,0.667,2.9,6.5,9.4,2.9,1.8,1.4,1.8,8.7,16.6,117.0,111.0,1992,Tellis Frank-1992,0.0,Not Selected,Forward,MIN,0.013550135501355014
1991-92,Anthony Frederick,fredean01,SF,27,CHH,66,26,852,8.9,20.5,0.435,0.2,0.9,0.235,8.7,19.6,0.445,3.5,5.1,0.685,4.2,3.8,8.0,3.9,2.2,1.4,3.2,5.0,21.6,99.0,111.0,1992,Anthony Frederick-1992,0.0,Not Selected,Forward,CHO,0.028003613369467027
1991-92,Kevin Gamble,gamblke01,SF,26,BOS,82,77,2496,9.6,18.2,0.529,0.2,0.6,0.29,9.5,17.6,0.537,2.8,3.2,0.885,1.6,4.1,5.7,4.4,1.5,0.7,1.9,4.0,22.2,117.0,109.0,1992,Kevin Gamble-1992,0.0,Not Selected,Forward,BOS,0.04607046070460705
1991-92,Winston Garland,garlawi01,PG,27,DEN,78,67,2209,7.3,16.5,0.444,0.2,0.6,0.321,7.1,15.9,0.449,3.8,4.4,0.8590000000000001,1.5,2.7,4.2,9.1,2.2,0.5,3.9,4.5,18.7,105.0,111.0,1992,Winston Garland-1992,0.0,Not Selected,Guard,DEN,0.02168021680216802
1991-92,Tom Garrick,garrito01,SG,25,TOT,40,5,549,5.4,13.1,0.413,0.1,0.4,0.25,5.3,12.7,0.41700000000000004,1.6,2.4,0.6920000000000001,1.1,4.0,5.1,8.9,3.3,0.4,4.0,4.9,12.5,91.0,106.0,1992,Tom Garrick-1992,0.0,Not Selected,Guard,TOT,0.03333333333333333
1991-92,Chris Gatling,gatlich01,PF,24,GSW,54,1,612,8.9,15.6,0.568,0.0,0.3,0.0,8.9,15.3,0.579,5.5,8.3,0.6609999999999999,5.7,8.1,13.8,1.2,2.4,2.7,3.3,7.7,23.2,116.0,106.0,1992,Chris Gatling-1992,0.0,Not Selected,Forward,GSW,0.04968383017163505
1991-92,Kenny Gattison,gattike01,PF,27,CHH,82,71,2223,9.0,17.0,0.529,0.0,0.0,0.0,9.0,16.9,0.531,4.2,6.1,0.688,3.8,8.6,12.3,2.8,1.3,1.5,3.0,5.8,22.1,110.0,110.0,1992,Kenny Gattison-1992,0.0,Not Selected,Forward,CHO,0.028003613369467027
1991-92,Tate George,georgta01,SG,23,NJN,70,2,1037,7.8,18.2,0.42700000000000005,0.0,0.3,0.16699999999999998,7.7,18.0,0.43200000000000005,4.1,5.0,0.821,1.7,3.3,5.0,7.7,1.9,0.1,3.9,4.6,19.7,103.0,112.0,1992,Tate George-1992,0.0,Not Selected,Guard,BRK,0.036133694670280034
1991-92,Kendall Gill,gillke01,SG,23,CHH,79,79,2906,10.8,23.2,0.467,0.1,0.4,0.24,10.7,22.8,0.47100000000000003,4.6,6.2,0.745,2.7,3.9,6.5,5.3,2.5,0.7,2.9,3.9,26.4,106.0,111.0,1992,Kendall Gill-1992,0.0,Not Selected,Guard,CHO,0.028003613369467027
1991-92,Armen Gilliam,gilliar01,PF,27,PHI,81,81,2771,9.5,18.5,0.511,0.0,0.0,0.0,9.5,18.5,0.513,6.3,7.9,0.807,4.3,7.9,12.2,2.2,0.9,1.6,3.1,3.3,25.3,115.0,110.0,1992,Armen Gilliam-1992,0.0,Not Selected,Forward,PHI,0.031616982836495035
1991-92,Gerald Glass,glassge01,SF,24,MIN,75,41,1822,10.6,24.1,0.44,0.4,1.5,0.29600000000000004,10.2,22.6,0.449,2.1,3.5,0.616,3.0,4.2,7.2,4.8,1.8,0.8,2.9,4.7,23.8,98.0,113.0,1992,Gerald Glass-1992,0.0,Not Selected,Forward,MIN,0.013550135501355014
1991-92,Mike Gminski,gminsmi01,C,32,CHH,35,10,499,8.5,18.8,0.452,0.1,0.3,0.33299999999999996,8.4,18.5,0.45399999999999996,2.0,2.6,0.75,3.5,7.7,11.2,2.9,1.0,1.5,1.9,3.5,19.1,103.0,111.0,1992,Mike Gminski-1992,0.0,Not Selected,Center,CHO,0.028003613369467027
1991-92,Dan Godfread,godfrda01,C,24,HOU,1,0,2,0.0,0.0,0.0,0.0,0.0,0.0,0.0,0.0,0.0,0.0,0.0,0.0,0.0,0.0,0.0,0.0,0.0,0.0,0.0,0.0,0.0,0.0,118.0,1992,Dan Godfread-1992,0.0,Not Selected,Center,HOU,0.037940379403794036
1991-92,Paul Graham,grahapa01,SG,24,ATL,78,9,1718,8.7,19.5,0.447,1.6,4.0,0.39,7.1,15.4,0.462,3.6,4.9,0.741,2.1,4.5,6.6,5.0,2.7,0.6,2.6,5.5,22.6,109.0,109.0,1992,Paul Graham-1992,0.0,Not Selected,Guard,ATL,0.03432700993676603
1991-92,Ron Grandison,grandro01,PF,27,CHH,3,0,25,3.8,7.6,0.5,0.0,0.0,0.0,3.8,7.6,0.5,11.3,18.9,0.6,5.7,15.1,20.8,1.9,1.9,1.9,5.7,7.6,18.9,101.0,103.0,1992,Ron Grandison-1992,0.0,Not Selected,Forward,CHO,0.028003613369467027
1991-92,Gary Grant,grantga01,PG,26,LAC,78,53,2049,6.7,14.4,0.462,0.4,1.2,0.294,6.3,13.2,0.478,1.1,1.3,0.815,0.8,3.6,4.5,13.1,3.3,0.3,4.5,4.4,14.8,100.0,105.0,1992,Gary Grant-1992,0.0,Not Selected,Guard,LAC,0.04065040650406504
1991-92,Greg Grant,grantgr01,PG,25,TOT,68,0,891,5.7,12.9,0.44,0.4,1.0,0.389,5.3,11.8,0.444,1.1,1.4,0.833,0.8,3.1,3.9,12.4,2.6,0.1,2.6,4.3,12.9,109.0,111.0,1992,Greg Grant-1992,0.0,Not Selected,Guard,TOT,0.03333333333333333
1991-92,Harvey Grant,grantha01,SF,26,WSB,64,60,2388,10.1,21.0,0.478,0.0,0.2,0.125,10.0,20.9,0.48100000000000004,3.6,4.5,0.8,3.2,5.7,8.9,3.5,1.5,0.6,2.2,3.7,23.8,107.0,110.0,1992,Harvey Grant-1992,0.0,Not Selected,Forward,WAS,0.022583559168925023
1991-92,Horace Grant,grantho01,PF,26,CHI,81,81,2859,8.1,14.0,0.578,0.0,0.0,0.0,8.1,14.0,0.58,4.2,5.6,0.741,6.1,8.2,14.4,3.9,1.8,2.3,1.7,3.5,20.4,132.0,102.0,1992,Horace Grant-1992,0.0,Not Selected,Forward,CHI,0.06052393857271906
1991-92,Jeff Grayer,grayeje01,SG,26,MIL,82,11,1659,9.4,20.9,0.44799999999999995,0.6,2.0,0.28800000000000003,8.8,18.9,0.465,3.1,4.6,0.667,3.9,3.9,7.8,4.5,1.9,0.4,3.2,4.3,22.4,104.0,113.0,1992,Jeff Grayer-1992,0.0,Not Selected,Guard,MIL,0.028003613369467027
1991-92,A.C. Green,greenac01,PF,28,LAL,82,53,2902,6.8,14.4,0.47600000000000003,0.2,1.0,0.214,6.6,13.4,0.495,6.1,8.2,0.7440000000000001,5.5,8.2,13.6,2.1,1.6,0.6,2.0,2.5,20.0,119.0,108.0,1992,A.C. Green-1992,0.0,Not Selected,Forward,LAL,0.03884372177055104
1991-92,Rickey Green,greenri01,PG,37,BOS,26,0,367,6.3,14.1,0.447,0.1,0.5,0.25,6.1,13.5,0.455,1.8,2.5,0.722,0.4,2.9,3.3,9.3,2.3,0.1,2.5,3.8,14.5,105.0,109.0,1992,Rickey Green-1992,0.0,Not Selected,Guard,BOS,0.04607046070460705
1991-92,Sean Green,greense01,SG,21,IND,35,0,256,11.7,29.9,0.392,0.4,1.9,0.2,11.4,28.0,0.405,2.8,5.3,0.536,4.2,3.8,8.0,4.2,2.5,1.1,5.1,5.9,26.7,85.0,110.0,1992,Sean Green-1992,0.0,Not Selected,Guard,IND,0.036133694670280034
1991-92,Sidney Green,greensi02,PF,31,SAS,80,1,1127,6.5,15.2,0.42700000000000005,0.0,0.0,0.0,6.5,15.2,0.42700000000000005,3.2,3.9,0.82,4.1,11.1,15.1,1.6,1.3,0.5,2.7,6.6,16.2,99.0,103.0,1992,Sidney Green-1992,0.0,Not Selected,Forward,SAS,0.04245709123757904
1991-92,Jack Haley,haleyja01,C,28,LAL,49,9,394,4.1,11.1,0.369,0.0,0.0,0.0,4.1,11.1,0.369,1.8,3.8,0.483,4.1,8.4,12.5,0.9,0.9,1.1,3.3,9.9,10.0,80.0,109.0,1992,Jack Haley-1992,0.0,Not Selected,Center,LAL,0.03884372177055104
1991-92,Tom Hammonds,hammoto01,PF,24,WSB,37,19,984,9.7,20.0,0.488,0.0,0.0,0.0,9.7,19.9,0.489,2.5,4.1,0.61,2.4,6.8,9.2,1.8,1.1,0.6,2.9,5.9,22.0,97.0,109.0,1992,Tom Hammonds-1992,0.0,Not Selected,Forward,WAS,0.022583559168925023
1991-92,Bob Hansen,hansebo01,SG,31,TOT,68,2,809,5.0,11.2,0.444,0.4,1.7,0.259,4.5,9.5,0.47700000000000004,0.5,1.4,0.364,1.1,3.8,4.8,4.3,1.7,0.2,1.8,8.4,10.8,99.0,107.0,1992,Bob Hansen-1992,0.0,Not Selected,Guard,TOT,0.03333333333333333
1991-92,Tim Hardaway,hardati01,PG,25,GSW,81,81,3332,10.2,22.2,0.461,1.8,5.2,0.33799999999999997,8.5,16.9,0.499,4.2,5.4,0.7659999999999999,1.1,3.2,4.3,11.2,2.3,0.2,3.7,2.9,26.4,114.0,112.0,1992,Tim Hardaway-1992,2.0,2nd,Guard,GSW,0.04968383017163505
1991-92,Derek Harper,harpede01,PG,30,DAL,65,64,2252,10.1,22.8,0.44299999999999995,1.3,4.2,0.312,8.8,18.6,0.473,4.5,5.9,0.759,1.1,2.7,3.8,8.4,2.3,0.4,3.5,3.4,26.0,107.0,112.0,1992,Derek Harper-1992,0.0,Not Selected,Guard,DAL,0.01987353206865402
1991-92,Ron Harper,harpero01,SG,28,LAC,82,82,3144,9.0,20.4,0.44,1.0,3.3,0.303,8.0,17.1,0.467,4.6,6.3,0.736,1.9,5.2,7.1,6.6,2.4,1.1,4.0,3.1,23.6,102.0,105.0,1992,Ron Harper-1992,0.0,Not Selected,Guard,LAC,0.04065040650406504
1991-92,Scott Hastings,hastisc01,C,31,DEN,40,4,421,2.0,5.8,0.34,0.0,1.0,0.0,2.0,4.7,0.415,2.8,3.2,0.857,3.5,7.9,11.3,3.0,1.2,1.7,2.5,6.5,6.7,96.0,108.0,1992,Scott Hastings-1992,0.0,Not Selected,Center,DEN,0.02168021680216802
1991-92,Hersey Hawkins,hawkihe01,SG,25,PHI,81,81,3013,8.9,19.2,0.462,1.5,3.9,0.397,7.3,15.3,0.479,6.8,7.8,0.8740000000000001,0.9,3.7,4.6,4.2,2.7,0.7,3.2,3.0,26.1,114.0,110.0,1992,Hersey Hawkins-1992,0.0,Not Selected,Guard,PHI,0.031616982836495035
1991-92,Gerald Henderson,hendege01,PG,36,TOT,16,0,96,6.5,17.2,0.375,1.6,4.3,0.375,4.8,12.9,0.375,4.8,5.9,0.818,0.5,3.8,4.3,5.4,1.6,0.0,4.3,6.5,19.4,95.0,109.0,1992,Gerald Henderson-1992,0.0,Not Selected,Guard,TOT,0.03333333333333333
1991-92,Steve Henson,hensost01,PG,23,MIL,50,1,386,6.8,18.7,0.361,3.0,6.2,0.479,3.8,12.5,0.302,3.0,3.8,0.7929999999999999,2.2,3.1,5.3,10.7,2.0,0.1,5.2,6.5,19.5,101.0,113.0,1992,Steve Henson-1992,0.0,Not Selected,Guard,MIL,0.028003613369467027
1991-92,Carl Herrera,herreca01,PF,25,HOU,43,7,566,7.4,14.4,0.516,0.0,0.1,0.0,7.4,14.3,0.519,2.2,3.9,0.568,2.9,5.9,8.8,2.4,1.4,2.2,3.3,5.3,17.0,99.0,108.0,1992,Carl Herrera-1992,0.0,Not Selected,Forward,HOU,0.037940379403794036
1991-92,Rod Higgins,higgiro01,SF,32,GSW,25,6,535,7.5,18.3,0.41200000000000003,2.9,8.2,0.34700000000000003,4.7,10.1,0.466,4.2,5.1,0.8140000000000001,2.6,4.8,7.4,1.9,1.3,1.1,1.3,6.5,22.1,118.0,112.0,1992,Rod Higgins-1992,0.0,Not Selected,Forward,GSW,0.04968383017163505
1991-92,Sean Higgins,higgise01,PF-SF,23,TOT,38,12,616,10.1,22.0,0.45799999999999996,0.5,2.0,0.24,9.6,20.1,0.48,2.5,2.9,0.861,2.3,5.8,8.1,3.3,1.3,0.5,3.3,4.6,23.2,99.0,111.0,1992,Sean Higgins-1992,0.0,Not Selected,Forward,TOT,0.03333333333333333
1991-92,Tyrone Hill,hillty01,C,23,GSW,82,75,1886,6.3,12.0,0.522,0.0,0.0,0.0,6.3,12.0,0.523,4.0,5.8,0.6940000000000001,4.5,10.1,14.6,1.2,1.8,1.1,2.6,7.8,16.5,112.0,107.0,1992,Tyrone Hill-1992,0.0,Not Selected,Center,GSW,0.04968383017163505
1991-92,Donald Hodge,hodgedo01,PF,22,DAL,51,27,1058,7.8,15.8,0.49700000000000005,0.0,0.0,0.0,7.8,15.8,0.49700000000000005,4.8,7.2,0.667,5.7,7.5,13.2,1.9,1.2,1.1,3.6,6.2,20.5,105.0,110.0,1992,Donald Hodge-1992,0.0,Not Selected,Forward,DAL,0.01987353206865402
1991-92,Craig Hodges,hodgecr01,SG,31,CHI,56,2,555,8.5,22.2,0.384,3.3,8.8,0.375,5.2,13.4,0.39,1.5,1.6,0.941,0.6,1.6,2.2,4.9,1.3,0.1,2.0,3.0,21.8,105.0,110.0,1992,Craig Hodges-1992,0.0,Not Selected,Guard,CHI,0.06052393857271906
1991-92,Dave Hoppen,hoppeda01,C,27,PHI,11,0,40,2.6,9.0,0.28600000000000003,0.0,0.0,0.0,2.6,9.0,0.28600000000000003,6.4,12.8,0.5,1.3,11.5,12.8,2.6,0.0,0.0,3.8,7.7,11.5,76.0,110.0,1992,Dave Hoppen-1992,0.0,Not Selected,Center,PHI,0.031616982836495035
1991-92,Dennis Hopson,hopsode01,SG,26,TOT,71,0,1314,10.1,21.8,0.465,0.4,1.7,0.255,9.7,20.0,0.484,6.6,9.3,0.708,3.9,3.7,7.6,3.7,2.5,1.4,3.7,4.2,27.3,105.0,110.0,1992,Dennis Hopson-1992,0.0,Not Selected,Guard,TOT,0.03333333333333333
1991-92,Jeff Hornacek,hornaje01,SG,28,PHO,81,81,3078,10.0,19.5,0.512,1.3,3.0,0.439,8.7,16.5,0.525,4.4,4.9,0.8859999999999999,1.7,4.7,6.4,6.5,2.5,0.5,2.7,3.4,25.6,120.0,107.0,1992,Jeff Hornacek-1992,0.0,Not Selected,Guard,PHO,0.04787714543812105
1991-92,Brian Howard,howarbr01,SF,24,DAL,27,0,318,8.6,16.6,0.519,0.2,0.3,0.5,8.5,16.3,0.52,3.5,5.0,0.71,2.7,5.4,8.2,2.2,1.8,1.3,2.4,8.8,20.9,110.0,110.0,1992,Brian Howard-1992,0.0,Not Selected,Forward,DAL,0.01987353206865402
1991-92,Jay Humphries,humphja01,PG,29,MIL,71,71,2261,8.4,17.8,0.469,0.9,3.2,0.292,7.4,14.6,0.508,4.3,5.5,0.7829999999999999,1.0,3.1,4.1,10.4,2.6,0.3,3.3,4.7,22.0,115.0,112.0,1992,Jay Humphries-1992,0.0,Not Selected,Guard,MIL,0.028003613369467027
1991-92,Cedric Hunter,huntece01,PG,27,CHH,1,0,1,0.0,0.0,0.0,0.0,0.0,0.0,0.0,0.0,0.0,0.0,0.0,0.0,0.0,0.0,0.0,0.0,0.0,0.0,0.0,0.0,0.0,0.0,120.0,1992,Cedric Hunter-1992,0.0,Not Selected,Guard,CHO,0.028003613369467027
1991-92,Mike Iuzzolino,iuzzomi01,PG,24,DAL,52,21,1280,6.4,14.1,0.451,2.3,5.4,0.434,4.0,8.7,0.461,4.3,5.1,0.836,1.1,2.8,3.9,7.7,1.3,0.0,3.7,3.1,19.3,113.0,115.0,1992,Mike Iuzzolino-1992,0.0,Not Selected,Guard,DAL,0.01987353206865402
1991-92,Jaren Jackson,jacksja01,SG,24,GSW,5,0,54,9.5,19.8,0.478,0.0,0.0,0.0,9.5,19.8,0.478,3.4,5.2,0.667,4.3,4.3,8.6,2.6,1.7,0.0,3.4,6.0,22.4,103.0,112.0,1992,Jaren Jackson-1992,0.0,Not Selected,Guard,GSW,0.04968383017163505
1991-92,Mark Jackson,jacksma01,PG,26,NYK,81,81,2461,7.7,15.7,0.491,0.2,0.9,0.256,7.5,14.8,0.506,3.6,4.7,0.77,2.0,4.4,6.4,14.6,2.4,0.3,4.4,3.2,19.2,113.0,105.0,1992,Mark Jackson-1992,0.0,Not Selected,Guard,NYK,0.04607046070460705
1991-92,Dave Jamerson,jamerda01,SG,24,HOU,48,0,378,10.5,25.5,0.414,1.1,3.7,0.28600000000000003,9.5,21.8,0.436,3.3,3.6,0.9259999999999999,2.9,2.8,5.7,4.4,2.3,0.0,3.2,5.2,25.5,99.0,111.0,1992,Dave Jamerson-1992,0.0,Not Selected,Guard,HOU,0.037940379403794036
1991-92,Henry James,jameshe01,SF,26,CLE,65,5,866,9.6,23.5,0.40700000000000003,1.7,5.3,0.322,7.9,18.3,0.431,3.6,4.4,0.8029999999999999,2.0,4.5,6.5,1.5,0.9,0.6,2.5,5.5,24.4,97.0,112.0,1992,Henry James-1992,0.0,Not Selected,Forward,CLE,0.051490514905149054
1991-92,Les Jepsen,jepsele01,C,24,SAC,31,0,87,5.0,13.3,0.375,0.0,0.6,0.0,5.0,12.7,0.391,3.9,6.1,0.636,6.6,10.0,16.6,0.6,0.6,2.8,1.7,9.4,13.8,101.0,108.0,1992,Les Jepsen-1992,0.0,Not Selected,Center,SAC,0.026196928635953028
1991-92,Avery Johnson,johnsav01,PG,26,TOT,69,15,1235,6.4,13.4,0.479,0.2,0.6,0.267,6.3,12.8,0.489,2.7,4.1,0.653,0.5,2.7,3.3,10.8,2.5,0.4,4.5,3.6,15.7,100.0,109.0,1992,Avery Johnson-1992,0.0,Not Selected,Guard,TOT,0.03333333333333333
1991-92,Buck Johnson,johnsbu01,SF,28,HOU,80,69,2202,6.6,14.5,0.45799999999999996,0.0,0.2,0.111,6.6,14.3,0.46299999999999997,2.4,3.3,0.727,2.2,5.0,7.2,3.6,1.7,1.1,2.4,5.4,15.7,101.0,109.0,1992,Buck Johnson-1992,0.0,Not Selected,Forward,HOU,0.037940379403794036
1991-92,Eddie Johnson,johnsed03,SF,32,SEA,81,19,2366,11.4,24.8,0.45899999999999996,0.6,2.3,0.252,10.8,22.5,0.48,6.2,7.2,0.861,2.5,3.7,6.2,3.4,1.2,0.2,2.8,4.2,29.5,113.0,113.0,1992,Eddie Johnson-1992,0.0,Not Selected,Forward,OKC,0.04245709123757904
1991-92,Kevin Johnson,johnske02,PG,25,PHO,78,78,2899,9.0,18.7,0.479,0.2,0.8,0.217,8.8,18.0,0.49,7.5,9.2,0.807,1.0,3.8,4.9,13.9,1.9,0.4,4.5,3.0,25.6,115.0,108.0,1992,Kevin Johnson-1992,3.0,3rd,Guard,PHO,0.04787714543812105
1991-92,Larry Johnson,johnsla02,PF,22,CHH,82,77,3047,9.5,19.5,0.49,0.1,0.3,0.22699999999999998,9.5,19.2,0.494,5.3,6.3,0.8290000000000001,5.0,8.9,13.9,4.5,1.3,0.8,2.5,3.5,24.4,116.0,110.0,1992,Larry Johnson-1992,0.0,Not Selected,Forward,CHO,0.028003613369467027
1991-92,Vinnie Johnson,johnsvi01,SG,35,SAS,60,23,1350,7.5,18.4,0.405,0.7,2.2,0.317,6.8,16.2,0.41700000000000004,2.0,3.1,0.647,2.5,4.3,6.7,5.4,1.5,0.5,2.7,3.4,17.7,97.0,107.0,1992,Vinnie Johnson-1992,0.0,Not Selected,Guard,SAS,0.04245709123757904
1991-92,Charles Jones,jonesch01,C,34,WSB,75,32,1365,1.2,3.2,0.36700000000000005,0.0,0.0,0.0,1.2,3.2,0.36700000000000005,0.7,1.4,0.5,3.8,7.6,11.4,2.2,1.5,3.3,1.4,7.7,3.1,99.0,106.0,1992,Charles Jones-1992,0.0,Not Selected,Center,WAS,0.022583559168925023
1991-92,Michael Jordan,jordami01,SG,28,CHI,80,80,3102,15.5,29.8,0.519,0.4,1.6,0.27,15.0,28.2,0.5329999999999999,8.0,9.7,0.8320000000000001,1.5,6.9,8.4,8.0,3.0,1.2,3.3,3.3,39.4,121.0,102.0,1992,Michael Jordan-1992,1.0,1st,Guard,CHI,0.06052393857271906
1991-92,Shawn Kemp,kempsh01,PF,22,SEA,64,23,1808,10.1,20.0,0.504,0.0,0.1,0.0,10.1,19.9,0.506,7.5,10.0,0.748,7.3,11.2,18.5,2.4,1.9,3.5,4.3,7.3,27.7,113.0,103.0,1992,Shawn Kemp-1992,0.0,Not Selected,Forward,OKC,0.04245709123757904
1991-92,Steve Kerr,kerrst01,PG,26,CLE,48,20,847,7.2,14.1,0.511,1.9,4.4,0.43200000000000005,5.3,9.7,0.546,2.7,3.2,0.833,0.8,3.8,4.7,6.6,1.6,0.6,1.8,1.7,19.0,124.0,111.0,1992,Steve Kerr-1992,0.0,Not Selected,Guard,CLE,0.051490514905149054
1991-92,Jerome Kersey,kerseje01,SF,29,POR,77,76,2553,7.6,16.2,0.467,0.0,0.2,0.125,7.5,16.0,0.47,3.3,5.0,0.664,4.6,7.4,12.0,4.6,2.2,1.3,2.9,4.8,18.4,108.0,102.0,1992,Jerome Kersey-1992,0.0,Not Selected,Forward,POR,0.051490514905149054
1991-92,Alec Kessler,kesslal01,PF,25,MIA,77,4,1197,6.5,15.7,0.413,0.0,0.0,0.0,6.5,15.7,0.413,3.9,4.7,0.8170000000000001,4.7,8.2,12.9,1.4,0.7,1.3,2.4,7.6,16.8,102.0,111.0,1992,Alec Kessler-1992,0.0,Not Selected,Forward,MIA,0.03432700993676603
1991-92,Bo Kimble,kimblbo01,SG,25,LAC,34,0,277,7.9,19.9,0.396,0.7,2.3,0.308,7.2,17.6,0.408,3.6,5.6,0.645,2.3,3.4,5.7,3.1,1.8,1.1,2.7,6.6,20.1,94.0,107.0,1992,Bo Kimble-1992,0.0,Not Selected,Guard,LAC,0.04065040650406504
1991-92,Albert King,kingal01,SF,32,WSB,6,0,59,9.2,25.0,0.36700000000000005,1.7,5.8,0.28600000000000003,7.5,19.2,0.391,5.8,6.7,0.875,0.8,8.3,9.2,4.2,2.5,0.0,1.7,5.8,25.8,101.0,106.0,1992,Albert King-1992,0.0,Not Selected,Forward,WAS,0.022583559168925023
1991-92,Rich King,kingri01,C,22,SEA,40,2,213,6.4,16.8,0.38,0.0,0.2,0.0,6.4,16.5,0.386,8.0,10.6,0.7559999999999999,4.7,6.9,11.6,2.8,0.9,1.2,4.3,9.9,20.8,100.0,110.0,1992,Rich King-1992,0.0,Not Selected,Center,OKC,0.04245709123757904
1991-92,Stacey King,kingst01,PF,25,CHI,79,12,1268,8.6,17.0,0.506,0.1,0.2,0.4,8.5,16.8,0.507,4.8,6.3,0.753,3.5,4.7,8.2,3.1,0.8,1.0,3.0,5.2,22.1,112.0,108.0,1992,Stacey King-1992,0.0,Not Selected,Forward,CHI,0.06052393857271906
1991-92,Greg Kite,kitegr01,C,30,ORL,72,44,1479,3.1,7.1,0.43700000000000006,0.0,0.0,0.0,3.1,7.1,0.439,1.3,2.3,0.588,5.2,8.1,13.3,1.5,1.0,1.9,2.0,7.0,7.5,100.0,109.0,1992,Greg Kite-1992,0.0,Not Selected,Center,ORL,0.018970189701897018
1991-92,Joe Kleine,kleinjo01,C,30,BOS,70,3,991,7.3,14.8,0.491,0.2,0.4,0.5,7.1,14.4,0.491,1.7,2.4,0.708,4.8,10.2,15.0,1.6,1.2,0.7,1.4,5.0,16.5,114.0,106.0,1992,Joe Kleine-1992,0.0,Not Selected,Center,BOS,0.04607046070460705
1991-92,Negele Knight,knighne01,PG,24,PHO,42,1,631,7.9,16.6,0.475,0.3,1.0,0.308,7.6,15.6,0.485,2.5,3.7,0.688,1.2,2.3,3.5,8.6,1.8,0.2,4.4,4.4,18.6,99.0,110.0,1992,Negele Knight-1992,0.0,Not Selected,Guard,PHO,0.04787714543812105
1991-92,Bart Kofoed,kofoeba01,SG,27,SEA,44,0,239,5.3,11.2,0.47200000000000003,0.2,1.5,0.14300000000000002,5.1,9.7,0.522,3.2,5.5,0.5770000000000001,1.3,4.2,5.5,10.7,0.4,0.4,4.2,5.5,13.9,103.0,114.0,1992,Bart Kofoed-1992,0.0,Not Selected,Guard,OKC,0.04245709123757904
1991-92,Jon Koncak,koncajo01,C,28,ATL,77,14,1489,3.7,9.4,0.391,0.0,0.4,0.0,3.7,9.0,0.408,0.6,1.0,0.655,2.0,6.6,8.6,4.3,1.6,2.2,1.8,6.8,7.9,94.0,108.0,1992,Jon Koncak-1992,0.0,Not Selected,Center,ATL,0.03432700993676603
1991-92,Larry Krystkowiak,krystla01,PF,27,MIL,79,16,1848,8.0,17.9,0.444,0.0,0.1,0.0,8.0,17.8,0.447,3.5,4.6,0.757,3.6,8.1,11.7,3.1,1.5,0.3,3.1,5.9,19.4,101.0,110.0,1992,Larry Krystkowiak-1992,0.0,Not Selected,Forward,MIL,0.028003613369467027
1991-92,Bill Laimbeer,laimbbi01,C,34,DET,81,46,2234,8.0,17.1,0.47,0.8,2.0,0.376,7.3,15.1,0.483,1.6,1.8,0.893,2.4,8.1,10.6,3.8,1.2,1.3,2.4,5.3,18.4,107.0,104.0,1992,Bill Laimbeer-1992,0.0,Not Selected,Center,DET,0.04336043360433604
1991-92,Jerome Lane,laneje01,PF,25,TOT,14,5,177,3.9,12.7,0.304,0.0,0.0,0.0,3.9,12.7,0.304,2.5,7.4,0.33299999999999996,8.8,9.4,18.2,4.7,0.6,0.3,3.9,7.7,10.2,82.0,110.0,1992,Jerome Lane-1992,0.0,Not Selected,Forward,TOT,0.03333333333333333
1991-92,Andrew Lang,langan01,C,25,PHO,81,71,1965,6.1,11.7,0.522,0.0,0.0,0.0,6.1,11.7,0.523,3.1,4.0,0.768,4.2,9.2,13.4,1.1,1.2,4.9,2.1,7.5,15.3,113.0,102.0,1992,Andrew Lang-1992,0.0,Not Selected,Center,PHO,0.04787714543812105
1991-92,Eric Leckner,leckner01,C,25,CHH,59,2,716,5.2,10.2,0.513,0.0,0.1,0.0,5.2,10.1,0.516,2.5,3.4,0.745,3.2,10.4,13.6,2.0,0.6,1.2,2.6,7.5,12.9,105.0,110.0,1992,Eric Leckner-1992,0.0,Not Selected,Center,CHO,0.028003613369467027
1991-92,Doug Lee,leedo01,SG,27,NJN,46,0,307,8.0,18.5,0.431,1.6,5.9,0.27,6.4,12.6,0.506,1.6,3.0,0.526,2.7,2.9,5.6,3.5,1.8,0.2,1.9,6.2,19.1,108.0,112.0,1992,Doug Lee-1992,0.0,Not Selected,Guard,BRK,0.036133694670280034
1991-92,Gary Leonard,leonaga01,C,24,ATL,5,0,13,15.1,22.6,0.667,0.0,0.0,0.0,15.1,22.6,0.667,7.5,7.5,1.0,11.3,7.5,18.9,3.8,3.8,0.0,3.8,11.3,37.7,139.0,105.0,1992,Gary Leonard-1992,0.0,Not Selected,Center,ATL,0.03432700993676603
1991-92,Jim Les,lesji01,PG,28,SAC,62,5,712,5.0,13.0,0.385,3.0,8.9,0.344,2.0,4.1,0.475,2.6,3.2,0.809,0.7,3.5,4.3,9.7,2.1,0.2,2.8,3.9,15.6,112.0,112.0,1992,Jim Les-1992,0.0,Not Selected,Guard,SAC,0.026196928635953028
1991-92,Fat Lever,leverfa01,SG,31,DAL,31,5,884,7.8,20.1,0.387,1.0,3.0,0.327,6.8,17.1,0.397,3.5,4.6,0.75,3.2,6.0,9.3,6.2,2.6,0.7,2.1,4.2,20.0,104.0,109.0,1992,Fat Lever-1992,0.0,Not Selected,Guard,DAL,0.01987353206865402
1991-92,Cliff Levingston,levincl01,PF,31,CHI,79,0,1020,6.2,12.5,0.498,0.0,0.3,0.16699999999999998,6.2,12.2,0.506,3.0,4.8,0.625,5.4,5.9,11.3,3.3,1.3,2.2,2.1,6.7,15.5,115.0,105.0,1992,Cliff Levingston-1992,0.0,Not Selected,Forward,CHI,0.06052393857271906
1991-92,Reggie Lewis,lewisre01,SG,26,BOS,82,82,3070,11.5,22.8,0.503,0.1,0.3,0.23800000000000002,11.4,22.5,0.507,4.8,5.6,0.851,1.9,4.5,6.4,3.0,2.0,1.7,2.2,4.2,27.8,113.0,107.0,1992,Reggie Lewis-1992,0.0,Not Selected,Guard,BOS,0.04607046070460705
1991-92,Marcus Liberty,liberma01,SF,23,DEN,75,13,1527,8.8,19.8,0.44299999999999995,0.5,1.6,0.34,8.2,18.2,0.452,4.2,5.7,0.728,4.6,5.2,9.8,1.8,2.1,0.9,2.9,5.3,22.3,105.0,109.0,1992,Marcus Liberty-1992,0.0,Not Selected,Forward,DEN,0.02168021680216802
1991-92,Todd Lichti,lichtto01,SG,25,DEN,68,10,1176,7.2,15.6,0.46,0.0,0.4,0.111,7.1,15.2,0.469,4.1,4.9,0.8390000000000001,1.5,3.4,4.9,3.1,1.8,0.5,3.0,5.4,18.5,104.0,111.0,1992,Todd Lichti-1992,0.0,Not Selected,Guard,DEN,0.02168021680216802
1991-92,Alton Lister,listeal01,C,33,GSW,26,12,293,7.0,12.5,0.557,0.0,0.0,0.0,7.0,12.5,0.557,2.2,5.2,0.424,3.3,11.2,14.6,2.2,0.8,2.5,3.2,9.7,16.2,102.0,106.0,1992,Alton Lister-1992,0.0,Not Selected,Center,GSW,0.04968383017163505
1991-92,Brad Lohaus,lohaubr01,PF,27,MIL,70,8,1081,7.5,16.7,0.45,2.6,6.7,0.396,4.9,10.0,0.486,1.3,1.9,0.659,3.0,8.6,11.6,3.4,1.9,3.3,2.1,6.7,19.0,113.0,107.0,1992,Brad Lohaus-1992,0.0,Not Selected,Forward,MIL,0.028003613369467027
1991-92,Grant Long,longgr01,PF,25,MIA,82,82,3063,7.1,14.3,0.494,0.1,0.4,0.273,7.0,13.9,0.5,5.2,6.5,0.807,4.2,6.9,11.1,3.6,2.2,0.6,3.0,4.0,19.4,115.0,109.0,1992,Grant Long-1992,0.0,Not Selected,Forward,MIA,0.03432700993676603
1991-92,Luc Longley,longllu01,C,23,MIN,66,3,991,5.8,12.7,0.45799999999999996,0.0,0.0,0.0,5.8,12.7,0.45799999999999996,2.7,4.1,0.6629999999999999,3.4,9.7,13.1,2.7,1.8,3.3,4.2,8.0,14.3,90.0,107.0,1992,Luc Longley-1992,0.0,Not Selected,Center,MIN,0.013550135501355014
1991-92,Kevin Lynch,lynchke01,SG,23,CHH,55,3,819,5.4,12.9,0.41700000000000004,0.2,0.5,0.375,5.2,12.4,0.419,2.0,2.7,0.7609999999999999,1.7,3.2,4.9,4.8,2.1,0.5,2.5,6.2,12.9,96.0,112.0,1992,Kevin Lynch-1992,0.0,Not Selected,Guard,CHO,0.028003613369467027
1991-92,Mark Macon,maconma01,SG,22,DEN,76,67,2304,7.0,18.8,0.375,0.1,0.6,0.133,7.0,18.2,0.38299999999999995,2.9,3.9,0.73,1.7,3.0,4.7,3.6,3.3,0.3,3.3,5.1,17.0,88.0,109.0,1992,Mark Macon-1992,0.0,Not Selected,Guard,DEN,0.02168021680216802
1991-92,Dan Majerle,majerda01,SF,26,PHO,82,15,2853,9.3,19.5,0.478,1.5,3.9,0.382,7.9,15.7,0.502,3.9,5.1,0.7559999999999999,2.5,5.7,8.2,4.6,2.2,0.7,1.7,2.7,24.0,118.0,106.0,1992,Dan Majerle-1992,0.0,Not Selected,Forward,PHO,0.04787714543812105
1991-92,Jeff Malone,malonje01,SG,30,UTA,81,81,2922,11.9,23.3,0.511,0.0,0.2,0.083,11.9,23.1,0.515,4.4,4.9,0.898,0.8,3.2,4.0,3.1,1.0,0.1,2.4,2.2,28.2,111.0,111.0,1992,Jeff Malone-1992,0.0,Not Selected,Guard,UTA,0.04968383017163505
1991-92,Karl Malone,malonka01,PF,28,UTA,81,81,3054,13.1,25.0,0.526,0.0,0.3,0.17600000000000002,13.1,24.7,0.53,11.1,14.2,0.778,3.7,11.3,15.0,4.0,1.8,0.8,4.1,3.7,37.4,118.0,103.0,1992,Karl Malone-1992,1.0,1st,Forward,UTA,0.04968383017163505
1991-92,Moses Malone,malonmo01,C,36,MIL,82,77,2511,8.8,18.6,0.474,0.1,0.2,0.375,8.7,18.4,0.474,7.9,10.1,0.7859999999999999,6.4,8.5,14.9,1.9,1.5,1.3,3.0,2.7,25.6,117.0,110.0,1992,Moses Malone-1992,0.0,Not Selected,Center,MIL,0.028003613369467027
1991-92,Danny Manning,mannida01,PF,25,LAC,82,82,2904,11.1,20.5,0.542,0.0,0.1,0.0,11.1,20.4,0.544,4.8,6.6,0.725,3.9,5.7,9.7,4.9,2.3,2.1,3.6,5.0,27.0,113.0,104.0,1992,Danny Manning-1992,0.0,Not Selected,Forward,LAC,0.04065040650406504
1991-92,Šarūnas Marčiulionis,marcisa01,SG,27,GSW,72,5,2117,10.8,20.0,0.5379999999999999,0.1,0.2,0.3,10.7,19.8,0.541,8.2,10.5,0.7879999999999999,1.5,3.1,4.6,5.3,2.5,0.2,4.2,5.2,29.8,116.0,111.0,1992,Šarūnas Marčiulionis-1992,0.0,Not Selected,Guard,GSW,0.04968383017163505
1991-92,Anthony Mason,masonan01,PF,25,NYK,82,0,2198,4.8,9.4,0.509,0.0,0.0,0.0,4.8,9.4,0.509,3.9,6.1,0.642,5.1,8.4,13.5,2.5,1.1,0.5,2.4,5.4,13.5,113.0,104.0,1992,Anthony Mason-1992,0.0,Not Selected,Forward,NYK,0.04607046070460705
1991-92,Tony Massenburg,masseto01,PF,24,TOT,18,0,90,5.4,13.5,0.4,0.0,0.0,0.0,5.4,13.5,0.4,4.9,8.1,0.6,3.8,9.7,13.5,0.0,0.5,0.5,4.9,11.4,15.7,82.0,108.0,1992,Tony Massenburg-1992,0.0,Not Selected,Forward,TOT,0.03333333333333333
1991-92,Vernon Maxwell,maxweve01,SG,26,HOU,80,80,2700,9.4,22.7,0.413,3.0,8.8,0.342,6.4,13.9,0.45799999999999996,3.9,5.0,0.772,0.7,3.9,4.5,6.1,1.9,0.5,3.3,3.7,25.6,104.0,110.0,1992,Vernon Maxwell-1992,0.0,Not Selected,Guard,HOU,0.037940379403794036
1991-92,Tharon Mayes,mayesth01,SG,23,TOT,24,0,255,6.0,19.8,0.303,3.0,8.2,0.366,3.0,11.6,0.259,4.8,7.2,0.667,0.6,2.6,3.2,7.0,3.2,0.4,6.2,8.2,19.8,83.0,109.0,1992,Tharon Mayes-1992,0.0,Not Selected,Guard,TOT,0.03333333333333333
1991-92,Travis Mays,maystr01,PG,23,ATL,2,0,32,9.2,21.5,0.429,4.6,9.2,0.5,4.6,12.3,0.375,3.1,3.1,1.0,1.5,1.5,3.1,1.5,0.0,0.0,4.6,6.1,26.1,101.0,117.0,1992,Travis Mays-1992,0.0,Not Selected,Guard,ATL,0.03432700993676603
1991-92,Bob McCann,mccanbo01,SF,27,DET,26,0,129,5.3,13.4,0.39399999999999996,0.0,0.4,0.0,5.3,13.0,0.406,1.6,5.3,0.308,4.9,7.3,12.2,2.4,2.4,1.6,2.8,9.3,12.2,86.0,102.0,1992,Bob McCann-1992,0.0,Not Selected,Forward,DET,0.04336043360433604
1991-92,George McCloud,mccloge01,SF,24,IND,51,5,892,7.0,17.0,0.409,1.7,5.1,0.34,5.2,11.9,0.43799999999999994,2.7,3.5,0.7809999999999999,2.4,4.7,7.2,6.3,1.4,0.6,3.4,5.2,18.4,103.0,112.0,1992,George McCloud-1992,0.0,Not Selected,Forward,IND,0.036133694670280034
1991-92,Tim McCormick,mccorti01,C,29,NYK,22,0,108,6.7,15.8,0.424,0.0,0.0,0.0,6.7,15.8,0.424,6.7,10.0,0.667,6.7,9.6,16.3,4.3,1.0,0.0,3.8,8.6,20.1,105.0,104.0,1992,Tim McCormick-1992,0.0,Not Selected,Center,NYK,0.04607046070460705
1991-92,Rodney McCray,mccraro01,SF,30,DAL,75,48,2106,6.5,15.0,0.436,0.6,2.1,0.294,5.9,13.0,0.45799999999999996,2.7,3.7,0.7190000000000001,3.6,7.7,11.3,5.3,1.2,0.7,2.8,4.3,16.3,104.0,111.0,1992,Rodney McCray-1992,0.0,Not Selected,Forward,DAL,0.01987353206865402
1991-92,Xavier McDaniel,mcdanxa01,SF,28,NYK,82,82,2344,10.8,22.5,0.478,0.3,0.9,0.308,10.5,21.6,0.485,3.0,4.2,0.7140000000000001,3.9,6.3,10.1,3.3,1.3,0.5,3.2,5.3,24.8,104.0,106.0,1992,Xavier McDaniel-1992,0.0,Not Selected,Forward,NYK,0.04607046070460705
1991-92,Kevin McHale,mchalke01,PF,34,BOS,56,1,1398,11.6,22.7,0.509,0.0,0.5,0.0,11.6,22.3,0.52,4.8,5.8,0.8220000000000001,4.3,7.6,11.8,2.9,0.4,2.1,2.9,4.0,28.0,112.0,108.0,1992,Kevin McHale-1992,0.0,Not Selected,Forward,BOS,0.04607046070460705
1991-92,Derrick McKey,mckeyde01,SF,25,SEA,52,44,1757,8.2,17.3,0.47200000000000003,0.5,1.4,0.38,7.6,15.9,0.48,5.4,6.4,0.847,2.7,5.0,7.7,3.4,1.7,1.3,3.3,4.1,22.3,112.0,110.0,1992,Derrick McKey-1992,0.0,Not Selected,Forward,OKC,0.04245709123757904
1991-92,Carlton McKinney,mckinca01,SG,27,NYK,2,0,9,11.5,51.6,0.222,0.0,0.0,0.0,11.5,51.6,0.222,0.0,0.0,0.0,0.0,5.7,5.7,0.0,0.0,0.0,0.0,5.7,23.0,55.0,109.0,1992,Carlton McKinney-1992,0.0,Not Selected,Guard,NYK,0.04607046070460705
1991-92,Nate McMillan,mcmilna01,PG,27,SEA,72,30,1652,5.4,12.3,0.43700000000000006,0.8,3.0,0.276,4.6,9.4,0.489,1.6,2.6,0.643,2.8,4.9,7.7,10.9,3.9,0.9,3.4,6.6,13.3,109.0,106.0,1992,Nate McMillan-1992,0.0,Not Selected,Guard,OKC,0.04245709123757904
1991-92,Reggie Miller,millere01,SG,26,IND,82,82,3120,8.7,17.4,0.501,2.0,5.3,0.37799999999999995,6.7,12.1,0.555,6.9,8.0,0.858,1.3,3.7,4.9,4.9,1.6,0.4,2.4,3.3,26.3,125.0,112.0,1992,Reggie Miller-1992,0.0,Not Selected,Guard,IND,0.036133694670280034
1991-92,Terry Mills,millste01,PF,24,NJN,82,24,1714,8.9,19.2,0.46299999999999997,0.2,0.7,0.348,8.6,18.5,0.467,3.3,4.3,0.75,5.3,7.6,12.9,2.4,1.4,1.2,2.3,5.7,21.2,111.0,109.0,1992,Terry Mills-1992,0.0,Not Selected,Forward,BRK,0.036133694670280034
1991-92,Sam Mitchell,mitchsa01,PF,28,MIN,82,63,2151,7.2,17.0,0.423,0.0,0.3,0.182,7.2,16.8,0.42700000000000005,4.9,6.2,0.7859999999999999,3.7,7.4,11.1,2.2,1.2,0.9,2.3,5.4,19.4,104.0,112.0,1992,Sam Mitchell-1992,0.0,Not Selected,Forward,MIN,0.013550135501355014
1991-92,Rodney Monroe,monroro01,SG,23,ATL,38,0,313,8.3,22.6,0.368,0.9,4.2,0.222,7.4,18.3,0.402,3.0,3.6,0.826,1.9,3.3,5.2,4.2,1.9,0.3,3.6,3.0,20.5,89.0,112.0,1992,Rodney Monroe-1992,0.0,Not Selected,Guard,ATL,0.03432700993676603
1991-92,Tracy Moore,mooretr01,SF,26,DAL,42,2,782,8.5,21.1,0.4,2.0,5.5,0.35700000000000004,6.5,15.7,0.415,4.2,5.1,0.833,2.0,3.3,5.3,3.1,2.1,0.3,2.9,6.3,23.1,102.0,112.0,1992,Tracy Moore-1992,0.0,Not Selected,Forward,DAL,0.01987353206865402
1991-92,Chris Morris,morrich01,SF,26,NJN,77,74,2394,7.1,14.9,0.47700000000000004,0.5,2.3,0.2,6.6,12.6,0.526,3.4,4.7,0.7140000000000001,4.1,6.0,10.1,4.0,2.6,1.7,3.5,4.3,18.0,107.0,107.0,1992,Chris Morris-1992,0.0,Not Selected,Forward,BRK,0.036133694670280034
1991-92,John Morton,mortojo01,SF-SG,24,TOT,25,0,270,6.6,17.0,0.387,0.4,2.9,0.125,6.2,14.1,0.442,5.9,7.0,0.8420000000000001,1.1,3.7,4.8,5.9,2.4,0.2,5.1,4.2,19.4,93.0,111.0,1992,John Morton-1992,0.0,Not Selected,Forward,TOT,0.03333333333333333
1991-92,Chris Mullin,mullich01,SF,28,GSW,81,81,3346,11.5,22.0,0.524,0.9,2.4,0.366,10.6,19.5,0.544,4.9,5.8,0.833,1.8,4.5,6.2,4.0,2.4,0.9,2.8,2.4,28.8,118.0,110.0,1992,Chris Mullin-1992,1.0,1st,Forward,GSW,0.04968383017163505
1991-92,Eric Murdock,murdoer01,PG,23,UTA,50,0,478,8.0,19.2,0.415,0.5,2.7,0.192,7.5,16.5,0.452,4.8,6.4,0.754,2.2,3.5,5.7,9.7,3.2,0.7,5.3,5.5,21.3,98.0,105.0,1992,Eric Murdock-1992,0.0,Not Selected,Guard,UTA,0.04968383017163505
1991-92,Tod Murphy,murphto01,PF,28,MIN,47,3,429,4.6,9.4,0.488,0.1,0.2,0.5,4.5,9.2,0.48700000000000004,2.2,4.0,0.5589999999999999,4.2,8.7,12.9,1.3,1.1,0.9,2.1,4.7,11.5,103.0,111.0,1992,Tod Murphy-1992,0.0,Not Selected,Forward,MIN,0.013550135501355014
1991-92,Jerrod Mustaf,mustaje01,PF,22,PHO,52,3,545,8.2,17.1,0.47700000000000004,0.0,0.0,0.0,8.2,17.1,0.47700000000000004,4.3,6.3,0.69,4.0,8.9,12.9,4.0,1.9,1.4,4.5,5.2,20.7,100.0,104.0,1992,Jerrod Mustaf-1992,0.0,Not Selected,Forward,PHO,0.04787714543812105
1991-92,Dikembe Mutombo,mutomdi01,C,25,DEN,71,71,2716,7.7,15.6,0.493,0.0,0.0,0.0,7.7,15.6,0.493,5.8,9.0,0.642,5.7,9.9,15.6,2.8,0.8,3.8,4.5,4.9,21.1,103.0,106.0,1992,Dikembe Mutombo-1992,0.0,Not Selected,Center,DEN,0.02168021680216802
1991-92,Larry Nance,nancela01,PF,32,CLE,81,81,2880,9.8,18.1,0.539,0.0,0.1,0.0,9.8,18.0,0.542,4.6,5.6,0.8220000000000001,3.7,8.0,11.8,4.1,1.4,4.3,1.5,3.5,24.1,125.0,105.0,1992,Larry Nance-1992,0.0,Not Selected,Forward,CLE,0.051490514905149054
1991-92,Ed Nealy,nealyed01,PF,31,PHO,52,4,505,5.9,11.6,0.512,1.9,4.8,0.4,4.0,6.8,0.5920000000000001,1.5,2.3,0.667,2.4,8.2,10.6,3.5,1.5,0.2,1.6,4.3,15.3,123.0,106.0,1992,Ed Nealy-1992,0.0,Not Selected,Forward,PHO,0.04787714543812105
1991-92,Chuck Nevitt,nevitch01,C,32,CHI,4,0,9,5.6,16.9,0.33299999999999996,0.0,0.0,0.0,5.6,16.9,0.33299999999999996,0.0,0.0,0.0,0.0,5.6,5.6,5.6,0.0,0.0,16.9,11.3,11.3,40.0,109.0,1992,Chuck Nevitt-1992,0.0,Not Selected,Center,CHI,0.06052393857271906
1991-92,Johnny Newman,newmajo01,SF,28,CHH,55,55,1651,8.4,17.7,0.47700000000000004,0.4,1.3,0.28300000000000003,8.1,16.4,0.493,6.7,8.8,0.7659999999999999,2.0,3.1,5.1,4.2,2.0,0.4,3.7,5.2,24.0,107.0,113.0,1992,Johnny Newman-1992,0.0,Not Selected,Forward,CHO,0.028003613369467027
1991-92,Ken Norman,normake01,SF,27,LAC,77,24,2009,10.0,20.3,0.49,0.1,0.7,0.14300000000000002,9.9,19.6,0.502,3.0,5.6,0.535,3.9,7.2,11.1,3.1,1.3,1.6,2.5,3.6,23.0,104.0,105.0,1992,Ken Norman-1992,0.0,Not Selected,Forward,LAC,0.04065040650406504
1991-92,Charles Oakley,oaklech01,PF,28,NYK,82,82,2309,4.7,9.0,0.522,0.0,0.1,0.0,4.7,8.9,0.526,1.9,2.6,0.735,5.7,9.9,15.7,3.0,1.5,0.3,2.8,5.8,11.3,110.0,103.0,1992,Charles Oakley-1992,0.0,Not Selected,Forward,NYK,0.04607046070460705
1991-92,Alan Ogg,oggal01,C,24,MIA,43,0,367,6.2,11.2,0.5479999999999999,0.0,0.0,0.0,6.2,11.2,0.5479999999999999,2.1,4.0,0.5329999999999999,4.0,5.9,9.9,0.9,0.7,3.7,2.5,9.8,14.5,106.0,110.0,1992,Alan Ogg-1992,0.0,Not Selected,Center,MIA,0.03432700993676603
1991-92,Hakeem Olajuwon,olajuha01,C,29,HOU,70,69,2636,11.3,22.5,0.502,0.0,0.0,0.0,11.3,22.5,0.503,6.3,8.2,0.7659999999999999,4.7,11.5,16.2,3.0,2.4,5.8,3.6,5.0,28.9,110.0,99.0,1992,Hakeem Olajuwon-1992,0.0,Not Selected,Center,HOU,0.037940379403794036
1991-92,Brian Oliver,olivebr01,SG,23,PHI,34,0,279,6.1,18.4,0.33,0.0,0.7,0.0,6.1,17.6,0.344,2.8,4.0,0.682,1.8,3.7,5.5,3.7,1.8,0.4,4.4,6.1,14.9,76.0,112.0,1992,Brian Oliver-1992,0.0,Not Selected,Guard,PHI,0.031616982836495035
1991-92,Jimmy Oliver,oliveji01,SG,22,CLE,27,8,252,7.8,19.7,0.39799999999999996,0.2,1.8,0.111,7.6,17.9,0.42700000000000005,3.4,4.4,0.773,1.8,3.6,5.4,4.0,1.8,0.4,1.8,4.4,19.3,99.0,111.0,1992,Jimmy Oliver-1992,0.0,Not Selected,Guard,CLE,0.051490514905149054
1991-92,Billy Owens,owensbi01,PF,22,GSW,80,77,2510,8.7,16.5,0.525,0.0,0.2,0.111,8.6,16.3,0.529,3.8,5.8,0.654,4.5,7.3,11.8,3.5,1.7,1.2,3.3,5.1,21.1,111.0,109.0,1992,Billy Owens-1992,0.0,Not Selected,Forward,GSW,0.04968383017163505
1991-92,Keith Owens,owenske01,SF,22,LAL,20,0,80,5.8,20.8,0.281,0.0,0.0,0.0,5.8,20.8,0.281,5.2,6.5,0.8,5.2,4.5,9.7,1.9,3.2,2.6,1.3,7.1,16.9,91.0,106.0,1992,Keith Owens-1992,0.0,Not Selected,Forward,LAL,0.03884372177055104
1991-92,Robert Pack,packro01,PG,22,POR,72,0,894,6.2,14.8,0.423,0.0,0.5,0.0,6.2,14.2,0.439,5.5,6.9,0.8029999999999999,1.7,3.5,5.3,7.6,2.2,0.2,5.0,5.5,18.0,99.0,106.0,1992,Robert Pack-1992,0.0,Not Selected,Guard,POR,0.051490514905149054
1991-92,Robert Parish,parisro01,C,38,BOS,79,79,2285,10.3,19.2,0.535,0.0,0.0,0.0,10.3,19.2,0.535,3.9,5.1,0.772,4.8,10.7,15.5,1.5,1.5,2.1,2.9,3.8,24.5,113.0,104.0,1992,Robert Parish-1992,0.0,Not Selected,Center,BOS,0.04607046070460705
1991-92,John Paxson,paxsojo01,PG,31,CHI,79,79,1946,6.7,12.7,0.528,0.3,1.1,0.273,6.4,11.6,0.5529999999999999,0.8,1.0,0.784,0.5,2.0,2.5,6.3,1.3,0.2,1.1,3.7,14.5,121.0,110.0,1992,John Paxson-1992,0.0,Not Selected,Guard,CHI,0.06052393857271906
1991-92,Kenny Payne,payneke01,SF,25,PHI,49,3,353,9.4,21.0,0.44799999999999995,0.7,1.7,0.41700000000000004,8.7,19.3,0.451,1.3,1.9,0.6920000000000001,1.9,5.9,7.8,2.5,2.3,1.2,2.8,4.9,20.9,96.0,109.0,1992,Kenny Payne-1992,0.0,Not Selected,Forward,PHI,0.031616982836495035
1991-92,Gary Payton,paytoga01,PG,23,SEA,81,79,2549,6.5,14.5,0.451,0.1,0.5,0.13,6.5,14.0,0.461,2.0,2.9,0.669,2.4,3.4,5.8,10.0,2.9,0.4,3.4,4.9,15.1,106.0,109.0,1992,Gary Payton-1992,0.0,Not Selected,Guard,OKC,0.04245709123757904
1991-92,Will Perdue,perduwi01,C,26,CHI,77,7,1007,7.7,14.0,0.547,0.1,0.1,0.5,7.6,13.9,0.547,2.3,4.6,0.495,5.5,10.3,15.8,4.0,0.8,2.2,3.6,6.7,17.7,107.0,103.0,1992,Will Perdue-1992,0.0,Not Selected,Center,CHI,0.06052393857271906
1991-92,Sam Perkins,perkisa01,PF,30,LAL,63,63,2332,8.0,17.9,0.45,0.3,1.5,0.217,7.7,16.3,0.47100000000000003,6.8,8.3,0.8170000000000001,4.3,8.1,12.4,3.1,1.4,1.4,1.8,4.3,23.2,118.0,108.0,1992,Sam Perkins-1992,0.0,Not Selected,Forward,LAL,0.03884372177055104
1991-92,Elliot Perry,perryel01,PG,22,TOT,50,0,437,5.3,14.0,0.38,0.1,0.8,0.14300000000000002,5.2,13.3,0.39299999999999996,2.9,4.5,0.659,1.5,2.7,4.2,8.5,3.7,0.3,5.4,3.9,13.7,84.0,109.0,1992,Elliot Perry-1992,0.0,Not Selected,Guard,TOT,0.03333333333333333
1991-92,Tim Perry,perryti01,PF,26,PHO,80,69,2483,8.0,15.4,0.523,0.1,0.2,0.375,8.0,15.2,0.525,3.0,4.2,0.7120000000000001,4.0,6.8,10.7,2.6,0.9,2.3,2.7,4.6,19.1,110.0,107.0,1992,Tim Perry-1992,0.0,Not Selected,Forward,PHO,0.04787714543812105
1991-92,Chuck Person,persoch01,SF,27,IND,81,81,2923,10.2,21.3,0.48,2.2,5.9,0.373,8.0,15.4,0.52,2.2,3.3,0.675,1.9,5.2,7.1,6.3,1.1,0.3,3.6,4.1,24.8,107.0,112.0,1992,Chuck Person-1992,0.0,Not Selected,Forward,IND,0.036133694670280034
1991-92,Jim Petersen,peterji01,PF,29,GSW,27,2,169,4.9,11.0,0.45,0.0,0.5,0.0,4.9,10.4,0.474,1.9,2.7,0.7,3.3,9.1,12.4,2.5,1.4,1.6,1.4,9.6,11.8,109.0,108.0,1992,Jim Petersen-1992,0.0,Not Selected,Forward,GSW,0.04968383017163505
1991-92,Dražen Petrović,petrodr01,SG,27,NJN,82,82,3027,10.8,21.3,0.508,2.0,4.5,0.444,8.8,16.8,0.525,3.8,4.6,0.8079999999999999,1.6,2.6,4.2,4.1,1.7,0.2,3.5,4.0,27.4,116.0,113.0,1992,Dražen Petrović-1992,0.0,Not Selected,Guard,BRK,0.036133694670280034
1991-92,Bobby Phills,phillbo01,SG,22,CLE,10,0,65,9.3,21.8,0.429,0.0,1.6,0.0,9.3,20.2,0.462,5.4,8.6,0.636,3.1,3.1,6.2,3.1,2.3,0.8,6.2,2.3,24.1,86.0,110.0,1992,Bobby Phills-1992,0.0,Not Selected,Guard,CLE,0.051490514905149054
1991-92,Ricky Pierce,piercri01,SG,32,SEA,78,78,2658,11.7,24.7,0.475,0.6,2.3,0.268,11.1,22.4,0.496,7.9,8.6,0.9159999999999999,1.8,2.7,4.4,4.6,1.6,0.4,3.6,4.0,32.0,116.0,113.0,1992,Ricky Pierce-1992,0.0,Not Selected,Guard,OKC,0.04245709123757904
1991-92,Ed Pinckney,pincked01,PF,28,BOS,81,36,1917,5.3,9.9,0.537,0.0,0.0,0.0,5.3,9.9,0.5379999999999999,5.4,6.7,0.812,6.6,8.2,14.7,1.6,1.8,1.5,1.9,4.1,16.0,130.0,105.0,1992,Ed Pinckney-1992,0.0,Not Selected,Forward,BOS,0.04607046070460705
1991-92,Scottie Pippen,pippesc01,SF,26,CHI,82,82,3164,11.0,21.8,0.506,0.3,1.3,0.2,10.8,20.6,0.525,5.3,7.0,0.76,3.0,7.2,10.1,9.2,2.5,1.5,4.1,3.9,27.6,114.0,102.0,1992,Scottie Pippen-1992,2.0,2nd,Forward,CHI,0.06052393857271906
1991-92,Olden Polynice,polynol01,C,27,LAC,76,65,1834,6.6,12.7,0.519,0.0,0.0,0.0,6.6,12.7,0.52,3.4,5.5,0.622,5.3,9.2,14.5,1.2,1.2,0.5,2.3,4.5,16.6,111.0,105.0,1992,Olden Polynice-1992,0.0,Not Selected,Center,LAC,0.04065040650406504
1991-92,Dave Popson,popsoda01,PF,27,MIL,5,0,26,5.8,13.5,0.429,0.0,1.9,0.0,5.8,11.6,0.5,1.9,3.9,0.5,3.9,5.8,9.7,5.8,3.9,1.9,7.7,9.7,13.5,76.0,106.0,1992,Dave Popson-1992,0.0,Not Selected,Forward,MIL,0.028003613369467027
1991-92,Terry Porter,portete01,PG,28,POR,82,82,2784,9.1,19.7,0.461,2.2,5.6,0.395,6.8,14.0,0.488,5.5,6.4,0.856,0.9,3.6,4.4,8.3,2.2,0.2,3.3,2.7,25.9,119.0,106.0,1992,Terry Porter-1992,0.0,Not Selected,Guard,POR,0.051490514905149054
1991-92,Paul Pressey,presspa01,SG,33,SAS,56,7,759,3.9,10.6,0.373,0.2,1.4,0.14300000000000002,3.7,9.2,0.40700000000000003,1.8,2.7,0.6829999999999999,1.4,4.8,6.2,9.3,1.9,1.2,4.2,5.7,9.9,89.0,105.0,1992,Paul Pressey-1992,0.0,Not Selected,Guard,SAS,0.04245709123757904
1991-92,Mark Price,pricema01,PG,27,CLE,72,72,2138,10.4,21.2,0.488,2.4,6.2,0.387,8.0,15.0,0.53,6.4,6.7,0.9470000000000001,0.9,3.2,4.1,12.6,2.2,0.3,3.8,2.7,29.5,123.0,110.0,1992,Mark Price-1992,3.0,3rd,Guard,CLE,0.051490514905149054
1991-92,Kevin Pritchard,pritcke01,PG,24,BOS,11,0,136,5.9,12.5,0.47100000000000003,0.0,1.1,0.0,5.9,11.4,0.516,5.2,6.6,0.778,0.4,3.7,4.1,11.1,1.1,1.5,4.1,6.3,16.9,108.0,110.0,1992,Kevin Pritchard-1992,0.0,Not Selected,Guard,BOS,0.04607046070460705
1991-92,Brian Quinnett,quinnbr01,SG,25,TOT,39,0,326,6.8,19.5,0.34700000000000003,2.0,6.5,0.317,4.7,13.1,0.361,2.5,4.1,0.615,2.5,5.5,8.0,1.9,2.5,1.3,2.5,5.0,18.1,90.0,105.0,1992,Brian Quinnett-1992,0.0,Not Selected,Guard,TOT,0.03333333333333333
1991-92,Kurt Rambis,rambiku01,PF,33,PHO,28,5,381,4.8,10.4,0.46299999999999997,0.0,0.0,0.0,4.8,10.4,0.46299999999999997,1.8,2.3,0.778,2.9,10.5,13.4,4.7,1.5,1.8,3.2,5.8,11.4,99.0,103.0,1992,Kurt Rambis-1992,0.0,Not Selected,Forward,PHO,0.04787714543812105
1991-92,Mark Randall,randama01,PF,24,TOT,54,0,441,7.8,17.1,0.456,0.3,1.8,0.188,7.5,15.2,0.489,3.7,4.9,0.7440000000000001,4.5,3.7,8.1,3.8,1.4,0.3,2.9,4.5,19.6,106.0,114.0,1992,Mark Randall-1992,0.0,Not Selected,Forward,TOT,0.03333333333333333
1991-92,Blair Rasmussen,rasmubl01,C,29,ATL,81,61,1968,8.6,18.1,0.478,0.1,0.6,0.217,8.5,17.5,0.486,0.7,1.0,0.75,2.3,7.5,9.8,2.7,0.9,1.2,1.3,5.8,18.2,107.0,110.0,1992,Blair Rasmussen-1992,0.0,Not Selected,Center,ATL,0.03432700993676603
1991-92,J.R. Reid,reidjr01,C,23,CHH,51,7,1257,8.0,16.3,0.49,0.0,0.1,0.0,8.0,16.2,0.493,5.0,7.1,0.705,3.6,8.3,11.9,3.0,1.8,0.9,3.2,6.0,21.0,106.0,109.0,1992,J.R. Reid-1992,0.0,Not Selected,Center,CHO,0.028003613369467027
1991-92,Jerry Reynolds,reynoje01,SG,29,ORL,46,16,1159,8.3,21.9,0.38,0.1,1.0,0.125,8.2,20.9,0.39299999999999996,6.7,8.0,0.836,2.0,4.3,6.3,6.4,2.7,0.7,4.1,2.9,23.4,97.0,110.0,1992,Jerry Reynolds-1992,0.0,Not Selected,Guard,ORL,0.018970189701897018
1991-92,Glen Rice,ricegl01,SF,24,MIA,79,79,3007,11.0,23.4,0.469,2.5,6.5,0.391,8.4,16.9,0.499,4.3,5.2,0.836,1.4,5.1,6.4,3.0,1.5,0.6,2.4,2.8,28.8,115.0,112.0,1992,Glen Rice-1992,0.0,Not Selected,Forward,MIA,0.03432700993676603
1991-92,Pooh Richardson,richapo01,PG,25,MIN,82,82,2922,10.1,21.8,0.466,0.9,2.7,0.342,9.2,19.1,0.483,2.1,3.1,0.691,1.6,3.6,5.2,11.8,2.1,0.4,3.5,2.6,23.3,107.0,114.0,1992,Pooh Richardson-1992,0.0,Not Selected,Guard,MIN,0.013550135501355014
1991-92,Mitch Richmond,richmmi01,SG,26,SAC,80,80,3095,10.7,22.8,0.46799999999999997,1.6,4.2,0.384,9.1,18.6,0.486,5.1,6.3,0.813,1.0,4.0,5.0,6.4,1.4,0.5,3.8,3.6,28.1,107.0,113.0,1992,Mitch Richmond-1992,0.0,Not Selected,Guard,SAC,0.026196928635953028
1991-92,David Rivers,riverda01,PG,27,LAC,15,0,122,4.1,12.2,0.33299999999999996,0.0,0.4,0.0,4.1,11.8,0.345,4.1,4.5,0.909,4.1,3.7,7.7,8.6,2.9,0.4,6.9,5.7,12.2,83.0,106.0,1992,David Rivers-1992,0.0,Not Selected,Guard,LAC,0.04065040650406504
1991-92,Doc Rivers,riverdo01,PG,30,LAC,59,25,1657,6.8,16.0,0.424,0.8,2.8,0.28300000000000003,6.0,13.2,0.45399999999999996,4.9,5.9,0.8320000000000001,0.7,3.7,4.4,7.0,3.3,0.6,2.8,5.0,19.2,108.0,105.0,1992,Doc Rivers-1992,0.0,Not Selected,Guard,LAC,0.04065040650406504
1991-92,Fred Roberts,roberfr01,PF,31,MIL,80,63,1746,9.0,18.6,0.48200000000000004,0.5,1.1,0.514,8.4,17.5,0.48,3.7,4.9,0.7490000000000001,3.0,4.4,7.4,3.5,1.5,1.2,3.5,5.1,22.1,106.0,112.0,1992,Fred Roberts-1992,0.0,Not Selected,Forward,MIL,0.028003613369467027
1991-92,Stanley Roberts,roberst01,C,21,ORL,55,34,1118,10.3,19.5,0.529,0.0,0.0,0.0,10.3,19.5,0.53,4.4,8.6,0.515,4.9,9.8,14.7,1.7,1.0,3.6,3.4,9.7,25.1,105.0,106.0,1992,Stanley Roberts-1992,0.0,Not Selected,Center,ORL,0.018970189701897018
1991-92,Alvin Robertson,roberal01,SG,29,MIL,82,79,2463,8.1,18.8,0.43,1.4,4.3,0.319,6.7,14.5,0.462,3.1,4.0,0.763,3.6,3.6,7.1,7.3,4.3,0.7,4.6,5.4,20.6,103.0,108.0,1992,Alvin Robertson-1992,0.0,Not Selected,Guard,MIL,0.028003613369467027
1991-92,Cliff Robinson,robincl01,PF,31,LAL,9,0,78,7.3,18.0,0.40700000000000003,0.0,0.7,0.0,7.3,17.3,0.423,4.7,5.3,0.875,4.7,8.0,12.6,6.0,3.3,0.0,4.7,2.7,19.3,98.0,105.0,1992,Cliff Robinson-1992,0.0,Not Selected,Forward,LAL,0.03884372177055104
1991-92,Clifford Robinson,robincl02,SF,25,POR,82,7,2124,9.1,19.5,0.466,0.0,0.3,0.091,9.1,19.2,0.47100000000000003,5.0,7.5,0.664,3.2,6.3,9.5,3.1,1.9,2.4,3.5,6.3,23.2,103.0,103.0,1992,Clifford Robinson-1992,0.0,Not Selected,Forward,POR,0.051490514905149054
1991-92,David Robinson,robinda01,C,26,SAS,68,68,2564,11.5,20.9,0.551,0.0,0.2,0.125,11.5,20.7,0.5539999999999999,7.6,10.9,0.701,5.1,11.1,16.1,3.5,3.1,5.9,3.5,4.3,30.7,118.0,94.0,1992,David Robinson-1992,1.0,1st,Center,SAS,0.04245709123757904
1991-92,Larry Robinson,robinla01,SG,24,BOS,1,0,6,8.4,41.8,0.2,0.0,0.0,0.0,8.4,41.8,0.2,0.0,0.0,0.0,16.7,0.0,16.7,8.4,0.0,0.0,8.4,25.1,16.7,65.0,115.0,1992,Larry Robinson-1992,0.0,Not Selected,Guard,BOS,0.04607046070460705
1991-92,Rumeal Robinson,robinru01,PG,25,ATL,81,64,2220,9.3,20.5,0.456,0.8,2.3,0.327,8.6,18.2,0.47200000000000003,3.9,6.1,0.636,1.4,3.4,4.8,9.9,2.3,0.5,4.6,3.9,23.3,102.0,110.0,1992,Rumeal Robinson-1992,0.0,Not Selected,Guard,ATL,0.03432700993676603
1991-92,Dennis Rodman,rodmade01,PF,30,DET,82,80,3301,5.4,10.1,0.539,0.5,1.6,0.317,4.9,8.5,0.581,1.3,2.2,0.6,8.3,16.0,24.3,3.0,1.1,1.1,2.2,3.9,12.7,121.0,99.0,1992,Dennis Rodman-1992,3.0,3rd,Forward,DET,0.04336043360433604
1991-92,Tree Rollins,rollitr01,C,36,HOU,59,5,697,3.3,6.2,0.535,0.0,0.0,0.0,3.3,6.2,0.535,1.9,2.2,0.867,4.4,8.0,12.4,1.1,1.0,4.5,1.3,6.2,8.5,123.0,106.0,1992,Tree Rollins-1992,0.0,Not Selected,Center,HOU,0.037940379403794036
1991-92,Donald Royal,royaldo01,SF,25,SAS,60,4,718,5.6,12.4,0.449,0.0,0.0,0.0,5.6,12.4,0.449,6.4,9.2,0.6920000000000001,4.5,4.1,8.6,2.4,1.7,0.5,2.7,5.1,17.5,110.0,107.0,1992,Donald Royal-1992,0.0,Not Selected,Forward,SAS,0.04245709123757904
1991-92,Delaney Rudd,ruddde01,SG,29,UTA,65,0,538,7.0,17.6,0.39899999999999997,1.0,4.4,0.23399999999999999,6.0,13.2,0.45399999999999996,3.0,3.9,0.762,1.4,3.6,5.0,10.2,1.4,0.1,4.6,6.0,18.0,97.0,109.0,1992,Delaney Rudd-1992,0.0,Not Selected,Guard,UTA,0.04968383017163505
1991-92,Jeff Ruland,rulanje01,C,33,PHI,13,5,209,4.9,9.3,0.526,0.0,0.0,0.0,4.9,9.3,0.526,2.7,3.9,0.688,3.9,7.6,11.5,1.2,1.7,1.0,4.9,11.0,12.5,90.0,109.0,1992,Jeff Ruland-1992,0.0,Not Selected,Center,PHI,0.031616982836495035
1991-92,John Salley,sallejo01,PF,27,DET,72,38,1774,7.4,14.4,0.512,0.0,0.1,0.0,7.4,14.3,0.516,5.5,7.7,0.715,3.1,5.6,8.7,3.4,1.4,3.2,3.0,6.6,20.2,112.0,104.0,1992,John Salley-1992,0.0,Not Selected,Forward,DET,0.04336043360433604
1991-92,Ralph Sampson,sampsra01,C,31,WSB,10,0,108,4.1,13.2,0.31,0.0,0.9,0.0,4.1,12.3,0.33299999999999996,1.8,2.7,0.667,5.0,8.6,13.6,1.8,1.4,3.6,4.5,6.4,10.0,72.0,105.0,1992,Ralph Sampson-1992,0.0,Not Selected,Center,WAS,0.022583559168925023
1991-92,Jeff Sanders,sandeje01,SF,26,ATL,12,0,117,8.4,18.9,0.444,0.0,0.0,0.0,8.4,18.9,0.444,2.9,3.8,0.778,3.8,7.1,10.9,3.8,2.1,1.3,2.1,6.3,19.7,106.0,107.0,1992,Jeff Sanders-1992,0.0,Not Selected,Forward,ATL,0.03432700993676603
1991-92,Mike Sanders,sandemi01,SF,31,TOT,31,20,633,7.3,12.8,0.5710000000000001,0.1,0.2,0.33299999999999996,7.2,12.5,0.5760000000000001,2.9,3.7,0.7659999999999999,2.1,5.5,7.6,4.2,1.9,0.8,1.7,6.6,17.6,122.0,109.0,1992,Mike Sanders-1992,0.0,Not Selected,Forward,TOT,0.03333333333333333
1991-92,Danny Schayes,schayda01,C,32,MIL,43,4,726,5.7,13.8,0.41700000000000004,0.0,0.0,0.0,5.7,13.8,0.41700000000000004,5.1,6.6,0.7709999999999999,4.0,7.6,11.6,2.4,1.3,1.3,2.8,6.8,16.6,105.0,110.0,1992,Danny Schayes-1992,0.0,Not Selected,Center,MIL,0.028003613369467027
1991-92,Steve Scheffler,schefst01,C,24,TOT,11,0,61,4.8,7.2,0.667,0.0,0.0,0.0,4.8,7.2,0.667,7.2,9.6,0.75,8.0,3.2,11.1,0.0,2.4,0.8,0.8,8.0,16.7,156.0,110.0,1992,Steve Scheffler-1992,0.0,Not Selected,Center,TOT,0.03333333333333333
1991-92,Dwayne Schintzius,schindw01,C,23,SAC,33,0,400,6.0,14.1,0.42700000000000005,0.0,0.5,0.0,6.0,13.6,0.442,1.2,1.4,0.833,5.2,9.0,14.2,2.4,0.7,3.4,2.3,8.1,13.3,98.0,108.0,1992,Dwayne Schintzius-1992,0.0,Not Selected,Center,SAC,0.026196928635953028
1991-92,Detlef Schrempf,schrede01,PF,29,IND,80,4,2605,9.2,17.2,0.536,0.4,1.3,0.324,8.8,15.9,0.5539999999999999,6.8,8.2,0.828,3.8,10.6,14.3,5.8,1.2,0.7,3.6,5.3,25.7,121.0,108.0,1992,Detlef Schrempf-1992,0.0,Not Selected,Forward,IND,0.036133694670280034
1991-92,Byron Scott,scottby01,SG,30,LAL,82,82,2679,8.9,19.5,0.45799999999999996,1.0,3.0,0.344,7.9,16.4,0.479,4.7,5.6,0.838,1.4,4.6,6.0,4.4,2.0,0.5,2.3,2.7,23.6,112.0,110.0,1992,Byron Scott-1992,0.0,Not Selected,Guard,LAL,0.03884372177055104
1991-92,Dennis Scott,scottde01,SF,23,ORL,18,15,608,10.7,26.7,0.402,2.3,7.2,0.326,8.4,19.5,0.43,5.2,5.7,0.9009999999999999,1.1,4.2,5.3,2.8,1.6,0.7,2.5,3.9,28.9,104.0,112.0,1992,Dennis Scott-1992,0.0,Not Selected,Forward,ORL,0.018970189701897018
1991-92,Rony Seikaly,seikaro01,C,26,MIA,79,78,2800,8.1,16.6,0.489,0.0,0.1,0.0,8.1,16.6,0.49,6.5,8.9,0.733,5.4,11.0,16.4,1.9,0.7,2.1,3.8,4.9,22.7,109.0,108.0,1992,Rony Seikaly-1992,0.0,Not Selected,Center,MIA,0.03432700993676603
1991-92,Brad Sellers,sellebr01,PF,29,DET,43,1,226,9.5,20.4,0.466,0.0,0.2,0.0,9.5,20.2,0.47100000000000003,4.6,6.0,0.769,3.5,6.3,9.7,3.2,0.2,2.3,3.5,4.6,23.7,104.0,107.0,1992,Brad Sellers-1992,0.0,Not Selected,Forward,DET,0.04336043360433604
1991-92,Charles Shackleford,shackch01,C,25,PHI,72,62,1399,7.5,15.4,0.486,0.0,0.0,0.0,7.5,15.4,0.48700000000000004,2.3,3.5,0.6629999999999999,5.3,9.9,15.2,1.7,1.4,1.9,2.3,7.5,17.3,107.0,107.0,1992,Charles Shackleford-1992,0.0,Not Selected,Center,PHI,0.031616982836495035
1991-92,Brian Shaw,shawbr01,PG,25,TOT,63,26,1423,7.3,17.8,0.40700000000000003,0.2,0.8,0.217,7.1,17.0,0.41600000000000004,2.5,3.2,0.7909999999999999,1.7,5.4,7.1,8.7,2.0,0.8,3.4,4.0,17.2,98.0,110.0,1992,Brian Shaw-1992,0.0,Not Selected,Guard,TOT,0.03333333333333333
1991-92,Lionel Simmons,simmoli01,SF,23,SAC,78,78,2895,8.8,19.3,0.45399999999999996,0.0,0.1,0.2,8.8,19.3,0.455,4.7,6.1,0.77,2.5,8.1,10.6,5.6,2.2,2.2,3.6,3.4,22.2,102.0,107.0,1992,Lionel Simmons-1992,0.0,Not Selected,Forward,SAC,0.026196928635953028
1991-92,Scott Skiles,skilesc01,PG,27,ORL,75,63,2377,7.4,17.9,0.414,1.9,5.2,0.364,5.5,12.7,0.434,5.1,5.7,0.895,0.7,3.4,4.2,11.2,1.5,0.1,4.8,3.9,21.8,106.0,113.0,1992,Scott Skiles-1992,0.0,Not Selected,Guard,ORL,0.018970189701897018
1991-92,Charles Smith,smithch01,SF,26,LAC,49,25,1310,9.5,20.5,0.466,0.0,0.2,0.0,9.5,20.2,0.47100000000000003,8.0,10.3,0.785,3.6,7.8,11.4,2.1,1.6,3.7,2.6,6.0,27.1,112.0,102.0,1992,Charles Smith-1992,0.0,Not Selected,Forward,LAC,0.04065040650406504
1991-92,Doug Smith,smithdo03,PF,22,DAL,76,32,1707,8.7,20.9,0.415,0.0,0.3,0.0,8.7,20.6,0.42100000000000004,2.7,3.6,0.736,3.8,7.8,11.6,3.8,1.8,1.0,2.9,7.7,20.0,96.0,109.0,1992,Doug Smith-1992,0.0,Not Selected,Forward,DAL,0.01987353206865402
1991-92,Kenny Smith,smithke01,PG,26,HOU,81,80,2735,8.0,16.8,0.475,1.0,2.5,0.39399999999999996,7.0,14.3,0.489,4.0,4.7,0.866,0.6,2.6,3.3,10.4,1.9,0.1,4.2,2.1,21.0,109.0,112.0,1992,Kenny Smith-1992,0.0,Not Selected,Guard,HOU,0.037940379403794036
1991-92,LaBradford Smith,smithla02,SG,22,WSB,48,5,708,6.9,17.1,0.40700000000000003,0.1,1.5,0.095,6.8,15.6,0.436,3.1,3.9,0.804,2.1,3.5,5.6,6.9,3.1,0.1,4.4,6.8,17.1,91.0,108.0,1992,LaBradford Smith-1992,0.0,Not Selected,Guard,WAS,0.022583559168925023
1991-92,Larry Smith,smithla01,PF,34,HOU,45,7,800,3.2,5.8,0.5429999999999999,0.0,0.1,0.0,3.2,5.7,0.5489999999999999,0.3,0.7,0.364,6.7,9.4,16.1,2.1,1.3,0.4,2.8,7.6,6.6,104.0,107.0,1992,Larry Smith-1992,0.0,Not Selected,Forward,HOU,0.037940379403794036
1991-92,Otis Smith,smithot01,SG,28,ORL,55,5,877,6.5,17.8,0.365,0.4,1.2,0.381,6.0,16.6,0.364,3.9,5.1,0.769,2.2,4.2,6.5,3.2,2.0,0.7,3.5,4.7,17.3,89.0,111.0,1992,Otis Smith-1992,0.0,Not Selected,Guard,ORL,0.018970189701897018
1991-92,Steve Smith,smithst01,SG,22,MIA,61,59,1806,8.1,17.8,0.45399999999999996,1.1,3.4,0.32,7.0,14.4,0.486,2.6,3.5,0.748,2.2,2.9,5.1,7.6,1.6,0.5,4.1,4.4,19.8,103.0,113.0,1992,Steve Smith-1992,0.0,Not Selected,Guard,MIA,0.03432700993676603
1991-92,Tony Smith,smithto02,PG,23,LAL,63,0,820,7.2,17.9,0.39899999999999997,0.0,0.7,0.0,7.2,17.2,0.415,3.1,4.7,0.653,2.0,2.8,4.8,6.9,2.5,0.5,3.2,5.8,17.4,95.0,111.0,1992,Tony Smith-1992,0.0,Not Selected,Guard,LAL,0.03884372177055104
1991-92,Rik Smits,smitsri01,C,25,IND,74,55,1772,11.9,23.4,0.51,0.0,0.1,0.0,11.9,23.3,0.511,4.2,5.3,0.7879999999999999,3.4,8.0,11.4,3.2,0.8,2.7,3.6,6.3,28.0,106.0,109.0,1992,Rik Smits-1992,0.0,Not Selected,Center,IND,0.036133694670280034
1991-92,Mike Smrek,smrekmi01,C,29,GSW,2,0,3,0.0,0.0,0.0,0.0,0.0,0.0,0.0,0.0,0.0,0.0,0.0,0.0,0.0,15.5,15.5,0.0,0.0,0.0,0.0,0.0,0.0,0.0,107.0,1992,Mike Smrek-1992,0.0,Not Selected,Center,GSW,0.04968383017163505
1991-92,Rory Sparrow,sparrro01,PG,33,TOT,46,0,489,6.2,16.0,0.384,0.3,1.6,0.2,5.8,14.4,0.40399999999999997,0.8,1.4,0.615,0.3,2.7,3.0,8.8,1.3,0.5,3.5,6.0,13.5,88.0,113.0,1992,Rory Sparrow-1992,0.0,Not Selected,Guard,TOT,0.03333333333333333
1991-92,Felton Spencer,spencfe01,C,24,MIN,61,54,1481,4.8,11.3,0.426,0.0,0.0,0.0,4.8,11.3,0.426,4.2,6.1,0.691,5.7,9.1,14.8,1.8,0.9,2.7,2.4,8.2,13.8,105.0,110.0,1992,Felton Spencer-1992,0.0,Not Selected,Center,MIN,0.013550135501355014
1991-92,John Starks,starkjo01,SG,26,NYK,82,0,2118,9.9,22.0,0.449,2.3,6.6,0.348,7.6,15.4,0.49200000000000005,5.7,7.4,0.778,1.1,3.6,4.7,6.7,2.5,0.4,3.7,5.6,27.8,111.0,105.0,1992,John Starks-1992,0.0,Not Selected,Guard,NYK,0.04607046070460705
1991-92,Larry Stewart,stewala01,PF,23,WSB,76,43,2229,6.7,13.0,0.514,0.0,0.1,0.0,6.7,12.9,0.516,4.1,5.1,0.807,4.1,5.8,9.9,2.6,1.1,1.0,2.5,5.0,17.5,113.0,110.0,1992,Larry Stewart-1992,0.0,Not Selected,Forward,WAS,0.022583559168925023
1991-92,John Stockton,stockjo01,PG,29,UTA,82,82,3002,7.6,15.7,0.48200000000000004,1.4,3.4,0.40700000000000003,6.2,12.3,0.503,5.2,6.1,0.8420000000000001,1.1,3.4,4.5,18.9,4.1,0.4,4.8,3.9,21.7,120.0,104.0,1992,John Stockton-1992,2.0,2nd,Guard,UTA,0.04968383017163505
1991-92,Rod Strickland,stricro02,PG,25,SAS,57,54,2053,7.3,16.0,0.455,0.1,0.4,0.33299999999999996,7.2,15.7,0.45799999999999996,4.4,6.4,0.687,2.2,4.2,6.4,11.9,2.9,0.4,3.9,3.0,19.1,108.0,105.0,1992,Rod Strickland-1992,0.0,Not Selected,Guard,SAS,0.04245709123757904
1991-92,Derek Strong,stronde01,PF,23,WSB,1,0,12,0.0,16.4,0.0,0.0,0.0,0.0,0.0,16.4,0.0,12.3,16.4,0.75,4.1,16.4,20.5,4.1,0.0,0.0,4.1,4.1,12.3,66.0,105.0,1992,Derek Strong-1992,0.0,Not Selected,Forward,WAS,0.022583559168925023
1991-92,Lamont Strothers,strotla01,SG,23,POR,4,0,17,11.4,34.2,0.33299999999999996,0.0,5.7,0.0,11.4,28.5,0.4,5.7,11.4,0.5,2.9,0.0,2.9,2.9,2.9,2.9,5.7,5.7,28.5,77.0,105.0,1992,Lamont Strothers-1992,0.0,Not Selected,Guard,POR,0.051490514905149054
1991-92,Jon Sundvold,sundvjo01,PG,30,MIA,3,0,8,6.1,18.4,0.33299999999999996,6.1,6.1,1.0,0.0,12.3,0.0,0.0,0.0,0.0,0.0,0.0,0.0,12.3,0.0,0.0,0.0,12.3,18.4,135.0,119.0,1992,Jon Sundvold-1992,0.0,Not Selected,Guard,MIA,0.03432700993676603
1991-92,Greg Sutton,suttogr01,PG,24,SAS,67,2,601,7.7,19.9,0.38799999999999996,2.2,7.4,0.292,5.6,12.5,0.444,2.8,3.7,0.7559999999999999,0.5,3.4,3.9,7.6,2.2,0.7,5.8,9.2,20.4,89.0,106.0,1992,Greg Sutton-1992,0.0,Not Selected,Guard,SAS,0.04245709123757904
1991-92,Terry Teagle,teaglte01,SG,31,LAL,82,0,1602,11.8,26.1,0.452,0.0,0.1,0.25,11.8,26.0,0.45299999999999996,4.9,6.4,0.7659999999999999,2.9,3.0,5.9,3.7,2.1,0.3,3.7,4.8,28.5,100.0,111.0,1992,Terry Teagle-1992,0.0,Not Selected,Guard,LAL,0.03884372177055104
1991-92,Carl Thomas,thomaca01,SG,22,SAC,1,0,31,7.8,18.7,0.41700000000000004,1.6,3.1,0.5,6.2,15.5,0.4,1.6,3.1,0.5,0.0,0.0,0.0,1.6,1.6,0.0,1.6,4.7,18.7,93.0,116.0,1992,Carl Thomas-1992,0.0,Not Selected,Guard,SAC,0.026196928635953028
1991-92,Charles Thomas,thomach01,SG,22,DET,36,0,156,6.0,17.1,0.353,0.7,5.7,0.11800000000000001,5.4,11.4,0.47100000000000003,3.4,5.0,0.667,2.0,5.4,7.4,7.4,1.3,0.3,5.7,6.7,16.1,84.0,107.0,1992,Charles Thomas-1992,0.0,Not Selected,Guard,DET,0.04336043360433604
1991-92,Isiah Thomas,thomais01,PG,30,DET,78,78,2918,10.1,22.7,0.446,0.4,1.5,0.29100000000000004,9.7,21.2,0.45799999999999996,5.2,6.8,0.772,1.2,3.2,4.4,10.1,2.1,0.3,4.5,3.5,26.0,105.0,107.0,1992,Isiah Thomas-1992,0.0,Not Selected,Guard,DET,0.04336043360433604
1991-92,Billy Thompson,thompbi01,SF,28,GSW,1,0,1,0.0,0.0,0.0,0.0,0.0,0.0,0.0,0.0,0.0,0.0,0.0,0.0,0.0,0.0,0.0,0.0,0.0,0.0,0.0,0.0,0.0,0.0,119.0,1992,Billy Thompson-1992,0.0,Not Selected,Forward,GSW,0.04968383017163505
1991-92,LaSalle Thompson,thompla01,C,30,IND,80,49,1299,6.3,13.4,0.46799999999999997,0.0,0.1,0.0,6.3,13.3,0.47100000000000003,2.2,2.7,0.8170000000000001,3.7,10.6,14.2,3.8,1.9,1.3,3.7,7.7,14.7,98.0,106.0,1992,LaSalle Thompson-1992,0.0,Not Selected,Center,IND,0.036133694670280034
1991-92,Stephen Thompson,thompst01,SG,23,TOT,19,0,91,7.4,19.6,0.37799999999999995,0.0,0.5,0.0,7.4,19.1,0.389,1.6,4.2,0.375,5.8,4.2,10.1,4.2,3.2,1.6,2.7,4.8,16.5,89.0,108.0,1992,Stephen Thompson-1992,0.0,Not Selected,Guard,TOT,0.03333333333333333
1991-92,Bob Thornton,thornbo01,PF,29,UTA,2,0,6,8.4,58.6,0.14300000000000002,0.0,0.0,0.0,8.4,58.6,0.14300000000000002,16.8,16.8,1.0,16.8,0.0,16.8,0.0,0.0,0.0,0.0,8.4,33.5,79.0,115.0,1992,Bob Thornton-1992,0.0,Not Selected,Forward,UTA,0.04968383017163505
1991-92,Otis Thorpe,thorpot01,PF,29,HOU,82,82,3056,9.2,15.6,0.5920000000000001,0.0,0.1,0.0,9.2,15.5,0.596,5.0,7.6,0.657,4.7,9.5,14.2,4.1,0.9,0.6,3.9,5.1,23.5,115.0,108.0,1992,Otis Thorpe-1992,0.0,Not Selected,Forward,HOU,0.037940379403794036
1991-92,Sedale Threatt,threase01,PG,30,LAL,82,82,3070,8.6,17.6,0.489,0.3,1.0,0.32299999999999995,8.3,16.6,0.499,3.4,4.1,0.831,0.7,3.6,4.3,10.0,2.8,0.3,3.1,3.9,21.0,112.0,110.0,1992,Sedale Threatt-1992,0.0,Not Selected,Guard,LAL,0.03884372177055104
1991-92,Wayman Tisdale,tisdawa01,PF,27,SAC,72,71,2521,10.0,19.9,0.5,0.0,0.0,0.0,10.0,19.9,0.501,2.9,3.8,0.763,2.6,6.4,9.0,2.0,1.1,1.5,2.4,4.7,22.8,105.0,111.0,1992,Wayman Tisdale-1992,0.0,Not Selected,Forward,SAC,0.026196928635953028
1991-92,Tom Tolbert,tolbeto01,PF,26,GSW,35,0,310,4.9,12.9,0.384,0.3,1.2,0.25,4.6,11.7,0.397,3.3,6.0,0.55,2.1,6.1,8.2,3.1,1.5,0.9,3.0,10.9,13.5,90.0,110.0,1992,Tom Tolbert-1992,0.0,Not Selected,Forward,GSW,0.04968383017163505
1991-92,Trent Tucker,tucketr01,SG,32,SAS,24,0,415,7.2,15.5,0.465,2.3,5.8,0.396,4.9,9.7,0.506,1.9,2.4,0.8,1.0,3.5,4.4,3.2,2.5,0.4,1.7,4.7,18.6,115.0,106.0,1992,Trent Tucker-1992,0.0,Not Selected,Guard,SAS,0.04245709123757904
1991-92,Andre Turner,turnean01,PG,27,WSB,70,3,871,6.3,14.7,0.425,0.1,0.9,0.063,6.2,13.8,0.449,3.4,4.3,0.792,1.0,4.1,5.1,10.0,3.2,0.1,4.7,3.3,16.0,94.0,108.0,1992,Andre Turner-1992,0.0,Not Selected,Guard,WAS,0.022583559168925023
1991-92,Jeff Turner,turneje01,SF,29,ORL,75,42,1591,6.9,15.4,0.451,0.0,0.2,0.125,6.9,15.1,0.456,2.4,3.5,0.693,1.9,5.7,7.6,2.8,0.7,0.5,3.3,7.0,16.3,93.0,113.0,1992,Jeff Turner-1992,0.0,Not Selected,Forward,ORL,0.018970189701897018
1991-92,John Turner,turnejo01,SF,24,HOU,42,0,345,6.3,14.3,0.439,0.0,0.0,0.0,6.3,14.3,0.439,4.5,8.6,0.525,5.6,5.9,11.4,1.8,0.9,0.6,4.7,5.9,17.1,90.0,111.0,1992,John Turner-1992,0.0,Not Selected,Forward,HOU,0.037940379403794036
1991-92,Kiki Vandeweghe,vandeki01,SF,33,NYK,67,0,956,10.2,20.7,0.491,1.4,3.6,0.39399999999999996,8.8,17.1,0.511,3.5,4.4,0.802,1.7,3.1,4.8,3.1,0.8,0.4,1.5,4.7,25.2,118.0,109.0,1992,Kiki Vandeweghe-1992,0.0,Not Selected,Forward,NYK,0.04607046070460705
1991-92,Loy Vaught,vaughlo01,PF,23,LAC,79,38,1687,8.0,16.2,0.49200000000000005,0.1,0.1,0.8,7.9,16.1,0.489,1.6,2.0,0.797,4.7,10.4,15.1,2.1,1.1,0.9,1.9,4.9,17.7,109.0,104.0,1992,Loy Vaught-1992,0.0,Not Selected,Forward,LAC,0.04065040650406504
1991-92,João Vianna,viannjo01,SF,25,DAL,1,0,9,5.6,11.3,0.5,0.0,0.0,0.0,5.6,11.3,0.5,0.0,0.0,0.0,0.0,0.0,0.0,11.3,0.0,0.0,5.6,16.9,11.3,88.0,119.0,1992,João Vianna-1992,0.0,Not Selected,Forward,DAL,0.01987353206865402
1991-92,Sam Vincent,vincesa01,PG,28,ORL,39,18,885,8.3,19.3,0.43,0.1,0.7,0.077,8.2,18.6,0.44299999999999995,6.1,7.2,0.846,1.1,4.5,5.6,8.2,1.9,0.2,4.0,3.0,22.7,104.0,112.0,1992,Sam Vincent-1992,0.0,Not Selected,Guard,ORL,0.018970189701897018
1991-92,Alexander Volkov,volkoal01,C,27,ATL,77,27,1516,8.1,18.4,0.441,1.1,3.6,0.318,7.0,14.9,0.47100000000000003,4.0,6.4,0.631,3.3,5.2,8.6,8.1,2.1,1.0,3.3,5.8,21.4,108.0,109.0,1992,Alexander Volkov-1992,0.0,Not Selected,Center,ATL,0.03432700993676603
1991-92,Stojko Vranković,vrankst01,C,28,BOS,19,0,110,6.8,14.6,0.469,0.0,0.0,0.0,6.8,14.6,0.469,3.2,5.5,0.583,3.6,9.1,12.8,2.3,0.0,7.7,4.6,10.0,16.9,91.0,102.0,1992,Stojko Vranković-1992,0.0,Not Selected,Center,BOS,0.04607046070460705
1991-92,Darrell Walker,walkeda01,SG,30,DET,74,4,1541,5.5,13.0,0.423,0.0,0.3,0.0,5.5,12.6,0.434,2.2,3.6,0.619,2.9,5.2,8.1,7.0,2.1,0.6,2.7,4.6,13.2,101.0,105.0,1992,Darrell Walker-1992,0.0,Not Selected,Guard,DET,0.04336043360433604
1991-92,Spud Webb,webbsp01,PG,28,SAC,77,77,2724,7.9,17.8,0.445,1.3,3.5,0.36700000000000005,6.6,14.3,0.465,4.6,5.4,0.8590000000000001,0.5,3.4,3.9,9.7,2.2,0.4,4.1,3.4,21.8,106.0,112.0,1992,Spud Webb-1992,0.0,Not Selected,Guard,SAC,0.026196928635953028
1991-92,Doug West,westdo01,SG,24,MIN,80,72,2540,9.2,17.8,0.518,0.1,0.5,0.174,9.1,17.3,0.527,3.7,4.6,0.805,2.1,3.0,5.1,5.6,1.3,0.5,2.4,4.8,22.2,114.0,116.0,1992,Doug West-1992,0.0,Not Selected,Guard,MIN,0.013550135501355014
1991-92,Mark West,westma01,C,31,PHO,82,11,1436,6.6,10.4,0.632,0.0,0.0,0.0,6.6,10.4,0.632,3.7,5.8,0.637,4.5,8.0,12.5,0.7,0.5,2.7,2.8,8.0,16.9,117.0,106.0,1992,Mark West-1992,0.0,Not Selected,Center,PHO,0.04787714543812105
1991-92,Ennis Whatley,whatlen01,PG,29,POR,23,0,209,4.9,11.8,0.41200000000000003,0.0,0.9,0.0,4.9,10.9,0.447,6.3,7.2,0.871,1.4,3.5,4.9,7.9,3.2,0.7,3.2,2.8,16.0,112.0,104.0,1992,Ennis Whatley-1992,0.0,Not Selected,Guard,POR,0.051490514905149054
1991-92,Randy White,whitera01,PF,24,DAL,65,12,1021,7.2,19.0,0.38,0.2,1.3,0.14800000000000002,7.0,17.7,0.397,6.2,8.1,0.765,4.8,7.0,11.8,1.5,1.5,1.1,3.4,7.8,20.8,96.0,110.0,1992,Randy White-1992,0.0,Not Selected,Forward,DAL,0.01987353206865402
1991-92,Mitchell Wiggins,wiggimi01,SG,32,PHI,49,0,569,7.9,20.6,0.384,0.0,0.1,0.0,7.9,20.5,0.386,3.1,4.6,0.6859999999999999,3.9,4.6,8.5,2.0,1.8,0.1,2.2,6.0,19.0,93.0,112.0,1992,Mitchell Wiggins-1992,0.0,Not Selected,Guard,PHI,0.031616982836495035
1991-92,Morlon Wiley,wileymo01,PG,25,TOT,53,19,870,4.7,10.9,0.43,0.8,2.4,0.33299999999999996,3.9,8.5,0.457,1.4,2.0,0.6859999999999999,1.4,3.2,4.6,10.2,2.7,0.2,3.4,5.0,11.5,103.0,110.0,1992,Morlon Wiley-1992,0.0,Not Selected,Guard,TOT,0.03333333333333333
1991-92,Dominique Wilkins,wilkido01,SF,32,ATL,42,42,1601,13.0,28.0,0.46399999999999997,1.1,3.9,0.289,11.9,24.1,0.49200000000000005,9.0,10.8,0.835,3.2,5.9,9.0,4.8,1.6,0.7,3.7,2.4,36.1,113.0,110.0,1992,Dominique Wilkins-1992,0.0,Not Selected,Forward,ATL,0.03432700993676603
1991-92,Gerald Wilkins,wilkige01,SG,28,NYK,82,82,2344,9.5,21.2,0.447,0.8,2.4,0.35200000000000004,8.7,18.9,0.45899999999999996,2.6,3.5,0.73,1.6,2.9,4.5,4.8,1.7,0.4,2.5,4.3,22.4,104.0,107.0,1992,Gerald Wilkins-1992,0.0,Not Selected,Guard,NYK,0.04607046070460705
1991-92,Buck Williams,willibu01,PF,31,POR,80,80,2519,6.5,10.8,0.604,0.0,0.0,0.0,6.5,10.8,0.605,4.3,5.6,0.754,5.0,8.5,13.6,2.1,1.2,0.8,2.5,4.7,17.3,125.0,104.0,1992,Buck Williams-1992,0.0,Not Selected,Forward,POR,0.051490514905149054
1991-92,Herb Williams,willihe01,C,33,DAL,75,26,2040,9.1,21.2,0.431,0.0,0.1,0.16699999999999998,9.1,21.1,0.433,3.1,4.3,0.725,2.6,8.7,11.3,2.3,0.9,2.4,2.8,4.7,21.4,95.0,109.0,1992,Herb Williams-1992,0.0,Not Selected,Center,DAL,0.01987353206865402
1991-92,Hot Rod Williams,williho01,C,29,CLE,80,12,2432,7.1,14.1,0.503,0.0,0.1,0.0,7.1,14.0,0.506,5.6,7.5,0.752,4.7,7.9,12.6,4.1,1.2,3.8,1.7,4.0,19.8,124.0,106.0,1992,Hot Rod Williams-1992,0.0,Not Selected,Center,CLE,0.051490514905149054
1991-92,Jayson Williams,willija01,PF,23,PHI,50,8,646,5.9,16.3,0.364,0.0,0.0,0.0,5.9,16.3,0.364,4.4,7.0,0.636,4.9,6.6,11.5,1.0,1.6,1.6,3.5,8.7,16.3,88.0,109.0,1992,Jayson Williams-1992,0.0,Not Selected,Forward,PHI,0.031616982836495035
1991-92,Kenny Williams,willike03,SF,22,IND,60,6,565,9.7,18.7,0.518,0.0,0.3,0.0,9.7,18.4,0.528,2.2,3.7,0.605,5.5,5.6,11.1,3.4,1.7,3.5,1.9,8.5,21.6,114.0,108.0,1992,Kenny Williams-1992,0.0,Not Selected,Forward,IND,0.036133694670280034
1991-92,Micheal Williams,willimi02,PG,25,IND,79,76,2750,7.1,14.5,0.49,0.1,0.6,0.242,7.0,13.9,0.501,6.6,7.5,0.871,1.3,3.7,5.0,11.4,4.1,0.4,4.2,4.6,20.9,117.0,107.0,1992,Micheal Williams-1992,0.0,Not Selected,Guard,IND,0.036133694670280034
1991-92,Reggie Williams,willire01,SF,27,DEN,81,80,2623,11.2,23.7,0.47100000000000003,1.0,2.9,0.359,10.1,20.8,0.486,4.0,5.0,0.8029999999999999,2.7,4.8,7.5,4.4,2.7,1.3,3.2,5.0,27.4,109.0,107.0,1992,Reggie Williams-1992,0.0,Not Selected,Forward,DEN,0.02168021680216802
1991-92,Scott Williams,willisc01,PF,23,CHI,63,0,690,6.1,12.7,0.483,0.0,0.2,0.0,6.1,12.5,0.491,3.5,5.5,0.649,6.6,11.6,18.2,3.7,1.0,2.7,2.6,9.0,15.8,114.0,101.0,1992,Scott Williams-1992,0.0,Not Selected,Forward,CHI,0.06052393857271906
1991-92,Kevin Willis,willike02,PF,29,ATL,81,80,2962,9.8,20.3,0.483,0.1,0.6,0.162,9.7,19.7,0.493,4.8,6.0,0.804,6.9,13.9,20.8,2.9,1.2,0.9,3.3,3.7,24.5,111.0,105.0,1992,Kevin Willis-1992,3.0,3rd,Forward,ATL,0.03432700993676603
1991-92,Kennard Winchester,winchke01,SF-SG,25,TOT,19,0,81,8.2,19.0,0.433,0.6,1.3,0.5,7.6,17.8,0.429,5.1,6.3,0.8,3.8,5.7,9.5,5.1,1.3,1.3,1.3,3.2,22.2,118.0,106.0,1992,Kennard Winchester-1992,0.0,Not Selected,Forward,TOT,0.03333333333333333
1991-92,David Wingate,wingada01,SG,28,WSB,81,72,2127,6.1,13.2,0.465,0.0,0.4,0.055999999999999994,6.1,12.8,0.478,2.4,3.4,0.7190000000000001,1.8,4.4,6.2,5.7,2.8,0.5,2.9,3.7,14.7,100.0,108.0,1992,David Wingate-1992,0.0,Not Selected,Guard,WAS,0.022583559168925023
1991-92,Randy Wittman,wittmra01,SG,32,IND,24,0,115,3.4,8.0,0.42100000000000004,0.0,0.0,0.0,3.4,8.0,0.42100000000000004,0.4,0.8,0.5,0.4,3.4,3.8,4.6,0.8,0.0,1.3,1.7,7.2,98.0,115.0,1992,Randy Wittman-1992,0.0,Not Selected,Guard,IND,0.036133694670280034
1991-92,Joe Wolf,wolfjo01,C,27,DEN,67,0,1160,4.2,11.6,0.361,0.0,0.5,0.091,4.2,11.2,0.37200000000000005,2.2,2.8,0.8029999999999999,4.1,6.0,10.1,2.6,1.3,0.6,2.5,5.2,10.7,92.0,110.0,1992,Joe Wolf-1992,0.0,Not Selected,Center,DEN,0.02168021680216802
1991-92,Orlando Woolridge,woolror01,SF,32,DET,82,61,2113,11.2,22.5,0.498,0.0,0.2,0.111,11.2,22.3,0.502,6.0,8.8,0.6829999999999999,2.7,3.7,6.4,2.2,1.0,0.8,3.3,3.8,28.4,107.0,108.0,1992,Orlando Woolridge-1992,0.0,Not Selected,Forward,DET,0.04336043360433604
1991-92,James Worthy,worthja01,SF,30,LAL,54,54,2108,11.1,24.8,0.447,0.2,1.1,0.209,10.9,23.7,0.457,4.1,5.0,0.8140000000000001,2.4,5.1,7.5,6.2,1.9,0.6,3.1,2.2,26.5,104.0,110.0,1992,James Worthy-1992,0.0,Not Selected,Forward,LAL,0.03884372177055104
1991-92,Danny Young,youngda01,PG,29,TOT,62,5,1023,4.8,12.4,0.392,1.1,3.4,0.32899999999999996,3.7,9.0,0.41600000000000004,2.8,3.2,0.851,0.8,2.9,3.6,8.3,2.2,0.2,2.3,2.6,13.6,108.0,108.0,1992,Danny Young-1992,0.0,Not Selected,Guard,TOT,0.03333333333333333
1992-93,Alaa Abdelnaby,abdelal01,PF,24,TOT,75,52,1311,9.4,18.2,0.518,0.0,0.0,0.0,9.4,18.2,0.519,3.4,4.5,0.759,4.9,8.1,13.0,1.0,1.0,1.0,3.7,7.3,22.3,104.0,108.0,1993,Alaa Abdelnaby-1993,0.0,Not Selected,Forward,TOT,0.03333333333333333
1992-93,Mahmoud Abdul-Rauf,abdulma02,PG,23,DEN,81,81,2710,11.2,25.0,0.45,1.2,3.5,0.355,10.0,21.5,0.465,3.9,4.1,0.935,0.9,3.1,4.0,6.1,1.5,0.1,3.3,3.2,27.6,107.0,110.0,1993,Mahmoud Abdul-Rauf-1993,0.0,Not Selected,Guard,DEN,0.032520325203252036
1992-93,Mark Acres,acresma01,C,30,TOT,18,7,269,4.8,9.0,0.531,0.2,0.4,0.5,4.6,8.6,0.532,2.0,2.9,0.688,4.8,7.5,12.3,0.9,0.5,1.1,2.4,6.2,11.7,107.0,111.0,1993,Mark Acres-1993,0.0,Not Selected,Center,TOT,0.03333333333333333
1992-93,Michael Adams,adamsmi01,PG,30,WSB,70,70,2499,7.2,16.3,0.439,1.3,4.2,0.321,5.8,12.2,0.48,4.7,5.4,0.856,1.0,3.7,4.7,10.3,2.0,0.1,3.4,2.9,20.4,110.0,113.0,1993,Michael Adams-1993,0.0,Not Selected,Guard,WAS,0.01987353206865402
1992-93,Rafael Addison,addisra01,SF,28,NJN,68,15,1164,7.8,17.6,0.44299999999999995,0.3,1.5,0.20600000000000002,7.5,16.2,0.46399999999999997,2.4,3.0,0.8140000000000001,1.9,3.7,5.7,2.3,1.0,0.5,2.7,5.4,18.4,98.0,109.0,1993,Rafael Addison-1993,0.0,Not Selected,Forward,BRK,0.03884372177055104
1992-93,Mark Aguirre,aguirma01,SF,33,DET,51,15,1056,9.1,20.6,0.44299999999999995,1.5,4.0,0.361,7.7,16.5,0.46299999999999997,4.8,6.3,0.767,2.1,5.3,7.4,5.1,0.8,0.3,3.3,4.9,24.5,108.0,111.0,1993,Mark Aguirre-1993,0.0,Not Selected,Forward,DET,0.036133694670280034
1992-93,Danny Ainge,aingeda01,SG,33,PHO,80,0,2163,7.5,16.2,0.462,3.3,8.3,0.40299999999999997,4.2,8.0,0.522,2.7,3.2,0.848,1.1,3.7,4.8,5.8,1.5,0.2,2.5,3.9,21.1,120.0,110.0,1993,Danny Ainge-1993,0.0,Not Selected,Guard,PHO,0.05600722673893405
1992-93,Victor Alexander,alexavi01,C,23,GSW,72,59,1753,9.5,18.4,0.516,0.3,0.6,0.455,9.2,17.7,0.518,3.1,4.5,0.685,3.6,7.9,11.6,2.6,0.9,1.5,3.3,6.0,22.3,107.0,110.0,1993,Victor Alexander-1993,0.0,Not Selected,Center,GSW,0.03071364046973803
1992-93,Eric Anderson,anderer01,PF,22,NYK,16,0,44,5.8,20.8,0.278,0.0,0.0,0.0,5.8,20.8,0.278,12.7,15.0,0.846,6.9,9.2,16.2,3.5,3.5,1.2,5.8,16.2,24.2,94.0,93.0,1993,Eric Anderson-1993,0.0,Not Selected,Forward,NYK,0.05420054200542006
1992-93,Kenny Anderson,anderke01,PG,22,NJN,55,55,2010,9.2,21.1,0.435,0.2,0.6,0.28,9.0,20.5,0.44,4.5,5.8,0.7759999999999999,1.3,4.4,5.6,11.2,2.4,0.3,3.8,3.5,23.1,106.0,106.0,1993,Kenny Anderson-1993,0.0,Not Selected,Guard,BRK,0.03884372177055104
1992-93,Nick Anderson,anderni01,SG,25,ORL,79,76,2920,10.1,22.6,0.449,1.5,4.3,0.353,8.6,18.4,0.47100000000000003,5.1,6.9,0.741,2.1,6.1,8.1,4.5,2.2,1.0,2.8,3.4,26.9,109.0,106.0,1993,Nick Anderson-1993,0.0,Not Selected,Guard,ORL,0.037037037037037035
1992-93,Ron Anderson,anderro01,SF,34,PHI,69,0,1263,8.7,21.0,0.414,1.5,4.6,0.325,7.2,16.4,0.439,2.8,3.4,0.809,2.4,4.7,7.1,3.6,1.2,0.2,2.4,2.9,21.7,99.0,113.0,1993,Ron Anderson-1993,0.0,Not Selected,Forward,PHI,0.023486901535682024
1992-93,Willie Anderson,anderwi01,SG,26,SAS,38,7,560,7.2,16.7,0.43,0.1,0.7,0.125,7.1,16.0,0.444,2.0,2.5,0.7859999999999999,0.6,4.5,5.1,7.1,1.3,0.5,4.0,4.7,16.4,91.0,110.0,1993,Willie Anderson-1993,0.0,Not Selected,Guard,SAS,0.044263775971093045
1992-93,Greg Anthony,anthogr01,PG,25,NYK,70,35,1699,5.2,12.5,0.415,0.1,0.9,0.133,5.1,11.6,0.43700000000000006,3.2,4.8,0.6729999999999999,1.3,3.8,5.1,11.9,3.4,0.4,3.1,4.2,13.7,105.0,99.0,1993,Greg Anthony-1993,0.0,Not Selected,Guard,NYK,0.05420054200542006
1992-93,B.J. Armstrong,armstbj01,PG,25,CHI,82,74,2492,8.5,17.0,0.499,1.3,2.9,0.45299999999999996,7.2,14.1,0.508,2.7,3.1,0.861,0.6,2.5,3.1,6.9,1.4,0.1,1.7,3.5,21.0,123.0,111.0,1993,B.J. Armstrong-1993,0.0,Not Selected,Guard,CHI,0.051490514905149054
1992-93,Vincent Askew,askewvi01,SG,26,TOT,73,4,1129,6.7,13.6,0.49200000000000005,0.1,0.3,0.33299999999999996,6.6,13.4,0.495,4.6,6.6,0.705,2.7,4.4,7.1,5.4,1.8,0.8,3.0,6.0,18.1,112.0,108.0,1993,Vincent Askew-1993,0.0,Not Selected,Guard,TOT,0.03333333333333333
1992-93,Keith Askins,askinke01,SF,25,MIA,69,1,935,4.8,11.6,0.413,1.2,3.5,0.33799999999999997,3.6,8.0,0.446,1.6,2.2,0.725,4.0,6.7,10.7,1.7,1.7,1.6,2.0,7.7,12.3,105.0,107.0,1993,Keith Askins-1993,0.0,Not Selected,Forward,MIA,0.032520325203252036
1992-93,Stacey Augmon,augmost01,SG,24,ATL,73,66,2112,9.2,18.4,0.501,0.0,0.1,0.0,9.2,18.4,0.504,5.3,7.2,0.7390000000000001,3.3,3.4,6.7,4.0,2.1,0.4,3.7,3.3,23.8,109.0,112.0,1993,Stacey Augmon-1993,0.0,Not Selected,Guard,ATL,0.03884372177055104
1992-93,Isaac Austin,austiis01,C,23,UTA,46,3,306,8.1,18.2,0.446,0.0,0.2,0.0,8.1,18.0,0.45,4.7,7.1,0.659,6.2,6.7,12.8,1.0,1.3,2.3,3.7,9.7,21.0,98.0,107.0,1993,Isaac Austin-1993,0.0,Not Selected,Center,UTA,0.04245709123757904
1992-93,Anthony Avent,aventan01,PF,23,MIL,82,78,2285,7.6,17.5,0.433,0.0,0.0,0.0,7.6,17.5,0.434,2.4,3.8,0.6509999999999999,3.9,7.3,11.2,2.0,1.2,1.6,3.1,5.2,17.6,93.0,110.0,1993,Anthony Avent-1993,0.0,Not Selected,Forward,MIL,0.025293586269196026
1992-93,John Bagley,baglejo01,PG,32,BOS,10,0,97,4.7,13.0,0.36,0.0,0.5,0.0,4.7,12.5,0.375,2.6,3.1,0.833,0.5,3.1,3.6,10.4,1.0,0.0,8.9,5.7,12.0,70.0,112.0,1993,John Bagley-1993,0.0,Not Selected,Guard,BOS,0.04336043360433604
1992-93,Thurl Bailey,baileth01,PF,31,MIN,70,3,1276,8.1,17.9,0.455,0.0,0.0,0.0,8.1,17.9,0.455,4.8,5.7,0.838,2.1,6.5,8.6,2.4,0.8,1.9,2.4,3.5,21.0,104.0,113.0,1993,Thurl Bailey-1993,0.0,Not Selected,Forward,MIN,0.017163504968383016
1992-93,Steve Bardo,bardost01,SG,24,DAL,23,0,175,5.2,17.1,0.306,0.3,1.7,0.16699999999999998,5.0,15.4,0.321,3.3,4.7,0.706,2.8,7.4,10.2,8.0,2.2,0.8,4.7,7.7,14.1,81.0,112.0,1993,Steve Bardo-1993,0.0,Not Selected,Guard,DAL,0.00993676603432701
1992-93,Charles Barkley,barklch01,PF,29,PHO,76,76,2859,12.0,23.1,0.52,1.1,3.7,0.305,10.9,19.4,0.561,7.5,9.8,0.765,4.0,11.6,15.6,6.5,2.0,1.2,3.9,3.3,32.7,120.0,103.0,1993,Charles Barkley-1993,1.0,1st,Forward,PHO,0.05600722673893405
1992-93,Dana Barros,barroda01,PG,25,SEA,69,2,1243,8.6,19.1,0.451,2.6,6.8,0.379,6.0,12.3,0.49200000000000005,2.0,2.4,0.831,0.7,3.6,4.3,6.1,2.5,0.1,2.3,3.1,21.8,115.0,107.0,1993,Dana Barros-1993,0.0,Not Selected,Guard,OKC,0.04968383017163505
1992-93,Jon Barry,barryjo01,SG,23,MIL,47,0,552,6.9,18.6,0.369,1.9,5.7,0.33299999999999996,5.0,12.9,0.385,3.0,4.4,0.6729999999999999,0.9,3.0,3.9,6.2,3.2,0.3,3.8,5.2,18.6,92.0,111.0,1993,Jon Barry-1993,0.0,Not Selected,Guard,MIL,0.025293586269196026
1992-93,John Battle,battljo01,SG,30,CLE,41,0,497,8.5,20.4,0.415,0.1,0.6,0.16699999999999998,8.4,19.8,0.423,5.7,7.3,0.778,0.4,2.5,3.0,5.5,0.9,0.5,2.2,4.0,22.7,102.0,111.0,1993,John Battle-1993,0.0,Not Selected,Guard,CLE,0.04878048780487805
1992-93,Kenny Battle,battlke01,SG,28,BOS,3,1,29,10.5,22.7,0.462,0.0,1.7,0.0,10.5,20.9,0.5,3.5,3.5,1.0,12.2,7.0,19.2,3.5,1.7,0.0,3.5,3.5,24.4,112.0,108.0,1993,Kenny Battle-1993,0.0,Not Selected,Guard,BOS,0.04336043360433604
1992-93,William Bedford,bedfowi01,C,29,SAS,16,0,66,6.9,20.6,0.33299999999999996,0.8,0.8,1.0,6.1,19.8,0.308,4.6,9.1,0.5,0.8,6.9,7.6,0.0,0.0,0.8,0.8,11.4,19.1,84.0,110.0,1993,William Bedford-1993,0.0,Not Selected,Center,SAS,0.044263775971093045
1992-93,Benoit Benjamin,benjabe01,C,28,TOT,59,6,754,8.8,18.0,0.491,0.0,0.0,0.0,8.8,18.0,0.491,4.6,6.9,0.6629999999999999,3.4,10.5,13.8,1.5,2.1,3.2,5.2,8.9,22.2,94.0,101.0,1993,Benoit Benjamin-1993,0.0,Not Selected,Center,TOT,0.03333333333333333
1992-93,Tony Bennett,benneto01,PG,23,CHH,75,2,857,6.1,14.5,0.423,1.5,4.5,0.325,4.7,10.1,0.467,1.7,2.3,0.732,0.7,2.9,3.5,7.6,1.7,0.0,2.8,6.1,15.4,103.0,113.0,1993,Tony Bennett-1993,0.0,Not Selected,Guard,CHO,0.03974706413730804
1992-93,David Benoit,benoida01,SF,24,UTA,82,27,1712,7.5,17.2,0.436,1.0,2.8,0.34700000000000003,6.5,14.3,0.45299999999999996,3.3,4.4,0.75,3.4,8.0,11.4,1.2,1.3,1.2,2.6,5.8,19.3,101.0,107.0,1993,David Benoit-1993,0.0,Not Selected,Forward,UTA,0.04245709123757904
1992-93,Rolando Blackman,blackro01,SG,33,NYK,60,33,1434,8.5,19.1,0.44299999999999995,1.1,2.6,0.425,7.4,16.5,0.446,2.5,3.2,0.789,0.8,2.8,3.6,5.6,0.8,0.4,2.3,4.6,20.5,105.0,105.0,1993,Rolando Blackman-1993,0.0,Not Selected,Guard,NYK,0.05420054200542006
1992-93,Alex Blackwell,blackal01,SF,22,LAL,27,0,109,6.4,19.2,0.33299999999999996,0.0,1.4,0.0,6.4,17.9,0.359,2.7,3.7,0.75,4.6,6.0,10.5,3.2,1.8,0.9,2.3,6.4,15.6,89.0,109.0,1993,Alex Blackwell-1993,0.0,Not Selected,Forward,LAL,0.03523035230352303
1992-93,Lance Blanks,blankla01,SG,26,MIN,61,2,642,5.2,12.0,0.433,0.9,3.4,0.256,4.3,8.5,0.505,1.6,2.5,0.625,1.4,4.0,5.4,5.7,1.3,0.4,2.5,4.9,12.8,100.0,115.0,1993,Lance Blanks-1993,0.0,Not Selected,Guard,MIN,0.017163504968383016
1992-93,Ricky Blanton,blantri01,SF,26,CHI,2,0,13,12.0,27.9,0.429,0.0,0.0,0.0,12.0,27.9,0.429,0.0,0.0,0.0,8.0,4.0,12.0,4.0,8.0,0.0,4.0,4.0,24.0,96.0,96.0,1993,Ricky Blanton-1993,0.0,Not Selected,Forward,CHI,0.051490514905149054
1992-93,Mookie Blaylock,blaylmo01,PG,25,ATL,80,78,2820,7.2,16.8,0.429,2.1,5.5,0.375,5.2,11.3,0.456,2.1,2.9,0.728,1.6,3.3,4.9,11.7,3.5,0.4,3.3,2.7,18.6,113.0,109.0,1993,Mookie Blaylock-1993,0.0,Not Selected,Guard,ATL,0.03884372177055104
1992-93,Muggsy Bogues,boguemu01,PG,28,CHH,81,80,2833,5.6,12.3,0.45299999999999996,0.1,0.4,0.231,5.5,11.9,0.462,2.4,2.8,0.833,0.9,4.2,5.0,12.0,2.7,0.1,2.6,3.0,13.7,113.0,110.0,1993,Muggsy Bogues-1993,0.0,Not Selected,Guard,CHO,0.03974706413730804
1992-93,Manute Bol,bolma01,C,30,PHI,58,23,855,3.0,7.2,0.409,0.6,1.8,0.313,2.4,5.4,0.442,0.7,1.1,0.632,2.5,8.5,11.0,1.0,0.8,6.8,2.9,5.0,7.2,81.0,106.0,1993,Manute Bol-1993,0.0,Not Selected,Center,PHI,0.023486901535682024
1992-93,Walter Bond,bondwa01,SG,23,DAL,74,38,1578,6.9,17.3,0.402,0.2,1.3,0.16699999999999998,6.7,16.0,0.42100000000000004,3.9,5.1,0.772,1.6,4.4,6.0,3.7,2.3,0.6,3.4,6.8,18.0,92.0,114.0,1993,Walter Bond-1993,0.0,Not Selected,Guard,DAL,0.00993676603432701
1992-93,Anthony Bonner,bonnean01,PF,24,SAC,70,35,1764,6.2,13.4,0.461,0.0,0.2,0.0,6.2,13.2,0.467,3.9,6.5,0.593,5.1,7.2,12.3,2.6,2.3,0.5,2.8,4.9,16.2,103.0,108.0,1993,Anthony Bonner-1993,0.0,Not Selected,Forward,SAC,0.022583559168925023
1992-93,Anthony Bowie,bowiean01,SG,29,ORL,77,45,1761,7.6,16.1,0.47100000000000003,0.4,1.4,0.313,7.2,14.7,0.486,1.9,2.4,0.7979999999999999,1.0,4.5,5.5,5.0,1.5,0.4,2.4,3.7,17.5,105.0,109.0,1993,Anthony Bowie-1993,0.0,Not Selected,Guard,ORL,0.037037037037037035
1992-93,Sam Bowie,bowiesa01,C,31,NJN,79,65,2092,6.9,15.2,0.45,0.0,0.1,0.33299999999999996,6.8,15.1,0.451,3.4,4.3,0.779,3.8,9.5,13.3,3.0,0.8,3.1,2.9,5.4,17.1,104.0,103.0,1993,Sam Bowie-1993,0.0,Not Selected,Center,BRK,0.03884372177055104
1992-93,Terrell Brandon,brandte01,PG,22,CLE,82,8,1622,9.3,19.4,0.478,0.4,1.3,0.31,8.9,18.1,0.491,3.7,4.5,0.825,1.2,4.4,5.6,9.4,2.5,0.8,3.3,3.8,22.6,108.0,106.0,1993,Terrell Brandon-1993,0.0,Not Selected,Guard,CLE,0.04878048780487805
1992-93,Randy Breuer,breuera01,C,32,ATL,12,0,107,6.9,14.3,0.484,0.0,0.0,0.0,6.9,14.3,0.484,0.9,2.3,0.4,4.6,8.3,12.9,2.8,0.9,1.4,2.3,5.5,14.7,103.0,110.0,1993,Randy Breuer-1993,0.0,Not Selected,Center,ATL,0.03884372177055104
1992-93,Frank Brickowski,brickfr01,C,33,MIL,66,64,2075,11.0,20.1,0.545,0.2,0.6,0.308,10.8,19.5,0.5529999999999999,4.7,6.5,0.728,2.9,6.9,9.7,4.7,1.9,1.1,4.9,5.7,26.8,106.0,109.0,1993,Frank Brickowski-1993,0.0,Not Selected,Center,MIL,0.025293586269196026
1992-93,Kevin Brooks,brookke01,SF,23,DEN,55,2,571,7.8,19.6,0.39899999999999997,0.5,2.2,0.231,7.3,17.4,0.42,2.9,3.4,0.875,1.9,5.0,6.8,2.9,0.8,0.2,3.3,3.9,19.1,93.0,110.0,1993,Kevin Brooks-1993,0.0,Not Selected,Forward,DEN,0.032520325203252036
1992-93,Scott Brooks,brooksc01,PG,27,HOU,82,0,1516,6.1,12.9,0.475,1.4,3.3,0.414,4.8,9.6,0.49700000000000005,3.8,4.5,0.83,0.7,2.6,3.3,8.1,2.6,0.1,2.4,4.6,17.4,120.0,107.0,1993,Scott Brooks-1993,0.0,Not Selected,Guard,HOU,0.04968383017163505
1992-93,Chucky Brown,brownch01,SF,24,NJN,77,20,1186,6.7,14.0,0.483,0.0,0.2,0.0,6.7,13.7,0.491,3.0,4.1,0.7240000000000001,3.7,6.1,9.8,2.1,0.8,1.0,2.4,4.7,16.5,108.0,107.0,1993,Chucky Brown-1993,0.0,Not Selected,Forward,BRK,0.03884372177055104
1992-93,Dee Brown,brownde01,PG,24,BOS,80,48,2254,7.4,15.7,0.46799999999999997,0.6,1.8,0.317,6.8,13.9,0.488,4.3,5.4,0.7929999999999999,1.0,4.5,5.5,10.3,3.1,0.7,3.1,4.6,19.6,113.0,107.0,1993,Dee Brown-1993,0.0,Not Selected,Guard,BOS,0.04336043360433604
1992-93,Mike Brown,brownmi01,C,29,UTA,82,21,1551,5.6,13.1,0.43,0.0,0.0,0.0,5.6,13.1,0.431,3.6,5.3,0.6890000000000001,4.7,7.8,12.5,2.1,1.0,0.7,3.0,6.1,14.9,99.0,108.0,1993,Mike Brown-1993,0.0,Not Selected,Center,UTA,0.04245709123757904
1992-93,Randy Brown,brownra02,PG,24,SAC,75,34,1726,6.2,13.4,0.46299999999999997,0.1,0.2,0.33299999999999996,6.2,13.2,0.465,3.2,4.3,0.732,2.1,3.8,5.8,5.4,3.0,0.9,3.3,5.7,15.6,101.0,109.0,1993,Randy Brown-1993,0.0,Not Selected,Guard,SAC,0.022583559168925023
1992-93,Mark Bryant,bryanma01,C,27,POR,80,24,1396,6.5,12.8,0.503,0.0,0.0,0.0,6.5,12.8,0.504,3.6,5.1,0.703,4.6,6.7,11.2,1.4,1.3,0.8,2.3,7.8,16.5,111.0,106.0,1993,Mark Bryant-1993,0.0,Not Selected,Center,POR,0.04607046070460705
1992-93,Jud Buechler,buechju01,SF,24,GSW,70,9,1287,6.6,15.1,0.43700000000000006,0.7,2.2,0.33899999999999997,5.8,12.9,0.45299999999999996,2.4,3.3,0.747,3.0,4.3,7.3,3.5,1.8,0.7,2.1,3.7,16.4,108.0,111.0,1993,Jud Buechler-1993,0.0,Not Selected,Forward,GSW,0.03071364046973803
1992-93,Matt Bullard,bullama01,PF,25,HOU,79,4,1356,8.0,18.5,0.431,3.4,9.1,0.374,4.6,9.4,0.486,2.2,2.8,0.784,2.5,5.8,8.3,4.1,1.1,0.4,2.1,4.8,21.6,113.0,108.0,1993,Matt Bullard-1993,0.0,Not Selected,Forward,HOU,0.04968383017163505
1992-93,Willie Burton,burtowi01,SF,24,MIA,26,8,451,6.1,15.9,0.38299999999999995,0.6,1.7,0.33299999999999996,5.5,14.2,0.389,10.2,14.3,0.7170000000000001,2.5,5.4,7.9,1.8,1.5,1.8,5.6,6.5,23.0,94.0,109.0,1993,Willie Burton-1993,0.0,Not Selected,Forward,MIA,0.032520325203252036
1992-93,Steve Burtt,burttst01,SG,30,WSB,4,0,35,14.0,36.5,0.385,1.4,4.2,0.33299999999999996,12.6,32.3,0.391,11.2,14.0,0.8,2.8,1.4,4.2,8.4,2.8,0.0,5.6,7.0,40.7,98.0,112.0,1993,Steve Burtt-1993,0.0,Not Selected,Guard,WAS,0.01987353206865402
1992-93,Michael Cage,cagemi01,C,31,SEA,82,66,2156,5.1,9.6,0.526,0.0,0.0,0.0,5.1,9.6,0.528,1.4,3.0,0.469,6.2,9.1,15.3,1.6,1.8,1.1,1.4,4.2,11.6,119.0,104.0,1993,Michael Cage-1993,0.0,Not Selected,Center,OKC,0.04968383017163505
1992-93,Dexter Cambridge,cambrde01,SF,23,DAL,53,13,885,8.2,17.0,0.484,0.0,0.2,0.0,8.2,16.8,0.49,3.7,5.4,0.687,4.8,4.3,9.1,3.2,1.3,0.3,3.4,7.0,20.2,103.0,117.0,1993,Dexter Cambridge-1993,0.0,Not Selected,Forward,DAL,0.00993676603432701
1992-93,Elden Campbell,campbel01,PF,24,LAL,79,13,1551,7.7,16.7,0.45799999999999996,0.0,0.1,0.0,7.7,16.6,0.46,4.2,6.6,0.637,4.1,6.6,10.7,1.5,1.9,3.2,2.2,5.3,19.5,104.0,107.0,1993,Elden Campbell-1993,0.0,Not Selected,Forward,LAL,0.03523035230352303
1992-93,Tony Campbell,campbto01,SF,30,NYK,58,13,1062,9.3,18.9,0.49,0.1,0.2,0.4,9.2,18.7,0.491,2.8,4.2,0.6779999999999999,2.8,4.6,7.4,3.0,1.6,0.2,2.4,7.2,21.5,105.0,102.0,1993,Tony Campbell-1993,0.0,Not Selected,Forward,NYK,0.05420054200542006
1992-93,Antoine Carr,carran01,PF,31,SAS,71,46,1947,9.8,18.2,0.5379999999999999,0.0,0.1,0.0,9.8,18.1,0.541,4.5,5.8,0.777,2.8,7.3,10.0,2.5,0.9,2.2,2.5,6.8,24.1,113.0,107.0,1993,Antoine Carr-1993,0.0,Not Selected,Forward,SAS,0.044263775971093045
1992-93,Bill Cartwright,cartwbi01,C,35,CHI,63,63,1253,5.8,14.2,0.41100000000000003,0.0,0.0,0.0,5.8,14.2,0.41100000000000003,3.0,4.1,0.735,3.4,6.2,9.7,3.4,0.8,0.4,2.6,6.4,14.7,100.0,109.0,1993,Bill Cartwright-1993,0.0,Not Selected,Center,CHI,0.051490514905149054
1992-93,Terry Catledge,catlete01,PF,29,ORL,21,1,262,6.8,13.9,0.493,0.0,0.0,0.0,6.8,13.9,0.493,5.1,6.5,0.794,3.4,5.3,8.8,1.0,0.8,0.2,4.8,5.9,18.8,97.0,110.0,1993,Terry Catledge-1993,0.0,Not Selected,Forward,ORL,0.037037037037037035
1992-93,Duane Causwell,causwdu01,C,24,SAC,55,45,1211,6.9,12.6,0.545,0.0,0.0,0.0,6.9,12.6,0.547,4.1,6.5,0.624,4.4,7.5,11.9,1.4,1.3,3.4,2.3,7.6,17.8,113.0,107.0,1993,Duane Causwell-1993,0.0,Not Selected,Center,SAC,0.022583559168925023
1992-93,Cedric Ceballos,cebalce01,SF,23,PHO,74,46,1607,11.4,19.8,0.5760000000000001,0.0,0.1,0.0,11.4,19.8,0.5770000000000001,5.6,7.7,0.725,5.1,7.1,12.2,2.3,1.6,0.8,3.2,3.1,28.4,120.0,107.0,1993,Cedric Ceballos-1993,0.0,Not Selected,Forward,PHO,0.05600722673893405
1992-93,Tom Chambers,chambto01,PF,33,PHO,73,0,1723,8.9,20.0,0.447,0.3,0.8,0.39299999999999996,8.6,19.2,0.449,6.7,8.0,0.8370000000000001,2.7,7.0,9.6,2.8,1.2,0.6,2.6,5.9,24.9,111.0,108.0,1993,Tom Chambers-1993,0.0,Not Selected,Forward,PHO,0.05600722673893405
1992-93,Rex Chapman,chapmre01,SG,25,WSB,60,23,1300,10.8,22.8,0.47700000000000004,1.6,4.4,0.371,9.2,18.4,0.502,5.0,6.2,0.81,0.7,2.6,3.3,4.4,1.4,0.4,3.0,4.5,28.3,108.0,114.0,1993,Rex Chapman-1993,0.0,Not Selected,Guard,WAS,0.01987353206865402
1992-93,Maurice Cheeks,cheekma01,PG,36,NJN,35,0,510,5.0,9.1,0.5479999999999999,0.0,0.2,0.0,5.0,8.9,0.56,2.4,2.6,0.889,0.5,3.6,4.1,10.5,3.2,0.2,3.2,3.4,12.3,115.0,105.0,1993,Maurice Cheeks-1993,0.0,Not Selected,Guard,BRK,0.03884372177055104
1992-93,Pete Chilcutt,chilcpe01,PF,24,SAC,59,9,834,9.4,19.4,0.485,0.0,0.0,0.0,9.4,19.4,0.485,1.8,2.6,0.696,4.6,6.5,11.1,3.7,1.3,1.2,3.1,5.8,20.7,102.0,110.0,1993,Pete Chilcutt-1993,0.0,Not Selected,Forward,SAC,0.022583559168925023
1992-93,Doug Christie,chrisdo01,SG,22,LAL,23,0,332,6.8,15.9,0.425,0.3,1.8,0.16699999999999998,6.5,14.1,0.457,7.5,9.9,0.758,3.6,4.1,7.7,8.0,3.3,0.8,7.5,8.0,21.3,94.0,108.0,1993,Doug Christie-1993,0.0,Not Selected,Guard,LAL,0.03523035230352303
1992-93,Derrick Coleman,colemde01,PF,25,NJN,76,73,2759,10.2,22.2,0.46,0.4,1.8,0.23199999999999998,9.8,20.4,0.48,7.6,9.4,0.8079999999999999,4.5,11.0,15.4,5.0,1.7,2.3,4.4,3.8,28.5,110.0,101.0,1993,Derrick Coleman-1993,3.0,3rd,Forward,BRK,0.03884372177055104
1992-93,Bimbo Coles,colesbi01,PG,24,MIA,81,37,2232,7.2,15.6,0.46399999999999997,1.0,3.1,0.307,6.3,12.5,0.503,4.0,5.0,0.805,1.3,2.5,3.8,8.5,1.8,0.3,2.5,4.5,19.4,117.0,111.0,1993,Bimbo Coles-1993,0.0,Not Selected,Guard,MIA,0.032520325203252036
1992-93,Marty Conlon,conloma01,C,25,SAC,46,0,467,8.3,17.4,0.474,0.0,0.4,0.0,8.3,17.0,0.485,5.8,8.3,0.7040000000000001,4.9,7.6,12.5,3.8,1.3,0.5,2.9,4.4,22.3,110.0,110.0,1993,Marty Conlon-1993,0.0,Not Selected,Center,SAC,0.022583559168925023
1992-93,Lester Conner,connele01,PG,33,LAC,31,0,422,3.2,7.1,0.452,0.0,0.0,0.0,3.2,7.1,0.452,2.1,2.2,0.9470000000000001,1.8,3.8,5.6,7.5,3.9,0.5,2.4,4.5,8.5,110.0,106.0,1993,Lester Conner-1993,0.0,Not Selected,Guard,LAC,0.037037037037037035
1992-93,Duane Cooper,coopedu01,PG,23,LAL,65,0,645,4.8,12.2,0.392,0.5,2.3,0.233,4.3,9.9,0.43,1.9,2.7,0.7140000000000001,1.0,2.9,3.9,11.6,1.4,0.2,5.3,5.1,12.1,89.0,113.0,1993,Duane Cooper-1993,0.0,Not Selected,Guard,LAL,0.03523035230352303
1992-93,Tyrone Corbin,corbity01,SF,30,UTA,82,58,2555,7.5,14.9,0.503,0.0,0.1,0.0,7.5,14.8,0.506,3.5,4.2,0.826,3.8,6.3,10.1,3.4,2.1,0.6,2.1,4.9,18.5,114.0,107.0,1993,Tyrone Corbin-1993,0.0,Not Selected,Forward,UTA,0.04245709123757904
1992-93,Chris Corchiani,corchch01,PG,24,TOT,10,0,105,6.6,11.4,0.583,0.0,1.4,0.0,6.6,10.0,0.667,7.6,10.0,0.762,0.5,2.8,3.3,7.6,2.8,0.0,3.8,8.5,20.9,121.0,108.0,1993,Chris Corchiani-1993,0.0,Not Selected,Guard,TOT,0.03333333333333333
1992-93,Joe Courtney,courtjo01,PF,23,TOT,12,0,104,6.2,15.2,0.406,0.0,0.0,0.0,6.2,15.2,0.406,3.3,4.3,0.778,1.9,7.1,9.0,1.4,2.4,2.4,2.8,8.1,15.7,92.0,105.0,1993,Joe Courtney-1993,0.0,Not Selected,Forward,TOT,0.03333333333333333
1992-93,John Crotty,crottjo01,PG,23,UTA,40,0,243,7.6,14.7,0.514,0.4,2.9,0.14300000000000002,7.2,11.9,0.603,5.3,7.8,0.684,0.8,2.7,3.5,11.3,2.3,0.0,6.1,5.9,20.9,102.0,110.0,1993,John Crotty-1993,0.0,Not Selected,Guard,UTA,0.04245709123757904
1992-93,Terry Cummings,cummite01,PF,31,SAS,8,0,76,7.3,19.2,0.379,0.0,0.0,0.0,7.3,19.2,0.379,3.3,6.6,0.5,4.0,8.6,12.6,2.6,0.7,0.7,1.3,11.3,17.9,94.0,107.0,1993,Terry Cummings-1993,0.0,Not Selected,Forward,SAS,0.044263775971093045
1992-93,Radisav Ćurčić,curcira01,C,27,DAL,20,0,166,4.6,11.9,0.39,0.0,0.0,0.0,4.6,11.9,0.39,7.6,10.5,0.722,4.9,9.3,14.2,3.5,2.0,0.6,2.3,8.7,16.9,111.0,111.0,1993,Radisav Ćurčić-1993,0.0,Not Selected,Center,DAL,0.00993676603432701
1992-93,Dell Curry,curryde01,SG,28,CHH,80,0,2094,11.4,25.2,0.452,2.2,5.4,0.401,9.2,19.8,0.466,3.1,3.6,0.866,1.2,5.4,6.5,4.1,2.0,0.5,3.0,3.4,28.1,105.0,110.0,1993,Dell Curry-1993,0.0,Not Selected,Guard,CHO,0.03974706413730804
1992-93,Lloyd Daniels,daniell01,SG,25,SAS,77,10,1573,9.1,20.6,0.44299999999999995,1.9,5.7,0.33299999999999996,7.2,14.9,0.484,2.3,3.2,0.727,2.8,4.2,6.9,4.7,1.2,1.0,3.3,4.6,22.4,102.0,109.0,1993,Lloyd Daniels-1993,0.0,Not Selected,Guard,SAS,0.044263775971093045
1992-93,Brad Daugherty,daughbr01,C,27,CLE,71,71,2691,9.8,17.1,0.5710000000000001,0.0,0.0,0.5,9.8,17.1,0.5710000000000001,7.4,9.3,0.795,3.1,10.6,13.7,5.9,1.0,1.1,2.8,3.3,26.9,125.0,105.0,1993,Brad Daugherty-1993,0.0,Not Selected,Center,CLE,0.04878048780487805
1992-93,Dale Davis,davisda01,PF,23,IND,82,82,2264,6.7,11.8,0.568,0.0,0.0,0.0,6.7,11.8,0.568,2.6,5.0,0.529,6.4,9.5,16.0,1.5,1.4,3.3,1.7,6.1,16.1,120.0,106.0,1993,Dale Davis-1993,0.0,Not Selected,Forward,IND,0.037037037037037035
1992-93,Hubert Davis,davishu01,SG,22,NYK,50,2,815,6.9,15.6,0.43799999999999994,0.4,1.2,0.316,6.5,14.5,0.44799999999999995,2.7,3.4,0.7959999999999999,0.8,2.7,3.5,5.2,1.4,0.2,2.8,4.4,16.8,99.0,104.0,1993,Hubert Davis-1993,0.0,Not Selected,Guard,NYK,0.05420054200542006
1992-93,Terry Davis,daviste01,PF,25,DAL,75,74,2462,7.7,16.9,0.455,0.0,0.2,0.25,7.7,16.8,0.457,3.3,5.5,0.594,5.1,8.7,13.7,1.3,0.7,0.5,3.1,3.9,18.7,97.0,115.0,1993,Terry Davis-1993,0.0,Not Selected,Forward,DAL,0.00993676603432701
1992-93,Johnny Dawkins,dawkijo01,PG,29,PHI,74,10,1598,7.9,18.0,0.43700000000000006,0.8,2.6,0.31,7.1,15.4,0.45799999999999996,3.4,4.3,0.7959999999999999,1.0,3.1,4.1,10.3,2.4,0.1,3.7,2.8,20.0,103.0,112.0,1993,Johnny Dawkins-1993,0.0,Not Selected,Guard,PHI,0.023486901535682024
1992-93,Todd Day,dayto01,SG,23,MIL,71,37,1931,9.3,21.4,0.43200000000000005,1.4,4.8,0.293,7.9,16.7,0.47200000000000003,5.5,7.7,0.7170000000000001,3.7,3.8,7.5,3.0,1.9,1.2,3.1,5.7,25.4,105.0,112.0,1993,Todd Day-1993,0.0,Not Selected,Guard,MIL,0.025293586269196026
1992-93,Vinny Del Negro,delnevi01,PG,26,SAS,73,31,1526,7.2,14.2,0.507,0.2,0.8,0.25,7.0,13.4,0.522,3.3,3.9,0.863,0.6,4.7,5.4,9.6,1.5,0.0,3.0,4.8,17.9,113.0,109.0,1993,Vinny Del Negro-1993,0.0,Not Selected,Guard,SAS,0.044263775971093045
1992-93,Bison Dele,delebi01,PF,23,ORL,21,0,240,8.3,16.2,0.513,0.0,0.2,0.0,8.3,16.0,0.519,3.3,4.2,0.8,5.0,6.6,11.6,1.0,2.9,3.5,5.2,10.0,19.9,96.0,101.0,1993,Bison Dele-1993,0.0,Not Selected,Forward,ORL,0.037037037037037035
1992-93,Vlade Divac,divacvl01,C,24,LAL,82,69,2525,7.8,16.2,0.485,0.4,1.5,0.28,7.4,14.7,0.505,4.6,6.7,0.6890000000000001,4.3,10.1,14.4,4.6,2.5,2.8,4.2,6.1,20.8,104.0,103.0,1993,Vlade Divac-1993,0.0,Not Selected,Center,LAL,0.03523035230352303
1992-93,James Donaldson,donalja01,C,35,UTA,6,1,94,4.2,7.4,0.5710000000000001,0.0,0.0,0.0,4.2,7.4,0.5710000000000001,2.6,4.8,0.556,3.2,12.2,15.3,0.5,0.5,3.7,2.1,6.9,11.1,107.0,103.0,1993,James Donaldson-1993,0.0,Not Selected,Center,UTA,0.04245709123757904
1992-93,Sherman Douglas,douglsh01,PG,26,BOS,79,36,1932,6.9,13.9,0.498,0.2,0.8,0.207,6.8,13.1,0.515,2.2,3.9,0.56,1.7,2.5,4.2,13.3,1.3,0.3,4.2,4.3,16.2,106.0,112.0,1993,Sherman Douglas-1993,0.0,Not Selected,Guard,BOS,0.04336043360433604
1992-93,Greg Dreiling,dreilgr01,C,30,IND,43,0,239,4.0,12.1,0.32799999999999996,0.0,0.8,0.0,4.0,11.3,0.35200000000000004,1.7,3.1,0.5329999999999999,5.4,8.4,13.8,1.7,1.0,1.7,1.9,12.6,9.6,90.0,108.0,1993,Greg Dreiling-1993,0.0,Not Selected,Center,IND,0.037037037037037035
1992-93,Clyde Drexler,drexlcl01,SG,30,POR,49,49,1671,10.1,23.7,0.429,0.9,3.9,0.233,9.3,19.8,0.467,7.1,8.5,0.8390000000000001,3.7,5.3,9.0,8.1,2.8,1.1,3.3,4.6,28.3,112.0,104.0,1993,Clyde Drexler-1993,0.0,Not Selected,Guard,POR,0.04607046070460705
1992-93,Kevin Duckworth,duckwke01,C,28,POR,74,55,1762,8.3,18.9,0.43799999999999994,0.0,0.1,0.0,8.3,18.9,0.439,3.5,4.8,0.73,3.2,7.4,10.6,1.9,1.2,1.1,2.4,6.1,20.0,100.0,106.0,1993,Kevin Duckworth-1993,0.0,Not Selected,Center,POR,0.04607046070460705
1992-93,Chris Dudley,dudlech02,C,27,NJN,71,16,1398,3.4,9.5,0.353,0.0,0.0,0.0,3.4,9.5,0.353,2.0,3.9,0.518,7.7,10.7,18.3,0.6,0.6,3.7,1.9,7.0,8.8,97.0,102.0,1993,Chris Dudley-1993,0.0,Not Selected,Center,BRK,0.03884372177055104
1992-93,Joe Dumars,dumarjo01,SG,29,DET,77,77,3094,11.3,24.2,0.466,1.9,5.0,0.375,9.4,19.2,0.489,5.7,6.6,0.8640000000000001,1.0,1.4,2.5,5.1,1.3,0.1,2.3,2.3,30.1,118.0,113.0,1993,Joe Dumars-1993,2.0,2nd,Guard,DET,0.036133694670280034
1992-93,Richard Dumas,dumasri02,SF,23,PHO,48,32,1320,11.0,21.0,0.524,0.0,0.1,0.33299999999999996,11.0,20.9,0.525,5.5,7.8,0.7070000000000001,3.6,4.5,8.1,2.2,3.1,1.4,3.4,4.6,27.6,111.0,105.0,1993,Richard Dumas-1993,0.0,Not Selected,Forward,PHO,0.05600722673893405
1992-93,Pat Durham,durhapa01,SF,25,GSW,5,1,78,3.7,15.5,0.24,0.0,0.0,0.0,3.7,15.5,0.24,5.6,7.4,0.75,3.1,5.6,8.7,2.5,0.6,0.6,4.3,3.7,13.0,76.0,113.0,1993,Pat Durham-1993,0.0,Not Selected,Forward,GSW,0.03071364046973803
1992-93,Mark Eaton,eatonma01,C,36,UTA,64,57,1104,3.2,5.9,0.546,0.0,0.0,0.0,3.2,5.9,0.546,1.6,2.3,0.7,3.3,8.6,11.9,0.8,0.8,3.6,1.9,6.4,8.0,107.0,105.0,1993,Mark Eaton-1993,0.0,Not Selected,Center,UTA,0.04245709123757904
1992-93,Blue Edwards,edwarbl01,SF,27,MIL,82,81,2729,10.1,19.8,0.512,0.7,1.9,0.349,9.5,17.9,0.529,4.3,5.5,0.79,2.3,4.7,7.0,3.9,2.4,0.8,3.2,4.4,25.3,110.0,110.0,1993,Blue Edwards-1993,0.0,Not Selected,Forward,MIL,0.025293586269196026
1992-93,James Edwards,edwarja01,C,37,LAL,52,0,617,9.9,21.8,0.452,0.0,0.0,0.0,9.9,21.8,0.452,6.8,9.5,0.7120000000000001,2.4,5.7,8.1,3.3,0.8,0.6,4.1,9.9,26.5,99.0,112.0,1993,James Edwards-1993,0.0,Not Selected,Center,LAL,0.03523035230352303
1992-93,Kevin Edwards,edwarke01,SG,27,MIA,40,30,1134,9.7,20.7,0.46799999999999997,0.2,0.8,0.294,9.4,19.9,0.474,5.3,6.3,0.8440000000000001,2.1,3.3,5.4,5.4,3.0,0.5,3.4,3.1,24.9,108.0,108.0,1993,Kevin Edwards-1993,0.0,Not Selected,Guard,MIA,0.032520325203252036
1992-93,Craig Ehlo,ehlocr01,SG,31,CLE,82,73,2559,7.6,15.5,0.49,1.8,4.8,0.381,5.8,10.7,0.54,1.7,2.4,0.7170000000000001,2.2,5.7,8.0,5.0,2.1,0.4,2.5,3.4,18.8,111.0,106.0,1993,Craig Ehlo-1993,0.0,Not Selected,Guard,CLE,0.04878048780487805
1992-93,Mario Elie,eliema01,SF,29,POR,82,7,1757,6.6,14.5,0.45799999999999996,1.2,3.6,0.349,5.4,10.9,0.494,5.0,5.9,0.855,1.6,4.3,6.0,4.9,2.0,0.6,2.5,4.0,19.5,117.0,107.0,1993,Mario Elie-1993,0.0,Not Selected,Forward,POR,0.04607046070460705
1992-93,Sean Elliott,elliose01,SF,24,SAS,70,70,2604,8.7,17.7,0.491,0.7,2.0,0.35600000000000004,8.0,15.7,0.509,5.2,6.5,0.795,1.6,4.6,6.2,5.1,1.3,0.5,2.9,2.5,23.3,112.0,109.0,1993,Sean Elliott-1993,0.0,Not Selected,Forward,SAS,0.044263775971093045
1992-93,Dale Ellis,ellisda01,SG,32,SAS,82,76,2731,10.0,20.1,0.499,2.2,5.5,0.401,7.8,14.6,0.536,2.9,3.6,0.797,1.5,4.3,5.7,2.0,1.4,0.3,2.0,3.3,25.2,113.0,110.0,1993,Dale Ellis-1993,0.0,Not Selected,Guard,SAS,0.044263775971093045
1992-93,LaPhonso Ellis,ellisla01,PF,22,DEN,82,82,2749,8.5,16.8,0.504,0.0,0.2,0.154,8.4,16.5,0.509,4.1,5.5,0.748,4.8,8.2,13.0,2.6,1.3,1.9,2.7,5.1,21.1,113.0,105.0,1993,LaPhonso Ellis-1993,0.0,Not Selected,Forward,DEN,0.032520325203252036
1992-93,Pervis Ellison,ellispe01,C,25,WSB,49,48,1701,9.9,18.9,0.521,0.0,0.1,0.0,9.9,18.8,0.524,4.9,7.0,0.7020000000000001,4.0,8.5,12.5,3.4,1.3,3.1,3.2,4.4,24.6,109.0,108.0,1993,Pervis Ellison-1993,0.0,Not Selected,Center,WAS,0.01987353206865402
1992-93,Jo Jo English,englijo01,SG,22,CHI,6,0,31,5.0,16.7,0.3,0.0,5.0,0.0,5.0,11.7,0.429,0.0,3.3,0.0,3.3,6.7,10.0,1.7,5.0,3.3,6.7,8.4,10.0,53.0,97.0,1993,Jo Jo English-1993,0.0,Not Selected,Guard,CHI,0.051490514905149054
1992-93,Patrick Ewing,ewingpa01,C,30,NYK,81,81,3003,13.2,26.2,0.503,0.0,0.1,0.14300000000000002,13.2,26.1,0.504,6.8,9.4,0.7190000000000001,3.2,13.3,16.6,2.6,1.3,2.7,4.5,4.8,33.1,105.0,94.0,1993,Patrick Ewing-1993,2.0,2nd,Center,NYK,0.05420054200542006
1992-93,Duane Ferrell,ferredu01,SF,27,ATL,82,15,1736,9.3,19.7,0.47,0.3,1.0,0.25,9.0,18.7,0.48200000000000004,5.0,6.4,0.779,2.7,2.7,5.4,3.7,1.7,0.5,2.9,4.5,23.8,109.0,113.0,1993,Duane Ferrell-1993,0.0,Not Selected,Forward,ATL,0.03884372177055104
1992-93,Danny Ferry,ferryda01,PF,26,CLE,76,1,1461,7.6,15.9,0.479,1.2,2.8,0.415,6.4,13.1,0.493,3.4,3.9,0.8759999999999999,2.8,6.9,9.7,4.7,1.0,1.7,2.9,5.9,19.9,111.0,107.0,1993,Danny Ferry-1993,0.0,Not Selected,Forward,CLE,0.04878048780487805
1992-93,Vern Fleming,flemive01,PG,30,IND,75,8,1503,9.3,18.4,0.505,0.2,1.2,0.19399999999999998,9.1,17.2,0.527,4.8,6.6,0.726,2.1,3.5,5.6,7.5,2.1,0.3,4.0,4.2,23.6,109.0,112.0,1993,Vern Fleming-1993,0.0,Not Selected,Guard,IND,0.037037037037037035
1992-93,Sleepy Floyd,floydsl01,PG,32,HOU,52,10,867,7.3,17.9,0.40700000000000003,0.9,3.3,0.28600000000000003,6.3,14.6,0.434,4.7,6.0,0.794,0.8,4.2,5.0,7.7,1.9,0.4,4.0,3.5,20.2,100.0,108.0,1993,Sleepy Floyd-1993,0.0,Not Selected,Guard,HOU,0.04968383017163505
1992-93,Greg Foster,fostegr01,PF,24,TOT,43,0,298,9.1,19.8,0.45799999999999996,0.0,0.7,0.0,9.1,19.1,0.474,2.5,3.5,0.7140000000000001,5.3,8.4,13.7,3.5,0.5,2.3,4.1,9.6,20.6,97.0,110.0,1993,Greg Foster-1993,0.0,Not Selected,Forward,TOT,0.03333333333333333
1992-93,Rick Fox,foxri01,SF,23,BOS,71,14,1082,8.6,17.8,0.484,0.2,1.1,0.174,8.4,16.7,0.504,3.8,4.7,0.802,2.6,4.9,7.4,5.3,2.9,1.0,3.6,6.2,21.2,105.0,106.0,1993,Rick Fox-1993,0.0,Not Selected,Forward,BOS,0.04336043360433604
1992-93,Kevin Gamble,gamblke01,SF,27,BOS,82,58,2541,9.1,18.0,0.507,1.0,2.8,0.374,8.1,15.3,0.531,2.4,3.0,0.826,0.9,4.0,4.9,4.5,1.7,0.7,1.6,3.7,21.8,117.0,110.0,1993,Kevin Gamble-1993,0.0,Not Selected,Forward,BOS,0.04336043360433604
1992-93,Winston Garland,garlawi01,PG,28,HOU,66,4,1004,7.7,17.4,0.44299999999999995,0.3,0.7,0.462,7.4,16.7,0.442,4.1,4.5,0.91,1.6,3.8,5.5,7.0,2.0,0.2,3.4,5.9,19.8,105.0,108.0,1993,Winston Garland-1993,0.0,Not Selected,Guard,HOU,0.04968383017163505
1992-93,Chris Gatling,gatlich01,PF,25,GSW,70,11,1248,9.6,17.9,0.539,0.0,0.2,0.0,9.6,17.6,0.546,5.8,8.0,0.725,5.0,7.4,12.4,1.5,1.7,2.0,3.9,7.6,25.0,111.0,108.0,1993,Chris Gatling-1993,0.0,Not Selected,Forward,GSW,0.03071364046973803
1992-93,Kenny Gattison,gattike01,PF,28,CHH,75,5,1475,6.6,12.5,0.529,0.0,0.1,0.0,6.6,12.4,0.5329999999999999,3.3,5.5,0.604,3.5,8.0,11.5,2.2,1.6,1.8,2.1,7.7,16.5,112.0,108.0,1993,Kenny Gattison-1993,0.0,Not Selected,Forward,CHO,0.03974706413730804
1992-93,Matt Geiger,geigema01,C,23,MIA,48,2,554,7.0,13.3,0.524,0.0,0.4,0.0,7.0,12.9,0.539,5.7,8.4,0.674,4.2,6.8,11.0,1.3,1.4,1.6,3.3,11.3,19.6,109.0,108.0,1993,Matt Geiger-1993,0.0,Not Selected,Center,MIA,0.032520325203252036
1992-93,Tate George,georgta01,PG,24,NJN,48,1,380,6.7,17.8,0.37799999999999995,0.0,0.7,0.0,6.7,17.1,0.392,2.6,3.2,0.833,1.2,2.4,3.6,7.8,1.3,0.4,4.1,3.3,16.0,90.0,110.0,1993,Tate George-1993,0.0,Not Selected,Guard,BRK,0.03884372177055104
1992-93,Kendall Gill,gillke01,SG,24,CHH,69,67,2430,9.1,20.3,0.449,0.3,1.2,0.27399999999999997,8.8,19.1,0.46,4.4,5.7,0.772,2.4,4.3,6.7,5.3,1.9,0.7,3.4,3.8,23.0,103.0,111.0,1993,Kendall Gill-1993,0.0,Not Selected,Guard,CHO,0.03974706413730804
1992-93,Armen Gilliam,gilliar01,PF,28,PHI,80,26,1742,10.0,21.7,0.46399999999999997,0.0,0.0,0.0,10.0,21.6,0.46399999999999997,7.7,9.1,0.843,3.8,9.4,13.2,3.2,1.0,1.5,4.4,3.4,27.8,104.0,109.0,1993,Armen Gilliam-1993,0.0,Not Selected,Forward,PHI,0.023486901535682024
1992-93,Gerald Glass,glassge01,SF,25,TOT,60,5,848,8.6,20.6,0.419,0.4,2.0,0.212,8.2,18.6,0.441,1.5,2.4,0.6409999999999999,3.7,4.9,8.6,4.7,2.0,1.1,2.1,6.3,19.2,100.0,108.0,1993,Gerald Glass-1993,0.0,Not Selected,Forward,TOT,0.03333333333333333
1992-93,Mike Gminski,gminsmi01,C,33,CHH,34,0,251,8.0,15.8,0.506,0.0,0.0,0.0,8.0,15.8,0.506,1.7,1.9,0.9,6.5,9.7,16.2,1.3,0.2,1.7,2.1,5.3,17.7,112.0,109.0,1993,Mike Gminski-1993,0.0,Not Selected,Center,CHO,0.03974706413730804
1992-93,Paul Graham,grahapa01,SG,25,ATL,80,11,1508,8.4,18.3,0.457,1.4,4.6,0.298,7.0,13.7,0.511,3.1,4.3,0.733,2.0,4.2,6.2,5.4,2.8,0.2,3.9,6.0,21.2,103.0,110.0,1993,Paul Graham-1993,0.0,Not Selected,Guard,ATL,0.03884372177055104
1992-93,Gary Grant,grantga01,PG,27,LAC,74,8,1624,6.3,14.2,0.441,0.3,1.3,0.262,5.9,12.9,0.45899999999999996,1.6,2.2,0.743,0.8,3.3,4.1,10.5,3.2,0.3,3.8,5.0,14.5,99.0,108.0,1993,Gary Grant-1993,0.0,Not Selected,Guard,LAC,0.037037037037037035
1992-93,Greg Grant,grantgr01,PG,26,PHI,72,0,996,3.8,10.8,0.35,1.0,3.3,0.294,2.8,7.4,0.375,1.0,1.5,0.645,1.2,2.1,3.3,10.1,2.1,0.0,2.6,3.6,9.5,97.0,114.0,1993,Greg Grant-1993,0.0,Not Selected,Guard,PHI,0.023486901535682024
1992-93,Harvey Grant,grantha01,SF,27,WSB,72,72,2667,10.3,21.2,0.48700000000000004,0.0,0.2,0.1,10.3,21.0,0.491,4.0,5.5,0.727,2.5,5.1,7.6,3.8,1.3,0.8,1.7,3.1,24.7,110.0,112.0,1993,Harvey Grant-1993,0.0,Not Selected,Forward,WAS,0.01987353206865402
1992-93,Horace Grant,grantho01,PF,27,CHI,77,77,2745,8.0,15.7,0.508,0.0,0.1,0.2,7.9,15.6,0.51,3.3,5.3,0.619,6.4,7.3,13.8,3.8,1.7,1.8,2.1,4.1,19.2,118.0,105.0,1993,Horace Grant-1993,0.0,Not Selected,Forward,CHI,0.051490514905149054
1992-93,Jeff Grayer,grayeje01,SG,27,GSW,48,12,1025,7.8,16.6,0.467,0.1,0.7,0.14300000000000002,7.7,16.0,0.48100000000000004,4.3,6.4,0.669,3.3,4.0,7.4,3.3,1.5,0.4,2.5,5.6,19.9,108.0,112.0,1993,Jeff Grayer-1993,0.0,Not Selected,Guard,GSW,0.03071364046973803
1992-93,A.C. Green,greenac01,PF,29,LAL,82,55,2819,6.7,12.5,0.537,0.3,0.8,0.348,6.4,11.7,0.55,4.9,6.6,0.7390000000000001,5.1,7.5,12.6,2.1,1.6,0.7,2.1,2.6,18.6,123.0,109.0,1993,A.C. Green-1993,0.0,Not Selected,Forward,LAL,0.03523035230352303
1992-93,Litterial Green,greenli01,PG,22,ORL,52,4,626,6.9,15.8,0.439,0.1,0.8,0.1,6.8,15.0,0.457,4.8,7.6,0.625,0.9,1.8,2.7,9.2,1.8,0.3,3.3,5.6,18.7,104.0,110.0,1993,Litterial Green-1993,0.0,Not Selected,Guard,ORL,0.037037037037037035
1992-93,Sean Green,greense01,SG,22,IND,13,0,81,17.3,34.0,0.509,1.9,6.2,0.3,15.4,27.8,0.556,1.9,2.5,0.75,2.5,3.1,5.6,4.3,1.2,0.6,5.6,6.8,38.3,99.0,113.0,1993,Sean Green-1993,0.0,Not Selected,Guard,IND,0.037037037037037035
1992-93,Sidney Green,greensi02,PF,32,TOT,39,0,329,5.1,13.3,0.382,0.0,0.3,0.0,5.1,13.0,0.391,3.7,4.6,0.8059999999999999,4.8,12.9,17.7,3.6,0.9,0.7,3.0,5.5,13.9,99.0,105.0,1993,Sidney Green-1993,0.0,Not Selected,Forward,TOT,0.03333333333333333
1992-93,Tom Gugliotta,guglito01,PF,23,WSB,81,81,2795,8.5,20.0,0.426,0.7,2.4,0.281,7.8,17.6,0.446,3.2,4.9,0.644,3.9,9.9,13.7,5.4,2.4,0.6,4.0,3.4,20.9,95.0,107.0,1993,Tom Gugliotta-1993,0.0,Not Selected,Forward,WAS,0.01987353206865402
1992-93,Jay Guidinger,guidija01,C,23,CLE,32,5,215,4.5,13.0,0.345,0.0,0.0,0.0,4.5,13.0,0.345,3.1,5.9,0.52,6.1,8.9,15.1,4.0,2.1,2.4,2.4,11.3,12.0,96.0,102.0,1993,Jay Guidinger-1993,0.0,Not Selected,Center,CLE,0.04878048780487805
1992-93,Tom Hammonds,hammoto01,PF,25,TOT,54,5,713,7.1,14.9,0.475,0.0,0.1,0.0,7.1,14.8,0.47700000000000004,2.6,4.2,0.613,2.6,6.0,8.6,1.6,1.2,0.8,2.3,5.2,16.7,101.0,108.0,1993,Tom Hammonds-1993,0.0,Not Selected,Forward,TOT,0.03333333333333333
1992-93,Tim Hardaway,hardati01,PG,26,GSW,66,66,2609,9.6,21.6,0.447,1.9,5.7,0.33,7.8,15.9,0.489,5.0,6.8,0.7440000000000001,1.1,3.8,4.9,12.9,2.1,0.2,4.1,2.8,26.2,114.0,112.0,1993,Tim Hardaway-1993,3.0,3rd,Guard,GSW,0.03071364046973803
1992-93,Derek Harper,harpede01,SG,31,DAL,62,60,2108,9.0,21.5,0.419,2.3,5.9,0.39299999999999996,6.7,15.6,0.428,5.5,7.2,0.7559999999999999,1.0,1.9,2.8,7.6,1.8,0.4,3.1,3.3,25.8,109.0,117.0,1993,Derek Harper-1993,0.0,Not Selected,Guard,DAL,0.00993676603432701
1992-93,Ron Harper,harpero01,SG,29,LAC,80,77,2970,8.8,19.6,0.451,0.8,3.0,0.28,8.0,16.6,0.48200000000000004,5.0,6.5,0.769,1.9,5.0,6.9,5.9,2.9,1.2,3.6,3.5,23.5,105.0,106.0,1993,Ron Harper-1993,0.0,Not Selected,Guard,LAC,0.037037037037037035
1992-93,Scott Hastings,hastisc01,C,32,DEN,76,0,670,4.1,8.0,0.509,0.1,0.6,0.25,3.9,7.5,0.529,2.9,3.9,0.727,3.2,6.7,9.8,2.4,0.9,0.6,2.1,8.3,11.2,113.0,108.0,1993,Scott Hastings-1993,0.0,Not Selected,Center,DEN,0.032520325203252036
1992-93,Hersey Hawkins,hawkihe01,SG,26,PHI,81,81,2977,9.0,19.2,0.47,2.0,5.0,0.397,7.0,14.2,0.496,6.9,8.0,0.86,1.5,4.2,5.7,5.2,2.2,0.5,2.9,3.1,26.9,117.0,111.0,1993,Hersey Hawkins-1993,0.0,Not Selected,Guard,PHI,0.023486901535682024
1992-93,Steve Henson,hensost01,PG,24,ATL,53,2,719,4.9,12.5,0.39,2.5,5.5,0.46299999999999997,2.3,7.0,0.33299999999999996,2.3,2.7,0.85,0.8,2.9,3.8,10.6,2.1,0.1,3.6,5.8,14.6,111.0,113.0,1993,Steve Henson-1993,0.0,Not Selected,Guard,ATL,0.03884372177055104
1992-93,Carl Herrera,herreca01,PF,26,HOU,81,12,1800,6.8,12.5,0.541,0.0,0.1,0.0,6.8,12.5,0.5429999999999999,3.5,5.0,0.71,4.2,8.6,12.8,1.7,1.3,1.0,2.6,5.4,17.1,112.0,105.0,1993,Carl Herrera-1993,0.0,Not Selected,Forward,HOU,0.04968383017163505
1992-93,Rod Higgins,higgiro01,SF,33,SAC,69,4,1425,6.7,16.1,0.41200000000000003,1.4,4.4,0.32299999999999995,5.2,11.7,0.446,4.3,5.0,0.861,2.2,4.2,6.5,4.0,1.7,1.0,2.1,4.7,19.1,110.0,111.0,1993,Rod Higgins-1993,0.0,Not Selected,Forward,SAC,0.022583559168925023
1992-93,Sean Higgins,higgise01,SF,24,GSW,29,4,591,7.8,17.5,0.447,1.1,3.0,0.35100000000000003,6.8,14.5,0.466,2.9,3.8,0.745,1.9,3.7,5.5,5.4,1.1,0.4,5.2,4.4,19.6,94.0,114.0,1993,Sean Higgins-1993,0.0,Not Selected,Forward,GSW,0.03071364046973803
1992-93,Tyrone Hill,hillty01,C,24,GSW,74,66,2070,5.8,11.5,0.508,0.0,0.1,0.0,5.8,11.4,0.512,3.2,5.1,0.624,5.9,11.6,17.6,1.6,1.0,0.9,2.1,7.5,14.9,114.0,107.0,1993,Tyrone Hill-1993,0.0,Not Selected,Center,GSW,0.03071364046973803
1992-93,Donald Hodge,hodgedo01,C,23,DAL,79,8,1267,6.1,15.2,0.40299999999999997,0.0,0.0,0.0,6.1,15.2,0.40299999999999997,2.7,4.0,0.6829999999999999,3.5,7.7,11.2,2.9,1.3,1.4,3.4,7.8,15.0,89.0,113.0,1993,Donald Hodge-1993,0.0,Not Selected,Center,DAL,0.00993676603432701
1992-93,Dave Hoppen,hoppeda01,C,28,NJN,2,0,10,5.0,5.0,1.0,0.0,0.0,0.0,5.0,5.0,1.0,0.0,10.0,0.0,5.0,15.0,20.0,0.0,0.0,0.0,0.0,10.0,10.0,105.0,104.0,1993,Dave Hoppen-1993,0.0,Not Selected,Center,BRK,0.03884372177055104
1992-93,Jeff Hornacek,hornaje01,PG,29,PHI,79,78,2860,9.9,21.1,0.47,1.7,4.2,0.39,8.3,16.9,0.49,4.3,4.9,0.865,1.4,4.4,5.8,9.3,2.2,0.4,3.8,3.5,25.8,110.0,111.0,1993,Jeff Hornacek-1993,0.0,Not Selected,Guard,PHI,0.023486901535682024
1992-93,Robert Horry,horryro01,SF,22,HOU,79,79,2330,7.0,14.9,0.474,0.3,1.0,0.255,6.8,13.9,0.49,3.1,4.4,0.715,2.5,6.1,8.6,4.2,1.7,1.8,3.4,4.6,17.5,101.0,105.0,1993,Robert Horry-1993,0.0,Not Selected,Forward,HOU,0.04968383017163505
1992-93,Byron Houston,houstby01,PF,23,GSW,79,8,1274,5.5,12.3,0.446,0.1,0.3,0.28600000000000003,5.4,12.0,0.45,4.9,7.3,0.665,4.5,7.4,11.9,2.6,1.7,1.6,3.3,9.6,15.9,103.0,108.0,1993,Byron Houston-1993,0.0,Not Selected,Forward,GSW,0.03071364046973803
1992-93,Brian Howard,howarbr01,SF,25,DAL,68,22,1295,6.8,15.4,0.442,0.0,0.3,0.14300000000000002,6.8,15.2,0.447,2.7,3.5,0.7659999999999999,2.5,5.4,7.9,2.5,2.0,1.3,2.5,8.1,16.4,98.0,113.0,1993,Brian Howard-1993,0.0,Not Selected,Forward,DAL,0.00993676603432701
1992-93,Stephen Howard,howarst01,SF,22,UTA,49,0,260,6.7,17.8,0.376,0.0,0.0,0.0,6.7,17.8,0.376,6.5,10.1,0.642,5.0,6.5,11.5,1.9,2.9,2.3,4.4,11.1,19.9,91.0,103.0,1993,Stephen Howard-1993,0.0,Not Selected,Forward,UTA,0.04245709123757904
1992-93,Jay Humphries,humphja01,SG,30,UTA,78,20,2034,7.0,16.1,0.436,0.4,1.8,0.2,6.6,14.3,0.466,2.5,3.2,0.777,1.0,2.5,3.5,7.7,2.5,0.3,3.2,5.8,16.9,99.0,109.0,1993,Jay Humphries-1993,0.0,Not Selected,Guard,UTA,0.04245709123757904
1992-93,Byron Irvin,irvinby01,SG,26,WSB,4,2,45,9.8,19.7,0.5,1.1,1.1,1.0,8.7,18.6,0.47100000000000003,3.3,6.6,0.5,2.2,2.2,4.4,2.2,1.1,0.0,4.4,5.5,24.0,94.0,115.0,1993,Byron Irvin-1993,0.0,Not Selected,Guard,WAS,0.01987353206865402
1992-93,Mike Iuzzolino,iuzzomi01,PG,25,DAL,70,23,1769,6.0,13.0,0.462,1.5,3.9,0.375,4.6,9.1,0.5,3.1,4.1,0.765,0.8,3.0,3.8,8.9,1.3,0.2,3.5,2.8,16.6,109.0,118.0,1993,Mike Iuzzolino-1993,0.0,Not Selected,Guard,DAL,0.00993676603432701
1992-93,Jaren Jackson,jacksja01,SG,25,LAC,34,0,350,7.3,17.7,0.414,0.3,0.7,0.4,7.1,17.0,0.415,3.2,3.7,0.852,2.6,2.8,5.4,4.8,2.6,0.7,2.4,6.2,18.1,102.0,109.0,1993,Jaren Jackson-1993,0.0,Not Selected,Guard,LAC,0.037037037037037035
1992-93,Jim Jackson,jacksji01,SF,22,DAL,28,28,938,9.5,24.0,0.395,1.1,3.8,0.28800000000000003,8.4,20.2,0.415,3.5,4.7,0.7390000000000001,2.2,4.1,6.3,6.7,2.1,0.6,5.9,4.1,23.5,88.0,115.0,1993,Jim Jackson-1993,0.0,Not Selected,Forward,DAL,0.00993676603432701
1992-93,Mark Jackson,jacksma01,PG,27,LAC,82,81,3117,7.1,14.7,0.486,0.3,1.3,0.268,6.8,13.4,0.506,3.7,4.7,0.8029999999999999,2.0,4.0,6.0,11.3,2.1,0.2,3.4,2.5,18.4,114.0,109.0,1993,Mark Jackson-1993,0.0,Not Selected,Guard,LAC,0.037037037037037035
1992-93,Henry James,jameshe01,PF,27,TOT,10,0,88,11.4,27.7,0.41200000000000003,1.6,7.1,0.231,9.8,20.7,0.474,12.0,14.1,0.846,3.8,2.2,6.0,0.5,1.6,0.0,3.8,4.9,36.4,107.0,113.0,1993,Henry James-1993,0.0,Not Selected,Forward,TOT,0.03333333333333333
1992-93,Keith Jennings,jennike01,PG,24,GSW,8,0,136,8.9,14.9,0.595,1.8,3.2,0.556,7.1,11.7,0.606,5.0,6.4,0.778,0.7,3.2,3.9,8.2,1.4,0.0,2.5,6.4,24.5,136.0,113.0,1993,Keith Jennings-1993,0.0,Not Selected,Guard,GSW,0.03071364046973803
1992-93,Avery Johnson,johnsav01,PG,27,SAS,75,49,2030,6.3,12.6,0.502,0.0,0.2,0.0,6.3,12.4,0.51,3.6,4.5,0.7909999999999999,0.5,3.1,3.6,13.9,2.1,0.4,3.6,3.5,16.3,114.0,109.0,1993,Avery Johnson-1993,0.0,Not Selected,Guard,SAS,0.044263775971093045
1992-93,Buck Johnson,johnsbu01,SF,29,WSB,73,19,1287,7.4,15.4,0.479,0.0,0.1,0.0,7.4,15.3,0.483,3.5,4.8,0.73,3.0,4.5,7.4,3.4,1.4,0.7,2.7,7.1,18.3,104.0,112.0,1993,Buck Johnson-1993,0.0,Not Selected,Forward,WAS,0.01987353206865402
1992-93,Dave Johnson,johnsda01,SG,22,POR,42,0,356,7.8,20.3,0.38299999999999995,0.4,1.9,0.214,7.3,18.4,0.4,5.4,8.0,0.6779999999999999,2.4,4.1,6.5,1.8,1.1,0.1,3.8,3.1,21.4,90.0,109.0,1993,Dave Johnson-1993,0.0,Not Selected,Guard,POR,0.04607046070460705
1992-93,Eddie Johnson,johnsed03,SF,33,SEA,82,0,1869,12.4,26.5,0.467,0.5,1.5,0.304,11.9,25.0,0.47700000000000004,6.3,6.9,0.9109999999999999,3.3,4.0,7.3,3.6,1.0,0.1,3.6,4.6,31.5,111.0,110.0,1993,Eddie Johnson-1993,0.0,Not Selected,Forward,OKC,0.04968383017163505
1992-93,Frank Johnson,johnsfr01,PG,34,PHO,77,0,1122,5.8,13.4,0.436,0.0,0.5,0.083,5.8,12.9,0.45,2.5,3.3,0.7759999999999999,1.8,3.1,4.8,8.0,2.6,0.3,3.4,4.8,14.2,102.0,108.0,1993,Frank Johnson-1993,0.0,Not Selected,Guard,PHO,0.05600722673893405
1992-93,Kevin Johnson,johnske02,PG,26,PHO,49,47,1643,8.3,16.5,0.499,0.0,0.2,0.125,8.2,16.3,0.504,6.6,8.1,0.8190000000000001,0.9,2.2,3.0,11.2,2.5,0.6,4.4,2.9,23.2,115.0,109.0,1993,Kevin Johnson-1993,0.0,Not Selected,Guard,PHO,0.05600722673893405
1992-93,Larry Johnson,johnsla02,PF,23,CHH,82,82,3323,10.5,20.0,0.526,0.3,1.0,0.254,10.2,18.9,0.54,4.8,6.3,0.767,4.0,8.4,12.5,5.1,0.8,0.4,3.3,2.7,26.1,115.0,110.0,1993,Larry Johnson-1993,2.0,2nd,Forward,CHO,0.03974706413730804
1992-93,Charles Jones,jonesch01,C,35,WSB,67,21,1206,1.3,2.6,0.524,0.0,0.0,0.0,1.3,2.5,0.532,0.9,1.5,0.579,3.5,7.7,11.3,1.7,1.5,3.1,1.5,5.9,3.6,107.0,108.0,1993,Charles Jones-1993,0.0,Not Selected,Center,WAS,0.01987353206865402
1992-93,Michael Jordan,jordami01,SG,29,CHI,78,78,3067,16.8,33.9,0.495,1.4,3.9,0.35200000000000004,15.4,30.0,0.514,8.1,9.6,0.8370000000000001,2.3,6.5,8.8,7.2,3.7,1.0,3.5,3.2,43.0,119.0,102.0,1993,Michael Jordan-1993,1.0,1st,Guard,CHI,0.051490514905149054
1992-93,Thomas Jordan,jordath01,PF,24,PHI,4,0,106,8.3,18.9,0.439,0.0,0.0,0.0,8.3,18.9,0.439,3.7,7.8,0.47100000000000003,2.3,6.4,8.7,1.4,1.4,2.3,5.5,6.4,20.2,79.0,110.0,1993,Thomas Jordan-1993,0.0,Not Selected,Forward,PHI,0.023486901535682024
1992-93,Adam Keefe,keefead01,PF,22,ATL,82,6,1549,6.0,11.9,0.5,0.0,0.0,0.0,6.0,11.9,0.501,5.3,7.5,0.7,5.4,8.3,13.7,2.5,1.8,0.5,3.2,6.2,17.2,112.0,109.0,1993,Adam Keefe-1993,0.0,Not Selected,Forward,ATL,0.03884372177055104
1992-93,Shawn Kemp,kempsh01,PF,23,SEA,78,68,2582,10.0,20.3,0.49200000000000005,0.0,0.1,0.0,10.0,20.2,0.494,6.9,9.7,0.7120000000000001,5.6,10.6,16.1,3.0,2.3,2.8,4.2,6.3,26.9,110.0,100.0,1993,Shawn Kemp-1993,0.0,Not Selected,Forward,OKC,0.04968383017163505
1992-93,Tim Kempton,kemptti01,PF,29,PHO,30,0,167,5.5,13.8,0.396,0.0,0.0,0.0,5.5,13.8,0.396,5.2,8.9,0.581,3.5,7.8,11.2,5.5,1.2,1.2,4.6,8.6,16.1,93.0,107.0,1993,Tim Kempton-1993,0.0,Not Selected,Forward,PHO,0.05600722673893405
1992-93,Steve Kerr,kerrst01,SG-PG,27,TOT,52,0,481,5.5,12.7,0.434,0.6,2.7,0.231,4.9,10.0,0.49,2.3,2.5,0.917,0.5,4.2,4.7,7.3,1.0,0.1,2.8,3.7,13.9,104.0,111.0,1993,Steve Kerr-1993,0.0,Not Selected,Guard,TOT,0.03333333333333333
1992-93,Jerome Kersey,kerseje01,SF,30,POR,65,50,1719,7.9,18.1,0.43799999999999994,0.2,0.8,0.28600000000000003,7.7,17.3,0.445,3.3,5.2,0.634,3.6,7.9,11.4,3.4,2.3,1.2,2.4,5.1,19.3,102.0,103.0,1993,Jerome Kersey-1993,0.0,Not Selected,Forward,POR,0.04607046070460705
1992-93,Alec Kessler,kesslal01,PF,26,MIA,40,2,415,7.0,14.9,0.467,0.6,1.3,0.455,6.4,13.6,0.46799999999999997,4.4,5.7,0.7659999999999999,3.1,8.1,11.1,1.7,0.5,1.5,2.6,7.7,19.0,109.0,109.0,1993,Alec Kessler-1993,0.0,Not Selected,Forward,MIA,0.032520325203252036
1992-93,Bo Kimble,kimblbo01,SG,26,NYK,9,0,55,12.9,30.5,0.424,1.8,7.4,0.25,11.1,23.1,0.48,2.8,7.4,0.375,2.8,7.4,10.2,4.6,0.9,0.0,5.5,9.2,30.5,87.0,102.0,1993,Bo Kimble-1993,0.0,Not Selected,Guard,NYK,0.05420054200542006
1992-93,Stan Kimbrough,kimbrst01,PG,26,SAC,3,0,15,6.3,19.0,0.33299999999999996,3.2,6.3,0.5,3.2,12.7,0.25,0.0,0.0,0.0,0.0,0.0,0.0,3.2,3.2,0.0,0.0,3.2,15.9,99.0,112.0,1993,Stan Kimbrough-1993,0.0,Not Selected,Guard,SAC,0.022583559168925023
1992-93,Bernard King,kingbe01,SF,36,NJN,32,2,430,10.6,20.6,0.514,0.2,0.8,0.28600000000000003,10.3,19.8,0.524,4.5,6.6,0.684,4.1,4.8,8.8,2.1,1.3,0.3,2.4,6.2,25.9,114.0,108.0,1993,Bernard King-1993,0.0,Not Selected,Forward,BRK,0.03884372177055104
1992-93,Rich King,kingri01,C,23,SEA,3,0,12,8.3,20.8,0.4,0.0,0.0,0.0,8.3,20.8,0.4,8.3,8.3,1.0,4.2,16.7,20.8,4.2,0.0,0.0,12.5,4.2,25.0,80.0,103.0,1993,Rich King-1993,0.0,Not Selected,Center,OKC,0.04968383017163505
1992-93,Stacey King,kingst01,C,26,CHI,76,3,1059,7.8,16.7,0.47100000000000003,0.1,0.3,0.33299999999999996,7.7,16.4,0.473,4.2,6.0,0.705,5.1,5.0,10.1,3.5,1.3,1.0,3.4,6.3,20.0,107.0,108.0,1993,Stacey King-1993,0.0,Not Selected,Center,CHI,0.051490514905149054
1992-93,Greg Kite,kitegr01,C,31,ORL,64,1,640,3.0,6.5,0.452,0.0,0.1,0.0,3.0,6.5,0.45799999999999996,1.0,1.9,0.542,5.1,9.9,15.0,0.8,1.0,0.9,2.7,10.4,6.9,93.0,105.0,1993,Greg Kite-1993,0.0,Not Selected,Center,ORL,0.037037037037037035
1992-93,Joe Kleine,kleinjo01,C,31,BOS,78,3,1129,4.8,12.0,0.40399999999999997,0.0,0.3,0.0,4.8,11.7,0.414,1.8,2.6,0.7070000000000001,5.1,10.4,15.5,1.7,0.8,0.8,1.7,5.5,11.5,102.0,107.0,1993,Joe Kleine-1993,0.0,Not Selected,Center,BOS,0.04336043360433604
1992-93,Negele Knight,knighne01,PG,25,PHO,52,35,888,6.7,17.2,0.391,0.0,0.4,0.0,6.7,16.8,0.4,3.6,4.7,0.779,1.5,1.9,3.5,7.9,1.2,0.2,4.0,3.6,17.1,96.0,112.0,1993,Negele Knight-1993,0.0,Not Selected,Guard,PHO,0.05600722673893405
1992-93,Bart Kofoed,kofoeba01,SG,28,BOS,7,0,41,3.7,16.0,0.231,0.0,1.2,0.0,3.7,14.8,0.25,13.6,17.3,0.7859999999999999,0.0,1.2,1.2,12.3,2.5,1.2,3.7,1.2,21.0,102.0,110.0,1993,Bart Kofoed-1993,0.0,Not Selected,Guard,BOS,0.04336043360433604
1992-93,Jon Koncak,koncajo01,C,29,ATL,78,65,1975,3.1,6.7,0.46399999999999997,0.1,0.2,0.375,3.0,6.5,0.467,0.6,1.2,0.48,2.5,8.1,10.6,3.5,1.9,2.5,1.3,6.6,6.8,108.0,107.0,1993,Jon Koncak-1993,0.0,Not Selected,Center,ATL,0.03884372177055104
1992-93,Larry Krystkowiak,krystla01,PF,28,UTA,71,0,1362,7.2,15.5,0.466,0.0,0.0,0.0,7.2,15.5,0.467,4.3,5.4,0.7959999999999999,2.7,7.5,10.2,2.5,1.5,0.5,2.3,6.6,18.7,107.0,107.0,1993,Larry Krystkowiak-1993,0.0,Not Selected,Forward,UTA,0.04245709123757904
1992-93,Christian Laettner,laettch01,PF,23,MIN,81,81,2823,9.1,19.2,0.474,0.1,0.7,0.1,9.0,18.5,0.489,8.4,10.0,0.835,3.1,9.7,12.8,4.0,1.9,1.5,5.0,5.3,26.7,105.0,108.0,1993,Christian Laettner-1993,0.0,Not Selected,Forward,MIN,0.017163504968383016
1992-93,Bill Laimbeer,laimbbi01,C,35,DET,79,41,1933,7.8,15.3,0.509,0.3,0.7,0.37,7.5,14.6,0.516,2.5,2.8,0.894,2.9,8.2,11.2,3.4,1.2,1.1,1.6,5.6,18.3,118.0,108.0,1993,Bill Laimbeer-1993,0.0,Not Selected,Center,DET,0.036133694670280034
1992-93,Jerome Lane,laneje01,PF,26,CLE,21,2,149,9.2,18.3,0.5,0.0,0.0,0.0,9.2,18.3,0.5,1.7,6.8,0.25,8.2,9.9,18.0,5.8,4.1,1.0,2.4,10.9,20.0,107.0,98.0,1993,Jerome Lane-1993,0.0,Not Selected,Forward,CLE,0.04878048780487805
1992-93,Andrew Lang,langan01,C,26,PHI,73,59,1861,3.9,9.2,0.425,0.0,0.1,0.2,3.9,9.1,0.428,2.3,3.0,0.763,3.6,7.9,11.4,2.1,1.2,3.7,2.3,6.8,10.1,98.0,108.0,1993,Andrew Lang-1993,0.0,Not Selected,Center,PHI,0.023486901535682024
1992-93,Doug Lee,leedo01,SG,28,NJN,5,0,33,3.0,10.6,0.28600000000000003,1.5,4.5,0.33299999999999996,1.5,6.1,0.25,0.0,0.0,0.0,0.0,3.0,3.0,7.6,0.0,1.5,4.5,10.6,7.6,73.0,110.0,1993,Doug Lee-1993,0.0,Not Selected,Guard,BRK,0.03884372177055104
1992-93,Tim Legler,legleti01,SG,26,TOT,33,0,635,8.0,18.3,0.436,1.7,4.9,0.33799999999999997,6.3,13.4,0.47200000000000003,4.3,5.4,0.8029999999999999,1.9,2.6,4.5,3.5,1.8,0.5,2.1,4.8,22.0,111.0,117.0,1993,Tim Legler-1993,0.0,Not Selected,Guard,TOT,0.03333333333333333
1992-93,Jim Les,lesji01,PG,29,SAC,73,0,881,5.9,14.0,0.425,3.6,8.3,0.429,2.4,5.7,0.419,2.3,2.7,0.84,1.1,3.7,4.8,9.1,2.2,0.4,2.6,4.4,17.7,120.0,111.0,1993,Jim Les-1993,0.0,Not Selected,Guard,SAC,0.022583559168925023
1992-93,Reggie Lewis,lewisre01,SG,27,BOS,80,80,3144,10.7,22.7,0.47,0.2,1.0,0.233,10.4,21.7,0.48100000000000004,5.2,6.0,0.867,1.4,4.2,5.6,4.8,1.9,1.2,2.1,4.0,26.8,112.0,109.0,1993,Reggie Lewis-1993,0.0,Not Selected,Guard,BOS,0.04336043360433604
1992-93,Marcus Liberty,liberma01,SF,24,DEN,78,32,1585,7.6,18.8,0.406,0.7,1.8,0.373,7.0,17.0,0.41,3.1,4.7,0.654,4.0,6.2,10.2,3.2,1.9,0.6,2.4,4.3,19.1,101.0,106.0,1993,Marcus Liberty-1993,0.0,Not Selected,Forward,DEN,0.032520325203252036
1992-93,Todd Lichti,lichtto01,SG,26,DEN,48,12,752,7.9,17.7,0.449,0.1,0.4,0.33299999999999996,7.8,17.3,0.452,5.2,6.5,0.794,2.2,4.3,6.5,3.3,1.8,0.7,3.1,3.8,21.2,104.0,108.0,1993,Todd Lichti-1993,0.0,Not Selected,Guard,DEN,0.032520325203252036
1992-93,Alton Lister,listeal01,C,34,GSW,20,9,174,5.3,11.6,0.452,0.0,0.0,0.0,5.3,11.6,0.452,1.9,3.6,0.5379999999999999,4.2,8.0,12.2,1.4,0.0,2.5,5.0,11.1,12.5,82.0,110.0,1993,Alton Lister-1993,0.0,Not Selected,Center,GSW,0.03071364046973803
1992-93,Brad Lohaus,lohaubr01,PF,28,MIL,80,24,1766,8.0,17.4,0.461,2.4,6.5,0.37,5.6,10.9,0.516,2.1,2.9,0.723,1.7,6.1,7.8,3.6,1.3,2.1,2.6,5.0,20.5,107.0,110.0,1993,Brad Lohaus-1993,0.0,Not Selected,Forward,MIL,0.025293586269196026
1992-93,Grant Long,longgr01,PF,26,MIA,76,62,2728,7.4,15.8,0.469,0.1,0.5,0.231,7.3,15.3,0.47600000000000003,4.9,6.3,0.765,3.7,6.9,10.6,3.4,1.9,0.6,2.5,4.9,19.7,112.0,108.0,1993,Grant Long-1993,0.0,Not Selected,Forward,MIA,0.032520325203252036
1992-93,Luc Longley,longllu01,C,24,MIN,55,25,1045,6.5,14.3,0.455,0.0,0.0,0.0,6.5,14.3,0.455,2.6,3.6,0.716,3.5,8.3,11.7,2.5,2.3,3.8,4.3,8.3,15.6,89.0,106.0,1993,Luc Longley-1993,0.0,Not Selected,Center,MIN,0.017163504968383016
1992-93,Kevin Lynch,lynchke01,SG,24,CHH,40,8,324,4.4,8.7,0.508,0.0,0.1,0.0,4.4,8.6,0.517,3.8,5.6,0.684,1.8,3.4,5.2,3.7,1.6,0.9,3.5,6.5,12.7,100.0,112.0,1993,Kevin Lynch-1993,0.0,Not Selected,Guard,CHO,0.03974706413730804
1992-93,Sam Mack,macksa01,SF,22,SAS,40,0,267,8.9,22.2,0.39799999999999996,0.6,4.1,0.136,8.3,18.1,0.45799999999999996,8.5,10.9,0.7759999999999999,3.4,5.7,9.0,2.8,2.6,0.9,4.1,8.3,26.8,99.0,105.0,1993,Sam Mack-1993,0.0,Not Selected,Forward,SAS,0.044263775971093045
1992-93,Don MacLean,macledo01,PF,23,WSB,62,4,674,11.4,26.3,0.435,0.2,0.4,0.5,11.2,25.9,0.434,6.6,8.1,0.8109999999999999,2.4,6.5,8.9,2.8,0.8,0.3,3.1,6.0,29.7,100.0,113.0,1993,Don MacLean-1993,0.0,Not Selected,Forward,WAS,0.01987353206865402
1992-93,Mark Macon,maconma01,PG,23,DEN,48,27,1141,6.7,16.1,0.415,0.0,0.3,0.0,6.7,15.8,0.42100000000000004,1.8,2.5,0.7,1.4,3.0,4.3,5.3,2.9,0.1,3.0,5.7,15.1,93.0,107.0,1993,Mark Macon-1993,0.0,Not Selected,Guard,DEN,0.032520325203252036
1992-93,Rick Mahorn,mahorri01,PF,34,NJN,74,9,1077,4.7,9.9,0.47200000000000003,0.0,0.1,0.33299999999999996,4.6,9.8,0.474,4.1,5.1,0.8,4.3,8.6,12.9,1.5,0.9,1.4,2.7,7.2,13.5,109.0,105.0,1993,Rick Mahorn-1993,0.0,Not Selected,Forward,BRK,0.03884372177055104
1992-93,Dan Majerle,majerda01,SG,27,PHO,82,82,3199,7.7,16.5,0.46399999999999997,2.5,6.6,0.381,5.1,9.9,0.52,3.1,3.9,0.778,1.8,4.0,5.8,4.7,2.1,0.5,2.0,2.7,20.9,120.0,108.0,1993,Dan Majerle-1993,0.0,Not Selected,Guard,PHO,0.05600722673893405
1992-93,Jeff Malone,malonje01,SG,31,UTA,79,59,2558,11.6,23.4,0.494,0.1,0.2,0.33299999999999996,11.5,23.2,0.495,4.6,5.4,0.852,0.6,2.8,3.4,2.5,0.8,0.1,2.4,2.3,27.8,107.0,113.0,1993,Jeff Malone-1993,0.0,Not Selected,Guard,UTA,0.04245709123757904
1992-93,Karl Malone,malonka01,PF,29,UTA,82,82,3099,12.8,23.2,0.552,0.1,0.3,0.2,12.7,22.8,0.557,9.9,13.4,0.74,3.6,11.1,14.7,4.9,2.0,1.4,3.9,4.2,35.6,120.0,103.0,1993,Karl Malone-1993,1.0,1st,Forward,UTA,0.04245709123757904
1992-93,Moses Malone,malonmo01,C,37,MIL,11,0,104,6.2,20.2,0.31,0.0,0.0,0.0,6.2,20.2,0.31,11.5,14.9,0.774,10.6,11.5,22.1,3.4,0.5,3.8,4.8,2.9,24.0,101.0,107.0,1993,Moses Malone-1993,0.0,Not Selected,Center,MIL,0.025293586269196026
1992-93,Danny Manning,mannida01,PF,26,LAC,79,77,2761,12.3,24.2,0.509,0.1,0.5,0.267,12.2,23.7,0.514,6.8,8.5,0.802,3.5,5.7,9.1,3.6,1.9,1.8,4.0,5.7,31.6,110.0,107.0,1993,Danny Manning-1993,0.0,Not Selected,Forward,LAC,0.037037037037037035
1992-93,Šarūnas Marčiulionis,marcisa01,SF,28,GSW,30,8,836,10.3,18.9,0.5429999999999999,0.2,0.9,0.2,10.1,18.1,0.5589999999999999,9.3,12.3,0.7609999999999999,2.3,3.3,5.6,6.1,2.9,0.1,4.4,5.3,30.1,118.0,110.0,1993,Šarūnas Marčiulionis-1993,0.0,Not Selected,Forward,GSW,0.03071364046973803
1992-93,Anthony Mason,masonan01,PF,26,NYK,81,0,2482,6.5,12.9,0.502,0.0,0.0,0.0,6.5,12.9,0.502,4.1,6.0,0.682,4.7,8.4,13.1,3.5,0.9,0.4,2.8,4.9,17.0,111.0,101.0,1993,Anthony Mason-1993,0.0,Not Selected,Forward,NYK,0.05420054200542006
1992-93,Marlon Maxey,maxeyma01,PF,23,MIN,43,3,520,9.1,16.6,0.55,0.0,0.1,0.0,9.1,16.5,0.5539999999999999,4.4,6.9,0.643,6.5,9.6,16.1,1.2,1.1,1.8,3.7,7.4,22.7,107.0,110.0,1993,Marlon Maxey-1993,0.0,Not Selected,Forward,MIN,0.017163504968383016
1992-93,Vernon Maxwell,maxweve01,SG,27,HOU,71,68,2251,7.9,19.4,0.40700000000000003,2.7,8.2,0.332,5.2,11.2,0.461,3.7,5.1,0.7190000000000001,0.7,4.3,5.0,6.7,1.9,0.2,3.2,2.8,22.2,104.0,108.0,1993,Vernon Maxwell-1993,0.0,Not Selected,Guard,HOU,0.04968383017163505
1992-93,Lee Mayberry,maybele01,PG,22,MIL,82,4,1503,5.7,12.5,0.456,1.4,3.7,0.391,4.3,8.8,0.483,1.3,2.3,0.574,0.9,3.1,3.9,9.1,2.0,0.2,2.8,4.9,14.1,108.0,113.0,1993,Lee Mayberry-1993,0.0,Not Selected,Guard,MIL,0.025293586269196026
1992-93,Travis Mays,maystr01,PG,24,ATL,49,9,787,8.1,19.3,0.41700000000000004,1.8,5.3,0.345,6.3,14.1,0.444,3.4,5.1,0.659,1.3,2.1,3.3,4.5,1.3,0.2,3.2,3.7,21.3,101.0,115.0,1993,Travis Mays-1993,0.0,Not Selected,Guard,ATL,0.03884372177055104
1992-93,Bob McCann,mccanbo01,SF,28,MIN,79,7,1536,6.7,13.7,0.488,0.0,0.1,0.0,6.7,13.6,0.49,3.2,5.1,0.625,3.1,6.3,9.4,2.3,1.7,1.9,2.6,6.7,16.5,101.0,111.0,1993,Bob McCann-1993,0.0,Not Selected,Forward,MIN,0.017163504968383016
1992-93,George McCloud,mccloge01,SF,25,IND,78,21,1500,7.2,17.5,0.41100000000000003,1.9,6.0,0.32,5.3,11.5,0.45899999999999996,2.5,3.4,0.735,2.0,4.8,6.8,6.4,1.8,0.4,3.6,5.5,18.8,102.0,111.0,1993,George McCloud-1993,0.0,Not Selected,Forward,IND,0.037037037037037035
1992-93,Rodney McCray,mccraro01,SF,31,CHI,64,5,1019,4.7,10.4,0.451,0.1,0.3,0.4,4.6,10.1,0.452,1.8,2.6,0.6920000000000001,2.7,5.3,8.0,4.1,0.6,0.8,2.7,5.0,11.3,101.0,110.0,1993,Rodney McCray-1993,0.0,Not Selected,Forward,CHI,0.051490514905149054
1992-93,Xavier McDaniel,mcdanxa01,PF,29,BOS,82,27,2215,10.4,21.1,0.495,0.1,0.5,0.273,10.3,20.6,0.5,4.4,5.5,0.7929999999999999,3.8,7.3,11.2,3.7,1.6,1.2,3.9,5.7,25.4,106.0,107.0,1993,Xavier McDaniel-1993,0.0,Not Selected,Forward,BOS,0.04336043360433604
1992-93,Kevin McHale,mchalke01,PF,35,BOS,71,0,1656,9.1,19.8,0.45899999999999996,0.1,0.5,0.111,9.0,19.3,0.469,5.0,6.0,0.841,2.9,8.0,10.9,2.2,0.5,1.8,2.8,3.8,23.3,105.0,108.0,1993,Kevin McHale-1993,0.0,Not Selected,Forward,BOS,0.04336043360433604
1992-93,Derrick McKey,mckeyde01,SF,26,SEA,77,68,2439,7.9,16.0,0.496,0.8,2.3,0.35700000000000004,7.1,13.7,0.519,4.5,6.1,0.741,2.5,4.2,6.7,4.0,2.2,1.2,3.1,4.3,21.2,113.0,107.0,1993,Derrick McKey-1993,0.0,Not Selected,Forward,OKC,0.04968383017163505
1992-93,Nate McMillan,mcmilna01,PG,28,SEA,73,25,1977,5.4,11.6,0.46399999999999997,0.6,1.6,0.385,4.8,10.0,0.47700000000000004,2.4,3.4,0.7090000000000001,2.1,5.6,7.7,9.7,4.4,0.8,3.5,6.1,13.8,110.0,101.0,1993,Nate McMillan-1993,0.0,Not Selected,Guard,OKC,0.04968383017163505
1992-93,Oliver Miller,milleol01,C,22,PHO,56,1,1069,5.4,11.5,0.475,0.0,0.1,0.0,5.4,11.3,0.48,3.2,4.5,0.71,3.1,9.2,12.4,5.3,1.7,4.5,4.9,6.5,14.1,96.0,102.0,1993,Oliver Miller-1993,0.0,Not Selected,Center,PHO,0.05600722673893405
1992-93,Reggie Miller,millere01,SG,27,IND,82,82,2954,9.7,20.2,0.479,2.8,7.1,0.39899999999999997,6.8,13.1,0.522,7.2,8.2,0.88,1.1,3.2,4.4,4.4,2.0,0.4,2.5,3.1,29.4,125.0,112.0,1993,Reggie Miller-1993,0.0,Not Selected,Guard,IND,0.037037037037037035
1992-93,Terry Mills,millste01,PF,25,DET,81,46,2183,11.6,25.3,0.461,0.2,0.8,0.278,11.4,24.4,0.467,4.7,6.0,0.7909999999999999,4.2,7.0,11.1,2.6,1.0,1.2,3.3,6.6,28.3,105.0,109.0,1993,Terry Mills-1993,0.0,Not Selected,Forward,DET,0.036133694670280034
1992-93,Harold Miner,minerha01,SG,21,MIA,73,0,1383,10.7,22.6,0.475,0.1,0.3,0.33299999999999996,10.6,22.2,0.47700000000000004,6.0,7.9,0.762,2.7,2.7,5.4,2.7,1.2,0.3,3.4,4.8,27.5,106.0,112.0,1993,Harold Miner-1993,0.0,Not Selected,Guard,MIA,0.032520325203252036
1992-93,Sam Mitchell,mitchsa01,SF,29,IND,81,1,1402,7.7,17.2,0.445,0.1,0.8,0.174,7.5,16.4,0.45899999999999996,5.4,6.6,0.8109999999999999,3.3,5.5,8.8,2.7,0.8,0.4,1.8,7.4,20.8,113.0,112.0,1993,Sam Mitchell-1993,0.0,Not Selected,Forward,IND,0.037037037037037035
1992-93,Tracy Moore,mooretr01,SG,27,DAL,39,1,510,9.7,23.5,0.414,2.2,6.3,0.34299999999999997,7.6,17.2,0.44,5.0,5.8,0.8690000000000001,2.2,2.7,4.9,4.4,2.0,0.4,3.0,5.1,26.7,106.0,116.0,1993,Tracy Moore-1993,0.0,Not Selected,Guard,DAL,0.00993676603432701
1992-93,Chris Morris,morrich01,SF,27,NJN,77,57,2302,9.5,19.7,0.48100000000000004,0.4,1.7,0.22399999999999998,9.1,18.0,0.504,4.3,5.4,0.794,4.9,4.9,9.9,2.3,3.1,1.1,2.6,3.7,23.6,112.0,104.0,1993,Chris Morris-1993,0.0,Not Selected,Forward,BRK,0.03884372177055104
1992-93,Isaiah Morris,morriis01,SF,23,DET,25,0,102,13.1,28.8,0.456,0.0,0.0,0.0,13.1,28.8,0.456,1.5,2.0,0.75,3.0,3.0,6.1,2.0,1.5,0.5,4.0,7.1,27.8,92.0,111.0,1993,Isaiah Morris-1993,0.0,Not Selected,Forward,DET,0.036133694670280034
1992-93,Alonzo Mourning,mournal01,C,22,CHH,78,78,2644,10.4,20.3,0.511,0.0,0.1,0.0,10.4,20.2,0.513,9.0,11.5,0.7809999999999999,4.8,9.8,14.6,1.4,0.5,4.9,4.3,5.2,29.7,112.0,106.0,1993,Alonzo Mourning-1993,0.0,Not Selected,Center,CHO,0.03974706413730804
1992-93,Chris Mullin,mullich01,SF,29,GSW,46,46,1902,12.0,23.6,0.51,1.5,3.4,0.451,10.5,20.2,0.519,4.6,5.7,0.81,1.1,4.8,5.9,4.2,1.7,1.0,3.5,1.9,30.2,113.0,111.0,1993,Chris Mullin-1993,0.0,Not Selected,Forward,GSW,0.03071364046973803
1992-93,Eric Murdock,murdoer01,PG,24,MIL,79,78,2437,9.0,19.2,0.46799999999999997,0.6,2.4,0.261,8.3,16.7,0.498,4.7,6.1,0.78,1.9,3.9,5.8,12.4,3.6,0.1,4.2,3.6,23.3,111.0,109.0,1993,Eric Murdock-1993,0.0,Not Selected,Guard,MIL,0.025293586269196026
1992-93,Tracy Murray,murratr01,SF,21,POR,48,14,495,10.6,25.5,0.415,2.1,6.9,0.3,8.5,18.6,0.45799999999999996,3.4,3.9,0.875,3.9,4.2,8.1,1.1,0.8,0.5,3.0,5.8,26.6,100.0,109.0,1993,Tracy Murray-1993,0.0,Not Selected,Forward,POR,0.04607046070460705
1992-93,Jerrod Mustaf,mustaje01,PF,23,PHO,32,9,336,8.2,18.6,0.43799999999999994,0.0,0.1,0.0,8.2,18.5,0.442,4.7,7.6,0.623,4.2,7.7,11.9,1.4,2.0,1.6,3.1,5.7,21.0,99.0,105.0,1993,Jerrod Mustaf-1993,0.0,Not Selected,Forward,PHO,0.05600722673893405
1992-93,Dikembe Mutombo,mutomdi01,C,26,DEN,82,82,3029,6.3,12.4,0.51,0.0,0.0,0.0,6.3,12.4,0.51,5.3,7.8,0.6809999999999999,5.5,11.5,17.0,2.3,0.7,4.6,3.4,4.5,18.0,110.0,102.0,1993,Dikembe Mutombo-1993,0.0,Not Selected,Center,DEN,0.032520325203252036
1992-93,Larry Nance,nancela01,PF,33,CLE,77,77,2753,9.8,17.9,0.5489999999999999,0.0,0.1,0.0,9.8,17.8,0.551,3.7,4.5,0.818,3.4,8.9,12.3,4.1,1.0,3.6,2.0,4.1,23.3,120.0,103.0,1993,Larry Nance-1993,0.0,Not Selected,Forward,CLE,0.04878048780487805
1992-93,Ed Nealy,nealyed01,PF,32,TOT,41,4,308,4.1,11.0,0.377,1.3,4.3,0.29600000000000004,2.9,6.7,0.429,1.4,1.9,0.75,1.9,8.3,10.2,2.4,1.9,0.3,1.1,6.5,11.0,107.0,108.0,1993,Ed Nealy-1993,0.0,Not Selected,Forward,TOT,0.03333333333333333
1992-93,Melvin Newbern,newbeme01,SG,25,DET,33,1,311,7.0,18.7,0.37200000000000005,0.2,1.3,0.125,6.8,17.4,0.39,5.6,9.9,0.5670000000000001,3.1,3.0,6.1,9.4,3.8,0.2,5.3,7.0,19.7,91.0,107.0,1993,Melvin Newbern-1993,0.0,Not Selected,Guard,DET,0.036133694670280034
1992-93,Johnny Newman,newmajo01,SF,29,CHH,64,27,1471,9.1,17.4,0.522,0.4,1.5,0.267,8.7,15.9,0.546,6.3,7.8,0.8079999999999999,2.3,2.3,4.7,3.8,1.5,0.6,2.9,5.0,24.9,117.0,113.0,1993,Johnny Newman-1993,0.0,Not Selected,Forward,CHO,0.03974706413730804
1992-93,Ken Norman,normake01,SF,28,LAC,76,71,2477,9.7,19.1,0.511,0.2,0.7,0.263,9.5,18.3,0.521,2.6,4.3,0.595,4.1,7.1,11.2,3.2,1.2,1.1,2.4,3.1,22.2,109.0,108.0,1993,Ken Norman-1993,0.0,Not Selected,Forward,LAC,0.037037037037037035
1992-93,Shaquille O'Neal,onealsh01,C,20,ORL,81,81,3071,11.9,21.2,0.562,0.0,0.0,0.0,11.9,21.1,0.563,6.9,11.7,0.5920000000000001,5.6,12.7,18.2,2.5,1.0,4.6,5.0,5.2,30.7,108.0,100.0,1993,Shaquille O'Neal-1993,0.0,Not Selected,Center,ORL,0.037037037037037035
1992-93,Dan O'Sullivan,osullda01,C,24,TOT,6,0,17,8.8,14.7,0.6,0.0,0.0,0.0,8.8,14.7,0.6,8.8,11.8,0.75,5.9,11.8,17.6,2.9,2.9,0.0,0.0,11.8,26.5,152.0,101.0,1993,Dan O'Sullivan-1993,0.0,Not Selected,Center,TOT,0.03333333333333333
1992-93,Charles Oakley,oaklech01,PF,29,NYK,82,82,2230,5.0,9.8,0.508,0.0,0.0,0.0,5.0,9.8,0.509,2.9,4.0,0.722,6.6,9.6,16.1,2.9,1.9,0.3,2.8,6.6,12.9,112.0,98.0,1993,Charles Oakley-1993,0.0,Not Selected,Forward,NYK,0.05420054200542006
1992-93,Alan Ogg,oggal01,C,25,TOT,6,0,29,8.6,22.4,0.385,0.0,0.0,0.0,8.6,22.4,0.385,5.2,6.9,0.75,5.2,12.0,17.2,6.9,1.7,5.2,5.2,10.3,22.4,92.0,103.0,1993,Alan Ogg-1993,0.0,Not Selected,Center,TOT,0.03333333333333333
1992-93,Hakeem Olajuwon,olajuha01,C,30,HOU,82,82,3242,13.3,25.1,0.529,0.0,0.1,0.0,13.3,25.0,0.532,7.0,8.9,0.779,4.4,12.3,16.7,4.6,2.4,5.4,4.1,4.8,33.6,114.0,96.0,1993,Hakeem Olajuwon-1993,1.0,1st,Center,HOU,0.04968383017163505
1992-93,Matt Othick,othicma01,PG,23,SAS,4,0,39,3.9,6.4,0.6,2.6,5.2,0.5,1.3,1.3,1.0,0.0,2.6,0.0,1.3,1.3,2.6,9.0,1.3,0.0,5.2,9.0,10.3,98.0,112.0,1993,Matt Othick-1993,0.0,Not Selected,Guard,SAS,0.044263775971093045
1992-93,Doug Overton,overtdo01,PG,23,WSB,45,13,990,7.5,16.0,0.47100000000000003,0.1,0.6,0.231,7.4,15.4,0.48100000000000004,2.9,4.0,0.728,1.2,4.0,5.3,7.8,1.5,0.3,3.6,4.0,18.2,101.0,113.0,1993,Doug Overton-1993,0.0,Not Selected,Guard,WAS,0.01987353206865402
1992-93,Billy Owens,owensbi01,PF,23,GSW,37,37,1201,9.9,19.8,0.501,0.0,0.4,0.091,9.9,19.4,0.51,4.7,7.3,0.639,4.3,6.3,10.6,5.8,1.4,1.1,4.3,4.2,24.6,107.0,110.0,1993,Billy Owens-1993,0.0,Not Selected,Forward,GSW,0.03071364046973803
1992-93,Robert Pack,packro01,PG,23,DEN,77,1,1579,8.7,18.5,0.47,0.0,0.2,0.125,8.7,18.2,0.475,7.3,9.5,0.768,1.6,3.3,4.9,10.2,2.5,0.3,5.6,5.5,24.7,105.0,108.0,1993,Robert Pack-1993,0.0,Not Selected,Guard,DEN,0.032520325203252036
1992-93,Gerald Paddio,paddige01,SF,27,SEA,41,3,307,11.6,25.9,0.447,0.3,1.3,0.25,11.2,24.6,0.457,2.3,3.4,0.667,2.8,5.4,8.1,5.4,2.3,1.0,2.6,3.9,25.7,104.0,106.0,1993,Gerald Paddio-1993,0.0,Not Selected,Forward,OKC,0.04968383017163505
1992-93,Walter Palmer,palmewa01,C,24,DAL,20,0,124,10.5,22.2,0.474,0.0,0.0,0.0,10.5,22.2,0.474,2.3,3.5,0.667,4.7,12.4,17.1,1.9,0.4,1.9,3.9,11.3,23.3,96.0,111.0,1993,Walter Palmer-1993,0.0,Not Selected,Center,DAL,0.00993676603432701
1992-93,Robert Parish,parisro01,C,39,BOS,79,79,2146,9.8,18.3,0.535,0.0,0.0,0.0,9.8,18.3,0.535,3.8,5.5,0.6890000000000001,5.8,11.6,17.4,1.4,1.3,2.5,2.8,4.7,23.4,113.0,103.0,1993,Robert Parish-1993,0.0,Not Selected,Center,BOS,0.04336043360433604
1992-93,John Paxson,paxsojo01,PG,32,CHI,59,8,1030,5.3,11.7,0.451,1.0,2.1,0.46299999999999997,4.3,9.7,0.44799999999999995,0.9,1.0,0.85,0.5,2.0,2.4,6.9,1.9,0.1,1.6,5.0,12.4,114.0,110.0,1993,John Paxson-1993,0.0,Not Selected,Guard,CHI,0.051490514905149054
1992-93,Kenny Payne,payneke01,SF,26,PHI,13,0,154,12.0,28.5,0.42200000000000004,1.3,5.7,0.222,10.8,22.8,0.47200000000000003,1.3,1.3,1.0,1.3,6.3,7.6,5.7,1.6,0.6,2.2,4.7,26.6,97.0,111.0,1993,Kenny Payne-1993,0.0,Not Selected,Forward,PHI,0.023486901535682024
1992-93,Gary Payton,paytoga01,PG,24,SEA,82,78,2548,9.3,18.9,0.494,0.1,0.7,0.20600000000000002,9.2,18.2,0.505,3.0,3.8,0.77,1.9,3.6,5.5,7.8,3.5,0.4,2.9,4.9,21.8,113.0,105.0,1993,Gary Payton-1993,0.0,Not Selected,Guard,OKC,0.04968383017163505
1992-93,Anthony Peeler,peelean01,SG,23,LAL,77,11,1656,9.0,19.1,0.46799999999999997,1.4,3.6,0.39,7.6,15.6,0.486,4.9,6.2,0.7859999999999999,1.9,3.5,5.4,5.0,1.8,0.4,3.7,5.8,24.2,107.0,111.0,1993,Anthony Peeler-1993,0.0,Not Selected,Guard,LAL,0.03523035230352303
1992-93,Will Perdue,perduwi01,C,27,CHI,72,16,998,7.1,12.8,0.557,0.0,0.1,0.0,7.1,12.7,0.5589999999999999,3.5,5.8,0.604,5.4,9.6,14.9,3.8,1.1,2.4,3.8,7.2,17.7,109.0,104.0,1993,Will Perdue-1993,0.0,Not Selected,Center,CHI,0.051490514905149054
1992-93,Sam Perkins,perkisa01,PF,31,TOT,79,62,2351,8.1,17.0,0.47700000000000004,0.5,1.5,0.33799999999999997,7.6,15.5,0.49,5.3,6.5,0.82,3.5,7.7,11.1,3.3,1.3,1.7,2.3,4.8,22.0,116.0,107.0,1993,Sam Perkins-1993,0.0,Not Selected,Forward,TOT,0.03333333333333333
1992-93,Tim Perry,perryti01,PF,27,PHI,81,51,2104,6.6,14.2,0.46799999999999997,0.2,1.1,0.204,6.4,13.1,0.491,3.4,4.8,0.71,3.6,5.9,9.5,2.9,0.9,2.1,2.8,3.7,16.9,103.0,111.0,1993,Tim Perry-1993,0.0,Not Selected,Forward,PHI,0.023486901535682024
1992-93,Chuck Person,persoch01,SF,28,MIN,78,75,2985,9.3,21.4,0.433,2.0,5.7,0.355,7.2,15.7,0.462,1.9,2.9,0.649,1.7,5.7,7.4,5.9,1.1,0.5,3.8,3.4,22.4,97.0,114.0,1993,Chuck Person-1993,0.0,Not Selected,Forward,MIN,0.017163504968383016
1992-93,Dražen Petrović,petrodr01,SG,28,NJN,70,67,2660,11.0,21.3,0.518,1.4,3.1,0.449,9.6,18.2,0.529,5.9,6.8,0.87,0.8,2.8,3.6,4.6,1.8,0.2,3.8,4.5,29.4,116.0,109.0,1993,Dražen Petrović-1993,3.0,3rd,Guard,BRK,0.03884372177055104
1992-93,Bobby Phills,phillbo01,SG,23,CLE,31,0,139,13.8,29.9,0.46299999999999997,0.7,1.8,0.4,13.1,28.0,0.46799999999999997,5.5,9.1,0.6,2.2,4.0,6.2,3.6,3.6,0.7,6.6,6.9,33.9,89.0,104.0,1993,Bobby Phills-1993,0.0,Not Selected,Guard,CLE,0.04878048780487805
1992-93,Ricky Pierce,piercri01,SG,33,SEA,77,72,2218,11.8,24.1,0.489,0.9,2.5,0.37200000000000005,10.9,21.6,0.503,7.1,7.9,0.889,1.3,3.0,4.3,5.0,2.3,0.2,3.6,3.8,31.6,116.0,108.0,1993,Ricky Pierce-1993,0.0,Not Selected,Guard,OKC,0.04968383017163505
1992-93,Ed Pinckney,pincked01,PF,29,BOS,7,5,151,3.3,8.0,0.41700000000000004,0.0,0.0,0.0,3.3,8.0,0.41700000000000004,4.0,4.4,0.9229999999999999,4.7,9.7,14.4,0.3,1.3,2.3,2.7,4.4,10.7,105.0,105.0,1993,Ed Pinckney-1993,0.0,Not Selected,Forward,BOS,0.04336043360433604
1992-93,Scottie Pippen,pippesc01,SF,27,CHI,81,81,3123,10.4,22.1,0.473,0.4,1.5,0.237,10.1,20.5,0.491,3.9,5.8,0.6629999999999999,3.4,6.9,10.3,8.4,2.9,1.2,4.1,3.6,25.1,108.0,104.0,1993,Scottie Pippen-1993,3.0,3rd,Forward,CHI,0.051490514905149054
1992-93,Gary Plummer,plummga01,PF,30,DEN,60,0,737,6.9,14.9,0.465,0.0,0.2,0.0,6.9,14.7,0.47100000000000003,4.5,6.2,0.726,3.5,7.8,11.3,2.6,0.9,0.7,5.1,9.2,18.3,94.0,107.0,1993,Gary Plummer-1993,0.0,Not Selected,Forward,DEN,0.032520325203252036
1992-93,Olden Polynice,polynol01,C,28,DET,67,18,1299,8.3,17.0,0.49,0.0,0.0,0.0,8.3,17.0,0.491,2.6,5.6,0.465,7.2,9.4,16.6,1.1,1.2,0.8,2.1,5.0,19.3,107.0,107.0,1993,Olden Polynice-1993,0.0,Not Selected,Center,DET,0.036133694670280034
1992-93,Terry Porter,portete01,PG,29,POR,81,81,2883,8.5,18.6,0.45399999999999996,2.4,5.8,0.414,6.1,12.8,0.47200000000000003,5.5,6.5,0.843,1.0,4.3,5.3,7.0,1.7,0.2,3.3,2.1,24.8,115.0,108.0,1993,Terry Porter-1993,0.0,Not Selected,Guard,POR,0.04607046070460705
1992-93,Paul Pressey,presspa01,SG,34,GSW,18,0,268,5.2,11.9,0.439,0.0,0.7,0.0,5.2,11.2,0.46799999999999997,3.8,4.9,0.778,1.4,4.1,5.6,5.4,2.0,0.9,4.1,6.5,14.2,96.0,111.0,1993,Paul Pressey-1993,0.0,Not Selected,Guard,GSW,0.03071364046973803
1992-93,Brent Price,pricebr01,PG,24,WSB,68,9,859,5.7,16.0,0.358,0.5,2.7,0.16699999999999998,5.3,13.2,0.39799999999999996,3.1,3.9,0.794,1.6,4.3,5.9,8.8,3.2,0.2,4.9,5.1,15.0,86.0,109.0,1993,Brent Price-1993,0.0,Not Selected,Guard,WAS,0.01987353206865402
1992-93,Mark Price,pricema01,PG,28,CLE,75,74,2380,10.1,21.0,0.484,2.6,6.2,0.41600000000000004,7.6,14.7,0.512,6.1,6.5,0.948,0.8,3.5,4.3,12.8,1.9,0.2,4.2,2.2,29.0,120.0,109.0,1993,Mark Price-1993,1.0,1st,Guard,CLE,0.04878048780487805
1992-93,Anthony Pullard,pullaan01,PF,26,MIL,8,0,37,10.8,24.3,0.444,0.0,0.0,0.0,10.8,24.3,0.444,1.3,4.0,0.33299999999999996,2.7,8.1,10.8,2.7,2.7,2.7,6.7,6.7,22.9,76.0,105.0,1993,Anthony Pullard-1993,0.0,Not Selected,Forward,MIL,0.025293586269196026
1992-93,Kurt Rambis,rambiku01,PF,34,TOT,72,1,822,3.9,7.5,0.519,0.0,0.1,0.0,3.9,7.4,0.528,2.5,3.8,0.662,4.5,8.7,13.2,3.1,2.5,1.0,2.4,7.1,10.3,110.0,106.0,1993,Kurt Rambis-1993,0.0,Not Selected,Forward,TOT,0.03333333333333333
1992-93,Mark Randall,randama01,PF,25,TOT,37,0,248,8.3,16.6,0.5,0.2,1.7,0.125,8.1,14.9,0.542,3.3,5.4,0.615,5.6,5.8,11.4,2.3,0.8,0.4,3.5,6.8,20.1,104.0,111.0,1993,Mark Randall-1993,0.0,Not Selected,Forward,TOT,0.03333333333333333
1992-93,Blair Rasmussen,rasmubl01,C,30,ATL,22,6,283,5.2,13.9,0.375,0.3,1.0,0.33299999999999996,4.9,12.9,0.37799999999999995,1.6,2.3,0.6920000000000001,3.5,6.1,9.6,0.9,0.9,1.7,2.1,10.6,12.3,91.0,111.0,1993,Blair Rasmussen-1993,0.0,Not Selected,Center,ATL,0.03884372177055104
1992-93,J.R. Reid,reidjr01,PF,24,TOT,83,25,1887,7.5,15.7,0.47600000000000003,0.0,0.1,0.0,7.5,15.6,0.48,5.7,7.4,0.764,3.2,8.9,12.1,2.1,1.2,0.8,3.3,7.0,20.6,105.0,107.0,1993,J.R. Reid-1993,0.0,Not Selected,Forward,TOT,0.03333333333333333
1992-93,Glen Rice,ricegl01,SF,25,MIA,82,82,3082,9.6,21.8,0.44,2.4,6.4,0.38299999999999995,7.1,15.4,0.46299999999999997,4.0,4.9,0.82,1.5,5.5,7.0,3.0,1.5,0.4,2.6,3.3,25.6,109.0,110.0,1993,Glen Rice-1993,0.0,Not Selected,Forward,MIA,0.032520325203252036
1992-93,Pooh Richardson,richapo01,PG,26,IND,74,73,2396,7.0,14.7,0.479,0.1,0.6,0.10300000000000001,7.0,14.1,0.496,1.9,2.6,0.742,1.3,4.3,5.6,12.0,2.0,0.3,3.5,2.8,16.1,109.0,111.0,1993,Pooh Richardson-1993,0.0,Not Selected,Guard,IND,0.037037037037037035
1992-93,Mitch Richmond,richmmi01,SG,27,SAC,45,45,1728,10.2,21.6,0.474,1.3,3.6,0.369,8.9,18.0,0.495,5.4,6.4,0.845,0.5,3.7,4.2,6.1,1.5,0.2,3.6,3.8,27.2,109.0,112.0,1993,Mitch Richmond-1993,0.0,Not Selected,Guard,SAC,0.022583559168925023
1992-93,Doc Rivers,riverdo01,PG,31,NYK,77,45,1886,5.8,13.3,0.43700000000000006,1.1,3.3,0.317,4.8,10.0,0.47700000000000004,3.6,4.4,0.821,0.7,4.5,5.2,10.9,3.3,0.2,3.1,5.8,16.3,112.0,99.0,1993,Doc Rivers-1993,0.0,Not Selected,Guard,NYK,0.05420054200542006
1992-93,Fred Roberts,roberfr01,C,32,MIL,79,5,1488,7.6,14.4,0.528,0.4,1.0,0.414,7.2,13.4,0.536,4.5,5.7,0.799,3.1,4.9,8.0,4.0,1.9,0.9,2.2,4.6,20.1,120.0,111.0,1993,Fred Roberts-1993,0.0,Not Selected,Center,MIL,0.025293586269196026
1992-93,Stanley Roberts,roberst01,C,22,LAC,77,76,1816,10.0,19.0,0.527,0.0,0.0,0.0,10.0,19.0,0.527,3.2,6.6,0.488,4.8,7.9,12.8,1.6,0.9,3.8,3.2,8.9,23.2,103.0,106.0,1993,Stanley Roberts-1993,0.0,Not Selected,Center,LAC,0.037037037037037035
1992-93,Alvin Robertson,roberal01,SG,30,TOT,69,54,2006,6.2,13.6,0.45799999999999996,1.0,3.1,0.32799999999999996,5.2,10.5,0.496,2.1,3.2,0.6559999999999999,2.7,4.1,6.8,6.6,3.9,0.5,3.4,5.5,15.6,104.0,107.0,1993,Alvin Robertson-1993,0.0,Not Selected,Guard,TOT,0.03333333333333333
1992-93,Clifford Robinson,robincl02,PF,26,POR,82,12,2575,11.9,25.1,0.473,0.4,1.4,0.247,11.5,23.7,0.48700000000000004,5.4,7.8,0.69,3.1,7.1,10.2,3.4,1.8,3.1,3.3,5.4,29.5,106.0,103.0,1993,Clifford Robinson-1993,0.0,Not Selected,Forward,POR,0.04607046070460705
1992-93,David Robinson,robinda01,C,27,SAS,82,82,3211,10.6,21.1,0.501,0.0,0.3,0.17600000000000002,10.5,20.9,0.506,8.8,12.0,0.732,3.6,11.4,15.0,4.7,2.0,4.1,3.8,3.7,30.0,113.0,100.0,1993,David Robinson-1993,3.0,3rd,Center,SAS,0.044263775971093045
1992-93,Larry Robinson,robinla01,SG,25,WSB,4,0,33,8.9,23.8,0.375,0.0,1.5,0.0,8.9,22.3,0.4,4.5,7.4,0.6,1.5,3.0,4.5,4.5,1.5,1.5,1.5,0.0,22.3,93.0,113.0,1993,Larry Robinson-1993,0.0,Not Selected,Guard,WAS,0.01987353206865402
1992-93,Rumeal Robinson,robinru01,PG,26,NJN,80,28,1585,8.5,20.1,0.423,0.6,1.8,0.35700000000000004,7.9,18.4,0.43,3.5,6.1,0.574,1.5,3.5,5.0,10.2,3.0,0.4,4.4,5.3,21.2,98.0,105.0,1993,Rumeal Robinson-1993,0.0,Not Selected,Guard,BRK,0.03884372177055104
1992-93,Dennis Rodman,rodmade01,PF,31,DET,62,55,2410,3.9,9.2,0.42700000000000005,0.3,1.6,0.205,3.6,7.6,0.47200000000000003,1.9,3.5,0.534,7.8,16.3,24.2,2.2,1.0,1.0,2.2,4.3,10.0,107.0,102.0,1993,Dennis Rodman-1993,0.0,Not Selected,Forward,DET,0.036133694670280034
1992-93,Tree Rollins,rollitr01,C,37,HOU,42,0,247,2.3,8.4,0.268,0.0,0.4,0.0,2.3,8.0,0.282,1.9,2.5,0.75,2.5,9.9,12.4,2.1,1.2,3.1,1.9,8.9,6.4,81.0,102.0,1993,Tree Rollins-1993,0.0,Not Selected,Center,HOU,0.04968383017163505
1992-93,Sean Rooks,rooksse01,C,23,DAL,72,68,2087,8.5,17.3,0.493,0.0,0.0,0.0,8.5,17.2,0.494,5.4,9.0,0.602,4.5,7.9,12.4,2.2,0.9,1.9,3.7,4.7,22.4,102.0,114.0,1993,Sean Rooks-1993,0.0,Not Selected,Center,DAL,0.00993676603432701
1992-93,Donald Royal,royaldo01,SF,26,ORL,77,0,1636,5.9,11.9,0.496,0.0,0.1,0.0,5.9,11.8,0.5,9.7,11.9,0.815,3.5,5.5,9.0,2.4,1.1,0.8,3.4,5.5,21.5,119.0,109.0,1993,Donald Royal-1993,0.0,Not Selected,Forward,ORL,0.037037037037037035
1992-93,Delaney Rudd,ruddde01,PG,30,POR,15,1,95,3.6,18.4,0.19399999999999998,0.5,5.6,0.091,3.1,12.8,0.24,5.6,7.1,0.7859999999999999,2.0,2.6,4.6,8.7,0.5,0.0,5.6,3.6,13.3,73.0,111.0,1993,Delaney Rudd-1993,0.0,Not Selected,Guard,POR,0.04607046070460705
1992-93,Jeff Ruland,rulanje01,C,34,DET,11,0,55,4.7,10.3,0.455,0.0,0.0,0.0,4.7,10.3,0.455,1.9,3.7,0.5,8.4,8.4,16.8,1.9,1.9,0.0,5.6,15.0,11.2,86.0,106.0,1993,Jeff Ruland-1993,0.0,Not Selected,Center,DET,0.036133694670280034
1992-93,John Salley,sallejo01,PF,28,MIA,51,34,1422,5.5,11.0,0.502,0.0,0.0,0.0,5.5,11.0,0.502,4.1,5.1,0.799,4.0,7.1,11.2,3.0,1.1,2.5,3.6,6.9,15.1,107.0,107.0,1993,John Salley-1993,0.0,Not Selected,Forward,MIA,0.032520325203252036
1992-93,Jeff Sanders,sandeje01,PF,27,ATL,9,0,120,4.1,10.2,0.4,0.0,0.0,0.0,4.1,10.2,0.4,1.6,3.3,0.5,4.9,7.0,11.9,2.5,3.3,0.4,4.5,6.6,9.8,81.0,107.0,1993,Jeff Sanders-1993,0.0,Not Selected,Forward,ATL,0.03884372177055104
1992-93,Mike Sanders,sandemi01,SF,32,CLE,53,51,1189,8.4,16.9,0.49700000000000005,0.0,0.2,0.25,8.3,16.7,0.5,2.5,3.3,0.7559999999999999,2.2,5.0,7.2,3.2,1.7,1.3,2.4,6.4,19.3,104.0,107.0,1993,Mike Sanders-1993,0.0,Not Selected,Forward,CLE,0.04878048780487805
1992-93,Danny Schayes,schayda01,C,33,MIL,70,7,1124,4.7,11.7,0.39899999999999997,0.0,0.1,0.0,4.7,11.6,0.40399999999999997,5.0,6.1,0.818,3.2,7.9,11.1,3.5,1.6,1.6,2.9,6.6,14.3,102.0,109.0,1993,Danny Schayes-1993,0.0,Not Selected,Center,MIL,0.025293586269196026
1992-93,Steve Scheffler,schefst01,C,25,SEA,29,5,166,7.5,14.5,0.521,0.0,0.0,0.0,7.5,14.5,0.521,4.8,7.2,0.667,4.5,6.3,10.8,1.5,1.8,0.3,1.5,11.1,19.9,122.0,106.0,1993,Steve Scheffler-1993,0.0,Not Selected,Center,OKC,0.04968383017163505
1992-93,Dwayne Schintzius,schindw01,C,24,NJN,5,0,35,2.9,10.0,0.28600000000000003,0.0,0.0,0.0,2.9,10.0,0.28600000000000003,4.3,4.3,1.0,2.9,8.6,11.4,2.9,2.9,2.9,0.0,5.7,10.0,118.0,100.0,1993,Dwayne Schintzius-1993,0.0,Not Selected,Center,BRK,0.03884372177055104
1992-93,Detlef Schrempf,schrede01,PF,30,IND,82,60,3098,8.3,17.5,0.47600000000000003,0.1,0.8,0.154,8.2,16.7,0.493,8.5,10.5,0.804,3.4,9.2,12.6,8.0,1.3,0.4,3.9,4.9,25.3,117.0,109.0,1993,Detlef Schrempf-1993,0.0,Not Selected,Forward,IND,0.037037037037037035
1992-93,Byron Scott,scottby01,SG,31,LAL,58,53,1677,8.8,19.6,0.449,1.3,4.0,0.326,7.5,15.6,0.48100000000000004,4.6,5.5,0.848,0.8,3.2,4.0,4.7,1.6,0.4,2.1,2.9,23.6,112.0,112.0,1993,Byron Scott-1993,0.0,Not Selected,Guard,LAL,0.03523035230352303
1992-93,Dennis Scott,scottde01,SF,24,ORL,54,43,1759,9.3,21.6,0.431,3.1,7.6,0.40299999999999997,6.3,14.0,0.446,2.6,3.3,0.7859999999999999,1.1,4.2,5.3,3.9,1.6,0.5,2.9,3.7,24.3,105.0,109.0,1993,Dennis Scott-1993,0.0,Not Selected,Forward,ORL,0.037037037037037035
1992-93,Malik Sealy,sealyma01,SF,22,IND,58,2,672,10.1,23.7,0.426,0.5,2.3,0.226,9.6,21.4,0.44799999999999995,3.8,5.5,0.6890000000000001,4.5,3.9,8.3,3.5,2.7,0.5,4.3,5.5,24.6,96.0,110.0,1993,Malik Sealy-1993,0.0,Not Selected,Forward,IND,0.037037037037037035
1992-93,Rony Seikaly,seikaro01,C,27,MIA,72,64,2456,8.6,17.9,0.48,0.0,0.2,0.125,8.6,17.8,0.484,8.2,11.2,0.735,5.4,12.1,17.5,2.1,0.8,1.7,4.2,5.4,25.5,109.0,106.0,1993,Rony Seikaly-1993,0.0,Not Selected,Center,MIA,0.032520325203252036
1992-93,Brad Sellers,sellebr01,PF,30,MIN,54,4,533,4.7,12.5,0.377,0.0,0.1,0.0,4.7,12.4,0.38,3.6,3.7,0.9490000000000001,2.6,5.4,8.0,4.4,0.6,1.1,2.6,3.8,13.0,98.0,115.0,1993,Brad Sellers-1993,0.0,Not Selected,Forward,MIN,0.017163504968383016
1992-93,Charles Shackleford,shackch01,C,26,PHI,48,0,568,6.9,14.1,0.488,0.0,0.2,0.0,6.9,13.9,0.494,2.7,4.2,0.633,5.6,12.0,17.6,2.2,1.1,2.1,3.1,7.9,16.4,102.0,106.0,1993,Charles Shackleford-1993,0.0,Not Selected,Center,PHI,0.023486901535682024
1992-93,Brian Shaw,shawbr01,PG,26,MIA,68,45,1603,6.2,15.9,0.39299999999999996,1.4,4.1,0.331,4.9,11.7,0.415,1.9,2.5,0.782,2.2,5.9,8.1,7.4,1.5,0.6,3.0,5.2,15.8,102.0,109.0,1993,Brian Shaw-1993,0.0,Not Selected,Guard,MIA,0.032520325203252036
1992-93,Lionel Simmons,simmoli01,SF,24,SAC,69,68,2502,8.9,20.1,0.444,0.0,0.2,0.091,8.9,19.9,0.447,5.7,6.9,0.8190000000000001,3.0,6.5,9.4,5.9,1.8,0.7,3.7,3.7,23.5,104.0,109.0,1993,Lionel Simmons-1993,0.0,Not Selected,Forward,SAC,0.022583559168925023
1992-93,Scott Skiles,skilesc01,PG,28,ORL,78,78,3086,6.7,14.4,0.467,1.3,3.8,0.34,5.4,10.6,0.512,4.7,5.2,0.892,0.8,3.8,4.7,11.9,1.4,0.0,4.3,3.9,19.4,115.0,110.0,1993,Scott Skiles-1993,0.0,Not Selected,Guard,ORL,0.037037037037037035
1992-93,Charles Smith,smithch01,SF,27,NYK,81,68,2172,8.4,17.9,0.469,0.0,0.0,0.0,8.4,17.8,0.47,6.7,8.6,0.782,4.0,6.1,10.1,3.3,1.1,2.2,3.6,5.9,23.5,108.0,100.0,1993,Charles Smith-1993,0.0,Not Selected,Forward,NYK,0.05420054200542006
1992-93,Chris Smith,smithch03,SG,22,MIN,80,6,1266,5.0,11.7,0.433,0.1,0.6,0.14300000000000002,5.0,11.1,0.447,3.8,4.8,0.792,1.3,2.6,3.9,7.9,1.9,0.6,2.7,3.9,14.0,106.0,114.0,1993,Chris Smith-1993,0.0,Not Selected,Guard,MIN,0.017163504968383016
1992-93,Doug Smith,smithdo03,PF,23,DAL,61,42,1524,9.1,21.1,0.434,0.0,0.1,0.0,9.1,21.0,0.43700000000000006,1.8,2.3,0.757,3.0,7.3,10.4,3.3,1.5,1.6,3.6,8.9,20.1,91.0,113.0,1993,Doug Smith-1993,0.0,Not Selected,Forward,DAL,0.00993676603432701
1992-93,Kenny Smith,smithke01,PG,27,HOU,82,82,2422,8.1,15.6,0.52,2.0,4.6,0.43799999999999994,6.1,11.0,0.5539999999999999,4.1,4.7,0.878,0.6,2.8,3.4,9.4,1.7,0.1,3.4,2.3,22.4,121.0,109.0,1993,Kenny Smith-1993,0.0,Not Selected,Guard,HOU,0.04968383017163505
1992-93,LaBradford Smith,smithla02,SG,23,WSB,69,33,1546,8.3,18.1,0.45799999999999996,0.3,0.7,0.348,8.0,17.4,0.46299999999999997,3.5,4.0,0.858,0.8,2.5,3.4,5.9,1.8,0.3,3.3,5.7,20.3,100.0,113.0,1993,LaBradford Smith-1993,0.0,Not Selected,Guard,WAS,0.01987353206865402
1992-93,Larry Smith,smithla01,PF,35,SAS,66,13,833,2.3,5.3,0.43700000000000006,0.0,0.0,0.0,2.3,5.3,0.43700000000000006,0.5,1.3,0.409,6.2,10.0,16.2,1.7,1.4,1.0,2.4,8.0,5.1,100.0,105.0,1993,Larry Smith-1993,0.0,Not Selected,Forward,SAS,0.044263775971093045
1992-93,Reggie Smith,smithre01,C,22,POR,23,0,68,7.1,19.2,0.37,0.0,0.7,0.0,7.1,18.5,0.385,2.1,10.0,0.214,10.7,4.3,15.0,0.7,2.9,0.7,2.9,11.4,16.4,85.0,104.0,1993,Reggie Smith-1993,0.0,Not Selected,Center,POR,0.04607046070460705
1992-93,Steve Smith,smithst01,SG,23,MIA,48,43,1610,8.8,19.5,0.451,1.7,4.2,0.402,7.1,15.3,0.46399999999999997,4.9,6.2,0.787,1.8,4.4,6.2,8.4,1.6,0.5,4.1,4.7,24.1,110.0,110.0,1993,Steve Smith-1993,0.0,Not Selected,Guard,MIA,0.032520325203252036
1992-93,Tony Smith,smithto02,SG,24,LAL,55,9,752,8.8,18.3,0.484,0.1,0.7,0.182,8.7,17.5,0.496,4.1,5.4,0.7559999999999999,3.1,2.7,5.8,4.2,3.3,0.5,2.7,4.8,21.9,109.0,109.0,1993,Tony Smith-1993,0.0,Not Selected,Guard,LAL,0.03523035230352303
1992-93,Rik Smits,smitsri01,C,26,IND,81,81,2072,11.9,24.6,0.486,0.0,0.0,0.0,11.9,24.6,0.486,4.0,5.5,0.732,3.0,7.4,10.4,2.9,0.7,1.8,3.5,6.9,27.9,103.0,110.0,1993,Rik Smits-1993,0.0,Not Selected,Center,IND,0.037037037037037035
1992-93,Andre Spencer,spencan01,SF,28,TOT,20,1,422,8.3,18.6,0.44799999999999995,0.0,0.2,0.0,8.3,18.4,0.45299999999999996,4.7,6.2,0.759,4.3,4.9,9.3,2.7,1.9,0.8,3.0,7.3,21.4,105.0,110.0,1993,Andre Spencer-1993,0.0,Not Selected,Forward,TOT,0.03333333333333333
1992-93,Elmore Spencer,spencel01,C,23,LAC,44,4,280,7.6,14.2,0.537,0.0,0.0,0.0,7.6,14.2,0.537,2.8,5.5,0.5,2.9,7.8,10.7,1.4,1.4,3.1,4.5,9.3,18.0,92.0,105.0,1993,Elmore Spencer-1993,0.0,Not Selected,Center,LAC,0.037037037037037035
1992-93,Felton Spencer,spencfe01,C,25,MIN,71,48,1296,4.1,8.9,0.465,0.0,0.0,0.0,4.1,8.9,0.465,3.3,5.0,0.654,5.3,7.5,12.8,0.7,0.9,2.6,2.8,9.6,11.6,101.0,111.0,1993,Felton Spencer-1993,0.0,Not Selected,Center,MIN,0.017163504968383016
1992-93,Latrell Sprewell,sprewla01,SG,22,GSW,77,69,2741,7.9,17.0,0.46399999999999997,1.3,3.5,0.369,6.6,13.5,0.488,3.7,5.0,0.746,1.4,3.4,4.8,5.2,2.2,0.9,3.6,2.9,20.8,106.0,111.0,1993,Latrell Sprewell-1993,0.0,Not Selected,Guard,GSW,0.03071364046973803
1992-93,John Starks,starkjo01,SG,27,NYK,80,51,2477,10.5,24.6,0.428,2.2,6.9,0.321,8.3,17.7,0.469,5.4,6.8,0.795,1.1,3.1,4.2,8.3,1.9,0.2,3.5,4.8,28.7,108.0,103.0,1993,John Starks-1993,0.0,Not Selected,Guard,NYK,0.05420054200542006
1992-93,Barry Stevens,steveba01,SF,30,GSW,2,0,6,8.0,16.1,0.5,0.0,0.0,0.0,8.0,16.1,0.5,0.0,0.0,0.0,16.1,0.0,16.1,0.0,0.0,0.0,0.0,8.0,16.1,137.0,119.0,1993,Barry Stevens-1993,0.0,Not Selected,Forward,GSW,0.03071364046973803
1992-93,Larry Stewart,stewala01,SF,24,WSB,81,8,1823,8.2,15.2,0.5429999999999999,0.0,0.1,0.0,8.2,15.1,0.544,5.0,6.8,0.727,4.2,6.2,10.3,3.9,1.3,0.8,4.1,5.1,21.5,108.0,111.0,1993,Larry Stewart-1993,0.0,Not Selected,Forward,WAS,0.01987353206865402
1992-93,Bryant Stith,stithbr01,SG,22,DEN,39,12,865,6.9,15.5,0.446,0.0,0.2,0.0,6.9,15.2,0.45299999999999996,5.5,6.6,0.8320000000000001,2.2,4.7,6.9,2.7,1.3,0.3,2.4,4.6,19.3,109.0,109.0,1993,Bryant Stith-1993,0.0,Not Selected,Guard,DEN,0.032520325203252036
1992-93,Alex Stivrins,stivral01,PF-SF,30,TOT,19,0,76,12.2,25.1,0.48700000000000004,0.0,1.3,0.0,12.2,23.8,0.514,1.9,2.6,0.75,4.5,7.7,12.2,1.9,1.3,1.3,4.5,7.1,26.4,94.0,108.0,1993,Alex Stivrins-1993,0.0,Not Selected,Forward,TOT,0.03333333333333333
1992-93,John Stockton,stockjo01,PG,30,UTA,82,82,2863,7.6,15.6,0.486,1.3,3.2,0.385,6.3,12.4,0.513,5.1,6.4,0.7979999999999999,1.1,3.0,4.1,17.1,3.5,0.4,4.6,3.9,21.5,118.0,107.0,1993,John Stockton-1993,2.0,2nd,Guard,UTA,0.04245709123757904
1992-93,Rod Strickland,stricro02,SG,26,POR,78,35,2474,7.8,16.0,0.485,0.1,0.6,0.133,7.7,15.4,0.499,5.3,7.5,0.7170000000000001,2.4,4.2,6.6,10.9,2.6,0.5,3.9,3.0,20.9,112.0,106.0,1993,Rod Strickland-1993,0.0,Not Selected,Guard,POR,0.04607046070460705
1992-93,Derek Strong,stronde01,PF,24,MIL,23,0,339,6.2,13.6,0.457,0.6,1.2,0.5,5.6,12.4,0.452,10.0,12.5,0.8,5.9,11.1,16.9,2.1,1.6,0.1,1.9,2.9,23.0,129.0,108.0,1993,Derek Strong-1993,0.0,Not Selected,Forward,MIL,0.025293586269196026
1992-93,Lamont Strothers,strotla01,SG,24,DAL,9,0,138,7.0,21.3,0.32799999999999996,0.7,4.5,0.154,6.3,16.8,0.375,2.8,3.5,0.8,2.8,2.1,4.9,4.5,2.8,0.0,5.2,4.5,17.5,78.0,115.0,1993,Lamont Strothers-1993,0.0,Not Selected,Guard,DAL,0.00993676603432701
1992-93,Terry Teagle,teaglte01,SG,32,HOU,2,0,25,4.1,14.2,0.28600000000000003,0.0,0.0,0.0,4.1,14.2,0.28600000000000003,2.0,4.1,0.5,0.0,6.1,6.1,4.1,0.0,0.0,2.0,2.0,10.2,73.0,110.0,1993,Terry Teagle-1993,0.0,Not Selected,Guard,HOU,0.04968383017163505
1992-93,Isiah Thomas,thomais01,PG,31,DET,79,79,2922,9.3,22.2,0.418,1.1,3.5,0.308,8.2,18.7,0.439,4.9,6.6,0.737,1.3,2.8,4.1,11.8,2.2,0.3,5.0,3.9,24.5,102.0,110.0,1993,Isiah Thomas-1993,0.0,Not Selected,Guard,DET,0.036133694670280034
1992-93,LaSalle Thompson,thompla01,C,31,IND,63,0,730,7.1,14.6,0.488,0.0,0.1,0.0,7.1,14.5,0.491,2.0,2.7,0.7440000000000001,3.8,8.4,12.2,2.3,2.0,1.6,3.2,9.4,16.2,100.0,107.0,1993,LaSalle Thompson-1993,0.0,Not Selected,Center,IND,0.037037037037037035
1992-93,Otis Thorpe,thorpot01,PF,30,HOU,72,69,2357,8.3,14.9,0.5579999999999999,0.0,0.0,0.0,8.3,14.8,0.56,3.3,5.5,0.598,4.7,8.0,12.7,3.9,0.9,0.4,3.3,5.0,19.9,112.0,107.0,1993,Otis Thorpe-1993,0.0,Not Selected,Forward,HOU,0.04968383017163505
1992-93,Sedale Threatt,threase01,PG,31,LAL,82,82,2893,9.0,17.7,0.508,0.2,0.9,0.264,8.8,16.8,0.521,3.1,3.7,0.823,0.8,3.9,4.7,9.7,2.4,0.2,3.0,4.3,21.3,113.0,110.0,1993,Sedale Threatt-1993,0.0,Not Selected,Guard,LAL,0.03523035230352303
1992-93,Wayman Tisdale,tisdawa01,PF,28,SAC,76,75,2283,11.3,22.3,0.509,0.0,0.0,0.0,11.3,22.2,0.51,3.7,4.8,0.758,2.6,7.8,10.4,2.3,1.1,1.0,2.4,5.8,26.3,108.0,110.0,1993,Wayman Tisdale-1993,0.0,Not Selected,Forward,SAC,0.022583559168925023
1992-93,Tom Tolbert,tolbeto01,PF,27,ORL,72,61,1838,6.1,12.3,0.498,0.2,0.8,0.321,5.9,11.6,0.509,3.3,4.6,0.726,3.6,7.6,11.2,2.5,0.9,0.6,3.4,5.2,15.8,104.0,108.0,1993,Tom Tolbert-1993,0.0,Not Selected,Forward,ORL,0.037037037037037035
1992-93,Trent Tucker,tucketr01,SG,33,CHI,69,0,909,8.2,16.8,0.485,3.0,7.5,0.397,5.2,9.4,0.555,1.0,1.3,0.818,0.9,3.1,4.1,4.7,1.4,0.3,1.0,3.7,20.3,127.0,110.0,1993,Trent Tucker-1993,0.0,Not Selected,Guard,CHI,0.051490514905149054
1992-93,Jeff Turner,turneje01,PF,30,ORL,75,20,1479,7.8,14.7,0.529,0.3,0.6,0.588,7.4,14.2,0.526,1.9,2.4,0.8,2.5,6.0,8.5,3.6,0.6,0.3,2.2,6.5,17.8,113.0,110.0,1993,Jeff Turner-1993,0.0,Not Selected,Forward,ORL,0.037037037037037035
1992-93,Kiki Vandeweghe,vandeki01,SF,34,LAC,41,3,494,9.0,19.9,0.45299999999999996,1.2,3.6,0.324,7.8,16.3,0.48200000000000004,5.7,6.5,0.879,1.2,3.5,4.7,2.5,1.3,0.7,2.0,4.4,24.9,113.0,111.0,1993,Kiki Vandeweghe-1993,0.0,Not Selected,Forward,LAC,0.037037037037037035
1992-93,Loy Vaught,vaughlo01,PF,24,LAC,79,4,1653,9.2,18.1,0.508,0.0,0.1,0.25,9.1,17.9,0.51,3.4,4.5,0.748,4.8,9.6,14.4,1.6,1.6,1.1,2.4,5.0,21.8,110.0,105.0,1993,Loy Vaught-1993,0.0,Not Selected,Forward,LAC,0.037037037037037035
1992-93,Gundars Vētra,vetragu01,SF,25,MIN,13,0,89,10.9,23.0,0.475,1.7,1.7,1.0,9.2,21.3,0.43200000000000005,2.3,3.4,0.667,2.3,2.3,4.6,3.4,1.1,0.0,1.1,6.9,25.9,111.0,116.0,1993,Gundars Vētra-1993,0.0,Not Selected,Forward,MIN,0.017163504968383016
1992-93,Darrell Walker,walkeda01,PG-SG,31,TOT,37,2,511,3.4,9.7,0.354,0.0,0.1,0.0,3.4,9.6,0.358,1.2,2.6,0.462,2.2,3.6,5.9,5.4,3.3,0.2,2.5,6.4,8.1,88.0,106.0,1993,Darrell Walker-1993,0.0,Not Selected,Guard,TOT,0.03333333333333333
1992-93,Duane Washington,washidu01,SG,28,LAC,4,0,28,0.0,8.7,0.0,0.0,0.0,0.0,0.0,8.7,0.0,0.0,0.0,0.0,0.0,3.5,3.5,8.7,1.7,0.0,3.5,3.5,0.0,36.0,111.0,1993,Duane Washington-1993,0.0,Not Selected,Guard,LAC,0.037037037037037035
1992-93,Clarence Weatherspoon,weathcl01,SF,22,PHI,82,82,2654,9.1,19.3,0.469,0.0,0.1,0.25,9.1,19.3,0.47,5.3,7.5,0.713,3.3,7.5,10.8,2.7,1.6,1.2,3.2,3.5,23.5,102.0,110.0,1993,Clarence Weatherspoon-1993,0.0,Not Selected,Forward,PHI,0.023486901535682024
1992-93,Marcus Webb,webbma01,PF,22,BOS,9,0,51,12.9,24.8,0.52,0.0,1.0,0.0,12.9,23.8,0.542,12.9,20.8,0.619,5.0,5.0,9.9,2.0,1.0,2.0,5.0,10.9,38.7,109.0,109.0,1993,Marcus Webb-1993,0.0,Not Selected,Forward,BOS,0.04336043360433604
1992-93,Spud Webb,webbsp01,PG,29,SAC,69,68,2335,7.0,16.1,0.433,0.8,2.8,0.27399999999999997,6.2,13.3,0.466,5.7,6.7,0.851,0.9,3.0,3.9,9.8,2.1,0.1,4.0,3.6,20.4,108.0,112.0,1993,Spud Webb-1993,0.0,Not Selected,Guard,SAC,0.022583559168925023
1992-93,Robert Werdann,werdaro01,C,22,DEN,28,0,149,5.8,19.0,0.305,0.0,0.3,0.0,5.8,18.7,0.31,5.5,10.0,0.5479999999999999,7.4,9.4,16.8,2.3,1.9,1.3,3.9,12.3,17.1,85.0,103.0,1993,Robert Werdann-1993,0.0,Not Selected,Center,DEN,0.032520325203252036
1992-93,Doug West,westdo01,SG,25,MIN,80,80,3104,10.6,20.6,0.517,0.0,0.4,0.087,10.6,20.2,0.525,4.1,4.9,0.841,1.5,2.6,4.1,3.9,1.4,0.3,2.7,4.6,25.4,109.0,115.0,1993,Doug West-1993,0.0,Not Selected,Guard,MIN,0.017163504968383016
1992-93,Mark West,westma01,C,32,PHO,82,82,1558,5.4,8.8,0.614,0.0,0.0,0.0,5.4,8.8,0.614,2.7,5.1,0.518,4.7,9.4,14.1,0.9,0.5,3.2,2.9,7.5,13.5,110.0,105.0,1993,Mark West-1993,0.0,Not Selected,Center,PHO,0.05600722673893405
1992-93,Randy White,whitera01,PF,25,DAL,64,20,1433,7.9,18.2,0.435,0.3,1.4,0.23800000000000002,7.6,16.8,0.452,4.6,6.2,0.75,5.2,7.3,12.5,1.6,2.1,1.5,3.6,7.6,20.8,99.0,112.0,1993,Randy White-1993,0.0,Not Selected,Forward,DAL,0.00993676603432701
1992-93,Morlon Wiley,wileymo01,PG,26,TOT,58,15,995,4.7,12.4,0.37799999999999995,2.6,7.5,0.35100000000000003,2.1,4.9,0.42,0.8,1.3,0.654,1.4,3.0,4.4,8.8,3.2,0.1,3.9,6.2,12.8,99.0,112.0,1993,Morlon Wiley-1993,0.0,Not Selected,Guard,TOT,0.03333333333333333
1992-93,Dominique Wilkins,wilkido01,SF,33,ATL,71,70,2647,13.8,29.4,0.46799999999999997,2.2,5.9,0.38,11.5,23.6,0.49,9.6,11.7,0.828,3.5,5.5,9.0,4.2,1.3,0.5,3.4,2.2,39.4,119.0,112.0,1993,Dominique Wilkins-1993,2.0,2nd,Forward,ATL,0.03884372177055104
1992-93,Eddie Lee Wilkins,wilkied01,PF,30,PHI,26,0,192,14.0,24.6,0.5670000000000001,0.0,0.5,0.0,14.0,24.1,0.579,12.2,19.8,0.615,3.6,6.6,10.2,0.5,1.8,0.3,4.3,8.6,40.1,109.0,110.0,1993,Eddie Lee Wilkins-1993,0.0,Not Selected,Forward,PHI,0.023486901535682024
1992-93,Gerald Wilkins,wilkige01,SF,29,CLE,80,35,2079,8.8,19.4,0.45299999999999996,0.4,1.4,0.276,8.4,18.0,0.467,3.7,4.4,0.84,1.8,3.4,5.2,4.5,1.9,0.4,2.3,3.8,21.7,105.0,108.0,1993,Gerald Wilkins-1993,0.0,Not Selected,Forward,CLE,0.04878048780487805
1992-93,Buck Williams,willibu01,PF,32,POR,82,82,2498,5.2,10.2,0.511,0.0,0.0,0.0,5.2,10.2,0.512,2.7,4.2,0.645,4.5,8.9,13.4,1.5,1.6,1.2,2.0,5.2,13.2,112.0,104.0,1993,Buck Williams-1993,0.0,Not Selected,Forward,POR,0.04607046070460705
1992-93,Corey Williams,willico01,PG,22,CHI,35,0,242,6.6,18.2,0.365,0.2,0.6,0.33299999999999996,6.4,17.6,0.366,3.9,4.7,0.818,4.1,2.6,6.6,4.9,0.9,0.4,2.4,5.1,17.4,102.0,112.0,1993,Corey Williams-1993,0.0,Not Selected,Guard,CHI,0.051490514905149054
1992-93,Herb Williams,willihe01,C,34,NYK,55,0,571,6.4,15.6,0.41100000000000003,0.0,0.0,0.0,6.4,15.6,0.41100000000000003,1.2,1.9,0.667,3.9,9.1,13.0,1.7,1.9,2.5,2.0,6.9,14.1,94.0,96.0,1993,Herb Williams-1993,0.0,Not Selected,Center,NYK,0.05420054200542006
1992-93,Hot Rod Williams,williho01,C,30,CLE,67,13,2055,6.5,13.8,0.47,0.0,0.0,0.0,6.5,13.8,0.47,5.2,7.3,0.716,3.1,7.1,10.2,3.7,1.2,2.6,2.9,4.2,18.2,107.0,105.0,1993,Hot Rod Williams-1993,0.0,Not Selected,Center,CLE,0.04878048780487805
1992-93,Jayson Williams,willija01,PF,24,NJN,12,2,139,7.6,16.5,0.457,0.0,0.0,0.0,7.6,16.5,0.457,2.5,6.5,0.389,7.9,6.8,14.7,0.0,1.4,1.4,2.9,8.6,17.6,97.0,105.0,1993,Jayson Williams-1993,0.0,Not Selected,Forward,BRK,0.03884372177055104
1992-93,John Williams,willijo02,SF,26,LAC,74,8,1638,6.1,14.1,0.43,0.4,1.6,0.226,5.7,12.5,0.455,2.1,3.8,0.5429999999999999,2.6,6.7,9.3,4.2,2.5,0.7,2.3,5.6,14.6,98.0,106.0,1993,John Williams-1993,0.0,Not Selected,Forward,LAC,0.037037037037037035
1992-93,Kenny Williams,willike03,SF,23,IND,57,0,844,8.9,16.7,0.532,0.0,0.2,0.0,8.9,16.5,0.5379999999999999,2.8,4.0,0.706,6.0,7.5,13.5,2.3,1.2,2.7,1.7,5.2,20.6,121.0,108.0,1993,Kenny Williams-1993,0.0,Not Selected,Forward,IND,0.037037037037037035
1992-93,Lorenzo Williams,willilo01,PF-C,23,TOT,27,7,179,4.8,10.1,0.47200000000000003,0.0,0.0,0.0,4.8,10.1,0.47200000000000003,0.6,2.0,0.28600000000000003,4.8,10.7,15.4,1.4,1.4,4.8,2.2,8.1,10.1,96.0,102.0,1993,Lorenzo Williams-1993,0.0,Not Selected,Forward,TOT,0.03333333333333333
1992-93,Micheal Williams,willimi02,PG,26,MIN,76,76,2661,6.8,15.2,0.446,0.5,2.1,0.243,6.3,13.1,0.478,8.1,8.9,0.907,1.6,3.6,5.2,12.7,3.2,0.4,4.4,5.2,22.1,116.0,111.0,1993,Micheal Williams-1993,0.0,Not Selected,Guard,MIN,0.017163504968383016
1992-93,Reggie Williams,willire01,SF,28,DEN,79,79,2722,9.5,20.6,0.45799999999999996,0.6,2.2,0.27,8.9,18.5,0.48,4.2,5.2,0.804,2.3,5.2,7.6,5.2,2.2,1.3,3.4,5.0,23.7,106.0,106.0,1993,Reggie Williams-1993,0.0,Not Selected,Forward,DEN,0.032520325203252036
1992-93,Scott Williams,willisc01,PF,24,CHI,71,5,1369,6.3,13.5,0.466,0.0,0.3,0.0,6.3,13.2,0.47600000000000003,3.4,4.8,0.7140000000000001,6.4,10.7,17.1,2.6,2.1,2.5,2.8,8.7,16.0,110.0,101.0,1993,Scott Williams-1993,0.0,Not Selected,Forward,CHI,0.051490514905149054
1992-93,Walt Williams,williwa02,SF,22,SAC,59,26,1673,10.2,23.4,0.435,1.7,5.4,0.319,8.5,18.0,0.47,6.4,8.6,0.742,3.3,4.3,7.5,5.1,1.9,0.8,5.1,5.9,28.5,101.0,110.0,1993,Walt Williams-1993,0.0,Not Selected,Forward,SAC,0.022583559168925023
1992-93,Kevin Willis,willike02,PF,30,ATL,80,80,2878,10.5,20.8,0.506,0.1,0.5,0.24100000000000002,10.4,20.3,0.512,3.4,5.1,0.653,5.7,11.8,17.6,2.8,1.2,0.7,3.6,4.5,24.5,107.0,108.0,1993,Kevin Willis-1993,0.0,Not Selected,Forward,ATL,0.03884372177055104
1992-93,Kennard Winchester,winchke01,SG,26,HOU,39,0,340,9.1,20.8,0.439,0.6,2.8,0.21100000000000002,8.5,17.9,0.475,2.5,3.3,0.773,2.5,4.8,7.3,1.9,1.5,1.5,2.2,6.0,21.4,99.0,107.0,1993,Kennard Winchester-1993,0.0,Not Selected,Guard,HOU,0.04968383017163505
1992-93,David Wingate,wingada01,SF,29,CHH,72,55,1471,5.9,10.9,0.536,0.0,0.2,0.16699999999999998,5.8,10.7,0.542,2.6,3.5,0.738,1.6,4.1,5.7,6.0,2.1,0.3,2.9,4.4,14.3,110.0,111.0,1993,David Wingate-1993,0.0,Not Selected,Forward,CHO,0.03974706413730804
1992-93,Joe Wolf,wolfjo01,C,28,TOT,23,0,165,5.9,13.0,0.455,0.0,0.3,0.0,5.9,12.7,0.465,3.8,4.7,0.813,4.1,10.0,14.1,1.5,2.1,0.3,2.1,7.1,15.6,109.0,103.0,1993,Joe Wolf-1993,0.0,Not Selected,Center,TOT,0.03333333333333333
1992-93,David Wood,woodda01,PF,28,SAS,64,2,598,4.4,9.8,0.444,0.4,1.8,0.23800000000000002,4.0,8.1,0.49,3.9,4.6,0.836,3.2,5.0,8.2,2.9,1.1,1.0,2.4,7.8,13.0,109.0,109.0,1993,David Wood-1993,0.0,Not Selected,Forward,SAS,0.044263775971093045
1992-93,Randy Woods,woodsra01,PG,22,LAC,41,1,174,6.4,18.4,0.348,0.8,3.9,0.214,5.6,14.5,0.385,5.3,7.2,0.731,1.7,2.2,3.9,11.1,3.9,0.3,4.5,7.2,18.9,96.0,107.0,1993,Randy Woods-1993,0.0,Not Selected,Guard,LAC,0.037037037037037035
1992-93,Orlando Woolridge,woolror01,SF,33,TOT,58,47,1555,9.6,19.8,0.48200000000000004,0.0,0.3,0.0,9.6,19.5,0.49,4.0,5.9,0.6779999999999999,2.9,3.2,6.1,3.8,0.9,0.9,2.6,4.0,23.1,107.0,112.0,1993,Orlando Woolridge-1993,0.0,Not Selected,Forward,TOT,0.03333333333333333
1992-93,James Worthy,worthja01,SF,31,LAL,82,69,2359,10.8,24.2,0.447,0.6,2.3,0.27,10.2,21.8,0.466,3.6,4.5,0.81,1.5,3.7,5.2,5.9,1.9,0.6,2.9,1.8,25.8,104.0,111.0,1993,James Worthy-1993,0.0,Not Selected,Forward,LAL,0.03523035230352303
1992-93,Howard Wright,wrighho02,PF,25,ORL,4,0,10,19.9,24.9,0.8,0.0,0.0,0.0,19.9,24.9,0.8,0.0,10.0,0.0,5.0,5.0,10.0,0.0,0.0,0.0,0.0,0.0,39.9,127.0,112.0,1993,Howard Wright-1993,0.0,Not Selected,Forward,ORL,0.037037037037037035
1992-93,Danny Young,youngda01,PG,30,DET,65,2,836,4.2,10.3,0.413,1.4,4.2,0.324,2.9,6.1,0.475,1.7,2.0,0.875,0.8,2.1,2.9,7.3,1.9,0.3,1.8,2.2,11.6,114.0,111.0,1993,Danny Young-1993,0.0,Not Selected,Guard,DET,0.036133694670280034
1993-94,Alaa Abdelnaby,abdelal01,PF,25,BOS,13,0,159,7.6,17.4,0.436,0.0,0.0,0.0,7.6,17.4,0.436,5.1,7.9,0.64,3.8,10.7,14.5,0.9,0.6,0.9,5.4,6.3,20.2,86.0,108.0,1994,Alaa Abdelnaby-1994,0.0,Not Selected,Forward,BOS,0.028906955736224028
1993-94,Mahmoud Abdul-Rauf,abdulma02,PG,24,DEN,80,78,2617,11.2,24.4,0.46,0.8,2.5,0.316,10.4,21.9,0.47600000000000003,4.2,4.4,0.956,0.5,2.7,3.2,6.9,1.6,0.2,2.9,2.9,27.4,109.0,107.0,1994,Mahmoud Abdul-Rauf-1994,0.0,Not Selected,Guard,DEN,0.037940379403794036
1993-94,Michael Adams,adamsmi01,PG,31,WSB,70,67,2337,6.1,15.0,0.408,1.2,4.1,0.28800000000000003,4.9,10.9,0.45399999999999996,4.8,5.8,0.83,0.8,3.1,3.9,10.3,2.1,0.1,3.6,3.0,18.2,108.0,114.0,1994,Michael Adams-1994,0.0,Not Selected,Guard,WAS,0.02168021680216802
1993-94,Mark Aguirre,aguirma01,SF,34,LAC,39,0,859,9.1,19.5,0.46799999999999997,2.1,5.2,0.39799999999999996,7.1,14.3,0.494,2.8,4.0,0.6940000000000001,1.6,4.9,6.5,5.8,1.2,0.4,3.9,5.5,23.2,103.0,111.0,1994,Mark Aguirre-1994,0.0,Not Selected,Forward,LAC,0.024390243902439025
1993-94,Danny Ainge,aingeda01,SG,34,PHO,68,1,1555,7.1,17.1,0.41700000000000004,2.6,7.8,0.32799999999999996,4.6,9.3,0.491,2.5,3.0,0.83,0.9,3.3,4.2,5.7,1.8,0.3,2.6,4.5,19.3,109.0,110.0,1994,Danny Ainge-1994,0.0,Not Selected,Guard,PHO,0.05058717253839205
1993-94,Gary Alexander,alexaga01,PF,24,TOT,11,0,55,7.6,13.3,0.5710000000000001,0.0,0.0,0.0,7.6,13.3,0.5710000000000001,2.8,8.5,0.33299999999999996,6.6,7.6,14.2,1.9,2.8,0.0,7.6,9.5,18.0,82.0,103.0,1994,Gary Alexander-1994,0.0,Not Selected,Forward,TOT,0.033333333333333326
1993-94,Victor Alexander,alexavi01,C,24,GSW,69,39,1318,9.8,18.5,0.53,0.1,0.5,0.154,9.7,18.0,0.54,2.5,4.7,0.527,4.2,7.1,11.3,2.4,1.0,1.2,3.2,6.2,22.1,105.0,108.0,1994,Victor Alexander-1994,0.0,Not Selected,Center,GSW,0.045167118337850046
1993-94,Eric Anderson,anderer01,PF,23,NYK,11,0,39,9.3,22.5,0.41200000000000003,2.7,2.7,1.0,6.6,19.9,0.33299999999999996,6.6,18.6,0.35700000000000004,8.0,14.6,22.5,2.7,0.0,1.3,2.7,11.9,27.8,99.0,96.0,1994,Eric Anderson-1994,0.0,Not Selected,Forward,NYK,0.051490514905149054
1993-94,Greg Anderson,andergr01,PF,29,DET,77,47,1624,6.3,11.6,0.5429999999999999,0.0,0.1,0.33299999999999996,6.3,11.5,0.545,2.8,4.8,0.5710000000000001,5.7,12.2,17.9,1.6,1.7,2.1,3.0,7.3,15.4,107.0,105.0,1994,Greg Anderson-1994,0.0,Not Selected,Forward,DET,0.018066847335140017
1993-94,Kenny Anderson,anderke01,PG,23,NJN,82,82,3135,9.2,22.1,0.41700000000000004,0.6,2.1,0.303,8.6,20.0,0.429,5.5,6.8,0.818,1.4,3.7,5.2,12.6,2.5,0.2,4.3,3.2,24.6,106.0,106.0,1994,Kenny Anderson-1994,0.0,Not Selected,Guard,BRK,0.04065040650406504
1993-94,Nick Anderson,anderni01,SG,26,ORL,81,81,2811,9.0,18.9,0.478,1.8,5.6,0.322,7.2,13.3,0.545,3.0,4.5,0.672,2.0,6.5,8.5,5.3,2.4,0.6,3.0,2.7,22.9,111.0,106.0,1994,Nick Anderson-1994,0.0,Not Selected,Guard,ORL,0.045167118337850046
1993-94,Ron Anderson,anderro01,SF,35,TOT,21,2,356,4.9,12.1,0.40700000000000003,1.0,3.7,0.26899999999999996,3.9,8.5,0.467,2.7,3.2,0.826,2.3,5.2,7.5,2.4,1.1,0.4,1.4,2.3,13.5,109.0,111.0,1994,Ron Anderson-1994,0.0,Not Selected,Forward,TOT,0.033333333333333326
1993-94,Willie Anderson,anderwi01,SG,27,SAS,80,79,2488,8.4,17.9,0.47100000000000003,0.5,1.5,0.324,8.0,16.5,0.484,3.1,3.7,0.848,1.5,3.7,5.2,7.4,1.5,1.0,3.3,4.0,20.4,109.0,107.0,1994,Willie Anderson-1994,0.0,Not Selected,Guard,SAS,0.04968383017163505
1993-94,Greg Anthony,anthogr01,PG,26,NYK,80,36,1994,5.8,14.8,0.39399999999999996,1.2,4.1,0.3,4.6,10.7,0.431,3.4,4.4,0.774,1.1,3.8,4.9,9.5,3.0,0.3,3.3,4.2,16.3,105.0,99.0,1994,Greg Anthony-1994,0.0,Not Selected,Guard,NYK,0.051490514905149054
1993-94,B.J. Armstrong,armstbj01,PG,26,CHI,82,82,2770,9.0,19.0,0.47600000000000003,1.1,2.5,0.444,7.9,16.4,0.48100000000000004,3.7,4.3,0.855,0.5,2.7,3.2,6.1,1.5,0.2,2.5,2.8,22.9,113.0,107.0,1994,B.J. Armstrong-1994,0.0,Not Selected,Guard,CHI,0.04968383017163505
1993-94,Vincent Askew,askewvi01,SG,27,SEA,80,3,1690,8.2,16.9,0.48100000000000004,0.2,0.9,0.19399999999999998,8.0,16.0,0.498,5.2,6.3,0.8290000000000001,1.8,3.7,5.5,5.8,2.2,0.6,2.1,4.3,21.7,118.0,105.0,1994,Vincent Askew-1994,0.0,Not Selected,Guard,OKC,0.056910569105691054
1993-94,Keith Askins,askinke01,SF,26,MIA,37,0,319,5.8,14.1,0.409,0.6,3.4,0.19,5.1,10.7,0.478,1.4,1.6,0.9,5.3,7.9,13.2,2.1,1.8,0.2,3.4,9.1,13.6,96.0,106.0,1994,Keith Askins-1994,0.0,Not Selected,Forward,MIA,0.037940379403794036
1993-94,Stacey Augmon,augmost01,SG,25,ATL,82,82,2605,8.6,16.8,0.51,0.0,0.1,0.14300000000000002,8.6,16.7,0.513,6.5,8.5,0.764,3.5,4.2,7.7,3.7,2.9,0.9,2.9,3.5,23.7,116.0,102.0,1994,Stacey Augmon-1994,0.0,Not Selected,Guard,ATL,0.051490514905149054
1993-94,Isaac Austin,austiis01,C,24,PHI,14,0,201,7.2,16.5,0.439,0.0,0.2,0.0,7.2,16.2,0.446,3.5,5.7,0.609,6.2,11.0,17.2,4.2,1.2,2.5,4.2,7.2,18.0,96.0,106.0,1994,Isaac Austin-1994,0.0,Not Selected,Center,PHI,0.022583559168925023
1993-94,Anthony Avent,aventan01,PF,24,TOT,74,40,1371,5.5,14.7,0.377,0.0,0.0,0.0,5.5,14.7,0.377,3.3,4.5,0.7240000000000001,5.3,7.2,12.5,2.4,1.2,1.1,3.1,5.4,14.4,93.0,109.0,1994,Anthony Avent-1994,0.0,Not Selected,Forward,TOT,0.033333333333333326
1993-94,John Bagley,baglejo01,PG,33,ATL,3,0,13,0.0,7.8,0.0,0.0,0.0,0.0,0.0,7.8,0.0,7.8,7.8,1.0,0.0,3.9,3.9,11.8,0.0,0.0,0.0,7.8,7.8,121.0,109.0,1994,John Bagley-1994,0.0,Not Selected,Guard,ATL,0.051490514905149054
1993-94,Thurl Bailey,baileth01,PF,32,MIN,79,3,1297,9.1,17.8,0.51,0.0,0.1,0.0,9.1,17.7,0.512,4.7,5.8,0.799,2.6,5.8,8.4,2.1,0.8,2.3,2.3,3.6,22.8,111.0,110.0,1994,Thurl Bailey-1994,0.0,Not Selected,Forward,MIN,0.018066847335140017
1993-94,Vin Baker,bakervi01,C,22,MIL,82,63,2560,8.6,17.2,0.501,0.0,0.1,0.2,8.6,17.1,0.502,4.6,8.2,0.569,5.5,6.8,12.3,3.2,1.2,2.3,3.2,4.6,21.9,106.0,109.0,1994,Vin Baker-1994,0.0,Not Selected,Center,MIL,0.018066847335140017
1993-94,Charles Barkley,barklch01,PF,30,PHO,65,65,2298,11.2,22.6,0.495,1.0,3.8,0.27,10.1,18.7,0.541,6.9,9.8,0.7040000000000001,4.3,11.4,15.7,6.4,2.2,0.8,4.4,3.5,30.3,113.0,103.0,1994,Charles Barkley-1994,2.0,2nd,Forward,PHO,0.05058717253839205
1993-94,Dana Barros,barroda01,PG,26,PHI,81,70,2519,8.2,17.5,0.469,2.7,7.1,0.381,5.5,10.4,0.529,2.3,2.9,0.8,0.6,3.3,3.9,8.4,2.1,0.1,3.3,1.9,21.4,111.0,112.0,1994,Dana Barros-1994,0.0,Not Selected,Guard,PHI,0.022583559168925023
1993-94,Jon Barry,barryjo01,SG,24,MIL,72,7,1242,6.5,15.6,0.414,1.3,4.7,0.278,5.2,10.9,0.47200000000000003,4.0,5.0,0.795,1.5,4.5,6.0,6.9,4.2,0.7,3.4,4.5,18.2,103.0,106.0,1994,Jon Barry-1994,0.0,Not Selected,Guard,MIL,0.018066847335140017
1993-94,John Battle,battljo01,SG,31,CLE,51,1,814,8.4,17.6,0.47600000000000003,0.3,1.2,0.263,8.0,16.3,0.49200000000000005,4.7,6.2,0.753,0.5,2.1,2.5,5.3,1.4,0.1,2.6,4.2,21.7,108.0,110.0,1994,John Battle-1994,0.0,Not Selected,Guard,CLE,0.04245709123757904
1993-94,Benoit Benjamin,benjabe01,C,29,NJN,77,74,1817,7.8,16.3,0.48,0.0,0.0,0.0,7.8,16.3,0.48,4.2,5.9,0.71,3.7,10.1,13.8,1.2,1.0,2.5,2.7,5.5,19.9,105.0,103.0,1994,Benoit Benjamin-1994,0.0,Not Selected,Center,BRK,0.04065040650406504
1993-94,Tony Bennett,benneto01,PG,24,CHH,74,5,983,5.3,13.2,0.39899999999999997,1.4,3.8,0.36,3.9,9.4,0.415,0.6,0.8,0.733,0.8,3.7,4.5,8.2,2.0,0.1,2.0,4.2,12.4,103.0,111.0,1994,Tony Bennett-1994,0.0,Not Selected,Guard,CHO,0.037037037037037035
1993-94,David Benoit,benoida01,SF,25,UTA,55,18,1070,6.7,17.4,0.385,0.6,2.8,0.203,6.1,14.5,0.42100000000000004,3.3,4.2,0.773,4.3,8.2,12.5,1.1,1.1,1.8,1.8,5.5,17.2,99.0,104.0,1994,David Benoit-1994,0.0,Not Selected,Forward,UTA,0.04787714543812105
1993-94,Rolando Blackman,blackro01,SG,34,NYK,55,1,969,8.6,19.7,0.436,1.6,4.5,0.35700000000000004,7.0,15.2,0.46,2.6,2.8,0.9059999999999999,1.2,3.7,5.0,4.1,1.3,0.3,2.3,5.3,21.3,106.0,102.0,1994,Rolando Blackman-1994,0.0,Not Selected,Guard,NYK,0.051490514905149054
1993-94,Mookie Blaylock,blaylmo01,PG,26,ATL,81,81,2915,7.8,18.9,0.41100000000000003,2.0,6.0,0.33399999999999996,5.8,12.9,0.447,2.0,2.8,0.73,2.0,5.4,7.4,13.8,3.7,0.8,3.4,2.5,19.5,111.0,100.0,1994,Mookie Blaylock-1994,0.0,Not Selected,Guard,ATL,0.051490514905149054
1993-94,Corie Blount,blounco01,PF,25,CHI,67,8,690,5.8,13.2,0.43700000000000006,0.0,0.0,0.0,5.8,13.2,0.43700000000000006,3.5,5.7,0.613,5.8,8.9,14.7,4.2,1.4,2.5,3.9,7.0,15.0,98.0,100.0,1994,Corie Blount-1994,0.0,Not Selected,Forward,CHI,0.04968383017163505
1993-94,Muggsy Bogues,boguemu01,PG,29,CHH,77,77,2746,6.3,13.5,0.47100000000000003,0.0,0.2,0.16699999999999998,6.3,13.2,0.47600000000000003,2.2,2.8,0.8059999999999999,1.4,4.2,5.6,14.0,2.4,0.0,3.1,2.6,15.0,114.0,110.0,1994,Muggsy Bogues-1994,0.0,Not Selected,Guard,CHO,0.037037037037037035
1993-94,Manute Bol,bolma01,C,31,TOT,14,0,116,1.7,8.3,0.21100000000000002,0.0,1.3,0.0,1.7,7.0,0.25,0.0,0.0,0.0,1.3,6.6,7.9,0.4,0.9,7.0,2.2,5.7,3.5,46.0,104.0,1994,Manute Bol-1994,0.0,Not Selected,Center,TOT,0.033333333333333326
1993-94,Walter Bond,bondwa01,SG,24,UTA,56,4,559,5.8,14.4,0.40399999999999997,1.8,5.0,0.35200000000000004,4.1,9.4,0.431,2.9,3.7,0.775,1.8,3.8,5.6,2.9,1.5,1.1,1.6,8.3,16.2,107.0,107.0,1994,Walter Bond-1994,0.0,Not Selected,Guard,UTA,0.04787714543812105
1993-94,Anthony Bonner,bonnean01,SF,25,NYK,73,38,1402,6.0,10.6,0.563,0.0,0.0,0.0,6.0,10.6,0.563,1.8,3.9,0.47600000000000003,5.5,7.2,12.7,3.2,2.8,0.5,3.3,6.5,13.8,105.0,96.0,1994,Anthony Bonner-1994,0.0,Not Selected,Forward,NYK,0.051490514905149054
1993-94,Anthony Bowie,bowiean01,SG,30,ORL,70,0,948,7.4,15.4,0.48100000000000004,0.1,1.0,0.055999999999999994,7.3,14.4,0.509,2.2,2.6,0.8370000000000001,1.5,4.8,6.4,5.4,1.7,0.6,3.1,4.3,17.0,104.0,108.0,1994,Anthony Bowie-1994,0.0,Not Selected,Guard,ORL,0.045167118337850046
1993-94,Sam Bowie,bowiesa01,C,32,LAL,25,7,556,6.8,15.6,0.436,0.1,0.4,0.25,6.7,15.2,0.44,6.5,7.5,0.867,2.4,9.4,11.8,4.3,0.4,2.5,3.9,5.9,20.2,104.0,108.0,1994,Sam Bowie-1994,0.0,Not Selected,Center,LAL,0.02981029810298103
1993-94,Shawn Bradley,bradlsh01,C,21,PHI,49,45,1385,7.3,17.8,0.409,0.0,0.1,0.0,7.3,17.7,0.41200000000000003,3.7,6.1,0.607,3.5,7.5,11.1,3.5,1.6,5.3,5.4,6.2,18.3,84.0,105.0,1994,Shawn Bradley-1994,0.0,Not Selected,Center,PHI,0.022583559168925023
1993-94,Terrell Brandon,brandte01,PG,23,CLE,73,10,1548,7.8,18.5,0.42,0.2,1.1,0.21899999999999997,7.5,17.5,0.43200000000000005,4.7,5.5,0.858,1.3,4.1,5.4,9.4,2.8,0.5,3.8,3.7,20.5,103.0,105.0,1994,Terrell Brandon-1994,0.0,Not Selected,Guard,CLE,0.04245709123757904
1993-94,Randy Breuer,breuera01,C,33,SAC,26,3,247,1.6,5.2,0.308,0.0,0.2,0.0,1.6,5.0,0.32,0.6,2.8,0.214,3.0,8.2,11.2,1.6,1.2,3.8,1.8,6.0,3.8,72.0,106.0,1994,Randy Breuer-1994,0.0,Not Selected,Center,SAC,0.025293586269196026
1993-94,Frank Brickowski,brickfr01,C,34,TOT,71,46,2094,8.8,18.1,0.488,0.1,0.5,0.2,8.7,17.6,0.496,4.7,6.1,0.768,2.0,7.7,9.7,5.3,1.9,0.6,4.3,5.8,22.5,101.0,108.0,1994,Frank Brickowski-1994,0.0,Not Selected,Center,TOT,0.033333333333333326
1993-94,Kevin Brooks,brookke01,SF,24,DEN,34,0,190,9.5,26.0,0.364,1.1,6.0,0.174,8.4,20.0,0.42100000000000004,2.4,2.6,0.9,1.3,4.2,5.5,0.8,0.0,0.5,3.2,5.0,22.3,83.0,109.0,1994,Kevin Brooks-1994,0.0,Not Selected,Forward,DEN,0.037940379403794036
1993-94,Scott Brooks,brooksc01,PG,28,HOU,73,0,1225,5.9,11.9,0.491,0.9,2.5,0.377,4.9,9.4,0.522,3.1,3.5,0.871,0.4,3.8,4.2,6.1,2.1,0.1,2.3,4.0,15.7,115.0,104.0,1994,Scott Brooks-1994,0.0,Not Selected,Guard,HOU,0.052393857271906055
1993-94,Chucky Brown,brownch01,SF,25,DAL,1,0,10,5.1,5.1,1.0,0.0,0.0,0.0,5.1,5.1,1.0,5.1,5.1,1.0,0.0,5.1,5.1,0.0,0.0,0.0,0.0,10.2,15.2,218.0,114.0,1994,Chucky Brown-1994,0.0,Not Selected,Forward,DAL,0.011743450767841012
1993-94,Dee Brown,brownde01,SG,25,BOS,77,76,2867,8.6,17.9,0.48,0.5,1.7,0.313,8.1,16.2,0.49700000000000005,3.2,3.8,0.831,1.1,4.1,5.3,6.1,2.7,0.8,2.2,3.6,20.9,111.0,108.0,1994,Dee Brown-1994,0.0,Not Selected,Guard,BOS,0.028906955736224028
1993-94,Mike Brown,brownmi01,C,30,MIN,82,40,1921,2.9,6.9,0.42700000000000005,0.0,0.1,0.0,2.9,6.8,0.43,2.0,3.1,0.653,3.1,8.7,11.8,1.9,1.3,0.8,2.0,5.8,7.9,97.0,108.0,1994,Mike Brown-1994,0.0,Not Selected,Center,MIN,0.018066847335140017
1993-94,P.J. Brown,brownpj01,C,24,NJN,79,54,1950,4.3,10.4,0.415,0.0,0.2,0.16699999999999998,4.3,10.2,0.419,3.0,3.9,0.757,4.8,7.9,12.7,2.4,1.8,2.4,1.9,4.6,11.6,107.0,103.0,1994,P.J. Brown-1994,0.0,Not Selected,Center,BRK,0.04065040650406504
1993-94,Randy Brown,brownra02,PG,25,SAC,61,2,1041,5.2,11.9,0.43799999999999994,0.0,0.2,0.0,5.2,11.7,0.445,2.5,4.1,0.609,1.9,3.4,5.3,6.3,3.0,0.7,3.5,6.2,12.9,93.0,108.0,1994,Randy Brown-1994,0.0,Not Selected,Guard,SAC,0.025293586269196026
1993-94,Mark Bryant,bryanma01,C,28,POR,79,10,1441,6.2,12.9,0.48200000000000004,0.0,0.0,0.0,6.2,12.9,0.483,2.4,3.5,0.6920000000000001,3.9,6.7,10.6,1.2,1.1,1.0,2.2,6.3,14.9,105.0,107.0,1994,Mark Bryant-1994,0.0,Not Selected,Center,POR,0.04245709123757904
1993-94,Jud Buechler,buechju01,SF,25,GSW,36,0,218,9.3,18.7,0.5,2.7,6.4,0.414,6.7,12.2,0.545,2.2,4.4,0.5,2.9,4.2,7.1,3.6,1.8,0.2,2.7,5.3,23.6,112.0,109.0,1994,Jud Buechler-1994,0.0,Not Selected,Forward,GSW,0.045167118337850046
1993-94,Matt Bullard,bullama01,PF,26,HOU,65,0,725,5.4,15.8,0.345,3.5,10.7,0.325,2.0,5.0,0.389,1.4,1.8,0.769,1.6,4.3,5.9,4.5,1.0,0.4,2.0,4.7,15.8,101.0,106.0,1994,Matt Bullard-1994,0.0,Not Selected,Forward,HOU,0.052393857271906055
1993-94,Evers Burns,burnsev01,PF,22,SAC,23,0,143,7.6,18.9,0.4,0.0,0.0,0.0,7.6,18.9,0.4,4.1,7.9,0.522,4.5,5.9,10.3,3.1,2.1,1.0,2.4,11.4,19.3,94.0,108.0,1994,Evers Burns-1994,0.0,Not Selected,Forward,SAC,0.025293586269196026
1993-94,Scott Burrell,burresc01,SF,23,CHH,51,16,767,6.3,15.0,0.419,0.1,0.4,0.33299999999999996,6.2,14.6,0.42100000000000004,3.0,4.5,0.657,3.0,5.5,8.5,4.0,2.4,1.0,2.9,5.6,15.7,96.0,108.0,1994,Scott Burrell-1994,0.0,Not Selected,Forward,CHO,0.037037037037037035
1993-94,Willie Burton,burtowi01,SF,25,MIA,53,1,697,9.1,20.8,0.43799999999999994,0.2,1.1,0.2,8.9,19.7,0.451,8.8,11.6,0.759,3.7,6.3,10.0,2.9,1.3,1.5,4.0,7.0,27.2,107.0,107.0,1994,Willie Burton-1994,0.0,Not Selected,Forward,MIA,0.037940379403794036
1993-94,Mitchell Butler,butlemi02,SG,23,WSB,75,19,1321,7.8,15.8,0.495,0.0,0.2,0.0,7.8,15.7,0.501,3.9,6.8,0.578,4.0,4.5,8.5,2.9,2.0,0.8,3.3,5.0,19.6,103.0,112.0,1994,Mitchell Butler-1994,0.0,Not Selected,Guard,WAS,0.02168021680216802
1993-94,Michael Cage,cagemi01,C,32,SEA,82,42,1708,5.1,9.3,0.545,0.0,0.0,0.0,5.1,9.2,0.546,1.1,2.2,0.486,4.8,8.3,13.1,1.3,2.3,1.1,1.5,5.3,11.2,115.0,100.0,1994,Michael Cage-1994,0.0,Not Selected,Center,OKC,0.056910569105691054
1993-94,Elden Campbell,campbel01,PF,25,LAL,76,74,2253,8.3,18.0,0.462,0.0,0.0,0.0,8.3,18.0,0.46299999999999997,4.2,6.1,0.6890000000000001,3.7,7.9,11.6,1.9,1.4,3.3,2.2,5.4,20.8,106.0,107.0,1994,Elden Campbell-1994,0.0,Not Selected,Forward,LAL,0.02981029810298103
1993-94,Tony Campbell,campbto01,SF,31,TOT,63,14,1214,9.6,21.5,0.44299999999999995,0.3,1.2,0.25,9.3,20.4,0.455,4.0,5.0,0.7829999999999999,3.2,4.6,7.8,3.5,2.1,0.6,3.5,5.6,23.4,100.0,107.0,1994,Tony Campbell-1994,0.0,Not Selected,Forward,TOT,0.033333333333333326
1993-94,Antoine Carr,carran01,PF,32,SAS,34,0,465,8.9,18.3,0.488,0.0,0.1,0.0,8.9,18.2,0.491,4.8,6.6,0.7240000000000001,1.4,4.5,5.8,1.7,1.0,2.5,1.7,8.6,22.7,112.0,106.0,1994,Antoine Carr-1994,0.0,Not Selected,Forward,SAS,0.04968383017163505
1993-94,Bill Cartwright,cartwbi01,C,36,CHI,42,41,780,6.6,12.8,0.513,0.0,0.0,0.0,6.6,12.8,0.513,2.6,3.8,0.684,2.9,7.3,10.2,3.8,0.5,0.5,3.3,5.6,15.7,103.0,105.0,1994,Bill Cartwright-1994,0.0,Not Selected,Center,CHI,0.04968383017163505
1993-94,Sam Cassell,cassesa01,PG,24,HOU,66,6,1122,7.3,17.5,0.418,1.2,4.0,0.295,6.1,13.5,0.45299999999999996,4.1,4.8,0.841,1.1,4.9,6.0,8.6,2.7,0.3,4.2,6.1,19.8,100.0,102.0,1994,Sam Cassell-1994,0.0,Not Selected,Guard,HOU,0.052393857271906055
1993-94,Duane Causwell,causwdu01,C,25,SAC,41,8,674,5.2,10.0,0.518,0.0,0.0,0.0,5.2,10.0,0.518,2.9,5.0,0.588,5.0,8.6,13.6,0.8,1.4,3.6,2.4,8.0,13.3,106.0,105.0,1994,Duane Causwell-1994,0.0,Not Selected,Center,SAC,0.025293586269196026
1993-94,Cedric Ceballos,cebalce01,SF,24,PHO,53,43,1602,13.2,24.6,0.535,0.0,0.3,0.0,13.2,24.3,0.541,5.0,6.8,0.7240000000000001,4.7,5.9,10.7,2.8,1.8,0.7,2.9,3.8,31.3,115.0,108.0,1994,Cedric Ceballos-1994,0.0,Not Selected,Forward,PHO,0.05058717253839205
1993-94,Tom Chambers,chambto01,PF,34,UTA,80,0,1838,9.2,21.0,0.44,0.4,1.3,0.311,8.8,19.7,0.44799999999999995,6.2,7.9,0.7859999999999999,2.4,6.7,9.1,2.2,1.1,0.9,2.5,6.5,25.0,105.0,105.0,1994,Tom Chambers-1994,0.0,Not Selected,Forward,UTA,0.04787714543812105
1993-94,Rex Chapman,chapmre01,SG,26,WSB,60,59,2025,10.7,21.4,0.498,1.6,4.1,0.38799999999999996,9.1,17.3,0.524,4.2,5.1,0.816,1.4,2.2,3.6,4.6,1.5,0.2,2.9,2.1,27.0,113.0,116.0,1994,Rex Chapman-1994,0.0,Not Selected,Guard,WAS,0.02168021680216802
1993-94,Calbert Cheaney,cheanca01,SG,22,WSB,65,21,1604,10.2,21.7,0.47,0.0,0.7,0.043,10.2,21.0,0.484,3.9,5.0,0.77,2.7,3.2,5.9,3.9,2.0,0.3,3.4,4.6,24.3,102.0,114.0,1994,Calbert Cheaney-1994,0.0,Not Selected,Guard,WAS,0.02168021680216802
1993-94,Pete Chilcutt,chilcpe01,PF,25,TOT,76,24,1365,7.4,16.3,0.45299999999999996,0.1,0.5,0.2,7.3,15.8,0.462,1.5,2.4,0.631,4.7,8.8,13.5,3.1,1.9,1.4,2.7,6.0,16.4,98.0,106.0,1994,Pete Chilcutt-1994,0.0,Not Selected,Forward,TOT,0.033333333333333326
1993-94,Doug Christie,chrisdo01,SG,23,LAL,65,34,1515,8.1,18.7,0.434,1.3,3.9,0.32799999999999996,6.8,14.7,0.46299999999999997,4.8,6.9,0.6970000000000001,3.1,4.7,7.8,4.5,3.0,0.9,4.6,6.2,22.3,98.0,108.0,1994,Doug Christie-1994,0.0,Not Selected,Guard,LAL,0.02981029810298103
1993-94,Ben Coleman,colembe01,PF,32,DET,9,0,77,7.9,16.6,0.48,0.0,0.0,0.0,7.9,16.6,0.48,2.6,5.3,0.5,6.6,10.6,17.2,0.0,1.3,1.3,4.6,6.0,18.5,90.0,107.0,1994,Ben Coleman-1994,0.0,Not Selected,Forward,DET,0.018066847335140017
1993-94,Derrick Coleman,colemde01,PF,26,NJN,77,77,2778,9.8,21.9,0.447,0.7,2.2,0.314,9.1,19.7,0.462,7.9,10.3,0.774,4.7,11.0,15.7,4.7,1.2,2.6,3.8,3.8,28.2,111.0,102.0,1994,Derrick Coleman-1994,3.0,3rd,Forward,BRK,0.04065040650406504
1993-94,Bimbo Coles,colesbi01,PG,25,MIA,76,4,1726,6.9,15.4,0.449,0.6,2.9,0.20199999999999999,6.3,12.5,0.507,3.0,3.9,0.779,1.5,3.2,4.7,7.8,2.2,0.4,3.2,3.9,17.4,108.0,108.0,1994,Bimbo Coles-1994,0.0,Not Selected,Guard,MIA,0.037940379403794036
1993-94,Marty Conlon,conloma01,C,26,TOT,30,9,579,8.1,14.1,0.5760000000000001,0.0,0.2,0.0,8.1,13.9,0.583,3.7,4.5,0.8109999999999999,4.5,7.4,11.9,2.9,0.8,0.7,2.8,5.9,19.9,118.0,111.0,1994,Marty Conlon-1994,0.0,Not Selected,Center,TOT,0.033333333333333326
1993-94,Lester Conner,connele01,PG,34,IND,11,0,169,4.3,11.6,0.368,0.0,0.9,0.0,4.3,10.7,0.4,0.9,1.8,0.5,3.0,4.3,7.3,9.4,4.3,0.3,2.7,3.7,9.4,97.0,102.0,1994,Lester Conner-1994,0.0,Not Selected,Guard,IND,0.04245709123757904
1993-94,Anthony Cook,cookan01,PF,26,TOT,25,0,203,6.5,13.5,0.48100000000000004,0.0,0.3,0.0,6.5,13.3,0.491,2.5,6.3,0.4,5.0,9.0,14.0,1.0,0.8,3.5,3.0,5.5,15.5,93.0,107.0,1994,Anthony Cook-1994,0.0,Not Selected,Forward,TOT,0.033333333333333326
1993-94,Duane Cooper,coopedu01,PG,24,PHO,23,2,136,6.6,15.0,0.439,0.4,2.6,0.14300000000000002,6.2,12.4,0.5,4.0,5.5,0.733,0.7,2.6,3.3,10.2,1.1,0.0,7.3,4.4,17.5,89.0,112.0,1994,Duane Cooper-1994,0.0,Not Selected,Guard,PHO,0.05058717253839205
1993-94,Tyrone Corbin,corbity01,SF,31,UTA,82,17,2149,6.4,14.1,0.456,0.1,0.7,0.207,6.3,13.4,0.469,2.8,3.5,0.813,3.6,5.7,9.3,2.9,2.4,0.6,2.2,5.1,15.8,106.0,104.0,1994,Tyrone Corbin-1994,0.0,Not Selected,Forward,UTA,0.04787714543812105
1993-94,Chris Corchiani,corchch01,PG,25,BOS,51,0,467,4.3,10.1,0.426,1.2,4.1,0.289,3.1,6.0,0.518,2.8,4.1,0.684,0.9,3.9,4.7,9.2,2.4,0.2,4.1,5.1,12.6,100.0,110.0,1994,Chris Corchiani-1994,0.0,Not Selected,Guard,BOS,0.028906955736224028
1993-94,Joe Courtney,courtjo01,PF,24,TOT,52,1,345,9.8,21.5,0.45299999999999996,0.3,0.4,0.667,9.5,21.1,0.44799999999999995,4.7,6.8,0.6809999999999999,4.1,4.1,8.2,2.2,1.5,1.7,3.1,6.4,24.5,102.0,110.0,1994,Joe Courtney-1994,0.0,Not Selected,Forward,TOT,0.033333333333333326
1993-94,John Crotty,crottjo01,PG,24,UTA,45,0,313,7.4,16.3,0.455,1.8,4.0,0.45799999999999996,5.6,12.3,0.45299999999999996,5.1,5.9,0.861,1.8,3.3,5.1,12.7,2.5,0.2,4.4,5.9,21.7,115.0,106.0,1994,John Crotty-1994,0.0,Not Selected,Guard,UTA,0.04787714543812105
1993-94,Terry Cummings,cummite01,PF,32,SAS,59,29,1133,8.6,20.1,0.428,0.0,0.1,0.0,8.6,20.0,0.43,3.0,5.0,0.589,6.2,7.8,14.0,2.4,1.5,0.6,2.8,6.4,20.2,100.0,105.0,1994,Terry Cummings-1994,0.0,Not Selected,Forward,SAS,0.04968383017163505
1993-94,Earl Cureton,curetea01,PF,36,HOU,2,0,30,3.4,13.5,0.25,0.0,0.0,0.0,3.4,13.5,0.25,0.0,3.4,0.0,6.7,13.5,20.2,0.0,0.0,0.0,1.7,6.7,6.7,66.0,101.0,1994,Earl Cureton-1994,0.0,Not Selected,Forward,HOU,0.052393857271906055
1993-94,Dell Curry,curryde01,SG,29,CHH,82,0,2173,12.1,26.5,0.455,3.4,8.6,0.402,8.6,18.0,0.48,2.6,3.0,0.873,1.6,4.3,5.9,5.0,2.2,0.6,2.7,3.6,30.2,109.0,109.0,1994,Dell Curry-1994,0.0,Not Selected,Guard,CHO,0.037037037037037035
1993-94,Michael Curry,currymi01,SG,25,PHI,10,0,43,3.5,16.3,0.214,0.0,2.3,0.0,3.5,14.0,0.25,3.5,4.7,0.75,0.0,1.2,1.2,1.2,1.2,0.0,3.5,7.0,10.5,56.0,115.0,1994,Michael Curry-1994,0.0,Not Selected,Guard,PHI,0.022583559168925023
1993-94,Lloyd Daniels,daniell01,SG,26,SAS,65,5,980,7.6,20.2,0.376,2.4,6.8,0.35200000000000004,5.2,13.4,0.389,2.5,3.5,0.7190000000000001,2.4,3.6,6.0,5.1,1.6,0.9,3.3,3.8,20.1,99.0,107.0,1994,Lloyd Daniels-1994,0.0,Not Selected,Guard,SAS,0.04968383017163505
1993-94,Brad Daugherty,daughbr01,C,28,CLE,50,50,1838,8.4,17.3,0.488,0.0,0.0,0.0,8.4,17.3,0.488,7.3,9.3,0.785,3.6,10.8,14.5,4.2,1.2,1.0,3.1,4.1,24.2,114.0,103.0,1994,Brad Daugherty-1994,0.0,Not Selected,Center,CLE,0.04245709123757904
1993-94,Antonio Davis,davisan01,PF,25,IND,81,4,1732,6.4,12.6,0.508,0.0,0.0,0.0,6.4,12.6,0.509,5.8,9.0,0.642,5.6,9.4,15.0,1.6,1.3,2.5,3.2,5.6,18.6,110.0,102.0,1994,Antonio Davis-1994,0.0,Not Selected,Forward,IND,0.04245709123757904
1993-94,Brian Davis,davisbr02,SF,23,MIN,68,3,374,5.4,17.1,0.317,0.1,0.4,0.33299999999999996,5.3,16.7,0.317,6.8,9.2,0.735,2.8,4.6,7.5,3.0,2.2,0.5,2.6,4.6,17.8,92.0,110.0,1994,Brian Davis-1994,0.0,Not Selected,Forward,MIN,0.018066847335140017
1993-94,Dale Davis,davisda01,PF,24,IND,66,64,2292,6.9,13.1,0.529,0.0,0.0,0.0,6.9,13.0,0.53,3.5,6.6,0.527,6.3,9.8,16.1,2.2,1.1,2.4,2.3,4.8,17.3,113.0,102.0,1994,Dale Davis-1994,0.0,Not Selected,Forward,IND,0.04245709123757904
1993-94,Hubert Davis,davishu01,SG,23,NYK,56,27,1333,9.2,19.6,0.47100000000000003,2.1,5.1,0.402,7.2,14.5,0.496,3.3,4.0,0.825,0.9,1.7,2.6,6.4,1.6,0.2,2.9,4.6,23.8,112.0,103.0,1994,Hubert Davis-1994,0.0,Not Selected,Guard,NYK,0.051490514905149054
1993-94,Terry Davis,daviste01,PF,26,DAL,15,5,286,4.3,10.5,0.40700000000000003,0.0,0.0,0.0,4.3,10.5,0.40700000000000003,1.4,2.1,0.667,5.3,7.8,13.1,1.1,1.6,0.2,0.9,4.8,9.9,107.0,109.0,1994,Terry Davis-1994,0.0,Not Selected,Forward,DAL,0.011743450767841012
1993-94,Johnny Dawkins,dawkijo01,PG,30,PHI,72,12,1343,6.6,15.8,0.418,1.4,3.9,0.35200000000000004,5.2,11.9,0.44,3.1,3.7,0.84,1.0,3.5,4.6,9.8,2.4,0.2,4.1,2.8,17.7,101.0,111.0,1994,Johnny Dawkins-1994,0.0,Not Selected,Guard,PHI,0.022583559168925023
1993-94,Todd Day,dayto01,SG,24,MIL,76,39,2127,8.4,20.2,0.415,0.8,3.5,0.223,7.6,16.6,0.456,5.5,7.9,0.698,2.7,4.7,7.4,3.3,2.5,1.2,3.1,5.3,23.1,100.0,109.0,1994,Todd Day-1994,0.0,Not Selected,Guard,MIL,0.018066847335140017
1993-94,Terry Dehere,deherte01,PG,22,LAC,64,6,759,8.2,21.7,0.377,1.5,3.6,0.40399999999999997,6.7,18.1,0.37200000000000005,3.9,5.1,0.753,1.6,2.7,4.3,5.0,1.8,0.2,3.9,4.4,21.7,91.0,112.0,1994,Terry Dehere-1994,0.0,Not Selected,Guard,LAC,0.024390243902439025
1993-94,Vinny Del Negro,delnevi01,SG,27,SAS,77,56,1949,8.4,17.3,0.48700000000000004,0.4,1.2,0.349,8.0,16.2,0.49700000000000005,3.8,4.6,0.8240000000000001,0.7,3.7,4.4,8.7,1.7,0.0,2.8,4.6,21.1,115.0,108.0,1994,Vinny Del Negro-1994,0.0,Not Selected,Guard,SAS,0.04968383017163505
1993-94,Bison Dele,delebi01,C,24,DEN,80,1,1507,8.3,15.4,0.541,0.0,0.1,0.0,8.3,15.3,0.544,4.5,7.0,0.649,4.6,10.2,14.8,1.7,1.6,2.9,3.4,7.3,21.2,108.0,99.0,1994,Bison Dele-1994,0.0,Not Selected,Center,DEN,0.037940379403794036
1993-94,Dell Demps,dempsde01,PG,23,GSW,2,0,11,8.8,26.4,0.33299999999999996,0.0,0.0,0.0,8.8,26.4,0.33299999999999996,0.0,8.8,0.0,0.0,0.0,0.0,4.4,8.8,0.0,4.4,4.4,17.6,60.0,98.0,1994,Dell Demps-1994,0.0,Not Selected,Guard,GSW,0.045167118337850046
1993-94,Vlade Divac,divacvl01,C,25,LAL,79,73,2685,8.5,16.8,0.506,0.2,0.9,0.191,8.3,15.9,0.524,3.9,5.7,0.6859999999999999,5.3,10.7,15.9,5.7,1.7,2.1,3.6,5.4,21.0,110.0,105.0,1994,Vlade Divac-1994,0.0,Not Selected,Center,LAL,0.02981029810298103
1993-94,Sherman Douglas,douglsh01,PG,27,BOS,78,78,2789,7.6,16.5,0.462,0.2,1.0,0.23199999999999998,7.4,15.5,0.47700000000000004,3.2,5.0,0.6409999999999999,1.3,2.2,3.5,12.3,1.6,0.2,4.2,3.1,18.7,103.0,113.0,1994,Sherman Douglas-1994,0.0,Not Selected,Guard,BOS,0.028906955736224028
1993-94,Greg Dreiling,dreilgr01,C,31,DAL,54,19,685,3.9,7.7,0.5,0.1,0.1,1.0,3.8,7.6,0.495,2.0,2.8,0.711,3.5,9.1,12.6,2.3,1.2,1.8,3.2,11.8,9.8,97.0,107.0,1994,Greg Dreiling-1994,0.0,Not Selected,Center,DAL,0.011743450767841012
1993-94,Clyde Drexler,drexlcl01,SG,31,POR,68,68,2334,9.8,23.0,0.428,1.5,4.6,0.324,8.4,18.4,0.45399999999999996,6.0,7.7,0.777,3.2,6.1,9.3,6.9,2.0,0.7,3.5,4.2,27.1,110.0,105.0,1994,Clyde Drexler-1994,0.0,Not Selected,Guard,POR,0.04245709123757904
1993-94,Kevin Duckworth,duckwke01,C,29,WSB,69,52,1485,6.2,14.9,0.41700000000000004,0.0,0.0,0.0,6.2,14.9,0.41700000000000004,3.0,4.4,0.667,3.5,7.5,11.0,1.9,1.2,1.2,3.4,7.5,15.4,91.0,111.0,1994,Kevin Duckworth-1994,0.0,Not Selected,Center,WAS,0.02168021680216802
1993-94,Chris Dudley,dudlech02,C,28,POR,6,3,86,3.4,14.1,0.24,0.0,0.0,0.0,3.4,14.1,0.24,1.1,2.3,0.5,9.0,4.5,13.6,2.8,2.3,1.7,1.1,10.2,7.9,89.0,105.0,1994,Chris Dudley-1994,0.0,Not Selected,Center,POR,0.04245709123757904
1993-94,Joe Dumars,dumarjo01,SG,30,DET,69,69,2591,9.9,22.0,0.452,2.4,6.3,0.38799999999999996,7.5,15.7,0.47700000000000004,5.4,6.5,0.836,0.7,2.3,3.0,5.1,1.2,0.1,3.1,2.3,27.7,110.0,115.0,1994,Joe Dumars-1994,0.0,Not Selected,Guard,DET,0.018066847335140017
1993-94,Acie Earl,earlac01,C,23,BOS,74,8,1149,6.6,16.3,0.406,0.0,0.0,0.0,6.6,16.2,0.40700000000000003,4.7,7.0,0.675,3.7,7.1,10.8,0.5,1.0,2.3,3.1,7.8,17.9,92.0,108.0,1994,Acie Earl-1994,0.0,Not Selected,Center,BOS,0.028906955736224028
1993-94,Bill Edwards,edwarbi01,PF,22,PHI,3,0,44,2.3,20.5,0.111,0.0,5.7,0.0,2.3,14.8,0.154,2.3,5.7,0.4,5.7,10.3,16.0,4.6,3.4,1.1,4.6,6.8,6.8,48.0,103.0,1994,Bill Edwards-1994,0.0,Not Selected,Forward,PHI,0.022583559168925023
1993-94,Blue Edwards,edwarbl01,SF,28,MIL,82,64,2322,8.4,17.5,0.478,0.8,2.3,0.358,7.5,15.2,0.496,3.3,4.1,0.799,2.3,4.9,7.2,3.7,1.8,0.6,3.2,5.1,20.8,104.0,111.0,1994,Blue Edwards-1994,0.0,Not Selected,Forward,MIL,0.018066847335140017
1993-94,Doug Edwards,edwardo01,PF,23,ATL,16,0,107,8.1,23.3,0.34700000000000003,0.0,0.5,0.0,8.1,22.8,0.354,4.3,7.6,0.563,3.3,5.2,8.6,3.8,1.0,2.4,2.9,4.3,20.5,88.0,104.0,1994,Doug Edwards-1994,0.0,Not Selected,Forward,ATL,0.051490514905149054
1993-94,James Edwards,edwarja01,C,38,LAL,45,2,469,8.4,18.0,0.46399999999999997,0.0,0.0,0.0,8.4,18.0,0.46399999999999997,5.8,8.5,0.684,1.2,5.8,7.0,2.4,0.4,0.3,3.2,9.7,22.5,100.0,112.0,1994,James Edwards-1994,0.0,Not Selected,Center,LAL,0.02981029810298103
1993-94,Kevin Edwards,edwarke01,SG,28,NJN,82,82,2727,8.7,18.9,0.45799999999999996,0.6,1.8,0.354,8.0,17.1,0.469,3.1,4.0,0.77,1.7,3.4,5.2,4.3,2.2,0.6,2.5,2.8,21.1,106.0,107.0,1994,Kevin Edwards-1994,0.0,Not Selected,Guard,BRK,0.04065040650406504
1993-94,Craig Ehlo,ehlocr01,SG,32,ATL,82,0,2147,7.5,16.8,0.446,1.8,5.2,0.348,5.7,11.6,0.491,2.7,3.7,0.727,1.7,4.9,6.6,6.5,3.2,0.6,3.1,3.8,19.5,108.0,101.0,1994,Craig Ehlo-1994,0.0,Not Selected,Guard,ATL,0.051490514905149054
1993-94,Mario Elie,eliema01,SF,30,HOU,67,8,1606,6.5,14.7,0.446,1.8,5.3,0.335,4.8,9.4,0.508,4.8,5.6,0.86,0.9,4.8,5.7,6.5,1.6,0.3,3.4,3.9,19.7,110.0,104.0,1994,Mario Elie-1994,0.0,Not Selected,Forward,HOU,0.052393857271906055
1993-94,Sean Elliott,elliose01,SF,25,DET,73,73,2409,7.6,16.7,0.455,0.6,1.8,0.299,7.1,14.9,0.474,2.9,3.7,0.8029999999999999,1.4,4.1,5.6,4.2,1.1,0.6,2.7,3.7,18.7,102.0,114.0,1994,Sean Elliott-1994,0.0,Not Selected,Forward,DET,0.018066847335140017
1993-94,Dale Ellis,ellisda01,SF,33,SAS,77,75,2590,9.8,19.9,0.494,2.7,6.8,0.395,7.1,13.1,0.546,1.7,2.2,0.7759999999999999,1.4,3.8,5.2,1.6,1.4,0.2,1.5,2.9,24.1,119.0,108.0,1994,Dale Ellis-1994,0.0,Not Selected,Forward,SAS,0.04968383017163505
1993-94,Harold Ellis,ellisha01,SF,23,LAC,49,16,923,8.3,15.2,0.545,0.0,0.2,0.0,8.3,15.0,0.552,5.5,7.8,0.711,4.9,3.1,8.0,1.6,3.8,0.1,2.2,5.1,22.1,118.0,108.0,1994,Harold Ellis-1994,0.0,Not Selected,Forward,LAC,0.024390243902439025
1993-94,LaPhonso Ellis,ellisla01,PF,23,DEN,79,79,2699,8.9,17.8,0.502,0.1,0.4,0.304,8.8,17.4,0.506,4.5,6.6,0.674,4.1,8.5,12.6,3.1,1.2,1.5,3.2,5.6,22.5,108.0,102.0,1994,LaPhonso Ellis-1994,0.0,Not Selected,Forward,DEN,0.037940379403794036
1993-94,LeRon Ellis,ellisle02,C,24,CHH,50,1,680,6.4,13.2,0.484,0.0,0.0,0.0,6.4,13.2,0.484,3.3,4.9,0.662,5.1,8.5,13.6,1.7,1.2,1.8,1.5,6.0,16.0,113.0,107.0,1994,LeRon Ellis-1994,0.0,Not Selected,Center,CHO,0.037037037037037035
1993-94,Pervis Ellison,ellispe01,C,26,WSB,47,24,1178,5.8,12.4,0.469,0.0,0.1,0.0,5.8,12.3,0.474,3.0,4.1,0.722,3.3,7.0,10.3,3.0,1.1,2.1,3.1,5.9,14.6,100.0,111.0,1994,Pervis Ellison-1994,0.0,Not Selected,Center,WAS,0.02168021680216802
1993-94,Jo Jo English,englijo01,SG,23,CHI,36,0,419,7.0,16.1,0.434,1.0,2.1,0.47100000000000003,6.0,14.0,0.429,1.2,2.6,0.47600000000000003,1.1,4.5,5.6,4.7,1.0,1.2,4.5,7.6,16.2,87.0,105.0,1994,Jo Jo English-1994,0.0,Not Selected,Guard,CHI,0.04968383017163505
1993-94,Patrick Ewing,ewingpa01,C,31,NYK,79,79,2972,13.0,26.1,0.496,0.1,0.2,0.28600000000000003,12.9,25.9,0.498,7.7,10.1,0.765,3.8,11.6,15.4,3.1,1.6,3.8,4.5,4.8,33.7,108.0,93.0,1994,Patrick Ewing-1994,0.0,Not Selected,Center,NYK,0.051490514905149054
1993-94,Jim Farmer,farmeji01,SG,29,DEN,4,0,29,3.4,10.3,0.33299999999999996,0.0,3.4,0.0,3.4,6.9,0.5,0.0,0.0,0.0,0.0,3.4,3.4,6.9,0.0,0.0,8.6,5.2,6.9,51.0,110.0,1994,Jim Farmer-1994,0.0,Not Selected,Guard,DEN,0.037940379403794036
1993-94,Duane Ferrell,ferredu01,SF,28,ATL,72,13,1155,8.1,16.7,0.485,0.0,0.4,0.111,8.1,16.3,0.495,6.4,8.1,0.7829999999999999,2.7,3.0,5.7,2.9,1.9,0.7,2.8,3.7,22.6,112.0,105.0,1994,Duane Ferrell-1994,0.0,Not Selected,Forward,ATL,0.051490514905149054
1993-94,Danny Ferry,ferryda01,PF,27,CLE,70,1,965,8.1,18.1,0.446,0.8,2.8,0.275,7.3,15.4,0.47700000000000004,2.1,2.3,0.884,2.6,5.1,7.7,4.0,1.5,1.2,2.2,6.1,19.0,105.0,106.0,1994,Danny Ferry-1994,0.0,Not Selected,Forward,CLE,0.04245709123757904
1993-94,Vern Fleming,flemive01,PG,31,IND,55,5,1053,7.2,15.5,0.462,0.0,0.2,0.0,7.2,15.3,0.46799999999999997,3.1,4.3,0.736,1.3,4.7,6.0,8.5,2.0,0.3,4.3,4.8,17.5,100.0,106.0,1994,Vern Fleming-1994,0.0,Not Selected,Guard,IND,0.04245709123757904
1993-94,Sleepy Floyd,floydsl01,PG,33,SAS,53,2,737,5.1,15.1,0.335,0.6,2.6,0.222,4.5,12.5,0.358,3.8,5.6,0.667,0.7,4.3,5.1,7.3,0.9,0.6,4.4,5.1,14.5,86.0,108.0,1994,Sleepy Floyd-1994,0.0,Not Selected,Guard,SAS,0.04968383017163505
1993-94,Alphonso Ford,fordal01,PG,22,SEA,6,0,16,22.1,41.0,0.5379999999999999,3.2,3.2,1.0,18.9,37.8,0.5,3.2,6.3,0.5,0.0,0.0,0.0,3.2,6.3,0.0,3.2,6.3,50.5,108.0,99.0,1994,Alphonso Ford-1994,0.0,Not Selected,Guard,OKC,0.056910569105691054
1993-94,Greg Foster,fostegr01,PF,25,MIL,3,0,19,10.7,18.7,0.5710000000000001,0.0,0.0,0.0,10.7,18.7,0.5710000000000001,5.3,5.3,1.0,0.0,8.0,8.0,0.0,0.0,2.7,2.7,8.0,26.7,113.0,110.0,1994,Greg Foster-1994,0.0,Not Selected,Forward,MIL,0.018066847335140017
1993-94,Rick Fox,foxri01,SF,24,BOS,82,53,2096,8.1,17.4,0.467,0.8,2.4,0.33,7.4,15.0,0.489,4.2,5.5,0.757,2.5,6.0,8.5,5.2,1.9,1.2,3.8,5.8,21.2,103.0,108.0,1994,Rick Fox-1994,0.0,Not Selected,Forward,BOS,0.028906955736224028
1993-94,Tellis Frank,frankte01,PF,28,MIN,67,11,959,3.5,8.5,0.419,0.0,0.1,0.0,3.5,8.4,0.424,2.9,4.0,0.711,4.4,7.2,11.6,3.0,1.9,1.9,2.6,8.6,9.9,100.0,107.0,1994,Tellis Frank-1994,0.0,Not Selected,Forward,MIN,0.018066847335140017
1993-94,Corey Gaines,gaineco01,SG,28,NYK,18,0,78,6.0,13.3,0.45,1.3,3.3,0.4,4.6,9.9,0.467,8.6,9.9,0.867,2.0,6.6,8.6,19.9,1.3,0.0,3.3,8.0,21.9,137.0,100.0,1994,Corey Gaines-1994,0.0,Not Selected,Guard,NYK,0.051490514905149054
1993-94,Chad Gallagher,gallach01,C,24,UTA,2,0,3,51.5,51.5,1.0,0.0,0.0,0.0,51.5,51.5,1.0,0.0,0.0,0.0,0.0,0.0,0.0,0.0,0.0,0.0,0.0,34.4,103.1,200.0,111.0,1994,Chad Gallagher-1994,0.0,Not Selected,Center,UTA,0.04787714543812105
1993-94,Kevin Gamble,gamblke01,SF,28,BOS,75,28,1880,9.8,21.5,0.45799999999999996,0.7,2.8,0.243,9.2,18.7,0.489,2.8,3.4,0.8170000000000001,1.1,3.2,4.2,4.0,1.5,0.6,2.1,3.6,23.1,104.0,112.0,1994,Kevin Gamble-1994,0.0,Not Selected,Forward,BOS,0.028906955736224028
1993-94,Chris Gatling,gatlich01,C,26,GSW,82,23,1296,10.1,17.2,0.588,0.0,0.0,0.0,10.1,17.2,0.589,4.8,7.8,0.62,5.3,9.5,14.8,1.5,1.5,2.4,3.1,8.3,25.1,116.0,104.0,1994,Chris Gatling-1994,0.0,Not Selected,Center,GSW,0.045167118337850046
1993-94,Kenny Gattison,gattike01,PF,29,CHH,77,18,1644,7.0,13.3,0.524,0.0,0.0,0.0,7.0,13.3,0.524,3.8,5.8,0.6459999999999999,3.1,7.6,10.7,2.8,1.8,1.4,2.4,6.9,17.7,110.0,107.0,1994,Kenny Gattison-1994,0.0,Not Selected,Forward,CHO,0.037037037037037035
1993-94,Andrew Gaze,gazean01,SG,28,WSB,7,0,70,5.7,12.2,0.47100000000000003,2.9,5.7,0.5,2.9,6.4,0.444,1.4,1.4,1.0,0.7,4.3,5.0,3.6,1.4,0.7,2.1,6.4,15.7,117.0,114.0,1994,Andrew Gaze-1994,0.0,Not Selected,Guard,WAS,0.02168021680216802
1993-94,Matt Geiger,geigema01,C,24,MIA,72,0,1199,8.6,15.0,0.574,0.0,0.2,0.2,8.6,14.8,0.579,5.0,6.4,0.779,5.1,7.9,12.9,1.4,1.5,1.2,2.6,8.6,22.2,123.0,105.0,1994,Matt Geiger-1994,0.0,Not Selected,Center,MIA,0.037940379403794036
1993-94,Kendall Gill,gillke01,SG,25,SEA,79,77,2435,8.9,20.1,0.44299999999999995,0.8,2.5,0.317,8.1,17.6,0.461,4.5,5.7,0.782,1.9,3.7,5.6,5.7,3.1,0.7,3.0,4.0,23.0,108.0,103.0,1994,Kendall Gill-1994,0.0,Not Selected,Guard,OKC,0.056910569105691054
1993-94,Armen Gilliam,gilliar01,PF,29,NJN,82,5,1969,8.9,17.4,0.51,0.0,0.0,0.0,8.9,17.4,0.511,7.0,9.2,0.759,5.0,7.7,12.8,1.8,1.0,1.6,2.7,3.3,24.8,117.0,106.0,1994,Armen Gilliam-1994,0.0,Not Selected,Forward,BRK,0.04065040650406504
1993-94,Mike Gminski,gminsmi01,C,34,TOT,29,7,309,5.8,16.5,0.35,0.0,0.0,0.0,5.8,16.5,0.35,2.2,2.9,0.778,3.5,8.3,11.9,1.8,2.1,2.6,2.1,3.7,13.8,87.0,105.0,1994,Mike Gminski-1994,0.0,Not Selected,Center,TOT,0.033333333333333326
1993-94,Ricky Grace,graceri01,PG,26,ATL,3,0,8,12.7,19.1,0.667,0.0,0.0,0.0,12.7,19.1,0.667,0.0,12.7,0.0,0.0,6.4,6.4,6.4,0.0,0.0,0.0,19.1,25.5,107.0,107.0,1994,Ricky Grace-1994,0.0,Not Selected,Guard,ATL,0.051490514905149054
1993-94,Greg Graham,grahagr01,SG,23,PHI,70,6,889,6.9,17.2,0.4,0.1,1.4,0.08,6.8,15.8,0.429,5.2,6.2,0.836,1.2,3.7,4.9,3.7,3.4,0.2,3.7,3.0,19.1,93.0,109.0,1994,Greg Graham-1994,0.0,Not Selected,Guard,PHI,0.022583559168925023
1993-94,Paul Graham,grahapa01,SG,26,ATL,21,0,128,8.4,22.7,0.368,1.2,5.2,0.231,7.2,17.5,0.409,5.2,6.8,0.765,1.6,3.2,4.8,5.2,1.6,2.0,2.0,4.4,23.1,103.0,105.0,1994,Paul Graham-1994,0.0,Not Selected,Guard,ATL,0.051490514905149054
1993-94,Gary Grant,grantga01,PG,28,LAC,78,8,1533,8.0,17.7,0.449,0.5,1.9,0.27399999999999997,7.4,15.8,0.47100000000000003,2.0,2.4,0.855,1.3,3.1,4.5,9.1,3.7,0.4,4.3,4.4,18.5,98.0,108.0,1994,Gary Grant-1994,0.0,Not Selected,Guard,LAC,0.024390243902439025
1993-94,Harvey Grant,grantha01,SF,28,POR,77,73,2112,8.2,17.8,0.46,0.0,0.2,0.28600000000000003,8.1,17.6,0.462,1.9,3.0,0.6409999999999999,2.5,5.6,8.1,2.5,1.6,1.1,1.3,4.1,18.4,106.0,106.0,1994,Harvey Grant-1994,0.0,Not Selected,Forward,POR,0.04245709123757904
1993-94,Horace Grant,grantho01,PF,28,CHI,70,69,2570,9.3,17.8,0.524,0.0,0.1,0.0,9.3,17.7,0.528,2.8,4.7,0.596,6.2,9.4,15.6,4.8,1.5,1.7,2.2,3.3,21.5,117.0,101.0,1994,Horace Grant-1994,0.0,Not Selected,Forward,CHI,0.04968383017163505
1993-94,Josh Grant,grantjo01,PF,26,GSW,53,0,382,7.5,18.5,0.40399999999999997,2.2,7.7,0.27899999999999997,5.3,10.8,0.494,2.8,3.7,0.759,3.4,7.9,11.3,3.0,2.3,1.0,3.8,7.9,19.9,98.0,104.0,1994,Josh Grant-1994,0.0,Not Selected,Forward,GSW,0.045167118337850046
1993-94,Jeff Grayer,grayeje01,SG,28,GSW,67,4,1096,8.4,16.0,0.526,0.1,0.5,0.16699999999999998,8.4,15.5,0.5379999999999999,3.1,5.2,0.602,3.4,5.1,8.4,2.7,1.5,0.6,2.8,4.6,20.1,108.0,109.0,1994,Jeff Grayer-1994,0.0,Not Selected,Guard,GSW,0.045167118337850046
1993-94,A.C. Green,greenac01,PF,30,PHO,82,55,2825,8.2,16.3,0.502,0.1,0.6,0.22899999999999998,8.0,15.6,0.513,4.7,6.4,0.735,4.8,8.4,13.2,2.4,1.2,0.7,1.8,2.5,21.1,120.0,107.0,1994,A.C. Green-1994,0.0,Not Selected,Forward,PHO,0.05058717253839205
1993-94,Litterial Green,greenli01,PG,23,ORL,29,0,126,8.8,22.8,0.386,0.4,1.6,0.25,8.4,21.2,0.396,11.2,14.8,0.757,2.4,2.4,4.8,3.6,2.4,0.4,5.2,6.4,29.2,99.0,109.0,1994,Litterial Green-1994,0.0,Not Selected,Guard,ORL,0.045167118337850046
1993-94,Sean Green,greense01,SG,23,TOT,36,0,334,9.5,27.5,0.344,1.5,6.2,0.244,8.0,21.3,0.373,2.0,2.7,0.722,1.5,3.6,5.1,2.4,2.7,0.9,4.1,3.2,22.4,77.0,110.0,1994,Sean Green-1994,0.0,Not Selected,Guard,TOT,0.033333333333333326
1993-94,Tom Gugliotta,guglito01,PF,24,WSB,78,78,2795,9.7,20.8,0.466,0.7,2.7,0.27,9.0,18.1,0.495,3.8,5.6,0.685,3.4,9.7,13.0,4.9,3.1,0.9,4.4,3.1,23.9,101.0,107.0,1994,Tom Gugliotta-1994,0.0,Not Selected,Forward,WAS,0.02168021680216802
1993-94,Andrés Guibert,guibean01,C,25,MIN,5,0,33,9.2,30.7,0.3,0.0,0.0,0.0,9.2,30.7,0.3,4.6,9.2,0.5,15.4,9.2,24.6,3.1,0.0,1.5,9.2,9.2,23.0,74.0,110.0,1994,Andrés Guibert-1994,0.0,Not Selected,Center,MIN,0.018066847335140017
1993-94,Jay Guidinger,guidija01,C,24,CLE,32,0,131,6.4,12.8,0.5,0.0,0.0,0.0,6.4,12.8,0.5,6.0,8.4,0.7140000000000001,6.0,7.2,13.2,1.2,1.6,2.0,6.4,9.2,18.8,94.0,104.0,1994,Jay Guidinger-1994,0.0,Not Selected,Center,CLE,0.04245709123757904
1993-94,Jack Haley,haleyja01,PF,30,SAS,28,0,94,11.9,27.2,0.43799999999999994,0.0,0.0,0.0,11.9,27.2,0.43799999999999994,9.6,11.9,0.81,3.4,10.2,13.6,0.6,0.0,0.0,5.7,10.2,33.4,98.0,106.0,1994,Jack Haley-1994,0.0,Not Selected,Forward,SAS,0.04968383017163505
1993-94,Geert Hammink,hammige01,C,24,ORL,1,0,3,16.8,50.4,0.33299999999999996,0.0,0.0,0.0,16.8,50.4,0.33299999999999996,0.0,0.0,0.0,16.8,0.0,16.8,16.8,0.0,0.0,0.0,16.8,33.6,106.0,116.0,1994,Geert Hammink-1994,0.0,Not Selected,Center,ORL,0.045167118337850046
1993-94,Tom Hammonds,hammoto01,PF,26,DEN,74,2,877,6.5,13.1,0.5,0.0,0.0,0.0,6.5,13.1,0.5,4.0,5.9,0.6829999999999999,3.5,7.8,11.3,1.9,1.1,0.7,2.3,5.2,17.1,110.0,104.0,1994,Tom Hammonds-1994,0.0,Not Selected,Forward,DEN,0.037940379403794036
1993-94,Anfernee Hardaway,hardaan01,PG,22,ORL,82,82,3015,8.5,18.3,0.466,0.8,3.1,0.267,7.7,15.1,0.507,4.1,5.5,0.742,3.2,4.1,7.3,9.1,3.2,0.9,4.9,3.4,22.0,107.0,106.0,1994,Anfernee Hardaway-1994,0.0,Not Selected,Guard,ORL,0.045167118337850046
1993-94,Derek Harper,harpede01,PG,32,TOT,82,55,2204,7.1,17.3,0.40700000000000003,1.7,4.7,0.36,5.4,12.6,0.425,2.6,3.8,0.687,0.5,2.8,3.3,7.8,2.9,0.2,3.1,3.8,18.4,102.0,104.0,1994,Derek Harper-1994,0.0,Not Selected,Guard,TOT,0.033333333333333326
1993-94,Ron Harper,harpero01,SG,30,LAC,75,75,2856,9.6,22.5,0.426,1.2,4.0,0.301,8.4,18.5,0.45299999999999996,5.0,7.1,0.715,2.2,5.6,7.8,5.8,2.4,0.9,4.1,2.8,25.4,99.0,108.0,1994,Ron Harper-1994,0.0,Not Selected,Guard,LAC,0.024390243902439025
1993-94,Lucious Harris,harrilu01,SG,23,DAL,77,0,1165,7.1,16.8,0.42100000000000004,0.3,1.4,0.212,6.8,15.4,0.44,3.8,5.2,0.731,2.0,4.9,6.8,4.6,2.1,0.4,3.4,5.1,18.2,97.0,110.0,1994,Lucious Harris-1994,0.0,Not Selected,Guard,DAL,0.011743450767841012
1993-94,Tony Harris,harrito01,SG,26,BOS,5,0,88,5.1,17.7,0.29,1.7,5.1,0.33299999999999996,3.4,12.5,0.273,13.1,14.3,0.92,1.7,4.0,5.7,4.6,2.3,0.0,3.4,4.6,25.1,109.0,110.0,1994,Tony Harris-1994,0.0,Not Selected,Guard,BOS,0.028906955736224028
1993-94,Antonio Harvey,harvean01,PF,23,LAL,27,6,247,5.9,16.1,0.36700000000000005,0.0,0.0,0.0,5.9,16.1,0.36700000000000005,2.4,5.3,0.462,5.3,6.7,12.0,1.0,1.6,3.9,3.5,7.9,14.3,82.0,107.0,1994,Antonio Harvey-1994,0.0,Not Selected,Forward,LAL,0.02981029810298103
1993-94,Scott Haskin,haskisc01,C,23,IND,27,2,186,5.8,12.4,0.467,0.0,0.0,0.0,5.8,12.4,0.467,3.6,5.3,0.684,4.7,10.5,15.2,1.7,0.6,4.1,3.6,9.1,15.2,99.0,101.0,1994,Scott Haskin-1994,0.0,Not Selected,Center,IND,0.04245709123757904
1993-94,Hersey Hawkins,hawkihe01,SG,27,CHH,82,82,2648,7.3,16.0,0.46,1.4,4.4,0.332,5.9,11.6,0.508,5.8,6.7,0.862,1.7,5.4,7.0,4.0,2.5,0.4,2.9,3.1,21.9,113.0,108.0,1994,Hersey Hawkins-1994,0.0,Not Selected,Guard,CHO,0.037037037037037035
1993-94,Skeeter Henry,henrysk01,SG,26,PHO,4,0,15,3.3,16.5,0.2,0.0,6.6,0.0,3.3,9.9,0.33299999999999996,6.6,13.2,0.5,0.0,6.6,6.6,13.2,0.0,0.0,3.3,3.3,13.2,82.0,112.0,1994,Skeeter Henry-1994,0.0,Not Selected,Guard,PHO,0.05058717253839205
1993-94,Steve Henson,hensost01,PG,25,CHH,3,0,17,2.9,5.8,0.5,2.9,2.9,1.0,0.0,2.9,0.0,0.0,0.0,0.0,0.0,2.9,2.9,14.5,0.0,0.0,2.9,8.7,8.7,133.0,115.0,1994,Steve Henson-1994,0.0,Not Selected,Guard,CHO,0.037037037037037035
1993-94,Carl Herrera,herreca01,PF,27,HOU,75,0,1292,5.6,12.1,0.45799999999999996,0.0,0.0,0.0,5.6,12.1,0.45799999999999996,2.7,3.8,0.711,4.0,7.2,11.1,1.4,1.3,1.0,2.7,6.2,13.8,98.0,102.0,1994,Carl Herrera-1994,0.0,Not Selected,Forward,HOU,0.052393857271906055
1993-94,Rod Higgins,higgiro01,SF,34,CLE,36,11,547,6.8,15.6,0.436,2.1,4.8,0.44,4.7,10.8,0.434,3.0,4.0,0.738,2.4,5.5,7.9,3.4,2.4,1.3,2.0,5.1,18.7,111.0,104.0,1994,Rod Higgins-1994,0.0,Not Selected,Forward,CLE,0.04245709123757904
1993-94,Tyrone Hill,hillty01,PF,25,CLE,57,20,1447,7.8,14.4,0.5429999999999999,0.0,0.1,0.0,7.8,14.3,0.545,6.2,9.3,0.6679999999999999,6.7,11.4,18.1,1.7,1.9,1.3,2.8,7.0,21.8,118.0,101.0,1994,Tyrone Hill-1994,0.0,Not Selected,Forward,CLE,0.04245709123757904
1993-94,Donald Hodge,hodgedo01,C,24,DAL,50,0,428,5.5,12.0,0.455,0.0,0.0,0.0,5.5,12.0,0.455,5.2,6.2,0.846,5.5,5.8,11.3,3.8,1.8,1.5,3.6,7.8,16.1,109.0,109.0,1994,Donald Hodge-1994,0.0,Not Selected,Center,DAL,0.011743450767841012
1993-94,Tito Horford,horfoti01,C,28,WSB,3,0,28,0.0,3.6,0.0,0.0,0.0,0.0,0.0,3.6,0.0,0.0,0.0,0.0,1.8,3.6,5.4,0.0,1.8,5.4,1.8,5.4,0.0,22.0,110.0,1994,Tito Horford-1994,0.0,Not Selected,Center,WAS,0.02168021680216802
1993-94,Jeff Hornacek,hornaje01,SG,30,TOT,80,62,2820,8.5,18.0,0.47,1.3,3.7,0.337,7.2,14.3,0.505,4.7,5.3,0.878,1.1,3.9,5.0,7.5,2.3,0.2,3.1,3.3,22.8,112.0,110.0,1994,Jeff Hornacek-1994,0.0,Not Selected,Guard,TOT,0.033333333333333326
1993-94,Robert Horry,horryro01,SF,23,HOU,81,81,2370,6.9,15.0,0.45899999999999996,0.9,2.9,0.324,5.9,12.1,0.491,2.5,3.3,0.732,2.7,6.7,9.4,4.9,2.5,1.6,2.9,4.0,17.1,104.0,100.0,1994,Robert Horry-1994,0.0,Not Selected,Forward,HOU,0.052393857271906055
1993-94,Allan Houston,houstal01,SG,22,DET,79,20,1519,9.1,22.5,0.405,1.2,3.9,0.299,8.0,18.6,0.428,3.0,3.6,0.8240000000000001,0.6,3.4,4.0,3.4,1.1,0.4,3.3,5.5,22.4,91.0,114.0,1994,Allan Houston-1994,0.0,Not Selected,Guard,DET,0.018066847335140017
1993-94,Byron Houston,houstby01,PF,24,GSW,71,2,866,4.5,9.9,0.45799999999999996,0.1,0.4,0.14300000000000002,4.5,9.5,0.47100000000000003,1.8,3.0,0.611,3.7,7.1,10.9,1.8,1.8,1.7,2.7,10.1,11.0,96.0,105.0,1994,Byron Houston-1994,0.0,Not Selected,Forward,GSW,0.045167118337850046
1993-94,Stephen Howard,howarst01,SF,23,UTA,9,0,53,9.7,16.5,0.588,0.0,0.0,0.0,9.7,16.5,0.588,10.7,15.6,0.688,9.7,5.8,15.6,1.0,1.0,2.9,5.8,12.6,30.1,114.0,104.0,1994,Stephen Howard-1994,0.0,Not Selected,Forward,UTA,0.04787714543812105
1993-94,Jay Humphries,humphja01,SG,31,UTA,75,19,1619,7.4,17.0,0.436,1.2,3.1,0.396,6.2,14.0,0.444,1.8,2.4,0.75,1.1,2.9,4.0,7.0,2.1,0.4,3.0,5.3,17.9,101.0,107.0,1994,Jay Humphries-1994,0.0,Not Selected,Guard,UTA,0.04787714543812105
1993-94,Lindsey Hunter,hunteli01,PG,23,DET,82,26,2172,7.9,21.0,0.375,1.6,4.9,0.33299999999999996,6.2,16.1,0.38799999999999996,2.4,3.3,0.732,1.1,3.3,4.4,9.2,2.8,0.2,4.3,4.1,19.8,92.0,111.0,1994,Lindsey Hunter-1994,0.0,Not Selected,Guard,DET,0.018066847335140017
1993-94,Bobby Hurley,hurlebo01,PG,22,SAC,19,19,499,5.3,14.4,0.37,0.2,1.6,0.125,5.1,12.8,0.4,2.4,3.0,0.8,0.6,2.8,3.4,11.3,1.3,0.1,4.7,2.8,13.2,88.0,113.0,1994,Bobby Hurley-1994,0.0,Not Selected,Guard,SAC,0.025293586269196026
1993-94,Jaren Jackson,jacksja01,SG,26,POR,29,0,187,8.8,22.6,0.391,0.0,1.6,0.0,8.8,21.0,0.42,3.1,3.6,0.857,1.6,2.9,4.4,7.0,1.0,0.5,3.6,5.2,20.8,93.0,110.0,1994,Jaren Jackson-1994,0.0,Not Selected,Guard,POR,0.04245709123757904
1993-94,Jim Jackson,jacksji01,SG,23,DAL,82,82,3066,10.6,23.7,0.445,0.3,1.0,0.28300000000000003,10.3,22.7,0.452,4.7,5.7,0.821,2.8,3.6,6.4,6.2,1.4,0.4,5.5,2.7,26.1,97.0,113.0,1994,Jim Jackson-1994,0.0,Not Selected,Guard,DAL,0.011743450767841012
1993-94,Mark Jackson,jacksma01,PG,28,LAC,79,79,2711,5.9,13.0,0.452,0.6,2.3,0.28300000000000003,5.2,10.8,0.488,3.0,3.8,0.7909999999999999,1.9,4.3,6.2,12.1,2.1,0.1,4.1,2.0,15.4,107.0,111.0,1994,Mark Jackson-1994,0.0,Not Selected,Guard,LAC,0.024390243902439025
1993-94,Stanley Jackson,jacksst01,SG,23,MIN,17,0,92,9.4,18.2,0.515,0.6,2.8,0.2,8.8,15.4,0.5710000000000001,1.7,1.7,1.0,6.6,8.3,14.9,8.8,2.8,0.0,5.5,7.2,20.9,105.0,106.0,1994,Stanley Jackson-1994,0.0,Not Selected,Guard,MIN,0.018066847335140017
1993-94,Dave Jamerson,jamerda01,SG,26,TOT,5,0,14,0.0,25.3,0.0,0.0,0.0,0.0,0.0,25.3,0.0,7.2,10.8,0.667,0.0,14.5,14.5,3.6,0.0,0.0,3.6,0.0,7.2,33.0,104.0,1994,Dave Jamerson-1994,0.0,Not Selected,Guard,TOT,0.033333333333333326
1993-94,Henry James,jameshe01,PF,28,LAC,12,0,75,10.3,27.0,0.381,2.6,11.6,0.222,7.7,15.4,0.5,3.2,3.2,1.0,3.9,5.1,9.0,0.6,1.3,0.0,1.3,5.8,26.3,101.0,111.0,1994,Henry James-1994,0.0,Not Selected,Forward,LAC,0.024390243902439025
1993-94,Keith Jennings,jennike01,PG,25,GSW,76,2,1097,6.1,15.1,0.40399999999999997,2.5,6.7,0.371,3.6,8.4,0.429,4.4,5.3,0.833,0.7,3.2,3.9,9.6,2.9,0.0,3.3,2.7,19.1,114.0,108.0,1994,Keith Jennings-1994,0.0,Not Selected,Guard,GSW,0.045167118337850046
1993-94,Chris Jent,jentch01,SF,24,HOU,3,0,78,8.4,16.8,0.5,2.6,7.1,0.364,5.8,9.7,0.6,0.6,1.3,0.5,2.6,7.1,9.7,4.5,0.0,0.0,3.2,8.4,20.1,107.0,106.0,1994,Chris Jent-1994,0.0,Not Selected,Forward,HOU,0.052393857271906055
1993-94,Avery Johnson,johnsav01,PG,28,GSW,82,70,2332,7.4,15.0,0.49200000000000005,0.0,0.2,0.0,7.4,14.8,0.5,3.7,5.3,0.7040000000000001,0.9,2.8,3.7,9.0,2.3,0.2,3.6,3.3,18.5,108.0,109.0,1994,Avery Johnson-1994,0.0,Not Selected,Guard,GSW,0.045167118337850046
1993-94,Dave Johnson,johnsda01,SG,23,CHI,17,0,119,7.5,23.7,0.315,0.0,0.4,0.0,7.5,23.3,0.321,5.7,9.2,0.619,3.9,3.1,7.0,1.8,1.8,0.0,3.9,3.1,20.6,81.0,106.0,1994,Dave Johnson-1994,0.0,Not Selected,Guard,CHI,0.04968383017163505
1993-94,Eddie Johnson,johnsed03,SF,34,CHH,73,27,1460,11.4,24.9,0.45899999999999996,2.0,5.1,0.39299999999999996,9.4,19.8,0.47600000000000003,3.3,4.3,0.78,2.7,4.9,7.6,4.2,1.2,0.3,2.8,4.8,28.2,106.0,111.0,1994,Eddie Johnson-1994,0.0,Not Selected,Forward,CHO,0.037037037037037035
1993-94,Ervin Johnson,johnser02,C,26,SEA,45,3,280,7.9,19.1,0.415,0.0,0.0,0.0,7.9,19.1,0.415,5.2,8.3,0.63,8.6,12.6,21.3,1.3,1.8,4.0,4.3,8.1,21.1,98.0,95.0,1994,Ervin Johnson-1994,0.0,Not Selected,Center,OKC,0.056910569105691054
1993-94,Frank Johnson,johnsfr01,PG,35,PHO,70,5,875,7.6,17.0,0.44799999999999995,0.1,0.7,0.16699999999999998,7.5,16.3,0.46,3.1,3.9,0.7829999999999999,1.6,3.0,4.6,8.4,2.3,0.1,3.7,6.8,18.4,103.0,109.0,1994,Frank Johnson-1994,0.0,Not Selected,Guard,PHO,0.05058717253839205
1993-94,Kevin Johnson,johnske02,PG,27,PHO,67,67,2449,9.7,19.9,0.48700000000000004,0.1,0.5,0.222,9.5,19.3,0.494,7.7,9.4,0.8190000000000001,1.1,2.3,3.4,12.9,2.5,0.2,4.8,2.6,27.1,116.0,109.0,1994,Kevin Johnson-1994,2.0,2nd,Guard,PHO,0.05058717253839205
1993-94,Larry Johnson,johnsla02,PF,24,CHH,51,51,1757,9.7,18.8,0.515,0.1,0.6,0.23800000000000002,9.6,18.2,0.524,3.8,5.5,0.695,4.0,8.5,12.5,5.2,0.8,0.4,3.2,3.7,23.4,110.0,109.0,1994,Larry Johnson-1994,0.0,Not Selected,Forward,CHO,0.037037037037037035
1993-94,Charles Jones,jonesch01,C,36,DET,42,0,877,2.1,4.5,0.462,0.0,0.1,0.0,2.1,4.5,0.46799999999999997,1.1,2.0,0.5589999999999999,5.2,8.5,13.7,1.7,0.8,2.5,0.7,7.9,5.3,123.0,109.0,1994,Charles Jones-1994,0.0,Not Selected,Center,DET,0.018066847335140017
1993-94,Popeye Jones,jonespo01,PF,23,DAL,81,47,1773,5.6,11.7,0.479,0.0,0.0,0.0,5.6,11.6,0.48,2.2,3.1,0.7290000000000001,8.6,8.8,17.3,2.8,1.7,0.9,2.7,7.0,13.4,111.0,108.0,1994,Popeye Jones-1994,0.0,Not Selected,Forward,DAL,0.011743450767841012
1993-94,Adonis Jordan,jordaad01,PG,23,DEN,6,0,79,3.8,14.5,0.261,1.9,6.3,0.3,1.9,8.2,0.231,0.0,0.0,0.0,1.9,1.9,3.8,12.0,0.0,0.6,3.8,3.8,9.5,86.0,110.0,1994,Adonis Jordan-1994,0.0,Not Selected,Guard,DEN,0.037940379403794036
1993-94,Reggie Jordan,jordare01,SG,26,LAL,23,0,259,8.5,20.0,0.42700000000000005,0.4,0.8,0.5,8.2,19.2,0.424,6.8,9.9,0.6859999999999999,8.9,4.1,13.0,5.0,2.7,1.0,2.7,5.0,24.3,113.0,109.0,1994,Reggie Jordan-1994,0.0,Not Selected,Guard,LAL,0.02981029810298103
1993-94,Adam Keefe,keefead01,PF,23,ATL,63,1,763,6.4,14.2,0.451,0.0,0.0,0.0,6.4,14.2,0.451,5.4,7.4,0.73,5.1,8.3,13.4,2.3,1.3,0.6,4.0,5.3,18.2,101.0,103.0,1994,Adam Keefe-1994,0.0,Not Selected,Forward,ATL,0.051490514905149054
1993-94,Shawn Kemp,kempsh01,PF,24,SEA,79,73,2597,10.4,19.2,0.5379999999999999,0.0,0.1,0.25,10.3,19.2,0.54,7.1,9.5,0.741,6.1,10.5,16.5,4.0,2.8,3.2,5.0,6.1,27.8,112.0,96.0,1994,Shawn Kemp-1994,2.0,2nd,Forward,OKC,0.056910569105691054
1993-94,Tim Kempton,kemptti01,PF,30,TOT,13,0,136,5.5,14.0,0.395,0.0,0.0,0.0,5.5,14.0,0.395,3.3,5.9,0.563,3.7,5.1,8.8,3.3,2.2,0.7,4.0,12.1,14.3,86.0,108.0,1994,Tim Kempton-1994,0.0,Not Selected,Forward,TOT,0.033333333333333326
1993-94,Steve Kerr,kerrst01,PG,28,CHI,82,0,2036,7.4,14.8,0.49700000000000005,1.3,3.2,0.419,6.0,11.6,0.519,2.1,2.5,0.856,0.7,2.7,3.4,5.4,1.9,0.1,1.5,2.5,18.2,121.0,106.0,1994,Steve Kerr-1994,0.0,Not Selected,Guard,CHI,0.04968383017163505
1993-94,Jerome Kersey,kerseje01,SF,31,POR,78,6,1276,7.7,17.9,0.433,0.0,0.3,0.125,7.7,17.6,0.43799999999999994,3.8,5.1,0.748,4.9,7.7,12.6,2.9,2.7,1.9,2.4,8.1,19.3,105.0,102.0,1994,Jerome Kersey-1994,0.0,Not Selected,Forward,POR,0.04245709123757904
1993-94,Alec Kessler,kesslal01,PF,27,MIA,15,0,66,8.5,19.4,0.44,3.9,7.0,0.556,4.7,12.4,0.375,4.7,6.2,0.75,3.1,4.7,7.8,1.6,0.8,0.8,3.9,10.9,25.6,109.0,109.0,1994,Alec Kessler-1994,0.0,Not Selected,Forward,MIA,0.037940379403794036
1993-94,Warren Kidd,kiddwa01,PF,23,PHI,68,14,884,5.7,9.6,0.5920000000000001,0.0,0.0,0.0,5.7,9.6,0.5920000000000001,2.7,4.9,0.547,4.3,8.9,13.2,1.1,1.1,1.3,2.5,7.3,14.0,109.0,109.0,1994,Warren Kidd-1994,0.0,Not Selected,Forward,PHI,0.022583559168925023
1993-94,Chris King,kingch01,SF,24,SEA,15,0,86,11.1,28.2,0.396,1.2,4.1,0.28600000000000003,10.0,24.1,0.415,8.8,15.3,0.5770000000000001,2.9,5.9,8.8,6.5,2.3,0.0,7.0,7.0,32.3,91.0,103.0,1994,Chris King-1994,0.0,Not Selected,Forward,OKC,0.056910569105691054
1993-94,Rich King,kingri01,C,24,SEA,27,0,78,9.7,22.0,0.441,0.0,0.6,0.0,9.7,21.3,0.455,7.1,14.2,0.5,5.8,7.1,12.9,5.2,0.6,1.3,4.5,11.6,26.5,99.0,104.0,1994,Rich King-1994,0.0,Not Selected,Center,OKC,0.056910569105691054
1993-94,Stacey King,kingst01,C,27,TOT,49,30,1053,7.1,16.7,0.428,0.0,0.1,0.0,7.1,16.6,0.431,4.5,6.6,0.684,4.4,7.4,11.8,2.8,1.5,2.1,4.1,5.9,18.8,95.0,105.0,1994,Stacey King-1994,0.0,Not Selected,Center,TOT,0.033333333333333326
1993-94,Greg Kite,kitegr01,C,32,ORL,29,0,309,2.1,5.7,0.371,0.0,0.0,0.0,2.1,5.7,0.371,1.3,3.6,0.364,3.6,7.8,11.4,0.7,0.3,2.0,2.8,10.0,5.5,76.0,108.0,1994,Greg Kite-1994,0.0,Not Selected,Center,ORL,0.045167118337850046
1993-94,Joe Kleine,kleinjo01,C,32,PHO,74,4,848,7.3,15.0,0.488,0.3,0.6,0.455,7.0,14.3,0.49,1.8,2.3,0.769,2.9,8.4,11.3,2.6,0.8,1.1,2.0,6.9,16.7,108.0,107.0,1994,Joe Kleine-1994,0.0,Not Selected,Center,PHO,0.05058717253839205
1993-94,Negele Knight,knighne01,PG,26,TOT,65,18,1438,8.3,17.6,0.474,0.1,0.8,0.19,8.2,16.8,0.48700000000000004,5.2,6.4,0.81,1.0,2.8,3.8,7.3,1.3,0.4,3.5,4.5,22.0,110.0,109.0,1994,Negele Knight-1994,0.0,Not Selected,Guard,TOT,0.033333333333333326
1993-94,Jon Koncak,koncajo01,C,30,ATL,82,78,1823,4.4,10.3,0.431,0.0,0.1,0.0,4.4,10.2,0.434,0.7,1.0,0.667,2.3,7.9,10.2,2.8,1.8,3.5,1.2,6.6,9.6,102.0,100.0,1994,Jon Koncak-1994,0.0,Not Selected,Center,ATL,0.051490514905149054
1993-94,Larry Krystkowiak,krystla01,PF,29,ORL,34,11,682,5.3,10.9,0.48,0.0,0.1,0.0,5.3,10.9,0.483,2.3,2.9,0.795,2.8,6.3,9.1,2.6,1.0,0.3,2.1,5.5,12.8,107.0,109.0,1994,Larry Krystkowiak-1994,0.0,Not Selected,Forward,ORL,0.045167118337850046
1993-94,Toni Kukoč,kukocto01,SF,25,CHI,75,8,1808,9.0,21.0,0.431,0.9,3.4,0.271,8.1,17.6,0.462,4.5,6.1,0.743,2.8,5.7,8.6,7.3,2.3,1.0,4.8,3.5,23.5,100.0,102.0,1994,Toni Kukoč-1994,0.0,Not Selected,Forward,CHI,0.04968383017163505
1993-94,Christian Laettner,laettch01,PF,24,MIN,70,67,2428,8.3,18.4,0.44799999999999995,0.1,0.5,0.24,8.1,17.9,0.455,7.8,10.0,0.7829999999999999,3.3,9.2,12.6,6.4,1.8,1.8,5.4,5.5,24.5,102.0,106.0,1994,Christian Laettner-1994,0.0,Not Selected,Forward,MIN,0.018066847335140017
1993-94,Bill Laimbeer,laimbbi01,C,36,DET,11,5,248,9.7,18.5,0.522,0.6,1.8,0.33299999999999996,9.0,16.6,0.5429999999999999,2.3,2.7,0.846,1.8,9.7,11.5,2.9,1.2,0.8,2.1,6.2,22.2,111.0,109.0,1994,Bill Laimbeer-1994,0.0,Not Selected,Center,DET,0.018066847335140017
1993-94,Andrew Lang,langan01,C,27,ATL,82,0,1608,6.8,14.5,0.469,0.0,0.1,0.25,6.8,14.4,0.47100000000000003,2.3,3.4,0.6890000000000001,4.0,5.9,9.9,1.6,1.2,2.8,2.6,6.1,16.0,101.0,103.0,1994,Andrew Lang-1994,0.0,Not Selected,Center,ATL,0.051490514905149054
1993-94,Eric Leckner,leckner01,C,27,PHI,71,36,1163,6.0,12.3,0.486,0.0,0.1,0.0,6.0,12.3,0.489,3.6,5.6,0.6459999999999999,3.2,8.9,12.2,3.7,0.8,1.5,3.7,8.2,15.6,98.0,109.0,1994,Eric Leckner-1994,0.0,Not Selected,Center,PHI,0.022583559168925023
1993-94,Tim Legler,legleti01,SG,27,DAL,79,0,1322,8.9,20.3,0.43799999999999994,2.0,5.3,0.374,6.9,14.9,0.46,5.5,6.5,0.84,1.4,3.5,4.9,4.6,2.0,0.5,2.3,5.1,25.2,115.0,111.0,1994,Tim Legler-1994,0.0,Not Selected,Guard,DAL,0.011743450767841012
1993-94,Jim Les,lesji01,PG,30,SAC,18,0,169,3.8,9.9,0.382,2.3,5.2,0.444,1.5,4.7,0.313,3.2,3.8,0.846,1.5,2.3,3.8,11.4,2.0,0.3,3.2,4.7,13.1,116.0,112.0,1994,Jim Les-1994,0.0,Not Selected,Guard,SAC,0.025293586269196026
1993-94,Fat Lever,leverfa01,PG,33,DAL,81,54,1947,5.9,14.5,0.408,0.7,1.9,0.35100000000000003,5.2,12.6,0.41600000000000004,2.0,2.6,0.765,2.2,5.2,7.4,5.6,4.1,0.4,2.3,4.0,14.5,102.0,106.0,1994,Fat Lever-1994,0.0,Not Selected,Guard,DAL,0.011743450767841012
1993-94,Marcus Liberty,liberma01,SF,25,TOT,38,0,285,7.1,22.0,0.325,1.8,5.0,0.35700000000000004,5.4,17.0,0.316,3.4,7.0,0.48700000000000004,4.6,6.3,10.9,3.0,2.0,0.7,4.3,6.1,19.5,82.0,110.0,1994,Marcus Liberty-1994,0.0,Not Selected,Forward,TOT,0.033333333333333326
1993-94,Todd Lichti,lichtto01,SG,27,TOT,13,0,126,7.8,20.0,0.392,0.8,0.8,1.0,7.1,19.2,0.36700000000000005,6.3,9.8,0.64,3.1,5.5,8.6,4.3,2.7,0.4,2.0,6.3,22.7,105.0,107.0,1994,Todd Lichti-1994,0.0,Not Selected,Guard,TOT,0.033333333333333326
1993-94,Brad Lohaus,lohaubr01,PF,29,MIL,67,2,962,5.4,14.8,0.363,2.4,7.1,0.34299999999999997,3.0,7.8,0.381,1.1,1.5,0.69,1.7,6.2,7.9,3.3,1.6,2.9,3.1,7.5,14.3,90.0,108.0,1994,Brad Lohaus-1994,0.0,Not Selected,Forward,MIL,0.018066847335140017
1993-94,Grant Long,longgr01,PF,27,MIA,69,59,2201,7.0,15.6,0.446,0.0,0.1,0.16699999999999998,7.0,15.5,0.449,4.3,5.5,0.7859999999999999,4.4,7.1,11.5,4.0,2.1,0.6,2.9,5.7,18.3,108.0,105.0,1994,Grant Long-1994,0.0,Not Selected,Forward,MIA,0.037940379403794036
1993-94,Luc Longley,longllu01,C,25,TOT,76,46,1502,7.5,15.9,0.47100000000000003,0.0,0.0,0.0,7.5,15.8,0.47200000000000003,3.1,4.3,0.72,4.4,10.4,14.8,3.7,1.5,2.7,4.1,7.4,18.0,98.0,103.0,1994,Luc Longley-1994,0.0,Not Selected,Center,TOT,0.033333333333333326
1993-94,George Lynch,lynchge01,SF,23,LAL,71,46,1762,8.3,16.4,0.508,0.0,0.1,0.0,8.3,16.2,0.512,2.8,4.7,0.596,6.3,5.4,11.7,2.7,2.9,0.8,2.5,5.1,19.4,110.0,108.0,1994,George Lynch-1994,0.0,Not Selected,Forward,LAL,0.02981029810298103
1993-94,Malcolm Mackey,mackema01,C,23,PHO,22,0,69,10.1,26.6,0.37799999999999995,0.0,1.4,0.0,10.1,25.2,0.4,2.9,5.8,0.5,8.6,8.6,17.3,0.7,0.0,2.2,1.4,6.5,23.0,97.0,108.0,1994,Malcolm Mackey-1994,0.0,Not Selected,Center,PHO,0.05058717253839205
1993-94,Don MacLean,macledo01,SF,24,WSB,75,69,2487,10.4,20.7,0.502,0.1,0.4,0.14300000000000002,10.3,20.3,0.509,6.6,8.0,0.8240000000000001,2.8,6.6,9.4,3.2,0.9,0.4,3.1,3.4,27.5,113.0,114.0,1994,Don MacLean-1994,0.0,Not Selected,Forward,WAS,0.02168021680216802
1993-94,Mark Macon,maconma01,SG,24,TOT,42,1,496,7.1,18.8,0.375,0.2,1.0,0.2,6.8,17.8,0.385,2.4,3.5,0.6759999999999999,1.8,2.4,4.2,5.2,4.0,0.1,4.1,7.5,16.7,84.0,107.0,1994,Mark Macon-1994,0.0,Not Selected,Guard,TOT,0.033333333333333326
1993-94,Gerald Madkins,madkige01,SG,24,CLE,22,0,149,3.9,10.9,0.355,1.8,5.3,0.33299999999999996,2.1,5.6,0.375,2.8,3.5,0.8,0.4,3.5,3.9,6.7,3.2,0.0,4.6,5.6,12.3,89.0,105.0,1994,Gerald Madkins-1994,0.0,Not Selected,Guard,CLE,0.04245709123757904
1993-94,Rick Mahorn,mahorri01,PF,35,NJN,28,0,226,5.1,10.4,0.489,0.0,0.2,0.0,5.1,10.2,0.5,2.9,4.4,0.65,3.6,8.4,12.0,1.1,0.7,1.1,1.6,8.4,13.1,111.0,106.0,1994,Rick Mahorn-1994,0.0,Not Selected,Forward,BRK,0.04065040650406504
1993-94,Dan Majerle,majerda01,SG,28,PHO,80,76,3207,7.4,17.6,0.418,3.0,7.8,0.382,4.4,9.8,0.447,2.7,3.7,0.7390000000000001,1.9,3.5,5.4,4.3,2.0,0.7,2.1,2.4,20.4,113.0,109.0,1994,Dan Majerle-1994,0.0,Not Selected,Guard,PHO,0.05058717253839205
1993-94,Jeff Malone,malonje01,SG,32,TOT,77,73,2560,10.5,21.6,0.486,0.1,0.2,0.583,10.3,21.3,0.485,4.1,4.9,0.83,1.0,3.0,4.0,2.5,0.8,0.1,1.7,2.5,25.2,108.0,112.0,1994,Jeff Malone-1994,0.0,Not Selected,Guard,TOT,0.033333333333333326
1993-94,Karl Malone,malonka01,PF,30,UTA,82,82,3329,12.0,24.0,0.49700000000000005,0.1,0.5,0.25,11.8,23.5,0.503,7.9,11.4,0.6940000000000001,3.6,10.9,14.6,5.1,1.9,2.0,3.6,4.1,31.9,111.0,100.0,1994,Karl Malone-1994,1.0,1st,Forward,UTA,0.04787714543812105
1993-94,Moses Malone,malonmo01,C,38,PHI,55,0,618,8.3,18.8,0.44,0.0,0.1,0.0,8.3,18.8,0.442,7.3,9.5,0.769,8.6,9.7,18.3,2.8,0.9,1.4,4.8,4.2,23.9,104.0,109.0,1994,Moses Malone-1994,0.0,Not Selected,Center,PHI,0.022583559168925023
1993-94,Danny Manning,mannida01,PF,27,TOT,68,66,2520,11.4,23.4,0.488,0.1,0.3,0.17600000000000002,11.4,23.1,0.49200000000000005,4.4,6.7,0.669,2.6,6.5,9.1,5.1,1.9,1.6,4.5,5.1,27.4,100.0,106.0,1994,Danny Manning-1994,0.0,Not Selected,Forward,TOT,0.033333333333333326
1993-94,Roy Marble,marblro01,SF,27,DEN,5,0,32,3.1,18.7,0.16699999999999998,0.0,0.0,0.0,3.1,18.7,0.16699999999999998,0.0,4.7,0.0,4.7,7.8,12.5,1.6,0.0,3.1,4.7,1.6,6.2,42.0,104.0,1994,Roy Marble-1994,0.0,Not Selected,Forward,DEN,0.037940379403794036
1993-94,Bob Martin,martibo01,C,24,LAC,53,1,535,3.6,7.9,0.455,0.0,0.0,0.0,3.6,7.9,0.455,2.8,4.6,0.608,3.2,7.3,10.5,1.5,0.7,3.0,2.6,9.5,10.0,95.0,108.0,1994,Bob Martin-1994,0.0,Not Selected,Center,LAC,0.024390243902439025
1993-94,Jamal Mashburn,mashbja01,SF,21,DAL,79,73,2896,9.8,24.2,0.406,1.5,5.2,0.284,8.4,19.0,0.44,5.4,7.7,0.6990000000000001,1.9,4.3,6.2,4.7,1.6,0.2,4.3,3.6,26.5,97.0,112.0,1994,Jamal Mashburn-1994,0.0,Not Selected,Forward,DAL,0.011743450767841012
1993-94,Anthony Mason,masonan01,PF,27,NYK,73,12,1903,5.6,11.8,0.47600000000000003,0.0,0.0,0.0,5.6,11.7,0.47700000000000004,3.2,4.4,0.72,4.3,7.3,11.6,4.1,0.8,0.2,2.9,5.2,14.3,107.0,101.0,1994,Anthony Mason-1994,0.0,Not Selected,Forward,NYK,0.051490514905149054
1993-94,Marlon Maxey,maxeyma01,PF,24,MIN,55,2,626,7.2,13.5,0.5329999999999999,0.0,0.2,0.0,7.2,13.4,0.539,5.7,7.9,0.7140000000000001,6.1,10.0,16.1,0.8,1.3,2.7,3.2,9.2,20.1,112.0,105.0,1994,Marlon Maxey-1994,0.0,Not Selected,Forward,MIN,0.018066847335140017
1993-94,Vernon Maxwell,maxweve01,SG,28,HOU,75,73,2571,7.5,19.2,0.389,2.4,7.9,0.298,5.1,11.3,0.45399999999999996,2.8,3.8,0.7490000000000001,0.8,3.7,4.5,7.5,2.5,0.4,3.6,2.8,20.1,98.0,103.0,1994,Vernon Maxwell-1994,0.0,Not Selected,Guard,HOU,0.052393857271906055
1993-94,Lee Mayberry,maybele01,PG,23,MIL,82,6,1472,5.8,13.9,0.415,1.4,4.1,0.345,4.3,9.8,0.445,2.0,2.9,0.69,0.9,2.6,3.5,7.4,1.6,0.1,3.3,3.9,14.9,99.0,113.0,1994,Lee Mayberry-1994,0.0,Not Selected,Guard,MIL,0.018066847335140017
1993-94,Xavier McDaniel,mcdanxa01,SF,30,BOS,82,5,1971,9.9,21.4,0.461,0.3,1.0,0.244,9.6,20.3,0.47200000000000003,3.7,5.4,0.6759999999999999,3.6,6.6,10.2,3.2,1.2,1.0,3.0,4.9,23.6,101.0,109.0,1994,Xavier McDaniel-1994,0.0,Not Selected,Forward,BOS,0.028906955736224028
1993-94,Derrick McKey,mckeyde01,SF,27,IND,76,76,2613,7.0,14.0,0.5,0.2,0.6,0.29,6.8,13.4,0.51,3.8,5.0,0.7559999999999999,2.5,5.4,7.9,6.4,2.2,1.0,4.5,4.9,17.9,103.0,104.0,1994,Derrick McKey-1994,0.0,Not Selected,Forward,IND,0.04245709123757904
1993-94,Nate McMillan,mcmilna01,PG,29,SEA,73,8,1887,4.7,10.6,0.447,1.4,3.6,0.391,3.3,7.0,0.475,0.8,1.5,0.564,1.3,6.2,7.6,10.3,5.8,0.6,3.4,5.4,11.7,107.0,95.0,1994,Nate McMillan-1994,0.0,Not Selected,Guard,OKC,0.056910569105691054
1993-94,Darnell Mee,meeda01,SG,22,DEN,38,0,285,4.9,15.4,0.318,0.9,4.2,0.20800000000000002,4.0,11.2,0.359,2.1,4.7,0.444,3.0,3.2,6.1,2.8,2.6,2.3,3.2,6.0,12.8,79.0,103.0,1994,Darnell Mee-1994,0.0,Not Selected,Guard,DEN,0.037940379403794036
1993-94,Oliver Miller,milleol01,C,23,PHO,69,30,1786,7.7,12.6,0.609,0.1,0.3,0.222,7.6,12.4,0.617,2.2,3.8,0.584,3.9,9.3,13.2,6.8,2.3,4.3,4.6,6.4,17.7,109.0,101.0,1994,Oliver Miller-1994,0.0,Not Selected,Center,PHO,0.05058717253839205
1993-94,Reggie Miller,millere01,SG,28,IND,79,79,2638,10.2,20.3,0.503,2.4,5.7,0.42100000000000004,7.8,14.6,0.535,7.9,8.7,0.9079999999999999,0.6,3.6,4.1,4.8,2.3,0.5,3.4,3.8,30.7,123.0,106.0,1994,Reggie Miller-1994,0.0,Not Selected,Guard,IND,0.04245709123757904
1993-94,Chris Mills,millsch01,SF,24,CLE,79,18,2022,7.4,17.5,0.419,1.0,3.2,0.311,6.4,14.4,0.44299999999999995,3.5,4.6,0.778,3.5,6.9,10.4,3.3,1.4,1.3,2.3,6.0,19.2,105.0,105.0,1994,Chris Mills-1994,0.0,Not Selected,Forward,CLE,0.04245709123757904
1993-94,Terry Mills,millste01,PF,26,DET,80,74,2773,10.8,21.2,0.511,0.4,1.3,0.32899999999999996,10.4,19.8,0.523,3.3,4.2,0.797,3.5,8.8,12.4,3.3,1.2,1.1,2.8,5.7,25.4,110.0,109.0,1994,Terry Mills-1994,0.0,Not Selected,Forward,DET,0.018066847335140017
1993-94,Harold Miner,minerha01,SG,22,MIA,63,31,1358,9.6,20.0,0.47700000000000004,0.2,0.2,0.667,9.4,19.8,0.475,5.6,6.8,0.828,2.8,3.1,5.9,3.6,1.2,0.5,3.6,5.0,24.9,109.0,110.0,1994,Harold Miner-1994,0.0,Not Selected,Guard,MIA,0.037940379403794036
1993-94,Sam Mitchell,mitchsa01,PF,30,IND,75,18,1084,6.6,14.5,0.45799999999999996,0.0,0.2,0.0,6.6,14.3,0.465,3.9,5.2,0.745,3.4,5.6,9.0,3.1,1.6,0.4,2.4,7.2,17.2,107.0,106.0,1994,Sam Mitchell-1994,0.0,Not Selected,Forward,IND,0.04245709123757904
1993-94,Tracy Moore,mooretr01,SG,28,DET,3,0,10,10.2,15.3,0.667,0.0,0.0,0.0,10.2,15.3,0.667,10.2,10.2,1.0,0.0,5.1,5.1,0.0,10.2,0.0,0.0,0.0,30.6,164.0,95.0,1994,Tracy Moore-1994,0.0,Not Selected,Guard,DET,0.018066847335140017
1993-94,Darren Morningstar,mornida01,C,24,TOT,23,15,367,5.4,11.4,0.47600000000000003,0.0,0.0,0.0,5.4,11.4,0.47600000000000003,2.5,4.2,0.6,4.3,6.9,11.2,2.1,1.9,0.3,2.6,9.7,13.3,101.0,109.0,1994,Darren Morningstar-1994,0.0,Not Selected,Center,TOT,0.033333333333333326
1993-94,Chris Morris,morrich01,SF,28,NJN,50,27,1349,7.6,16.9,0.447,2.0,5.5,0.361,5.6,11.4,0.489,3.2,4.4,0.72,3.4,5.1,8.5,3.1,2.0,1.8,1.9,4.5,20.3,114.0,105.0,1994,Chris Morris-1994,0.0,Not Selected,Forward,BRK,0.04065040650406504
1993-94,Alonzo Mourning,mournal01,C,23,CHH,60,59,2018,10.4,20.6,0.505,0.0,0.0,0.0,10.4,20.6,0.507,10.6,13.9,0.762,4.3,10.6,14.9,2.1,0.7,4.6,4.9,5.0,31.4,109.0,105.0,1994,Alonzo Mourning-1994,0.0,Not Selected,Center,CHO,0.037037037037037035
1993-94,Chris Mullin,mullich01,SF,30,GSW,62,39,2324,8.5,18.1,0.47200000000000003,1.1,3.1,0.364,7.4,15.0,0.494,3.4,4.6,0.753,1.3,5.9,7.2,6.6,2.2,1.1,3.7,2.4,21.7,106.0,106.0,1994,Chris Mullin-1994,0.0,Not Selected,Forward,GSW,0.045167118337850046
1993-94,Eric Murdock,murdoer01,PG,25,MIL,82,76,2533,9.6,20.4,0.46799999999999997,1.4,3.4,0.41100000000000003,8.2,17.1,0.479,4.7,5.8,0.813,1.8,3.4,5.2,10.9,4.0,0.2,4.1,3.8,25.2,111.0,108.0,1994,Eric Murdock-1994,0.0,Not Selected,Guard,MIL,0.018066847335140017
1993-94,Gheorghe Mureșan,muresgh01,C,22,WSB,54,2,650,9.9,18.1,0.545,0.0,0.0,0.0,9.9,18.1,0.545,3.7,5.5,0.6759999999999999,5.1,9.7,14.8,1.4,2.2,3.7,4.2,9.2,23.4,105.0,106.0,1994,Gheorghe Mureșan-1994,0.0,Not Selected,Center,WAS,0.02168021680216802
1993-94,Tod Murphy,murphto01,PF,30,TOT,9,0,67,4.5,9.1,0.5,0.0,0.0,0.0,4.5,9.1,0.5,2.3,4.5,0.5,3.0,4.5,7.5,3.0,1.5,0.0,0.8,7.5,11.3,116.0,112.0,1994,Tod Murphy-1994,0.0,Not Selected,Forward,TOT,0.033333333333333326
1993-94,Tracy Murray,murratr01,SF,22,POR,66,1,820,9.9,21.0,0.47,3.0,6.5,0.45899999999999996,6.9,14.6,0.47600000000000003,3.0,4.3,0.6940000000000001,2.5,4.0,6.6,1.8,1.2,1.2,2.2,4.5,25.7,113.0,108.0,1994,Tracy Murray-1994,0.0,Not Selected,Forward,POR,0.04245709123757904
1993-94,Jerrod Mustaf,mustaje01,PF,24,PHO,33,2,196,7.6,21.3,0.35700000000000004,0.0,0.0,0.0,7.6,21.3,0.35700000000000004,3.3,5.6,0.591,5.1,8.9,13.9,2.0,1.0,1.3,2.5,7.3,18.5,91.0,106.0,1994,Jerrod Mustaf-1994,0.0,Not Selected,Forward,PHO,0.05058717253839205
1993-94,Dikembe Mutombo,mutomdi01,C,27,DEN,82,82,2853,6.4,11.2,0.569,0.0,0.0,0.0,6.4,11.2,0.569,4.5,7.7,0.583,5.0,12.0,17.0,2.2,1.0,5.9,3.6,4.6,17.3,108.0,96.0,1994,Dikembe Mutombo-1994,0.0,Not Selected,Center,DEN,0.037940379403794036
1993-94,Pete Myers,myerspe01,SG,30,CHI,82,81,2030,6.5,14.3,0.455,0.2,0.7,0.276,6.3,13.6,0.465,3.5,5.0,0.701,1.4,3.3,4.7,6.3,2.0,0.5,3.5,5.0,16.7,101.0,105.0,1994,Pete Myers-1994,0.0,Not Selected,Guard,CHI,0.04968383017163505
1993-94,Larry Nance,nancela01,PF,34,CLE,33,19,909,8.8,18.1,0.48700000000000004,0.0,0.0,0.0,8.8,18.1,0.48700000000000004,3.7,4.9,0.753,4.4,8.6,13.1,2.8,1.6,3.2,2.2,5.5,21.3,111.0,102.0,1994,Larry Nance-1994,0.0,Not Selected,Forward,CLE,0.04245709123757904
1993-94,Chuck Nevitt,nevitch01,C,34,SAS,1,0,1,0.0,0.0,0.0,0.0,0.0,0.0,0.0,0.0,0.0,159.8,319.6,0.5,53.3,0.0,53.3,0.0,0.0,0.0,53.3,53.3,159.8,94.0,110.0,1994,Chuck Nevitt-1994,0.0,Not Selected,Center,SAS,0.04968383017163505
1993-94,Johnny Newman,newmajo01,SF,30,TOT,81,18,1697,9.2,19.6,0.47100000000000003,0.7,2.7,0.267,8.5,16.9,0.503,5.4,6.6,0.809,2.5,2.8,5.3,2.1,2.0,0.8,2.7,5.8,24.5,109.0,108.0,1994,Johnny Newman-1994,0.0,Not Selected,Forward,TOT,0.033333333333333326
1993-94,Ken Norman,normake01,SF,29,MIL,82,75,2539,8.2,18.4,0.44799999999999995,1.3,3.8,0.33299999999999996,7.0,14.6,0.478,1.8,3.7,0.503,3.4,6.6,10.0,4.4,1.2,0.9,3.0,4.2,19.6,100.0,111.0,1994,Ken Norman-1994,0.0,Not Selected,Forward,MIL,0.018066847335140017
1993-94,Shaquille O'Neal,onealsh01,C,21,ORL,81,81,3224,14.9,24.9,0.599,0.0,0.0,0.0,14.9,24.9,0.6,7.4,13.3,0.5539999999999999,6.0,10.8,16.8,3.1,1.2,3.6,3.5,4.4,37.2,120.0,102.0,1994,Shaquille O'Neal-1994,3.0,3rd,Center,ORL,0.045167118337850046
1993-94,Dan O'Sullivan,osullda01,C,25,DET,13,0,56,3.6,10.9,0.33299999999999996,0.0,0.0,0.0,3.6,10.9,0.33299999999999996,8.2,10.9,0.75,1.8,7.3,9.1,2.7,0.0,0.0,2.7,9.1,15.5,100.0,114.0,1994,Dan O'Sullivan-1994,0.0,Not Selected,Center,DET,0.018066847335140017
1993-94,Charles Oakley,oaklech01,PF,30,NYK,82,82,2932,6.4,13.4,0.478,0.0,0.1,0.0,6.4,13.3,0.48,4.3,5.5,0.7759999999999999,6.2,10.9,17.0,3.8,1.9,0.3,3.4,5.2,17.1,110.0,96.0,1994,Charles Oakley-1994,0.0,Not Selected,Forward,NYK,0.051490514905149054
1993-94,Hakeem Olajuwon,olajuha01,C,31,HOU,80,80,3277,13.8,26.1,0.528,0.1,0.3,0.42100000000000004,13.7,25.8,0.529,6.0,8.4,0.716,3.5,11.2,14.7,4.4,2.0,4.6,4.2,4.5,33.7,109.0,95.0,1994,Hakeem Olajuwon-1994,1.0,1st,Center,HOU,0.052393857271906055
1993-94,Jimmy Oliver,oliveji01,SG,24,BOS,44,6,540,8.3,19.9,0.41600000000000004,1.2,3.0,0.406,7.1,16.9,0.418,2.3,3.1,0.758,0.7,3.5,4.3,3.1,1.5,0.1,2.0,3.6,20.1,98.0,112.0,1994,Jimmy Oliver-1994,0.0,Not Selected,Guard,BOS,0.028906955736224028
1993-94,Bo Outlaw,outlabo01,SF,22,LAC,37,14,871,5.4,9.2,0.5870000000000001,0.0,0.1,0.0,5.4,9.1,0.594,3.4,5.7,0.5920000000000001,4.5,7.2,11.7,2.0,2.0,2.0,1.7,5.2,14.2,120.0,107.0,1994,Bo Outlaw-1994,0.0,Not Selected,Forward,LAC,0.024390243902439025
1993-94,Doug Overton,overtdo01,PG,24,WSB,61,1,749,5.8,14.4,0.40299999999999997,0.1,0.7,0.091,5.7,13.7,0.42,2.9,3.5,0.8270000000000001,1.3,3.3,4.6,6.1,1.4,0.1,3.6,3.2,14.6,93.0,115.0,1994,Doug Overton-1994,0.0,Not Selected,Guard,WAS,0.02168021680216802
1993-94,Billy Owens,owensbi01,PF,24,GSW,79,72,2738,8.7,17.2,0.507,0.1,0.3,0.2,8.7,16.9,0.512,3.5,5.8,0.61,4.1,7.3,11.3,5.8,1.5,1.1,3.8,4.8,21.0,106.0,107.0,1994,Billy Owens-1994,0.0,Not Selected,Forward,GSW,0.045167118337850046
1993-94,Robert Pack,packro01,PG,24,DEN,66,4,1382,8.1,18.2,0.44299999999999995,0.2,1.0,0.207,7.8,17.1,0.45799999999999996,6.5,8.5,0.758,0.9,3.5,4.4,12.9,2.9,0.3,7.4,5.3,22.8,97.0,103.0,1994,Robert Pack-1994,0.0,Not Selected,Guard,DEN,0.037940379403794036
1993-94,Gerald Paddio,paddige01,SF,28,TOT,18,1,137,8.1,22.2,0.36700000000000005,0.0,0.4,0.0,8.1,21.8,0.373,3.3,5.9,0.563,1.9,4.1,5.9,4.1,1.5,0.0,2.2,3.3,19.6,89.0,111.0,1994,Gerald Paddio-1994,0.0,Not Selected,Forward,TOT,0.033333333333333326
1993-94,Robert Parish,parisro01,C,40,BOS,74,74,1987,9.0,18.3,0.491,0.0,0.0,0.0,9.0,18.3,0.491,3.9,5.3,0.74,3.6,10.1,13.7,2.1,1.1,2.4,2.7,4.8,21.9,105.0,106.0,1994,Robert Parish-1994,0.0,Not Selected,Center,BOS,0.028906955736224028
1993-94,John Paxson,paxsojo01,PG,33,CHI,27,0,343,4.6,10.4,0.441,1.4,3.3,0.409,3.2,7.0,0.457,0.2,0.3,0.5,0.5,2.6,3.0,5.0,1.1,0.3,0.9,2.7,10.7,115.0,108.0,1994,John Paxson-1994,0.0,Not Selected,Guard,CHI,0.04968383017163505
1993-94,Gary Payton,paytoga01,PG,25,SEA,82,82,2881,10.2,20.3,0.504,0.3,0.9,0.278,10.0,19.4,0.515,2.9,4.9,0.595,1.8,2.9,4.7,8.7,3.3,0.3,3.0,4.0,23.6,111.0,103.0,1994,Gary Payton-1994,3.0,3rd,Guard,OKC,0.056910569105691054
1993-94,Anthony Peeler,peelean01,SG,24,LAL,30,30,923,9.6,22.3,0.43,0.8,3.4,0.222,8.8,18.9,0.46799999999999997,3.1,3.9,0.8029999999999999,2.6,3.3,5.9,5.1,2.3,0.4,3.2,5.1,23.0,100.0,111.0,1994,Anthony Peeler-1994,0.0,Not Selected,Guard,LAL,0.02981029810298103
1993-94,Mike Peplowski,peplomi01,C,23,SAC,55,19,667,5.6,10.4,0.539,0.0,0.1,0.0,5.6,10.3,0.5429999999999999,1.8,3.2,0.545,3.6,8.9,12.5,1.8,1.3,1.8,2.5,9.7,13.0,103.0,107.0,1994,Mike Peplowski-1994,0.0,Not Selected,Center,SAC,0.025293586269196026
1993-94,Will Perdue,perduwi01,C,28,CHI,43,6,397,6.2,14.7,0.42,0.0,0.1,0.0,6.2,14.6,0.423,3.0,4.2,0.7190000000000001,5.3,11.3,16.6,4.5,1.1,1.4,5.5,8.0,15.4,89.0,101.0,1994,Will Perdue-1994,0.0,Not Selected,Center,CHI,0.04968383017163505
1993-94,Sam Perkins,perkisa01,PF,32,SEA,81,41,2170,7.9,18.1,0.43799999999999994,2.3,6.3,0.36700000000000005,5.6,11.8,0.475,5.1,6.3,0.8009999999999999,2.8,5.7,8.5,2.6,1.6,0.7,2.4,4.6,23.2,115.0,104.0,1994,Sam Perkins-1994,0.0,Not Selected,Forward,OKC,0.056910569105691054
1993-94,Elliot Perry,perryel01,PG,24,PHO,27,9,432,4.8,13.0,0.37200000000000005,0.0,0.3,0.0,4.8,12.6,0.382,2.4,3.2,0.75,1.4,3.1,4.5,14.4,2.9,0.1,4.9,4.1,12.1,96.0,108.0,1994,Elliot Perry-1994,0.0,Not Selected,Guard,PHO,0.05058717253839205
1993-94,Tim Perry,perryti01,PF,28,PHI,80,68,2336,5.8,13.4,0.435,1.6,4.3,0.365,4.3,9.1,0.46799999999999997,2.2,3.8,0.58,2.5,6.2,8.7,2.0,1.3,1.8,1.7,3.3,15.4,104.0,110.0,1994,Tim Perry-1994,0.0,Not Selected,Forward,PHI,0.022583559168925023
1993-94,Chuck Person,persoch01,SF,29,MIN,77,37,2029,8.9,21.1,0.42200000000000004,2.5,6.8,0.368,6.4,14.3,0.44799999999999995,2.0,2.7,0.759,1.4,4.9,6.3,4.6,1.1,0.3,3.0,4.1,22.3,99.0,112.0,1994,Chuck Person-1994,0.0,Not Selected,Forward,MIN,0.018066847335140017
1993-94,Richard Petruška,petruri01,C,25,HOU,22,0,92,11.0,25.3,0.435,3.8,8.2,0.467,7.1,17.0,0.419,3.3,4.4,0.75,4.9,12.1,17.0,0.5,1.1,1.6,8.2,8.2,29.1,85.0,98.0,1994,Richard Petruška-1994,0.0,Not Selected,Center,HOU,0.052393857271906055
1993-94,Bobby Phills,phillbo01,SG,24,CLE,72,53,1531,8.3,17.6,0.47100000000000003,0.0,0.4,0.083,8.2,17.2,0.48,3.9,5.4,0.72,2.4,4.8,7.3,4.5,2.3,0.4,2.2,4.6,20.5,109.0,106.0,1994,Bobby Phills-1994,0.0,Not Selected,Guard,CLE,0.04245709123757904
1993-94,Ricky Pierce,piercri01,SG,34,SEA,51,0,1022,13.4,28.5,0.47100000000000003,0.3,1.6,0.188,13.1,26.9,0.488,9.3,10.4,0.8959999999999999,1.4,2.7,4.1,4.5,2.1,0.2,3.2,4.1,36.5,114.0,106.0,1994,Ricky Pierce-1994,0.0,Not Selected,Guard,OKC,0.056910569105691054
1993-94,Ed Pinckney,pincked01,PF,30,BOS,76,35,1524,5.0,9.5,0.522,0.0,0.0,0.0,5.0,9.5,0.522,3.0,4.1,0.736,5.3,10.5,15.7,2.0,1.9,1.4,2.0,4.3,13.0,116.0,105.0,1994,Ed Pinckney-1994,0.0,Not Selected,Forward,BOS,0.028906955736224028
1993-94,Scottie Pippen,pippesc01,SF,28,CHI,72,72,2759,11.9,24.2,0.491,1.2,3.7,0.32,10.7,20.5,0.522,5.1,7.7,0.66,3.3,8.6,11.9,7.6,4.0,1.1,4.4,4.3,30.0,109.0,97.0,1994,Scottie Pippen-1994,1.0,1st,Forward,CHI,0.04968383017163505
1993-94,Olden Polynice,polynol01,C,29,TOT,68,65,2402,7.2,13.8,0.523,0.0,0.0,0.0,7.2,13.8,0.524,2.0,4.0,0.508,6.2,10.7,16.9,0.9,0.9,1.4,1.6,3.9,16.5,112.0,108.0,1994,Olden Polynice-1994,0.0,Not Selected,Center,TOT,0.033333333333333326
1993-94,Terry Porter,portete01,PG,30,POR,77,34,2074,8.2,19.6,0.41600000000000004,2.6,6.6,0.39,5.6,13.0,0.43,4.8,5.5,0.872,1.1,4.0,5.0,9.4,1.9,0.4,3.9,3.1,23.7,110.0,108.0,1994,Terry Porter-1994,0.0,Not Selected,Guard,POR,0.04245709123757904
1993-94,Brent Price,pricebr01,PG,25,WSB,65,13,1035,6.8,15.8,0.433,2.4,7.3,0.33299999999999996,4.4,8.5,0.517,3.3,4.2,0.782,1.5,2.9,4.4,10.3,2.7,0.1,5.8,5.5,19.3,101.0,113.0,1994,Brent Price-1994,0.0,Not Selected,Guard,WAS,0.02168021680216802
1993-94,Mark Price,pricema01,PG,29,CLE,76,73,2386,10.5,22.1,0.478,2.6,6.5,0.397,7.9,15.5,0.511,5.2,5.9,0.888,0.9,4.1,5.0,12.9,2.3,0.2,4.1,2.0,28.9,118.0,107.0,1994,Mark Price-1994,3.0,3rd,Guard,CLE,0.04245709123757904
1993-94,Kurt Rambis,rambiku01,PF,35,LAL,50,1,635,4.7,9.0,0.518,0.0,0.1,0.0,4.7,8.9,0.522,3.6,5.6,0.648,6.7,8.3,15.0,2.5,1.7,1.8,2.1,7.0,13.0,119.0,107.0,1994,Kurt Rambis-1994,0.0,Not Selected,Forward,LAL,0.02981029810298103
1993-94,Mark Randall,randama01,PF,26,DEN,28,0,155,5.5,16.1,0.34,0.6,4.5,0.14300000000000002,4.8,11.6,0.41700000000000004,7.1,9.0,0.7859999999999999,2.9,4.2,7.1,3.5,2.6,1.0,3.2,5.8,18.7,99.0,103.0,1994,Mark Randall-1994,0.0,Not Selected,Forward,DEN,0.037940379403794036
1993-94,Dino Rađa,radjadi01,PF,26,BOS,80,47,2303,10.7,20.5,0.521,0.0,0.0,0.0,10.7,20.5,0.522,4.9,6.6,0.7509999999999999,4.2,8.4,12.6,2.5,1.5,1.5,3.2,6.0,26.3,110.0,107.0,1994,Dino Rađa-1994,0.0,Not Selected,Forward,BOS,0.028906955736224028
1993-94,J.R. Reid,reidjr01,PF,25,SAS,70,11,1344,10.3,21.0,0.491,0.0,0.1,0.0,10.3,20.9,0.493,4.2,6.1,0.6990000000000001,3.6,5.1,8.7,2.9,1.7,1.0,3.3,6.5,24.8,106.0,106.0,1994,J.R. Reid-1994,0.0,Not Selected,Forward,SAS,0.04968383017163505
1993-94,Glen Rice,ricegl01,SF,26,MIA,81,81,2999,11.3,24.2,0.467,2.3,5.9,0.382,9.1,18.3,0.494,4.3,4.8,0.88,1.3,6.1,7.4,3.1,1.9,0.5,2.2,3.2,29.1,116.0,107.0,1994,Glen Rice-1994,0.0,Not Selected,Forward,MIA,0.037940379403794036
1993-94,Pooh Richardson,richapo01,PG,27,IND,37,25,1022,8.1,17.8,0.452,0.2,0.6,0.25,7.9,17.2,0.45899999999999996,2.4,3.9,0.61,1.4,4.1,5.5,11.9,1.6,0.2,4.4,3.9,18.6,101.0,107.0,1994,Pooh Richardson-1994,0.0,Not Selected,Guard,IND,0.04245709123757904
1993-94,Mitch Richmond,richmmi01,SG,28,SAC,78,78,2897,10.8,24.3,0.445,2.2,5.3,0.40700000000000003,8.6,19.0,0.455,7.2,8.7,0.8340000000000001,1.2,3.7,4.9,5.3,1.8,0.3,3.7,3.6,31.0,109.0,111.0,1994,Mitch Richmond-1994,2.0,2nd,Guard,SAC,0.025293586269196026
1993-94,Isaiah Rider,rideris01,SG,22,MIN,79,60,2415,11.0,23.4,0.46799999999999997,1.1,3.1,0.36,9.8,20.3,0.485,4.5,5.6,0.8109999999999999,2.5,4.1,6.6,4.2,1.1,0.6,4.6,4.1,27.6,100.0,112.0,1994,Isaiah Rider-1994,0.0,Not Selected,Guard,MIN,0.018066847335140017
1993-94,Eric Riley,rileyer01,C,23,HOU,47,2,219,7.8,16.2,0.486,0.0,0.2,0.0,7.8,15.9,0.493,4.6,8.5,0.541,5.5,8.1,13.6,2.1,1.2,2.1,3.5,6.9,20.3,101.0,101.0,1994,Eric Riley-1994,0.0,Not Selected,Center,HOU,0.052393857271906055
1993-94,Doc Rivers,riverdo01,PG,32,NYK,19,19,499,5.7,13.2,0.433,2.0,5.4,0.365,3.7,7.8,0.48,1.5,2.3,0.636,0.4,3.6,4.0,10.4,2.6,0.5,3.0,4.6,14.8,110.0,99.0,1994,Doc Rivers-1994,0.0,Not Selected,Guard,NYK,0.051490514905149054
1993-94,Stanley Roberts,roberst01,C,23,LAC,14,14,350,5.9,13.8,0.43,0.0,0.0,0.0,5.9,13.8,0.43,2.5,6.1,0.409,3.7,9.1,12.8,1.5,0.8,3.4,3.3,7.4,14.3,85.0,106.0,1994,Stanley Roberts-1994,0.0,Not Selected,Center,LAC,0.024390243902439025
1993-94,Clifford Robinson,robincl02,C,27,POR,82,64,2853,10.9,23.9,0.457,0.2,0.9,0.245,10.7,23.0,0.465,6.0,7.8,0.765,2.8,6.6,9.4,2.7,2.0,1.9,2.9,4.5,28.0,107.0,104.0,1994,Clifford Robinson-1994,0.0,Not Selected,Center,POR,0.04245709123757904
1993-94,David Robinson,robinda01,C,28,SAS,80,80,3241,13.8,27.2,0.507,0.2,0.5,0.345,13.6,26.8,0.51,11.4,15.2,0.7490000000000001,4.0,10.1,14.1,6.3,2.3,4.4,4.2,3.7,39.2,119.0,98.0,1994,David Robinson-1994,2.0,2nd,Center,SAS,0.04968383017163505
1993-94,James Robinson,robinja02,PG,23,POR,58,3,673,7.5,20.6,0.365,1.7,5.3,0.315,5.8,15.3,0.382,3.2,4.8,0.672,2.5,3.2,5.6,4.9,2.2,1.1,3.8,5.0,19.9,93.0,107.0,1994,James Robinson-1994,0.0,Not Selected,Guard,POR,0.04245709123757904
1993-94,Larry Robinson,robinla01,SG,26,HOU,6,0,55,9.2,18.4,0.5,1.8,7.4,0.25,7.4,11.0,0.667,2.8,7.4,0.375,3.7,5.5,9.2,5.5,6.4,0.0,9.2,7.4,23.0,83.0,94.0,1994,Larry Robinson-1994,0.0,Not Selected,Guard,HOU,0.052393857271906055
1993-94,Rumeal Robinson,robinru01,PG,27,TOT,31,0,396,6.9,19.2,0.36200000000000004,1.0,2.5,0.4,5.9,16.7,0.35600000000000004,1.6,3.7,0.44799999999999995,0.8,3.3,4.0,8.0,2.3,0.4,5.4,6.1,16.5,80.0,108.0,1994,Rumeal Robinson-1994,0.0,Not Selected,Guard,TOT,0.033333333333333326
1993-94,Dennis Rodman,rodmade01,PF,32,SAS,79,51,2989,2.8,5.2,0.534,0.1,0.4,0.20800000000000002,2.7,4.8,0.563,0.9,1.8,0.52,8.1,16.3,24.4,3.3,0.9,0.6,2.5,4.1,6.6,116.0,100.0,1994,Dennis Rodman-1994,0.0,Not Selected,Forward,SAS,0.04968383017163505
1993-94,Rodney Rogers,rogerro01,SF,22,DEN,79,14,1406,8.5,19.4,0.439,1.2,3.3,0.38,7.2,16.1,0.45,4.5,6.7,0.672,3.2,4.8,8.0,3.6,2.2,1.7,4.7,6.9,22.7,97.0,103.0,1994,Rodney Rogers-1994,0.0,Not Selected,Forward,DEN,0.037940379403794036
1993-94,Tree Rollins,rollitr01,C,38,ORL,45,1,384,3.8,7.0,0.547,0.0,0.0,0.0,3.8,7.0,0.547,2.4,3.9,0.6,4.3,8.3,12.6,1.2,0.9,4.6,1.7,7.2,10.0,116.0,104.0,1994,Tree Rollins-1994,0.0,Not Selected,Center,ORL,0.045167118337850046
1993-94,Sean Rooks,rooksse01,C,24,DAL,47,28,1255,7.8,15.9,0.491,0.0,0.0,0.0,7.8,15.9,0.49200000000000005,6.1,8.5,0.7140000000000001,3.4,7.1,10.5,2.0,0.9,1.8,3.2,4.4,21.7,108.0,110.0,1994,Sean Rooks-1994,0.0,Not Selected,Center,DAL,0.011743450767841012
1993-94,Donald Royal,royaldo01,SF,27,ORL,74,0,1357,6.5,12.9,0.501,0.0,0.1,0.0,6.5,12.8,0.504,7.4,10.0,0.74,3.5,5.7,9.2,2.3,1.9,0.6,2.8,4.5,20.3,116.0,108.0,1994,Donald Royal-1994,0.0,Not Selected,Forward,ORL,0.045167118337850046
1993-94,Bryon Russell,russebr01,SF,23,UTA,67,48,1121,6.2,12.8,0.484,0.1,1.0,0.091,6.1,11.8,0.518,2.9,4.6,0.614,2.8,5.5,8.3,2.5,3.1,0.9,2.5,6.3,15.4,101.0,102.0,1994,Bryon Russell-1994,0.0,Not Selected,Forward,UTA,0.04787714543812105
1993-94,John Salley,sallejo01,PF,29,MIA,76,45,1910,5.6,11.7,0.47700000000000004,0.1,0.1,0.667,5.5,11.6,0.47600000000000003,4.4,6.0,0.7290000000000001,3.5,7.4,10.9,3.6,1.5,2.1,2.5,7.0,15.6,113.0,105.0,1994,John Salley-1994,0.0,Not Selected,Forward,MIA,0.037940379403794036
1993-94,Danny Schayes,schayda01,C,34,TOT,36,6,363,3.9,11.7,0.33299999999999996,0.0,0.0,0.0,3.9,11.7,0.33299999999999996,4.0,4.5,0.9059999999999999,4.3,6.7,11.0,1.8,1.4,1.4,3.2,6.3,11.9,90.0,109.0,1994,Danny Schayes-1994,0.0,Not Selected,Center,TOT,0.033333333333333326
1993-94,Steve Scheffler,schefst01,C,26,SEA,35,1,152,9.3,15.3,0.609,0.0,0.0,0.0,9.3,15.3,0.609,6.3,6.6,0.95,3.7,5.0,8.6,2.0,2.3,0.0,2.7,8.3,24.9,130.0,104.0,1994,Steve Scheffler-1994,0.0,Not Selected,Center,OKC,0.056910569105691054
1993-94,Dwayne Schintzius,schindw01,C,25,NJN,30,7,319,4.6,13.2,0.345,0.0,0.0,0.0,4.6,13.2,0.345,1.6,2.7,0.588,4.1,9.9,14.0,2.0,1.1,2.7,2.0,7.7,10.7,87.0,102.0,1994,Dwayne Schintzius-1994,0.0,Not Selected,Center,BRK,0.04065040650406504
1993-94,Detlef Schrempf,schrede01,SF,31,SEA,81,80,2728,8.2,16.7,0.493,0.4,1.3,0.324,7.8,15.4,0.507,5.5,7.2,0.769,2.7,5.7,8.4,5.1,1.4,0.2,3.2,5.0,22.4,114.0,105.0,1994,Detlef Schrempf-1994,0.0,Not Selected,Forward,OKC,0.056910569105691054
1993-94,Byron Scott,scottby01,SG,32,IND,67,2,1197,11.0,23.6,0.467,1.2,3.2,0.365,9.8,20.4,0.483,6.7,8.4,0.805,0.8,3.9,4.7,5.7,2.7,0.4,4.4,3.4,29.9,107.0,105.0,1994,Byron Scott-1994,0.0,Not Selected,Guard,IND,0.04245709123757904
1993-94,Dennis Scott,scottde01,SF,25,ORL,82,37,2283,8.5,21.0,0.405,3.4,8.6,0.39899999999999997,5.1,12.4,0.408,2.7,3.5,0.774,1.2,3.6,4.8,4.8,1.8,0.7,2.1,3.6,23.1,111.0,109.0,1994,Dennis Scott-1994,0.0,Not Selected,Forward,ORL,0.045167118337850046
1993-94,Malik Sealy,sealyma01,SF,23,IND,43,5,623,9.2,22.6,0.405,0.3,1.3,0.25,8.8,21.3,0.415,4.9,7.2,0.6779999999999999,3.6,6.2,9.7,4.0,2.6,0.7,4.2,6.9,23.5,94.0,103.0,1994,Malik Sealy-1994,0.0,Not Selected,Forward,IND,0.04245709123757904
1993-94,Rony Seikaly,seikaro01,C,28,MIA,72,60,2410,8.3,17.1,0.488,0.0,0.0,0.0,8.3,17.0,0.489,6.5,9.0,0.72,5.2,10.5,15.7,2.9,1.3,2.1,4.1,5.9,23.1,108.0,103.0,1994,Rony Seikaly-1994,0.0,Not Selected,Center,MIA,0.037940379403794036
1993-94,Brian Shaw,shawbr01,SG,27,MIA,77,52,2037,7.0,16.8,0.41700000000000004,1.8,5.4,0.33799999999999997,5.2,11.3,0.455,1.6,2.2,0.7190000000000001,2.6,6.2,8.8,9.7,1.8,0.5,4.3,4.9,17.4,103.0,107.0,1994,Brian Shaw-1994,0.0,Not Selected,Guard,MIA,0.037940379403794036
1993-94,Lionel Simmons,simmoli01,SF,25,SAC,75,74,2702,7.9,18.1,0.43799999999999994,0.1,0.3,0.353,7.8,17.8,0.439,4.6,5.9,0.777,3.1,7.2,10.2,5.6,1.9,0.9,3.3,3.4,20.6,102.0,108.0,1994,Lionel Simmons-1994,0.0,Not Selected,Forward,SAC,0.025293586269196026
1993-94,Scott Skiles,skilesc01,PG,29,ORL,82,46,2303,6.0,14.1,0.429,1.5,3.6,0.41200000000000003,4.6,10.5,0.434,4.3,4.9,0.878,0.9,3.2,4.1,11.0,1.0,0.0,4.2,3.7,17.8,111.0,112.0,1994,Scott Skiles-1994,0.0,Not Selected,Guard,ORL,0.045167118337850046
1993-94,Charles Smith,smithch01,SF,28,NYK,43,21,1105,8.2,18.6,0.44299999999999995,0.4,0.7,0.5,7.9,17.8,0.441,4.1,5.7,0.7190000000000001,3.1,4.6,7.7,2.3,1.2,2.1,3.0,6.7,20.9,101.0,100.0,1994,Charles Smith-1994,0.0,Not Selected,Forward,NYK,0.051490514905149054
1993-94,Chris Smith,smithch03,PG,23,MIN,80,16,1617,5.8,13.3,0.435,0.3,1.2,0.256,5.5,12.0,0.45299999999999996,3.0,4.4,0.674,0.5,3.4,3.8,8.9,1.2,0.6,3.2,4.1,14.8,100.0,112.0,1994,Chris Smith-1994,0.0,Not Selected,Guard,MIN,0.018066847335140017
1993-94,Doug Smith,smithdo03,PF,24,DAL,79,42,1684,8.9,20.5,0.435,0.1,0.3,0.222,8.8,20.2,0.43799999999999994,3.2,3.8,0.835,3.4,7.1,10.5,3.6,2.5,1.1,2.8,8.7,21.1,101.0,107.0,1994,Doug Smith-1994,0.0,Not Selected,Forward,DAL,0.011743450767841012
1993-94,Kenny Smith,smithke01,PG,28,HOU,78,78,2209,7.8,16.3,0.48,2.0,5.0,0.405,5.8,11.2,0.513,3.1,3.5,0.871,0.5,2.6,3.2,7.5,1.3,0.1,2.9,2.8,20.7,114.0,107.0,1994,Kenny Smith-1994,0.0,Not Selected,Guard,HOU,0.052393857271906055
1993-94,LaBradford Smith,smithla02,SG,24,TOT,66,2,877,7.0,17.2,0.405,1.2,3.4,0.35,5.8,13.8,0.419,3.5,4.7,0.75,1.9,2.8,4.7,6.1,2.2,0.3,2.8,5.4,18.7,102.0,111.0,1994,LaBradford Smith-1994,0.0,Not Selected,Guard,TOT,0.033333333333333326
1993-94,Reggie Smith,smithre01,PF,23,POR,43,9,316,4.5,11.1,0.40299999999999997,0.0,0.0,0.0,4.5,11.1,0.40299999999999997,2.8,5.8,0.474,6.1,9.1,15.2,0.6,1.8,0.9,1.8,7.2,11.7,98.0,103.0,1994,Reggie Smith-1994,0.0,Not Selected,Forward,POR,0.04245709123757904
1993-94,Steve Smith,smithst01,SG,24,MIA,78,77,2776,9.1,19.8,0.456,1.7,4.8,0.34700000000000003,7.4,15.0,0.491,5.0,6.0,0.835,2.9,3.6,6.5,7.3,1.5,0.6,3.7,4.0,24.8,114.0,109.0,1994,Steve Smith-1994,0.0,Not Selected,Guard,MIA,0.037940379403794036
1993-94,Tony Smith,smithto02,SG,25,LAL,73,31,1617,8.5,19.2,0.441,0.5,1.6,0.32,8.0,17.6,0.451,2.6,3.7,0.7140000000000001,3.3,2.8,6.1,4.6,1.8,0.4,2.4,4.0,20.1,104.0,112.0,1994,Tony Smith-1994,0.0,Not Selected,Guard,LAL,0.02981029810298103
1993-94,Rik Smits,smitsri01,C,27,IND,78,75,2113,12.0,22.5,0.534,0.0,0.0,0.0,12.0,22.5,0.535,5.8,7.3,0.7929999999999999,3.3,8.5,11.8,3.8,1.2,2.0,3.7,6.8,29.8,113.0,103.0,1994,Rik Smits-1994,0.0,Not Selected,Center,IND,0.04245709123757904
1993-94,Andre Spencer,spencan01,SF,29,TOT,28,1,349,7.3,16.6,0.441,0.0,0.0,0.0,7.3,16.6,0.441,7.7,10.8,0.7140000000000001,4.2,6.0,10.3,3.1,2.7,1.0,3.0,6.0,22.4,108.0,107.0,1994,Andre Spencer-1994,0.0,Not Selected,Forward,TOT,0.033333333333333326
1993-94,Elmore Spencer,spencel01,C,24,LAC,76,63,1930,7.2,13.5,0.5329999999999999,0.0,0.0,0.0,7.2,13.4,0.535,2.4,4.0,0.599,2.4,8.0,10.4,1.9,0.7,3.2,4.2,5.2,16.8,93.0,108.0,1994,Elmore Spencer-1994,0.0,Not Selected,Center,LAC,0.024390243902439025
1993-94,Felton Spencer,spencfe01,C,26,UTA,79,79,2210,6.0,11.8,0.505,0.0,0.0,0.0,6.0,11.8,0.505,3.8,6.3,0.607,5.5,9.9,15.3,1.0,1.0,1.6,3.0,7.1,15.8,105.0,103.0,1994,Felton Spencer-1994,0.0,Not Selected,Center,UTA,0.04787714543812105
1993-94,Latrell Sprewell,sprewla01,SG,23,GSW,82,82,3533,8.4,19.4,0.433,1.9,5.4,0.361,6.5,14.1,0.46,4.8,6.3,0.774,1.1,4.4,5.5,5.3,2.5,1.0,3.1,2.2,23.6,108.0,107.0,1994,Latrell Sprewell-1994,1.0,1st,Guard,GSW,0.045167118337850046
1993-94,John Starks,starkjo01,SG,28,NYK,59,54,2057,10.3,24.6,0.42,2.8,8.5,0.335,7.5,16.1,0.46399999999999997,4.7,6.2,0.754,0.9,3.7,4.7,8.7,2.4,0.2,4.6,4.8,28.2,104.0,100.0,1994,John Starks-1994,0.0,Not Selected,Guard,NYK,0.051490514905149054
1993-94,Larry Stewart,stewala01,SF,25,WSB,3,0,35,4.3,11.4,0.375,0.0,0.0,0.0,4.3,11.4,0.375,10.0,14.3,0.7,1.4,8.6,10.0,2.9,2.9,1.4,2.9,5.7,18.6,106.0,107.0,1994,Larry Stewart-1994,0.0,Not Selected,Forward,WAS,0.02168021680216802
1993-94,Bryant Stith,stithbr01,SG,23,DEN,82,82,2853,6.4,14.2,0.45,0.0,0.2,0.222,6.4,14.0,0.45299999999999996,5.1,6.1,0.8290000000000001,2.1,4.0,6.1,3.5,2.0,0.3,2.3,2.9,17.9,110.0,105.0,1994,Bryant Stith-1994,0.0,Not Selected,Guard,DEN,0.037940379403794036
1993-94,John Stockton,stockjo01,PG,31,UTA,82,82,2969,8.0,15.1,0.528,0.8,2.6,0.322,7.1,12.5,0.57,4.7,5.9,0.805,1.2,3.2,4.5,17.9,3.5,0.4,4.6,4.1,21.5,121.0,104.0,1994,John Stockton-1994,1.0,1st,Guard,UTA,0.04787714543812105
1993-94,Rod Strickland,stricro02,PG,27,POR,82,58,2889,8.9,18.4,0.483,0.0,0.2,0.2,8.8,18.2,0.486,5.9,7.9,0.7490000000000001,2.1,4.2,6.2,12.4,2.5,0.4,4.3,2.9,23.7,113.0,106.0,1994,Rod Strickland-1994,0.0,Not Selected,Guard,POR,0.04245709123757904
1993-94,Derek Strong,stronde01,PF,25,MIL,67,11,1131,6.3,15.3,0.413,0.1,0.6,0.231,6.2,14.7,0.42100000000000004,7.1,9.3,0.772,4.9,7.7,12.6,2.2,1.7,0.6,2.7,3.1,19.9,108.0,109.0,1994,Derek Strong-1994,0.0,Not Selected,Forward,MIL,0.018066847335140017
1993-94,Isiah Thomas,thomais01,PG,32,DET,58,56,1750,9.3,22.2,0.41700000000000004,1.1,3.7,0.31,8.1,18.6,0.43799999999999994,5.3,7.5,0.7020000000000001,1.3,3.3,4.6,11.6,2.0,0.2,5.9,3.7,24.9,97.0,113.0,1994,Isiah Thomas-1994,0.0,Not Selected,Guard,DET,0.018066847335140017
1993-94,Kevin Thompson,thompke01,C,22,POR,14,0,58,5.0,11.7,0.429,0.0,0.8,0.0,5.0,10.9,0.462,0.8,1.7,0.5,5.9,5.0,10.9,2.5,0.0,1.7,4.2,9.2,10.9,87.0,109.0,1994,Kevin Thompson-1994,0.0,Not Selected,Center,POR,0.04245709123757904
1993-94,LaSalle Thompson,thompla01,C,32,IND,30,1,282,4.9,14.1,0.35100000000000003,0.0,0.0,0.0,4.9,14.1,0.35100000000000003,2.9,5.5,0.5329999999999999,4.7,8.9,13.7,2.9,1.8,1.5,4.2,10.8,12.8,82.0,101.0,1994,LaSalle Thompson-1994,0.0,Not Selected,Center,IND,0.04245709123757904
1993-94,Otis Thorpe,thorpot01,PF,31,HOU,82,82,2909,7.8,13.9,0.561,0.0,0.0,0.0,7.8,13.9,0.562,4.4,6.6,0.657,4.7,10.4,15.1,3.3,1.1,0.5,3.2,4.4,20.0,113.0,101.0,1994,Otis Thorpe-1994,0.0,Not Selected,Forward,HOU,0.052393857271906055
1993-94,Sedale Threatt,threase01,PG,32,LAL,81,20,2278,9.1,18.8,0.48200000000000004,0.1,0.7,0.152,9.0,18.1,0.496,3.0,3.4,0.89,0.6,2.8,3.4,7.6,2.4,0.4,2.3,4.1,21.3,111.0,111.0,1994,Sedale Threatt-1994,0.0,Not Selected,Guard,LAL,0.02981029810298103
1993-94,Wayman Tisdale,tisdawa01,PF,29,SAC,79,77,2557,10.6,21.2,0.501,0.0,0.0,0.0,10.6,21.2,0.501,4.1,5.1,0.8079999999999999,3.1,7.7,10.8,2.7,0.7,1.0,2.4,5.6,25.4,109.0,110.0,1994,Wayman Tisdale-1994,0.0,Not Selected,Forward,SAC,0.025293586269196026
1993-94,Tom Tolbert,tolbeto01,SF,28,LAC,49,6,640,5.6,13.3,0.418,0.5,1.2,0.375,5.1,12.1,0.42200000000000004,2.5,3.4,0.733,2.7,5.4,8.1,2.3,1.0,1.1,2.9,4.6,14.1,93.0,111.0,1994,Tom Tolbert-1994,0.0,Not Selected,Forward,LAC,0.024390243902439025
1993-94,Sedric Toney,toneyse01,PG,31,CLE,12,0,64,1.6,9.8,0.16699999999999998,0.0,0.8,0.0,1.6,9.0,0.182,1.6,1.6,1.0,0.8,1.6,2.5,9.0,0.0,0.0,4.1,6.5,4.9,66.0,113.0,1994,Sedric Toney-1994,0.0,Not Selected,Guard,CLE,0.04245709123757904
1993-94,Keith Tower,towerke01,C,23,ORL,11,0,32,6.3,14.2,0.444,0.0,0.0,0.0,6.3,14.2,0.444,0.0,0.0,0.0,0.0,9.5,9.5,1.6,0.0,0.0,0.0,9.5,12.6,103.0,109.0,1994,Keith Tower-1994,0.0,Not Selected,Center,ORL,0.045167118337850046
1993-94,Jeff Turner,turneje01,PF,31,ORL,68,51,1536,6.5,14.0,0.467,0.6,1.8,0.327,5.9,12.2,0.488,1.1,1.5,0.778,2.6,6.3,8.9,2.0,0.8,0.4,2.5,7.8,14.8,101.0,109.0,1994,Jeff Turner-1994,0.0,Not Selected,Forward,ORL,0.045167118337850046
1993-94,Nick Van Exel,vanexni01,PG,22,LAL,81,80,2700,7.7,19.5,0.39399999999999996,2.3,6.8,0.33799999999999997,5.4,12.8,0.423,2.8,3.6,0.7809999999999999,0.9,3.6,4.4,8.7,1.6,0.1,2.7,2.9,20.5,106.0,113.0,1994,Nick Van Exel-1994,0.0,Not Selected,Guard,LAL,0.02981029810298103
1993-94,Loy Vaught,vaughlo01,PF,25,LAC,75,56,2118,8.5,15.8,0.537,0.0,0.1,0.0,8.5,15.7,0.541,3.0,4.1,0.72,5.0,10.0,14.9,1.7,1.7,0.5,2.2,5.0,20.0,113.0,106.0,1994,Loy Vaught-1994,0.0,Not Selected,Forward,LAC,0.024390243902439025
1993-94,Kenny Walker,walkeke01,SF,29,WSB,73,4,1397,4.7,9.8,0.48200000000000004,0.0,0.1,0.0,4.7,9.7,0.48700000000000004,3.1,4.5,0.696,4.2,6.1,10.4,1.2,0.9,2.1,1.6,5.6,12.6,113.0,112.0,1994,Kenny Walker-1994,0.0,Not Selected,Forward,WAS,0.02168021680216802
1993-94,Rex Walters,waltere01,SG,23,NJN,48,0,386,7.8,15.0,0.522,1.8,3.6,0.5,6.0,11.3,0.529,3.6,4.4,0.8240000000000001,0.8,4.2,4.9,9.2,2.0,0.4,3.9,5.3,21.1,117.0,107.0,1994,Rex Walters-1994,0.0,Not Selected,Guard,BRK,0.04065040650406504
1993-94,Clarence Weatherspoon,weathcl01,SF,23,PHI,82,82,3147,9.6,19.9,0.483,0.1,0.3,0.235,9.5,19.6,0.48700000000000004,4.8,6.9,0.693,4.0,9.2,13.3,3.1,1.6,1.8,3.1,2.4,24.0,105.0,107.0,1994,Clarence Weatherspoon-1994,0.0,Not Selected,Forward,PHI,0.022583559168925023
1993-94,Spud Webb,webbsp01,PG,30,SAC,79,62,2567,7.2,15.5,0.46,1.1,3.1,0.335,6.1,12.4,0.49200000000000005,3.9,4.8,0.813,0.8,3.4,4.3,10.1,1.8,0.4,3.2,3.5,19.3,111.0,111.0,1994,Spud Webb-1994,0.0,Not Selected,Guard,SAC,0.025293586269196026
1993-94,Chris Webber,webbech01,C,20,GSW,76,76,2438,11.4,20.6,0.552,0.0,0.3,0.0,11.4,20.3,0.5589999999999999,3.8,7.1,0.532,6.1,7.7,13.8,5.4,1.8,3.3,4.1,4.9,26.5,110.0,104.0,1994,Chris Webber-1994,0.0,Not Selected,Center,GSW,0.045167118337850046
1993-94,Bill Wennington,wennibi01,C,30,CHI,76,0,1371,9.0,18.4,0.488,0.0,0.1,0.0,9.0,18.3,0.49,2.7,3.4,0.818,4.5,9.0,13.4,2.7,1.6,1.1,2.9,8.2,20.6,106.0,101.0,1994,Bill Wennington-1994,0.0,Not Selected,Center,CHI,0.04968383017163505
1993-94,Matt Wenstrom,wenstma01,C,23,BOS,11,0,37,8.1,13.6,0.6,0.0,0.0,0.0,8.1,13.6,0.6,8.1,13.6,0.6,8.1,8.1,16.3,0.0,0.0,2.7,5.4,9.5,24.4,107.0,109.0,1994,Matt Wenstrom-1994,0.0,Not Selected,Center,BOS,0.028906955736224028
1993-94,David Wesley,wesleda01,PG,23,NJN,60,0,542,5.9,16.1,0.368,1.0,4.4,0.23399999999999999,4.9,11.8,0.41700000000000004,4.1,4.9,0.83,0.9,3.2,4.1,11.4,3.5,0.4,4.8,4.4,17.0,97.0,105.0,1994,David Wesley-1994,0.0,Not Selected,Guard,BRK,0.04065040650406504
1993-94,Doug West,westdo01,SG,26,MIN,72,61,2182,10.1,20.7,0.48700000000000004,0.0,0.2,0.125,10.1,20.5,0.49,4.3,5.4,0.81,1.4,4.0,5.4,4.0,1.5,0.6,3.2,5.5,24.5,104.0,111.0,1994,Doug West-1994,0.0,Not Selected,Guard,MIN,0.018066847335140017
1993-94,Mark West,westma01,C,33,PHO,82,50,1236,6.5,11.5,0.5660000000000001,0.0,0.0,0.0,6.5,11.5,0.5660000000000001,2.3,4.7,0.5,4.5,7.3,11.8,1.3,1.2,4.4,3.0,8.6,15.3,105.0,104.0,1994,Mark West-1994,0.0,Not Selected,Center,PHO,0.05058717253839205
1993-94,Ennis Whatley,whatlen01,PG,31,ATL,82,1,1004,6.1,12.0,0.508,0.0,0.3,0.0,6.1,11.7,0.522,2.6,3.3,0.7879999999999999,1.1,3.9,5.0,9.2,3.0,0.1,4.0,4.7,14.8,105.0,103.0,1994,Ennis Whatley-1994,0.0,Not Selected,Guard,ATL,0.051490514905149054
1993-94,Randy White,whitera01,PF,26,DAL,18,3,320,7.1,17.8,0.402,1.0,3.2,0.3,6.2,14.6,0.424,3.0,5.2,0.5760000000000001,4.8,8.4,13.2,1.7,1.6,1.6,2.9,7.3,18.3,96.0,108.0,1994,Randy White-1994,0.0,Not Selected,Forward,DAL,0.011743450767841012
1993-94,Chris Whitney,whitnch01,PG,22,SAS,40,4,339,3.9,12.9,0.305,1.6,4.7,0.33299999999999996,2.4,8.2,0.28800000000000003,1.9,2.4,0.8,0.8,3.8,4.6,8.3,1.7,0.2,5.8,8.3,11.3,80.0,107.0,1994,Chris Whitney-1994,0.0,Not Selected,Guard,SAS,0.04968383017163505
1993-94,Morlon Wiley,wileymo01,PG,27,TOT,16,0,158,2.9,9.3,0.31,1.0,3.2,0.3,1.9,6.1,0.316,0.0,0.0,0.0,0.0,3.2,3.2,7.4,4.8,0.0,5.5,6.8,6.8,67.0,105.0,1994,Morlon Wiley-1994,0.0,Not Selected,Guard,TOT,0.033333333333333326
1993-94,Dominique Wilkins,wilkido01,SF,34,TOT,74,74,2635,13.2,30.1,0.44,1.6,5.6,0.28800000000000003,11.6,24.5,0.474,8.4,9.9,0.847,3.4,5.7,9.1,3.2,1.7,0.6,3.3,2.4,36.4,110.0,106.0,1994,Dominique Wilkins-1994,3.0,3rd,Forward,TOT,0.033333333333333326
1993-94,Gerald Wilkins,wilkige01,SG,30,CLE,82,82,2768,8.4,18.4,0.457,1.6,4.0,0.396,6.8,14.4,0.474,3.7,4.7,0.7759999999999999,2.0,3.7,5.7,4.8,2.0,0.7,2.5,3.5,22.1,111.0,107.0,1994,Gerald Wilkins-1994,0.0,Not Selected,Guard,CLE,0.04245709123757904
1993-94,Aaron Williams,williaa01,PF,22,UTA,6,0,12,8.6,34.4,0.25,0.0,0.0,0.0,8.6,34.4,0.25,0.0,4.3,0.0,4.3,8.6,12.9,4.3,0.0,0.0,4.3,17.2,17.2,58.0,106.0,1994,Aaron Williams-1994,0.0,Not Selected,Forward,UTA,0.04787714543812105
1993-94,Buck Williams,willibu01,PF,33,POR,81,81,2636,5.4,9.7,0.555,0.0,0.0,0.0,5.4,9.6,0.556,3.7,5.5,0.679,5.8,9.7,15.5,1.5,1.1,0.9,2.0,4.4,14.4,121.0,105.0,1994,Buck Williams-1994,0.0,Not Selected,Forward,POR,0.04245709123757904
1993-94,Corey Williams,willico01,PG,23,MIN,4,0,46,5.5,14.3,0.385,0.0,1.1,0.0,5.5,13.2,0.41700000000000004,1.1,1.1,1.0,1.1,5.5,6.6,6.6,2.2,0.0,2.2,6.6,12.1,92.0,109.0,1994,Corey Williams-1994,0.0,Not Selected,Guard,MIN,0.018066847335140017
1993-94,Herb Williams,willihe01,C,35,NYK,70,3,774,6.9,15.6,0.442,0.0,0.1,0.0,6.9,15.5,0.444,1.8,2.8,0.643,3.7,8.4,12.2,1.9,1.2,2.9,2.6,7.2,15.6,96.0,97.0,1994,Herb Williams-1994,0.0,Not Selected,Center,NYK,0.051490514905149054
1993-94,Hot Rod Williams,williho01,PF,31,CLE,76,72,2660,7.8,16.2,0.478,0.0,0.0,0.0,7.8,16.2,0.478,5.0,6.8,0.728,4.1,7.2,11.3,3.8,1.5,2.6,2.7,4.3,20.5,110.0,104.0,1994,Hot Rod Williams-1994,0.0,Not Selected,Forward,CLE,0.04245709123757904
1993-94,Jayson Williams,willija01,PF,25,NJN,70,0,877,7.2,16.8,0.42700000000000005,0.0,0.0,0.0,7.2,16.8,0.42700000000000005,4.1,6.8,0.605,6.2,8.8,15.1,1.5,1.0,2.1,2.0,8.0,18.4,104.0,104.0,1994,Jayson Williams-1994,0.0,Not Selected,Forward,BRK,0.04065040650406504
1993-94,John Williams,willijo02,SF,27,LAC,34,6,725,5.4,12.5,0.431,0.3,1.3,0.25,5.1,11.2,0.452,1.6,2.4,0.667,2.5,6.0,8.4,6.4,1.7,0.7,2.3,5.7,12.7,102.0,109.0,1994,John Williams-1994,0.0,Not Selected,Forward,LAC,0.024390243902439025
1993-94,Kenny Williams,willike03,SF,24,IND,68,1,982,10.0,20.5,0.488,0.0,0.2,0.0,10.0,20.3,0.494,2.4,3.4,0.703,4.9,5.9,10.7,2.7,1.3,2.6,2.4,5.2,22.4,108.0,104.0,1994,Kenny Williams-1994,0.0,Not Selected,Forward,IND,0.04245709123757904
1993-94,Lorenzo Williams,willilo01,PF,24,TOT,38,11,716,3.5,7.8,0.445,0.0,0.1,0.0,3.5,7.7,0.45,0.9,2.0,0.429,6.7,8.6,15.4,1.8,1.3,3.3,1.6,6.5,7.8,106.0,107.0,1994,Lorenzo Williams-1994,0.0,Not Selected,Forward,TOT,0.033333333333333326
1993-94,Micheal Williams,willimi02,PG,27,MIN,71,66,2206,7.2,15.8,0.457,0.2,1.0,0.222,7.0,14.8,0.474,7.7,9.1,0.8390000000000001,1.5,3.5,5.1,11.8,2.7,0.6,4.7,4.4,22.3,111.0,109.0,1994,Micheal Williams-1994,0.0,Not Selected,Guard,MIN,0.018066847335140017
1993-94,Reggie Williams,willire01,SF,29,DEN,82,68,2654,7.9,19.1,0.41200000000000003,1.2,4.3,0.278,6.7,14.7,0.452,3.1,4.2,0.733,1.8,5.5,7.4,5.6,2.2,1.2,3.1,5.4,20.0,101.0,103.0,1994,Reggie Williams-1994,0.0,Not Selected,Forward,DEN,0.037940379403794036
1993-94,Scott Williams,willisc01,C,25,CHI,38,11,638,9.3,19.3,0.483,0.1,0.4,0.2,9.3,18.9,0.489,4.9,8.0,0.612,5.6,9.2,14.8,3.2,1.3,1.7,3.6,9.2,23.7,105.0,101.0,1994,Scott Williams-1994,0.0,Not Selected,Center,CHI,0.04968383017163505
1993-94,Walt Williams,williwa02,SF,23,SAC,57,4,1356,8.2,21.1,0.39,1.4,4.8,0.28800000000000003,6.8,16.3,0.42,5.4,8.5,0.635,2.6,6.0,8.5,4.8,1.9,0.8,5.3,7.3,23.2,90.0,109.0,1994,Walt Williams-1994,0.0,Not Selected,Forward,SAC,0.025293586269196026
1993-94,Kevin Willis,willike02,PF,31,ATL,80,80,2867,11.1,22.3,0.499,0.2,0.4,0.375,11.0,21.9,0.501,4.8,6.7,0.713,6.0,11.2,17.1,2.7,1.4,0.7,3.3,4.4,27.2,110.0,100.0,1994,Kevin Willis-1994,0.0,Not Selected,Forward,ATL,0.051490514905149054
1993-94,Trevor Wilson,wilsotr01,PF,25,TOT,57,13,1221,7.6,15.7,0.48200000000000004,0.0,0.1,0.0,7.6,15.6,0.484,3.7,6.7,0.5539999999999999,4.8,6.2,11.0,2.9,1.5,0.4,3.8,5.0,18.8,98.0,110.0,1994,Trevor Wilson-1994,0.0,Not Selected,Forward,TOT,0.033333333333333326
1993-94,David Wingate,wingada01,SG,30,CHH,50,36,1005,6.7,13.9,0.48100000000000004,0.2,0.6,0.33299999999999996,6.5,13.3,0.48700000000000004,1.7,2.5,0.667,1.5,5.1,6.6,5.1,2.1,0.3,2.6,4.2,15.2,101.0,110.0,1994,David Wingate-1994,0.0,Not Selected,Guard,CHO,0.037037037037037035
1993-94,David Wood,woodda01,PF,29,DET,78,3,1182,5.1,11.2,0.45899999999999996,0.9,2.1,0.449,4.2,9.1,0.462,2.7,3.5,0.7559999999999999,4.5,5.8,10.3,2.2,1.7,0.8,1.5,8.7,13.9,117.0,111.0,1994,David Wood-1994,0.0,Not Selected,Forward,DET,0.018066847335140017
1993-94,Randy Woods,woodsra01,PG,23,LAC,40,0,352,6.7,18.2,0.368,3.7,10.7,0.34600000000000003,3.0,7.5,0.4,2.7,4.8,0.5710000000000001,1.8,2.2,4.0,9.7,3.3,0.3,4.7,5.5,19.9,98.0,109.0,1994,Randy Woods-1994,0.0,Not Selected,Guard,LAC,0.024390243902439025
1993-94,Orlando Woolridge,woolror01,SF,34,PHI,74,1,1955,9.3,19.8,0.47100000000000003,0.0,0.4,0.071,9.3,19.5,0.478,5.3,7.8,0.6890000000000001,2.6,5.0,7.6,3.6,1.1,1.4,3.6,4.8,24.0,100.0,112.0,1994,Orlando Woolridge-1994,0.0,Not Selected,Forward,PHI,0.022583559168925023
1993-94,Haywoode Workman,workmha01,PG,28,IND,65,52,1714,5.9,13.8,0.424,0.5,1.7,0.321,5.3,12.1,0.43799999999999994,2.8,3.5,0.802,1.0,5.2,6.1,12.1,2.6,0.1,4.5,4.6,15.0,101.0,104.0,1994,Haywoode Workman-1994,0.0,Not Selected,Guard,IND,0.04245709123757904
1993-94,James Worthy,worthja01,SF,32,LAL,80,2,1597,10.7,26.4,0.406,1.0,3.5,0.28800000000000003,9.7,22.9,0.424,3.1,4.3,0.741,1.5,4.2,5.7,4.8,1.4,0.6,3.1,2.5,25.6,96.0,112.0,1994,James Worthy-1994,0.0,Not Selected,Forward,LAL,0.02981029810298103
1993-94,Luther Wright,wrighlu01,C,22,UTA,15,2,92,4.5,12.9,0.348,0.0,0.6,0.0,4.5,12.3,0.364,1.7,2.2,0.75,3.4,2.2,5.6,0.0,0.6,1.1,3.4,11.8,10.6,75.0,109.0,1994,Luther Wright-1994,0.0,Not Selected,Center,UTA,0.04787714543812105
1994-95,Alaa Abdelnaby,abdelal01,PF,26,TOT,54,0,506,12.1,23.8,0.511,0.0,0.2,0.0,12.1,23.5,0.515,2.1,3.6,0.5710000000000001,3.8,7.9,11.7,1.3,1.5,1.2,4.6,10.7,26.3,94.0,105.0,1995,Alaa Abdelnaby-1995,0.0,Not Selected,Forward,TOT,0.03333333333333333
1994-95,Mahmoud Abdul-Rauf,abdulma02,PG,25,DEN,73,43,2082,11.9,25.3,0.47,2.1,5.4,0.386,9.8,19.9,0.49200000000000005,3.5,3.9,0.885,0.8,2.6,3.5,6.6,1.9,0.2,3.0,3.2,29.4,112.0,112.0,1995,Mahmoud Abdul-Rauf-1995,0.0,Not Selected,Guard,DEN,0.037037037037037035
1994-95,Michael Adams,adamsmi01,PG,32,CHH,29,0,443,8.0,17.6,0.45299999999999996,3.4,9.6,0.358,4.5,8.0,0.5670000000000001,3.0,3.6,0.833,0.7,2.7,3.4,11.3,2.7,0.1,3.1,4.9,22.3,119.0,107.0,1995,Michael Adams-1995,0.0,Not Selected,Guard,CHO,0.045167118337850046
1994-95,Rafael Addison,addisra01,SF,30,DET,79,16,1776,8.1,17.0,0.47600000000000003,0.7,2.4,0.289,7.4,14.6,0.507,2.1,2.9,0.747,1.9,5.1,7.0,3.2,1.5,0.7,2.2,6.8,19.0,105.0,114.0,1995,Rafael Addison-1995,0.0,Not Selected,Forward,DET,0.025293586269196026
1994-95,Danny Ainge,aingeda01,SG,35,PHO,74,1,1374,7.1,15.4,0.46,2.8,7.8,0.364,4.2,7.6,0.5579999999999999,3.8,4.7,0.8079999999999999,0.9,3.1,4.0,7.6,1.7,0.3,2.9,5.6,20.8,119.0,113.0,1995,Danny Ainge-1995,0.0,Not Selected,Guard,PHO,0.053297199638663056
1994-95,Victor Alexander,alexavi01,C,25,GSW,50,29,1237,9.1,17.7,0.515,0.2,1.0,0.24,8.9,16.7,0.531,1.4,2.4,0.6,3.4,8.1,11.5,2.4,1.1,1.1,3.0,5.7,19.9,102.0,111.0,1995,Victor Alexander-1995,0.0,Not Selected,Center,GSW,0.023486901535682024
1994-95,Derrick Alston,alstode01,C,22,PHI,64,1,1032,6.1,13.2,0.465,0.0,0.2,0.0,6.1,13.0,0.47200000000000003,3.0,6.1,0.49200000000000005,5.0,6.2,11.2,1.7,2.0,1.8,2.7,5.5,15.3,99.0,109.0,1995,Derrick Alston-1995,0.0,Not Selected,Center,PHI,0.02168021680216802
1994-95,Greg Anderson,andergr01,PF,30,ATL,51,0,622,4.9,8.9,0.5479999999999999,0.0,0.0,0.0,4.9,8.9,0.5479999999999999,2.9,6.1,0.479,5.3,10.8,16.1,1.5,2.0,2.7,2.7,8.8,12.7,105.0,100.0,1995,Greg Anderson-1995,0.0,Not Selected,Forward,ATL,0.037940379403794036
1994-95,Kenny Anderson,anderke01,PG,24,NJN,72,70,2689,8.0,19.9,0.39899999999999997,1.9,5.7,0.33,6.1,14.3,0.426,6.7,8.0,0.841,1.4,3.4,4.8,13.2,2.0,0.3,4.4,3.6,24.5,112.0,111.0,1995,Kenny Anderson-1995,0.0,Not Selected,Guard,BRK,0.02710027100271003
1994-95,Nick Anderson,anderni01,SG,27,ORL,76,76,2588,8.6,18.0,0.47600000000000003,3.5,8.4,0.415,5.1,9.6,0.528,2.8,4.0,0.7040000000000001,1.7,4.9,6.5,6.1,2.4,0.4,2.7,2.4,23.4,119.0,108.0,1995,Nick Anderson-1995,0.0,Not Selected,Guard,ORL,0.051490514905149054
1994-95,Willie Anderson,anderwi01,SG,28,SAS,38,11,556,6.9,14.8,0.469,0.3,1.7,0.158,6.7,13.0,0.51,2.7,3.7,0.732,1.4,3.7,5.0,4.7,2.4,0.9,3.5,6.5,16.9,99.0,106.0,1995,Willie Anderson-1995,0.0,Not Selected,Guard,SAS,0.05600722673893405
1994-95,Greg Anthony,anthogr01,PG,27,NYK,61,2,943,7.1,16.4,0.43700000000000006,3.1,8.7,0.361,4.0,7.7,0.522,3.4,4.2,0.789,0.4,3.2,3.6,8.9,2.8,0.4,3.2,5.5,20.8,113.0,104.0,1995,Greg Anthony-1995,0.0,Not Selected,Guard,NYK,0.04968383017163505
1994-95,B.J. Armstrong,armstbj01,PG,27,CHI,82,82,2577,8.5,18.1,0.46799999999999997,2.2,5.1,0.42700000000000005,6.3,13.0,0.484,4.2,4.7,0.884,0.5,3.3,3.8,4.9,1.7,0.2,2.1,3.2,23.3,119.0,108.0,1995,B.J. Armstrong-1995,0.0,Not Selected,Guard,CHI,0.04245709123757904
1994-95,Darrell Armstrong,armstda01,PG,26,ORL,3,0,8,18.9,50.5,0.375,12.6,37.9,0.33299999999999996,6.3,12.6,0.5,12.6,12.6,1.0,6.3,0.0,6.3,18.9,6.3,0.0,6.3,18.9,63.1,127.0,103.0,1995,Darrell Armstrong-1995,0.0,Not Selected,Guard,ORL,0.051490514905149054
1994-95,Vincent Askew,askewvi01,SG,28,SEA,71,1,1721,7.2,14.7,0.49200000000000005,0.9,2.7,0.33,6.3,12.0,0.529,5.1,7.0,0.7390000000000001,1.9,3.4,5.3,5.1,1.4,0.4,2.5,5.6,20.5,118.0,111.0,1995,Vincent Askew-1995,0.0,Not Selected,Guard,OKC,0.051490514905149054
1994-95,Keith Askins,askinke01,SF,27,MIA,50,5,854,4.9,12.5,0.391,1.3,4.7,0.26899999999999996,3.6,7.8,0.465,2.8,3.4,0.807,5.2,6.8,12.0,2.4,2.1,1.0,1.5,6.6,13.9,114.0,108.0,1995,Keith Askins-1995,0.0,Not Selected,Forward,MIA,0.028906955736224028
1994-95,Stacey Augmon,augmost01,SG,26,ATL,76,76,2362,9.0,19.8,0.45299999999999996,0.2,0.6,0.26899999999999996,8.8,19.2,0.45899999999999996,5.7,7.8,0.728,3.6,4.8,8.3,4.5,2.3,1.1,3.4,3.7,23.8,106.0,106.0,1995,Stacey Augmon-1995,0.0,Not Selected,Guard,ATL,0.037940379403794036
1994-95,Anthony Avent,aventan01,PF,25,ORL,71,3,1066,5.0,11.6,0.43,0.0,0.0,0.0,5.0,11.6,0.43,2.3,3.6,0.64,4.6,9.3,13.9,1.9,1.3,2.4,2.5,8.0,12.2,100.0,105.0,1995,Anthony Avent-1995,0.0,Not Selected,Forward,ORL,0.051490514905149054
1994-95,Vin Baker,bakervi01,PF,23,MIL,82,82,3361,9.2,18.9,0.483,0.1,0.4,0.292,9.0,18.6,0.48700000000000004,3.9,6.7,0.593,4.5,8.6,13.0,4.6,1.3,1.8,3.4,4.3,22.4,106.0,109.0,1995,Vin Baker-1995,0.0,Not Selected,Forward,MIL,0.03071364046973803
1994-95,Charles Barkley,barklch01,PF,31,PHO,68,66,2382,11.6,24.0,0.486,1.6,4.6,0.33799999999999997,10.1,19.4,0.521,8.0,10.6,0.748,4.3,11.6,15.9,5.8,2.3,0.9,3.2,4.2,32.8,119.0,105.0,1995,Charles Barkley-1995,2.0,2nd,Forward,PHO,0.053297199638663056
1994-95,Dana Barros,barroda01,PG,27,PHI,82,82,3318,9.1,18.5,0.49,3.1,6.8,0.46399999999999997,5.9,11.8,0.505,5.5,6.1,0.899,0.4,3.9,4.4,9.8,2.4,0.1,3.8,2.5,26.8,124.0,111.0,1995,Dana Barros-1995,0.0,Not Selected,Guard,PHI,0.02168021680216802
1994-95,Jon Barry,barryjo01,SG,25,MIL,52,0,602,4.9,11.5,0.425,1.4,4.1,0.33299999999999996,3.5,7.4,0.47700000000000004,5.2,6.9,0.763,1.3,2.9,4.2,7.3,2.6,0.3,3.5,4.6,16.4,111.0,112.0,1995,Jon Barry-1995,0.0,Not Selected,Guard,MIL,0.03071364046973803
1994-95,John Battle,battljo01,SG,32,CLE,28,0,280,8.7,23.0,0.377,2.2,6.3,0.355,6.5,16.8,0.386,3.8,5.3,0.731,0.6,1.6,2.2,7.5,1.6,0.2,3.4,5.7,23.4,98.0,109.0,1995,John Battle-1995,0.0,Not Selected,Guard,CLE,0.03884372177055104
1994-95,Sergei Bazarevich,bazarse01,PG,29,ATL,10,0,74,7.9,15.9,0.5,0.7,4.3,0.16699999999999998,7.2,11.6,0.625,5.1,6.5,0.778,0.7,4.3,5.1,10.1,0.7,0.7,5.1,7.2,21.7,109.0,109.0,1995,Sergei Bazarevich-1995,0.0,Not Selected,Guard,ATL,0.037940379403794036
1994-95,Benoit Benjamin,benjabe01,C,30,NJN,61,57,1598,8.8,17.3,0.51,0.0,0.0,0.0,8.8,17.3,0.51,4.3,5.7,0.76,3.1,11.3,14.3,1.2,0.7,2.1,4.1,4.9,22.0,100.0,106.0,1995,Benoit Benjamin-1995,0.0,Not Selected,Center,BRK,0.02710027100271003
1994-95,Elmer Bennett,benneel01,PG,24,CLE,4,0,18,18.9,34.6,0.545,0.0,6.3,0.0,18.9,28.3,0.667,9.4,12.6,0.75,0.0,3.1,3.1,9.4,12.6,0.0,9.4,9.4,47.2,102.0,85.0,1995,Elmer Bennett-1995,0.0,Not Selected,Guard,CLE,0.03884372177055104
1994-95,Tony Bennett,benneto01,PG,25,CHH,3,0,46,6.9,14.9,0.462,2.3,10.3,0.222,4.6,4.6,1.0,0.0,0.0,0.0,0.0,2.3,2.3,4.6,0.0,0.0,3.4,6.9,16.0,94.0,114.0,1995,Tony Bennett-1995,0.0,Not Selected,Guard,CHO,0.045167118337850046
1994-95,David Benoit,benoida01,SF,26,UTA,71,67,1841,8.0,16.5,0.486,1.1,3.2,0.33,7.0,13.3,0.523,3.7,4.4,0.841,2.7,7.7,10.4,1.6,1.3,1.3,2.1,5.2,20.8,112.0,106.0,1995,David Benoit-1995,0.0,Not Selected,Forward,UTA,0.05420054200542006
1994-95,James Blackwell,blackja01,PG,26,TOT,13,0,80,5.1,8.4,0.615,0.0,0.0,0.0,5.1,8.4,0.615,1.3,1.9,0.667,1.3,5.8,7.1,7.1,2.6,0.0,3.2,5.1,11.6,112.0,109.0,1995,James Blackwell-1995,0.0,Not Selected,Guard,TOT,0.03333333333333333
1994-95,Mookie Blaylock,blaylmo01,PG,27,ATL,80,80,3069,8.9,20.9,0.425,3.5,9.7,0.359,5.4,11.2,0.48200000000000004,2.7,3.7,0.7290000000000001,2.0,4.8,6.8,10.7,3.5,0.5,4.2,2.9,23.9,110.0,104.0,1995,Mookie Blaylock-1995,0.0,Not Selected,Guard,ATL,0.037940379403794036
1994-95,Corie Blount,blounco01,PF,26,CHI,68,9,889,5.9,12.3,0.47600000000000003,0.0,0.1,0.0,5.9,12.2,0.48100000000000004,2.2,3.9,0.5670000000000001,6.3,7.8,14.1,3.5,1.5,1.9,3.5,8.6,14.0,103.0,103.0,1995,Corie Blount-1995,0.0,Not Selected,Forward,CHI,0.04245709123757904
1994-95,Muggsy Bogues,boguemu01,PG,30,CHH,78,78,2629,7.0,14.6,0.47700000000000004,0.1,0.6,0.2,6.8,14.0,0.489,3.2,3.6,0.889,1.0,4.1,5.1,13.5,2.1,0.0,2.6,3.0,17.3,119.0,108.0,1995,Muggsy Bogues-1995,0.0,Not Selected,Guard,CHO,0.045167118337850046
1994-95,Manute Bol,bolma01,C,32,GSW,5,2,81,3.6,6.1,0.6,1.8,3.0,0.6,1.8,3.0,0.6,0.0,0.0,0.0,0.6,6.7,7.3,0.0,0.0,5.4,0.6,6.1,9.1,134.0,111.0,1995,Manute Bol-1995,0.0,Not Selected,Center,GSW,0.023486901535682024
1994-95,Walter Bond,bondwa01,SG,25,TOT,23,0,290,7.0,15.0,0.46399999999999997,2.7,7.3,0.366,4.3,7.7,0.5579999999999999,2.5,3.6,0.7,1.4,4.3,5.7,4.3,1.1,0.7,3.0,8.4,19.1,107.0,110.0,1995,Walter Bond-1995,0.0,Not Selected,Guard,TOT,0.03333333333333333
1994-95,Anthony Bonner,bonnean01,PF,26,NYK,58,23,1126,4.1,9.0,0.456,0.0,0.2,0.2,4.1,8.8,0.46299999999999997,2.1,3.1,0.657,5.3,7.0,12.3,3.7,2.2,1.1,3.7,7.4,10.3,98.0,102.0,1995,Anthony Bonner-1995,0.0,Not Selected,Forward,NYK,0.04968383017163505
1994-95,Anthony Bowie,bowiean01,SG,31,ORL,77,4,1261,7.1,14.8,0.48,0.5,1.6,0.3,6.6,13.2,0.502,2.4,2.9,0.836,2.2,3.4,5.6,6.4,1.9,0.8,3.4,5.5,17.1,107.0,110.0,1995,Anthony Bowie-1995,0.0,Not Selected,Guard,ORL,0.051490514905149054
1994-95,Sam Bowie,bowiesa01,C,33,LAL,67,10,1225,4.9,11.0,0.442,0.1,0.5,0.182,4.8,10.5,0.45299999999999996,2.8,3.7,0.764,3.0,8.9,11.9,4.9,0.9,3.3,3.7,7.5,12.6,97.0,107.0,1995,Sam Bowie-1995,0.0,Not Selected,Center,LAL,0.04336043360433604
1994-95,Shawn Bradley,bradlsh01,C,22,PHI,82,59,2365,7.0,15.5,0.455,0.0,0.1,0.0,7.0,15.4,0.457,3.3,5.2,0.638,5.4,9.3,14.7,1.2,1.2,6.1,3.2,7.5,17.3,99.0,104.0,1995,Shawn Bradley-1995,0.0,Not Selected,Center,PHI,0.02168021680216802
1994-95,Terrell Brandon,brandte01,PG,24,CLE,67,41,1961,9.8,22.0,0.44799999999999995,1.4,3.5,0.397,8.5,18.5,0.457,4.6,5.4,0.855,1.0,4.4,5.4,10.5,3.1,0.4,4.2,3.4,25.7,108.0,104.0,1995,Terrell Brandon-1995,0.0,Not Selected,Guard,CLE,0.03884372177055104
1994-95,Tim Breaux,breauti01,SF,24,HOU,42,2,340,6.7,18.1,0.37200000000000005,0.9,3.7,0.24,5.8,14.4,0.406,4.8,7.3,0.653,2.4,2.7,5.1,2.2,1.6,0.6,2.4,3.7,19.2,94.0,112.0,1995,Tim Breaux-1995,0.0,Not Selected,Forward,HOU,0.04245709123757904
1994-95,Scott Brooks,brooksc01,PG,29,TOT,59,0,808,7.9,17.3,0.45799999999999996,1.6,4.3,0.36200000000000004,6.3,12.9,0.49,4.0,5.0,0.81,0.9,3.3,4.1,7.3,2.1,0.3,3.0,3.5,21.4,115.0,111.0,1995,Scott Brooks-1995,0.0,Not Selected,Guard,TOT,0.03333333333333333
1994-95,Chucky Brown,brownch01,SF,26,HOU,41,14,814,6.6,10.9,0.603,0.1,0.2,0.33299999999999996,6.5,10.7,0.608,2.4,3.9,0.613,4.0,7.8,11.8,1.9,0.7,0.9,1.8,6.6,15.6,121.0,109.0,1995,Chucky Brown-1995,0.0,Not Selected,Forward,HOU,0.04245709123757904
1994-95,Dee Brown,brownde01,SG,26,BOS,79,69,2792,8.0,17.9,0.447,2.3,6.0,0.385,5.7,11.9,0.478,4.3,5.1,0.852,1.2,3.4,4.6,5.5,2.0,0.9,2.7,3.3,22.6,116.0,112.0,1995,Dee Brown-1995,0.0,Not Selected,Guard,BOS,0.031616982836495035
1994-95,Mike Brown,brownmi01,C,31,MIN,27,0,213,2.5,9.9,0.25,0.0,0.2,0.0,2.5,9.6,0.256,3.7,6.7,0.556,2.2,8.9,11.1,2.5,1.7,0.0,3.9,8.6,8.6,68.0,110.0,1995,Mike Brown-1995,0.0,Not Selected,Center,MIN,0.018970189701897018
1994-95,P.J. Brown,brownpj01,C,25,NJN,80,63,2466,5.4,12.0,0.446,0.1,0.5,0.16699999999999998,5.3,11.5,0.45799999999999996,2.9,4.4,0.6709999999999999,3.8,6.5,10.3,2.8,1.5,2.8,1.7,5.5,13.7,108.0,107.0,1995,P.J. Brown-1995,0.0,Not Selected,Center,BRK,0.02710027100271003
1994-95,Randy Brown,brownra02,PG,26,SAC,67,2,1086,5.9,13.7,0.43200000000000005,0.7,2.2,0.298,5.3,11.5,0.45799999999999996,2.6,3.9,0.6709999999999999,1.1,4.0,5.2,6.4,4.7,0.9,3.7,7.3,15.2,97.0,102.0,1995,Randy Brown-1995,0.0,Not Selected,Guard,SAC,0.03523035230352303
1994-95,Mark Bryant,bryanma01,PF,29,POR,49,0,658,7.9,14.9,0.526,0.1,0.2,0.5,7.8,14.8,0.526,3.2,4.9,0.6509999999999999,4.3,8.2,12.5,2.2,1.5,1.2,3.0,8.5,19.0,109.0,105.0,1995,Mark Bryant-1995,0.0,Not Selected,Forward,POR,0.03974706413730804
1994-95,Jud Buechler,buechju01,SF,26,CHI,57,0,605,7.8,15.8,0.49200000000000005,1.3,4.1,0.313,6.5,11.6,0.556,1.9,3.4,0.564,3.1,5.3,8.4,4.3,2.1,1.0,2.6,5.5,18.7,110.0,105.0,1995,Jud Buechler-1995,0.0,Not Selected,Forward,CHI,0.04245709123757904
1994-95,Scott Burrell,burresc01,SF,24,CHH,65,62,2014,7.2,15.5,0.467,2.5,6.1,0.409,4.7,9.4,0.506,2.6,3.8,0.6940000000000001,2.5,7.1,9.6,4.2,2.0,1.0,2.2,4.9,19.6,113.0,105.0,1995,Scott Burrell-1995,0.0,Not Selected,Forward,CHO,0.045167118337850046
1994-95,Willie Burton,burtowi01,SF,26,PHI,53,31,1564,8.2,20.4,0.401,3.6,9.3,0.385,4.6,11.2,0.414,7.4,9.0,0.8240000000000001,1.7,3.9,5.5,3.2,1.1,0.6,4.1,5.6,27.4,109.0,113.0,1995,Willie Burton-1995,0.0,Not Selected,Forward,PHI,0.02168021680216802
1994-95,Mitchell Butler,butlemi02,SG,24,WSB,76,5,1554,7.0,16.6,0.42100000000000004,1.5,4.6,0.326,5.5,12.0,0.45799999999999996,4.0,6.0,0.665,1.4,4.2,5.6,3.0,2.0,0.3,3.5,5.1,19.5,97.0,112.0,1995,Mitchell Butler-1995,0.0,Not Selected,Guard,WAS,0.018970189701897018
1994-95,Michael Cage,cagemi01,C,33,CLE,82,21,2040,4.9,9.4,0.521,0.0,0.1,0.0,4.9,9.4,0.524,1.5,2.4,0.602,5.6,10.0,15.6,1.6,1.7,1.9,1.6,4.1,11.3,115.0,102.0,1995,Michael Cage-1995,0.0,Not Selected,Center,CLE,0.03884372177055104
1994-95,Adrian Caldwell,caldwad01,PF,28,HOU,7,0,30,1.7,6.8,0.25,0.0,0.0,0.0,1.7,6.8,0.25,5.1,10.2,0.5,1.7,15.3,17.0,0.0,1.7,0.0,1.7,10.2,8.5,79.0,102.0,1995,Adrian Caldwell-1995,0.0,Not Selected,Forward,HOU,0.04245709123757904
1994-95,Elden Campbell,campbel01,PF,26,LAL,73,59,2076,8.7,19.1,0.45899999999999996,0.0,0.0,0.0,8.7,19.0,0.45899999999999996,4.7,7.0,0.6659999999999999,4.1,6.7,10.8,2.2,1.7,3.2,2.4,6.0,22.2,105.0,108.0,1995,Elden Campbell-1995,0.0,Not Selected,Forward,LAL,0.04336043360433604
1994-95,Tony Campbell,campbto01,SF,32,CLE,78,0,1128,8.1,19.7,0.41100000000000003,0.8,2.1,0.35700000000000004,7.3,17.6,0.41700000000000004,6.6,8.0,0.83,3.0,4.7,7.7,3.5,1.6,0.4,3.3,6.1,23.5,105.0,107.0,1995,Tony Campbell-1995,0.0,Not Selected,Forward,CLE,0.03884372177055104
1994-95,Antoine Carr,carran01,C,33,UTA,78,4,1677,9.0,16.9,0.531,0.0,0.1,0.25,8.9,16.7,0.5329999999999999,5.1,6.2,0.821,2.5,5.7,8.2,2.1,0.7,2.1,2.7,7.8,23.1,113.0,108.0,1995,Antoine Carr-1995,0.0,Not Selected,Center,UTA,0.05420054200542006
1994-95,Bill Cartwright,cartwbi01,C,37,SEA,29,19,430,3.2,8.1,0.391,0.0,0.0,0.0,3.2,8.1,0.391,1.8,2.8,0.625,2.9,7.2,10.2,1.2,0.7,0.4,2.1,8.2,8.1,91.0,109.0,1995,Bill Cartwright-1995,0.0,Not Selected,Center,OKC,0.051490514905149054
1994-95,Sam Cassell,cassesa01,PG,25,HOU,82,1,1882,6.9,16.1,0.42700000000000005,1.7,5.2,0.33,5.1,10.9,0.473,5.8,6.9,0.843,1.0,4.7,5.7,11.0,2.5,0.4,4.5,5.7,21.2,111.0,108.0,1995,Sam Cassell-1995,0.0,Not Selected,Guard,HOU,0.04245709123757904
1994-95,Duane Causwell,causwdu01,C,26,SAC,58,24,820,4.8,9.3,0.517,0.0,0.1,0.0,4.8,9.3,0.521,3.6,6.2,0.5820000000000001,3.6,7.4,11.0,1.0,0.9,5.1,2.1,9.3,13.2,108.0,104.0,1995,Duane Causwell-1995,0.0,Not Selected,Center,SAC,0.03523035230352303
1994-95,Cedric Ceballos,cebalce01,SF,25,LAL,58,54,2029,12.4,24.3,0.509,1.4,3.6,0.397,10.9,20.7,0.528,5.2,7.3,0.716,4.2,7.3,11.5,2.6,1.5,0.5,3.6,3.3,31.3,111.0,110.0,1995,Cedric Ceballos-1995,0.0,Not Selected,Forward,LAL,0.04336043360433604
1994-95,Tom Chambers,chambto01,PF,35,UTA,81,4,1240,8.1,17.8,0.457,0.2,1.0,0.16699999999999998,8.0,16.8,0.474,4.6,5.6,0.807,2.8,6.1,8.9,3.1,1.0,1.3,2.2,7.2,21.0,108.0,108.0,1995,Tom Chambers-1995,0.0,Not Selected,Forward,UTA,0.05420054200542006
1994-95,Rex Chapman,chapmre01,SG,27,WSB,45,29,1468,8.8,22.1,0.397,3.0,9.5,0.314,5.8,12.6,0.46,4.7,5.5,0.862,0.8,3.1,3.9,4.4,2.3,0.5,2.1,2.9,25.3,109.0,113.0,1995,Rex Chapman-1995,0.0,Not Selected,Guard,WAS,0.018970189701897018
1994-95,Calbert Cheaney,cheanca01,SG,23,WSB,78,71,2651,9.8,21.6,0.45299999999999996,1.8,5.4,0.33899999999999997,8.0,16.2,0.49200000000000005,3.3,4.1,0.812,2.0,4.1,6.1,3.4,1.5,0.4,2.9,4.1,24.8,106.0,113.0,1995,Calbert Cheaney-1995,0.0,Not Selected,Guard,WAS,0.018970189701897018
1994-95,Pete Chilcutt,chilcpe01,PF,26,HOU,68,17,1347,5.5,12.4,0.445,1.3,3.3,0.40700000000000003,4.2,9.2,0.45899999999999996,1.2,1.6,0.738,4.0,8.0,12.0,2.5,0.9,1.6,2.3,4.4,13.5,105.0,108.0,1995,Pete Chilcutt-1995,0.0,Not Selected,Forward,HOU,0.04245709123757904
1994-95,Chris Childs,childch01,PG,27,NJN,53,11,1021,5.4,14.2,0.38,2.1,6.4,0.32799999999999996,3.3,7.8,0.42200000000000004,2.8,3.7,0.753,0.7,2.8,3.5,11.2,2.1,0.2,3.9,5.9,15.7,104.0,111.0,1995,Chris Childs-1995,0.0,Not Selected,Guard,BRK,0.02710027100271003
1994-95,Doug Christie,chrisdo01,SG,24,NYK,12,0,79,3.3,14.7,0.22699999999999998,0.7,4.7,0.14300000000000002,2.7,10.0,0.267,2.7,3.3,0.8,2.0,6.7,8.7,5.3,1.3,0.7,8.7,12.0,10.0,57.0,104.0,1995,Doug Christie-1995,0.0,Not Selected,Guard,NYK,0.04968383017163505
1994-95,Derrick Coleman,colemde01,PF,27,NJN,56,54,2103,9.2,21.6,0.424,0.7,3.0,0.233,8.5,18.7,0.45399999999999996,9.3,12.1,0.767,4.1,10.5,14.6,4.6,0.9,2.3,4.3,4.0,28.3,107.0,106.0,1995,Derrick Coleman-1995,0.0,Not Selected,Forward,BRK,0.02710027100271003
1994-95,Bimbo Coles,colesbi01,PG,26,MIA,68,65,2207,6.1,14.2,0.43,0.4,1.8,0.21100000000000002,5.7,12.4,0.461,3.3,4.1,0.81,1.1,3.4,4.5,9.7,2.3,0.3,3.7,4.3,15.9,105.0,111.0,1995,Bimbo Coles-1995,0.0,Not Selected,Guard,MIA,0.028906955736224028
1994-95,Steve Colter,coltest01,PG,32,CLE,57,7,752,5.0,12.7,0.396,0.6,2.6,0.22899999999999998,4.4,10.1,0.44,4.1,5.3,0.7609999999999999,1.0,3.5,4.4,7.6,2.3,0.5,2.7,4.0,14.8,105.0,106.0,1995,Steve Colter-1995,0.0,Not Selected,Guard,CLE,0.03884372177055104
1994-95,Marty Conlon,conloma01,C,27,MIL,82,3,2064,8.6,16.2,0.532,0.2,0.7,0.276,8.4,15.5,0.544,3.0,4.9,0.613,4.0,6.7,10.7,2.8,1.1,0.5,3.1,5.5,20.4,108.0,112.0,1995,Marty Conlon-1995,0.0,Not Selected,Center,MIL,0.03071364046973803
1994-95,Lester Conner,connele01,SG,35,LAL,2,0,5,0.0,0.0,0.0,0.0,0.0,0.0,0.0,0.0,0.0,20.2,20.2,1.0,0.0,0.0,0.0,0.0,10.1,0.0,0.0,30.3,20.2,250.0,96.0,1995,Lester Conner-1995,0.0,Not Selected,Guard,LAL,0.04336043360433604
1994-95,Tyrone Corbin,corbity01,SF,32,ATL,81,4,1389,7.9,17.8,0.442,0.5,2.2,0.25,7.3,15.7,0.46799999999999997,3.0,4.4,0.684,3.8,6.3,10.1,2.6,2.1,0.6,2.8,6.2,19.3,101.0,105.0,1995,Tyrone Corbin-1995,0.0,Not Selected,Forward,ATL,0.037940379403794036
1994-95,John Crotty,crottjo01,PG,25,UTA,80,0,1019,4.7,11.7,0.40299999999999997,0.6,1.8,0.306,4.2,9.9,0.42100000000000004,5.0,6.2,0.81,1.4,3.6,4.9,10.4,2.0,0.3,3.6,5.3,15.0,109.0,108.0,1995,John Crotty-1995,0.0,Not Selected,Guard,UTA,0.05420054200542006
1994-95,Corey Crowder,crowdco01,SF,25,SAS,7,0,29,3.5,17.5,0.2,0.0,7.0,0.0,3.5,10.5,0.33299999999999996,3.5,10.5,0.33299999999999996,1.7,3.5,5.2,1.7,1.7,0.0,3.5,1.7,10.5,54.0,109.0,1995,Corey Crowder-1995,0.0,Not Selected,Forward,SAS,0.05600722673893405
1994-95,Terry Cummings,cummite01,PF,33,SAS,76,20,1273,8.9,18.5,0.483,0.0,0.0,0.0,8.9,18.5,0.483,2.9,4.9,0.585,5.5,9.6,15.1,2.4,1.4,0.8,3.8,7.5,20.7,100.0,104.0,1995,Terry Cummings-1995,0.0,Not Selected,Forward,SAS,0.05600722673893405
1994-95,Bill Curley,curlebi01,PF,22,DET,53,1,595,5.0,11.6,0.433,0.0,0.0,0.0,5.0,11.6,0.433,2.3,3.1,0.75,4.7,6.1,10.7,2.2,1.8,1.8,2.2,11.1,12.4,103.0,112.0,1995,Bill Curley-1995,0.0,Not Selected,Forward,DET,0.025293586269196026
1994-95,Dell Curry,curryde01,SG,30,CHH,69,0,1718,10.5,23.8,0.441,4.7,11.1,0.42700000000000005,5.8,12.8,0.45299999999999996,2.9,3.4,0.856,1.3,3.9,5.1,3.5,1.7,0.6,3.0,4.4,28.7,106.0,108.0,1995,Dell Curry-1995,0.0,Not Selected,Guard,CHO,0.045167118337850046
1994-95,Lloyd Daniels,daniell01,SG,27,TOT,30,14,604,6.7,17.5,0.38299999999999995,2.2,8.4,0.26,4.5,9.1,0.495,1.8,2.3,0.815,2.4,2.9,5.3,3.4,1.8,0.8,2.6,4.0,17.4,98.0,112.0,1995,Lloyd Daniels-1995,0.0,Not Selected,Guard,TOT,0.03333333333333333
1994-95,Yinka Dare,dareyi01,C,22,NJN,1,0,3,0.0,17.3,0.0,0.0,0.0,0.0,0.0,17.3,0.0,0.0,0.0,0.0,0.0,17.3,17.3,0.0,0.0,0.0,17.3,34.7,0.0,0.0,103.0,1995,Yinka Dare-1995,0.0,Not Selected,Center,BRK,0.02710027100271003
1994-95,Antonio Davis,davisan01,PF,26,IND,44,1,1030,5.6,12.7,0.445,0.0,0.0,0.0,5.6,12.7,0.445,6.1,9.0,0.672,5.4,9.1,14.5,1.3,1.0,1.5,3.3,6.9,17.3,105.0,105.0,1995,Antonio Davis-1995,0.0,Not Selected,Forward,IND,0.04697380307136405
1994-95,Dale Davis,davisda01,PF,25,IND,74,70,2346,7.4,13.1,0.563,0.0,0.0,0.0,7.4,13.1,0.563,3.1,5.9,0.5329999999999999,5.9,9.9,15.8,1.3,1.6,2.6,2.8,5.0,17.9,111.0,102.0,1995,Dale Davis-1995,0.0,Not Selected,Forward,IND,0.04697380307136405
1994-95,Hubert Davis,davishu01,SG,24,NYK,82,4,1697,9.2,19.1,0.48,4.1,8.9,0.455,5.1,10.2,0.502,3.0,3.7,0.8079999999999999,0.9,2.5,3.4,4.7,1.1,0.3,2.7,4.5,25.4,116.0,109.0,1995,Hubert Davis-1995,0.0,Not Selected,Guard,NYK,0.04968383017163505
1994-95,Terry Davis,daviste01,PF,27,DAL,46,2,580,4.3,9.9,0.434,0.0,0.2,0.0,4.3,9.7,0.441,3.7,5.8,0.636,5.5,8.1,13.6,0.9,0.5,0.3,2.6,6.6,12.2,102.0,112.0,1995,Terry Davis-1995,0.0,Not Selected,Forward,DAL,0.032520325203252036
1994-95,Johnny Dawkins,dawkijo01,PG,31,DET,50,9,1170,5.5,11.9,0.46299999999999997,1.1,3.2,0.342,4.4,8.7,0.508,2.2,2.4,0.909,1.2,3.7,5.0,9.0,2.3,0.0,3.8,3.3,14.3,107.0,115.0,1995,Johnny Dawkins-1995,0.0,Not Selected,Guard,DET,0.025293586269196026
1994-95,Tony Dawson,dawsoto01,SF,27,BOS,2,0,13,11.8,31.4,0.375,3.9,11.8,0.33299999999999996,7.9,19.6,0.4,3.9,3.9,1.0,0.0,11.8,11.8,3.9,0.0,0.0,7.9,15.7,31.4,85.0,110.0,1995,Tony Dawson-1995,0.0,Not Selected,Forward,BOS,0.031616982836495035
1994-95,Todd Day,dayto01,SG,25,MIL,82,81,2717,8.5,20.0,0.424,3.1,8.0,0.39,5.4,12.0,0.447,4.9,6.5,0.754,1.8,4.3,6.1,2.6,2.0,1.2,3.0,5.4,25.0,108.0,111.0,1995,Todd Day-1995,0.0,Not Selected,Guard,MIL,0.03071364046973803
1994-95,Terry Dehere,deherte01,PG,23,LAC,80,28,1774,8.0,19.7,0.40700000000000003,1.4,4.7,0.294,6.6,15.0,0.44299999999999995,6.6,8.4,0.784,1.0,3.4,4.4,6.5,1.3,0.2,4.5,5.7,24.0,100.0,115.0,1995,Terry Dehere-1995,0.0,Not Selected,Guard,LAC,0.015356820234869015
1994-95,Vinny Del Negro,delnevi01,SG,28,SAS,75,71,2360,8.0,16.5,0.486,1.4,3.5,0.40700000000000003,6.6,13.0,0.507,2.8,3.5,0.79,0.6,3.5,4.1,4.9,1.3,0.3,1.2,3.8,20.2,120.0,109.0,1995,Vinny Del Negro-1995,0.0,Not Selected,Guard,SAS,0.05600722673893405
1994-95,Bison Dele,delebi01,C,25,DEN,63,10,1261,8.2,13.9,0.589,0.0,0.0,0.0,8.2,13.9,0.589,4.4,6.7,0.654,4.1,8.3,12.4,2.2,1.6,1.8,4.7,8.7,20.7,105.0,107.0,1995,Bison Dele-1995,0.0,Not Selected,Center,DEN,0.037037037037037035
1994-95,Vlade Divac,divacvl01,C,26,LAL,80,80,2807,8.7,17.2,0.507,0.2,1.0,0.18899999999999997,8.5,16.2,0.525,5.3,6.9,0.777,4.7,10.2,14.9,5.9,2.0,3.1,3.7,5.5,22.9,114.0,104.0,1995,Vlade Divac-1995,0.0,Not Selected,Center,LAL,0.04336043360433604
1994-95,James Donaldson,donalja01,C,37,UTA,43,40,613,3.7,6.3,0.595,0.0,0.0,0.0,3.7,6.3,0.595,1.9,2.6,0.71,1.6,7.4,9.0,1.2,0.5,2.4,1.9,5.6,9.3,109.0,107.0,1995,James Donaldson-1995,0.0,Not Selected,Center,UTA,0.05420054200542006
1994-95,Sherman Douglas,douglsh01,PG,28,BOS,65,43,2048,9.1,19.2,0.475,0.5,2.0,0.244,8.6,17.1,0.502,5.1,7.4,0.6890000000000001,1.2,3.0,4.2,11.1,2.0,0.0,4.0,3.8,23.8,111.0,113.0,1995,Sherman Douglas-1995,0.0,Not Selected,Guard,BOS,0.031616982836495035
1994-95,Greg Dreiling,dreilgr01,C,32,CLE,58,3,483,4.9,12.0,0.41200000000000003,0.0,0.0,0.0,4.9,12.0,0.41200000000000003,3.0,4.8,0.634,3.8,9.8,13.6,2.6,0.7,2.6,2.9,12.7,12.9,94.0,103.0,1995,Greg Dreiling-1995,0.0,Not Selected,Center,CLE,0.03884372177055104
1994-95,Clyde Drexler,drexlcl01,SG,32,TOT,76,75,2728,10.7,23.2,0.461,2.8,7.6,0.36,7.9,15.5,0.511,6.8,8.3,0.8240000000000001,2.8,6.1,9.0,6.8,2.5,0.8,3.5,3.9,30.9,119.0,106.0,1995,Clyde Drexler-1995,3.0,3rd,Guard,TOT,0.03333333333333333
1994-95,Kevin Duckworth,duckwke01,C,30,WSB,40,22,818,7.3,16.6,0.442,0.1,0.6,0.2,7.2,16.0,0.451,2.8,4.3,0.643,4.0,8.1,12.1,1.2,1.3,1.5,3.7,6.8,17.6,92.0,110.0,1995,Kevin Duckworth-1995,0.0,Not Selected,Center,WAS,0.018970189701897018
1994-95,Chris Dudley,dudlech02,C,29,POR,82,82,2245,4.1,10.2,0.406,0.0,0.0,0.0,4.1,10.1,0.40700000000000003,1.9,4.2,0.46399999999999997,7.4,10.0,17.4,0.8,1.0,2.9,1.8,6.5,10.2,102.0,103.0,1995,Chris Dudley-1995,0.0,Not Selected,Center,POR,0.03974706413730804
1994-95,Joe Dumars,dumarjo01,SG,31,DET,67,67,2544,8.4,19.6,0.43,2.1,6.8,0.305,6.4,12.8,0.49700000000000005,5.6,7.0,0.805,1.0,2.2,3.2,7.5,1.5,0.1,4.4,3.1,24.6,105.0,117.0,1995,Joe Dumars-1995,0.0,Not Selected,Guard,DET,0.025293586269196026
1994-95,Richard Dumas,dumasri02,SF,25,PHO,15,1,167,11.1,21.9,0.507,0.0,0.3,0.0,11.1,21.6,0.514,2.4,4.8,0.5,5.4,3.3,8.7,2.1,3.0,0.6,2.7,6.6,24.6,105.0,110.0,1995,Richard Dumas-1995,0.0,Not Selected,Forward,PHO,0.053297199638663056
1994-95,Tony Dumas,dumasto01,SG,22,DAL,58,0,613,7.9,20.7,0.384,1.8,6.0,0.301,6.1,14.6,0.418,4.1,6.4,0.649,2.6,2.5,5.1,4.7,1.1,0.3,4.1,6.4,21.8,97.0,114.0,1995,Tony Dumas-1995,0.0,Not Selected,Guard,DAL,0.032520325203252036
1994-95,Pat Durham,durhapa01,SF,27,MIN,59,2,852,7.2,14.6,0.494,0.3,1.6,0.192,6.9,13.0,0.531,3.9,5.9,0.6559999999999999,2.3,3.5,5.8,3.3,2.2,2.0,2.8,7.0,18.6,104.0,112.0,1995,Pat Durham-1995,0.0,Not Selected,Forward,MIN,0.018970189701897018
1994-95,Ledell Eackles,eacklle01,SG,28,MIA,54,6,898,8.2,18.8,0.439,1.0,2.4,0.439,7.2,16.4,0.439,5.2,7.2,0.722,1.9,3.6,5.5,4.1,1.1,0.1,3.0,5.1,22.7,106.0,114.0,1995,Ledell Eackles-1995,0.0,Not Selected,Guard,MIA,0.028906955736224028
1994-95,Acie Earl,earlac01,C,24,BOS,30,3,208,6.4,16.7,0.382,0.0,0.0,0.0,6.4,16.7,0.382,3.4,7.1,0.483,4.7,6.4,11.0,0.5,1.5,2.0,3.4,9.6,16.2,85.0,109.0,1995,Acie Earl-1995,0.0,Not Selected,Center,BOS,0.031616982836495035
1994-95,Blue Edwards,edwarbl01,SF,29,TOT,67,7,1112,8.4,18.2,0.461,1.0,3.5,0.293,7.4,14.7,0.5,3.5,4.2,0.833,2.3,3.7,6.0,3.6,2.0,0.7,3.7,6.6,21.2,101.0,109.0,1995,Blue Edwards-1995,0.0,Not Selected,Forward,TOT,0.03333333333333333
1994-95,Doug Edwards,edwardo01,PF,24,ATL,38,0,212,5.5,12.1,0.45799999999999996,0.0,0.3,0.0,5.5,11.8,0.46799999999999997,5.8,8.1,0.7190000000000001,4.8,7.3,12.1,3.3,1.3,1.0,5.5,7.6,16.9,96.0,106.0,1995,Doug Edwards-1995,0.0,Not Selected,Forward,ATL,0.037940379403794036
1994-95,James Edwards,edwarja01,C,39,POR,28,0,266,6.2,16.0,0.386,0.0,0.0,0.0,6.2,16.0,0.386,2.1,3.3,0.647,1.9,6.3,8.3,1.5,1.0,1.5,2.7,8.5,14.4,87.0,107.0,1995,James Edwards-1995,0.0,Not Selected,Center,POR,0.03974706413730804
1994-95,Kevin Edwards,edwarke01,SG,29,NJN,14,14,466,7.7,17.2,0.44799999999999995,2.0,5.0,0.4,5.7,12.2,0.46799999999999997,4.5,4.7,0.9520000000000001,1.1,3.0,4.1,3.0,2.1,0.6,3.9,4.7,21.9,104.0,110.0,1995,Kevin Edwards-1995,0.0,Not Selected,Guard,BRK,0.02710027100271003
1994-95,Craig Ehlo,ehlocr01,SG,33,ATL,49,0,1166,8.8,19.3,0.45299999999999996,2.3,6.1,0.381,6.4,13.2,0.486,2.0,3.3,0.62,2.5,4.2,6.7,5.2,2.1,0.3,3.3,3.9,21.9,105.0,107.0,1995,Craig Ehlo-1995,0.0,Not Selected,Guard,ATL,0.037940379403794036
1994-95,Howard Eisley,eisleho01,PG,22,TOT,49,4,552,3.8,11.6,0.32799999999999996,0.9,3.5,0.243,2.9,8.1,0.365,2.9,3.8,0.775,1.1,3.4,4.6,9.0,1.7,0.6,4.7,7.7,11.4,87.0,114.0,1995,Howard Eisley-1995,0.0,Not Selected,Guard,TOT,0.03333333333333333
1994-95,Mario Elie,eliema01,SF,31,HOU,81,13,1896,6.5,13.1,0.499,2.2,5.4,0.39799999999999996,4.4,7.7,0.57,3.9,4.6,0.8420000000000001,1.3,3.9,5.3,5.1,1.7,0.3,2.8,4.2,19.1,119.0,111.0,1995,Mario Elie-1995,0.0,Not Selected,Forward,HOU,0.04245709123757904
1994-95,Sean Elliott,elliose01,SF,26,SAS,81,81,2858,8.9,19.0,0.46799999999999997,2.4,5.9,0.408,6.5,13.1,0.495,5.8,7.2,0.807,1.1,4.0,5.1,3.7,1.4,0.7,2.7,3.8,26.0,116.0,108.0,1995,Sean Elliott-1995,0.0,Not Selected,Forward,SAS,0.05600722673893405
1994-95,Dale Ellis,ellisda01,SF,34,DEN,81,3,1996,9.2,20.4,0.45299999999999996,2.8,6.9,0.40299999999999997,6.4,13.4,0.479,2.9,3.3,0.866,1.5,4.4,5.8,1.5,1.0,0.2,2.1,3.7,24.1,111.0,113.0,1995,Dale Ellis-1995,0.0,Not Selected,Forward,DEN,0.037037037037037035
1994-95,Harold Ellis,ellisha01,SF,24,LAC,69,7,656,7.1,14.7,0.48100000000000004,0.1,1.0,0.077,7.0,13.7,0.511,5.4,9.1,0.59,4.3,2.5,6.8,3.1,5.2,0.9,3.8,7.9,19.6,101.0,107.0,1995,Harold Ellis-1995,0.0,Not Selected,Forward,LAC,0.015356820234869015
1994-95,LaPhonso Ellis,ellisla01,PF,24,DEN,6,0,58,8.1,22.6,0.36,0.0,0.0,0.0,8.1,22.6,0.36,5.4,5.4,1.0,6.3,9.0,15.4,3.6,0.9,4.5,4.5,10.9,21.7,95.0,105.0,1995,LaPhonso Ellis-1995,0.0,Not Selected,Forward,DEN,0.037037037037037035
1994-95,Pervis Ellison,ellispe01,C,27,BOS,55,11,1083,7.2,14.1,0.507,0.0,0.1,0.0,7.2,14.0,0.51,3.3,4.7,0.7170000000000001,5.8,8.7,14.6,1.6,1.0,2.5,3.6,8.4,17.7,106.0,108.0,1995,Pervis Ellison-1995,0.0,Not Selected,Center,BOS,0.031616982836495035
1994-95,Jo Jo English,englijo01,SG,24,CHI,8,0,127,6.2,16.0,0.385,1.2,4.9,0.25,4.9,11.1,0.444,4.1,5.3,0.769,0.4,0.8,1.2,2.9,2.9,0.4,2.5,7.8,17.7,98.0,107.0,1995,Jo Jo English-1995,0.0,Not Selected,Guard,CHI,0.04245709123757904
1994-95,Patrick Ewing,ewingpa01,C,32,NYK,79,79,2920,13.2,26.2,0.503,0.1,0.4,0.28600000000000003,13.1,25.8,0.506,7.6,10.1,0.75,2.8,12.8,15.6,3.8,1.2,2.9,4.6,4.9,34.0,106.0,98.0,1995,Patrick Ewing-1995,0.0,Not Selected,Center,NYK,0.04968383017163505
1994-95,Duane Ferrell,ferredu01,SF,29,IND,56,1,607,7.3,15.2,0.48,0.1,0.5,0.16699999999999998,7.2,14.7,0.491,5.6,7.5,0.753,4.4,3.3,7.7,2.7,2.3,0.5,3.8,6.9,20.3,107.0,107.0,1995,Duane Ferrell-1995,0.0,Not Selected,Forward,IND,0.04697380307136405
1994-95,Danny Ferry,ferryda01,PF,28,CLE,82,6,1290,9.8,21.9,0.446,4.1,10.2,0.40299999999999997,5.7,11.7,0.483,3.2,3.7,0.8809999999999999,1.3,5.0,6.3,4.2,1.2,1.0,2.6,5.7,26.9,114.0,107.0,1995,Danny Ferry-1995,0.0,Not Selected,Forward,CLE,0.03884372177055104
1994-95,Matt Fish,fishma01,C,25,LAC,26,8,370,6.7,14.2,0.47600000000000003,0.0,0.1,0.0,6.7,14.0,0.48,3.4,5.1,0.6759999999999999,4.4,7.2,11.6,2.3,2.2,1.0,3.9,9.6,16.9,97.0,109.0,1995,Matt Fish-1995,0.0,Not Selected,Center,LAC,0.015356820234869015
1994-95,Vern Fleming,flemive01,PG,32,IND,55,1,686,7.2,14.6,0.495,0.0,0.5,0.0,7.2,14.1,0.514,5.1,7.0,0.722,1.6,5.3,6.8,8.5,2.1,0.1,3.3,6.2,19.5,113.0,107.0,1995,Vern Fleming-1995,0.0,Not Selected,Guard,IND,0.04697380307136405
1994-95,Sleepy Floyd,floydsl01,SG,34,NJN,48,1,831,4.4,13.3,0.335,1.6,5.5,0.284,2.9,7.8,0.371,1.9,2.7,0.698,0.5,2.9,3.4,7.9,0.8,0.4,3.2,4.6,12.3,93.0,113.0,1995,Sleepy Floyd-1995,0.0,Not Selected,Guard,BRK,0.02710027100271003
1994-95,Alphonso Ford,fordal01,SG,23,PHI,5,0,98,4.8,21.0,0.231,0.0,4.8,0.0,4.8,16.1,0.3,0.5,1.1,0.5,4.3,6.5,10.8,4.8,0.5,0.0,4.3,2.7,10.2,62.0,113.0,1995,Alphonso Ford-1995,0.0,Not Selected,Guard,PHI,0.02168021680216802
1994-95,Greg Foster,fostegr01,PF,26,TOT,78,3,1144,6.9,14.6,0.47200000000000003,0.3,1.1,0.304,6.6,13.5,0.485,3.6,5.1,0.703,3.9,8.0,11.9,1.8,0.7,1.3,3.3,8.4,17.6,100.0,110.0,1995,Greg Foster-1995,0.0,Not Selected,Forward,TOT,0.03333333333333333
1994-95,Rick Fox,foxri01,SF,25,BOS,53,7,1039,8.3,17.2,0.48100000000000004,1.5,3.7,0.413,6.8,13.6,0.5,4.7,6.0,0.772,3.0,4.6,7.6,6.8,2.6,0.9,3.8,7.6,22.8,114.0,109.0,1995,Rick Fox-1995,0.0,Not Selected,Forward,BOS,0.031616982836495035
1994-95,Corey Gaines,gaineco01,SG,29,PHI,11,8,280,4.5,9.6,0.47100000000000003,0.4,2.8,0.133,4.1,6.8,0.611,0.9,2.1,0.455,0.2,3.2,3.4,6.2,1.5,0.2,2.6,4.3,10.4,98.0,114.0,1995,Corey Gaines-1995,0.0,Not Selected,Guard,PHI,0.02168021680216802
1994-95,Kevin Gamble,gamblke01,SF,29,MIA,77,0,1223,9.3,19.0,0.489,1.6,4.1,0.39799999999999996,7.6,14.9,0.514,3.7,4.7,0.784,1.2,3.9,5.2,5.0,2.2,0.4,2.1,5.5,23.9,118.0,111.0,1995,Kevin Gamble-1995,0.0,Not Selected,Forward,MIA,0.028906955736224028
1994-95,Winston Garland,garlawi01,PG,30,MIN,73,58,1931,4.6,11.2,0.415,0.5,2.0,0.253,4.1,9.1,0.451,2.4,3.0,0.795,1.3,3.3,4.6,8.7,1.9,0.4,2.9,5.0,12.2,103.0,114.0,1995,Winston Garland-1995,0.0,Not Selected,Guard,MIN,0.018970189701897018
1994-95,Chris Gatling,gatlich01,PF,27,GSW,58,22,1470,10.8,17.1,0.633,0.0,0.0,0.0,10.8,17.0,0.634,4.9,8.3,0.5920000000000001,4.8,10.0,14.8,1.7,1.3,1.7,3.9,6.1,26.5,114.0,109.0,1995,Chris Gatling-1995,0.0,Not Selected,Forward,GSW,0.023486901535682024
1994-95,Kenny Gattison,gattike01,PF,30,CHH,21,0,409,6.0,12.9,0.47,0.0,0.1,0.0,6.0,12.7,0.475,4.0,6.6,0.608,2.7,7.0,9.7,2.2,0.9,1.9,2.8,8.2,16.1,99.0,106.0,1995,Kenny Gattison-1995,0.0,Not Selected,Forward,CHO,0.045167118337850046
1994-95,Matt Geiger,geigema01,C,25,MIA,74,43,1712,7.8,14.6,0.536,0.1,0.3,0.4,7.7,14.3,0.539,2.8,4.3,0.65,4.4,8.1,12.5,1.7,1.2,1.5,3.4,7.4,18.6,106.0,109.0,1995,Matt Geiger-1995,0.0,Not Selected,Center,MIA,0.028906955736224028
1994-95,Tate George,georgta01,SG,26,MIL,3,0,8,6.5,19.4,0.33299999999999996,0.0,6.5,0.0,6.5,12.9,0.5,12.9,12.9,1.0,6.5,0.0,6.5,0.0,0.0,0.0,12.9,6.5,25.9,79.0,119.0,1995,Tate George-1995,0.0,Not Selected,Guard,MIL,0.03071364046973803
1994-95,Kendall Gill,gillke01,SG,26,SEA,73,58,2125,9.3,20.3,0.457,1.5,4.0,0.368,7.8,16.3,0.479,3.7,4.9,0.742,2.3,4.5,6.9,4.5,2.8,0.7,3.3,4.4,23.7,107.0,107.0,1995,Kendall Gill-1995,0.0,Not Selected,Guard,OKC,0.051490514905149054
1994-95,Armen Gilliam,gilliar01,PF,30,NJN,82,30,2472,9.6,19.0,0.503,0.0,0.0,0.0,9.6,19.0,0.504,6.4,8.2,0.77,4.0,8.9,12.9,2.1,1.4,1.9,3.2,3.6,25.5,111.0,107.0,1995,Armen Gilliam-1995,0.0,Not Selected,Forward,BRK,0.02710027100271003
1994-95,Greg Graham,grahagr01,SG,24,PHI,50,7,775,6.5,15.2,0.426,0.4,1.9,0.214,6.1,13.3,0.456,3.7,5.0,0.753,1.3,2.9,4.2,4.5,2.0,0.4,3.3,5.2,17.1,99.0,113.0,1995,Greg Graham-1995,0.0,Not Selected,Guard,PHI,0.02168021680216802
1994-95,Ron Grandison,grandro01,PF,30,NYK,2,0,8,6.6,26.3,0.25,0.0,0.0,0.0,6.6,26.3,0.25,0.0,0.0,0.0,19.7,13.2,32.9,13.2,0.0,0.0,0.0,13.2,13.2,108.0,103.0,1995,Ron Grandison-1995,0.0,Not Selected,Forward,NYK,0.04968383017163505
1994-95,Brian Grant,grantbr01,PF,22,SAC,80,59,2289,9.4,18.4,0.511,0.0,0.1,0.25,9.4,18.3,0.512,5.2,8.2,0.636,4.7,8.9,13.6,2.2,1.1,2.6,3.7,6.3,24.0,106.0,104.0,1995,Brian Grant-1995,0.0,Not Selected,Forward,SAC,0.03523035230352303
1994-95,Gary Grant,grantga01,PG,29,LAC,33,2,470,8.4,18.0,0.47,0.4,1.7,0.25,8.0,16.2,0.493,4.9,6.0,0.818,0.9,2.9,3.8,10.1,3.1,0.3,4.8,7.1,22.2,104.0,111.0,1995,Gary Grant-1995,0.0,Not Selected,Guard,LAC,0.015356820234869015
1994-95,Greg Grant,grantgr01,PG,28,DEN,14,0,151,3.5,11.5,0.303,0.7,2.4,0.28600000000000003,2.8,9.0,0.308,3.1,4.2,0.75,0.7,2.4,3.1,14.9,2.1,0.7,4.9,7.0,10.8,95.0,111.0,1995,Greg Grant-1995,0.0,Not Selected,Guard,DEN,0.037037037037037035
1994-95,Harvey Grant,grantha01,PF,29,POR,75,14,1771,8.3,17.9,0.461,0.2,0.8,0.308,8.0,17.2,0.467,3.0,4.2,0.705,3.0,5.2,8.2,2.4,1.6,1.5,1.8,4.7,19.7,109.0,106.0,1995,Harvey Grant-1995,0.0,Not Selected,Forward,POR,0.03974706413730804
1994-95,Horace Grant,grantho01,PF,29,ORL,74,74,2693,7.5,13.2,0.5670000000000001,0.0,0.1,0.0,7.5,13.1,0.574,2.7,4.0,0.6920000000000001,4.2,9.2,13.4,3.2,1.4,1.6,1.6,3.8,17.8,126.0,106.0,1995,Horace Grant-1995,0.0,Not Selected,Forward,ORL,0.051490514905149054
1994-95,Jeff Grayer,grayeje01,SG,29,PHI,47,25,1098,7.8,18.3,0.428,0.2,0.7,0.33299999999999996,7.6,17.6,0.43200000000000005,2.8,4.0,0.6990000000000001,2.8,4.4,7.2,3.6,1.3,0.2,2.7,3.8,18.7,99.0,113.0,1995,Jeff Grayer-1995,0.0,Not Selected,Guard,PHI,0.02168021680216802
1994-95,A.C. Green,greenac01,SF,31,PHO,82,52,2687,5.8,11.5,0.504,0.8,2.4,0.33899999999999997,5.0,9.1,0.547,4.7,6.4,0.732,3.6,8.8,12.5,2.4,1.0,0.6,2.1,2.7,17.1,120.0,110.0,1995,A.C. Green-1995,0.0,Not Selected,Forward,PHO,0.053297199638663056
1994-95,Tom Gugliotta,guglito01,SF-PF,25,TOT,77,63,2568,7.3,16.5,0.44299999999999995,1.2,3.7,0.32299999999999995,6.1,12.8,0.478,3.4,5.0,0.69,3.2,8.0,11.3,5.5,2.6,1.2,3.7,4.0,19.2,102.0,108.0,1995,Tom Gugliotta-1995,0.0,Not Selected,Forward,TOT,0.03333333333333333
1994-95,Andrés Guibert,guibean01,PF,26,MIN,17,0,167,5.0,14.8,0.34,0.0,1.3,0.0,5.0,13.5,0.37200000000000005,4.1,6.0,0.684,5.0,9.1,14.2,3.1,2.5,0.3,3.8,9.1,14.2,87.0,108.0,1995,Andrés Guibert-1995,0.0,Not Selected,Forward,MIN,0.018970189701897018
1994-95,Jack Haley,haleyja01,PF,31,SAS,31,0,117,11.3,26.5,0.426,0.0,0.4,0.0,11.3,26.0,0.433,9.1,13.9,0.6559999999999999,3.5,8.2,11.7,0.9,1.3,2.2,5.6,13.4,31.7,92.0,104.0,1995,Jack Haley-1995,0.0,Not Selected,Forward,SAS,0.05600722673893405
1994-95,Geert Hammink,hammige01,C,25,ORL,1,0,7,7.2,21.6,0.33299999999999996,0.0,0.0,0.0,7.2,21.6,0.33299999999999996,14.4,14.4,1.0,0.0,14.4,14.4,7.2,0.0,0.0,0.0,7.2,28.8,131.0,106.0,1995,Geert Hammink-1995,0.0,Not Selected,Center,ORL,0.051490514905149054
1994-95,Tom Hammonds,hammoto01,PF,27,DEN,70,5,956,7.6,14.3,0.535,0.0,0.1,0.0,7.6,14.2,0.537,7.2,9.7,0.746,3.0,9.2,12.2,2.0,0.6,0.8,3.1,7.2,22.5,116.0,109.0,1995,Tom Hammonds-1995,0.0,Not Selected,Forward,DEN,0.037037037037037035
1994-95,Darrin Hancock,hancoda01,SF,23,CHH,46,7,424,8.4,15.0,0.562,0.1,0.4,0.33299999999999996,8.3,14.7,0.568,2.0,4.8,0.41,1.7,4.8,6.6,3.7,2.4,0.5,3.7,6.0,19.0,97.0,106.0,1995,Darrin Hancock-1995,0.0,Not Selected,Forward,CHO,0.045167118337850046
1994-95,Anfernee Hardaway,hardaan01,PG,23,ORL,77,77,2901,10.2,19.9,0.512,1.5,4.3,0.349,8.7,15.5,0.5579999999999999,6.2,8.1,0.769,2.4,3.4,5.8,9.6,2.3,0.5,4.5,2.7,28.1,119.0,110.0,1995,Anfernee Hardaway-1995,1.0,1st,Guard,ORL,0.051490514905149054
1994-95,Tim Hardaway,hardati01,PG,28,GSW,62,62,2321,9.1,21.3,0.42700000000000005,3.5,9.4,0.37799999999999995,5.5,11.9,0.465,4.6,6.1,0.76,1.0,3.0,4.0,12.2,1.9,0.3,4.5,3.3,26.3,112.0,114.0,1995,Tim Hardaway-1995,0.0,Not Selected,Guard,GSW,0.023486901535682024
1994-95,Jerome Harmon,harmoje01,SG,25,PHI,10,0,158,7.0,17.7,0.396,0.3,0.3,1.0,6.7,17.4,0.385,1.0,2.0,0.5,3.0,4.7,7.7,4.0,3.0,0.0,2.3,4.0,15.4,93.0,109.0,1995,Jerome Harmon-1995,0.0,Not Selected,Guard,PHI,0.02168021680216802
1994-95,Derek Harper,harpede01,PG,33,NYK,80,80,2716,6.5,14.7,0.446,2.1,5.7,0.363,4.5,9.0,0.498,2.7,3.7,0.7240000000000001,0.6,3.2,3.8,8.9,1.5,0.2,2.9,4.2,17.8,111.0,107.0,1995,Derek Harper-1995,0.0,Not Selected,Guard,NYK,0.04968383017163505
1994-95,Ron Harper,harpero01,SG,31,CHI,77,53,1536,7.1,16.7,0.426,1.1,3.7,0.282,6.0,12.9,0.467,2.8,4.4,0.618,1.7,4.4,6.1,5.3,3.3,0.9,3.4,4.5,18.0,98.0,103.0,1995,Ron Harper-1995,0.0,Not Selected,Guard,CHI,0.04245709123757904
1994-95,Lucious Harris,harrilu01,SG,24,DAL,79,31,1695,8.4,18.2,0.45899999999999996,1.6,4.2,0.387,6.7,14.0,0.48100000000000004,4.1,5.1,0.8,2.5,4.0,6.6,3.9,1.7,0.4,2.3,3.1,22.5,117.0,112.0,1995,Lucious Harris-1995,0.0,Not Selected,Guard,DAL,0.032520325203252036
1994-95,Tony Harris,harrito01,SG,27,BOS,3,0,18,8.5,22.7,0.375,0.0,2.8,0.0,8.5,19.9,0.429,22.7,25.5,0.889,0.0,0.0,0.0,0.0,0.0,0.0,2.8,5.7,39.7,122.0,119.0,1995,Tony Harris-1995,0.0,Not Selected,Guard,BOS,0.031616982836495035
1994-95,Antonio Harvey,harvean01,PF,24,LAL,59,8,572,6.8,15.5,0.43799999999999994,0.1,0.1,1.0,6.7,15.4,0.434,2.1,4.0,0.5329999999999999,3.4,5.6,9.0,2.0,1.3,3.6,2.2,7.7,15.8,97.0,109.0,1995,Antonio Harvey-1995,0.0,Not Selected,Forward,LAL,0.04336043360433604
1994-95,Hersey Hawkins,hawkihe01,SG,28,CHH,82,82,2731,7.5,15.6,0.48200000000000004,2.5,5.7,0.44,5.0,9.9,0.507,5.0,5.8,0.867,1.2,4.9,6.1,5.1,2.4,0.3,2.9,3.4,22.6,118.0,107.0,1995,Hersey Hawkins-1995,0.0,Not Selected,Guard,CHO,0.045167118337850046
1994-95,Steve Henson,hensost01,PG,26,POR,37,0,380,5.0,11.6,0.43,3.1,7.0,0.442,1.9,4.6,0.41200000000000003,3.0,3.4,0.88,0.4,3.1,3.5,11.4,1.2,0.0,4.0,7.0,16.0,119.0,110.0,1995,Steve Henson-1995,0.0,Not Selected,Guard,POR,0.03974706413730804
1994-95,Carl Herrera,herreca01,PF,28,HOU,61,26,1331,6.5,12.5,0.523,0.0,0.1,0.0,6.5,12.4,0.526,2.8,4.5,0.624,3.8,6.9,10.6,1.7,1.5,1.5,2.7,5.2,15.9,105.0,108.0,1995,Carl Herrera-1995,0.0,Not Selected,Forward,HOU,0.04245709123757904
1994-95,Rod Higgins,higgiro01,SF,35,GSW,5,2,46,3.2,12.8,0.25,1.1,6.4,0.16699999999999998,2.1,6.4,0.33299999999999996,3.2,4.3,0.75,4.3,3.2,7.5,3.2,1.1,1.1,1.1,7.5,10.7,97.0,115.0,1995,Rod Higgins-1995,0.0,Not Selected,Forward,GSW,0.023486901535682024
1994-95,Sean Higgins,higgise01,SF,26,NJN,57,7,735,7.4,19.3,0.385,1.6,5.5,0.295,5.8,13.8,0.42100000000000004,2.5,2.8,0.875,1.8,3.7,5.5,2.1,0.7,0.6,2.5,6.6,19.0,95.0,113.0,1995,Sean Higgins-1995,0.0,Not Selected,Forward,BRK,0.02710027100271003
1994-95,Grant Hill,hillgr01,SF,22,DET,70,69,2678,9.8,20.5,0.47700000000000004,0.1,0.5,0.14800000000000002,9.7,19.9,0.486,7.2,9.8,0.732,2.4,6.2,8.6,6.8,2.4,1.2,3.9,3.9,26.8,109.0,111.0,1995,Grant Hill-1995,0.0,Not Selected,Forward,DET,0.025293586269196026
1994-95,Tyrone Hill,hillty01,C,26,CLE,70,67,2397,8.3,16.4,0.504,0.0,0.0,0.0,8.3,16.4,0.505,6.2,9.4,0.662,6.4,11.7,18.1,1.3,1.3,1.0,3.6,5.8,22.7,109.0,102.0,1995,Tyrone Hill-1995,0.0,Not Selected,Center,CLE,0.03884372177055104
1994-95,Donald Hodge,hodgedo01,C,25,DAL,54,0,633,6.6,16.3,0.40700000000000003,0.3,1.1,0.28600000000000003,6.3,15.2,0.41600000000000004,3.1,4.1,0.765,3.2,6.6,9.8,3.3,0.8,1.1,3.1,8.6,16.7,98.0,111.0,1995,Donald Hodge-1995,0.0,Not Selected,Center,DAL,0.032520325203252036
1994-95,Jeff Hornacek,hornaje01,SG,31,UTA,81,81,2696,9.3,18.0,0.514,1.7,4.2,0.406,7.6,13.8,0.547,5.5,6.2,0.882,1.0,3.0,4.0,6.7,2.5,0.3,2.8,3.5,25.7,122.0,108.0,1995,Jeff Hornacek-1995,0.0,Not Selected,Guard,UTA,0.05420054200542006
1994-95,Robert Horry,horryro01,PF,24,HOU,64,61,2074,5.9,13.2,0.447,2.1,5.6,0.379,3.8,7.6,0.49700000000000005,2.1,2.8,0.7609999999999999,2.0,6.0,8.0,5.3,2.3,1.9,3.0,4.0,16.0,108.0,106.0,1995,Robert Horry-1995,0.0,Not Selected,Forward,HOU,0.04245709123757904
1994-95,Allan Houston,houstal01,SG,23,DET,76,39,1996,10.3,22.2,0.46299999999999997,4.1,9.6,0.424,6.2,12.5,0.494,3.8,4.4,0.86,0.7,3.6,4.3,4.2,1.6,0.4,2.9,4.7,28.4,113.0,116.0,1995,Allan Houston-1995,0.0,Not Selected,Guard,DET,0.025293586269196026
1994-95,Byron Houston,houstby01,PF,25,SEA,39,0,258,9.5,20.9,0.45799999999999996,1.2,4.3,0.273,8.4,16.6,0.506,5.5,7.4,0.737,3.9,6.8,10.7,1.2,2.5,1.0,3.9,9.7,25.7,103.0,105.0,1995,Byron Houston-1995,0.0,Not Selected,Forward,OKC,0.051490514905149054
1994-95,Tom Hovasse,hovasto01,SF,28,ATL,2,0,4,0.0,13.4,0.0,0.0,13.4,0.0,0.0,0.0,0.0,0.0,0.0,0.0,0.0,0.0,0.0,0.0,13.4,0.0,0.0,13.4,0.0,0.0,86.0,1995,Tom Hovasse-1995,0.0,Not Selected,Forward,ATL,0.037940379403794036
1994-95,Juwan Howard,howarju01,PF,21,WSB,65,52,2348,9.8,20.1,0.489,0.0,0.2,0.0,9.8,20.0,0.49200000000000005,4.2,6.3,0.664,4.0,7.8,11.8,3.6,1.1,0.3,3.6,5.1,23.9,104.0,112.0,1995,Juwan Howard-1995,0.0,Not Selected,Forward,WAS,0.018970189701897018
1994-95,Jay Humphries,humphja01,SG-PG,32,TOT,18,0,201,2.1,8.7,0.235,0.5,1.0,0.5,1.5,7.7,0.2,0.5,1.0,0.5,1.0,2.3,3.3,4.9,2.3,0.0,4.4,9.0,5.1,60.0,110.0,1995,Jay Humphries-1995,0.0,Not Selected,Guard,TOT,0.03333333333333333
1994-95,Lindsey Hunter,hunteli01,PG,24,DET,42,26,944,6.5,17.4,0.374,2.0,5.9,0.33299999999999996,4.5,11.5,0.395,2.2,3.0,0.727,1.3,2.8,4.1,8.7,2.8,0.4,4.3,5.1,17.1,94.0,114.0,1995,Lindsey Hunter-1995,0.0,Not Selected,Guard,DET,0.025293586269196026
1994-95,Bobby Hurley,hurlebo01,PG,23,SAC,68,6,1105,4.8,13.4,0.363,1.0,3.6,0.276,3.9,9.8,0.39399999999999996,2.7,3.6,0.763,0.7,2.6,3.3,10.6,1.4,0.0,5.2,3.7,13.4,91.0,111.0,1995,Bobby Hurley-1995,0.0,Not Selected,Guard,SAC,0.03523035230352303
1994-95,Jaren Jackson,jacksja01,SG,27,PHI,21,1,257,5.1,14.0,0.368,0.8,3.1,0.267,4.3,10.9,0.396,3.3,4.9,0.667,3.7,4.9,8.6,3.9,1.8,1.0,3.5,6.8,14.4,93.0,111.0,1995,Jaren Jackson-1995,0.0,Not Selected,Guard,PHI,0.02168021680216802
1994-95,Jim Jackson,jacksji01,SG,24,DAL,51,51,1982,12.4,26.2,0.47200000000000003,0.9,2.8,0.318,11.5,23.4,0.49,7.8,9.7,0.805,3.1,3.6,6.6,4.9,0.7,0.3,4.1,2.4,33.5,113.0,115.0,1995,Jim Jackson-1995,0.0,Not Selected,Guard,DAL,0.032520325203252036
1994-95,Mark Jackson,jacksma01,PG,29,IND,82,67,2402,5.3,12.6,0.42200000000000004,0.6,1.9,0.31,4.7,10.6,0.44299999999999995,2.6,3.4,0.778,1.6,5.2,6.8,13.7,2.3,0.4,4.7,3.3,13.8,105.0,106.0,1995,Mark Jackson-1995,0.0,Not Selected,Guard,IND,0.04697380307136405
1994-95,Keith Jennings,jennike01,PG,26,GSW,80,24,1722,5.4,12.1,0.447,2.1,5.8,0.368,3.3,6.3,0.52,3.8,4.4,0.8759999999999999,0.7,3.5,4.2,10.6,2.7,0.1,3.4,3.8,16.8,119.0,113.0,1995,Keith Jennings-1995,0.0,Not Selected,Guard,GSW,0.023486901535682024
1994-95,Avery Johnson,johnsav01,PG,29,SAS,82,82,3011,7.5,14.5,0.519,0.1,0.4,0.136,7.5,14.2,0.529,3.4,5.0,0.685,0.8,2.7,3.5,11.3,1.9,0.2,3.5,2.6,18.6,114.0,109.0,1995,Avery Johnson-1995,0.0,Not Selected,Guard,SAS,0.05600722673893405
1994-95,Ervin Johnson,johnser02,C,27,SEA,64,30,907,4.7,10.6,0.44299999999999995,0.0,0.1,0.0,4.7,10.6,0.445,1.6,2.5,0.63,5.6,10.4,16.0,0.9,0.9,3.7,3.0,9.0,11.0,96.0,103.0,1995,Ervin Johnson-1995,0.0,Not Selected,Center,OKC,0.051490514905149054
1994-95,Kevin Johnson,johnske02,PG,28,PHO,47,35,1352,9.1,19.4,0.47,0.1,1.0,0.154,9.0,18.4,0.48700000000000004,8.7,10.7,0.81,1.2,3.1,4.3,13.3,1.7,0.7,3.9,3.3,27.0,119.0,113.0,1995,Kevin Johnson-1995,0.0,Not Selected,Guard,PHO,0.053297199638663056
1994-95,Larry Johnson,johnsla02,PF,25,CHH,81,81,3234,9.5,19.8,0.48,1.3,3.4,0.386,8.2,16.4,0.5,4.5,5.8,0.774,3.1,6.4,9.5,6.0,1.3,0.5,3.4,2.8,24.8,111.0,108.0,1995,Larry Johnson-1995,0.0,Not Selected,Forward,CHO,0.045167118337850046
1994-95,Askia Jones,jonesas01,SG,23,MIN,11,0,139,5.7,16.6,0.341,0.8,4.5,0.16699999999999998,4.9,12.1,0.406,4.9,6.0,0.813,2.3,1.9,4.2,6.0,2.3,0.0,3.4,7.2,17.0,94.0,115.0,1995,Askia Jones-1995,0.0,Not Selected,Guard,MIN,0.018970189701897018
1994-95,Charles Jones,jonesch01,PF,37,HOU,3,0,36,1.4,4.2,0.33299999999999996,0.0,0.0,0.0,1.4,4.2,0.33299999999999996,1.4,2.8,0.5,2.8,7.1,9.9,0.0,0.0,1.4,0.0,11.3,4.2,108.0,110.0,1995,Charles Jones-1995,0.0,Not Selected,Forward,HOU,0.04245709123757904
1994-95,Eddie Jones,jonesed02,SG,23,LAL,64,58,1981,8.7,18.9,0.46,2.3,6.3,0.37,6.4,12.7,0.504,3.1,4.3,0.722,2.0,4.3,6.3,3.3,3.3,1.0,1.9,4.5,22.8,113.0,108.0,1995,Eddie Jones-1995,0.0,Not Selected,Guard,LAL,0.04336043360433604
1994-95,Popeye Jones,jonespo01,PF,24,DAL,80,80,2385,7.9,17.8,0.44299999999999995,0.0,0.3,0.083,7.9,17.6,0.449,1.7,2.6,0.645,7.0,10.9,17.9,3.5,0.7,0.6,2.6,5.7,17.5,105.0,109.0,1995,Popeye Jones-1995,0.0,Not Selected,Forward,DAL,0.032520325203252036
1994-95,Michael Jordan,jordami01,SG,31,CHI,17,17,668,13.0,31.5,0.41100000000000003,1.2,2.5,0.5,11.7,29.0,0.40299999999999997,8.5,10.6,0.8009999999999999,2.0,7.2,9.1,7.0,2.3,1.0,2.7,3.7,35.7,109.0,103.0,1995,Michael Jordan-1995,0.0,Not Selected,Guard,CHI,0.04245709123757904
1994-95,Adam Keefe,keefead01,SF,24,UTA,75,0,1270,7.0,12.2,0.5770000000000001,0.0,0.0,0.0,7.0,12.2,0.5770000000000001,4.8,7.1,0.6759999999999999,5.5,7.8,13.3,1.2,1.5,1.0,2.5,5.8,18.8,120.0,106.0,1995,Adam Keefe-1995,0.0,Not Selected,Forward,UTA,0.05420054200542006
1994-95,Shawn Kemp,kempsh01,PF,25,SEA,82,79,2679,10.2,18.7,0.547,0.0,0.1,0.28600000000000003,10.2,18.6,0.5479999999999999,8.2,11.0,0.7490000000000001,6.0,10.8,16.8,2.8,1.9,2.3,4.9,6.3,28.7,115.0,102.0,1995,Shawn Kemp-1995,2.0,2nd,Forward,OKC,0.051490514905149054
1994-95,Steve Kerr,kerrst01,PG,29,CHI,82,0,1839,7.4,14.0,0.527,2.5,4.8,0.524,4.9,9.2,0.529,1.8,2.3,0.778,0.6,2.8,3.4,4.3,1.2,0.1,1.4,3.2,19.1,129.0,109.0,1995,Steve Kerr-1995,0.0,Not Selected,Guard,CHI,0.04245709123757904
1994-95,Jerome Kersey,kerseje01,SF,32,POR,63,0,1143,9.1,21.9,0.415,0.3,1.2,0.259,8.8,20.7,0.424,4.3,5.6,0.7659999999999999,4.2,7.3,11.5,3.7,2.3,1.6,2.9,7.7,22.7,104.0,103.0,1995,Jerome Kersey-1995,0.0,Not Selected,Forward,POR,0.03974706413730804
1994-95,Randolph Keys,keysra01,SF,28,LAL,6,0,83,5.5,15.8,0.34600000000000003,0.0,5.5,0.0,5.5,10.3,0.529,1.2,1.2,1.0,3.6,6.7,10.3,1.2,0.6,1.2,1.2,9.7,12.2,89.0,111.0,1995,Randolph Keys-1995,0.0,Not Selected,Forward,LAL,0.04336043360433604
1994-95,Jason Kidd,kiddja01,PG,21,DAL,79,79,2668,6.3,16.3,0.385,1.3,4.9,0.272,4.9,11.4,0.433,3.6,5.2,0.698,2.9,5.3,8.2,11.5,2.9,0.5,4.7,2.8,17.5,103.0,109.0,1995,Jason Kidd-1995,0.0,Not Selected,Guard,DAL,0.032520325203252036
1994-95,Rich King,kingri01,C,25,SEA,2,0,6,0.0,16.8,0.0,0.0,0.0,0.0,0.0,16.8,0.0,0.0,16.8,0.0,0.0,0.0,0.0,0.0,0.0,0.0,0.0,8.4,0.0,0.0,116.0,1995,Rich King-1995,0.0,Not Selected,Center,OKC,0.051490514905149054
1994-95,Stacey King,kingst01,PF,28,MIN,50,10,792,6.6,14.1,0.467,0.0,0.1,0.0,6.6,14.0,0.469,4.5,6.8,0.667,3.6,7.4,10.9,1.7,1.6,1.3,4.2,8.4,17.6,93.0,111.0,1995,Stacey King-1995,0.0,Not Selected,Forward,MIN,0.018970189701897018
1994-95,Greg Kite,kitegr01,C,33,TOT,11,0,77,2.1,11.7,0.17600000000000002,0.0,0.0,0.0,2.1,11.7,0.17600000000000002,1.4,6.9,0.2,8.3,6.9,15.2,0.7,0.0,0.0,4.1,10.4,5.5,58.0,109.0,1995,Greg Kite-1995,0.0,Not Selected,Center,TOT,0.03333333333333333
1994-95,Joe Kleine,kleinjo01,C,33,PHO,75,42,968,6.2,13.7,0.449,0.0,0.1,0.0,6.2,13.6,0.452,2.2,2.5,0.857,4.2,9.1,13.4,2.0,0.7,0.9,1.8,9.0,14.5,107.0,110.0,1995,Joe Kleine-1995,0.0,Not Selected,Center,PHO,0.053297199638663056
1994-95,Negele Knight,knighne01,PG,27,TOT,47,17,708,6.2,15.6,0.397,0.8,2.0,0.39299999999999996,5.4,13.5,0.39799999999999996,1.3,1.8,0.72,1.5,2.9,4.4,9.2,1.5,0.4,3.6,5.1,14.5,96.0,116.0,1995,Negele Knight-1995,0.0,Not Selected,Guard,TOT,0.03333333333333333
1994-95,Jon Koncak,koncajo01,C,31,ATL,62,20,943,4.4,10.6,0.41200000000000003,0.7,2.0,0.33299999999999996,3.7,8.6,0.43,0.7,1.4,0.542,1.3,9.1,10.4,2.9,2.0,2.6,1.1,7.8,10.1,101.0,101.0,1995,Jon Koncak-1995,0.0,Not Selected,Center,ATL,0.037940379403794036
1994-95,Larry Krystkowiak,krystla01,PF,30,CHI,19,14,287,5.1,13.1,0.389,0.0,0.0,0.0,5.1,13.1,0.389,4.9,5.5,0.9,3.5,7.3,10.7,4.7,1.6,0.4,4.5,6.2,15.1,96.0,105.0,1995,Larry Krystkowiak-1995,0.0,Not Selected,Forward,CHI,0.04245709123757904
1994-95,Toni Kukoč,kukocto01,SF,26,CHI,81,55,2584,9.8,19.5,0.504,1.3,4.0,0.313,8.6,15.5,0.5529999999999999,4.7,6.3,0.748,3.1,5.8,8.9,7.5,2.1,0.3,3.3,3.3,25.7,118.0,105.0,1995,Toni Kukoč-1995,0.0,Not Selected,Forward,CHI,0.04245709123757904
1994-95,Christian Laettner,laettch01,C,25,MIN,81,80,2770,8.5,17.4,0.489,0.2,0.8,0.325,8.3,16.7,0.49700000000000005,7.8,9.5,0.818,3.1,8.5,11.6,4.4,1.9,1.6,4.3,5.7,25.1,109.0,109.0,1995,Christian Laettner-1995,0.0,Not Selected,Center,MIN,0.018970189701897018
1994-95,Andrew Lang,langan01,C,28,ATL,82,63,2340,7.3,15.5,0.473,0.0,0.1,0.667,7.3,15.4,0.47200000000000003,3.5,4.3,0.809,3.5,6.9,10.4,1.6,1.0,3.3,2.5,6.2,18.1,106.0,105.0,1995,Andrew Lang-1995,0.0,Not Selected,Center,ATL,0.037940379403794036
1994-95,Antonio Lang,langan02,SF,22,PHO,12,0,53,3.8,9.4,0.4,0.0,0.0,0.0,3.8,9.4,0.4,2.8,3.8,0.75,2.8,0.9,3.8,0.9,0.0,1.9,4.7,10.4,10.4,78.0,116.0,1995,Antonio Lang-1995,0.0,Not Selected,Forward,PHO,0.053297199638663056
1994-95,Eric Leckner,leckner01,C,28,DET,57,11,623,7.2,13.6,0.527,0.0,0.2,0.0,7.2,13.5,0.534,4.2,6.0,0.708,3.9,10.5,14.4,1.2,1.2,1.2,3.2,10.1,18.6,106.0,110.0,1995,Eric Leckner-1995,0.0,Not Selected,Center,DET,0.025293586269196026
1994-95,Doug Lee,leedo01,SG,30,SAC,22,0,75,6.2,17.3,0.36,4.9,12.5,0.389,1.4,4.9,0.28600000000000003,12.5,14.6,0.857,0.0,3.5,3.5,3.5,4.2,2.1,3.5,12.5,29.8,123.0,102.0,1995,Doug Lee-1995,0.0,Not Selected,Guard,SAC,0.03523035230352303
1994-95,Tim Legler,legleti01,SG,28,GSW,24,0,371,7.9,15.2,0.522,3.4,6.6,0.52,4.5,8.6,0.523,4.0,4.5,0.882,1.6,3.7,5.3,3.6,1.6,0.1,2.6,4.4,23.3,126.0,115.0,1995,Tim Legler-1995,0.0,Not Selected,Guard,GSW,0.023486901535682024
1994-95,Jim Les,lesji01,PG,31,ATL,24,0,188,3.1,10.8,0.289,1.4,6.5,0.217,1.7,4.3,0.4,6.5,7.7,0.852,1.7,5.7,7.4,12.5,1.1,0.0,6.0,8.0,14.2,100.0,108.0,1995,Jim Les-1995,0.0,Not Selected,Guard,ATL,0.037940379403794036
1994-95,Cliff Levingston,levincl01,PF,34,DEN,57,0,469,6.2,14.5,0.423,0.0,0.1,0.0,6.2,14.4,0.426,2.1,5.0,0.42200000000000004,5.5,8.4,13.9,3.0,1.5,2.2,2.3,10.2,14.4,98.0,107.0,1995,Cliff Levingston-1995,0.0,Not Selected,Forward,DEN,0.037037037037037035
1994-95,Alton Lister,listeal01,C,36,MIL,60,32,776,4.4,8.9,0.493,0.0,0.1,0.0,4.4,8.9,0.496,2.3,4.7,0.5,4.5,11.3,15.7,0.8,1.1,3.8,2.5,9.7,11.1,99.0,106.0,1995,Alton Lister-1995,0.0,Not Selected,Center,MIL,0.03071364046973803
1994-95,Brad Lohaus,lohaubr01,PF,30,MIA,61,1,730,6.9,16.3,0.42,4.5,11.0,0.406,2.4,5.4,0.447,0.7,1.1,0.667,2.0,5.2,7.2,3.0,1.4,1.8,2.1,6.0,18.9,113.0,110.0,1995,Brad Lohaus-1995,0.0,Not Selected,Forward,MIA,0.028906955736224028
1994-95,Grant Long,longgr01,PF,28,TOT,81,79,2641,6.9,14.5,0.478,0.2,0.6,0.355,6.7,13.8,0.483,4.9,6.6,0.7509999999999999,3.9,8.4,12.3,2.6,2.2,0.7,3.1,4.9,19.0,108.0,104.0,1995,Grant Long-1995,0.0,Not Selected,Forward,TOT,0.03333333333333333
1994-95,Luc Longley,longllu01,C,26,CHI,55,0,1001,7.0,15.7,0.447,0.0,0.1,0.0,7.0,15.6,0.45,4.6,5.6,0.8220000000000001,4.3,9.4,13.7,3.8,1.3,2.3,4.5,9.2,18.7,100.0,102.0,1995,Luc Longley-1995,0.0,Not Selected,Center,CHI,0.04245709123757904
1994-95,Ryan Lorthridge,lorthry01,SG,22,GSW,37,2,672,7.7,16.3,0.475,0.2,1.0,0.214,7.5,15.2,0.493,4.2,6.4,0.648,1.8,3.4,5.2,7.4,2.0,0.1,4.2,3.1,19.8,102.0,114.0,1995,Ryan Lorthridge-1995,0.0,Not Selected,Guard,GSW,0.023486901535682024
1994-95,George Lynch,lynchge01,SF,24,LAL,56,15,953,7.3,15.6,0.46799999999999997,0.2,1.1,0.14300000000000002,7.1,14.5,0.493,3.3,4.6,0.721,4.0,5.8,9.7,3.3,2.7,0.5,3.9,4.6,18.0,99.0,109.0,1995,George Lynch-1995,0.0,Not Selected,Forward,LAL,0.04336043360433604
1994-95,Don MacLean,macledo01,PF,25,WSB,39,20,1052,7.6,17.4,0.43799999999999994,0.5,1.9,0.25,7.1,15.5,0.461,5.0,6.6,0.765,2.2,5.7,8.0,2.5,0.7,0.1,2.1,4.7,20.8,106.0,114.0,1995,Don MacLean-1995,0.0,Not Selected,Forward,WAS,0.018970189701897018
1994-95,Mark Macon,maconma01,SG,25,DET,55,6,721,7.2,18.9,0.381,1.4,4.4,0.32299999999999995,5.8,14.5,0.39899999999999997,3.9,4.9,0.794,2.1,3.4,5.4,4.5,4.8,0.1,2.9,6.9,19.7,98.0,109.0,1995,Mark Macon-1995,0.0,Not Selected,Guard,DET,0.025293586269196026
1994-95,Gerald Madkins,madkige01,SG,25,CLE,7,0,28,4.0,12.1,0.33299999999999996,2.0,4.0,0.5,2.0,8.1,0.25,6.1,8.1,0.75,0.0,0.0,0.0,2.0,4.0,0.0,6.1,4.0,16.2,81.0,105.0,1995,Gerald Madkins-1995,0.0,Not Selected,Guard,CLE,0.03884372177055104
1994-95,Rick Mahorn,mahorri01,PF,36,NJN,58,7,630,6.5,12.5,0.523,0.1,0.2,0.33299999999999996,6.4,12.2,0.527,3.2,4.0,0.7959999999999999,3.7,9.7,13.4,2.1,0.9,1.0,2.8,7.7,16.4,109.0,108.0,1995,Rick Mahorn-1995,0.0,Not Selected,Forward,BRK,0.02710027100271003
1994-95,Dan Majerle,majerda01,SF,29,PHO,82,46,3091,7.1,16.7,0.425,3.2,8.9,0.363,3.9,7.8,0.495,3.3,4.6,0.73,1.7,4.4,6.1,5.5,1.6,0.6,1.7,2.5,20.7,119.0,112.0,1995,Dan Majerle-1995,0.0,Not Selected,Forward,PHO,0.053297199638663056
1994-95,Jeff Malone,malonje01,SG,33,PHI,19,19,660,11.5,22.7,0.507,0.9,2.2,0.39299999999999996,10.6,20.5,0.52,4.1,4.7,0.8640000000000001,0.9,3.5,4.4,2.3,1.2,0.0,2.3,2.8,28.0,113.0,114.0,1995,Jeff Malone-1995,0.0,Not Selected,Guard,PHI,0.02168021680216802
1994-95,Karl Malone,malonka01,PF,31,UTA,82,82,3126,13.8,25.7,0.536,0.2,0.7,0.268,13.6,25.0,0.5429999999999999,8.6,11.5,0.742,2.6,11.9,14.4,4.7,2.1,1.4,3.9,4.5,36.3,115.0,101.0,1995,Karl Malone-1995,1.0,1st,Forward,UTA,0.05420054200542006
1994-95,Moses Malone,malonmo01,C,39,SAS,17,0,149,4.4,11.9,0.371,0.3,0.7,0.5,4.1,11.2,0.364,7.5,10.9,0.688,6.8,8.9,15.7,2.0,0.7,1.0,3.7,5.1,16.7,104.0,106.0,1995,Moses Malone-1995,0.0,Not Selected,Center,SAS,0.05600722673893405
1994-95,Danny Manning,mannida01,PF,28,PHO,46,19,1510,11.3,20.6,0.547,0.2,0.7,0.28600000000000003,11.1,19.9,0.556,4.5,6.7,0.6729999999999999,3.2,5.9,9.1,5.1,1.4,1.9,4.0,5.8,27.2,110.0,110.0,1995,Danny Manning-1995,0.0,Not Selected,Forward,PHO,0.053297199638663056
1994-95,Šarūnas Marčiulionis,marcisa01,SG,30,SEA,66,4,1194,9.1,19.2,0.473,1.5,3.7,0.402,7.6,15.6,0.489,6.1,8.3,0.732,0.7,2.1,2.9,4.6,3.0,0.1,4.1,5.3,25.8,106.0,108.0,1995,Šarūnas Marčiulionis-1995,0.0,Not Selected,Guard,OKC,0.051490514905149054
1994-95,Donyell Marshall,marshdo01,SF,21,TOT,72,31,2086,8.4,21.3,0.39399999999999996,1.7,5.9,0.284,6.7,15.4,0.436,3.6,5.4,0.662,3.3,6.5,9.8,2.6,1.1,2.1,2.8,3.8,22.0,96.0,112.0,1995,Donyell Marshall-1995,0.0,Not Selected,Forward,TOT,0.03333333333333333
1994-95,Bob Martin,martibo01,C,25,LAC,1,0,14,3.6,18.2,0.2,0.0,0.0,0.0,3.6,18.2,0.2,0.0,0.0,0.0,7.3,0.0,7.3,3.6,0.0,3.6,0.0,7.3,7.3,76.0,117.0,1995,Bob Martin-1995,0.0,Not Selected,Center,LAC,0.015356820234869015
1994-95,Darrick Martin,martida01,PG,23,MIN,34,9,803,6.2,15.2,0.408,0.5,2.5,0.184,5.8,12.8,0.451,3.7,4.3,0.877,0.9,3.3,4.2,8.7,2.2,0.0,4.1,5.8,16.6,97.0,114.0,1995,Darrick Martin-1995,0.0,Not Selected,Guard,MIN,0.018970189701897018
1994-95,Jamal Mashburn,mashbja01,SF,22,DAL,80,80,2980,11.6,26.6,0.436,1.9,5.9,0.32799999999999996,9.7,20.8,0.466,7.6,10.3,0.7390000000000001,2.0,3.7,5.6,5.1,1.4,0.1,4.0,3.2,32.8,110.0,113.0,1995,Jamal Mashburn-1995,0.0,Not Selected,Forward,DAL,0.032520325203252036
1994-95,Anthony Mason,masonan01,PF,28,NYK,77,11,2496,6.1,10.7,0.5660000000000001,0.0,0.0,0.0,6.1,10.7,0.5670000000000001,4.0,6.3,0.6409999999999999,3.8,9.9,13.7,5.1,1.5,0.4,2.6,5.3,16.1,119.0,102.0,1995,Anthony Mason-1995,0.0,Not Selected,Forward,NYK,0.04968383017163505
1994-95,Tony Massenburg,masseto01,C,27,LAC,80,50,2127,6.7,14.4,0.469,0.0,0.1,0.0,6.7,14.3,0.47200000000000003,4.2,5.6,0.753,3.8,7.1,10.9,1.6,1.1,1.4,2.8,6.1,17.7,103.0,111.0,1995,Tony Massenburg-1995,0.0,Not Selected,Center,LAC,0.015356820234869015
1994-95,Vernon Maxwell,maxweve01,SG,29,HOU,64,54,2038,7.7,19.4,0.39399999999999996,3.6,11.0,0.324,4.1,8.4,0.485,2.5,3.6,0.688,0.5,3.7,4.1,6.9,1.9,0.3,3.4,3.9,21.4,101.0,111.0,1995,Vernon Maxwell-1995,0.0,Not Selected,Guard,HOU,0.04245709123757904
1994-95,Lee Mayberry,maybele01,PG,24,MIL,82,50,1744,5.1,12.1,0.42200000000000004,2.1,5.3,0.40700000000000003,3.0,6.9,0.433,1.7,2.5,0.6990000000000001,0.6,1.8,2.4,8.2,1.5,0.1,3.1,3.7,14.1,107.0,115.0,1995,Lee Mayberry-1995,0.0,Not Selected,Guard,MIL,0.03071364046973803
1994-95,George McCloud,mccloge01,SF,27,DAL,42,3,802,9.1,20.7,0.439,2.1,5.6,0.382,7.0,15.1,0.46,5.1,6.1,0.833,5.2,4.1,9.3,3.3,1.5,0.6,2.5,4.5,25.4,118.0,112.0,1995,George McCloud-1995,0.0,Not Selected,Forward,DAL,0.032520325203252036
1994-95,Xavier McDaniel,mcdanxa01,SF,31,BOS,68,15,1430,8.8,19.5,0.451,0.2,0.7,0.28600000000000003,8.6,18.7,0.457,3.2,4.5,0.7120000000000001,3.4,7.4,10.7,3.9,1.1,0.7,3.2,5.2,21.0,102.0,111.0,1995,Xavier McDaniel-1995,0.0,Not Selected,Forward,BOS,0.031616982836495035
1994-95,Jim McIlvaine,mcilvji01,C,22,WSB,55,0,534,3.2,6.8,0.479,0.0,0.0,0.0,3.2,6.8,0.479,2.7,3.9,0.6829999999999999,3.8,6.2,10.0,1.0,1.0,5.7,1.8,9.0,9.1,108.0,108.0,1995,Jim McIlvaine-1995,0.0,Not Selected,Center,WAS,0.018970189701897018
1994-95,Derrick McKey,mckeyde01,SF,28,IND,81,81,2805,7.8,15.8,0.493,0.6,1.7,0.36,7.2,14.1,0.509,4.2,5.6,0.7440000000000001,2.4,5.1,7.5,5.2,2.4,0.9,3.2,4.9,20.4,111.0,105.0,1995,Derrick McKey-1995,0.0,Not Selected,Forward,IND,0.04697380307136405
1994-95,Aaron McKie,mckieaa01,SG,22,POR,45,20,827,7.2,16.1,0.444,0.7,1.7,0.39299999999999996,6.5,14.4,0.451,3.1,4.5,0.685,2.2,5.8,8.0,5.5,2.2,1.0,2.4,6.0,18.1,109.0,105.0,1995,Aaron McKie-1995,0.0,Not Selected,Guard,POR,0.03974706413730804
1994-95,Nate McMillan,mcmilna01,PG,30,SEA,80,18,2070,4.0,9.6,0.418,1.3,3.8,0.342,2.7,5.9,0.467,0.8,1.4,0.586,1.6,5.8,7.3,10.2,4.0,1.3,3.1,6.7,10.2,109.0,103.0,1995,Nate McMillan-1995,0.0,Not Selected,Guard,OKC,0.051490514905149054
1994-95,Darnell Mee,meeda01,SG,23,DEN,2,0,8,6.6,32.8,0.2,6.6,19.7,0.33299999999999996,0.0,13.1,0.0,0.0,0.0,0.0,0.0,6.6,6.6,13.1,6.6,0.0,0.0,0.0,19.7,92.0,100.0,1995,Darnell Mee-1995,0.0,Not Selected,Guard,DEN,0.037037037037037035
1994-95,Anthony Miller,millean01,PF,23,LAL,46,1,527,6.7,12.6,0.53,0.2,0.5,0.4,6.5,12.2,0.535,4.5,7.3,0.618,6.4,8.1,14.5,3.3,1.9,0.7,3.6,7.4,18.1,111.0,108.0,1995,Anthony Miller-1995,0.0,Not Selected,Forward,LAL,0.04336043360433604
1994-95,Oliver Miller,milleol01,PF,24,DET,64,22,1558,7.7,13.8,0.555,0.1,0.4,0.231,7.6,13.4,0.565,2.6,4.1,0.629,5.4,10.3,15.7,3.1,2.0,3.8,3.8,7.2,18.0,107.0,107.0,1995,Oliver Miller-1995,0.0,Not Selected,Forward,DET,0.025293586269196026
1994-95,Reggie Miller,millere01,SG,29,IND,81,81,2665,10.1,21.8,0.462,3.9,9.4,0.415,6.2,12.4,0.498,7.7,8.5,0.897,0.6,3.6,4.2,4.8,2.0,0.3,3.0,3.1,31.8,123.0,108.0,1995,Reggie Miller-1995,3.0,3rd,Guard,IND,0.04697380307136405
1994-95,Chris Mills,millsch01,SF,25,CLE,80,79,2814,7.2,17.2,0.42,1.9,4.8,0.392,5.3,12.4,0.431,3.5,4.3,0.8170000000000001,2.0,5.4,7.4,3.1,1.2,0.7,2.4,4.9,19.8,106.0,107.0,1995,Chris Mills-1995,0.0,Not Selected,Forward,CLE,0.03884372177055104
1994-95,Terry Mills,millste01,PF,27,DET,72,69,2514,8.5,19.1,0.447,2.2,5.8,0.382,6.3,13.3,0.475,3.6,4.5,0.799,2.5,8.9,11.4,3.3,1.4,0.7,3.0,5.2,22.9,107.0,112.0,1995,Terry Mills-1995,0.0,Not Selected,Forward,DET,0.025293586269196026
1994-95,Harold Miner,minerha01,PG,23,MIA,45,16,871,7.3,18.1,0.40299999999999997,0.8,2.9,0.28600000000000003,6.5,15.2,0.426,4.1,5.6,0.726,2.3,4.7,6.9,4.1,0.9,0.4,4.6,5.0,19.5,92.0,113.0,1995,Harold Miner-1995,0.0,Not Selected,Guard,MIA,0.028906955736224028
1994-95,Greg Minor,minorgr01,SG,23,BOS,63,8,945,8.4,16.3,0.515,0.1,0.6,0.16699999999999998,8.3,15.6,0.529,3.5,4.2,0.833,2.6,4.8,7.4,3.6,1.7,0.9,2.4,4.8,20.4,115.0,111.0,1995,Greg Minor-1995,0.0,Not Selected,Guard,BOS,0.031616982836495035
1994-95,Sam Mitchell,mitchsa01,SF,31,IND,81,12,1377,7.8,16.0,0.48700000000000004,0.0,0.4,0.1,7.7,15.6,0.496,4.9,6.7,0.7240000000000001,3.7,5.7,9.4,2.4,1.7,0.8,2.1,8.0,20.5,113.0,106.0,1995,Sam Mitchell-1995,0.0,Not Selected,Forward,IND,0.04697380307136405
1994-95,Eric Mobley,mobleer01,C,24,MIL,46,26,587,6.9,11.6,0.591,0.2,0.2,1.0,6.7,11.5,0.585,1.9,4.0,0.489,4.9,8.6,13.5,1.9,0.7,2.4,2.1,5.6,15.9,116.0,110.0,1995,Eric Mobley-1995,0.0,Not Selected,Center,MIL,0.03071364046973803
1994-95,Eric Montross,montrer01,C,23,BOS,78,75,2315,6.8,12.7,0.534,0.0,0.0,0.0,6.8,12.7,0.535,3.7,5.8,0.635,4.3,8.2,12.5,0.8,0.6,1.3,2.5,6.6,17.2,111.0,111.0,1995,Eric Montross-1995,0.0,Not Selected,Center,BOS,0.031616982836495035
1994-95,Chris Morris,morrich01,SF,29,NJN,71,49,2131,8.6,20.9,0.41,2.6,7.7,0.33399999999999996,6.0,13.2,0.455,3.5,4.8,0.728,4.4,5.4,9.8,3.6,2.1,1.2,2.9,3.8,23.2,106.0,108.0,1995,Chris Morris-1995,0.0,Not Selected,Forward,BRK,0.02710027100271003
1994-95,Dwayne Morton,mortodw01,PG,23,GSW,41,6,395,6.2,16.0,0.38799999999999996,1.1,3.1,0.36,5.1,12.9,0.39399999999999996,7.2,10.5,0.682,2.6,4.6,7.2,2.2,1.4,1.9,3.4,5.6,20.7,100.0,113.0,1995,Dwayne Morton-1995,0.0,Not Selected,Guard,GSW,0.023486901535682024
1994-95,Alonzo Mourning,mournal01,C,24,CHH,77,77,2941,10.2,19.7,0.519,0.2,0.6,0.324,10.0,19.1,0.525,8.8,11.5,0.7609999999999999,3.6,10.0,13.6,2.0,0.9,4.0,4.3,4.9,29.4,110.0,102.0,1995,Alonzo Mourning-1995,0.0,Not Selected,Center,CHO,0.045167118337850046
1994-95,Chris Mullin,mullich01,SF,31,GSW,25,23,890,9.4,19.2,0.489,2.3,5.1,0.452,7.1,14.0,0.502,5.2,5.9,0.879,1.4,5.0,6.3,6.9,2.1,1.0,5.1,2.9,26.2,109.0,112.0,1995,Chris Mullin-1995,0.0,Not Selected,Forward,GSW,0.023486901535682024
1994-95,Eric Murdock,murdoer01,PG,26,MIL,75,32,2158,8.1,19.5,0.415,2.2,5.8,0.375,6.0,13.8,0.43200000000000005,5.1,6.4,0.79,1.2,4.0,5.1,11.6,2.7,0.3,4.7,3.3,23.4,108.0,111.0,1995,Eric Murdock-1995,0.0,Not Selected,Guard,MIL,0.03071364046973803
1994-95,Gheorghe Mureșan,muresgh01,C,23,WSB,73,58,1720,8.9,16.0,0.56,0.0,0.0,0.0,8.9,16.0,0.56,3.7,5.2,0.7090000000000001,5.3,9.1,14.4,1.1,1.4,3.8,3.4,7.6,21.6,110.0,107.0,1995,Gheorghe Mureșan-1995,0.0,Not Selected,Center,WAS,0.018970189701897018
1994-95,Lamond Murray,murrala01,SF,21,LAC,81,61,2556,8.7,21.8,0.402,1.3,4.3,0.298,7.4,17.4,0.42700000000000005,4.0,5.3,0.754,2.6,4.4,7.0,2.6,1.4,1.1,3.2,3.6,22.7,95.0,113.0,1995,Lamond Murray-1995,0.0,Not Selected,Forward,LAC,0.015356820234869015
1994-95,Tracy Murray,murratr01,SF,23,TOT,54,3,516,9.4,23.1,0.408,3.5,8.5,0.40700000000000003,5.9,14.6,0.408,3.3,4.2,0.7859999999999999,2.0,3.9,5.8,1.9,1.4,0.4,3.5,7.2,25.5,100.0,110.0,1995,Tracy Murray-1995,0.0,Not Selected,Forward,TOT,0.03333333333333333
1994-95,Dikembe Mutombo,mutomdi01,C,28,DEN,82,82,3100,5.9,10.6,0.556,0.0,0.0,0.0,5.9,10.6,0.556,4.2,6.4,0.654,5.4,12.0,17.4,1.9,0.7,5.4,3.3,4.8,16.0,112.0,103.0,1995,Dikembe Mutombo-1995,0.0,Not Selected,Center,DEN,0.037037037037037035
1994-95,Pete Myers,myerspe01,SG,31,CHI,71,14,1270,4.9,11.8,0.415,0.4,1.6,0.256,4.5,10.2,0.44,2.9,4.7,0.614,2.3,3.4,5.7,6.1,2.4,0.6,3.6,5.1,13.1,97.0,106.0,1995,Pete Myers-1995,0.0,Not Selected,Guard,CHI,0.04245709123757904
1994-95,Ivano Newbill,newbiiv01,SF,24,DET,34,0,331,2.5,7.0,0.35600000000000004,0.0,0.0,0.0,2.5,7.0,0.35600000000000004,1.2,3.4,0.364,6.2,6.4,12.6,2.6,1.9,1.7,1.9,9.3,6.2,96.0,111.0,1995,Ivano Newbill-1995,0.0,Not Selected,Forward,DET,0.025293586269196026
1994-95,Johnny Newman,newmajo01,SF,31,MIL,82,11,1896,6.2,13.3,0.46299999999999997,1.2,3.5,0.35200000000000004,4.9,9.8,0.503,3.7,4.7,0.8009999999999999,2.0,2.8,4.7,2.5,1.9,0.4,2.3,6.4,17.3,111.0,113.0,1995,Johnny Newman-1995,0.0,Not Selected,Forward,MIL,0.03071364046973803
1994-95,Ken Norman,normake01,SF,30,ATL,74,27,1879,11.0,24.3,0.45299999999999996,2.8,8.1,0.344,8.2,16.2,0.508,1.8,4.0,0.457,2.9,7.4,10.3,2.7,1.0,0.6,2.7,4.4,26.7,103.0,107.0,1995,Ken Norman-1995,0.0,Not Selected,Forward,ATL,0.037940379403794036
1994-95,Julius Nwosu,nwosuju01,C,23,SAS,23,0,84,5.4,16.9,0.321,0.0,0.0,0.0,5.4,16.9,0.321,7.9,10.3,0.765,6.6,7.9,14.5,1.8,0.0,1.8,5.4,12.1,18.7,90.0,107.0,1995,Julius Nwosu-1995,0.0,Not Selected,Center,SAS,0.05600722673893405
1994-95,Shaquille O'Neal,onealsh01,C,22,ORL,79,79,2923,16.1,27.5,0.583,0.0,0.1,0.0,16.1,27.4,0.585,7.9,14.7,0.5329999999999999,5.7,9.9,15.6,3.7,1.3,3.3,3.5,4.5,40.0,118.0,104.0,1995,Shaquille O'Neal-1995,2.0,2nd,Center,ORL,0.051490514905149054
1994-95,Charles Oakley,oaklech01,PF,31,NYK,50,49,1567,6.5,13.2,0.489,0.1,0.4,0.25,6.4,12.8,0.496,4.0,5.0,0.7929999999999999,5.2,9.7,15.0,4.2,2.0,0.2,3.5,6.0,17.0,109.0,101.0,1995,Charles Oakley-1995,0.0,Not Selected,Forward,NYK,0.04968383017163505
1994-95,Hakeem Olajuwon,olajuha01,C,32,HOU,72,72,2853,14.3,27.6,0.517,0.1,0.3,0.188,14.2,27.3,0.52,7.3,9.6,0.7559999999999999,3.1,10.8,13.8,4.6,2.4,4.3,4.2,4.5,35.8,110.0,100.0,1995,Hakeem Olajuwon-1995,3.0,3rd,Center,HOU,0.04245709123757904
1994-95,Brian Oliver,olivebr01,SG,26,WSB,6,0,42,4.8,10.9,0.444,0.0,0.0,0.0,4.8,10.9,0.444,7.3,9.7,0.75,0.0,4.8,4.8,4.8,0.0,0.0,3.6,9.7,16.9,103.0,116.0,1995,Brian Oliver-1995,0.0,Not Selected,Guard,WAS,0.018970189701897018
1994-95,Bo Outlaw,outlabo01,PF,23,LAC,81,31,1655,5.2,10.0,0.523,0.0,0.2,0.0,5.2,9.8,0.531,2.5,5.7,0.441,3.7,5.9,9.6,2.6,2.8,4.6,2.4,7.0,13.0,102.0,106.0,1995,Bo Outlaw-1995,0.0,Not Selected,Forward,LAC,0.015356820234869015
1994-95,Doug Overton,overtdo01,PG,25,WSB,82,20,1704,6.2,14.8,0.41600000000000004,1.6,3.7,0.424,4.6,11.1,0.413,3.2,3.7,0.872,0.8,3.5,4.3,7.3,1.6,0.1,3.1,3.8,17.2,106.0,114.0,1995,Doug Overton-1995,0.0,Not Selected,Guard,WAS,0.018970189701897018
1994-95,Billy Owens,owensbi01,SG,25,MIA,70,60,2296,9.1,18.5,0.491,0.0,0.5,0.091,9.0,18.0,0.503,4.4,7.0,0.62,4.6,6.7,11.3,5.5,1.8,0.7,4.6,4.6,22.5,103.0,109.0,1995,Billy Owens-1995,0.0,Not Selected,Guard,MIA,0.028906955736224028
1994-95,Robert Pack,packro01,PG,25,DEN,42,32,1144,7.8,18.1,0.43,1.4,3.3,0.41700000000000004,6.4,14.8,0.433,6.3,8.0,0.7829999999999999,0.9,4.3,5.2,13.3,2.8,0.3,6.1,4.6,23.3,106.0,109.0,1995,Robert Pack-1995,0.0,Not Selected,Guard,DEN,0.037037037037037035
1994-95,Robert Parish,parisro01,C,41,CHH,81,4,1352,6.2,14.5,0.42700000000000005,0.0,0.0,0.0,6.2,14.5,0.42700000000000005,2.8,3.9,0.703,3.6,10.0,13.6,1.7,1.1,1.4,2.6,5.1,15.1,95.0,104.0,1995,Robert Parish-1995,0.0,Not Selected,Center,CHO,0.045167118337850046
1994-95,Gary Payton,paytoga01,PG,26,SEA,82,82,3015,11.4,22.4,0.509,1.2,3.9,0.302,10.3,18.6,0.5529999999999999,4.2,5.8,0.716,1.8,2.9,4.7,9.7,3.4,0.2,3.4,3.4,28.2,118.0,107.0,1995,Gary Payton-1995,2.0,2nd,Guard,OKC,0.051490514905149054
1994-95,Anthony Peeler,peelean01,SG,25,LAL,73,24,1559,9.2,21.3,0.43200000000000005,2.7,7.0,0.389,6.5,14.3,0.45399999999999996,3.3,4.1,0.797,2.0,3.4,5.4,3.9,1.7,0.4,2.7,4.6,24.5,108.0,113.0,1995,Anthony Peeler-1995,0.0,Not Selected,Guard,LAL,0.04336043360433604
1994-95,Mike Peplowski,peplomi01,C,24,DET,6,0,21,12.3,12.3,1.0,0.0,0.0,0.0,12.3,12.3,1.0,2.5,4.9,0.5,2.5,4.9,7.4,2.5,2.5,0.0,4.9,24.5,27.0,126.0,112.0,1995,Mike Peplowski-1995,0.0,Not Selected,Center,DET,0.025293586269196026
1994-95,Will Perdue,perduwi01,C,29,CHI,78,78,1592,8.3,15.0,0.5529999999999999,0.0,0.0,0.0,8.3,15.0,0.555,3.7,6.4,0.5820000000000001,6.9,10.2,17.1,2.9,0.9,1.8,3.8,7.2,20.3,111.0,103.0,1995,Will Perdue-1995,0.0,Not Selected,Center,CHI,0.04245709123757904
1994-95,Sam Perkins,perkisa01,C,33,SEA,82,37,2356,7.4,15.8,0.466,2.9,7.3,0.397,4.5,8.5,0.526,4.6,5.7,0.799,2.0,6.4,8.5,2.9,1.5,1.0,1.6,4.0,22.3,126.0,108.0,1995,Sam Perkins-1995,0.0,Not Selected,Center,OKC,0.051490514905149054
1994-95,Elliot Perry,perryel01,PG,25,PHO,82,51,1977,7.7,14.9,0.52,0.6,1.5,0.41700000000000004,7.1,13.4,0.532,4.0,4.9,0.81,1.3,2.5,3.8,10.0,3.9,0.1,4.1,3.6,20.1,114.0,109.0,1995,Elliot Perry-1995,0.0,Not Selected,Guard,PHO,0.053297199638663056
1994-95,Tim Perry,perryti01,PF,29,PHI,42,1,446,3.2,9.2,0.34600000000000003,0.0,1.7,0.0,3.2,7.6,0.42200000000000004,2.6,4.7,0.55,4.5,6.0,10.5,1.4,1.2,1.8,2.5,6.0,9.0,88.0,111.0,1995,Tim Perry-1995,0.0,Not Selected,Forward,PHI,0.02168021680216802
1994-95,Chuck Person,persoch01,SF,30,SAS,81,1,2033,7.9,18.7,0.423,4.3,11.1,0.387,3.6,7.6,0.475,1.6,2.5,0.647,1.2,5.2,6.4,2.6,1.1,0.3,2.5,4.9,21.8,107.0,108.0,1995,Chuck Person-1995,0.0,Not Selected,Forward,SAS,0.05600722673893405
1994-95,Wesley Person,persowe01,SG,23,PHO,78,56,1800,8.6,17.7,0.484,3.2,7.4,0.436,5.4,10.3,0.519,2.2,2.8,0.792,1.9,3.7,5.6,2.9,1.3,0.7,2.2,4.1,22.6,116.0,113.0,1995,Wesley Person-1995,0.0,Not Selected,Guard,PHO,0.053297199638663056
1994-95,Derrick Phelps,phelpde01,PG,22,SAC,3,0,5,0.0,10.4,0.0,0.0,0.0,0.0,0.0,10.4,0.0,0.0,20.8,0.0,0.0,0.0,0.0,10.4,0.0,0.0,0.0,31.2,0.0,29.0,114.0,1995,Derrick Phelps-1995,0.0,Not Selected,Guard,SAC,0.03523035230352303
1994-95,Bobby Phills,phillbo01,SG,25,CLE,80,79,2500,7.7,18.5,0.414,0.4,1.2,0.345,7.2,17.2,0.419,4.1,5.3,0.779,2.0,4.0,6.0,4.1,2.6,0.6,2.6,4.7,19.9,101.0,105.0,1995,Bobby Phills-1995,0.0,Not Selected,Guard,CLE,0.03884372177055104
1994-95,Eric Piatkowski,piatker01,SG,24,LAC,81,11,1208,8.5,19.2,0.441,3.1,8.3,0.374,5.4,10.9,0.49200000000000005,3.8,4.8,0.7829999999999999,2.7,2.9,5.6,3.2,1.6,0.6,2.7,6.3,23.8,111.0,114.0,1995,Eric Piatkowski-1995,0.0,Not Selected,Guard,LAC,0.015356820234869015
1994-95,Ricky Pierce,piercri01,PG,35,GSW,27,6,673,8.1,18.5,0.43700000000000006,1.7,5.1,0.32899999999999996,6.4,13.4,0.478,6.8,7.7,0.877,0.9,3.8,4.7,2.9,1.6,0.1,1.7,2.8,24.6,117.0,115.0,1995,Ricky Pierce-1995,0.0,Not Selected,Guard,GSW,0.023486901535682024
1994-95,Ed Pinckney,pincked01,PF,31,MIL,62,17,835,3.0,6.0,0.495,0.0,0.0,0.0,3.0,6.0,0.495,2.7,3.8,0.71,4.0,9.1,13.1,1.3,2.1,1.1,1.6,4.0,8.7,116.0,108.0,1995,Ed Pinckney-1995,0.0,Not Selected,Forward,MIL,0.03071364046973803
1994-95,Scottie Pippen,pippesc01,SF,29,CHI,79,79,3014,11.0,22.8,0.48,1.9,5.5,0.345,9.1,17.4,0.523,5.5,7.6,0.716,3.0,8.0,11.1,7.1,4.0,1.5,4.7,4.1,29.3,110.0,98.0,1995,Scottie Pippen-1995,1.0,1st,Forward,CHI,0.04245709123757904
1994-95,Olden Polynice,polynol01,C,30,SAC,81,81,2534,7.7,14.2,0.544,0.0,0.0,1.0,7.7,14.2,0.5429999999999999,2.5,4.0,0.639,5.7,9.2,14.9,1.3,1.0,1.1,2.3,4.9,18.0,114.0,106.0,1995,Olden Polynice-1995,0.0,Not Selected,Center,SAC,0.03523035230352303
1994-95,Terry Porter,portete01,PG,31,POR,35,9,770,7.0,17.7,0.39299999999999996,2.9,7.6,0.386,4.1,10.2,0.39899999999999997,3.9,5.4,0.7070000000000001,1.2,4.2,5.4,8.8,2.0,0.1,3.9,4.0,20.7,109.0,108.0,1995,Terry Porter-1995,0.0,Not Selected,Guard,POR,0.03974706413730804
1994-95,Mark Price,pricema01,PG,30,CLE,48,34,1375,10.4,25.2,0.413,4.2,10.4,0.40700000000000003,6.2,14.8,0.418,6.1,6.7,0.914,1.0,3.6,4.6,13.8,1.4,0.2,5.8,2.1,31.2,111.0,108.0,1995,Mark Price-1995,0.0,Not Selected,Guard,CLE,0.03884372177055104
1994-95,Kevin Pritchard,pritcke01,PG,27,TOT,19,0,194,3.5,8.6,0.406,0.5,2.1,0.25,2.9,6.4,0.45799999999999996,4.3,5.6,0.762,0.0,3.2,3.2,9.1,0.5,0.3,3.2,5.9,11.8,107.0,115.0,1995,Kevin Pritchard-1995,0.0,Not Selected,Guard,TOT,0.03333333333333333
1994-95,Kurt Rambis,rambiku01,PF,36,LAL,26,1,195,4.7,9.1,0.514,0.0,0.0,0.0,4.7,9.1,0.514,2.1,3.1,0.667,2.6,6.2,8.8,4.1,0.8,2.3,2.1,9.1,11.4,111.0,110.0,1995,Kurt Rambis-1995,0.0,Not Selected,Forward,LAL,0.04336043360433604
1994-95,Mark Randall,randama01,PF,27,DEN,8,0,39,4.0,13.5,0.3,0.0,1.3,0.0,4.0,12.1,0.33299999999999996,0.0,0.0,0.0,5.4,10.8,16.1,1.3,0.0,0.0,1.3,6.7,8.1,84.0,110.0,1995,Mark Randall-1995,0.0,Not Selected,Forward,DEN,0.037037037037037035
1994-95,Dino Rađa,radjadi01,PF,27,BOS,66,48,2147,10.7,21.9,0.49,0.0,0.0,0.0,10.7,21.8,0.49,5.5,7.3,0.759,3.5,10.1,13.6,2.6,1.4,2.0,3.8,5.5,26.9,106.0,107.0,1995,Dino Rađa-1995,0.0,Not Selected,Forward,BOS,0.031616982836495035
1994-95,Eldridge Recasner,recasel01,SG,27,DEN,3,0,13,4.0,24.2,0.16699999999999998,0.0,4.0,0.0,4.0,20.2,0.2,16.1,16.1,1.0,0.0,8.1,8.1,4.0,12.1,0.0,8.1,0.0,24.2,76.0,87.0,1995,Eldridge Recasner-1995,0.0,Not Selected,Guard,DEN,0.037037037037037035
1994-95,Khalid Reeves,reevekh01,PG,22,MIA,67,17,1462,7.3,16.4,0.44299999999999995,2.4,6.0,0.392,4.9,10.4,0.473,4.9,6.9,0.7140000000000001,1.8,4.7,6.6,10.2,2.7,0.4,4.7,4.9,21.9,111.0,109.0,1995,Khalid Reeves-1995,0.0,Not Selected,Guard,MIA,0.028906955736224028
1994-95,J.R. Reid,reidjr01,PF,26,SAS,81,37,1566,6.5,12.8,0.508,0.0,0.1,0.5,6.5,12.8,0.508,5.2,7.5,0.687,3.9,8.8,12.7,1.8,1.9,1.0,3.7,7.5,18.2,105.0,103.0,1995,J.R. Reid-1995,0.0,Not Selected,Forward,SAS,0.05600722673893405
1994-95,Glen Rice,ricegl01,SF,27,MIA,82,82,3014,11.4,24.0,0.475,3.2,7.7,0.41,8.3,16.3,0.506,5.3,6.3,0.855,1.7,4.8,6.5,3.3,1.9,0.2,2.6,3.5,31.4,118.0,111.0,1995,Glen Rice-1995,0.0,Not Selected,Forward,MIA,0.028906955736224028
1994-95,Pooh Richardson,richapo01,PG,28,LAC,80,77,2864,6.3,15.9,0.39399999999999996,1.5,4.3,0.35700000000000004,4.7,11.6,0.40700000000000003,1.4,2.2,0.648,0.7,4.0,4.6,11.2,2.3,0.2,3.0,3.9,15.5,102.0,112.0,1995,Pooh Richardson-1995,0.0,Not Selected,Guard,LAC,0.015356820234869015
1994-95,Mitch Richmond,richmmi01,SG,29,SAC,82,82,3172,10.9,24.5,0.446,2.6,6.9,0.368,8.4,17.6,0.47700000000000004,6.1,7.3,0.843,1.1,4.7,5.9,5.1,1.5,0.5,3.8,3.7,30.6,110.0,109.0,1995,Mitch Richmond-1995,2.0,2nd,Guard,SAC,0.03523035230352303
1994-95,Isaiah Rider,rideris01,SG,23,MIN,75,67,2645,11.1,24.8,0.447,2.8,7.9,0.35100000000000003,8.3,16.9,0.491,5.5,6.7,0.8170000000000001,1.8,3.2,4.9,4.9,1.4,0.5,4.6,3.9,30.4,103.0,116.0,1995,Isaiah Rider-1995,0.0,Not Selected,Guard,MIN,0.018970189701897018
1994-95,Eric Riley,rileyer01,C,24,LAC,40,4,434,7.6,17.0,0.44799999999999995,0.0,0.1,0.0,7.6,16.9,0.451,5.5,7.5,0.7340000000000001,5.3,7.9,13.1,1.3,2.0,4.1,3.6,9.1,20.8,100.0,107.0,1995,Eric Riley-1995,0.0,Not Selected,Center,LAC,0.015356820234869015
1994-95,Doc Rivers,riverdo01,PG,33,TOT,63,0,989,5.6,15.5,0.358,2.3,6.5,0.354,3.2,9.0,0.36,3.1,4.2,0.732,0.8,4.8,5.6,8.3,3.3,1.1,3.1,7.7,16.5,103.0,103.0,1995,Doc Rivers-1995,0.0,Not Selected,Guard,TOT,0.03333333333333333
1994-95,Fred Roberts,roberfr01,SF,34,CLE,21,0,223,7.1,18.3,0.389,1.0,2.8,0.364,6.1,15.5,0.39299999999999996,5.1,6.6,0.769,3.3,5.3,8.6,2.0,1.5,0.8,1.8,6.6,20.3,105.0,106.0,1995,Fred Roberts-1995,0.0,Not Selected,Forward,CLE,0.03884372177055104
1994-95,Clifford Robinson,robincl02,SF,28,POR,75,73,2725,11.2,24.8,0.452,2.7,7.2,0.371,8.5,17.6,0.486,5.0,7.2,0.6940000000000001,2.9,5.1,7.9,3.7,1.5,1.5,3.0,4.5,30.1,113.0,107.0,1995,Clifford Robinson-1995,0.0,Not Selected,Forward,POR,0.03974706413730804
1994-95,David Robinson,robinda01,C,29,SAS,81,81,3074,13.0,24.5,0.53,0.1,0.3,0.3,12.9,24.2,0.5329999999999999,10.8,14.0,0.774,3.9,10.6,14.5,3.9,2.2,4.3,3.8,3.8,36.9,120.0,99.0,1995,David Robinson-1995,1.0,1st,Center,SAS,0.05600722673893405
1994-95,Glenn Robinson,robingl01,SF,22,MIL,80,76,2958,11.1,24.7,0.451,1.5,4.7,0.321,9.6,20.0,0.48200000000000004,6.9,8.7,0.7959999999999999,3.0,6.0,9.0,3.4,2.0,0.4,5.5,4.1,30.7,102.0,111.0,1995,Glenn Robinson-1995,0.0,Not Selected,Forward,MIL,0.03071364046973803
1994-95,James Robinson,robinja02,PG,24,POR,71,25,1539,8.5,20.7,0.409,2.5,7.4,0.341,6.0,13.3,0.446,2.2,3.7,0.591,1.4,3.0,4.4,6.0,1.6,0.4,4.2,4.7,21.6,98.0,109.0,1995,James Robinson-1995,0.0,Not Selected,Guard,POR,0.03974706413730804
1994-95,Dennis Rodman,rodmade01,PF,33,SAS,49,26,1568,4.4,7.8,0.5710000000000001,0.0,0.1,0.0,4.4,7.7,0.5760000000000001,2.4,3.6,0.6759999999999999,8.9,17.8,26.6,3.1,1.0,0.7,3.2,5.1,11.3,120.0,100.0,1995,Dennis Rodman-1995,3.0,3rd,Forward,SAS,0.05600722673893405
1994-95,Carlos Rogers,rogerca01,C,23,GSW,49,18,1017,8.7,16.4,0.529,0.1,0.7,0.14300000000000002,8.6,15.7,0.546,3.7,7.0,0.521,5.2,8.2,13.4,1.8,1.1,2.5,4.0,6.0,21.1,101.0,110.0,1995,Carlos Rogers-1995,0.0,Not Selected,Center,GSW,0.023486901535682024
1994-95,Rodney Rogers,rogerro01,PF,23,DEN,80,77,2142,9.2,18.8,0.488,1.2,3.6,0.33799999999999997,8.0,15.2,0.523,4.4,6.7,0.6509999999999999,3.2,6.2,9.4,3.9,2.3,1.1,4.2,6.9,24.0,105.0,107.0,1995,Rodney Rogers-1995,0.0,Not Selected,Forward,DEN,0.037037037037037035
1994-95,Tree Rollins,rollitr01,C,39,ORL,51,3,478,2.1,4.4,0.47600000000000003,0.0,0.0,0.0,2.1,4.4,0.47600000000000003,2.2,3.3,0.677,3.3,6.8,10.0,1.0,0.7,3.8,2.4,6.7,6.4,99.0,107.0,1995,Tree Rollins-1995,0.0,Not Selected,Center,ORL,0.051490514905149054
1994-95,Sean Rooks,rooksse01,C,25,MIN,80,70,2405,6.3,13.4,0.47,0.0,0.1,0.0,6.3,13.3,0.474,6.3,8.3,0.7609999999999999,3.6,7.0,10.6,2.1,0.6,1.6,3.1,4.5,19.0,107.0,113.0,1995,Sean Rooks-1995,0.0,Not Selected,Center,MIN,0.018970189701897018
1994-95,Jalen Rose,roseja01,SF,22,DEN,81,37,1798,6.6,14.6,0.45399999999999996,1.1,3.3,0.316,5.6,11.3,0.495,5.0,6.8,0.7390000000000001,1.7,4.7,6.3,11.4,1.9,0.6,4.7,6.0,19.4,110.0,110.0,1995,Jalen Rose-1995,0.0,Not Selected,Forward,DEN,0.037037037037037035
1994-95,Donald Royal,royaldo01,SF,28,ORL,70,68,1841,5.6,11.9,0.475,0.0,0.1,0.0,5.6,11.8,0.479,6.1,8.2,0.746,2.3,5.4,7.6,5.4,1.2,0.4,3.4,4.3,17.4,111.0,110.0,1995,Donald Royal-1995,0.0,Not Selected,Forward,ORL,0.051490514905149054
1994-95,Clifford Rozier,roziecl01,C,22,GSW,66,34,1494,6.2,12.8,0.485,0.1,0.2,0.28600000000000003,6.1,12.6,0.488,2.2,5.0,0.447,6.6,9.4,15.9,1.5,1.1,1.3,2.9,6.4,14.7,100.0,110.0,1995,Clifford Rozier-1995,0.0,Not Selected,Center,GSW,0.023486901535682024
1994-95,Trevor Ruffin,ruffitr01,PG,24,PHO,49,1,319,13.2,30.9,0.426,6.0,15.5,0.384,7.2,15.4,0.469,4.2,6.0,0.711,1.3,2.4,3.6,7.5,2.2,0.3,7.4,8.2,36.5,98.0,112.0,1995,Trevor Ruffin-1995,0.0,Not Selected,Guard,PHO,0.053297199638663056
1994-95,Bryon Russell,russebr01,SF,24,UTA,63,15,860,6.3,14.3,0.43700000000000006,0.8,2.7,0.295,5.5,11.7,0.469,3.7,5.6,0.667,2.7,5.8,8.5,2.0,2.9,0.7,2.5,6.1,17.1,101.0,105.0,1995,Bryon Russell-1995,0.0,Not Selected,Forward,UTA,0.05420054200542006
1994-95,John Salley,sallejo01,C,30,MIA,75,50,1955,5.2,10.4,0.499,0.0,0.0,0.0,5.2,10.4,0.499,4.0,5.5,0.7390000000000001,2.9,6.0,8.9,3.3,1.2,2.2,2.6,7.4,14.5,111.0,109.0,1995,John Salley-1995,0.0,Not Selected,Center,MIA,0.028906955736224028
1994-95,Danny Schayes,schayda01,C,35,PHO,69,27,823,7.7,15.1,0.508,0.1,0.1,1.0,7.6,15.0,0.506,3.0,4.2,0.725,3.5,9.2,12.6,5.4,1.2,2.2,3.9,10.3,18.4,105.0,108.0,1995,Danny Schayes-1995,0.0,Not Selected,Center,PHO,0.053297199638663056
1994-95,Steve Scheffler,schefst01,C,27,SEA,18,0,102,5.9,11.3,0.522,0.0,0.0,0.0,5.9,11.3,0.522,7.4,8.9,0.833,3.9,7.4,11.3,2.0,1.0,1.0,1.5,4.4,19.2,134.0,108.0,1995,Steve Scheffler-1995,0.0,Not Selected,Center,OKC,0.051490514905149054
1994-95,Dwayne Schintzius,schindw01,C,26,NJN,43,11,318,6.7,17.7,0.38,0.0,0.0,0.0,6.7,17.7,0.38,1.0,1.8,0.545,4.7,8.5,13.3,2.5,0.5,2.8,2.8,7.4,14.4,87.0,108.0,1995,Dwayne Schintzius-1995,0.0,Not Selected,Center,BRK,0.02710027100271003
1994-95,Detlef Schrempf,schrede01,SF,32,SEA,82,82,2886,9.1,17.4,0.523,1.6,3.2,0.514,7.5,14.2,0.525,7.6,9.1,0.8390000000000001,2.4,6.5,8.8,5.4,1.6,0.6,3.1,4.4,27.4,127.0,108.0,1995,Detlef Schrempf-1995,3.0,3rd,Forward,OKC,0.051490514905149054
1994-95,Byron Scott,scottby01,PG,33,IND,80,1,1528,9.2,20.3,0.455,2.8,7.1,0.389,6.5,13.3,0.489,6.7,7.9,0.85,0.6,4.6,5.3,3.8,2.1,0.5,4.2,4.3,28.0,110.0,107.0,1995,Byron Scott-1995,0.0,Not Selected,Guard,IND,0.04697380307136405
1994-95,Dennis Scott,scottde01,SF,26,ORL,62,10,1499,9.5,21.7,0.439,5.1,11.9,0.426,4.5,9.9,0.45399999999999996,2.9,3.8,0.754,0.8,4.1,4.9,4.4,1.5,0.5,1.9,4.0,27.0,120.0,111.0,1995,Dennis Scott-1995,0.0,Not Selected,Forward,ORL,0.051490514905149054
1994-95,Malik Sealy,sealyma01,SG,24,LAC,60,41,1604,9.2,21.2,0.435,0.7,2.3,0.301,8.5,18.9,0.451,5.5,7.1,0.78,2.4,4.3,6.8,3.4,2.3,0.8,2.6,5.5,24.7,105.0,112.0,1995,Malik Sealy-1995,0.0,Not Selected,Guard,LAC,0.015356820234869015
1994-95,Rony Seikaly,seikaro01,C,29,GSW,36,35,1035,7.7,14.9,0.516,0.0,0.0,0.0,7.7,14.9,0.516,5.3,7.6,0.6940000000000001,3.6,9.0,12.6,2.1,0.9,1.8,4.9,5.8,20.6,99.0,111.0,1995,Rony Seikaly-1995,0.0,Not Selected,Center,GSW,0.023486901535682024
1994-95,Charles Shackleford,shackch01,PF,28,MIN,21,2,239,8.6,14.3,0.6,0.0,0.0,0.0,8.6,14.3,0.6,3.5,4.4,0.8,3.5,11.2,14.7,1.8,1.8,1.3,1.8,10.3,20.7,124.0,107.0,1995,Charles Shackleford-1995,0.0,Not Selected,Forward,MIN,0.018970189701897018
1994-95,Brian Shaw,shawbr01,PG,28,ORL,78,9,1836,5.3,13.6,0.389,1.3,5.1,0.261,4.0,8.5,0.465,1.9,2.6,0.737,1.4,5.2,6.6,11.2,2.0,0.5,5.1,5.1,13.8,97.0,109.0,1995,Brian Shaw-1995,0.0,Not Selected,Guard,ORL,0.051490514905149054
1994-95,Lionel Simmons,simmoli01,SF,26,SAC,58,3,1064,6.4,15.2,0.42,0.3,0.8,0.375,6.1,14.5,0.42200000000000004,2.9,4.1,0.7020000000000001,3.0,6.6,9.6,4.3,1.4,1.1,3.4,5.8,16.0,96.0,107.0,1995,Lionel Simmons-1995,0.0,Not Selected,Forward,SAC,0.03523035230352303
1994-95,Dickey Simpkins,simpkdi01,PF,22,CHI,59,5,586,6.9,16.4,0.424,0.0,0.0,0.0,6.9,16.4,0.424,4.5,6.4,0.6940000000000001,5.3,8.1,13.4,3.3,0.9,0.6,4.0,6.4,18.3,98.0,105.0,1995,Dickey Simpkins-1995,0.0,Not Selected,Forward,CHI,0.04245709123757904
1994-95,Scott Skiles,skilesc01,PG,30,WSB,62,62,2077,6.5,14.3,0.455,2.3,5.6,0.42100000000000004,4.1,8.7,0.47600000000000003,4.4,4.9,0.8859999999999999,0.6,3.3,3.9,11.1,1.7,0.1,4.2,3.3,19.7,115.0,114.0,1995,Scott Skiles-1995,0.0,Not Selected,Guard,WAS,0.018970189701897018
1994-95,Reggie Slater,slatere01,PF,24,DEN,25,0,236,8.9,18.0,0.494,0.0,0.0,0.0,8.9,18.0,0.494,8.9,12.2,0.727,4.7,8.0,12.7,2.7,1.6,0.7,5.8,10.5,26.7,104.0,108.0,1995,Reggie Slater-1995,0.0,Not Selected,Forward,DEN,0.037037037037037035
1994-95,Charles Smith,smithch01,SF,29,NYK,76,58,2150,8.6,18.3,0.47100000000000003,0.2,0.8,0.226,8.4,17.5,0.48200000000000004,6.2,7.9,0.792,3.5,4.4,7.9,2.9,1.2,2.3,3.6,7.0,23.7,106.0,105.0,1995,Charles Smith-1995,0.0,Not Selected,Forward,NYK,0.04968383017163505
1994-95,Chris Smith,smithch03,SG,24,MIN,64,17,1073,5.7,12.9,0.439,2.3,5.3,0.435,3.4,7.6,0.442,2.0,3.1,0.6509999999999999,0.7,2.9,3.6,7.1,1.6,1.1,2.4,5.8,15.7,110.0,115.0,1995,Chris Smith-1995,0.0,Not Selected,Guard,MIN,0.018970189701897018
1994-95,Doug Smith,smithdo03,PF,25,DAL,63,0,826,8.0,19.3,0.41700000000000004,0.1,0.7,0.083,8.0,18.5,0.43,3.5,4.6,0.76,2.6,6.2,8.8,2.7,1.8,1.6,2.3,8.1,19.6,102.0,109.0,1995,Doug Smith-1995,0.0,Not Selected,Forward,DAL,0.032520325203252036
1994-95,Kenny Smith,smithke01,PG,29,HOU,81,81,2030,7.2,14.9,0.484,3.6,8.3,0.429,3.6,6.6,0.5529999999999999,3.2,3.7,0.851,0.7,3.2,3.9,8.1,1.8,0.3,3.1,2.7,21.1,122.0,111.0,1995,Kenny Smith-1995,0.0,Not Selected,Guard,HOU,0.04245709123757904
1994-95,Michael Smith,smithmi01,PF,29,LAC,29,0,319,10.1,21.4,0.47,0.2,1.3,0.125,9.9,20.1,0.49200000000000005,4.1,4.8,0.867,2.1,6.9,8.9,3.2,1.0,0.3,2.9,6.5,24.4,103.0,113.0,1995,Michael Smith-1995,0.0,Not Selected,Forward,LAC,0.015356820234869015
1994-95,Steve Smith,smithst01,SG,25,TOT,80,61,2665,8.6,20.1,0.426,2.7,8.3,0.32899999999999996,5.8,11.8,0.494,6.3,7.4,0.841,2.1,3.4,5.5,5.5,1.2,0.7,3.1,4.5,26.1,115.0,109.0,1995,Steve Smith-1995,0.0,Not Selected,Guard,TOT,0.03333333333333333
1994-95,Tony Smith,smithto02,SG,26,LAL,61,4,1024,6.5,15.2,0.42700000000000005,1.6,4.5,0.35200000000000004,4.9,10.7,0.45899999999999996,2.2,3.1,0.698,2.1,3.2,5.3,5.0,2.3,0.3,2.5,5.5,16.7,106.0,112.0,1995,Tony Smith-1995,0.0,Not Selected,Guard,LAL,0.04336043360433604
1994-95,Rik Smits,smitsri01,C,28,IND,78,78,2381,12.5,23.7,0.526,0.0,0.0,0.0,12.5,23.7,0.527,6.4,8.4,0.753,4.3,9.2,13.5,2.5,0.9,1.8,4.2,6.2,31.3,110.0,105.0,1995,Rik Smits-1995,0.0,Not Selected,Center,IND,0.04697380307136405
1994-95,Elmore Spencer,spencel01,C,25,LAC,19,8,368,7.2,16.3,0.441,0.0,0.1,0.0,7.2,16.2,0.444,3.9,6.9,0.56,1.5,7.5,9.0,3.5,1.9,3.2,6.6,8.6,18.3,78.0,108.0,1995,Elmore Spencer-1995,0.0,Not Selected,Center,LAC,0.015356820234869015
1994-95,Felton Spencer,spencfe01,C,27,UTA,34,34,905,6.0,12.3,0.488,0.0,0.0,0.0,6.0,12.3,0.488,6.1,7.7,0.7929999999999999,5.2,9.7,14.9,1.0,0.7,1.8,3.9,7.5,18.2,107.0,105.0,1995,Felton Spencer-1995,0.0,Not Selected,Center,UTA,0.05420054200542006
1994-95,Latrell Sprewell,sprewla01,SG,24,GSW,69,69,2771,8.7,20.7,0.418,1.6,5.8,0.276,7.1,15.0,0.473,6.2,7.9,0.7809999999999999,1.0,3.5,4.5,4.9,2.0,0.8,4.1,1.9,25.1,102.0,114.0,1995,Latrell Sprewell-1995,0.0,Not Selected,Guard,GSW,0.023486901535682024
1994-95,John Starks,starkjo01,SG,29,NYK,80,78,2725,8.1,20.5,0.395,4.2,11.8,0.355,3.9,8.7,0.44799999999999995,3.2,4.4,0.737,0.7,3.6,4.2,7.9,1.8,0.1,3.1,5.0,23.6,107.0,106.0,1995,John Starks-1995,0.0,Not Selected,Guard,NYK,0.04968383017163505
1994-95,Larry Stewart,stewala01,SF,26,WSB,40,0,346,6.0,13.1,0.461,0.0,0.3,0.0,6.0,12.8,0.47100000000000003,2.9,4.4,0.667,4.1,5.7,9.8,2.6,2.3,1.3,2.3,7.6,15.0,104.0,110.0,1995,Larry Stewart-1995,0.0,Not Selected,Forward,WAS,0.018970189701897018
1994-95,Bryant Stith,stithbr01,SG,24,DEN,81,51,2329,7.0,14.9,0.47200000000000003,0.5,1.5,0.294,6.6,13.4,0.49200000000000005,6.0,7.3,0.8240000000000001,2.1,3.9,6.0,3.4,2.1,0.4,2.5,3.2,20.5,116.0,111.0,1995,Bryant Stith-1995,0.0,Not Selected,Guard,DEN,0.037037037037037035
1994-95,John Stockton,stockjo01,PG,32,UTA,82,82,2867,7.8,14.3,0.542,1.8,4.1,0.449,5.9,10.2,0.58,4.4,5.5,0.804,1.0,3.5,4.5,18.3,3.5,0.4,4.8,3.9,21.8,125.0,105.0,1995,John Stockton-1995,1.0,1st,Guard,UTA,0.05420054200542006
1994-95,Mark Strickland,stricma01,PF,24,IND,4,0,9,5.9,17.8,0.33299999999999996,0.0,0.0,0.0,5.9,17.8,0.33299999999999996,5.9,11.8,0.5,11.8,11.8,23.7,0.0,0.0,5.9,5.9,0.0,17.8,84.0,101.0,1995,Mark Strickland-1995,0.0,Not Selected,Forward,IND,0.04697380307136405
1994-95,Rod Strickland,stricro02,PG,28,POR,64,61,2267,10.0,21.4,0.466,1.0,2.8,0.374,8.9,18.6,0.48,6.4,8.6,0.745,1.6,5.5,7.2,12.7,2.8,0.2,4.7,2.7,27.3,115.0,105.0,1995,Rod Strickland-1995,0.0,Not Selected,Guard,POR,0.03974706413730804
1994-95,Derek Strong,stronde01,PF,26,BOS,70,24,1344,5.7,12.5,0.45299999999999996,0.1,0.3,0.28600000000000003,5.6,12.2,0.457,5.4,6.5,0.82,5.2,9.1,14.2,1.7,0.9,0.5,3.0,5.4,16.8,110.0,110.0,1995,Derek Strong-1995,0.0,Not Selected,Forward,BOS,0.031616982836495035
1994-95,Greg Sutton,suttogr01,PG,27,CHH,53,4,690,7.2,17.5,0.409,3.3,8.8,0.374,3.9,8.8,0.44299999999999995,2.4,3.4,0.711,0.6,3.7,4.3,6.9,2.5,0.2,3.9,8.7,20.1,100.0,107.0,1995,Greg Sutton-1995,0.0,Not Selected,Guard,CHO,0.045167118337850046
1994-95,Aaron Swinson,swinsaa01,SF,24,PHO,9,0,51,9.8,17.7,0.556,0.0,0.0,0.0,9.8,17.7,0.556,3.9,4.9,0.8,2.9,4.9,7.8,2.9,1.0,0.0,4.9,7.8,23.5,103.0,114.0,1995,Aaron Swinson-1995,0.0,Not Selected,Forward,PHO,0.053297199638663056
1994-95,Žan Tabak,tabakza01,C,24,HOU,37,0,182,6.7,14.8,0.45299999999999996,0.0,0.3,0.0,6.7,14.6,0.462,7.6,12.3,0.614,6.4,9.5,16.0,1.1,0.6,2.0,5.0,10.4,21.0,98.0,107.0,1995,Žan Tabak-1995,0.0,Not Selected,Center,HOU,0.04245709123757904
1994-95,Roy Tarpley,tarplro01,C,30,DAL,55,1,1354,10.9,22.8,0.479,0.2,0.7,0.278,10.7,22.2,0.485,3.8,4.6,0.836,5.3,11.5,16.8,2.2,1.7,2.1,4.1,5.8,25.9,105.0,105.0,1995,Roy Tarpley-1995,0.0,Not Selected,Center,DAL,0.032520325203252036
1994-95,Brooks Thompson,thompbr01,PG,24,ORL,38,2,246,9.2,23.4,0.395,3.7,11.9,0.31,5.5,11.5,0.48200000000000004,1.6,2.5,0.667,1.4,3.3,4.7,8.8,2.1,0.4,5.5,9.4,23.8,97.0,110.0,1995,Brooks Thompson-1995,0.0,Not Selected,Guard,ORL,0.051490514905149054
1994-95,LaSalle Thompson,thompla01,C,33,IND,38,3,453,5.8,13.9,0.415,0.0,0.0,0.0,5.8,13.9,0.415,1.6,1.9,0.875,3.3,7.2,10.5,2.1,2.1,1.2,3.9,8.9,13.2,86.0,104.0,1995,LaSalle Thompson-1995,0.0,Not Selected,Center,IND,0.04697380307136405
1994-95,Otis Thorpe,thorpot01,PF,32,TOT,70,35,2096,9.4,16.6,0.565,0.0,0.2,0.0,9.4,16.4,0.5710000000000001,4.1,6.8,0.594,4.9,8.7,13.6,2.7,1.0,0.7,3.2,5.5,22.8,113.0,107.0,1995,Otis Thorpe-1995,0.0,Not Selected,Forward,TOT,0.03333333333333333
1994-95,Sedale Threatt,threase01,PG,33,LAL,59,2,1384,7.9,15.9,0.49700000000000005,1.3,3.5,0.379,6.6,12.5,0.529,3.2,4.0,0.7929999999999999,0.8,3.8,4.5,9.0,2.0,0.4,2.6,5.1,20.3,119.0,112.0,1995,Sedale Threatt-1995,0.0,Not Selected,Guard,LAL,0.04336043360433604
1994-95,Wayman Tisdale,tisdawa01,PF,30,PHO,65,13,1276,10.9,22.5,0.484,0.0,0.0,0.0,10.9,22.5,0.484,3.7,4.8,0.77,3.3,6.4,9.7,1.8,1.1,1.1,2.5,7.4,25.5,105.0,111.0,1995,Wayman Tisdale-1995,0.0,Not Selected,Forward,PHO,0.053297199638663056
1994-95,Tom Tolbert,tolbeto01,PF,29,CHH,10,0,57,5.5,16.6,0.33299999999999996,0.0,3.7,0.0,5.5,12.9,0.429,1.8,1.8,1.0,6.5,9.2,15.7,1.8,0.0,0.0,2.8,8.3,12.9,87.0,108.0,1995,Tom Tolbert-1995,0.0,Not Selected,Forward,CHO,0.045167118337850046
1994-95,Keith Tower,towerke01,C,24,ORL,3,0,7,0.0,14.4,0.0,0.0,0.0,0.0,0.0,14.4,0.0,7.2,14.4,0.5,7.2,14.4,21.6,0.0,0.0,0.0,7.2,7.2,7.2,47.0,106.0,1995,Keith Tower-1995,0.0,Not Selected,Center,ORL,0.051490514905149054
1994-95,Anthony Tucker,tuckean01,SF,25,WSB,62,13,982,5.0,10.9,0.457,0.0,0.1,0.0,5.0,10.8,0.45899999999999996,2.6,4.3,0.614,2.3,6.5,8.8,3.5,2.4,0.6,2.9,6.7,12.6,97.0,110.0,1995,Anthony Tucker-1995,0.0,Not Selected,Forward,WAS,0.018970189701897018
1994-95,Henry Turner,turnehe02,PF,28,SAC,30,0,149,8.0,19.9,0.40399999999999997,0.7,1.7,0.4,7.3,18.1,0.40399999999999997,7.0,12.2,0.5710000000000001,5.9,3.8,9.8,2.4,2.8,0.3,4.2,7.0,23.7,97.0,107.0,1995,Henry Turner-1995,0.0,Not Selected,Forward,SAC,0.03523035230352303
1994-95,Jeff Turner,turneje01,PF,32,ORL,49,5,576,6.4,15.6,0.41,2.4,6.6,0.36,4.0,9.0,0.447,2.3,2.5,0.897,2.0,6.5,8.5,3.3,1.1,0.3,1.9,8.9,17.4,111.0,110.0,1995,Jeff Turner-1995,0.0,Not Selected,Forward,ORL,0.051490514905149054
1994-95,B.J. Tyler,tylerbj01,PG,23,PHI,55,8,809,4.7,12.3,0.381,1.0,3.3,0.314,3.7,9.0,0.406,2.3,3.3,0.7,0.8,3.2,4.0,11.3,2.3,0.1,6.3,3.8,12.7,87.0,112.0,1995,B.J. Tyler-1995,0.0,Not Selected,Guard,PHI,0.02168021680216802
1994-95,Nick Van Exel,vanexni01,PG,23,LAL,80,80,2944,8.0,19.0,0.42,3.1,8.8,0.358,4.8,10.2,0.473,4.0,5.1,0.7829999999999999,0.5,3.4,3.8,11.3,1.7,0.1,3.8,2.7,23.1,113.0,113.0,1995,Nick Van Exel-1995,0.0,Not Selected,Guard,LAL,0.04336043360433604
1994-95,Loy Vaught,vaughlo01,PF,26,LAC,80,79,2966,10.5,20.3,0.514,0.1,0.6,0.212,10.3,19.8,0.523,3.0,4.3,0.71,4.5,8.8,13.2,2.4,1.8,0.5,2.8,4.2,24.0,108.0,110.0,1995,Loy Vaught-1995,0.0,Not Selected,Forward,LAC,0.015356820234869015
1994-95,Fred Vinson,vinsofr01,SG,24,ATL,5,0,27,2.0,13.9,0.14300000000000002,2.0,11.9,0.16699999999999998,0.0,2.0,0.0,2.0,2.0,1.0,0.0,0.0,0.0,2.0,0.0,0.0,4.0,7.9,7.9,54.0,115.0,1995,Fred Vinson-1995,0.0,Not Selected,Guard,ATL,0.037940379403794036
1994-95,Kenny Walker,walkeke01,SF,30,WSB,24,0,266,3.4,8.0,0.429,0.0,0.0,0.0,3.4,8.0,0.429,4.0,5.3,0.75,3.6,5.3,9.0,1.3,1.0,1.0,2.9,8.0,10.9,100.0,113.0,1995,Kenny Walker-1995,0.0,Not Selected,Forward,WAS,0.018970189701897018
1994-95,Rex Walters,waltere01,SG,24,NJN,80,30,1435,7.5,17.0,0.439,2.6,7.1,0.36200000000000004,4.9,9.9,0.495,1.5,1.9,0.769,0.7,2.7,3.4,4.4,1.3,0.6,2.6,4.9,19.0,105.0,112.0,1995,Rex Walters-1995,0.0,Not Selected,Guard,BRK,0.02710027100271003
1994-95,Charlie Ward,wardch01,PG,24,NYK,10,0,44,4.8,22.7,0.21100000000000002,1.2,12.0,0.1,3.6,10.8,0.33299999999999996,8.4,12.0,0.7,1.2,6.0,7.2,4.8,2.4,0.0,9.6,8.4,19.1,63.0,103.0,1995,Charlie Ward-1995,0.0,Not Selected,Guard,NYK,0.04968383017163505
1994-95,Jamie Watson,watsoja01,SF,22,UTA,60,1,673,5.9,11.7,0.5,0.4,1.5,0.263,5.5,10.2,0.534,2.9,4.3,0.679,1.2,4.5,5.7,4.5,2.7,0.8,3.9,6.6,15.0,97.0,106.0,1995,Jamie Watson-1995,0.0,Not Selected,Forward,UTA,0.05420054200542006
1994-95,Clarence Weatherspoon,weathcl01,SF,24,PHI,76,76,2991,9.6,21.8,0.439,0.1,0.4,0.19,9.5,21.5,0.44299999999999995,5.0,6.6,0.7509999999999999,2.5,6.7,9.3,3.8,2.0,1.2,3.4,3.4,24.2,101.0,109.0,1995,Clarence Weatherspoon-1995,0.0,Not Selected,Forward,PHI,0.02168021680216802
1994-95,Spud Webb,webbsp01,PG,31,SAC,76,76,2458,6.4,14.6,0.43799999999999994,1.0,3.1,0.331,5.4,11.5,0.467,4.8,5.1,0.934,0.6,3.1,3.7,9.9,1.6,0.2,3.9,3.1,18.6,111.0,110.0,1995,Spud Webb-1995,0.0,Not Selected,Guard,SAC,0.03523035230352303
1994-95,Chris Webber,webbech01,PF,21,WSB,54,52,2067,11.4,23.0,0.495,1.0,3.6,0.276,10.4,19.5,0.535,2.9,5.7,0.502,4.9,7.8,12.7,6.3,2.0,2.1,4.1,4.6,26.7,105.0,108.0,1995,Chris Webber-1995,0.0,Not Selected,Forward,WAS,0.018970189701897018
1994-95,Bill Wennington,wennibi01,C,31,CHI,73,1,956,8.5,17.3,0.49200000000000005,0.0,0.2,0.0,8.5,17.1,0.498,2.8,3.4,0.81,3.5,6.9,10.4,2.2,1.2,0.9,2.1,10.8,19.8,110.0,105.0,1995,Bill Wennington-1995,0.0,Not Selected,Center,CHI,0.04245709123757904
1994-95,David Wesley,wesleda01,PG,24,BOS,51,36,1380,4.7,11.6,0.409,1.9,4.4,0.429,2.8,7.2,0.397,2.6,3.5,0.755,1.1,3.2,4.3,9.8,3.0,0.3,3.2,5.3,14.0,111.0,110.0,1995,David Wesley-1995,0.0,Not Selected,Guard,BOS,0.031616982836495035
1994-95,Doug West,westdo01,SG,27,MIN,71,65,2328,7.9,17.2,0.461,0.2,1.4,0.18,7.7,15.8,0.485,4.6,5.6,0.8370000000000001,1.4,3.8,5.1,4.2,1.5,0.5,2.8,5.6,20.7,104.0,115.0,1995,Doug West-1995,0.0,Not Selected,Guard,MIN,0.018970189701897018
1994-95,Mark West,westma01,C,34,DET,67,58,1543,7.2,13.0,0.556,0.0,0.0,0.0,7.2,13.0,0.556,2.2,4.6,0.478,5.3,8.3,13.6,0.6,0.9,3.4,2.8,8.2,16.7,104.0,111.0,1995,Mark West-1995,0.0,Not Selected,Center,DET,0.025293586269196026
1994-95,Ennis Whatley,whatlen01,PG,32,ATL,27,2,292,4.4,9.7,0.45299999999999996,0.4,1.5,0.25,4.0,8.2,0.489,3.7,5.9,0.625,1.6,3.8,5.5,9.9,3.5,0.0,3.5,6.8,12.8,108.0,105.0,1995,Ennis Whatley-1995,0.0,Not Selected,Guard,ATL,0.037940379403794036
1994-95,Chris Whitney,whitnch01,PG,23,SAS,25,0,179,4.0,13.3,0.298,0.9,5.4,0.158,3.1,7.9,0.39299999999999996,3.1,3.1,1.0,1.1,2.6,3.7,7.9,1.1,0.0,5.1,9.6,11.9,84.0,110.0,1995,Chris Whitney-1995,0.0,Not Selected,Guard,SAS,0.05600722673893405
1994-95,Morlon Wiley,wileymo01,PG,28,TOT,43,2,424,6.0,14.0,0.42700000000000005,3.6,9.5,0.38,2.4,4.6,0.526,0.8,1.2,0.7,0.7,4.4,5.2,9.0,2.6,0.2,2.8,5.3,16.4,119.0,110.0,1995,Morlon Wiley-1995,0.0,Not Selected,Guard,TOT,0.03333333333333333
1994-95,Dominique Wilkins,wilkido01,SF,35,BOS,77,64,2423,10.5,24.6,0.424,2.4,6.1,0.38799999999999996,8.1,18.5,0.436,5.6,7.2,0.782,3.3,5.1,8.4,3.5,1.3,0.3,3.6,2.7,28.9,107.0,113.0,1995,Dominique Wilkins-1995,0.0,Not Selected,Forward,BOS,0.031616982836495035
1994-95,Aaron Williams,williaa01,PF,23,MIL,15,0,72,5.8,17.3,0.33299999999999996,0.0,0.7,0.0,5.8,16.5,0.348,5.8,8.6,0.667,3.6,10.1,13.7,0.0,1.4,4.3,5.0,10.1,17.3,78.0,105.0,1995,Aaron Williams-1995,0.0,Not Selected,Forward,MIL,0.03071364046973803
1994-95,Buck Williams,willibu01,PF,34,POR,82,82,2422,6.5,12.8,0.512,0.0,0.0,0.5,6.5,12.7,0.512,2.9,4.3,0.6729999999999999,5.3,8.8,14.1,1.6,1.4,1.5,2.5,5.4,16.0,112.0,105.0,1995,Buck Williams-1995,0.0,Not Selected,Forward,POR,0.03974706413730804
1994-95,Herb Williams,willihe01,C,36,NYK,56,3,743,5.8,12.8,0.456,0.0,0.0,0.0,5.8,12.8,0.456,1.6,2.6,0.622,1.6,7.7,9.4,1.9,0.9,3.2,2.8,7.7,13.3,89.0,102.0,1995,Herb Williams-1995,0.0,Not Selected,Center,NYK,0.04968383017163505
1994-95,Hot Rod Williams,williho01,PF,32,CLE,74,73,2641,7.8,17.4,0.452,0.0,0.1,0.2,7.8,17.3,0.45299999999999996,4.2,6.1,0.685,3.7,7.2,10.9,4.1,1.8,2.2,3.2,4.5,19.9,102.0,103.0,1995,Hot Rod Williams-1995,0.0,Not Selected,Forward,CLE,0.03884372177055104
1994-95,Jayson Williams,willija01,PF,26,NJN,75,6,982,7.9,17.1,0.461,0.0,0.3,0.0,7.9,16.8,0.469,3.4,6.5,0.5329999999999999,9.5,13.0,22.5,1.9,1.4,1.7,3.1,8.5,19.2,104.0,104.0,1995,Jayson Williams-1995,0.0,Not Selected,Forward,BRK,0.02710027100271003
1994-95,John Williams,willijo02,SF,28,IND,34,0,402,5.4,15.3,0.35700000000000004,0.5,1.6,0.33299999999999996,4.9,13.7,0.359,1.9,3.3,0.56,3.1,5.2,8.2,3.6,1.3,0.3,4.6,6.4,13.3,79.0,108.0,1995,John Williams-1995,0.0,Not Selected,Forward,IND,0.04697380307136405
1994-95,Lorenzo Williams,willilo01,C,25,DAL,82,81,2383,3.1,6.5,0.47700000000000004,0.0,0.0,0.0,3.1,6.5,0.47700000000000004,0.8,2.1,0.376,6.2,8.5,14.7,2.6,1.1,3.1,2.2,6.5,7.0,103.0,108.0,1995,Lorenzo Williams-1995,0.0,Not Selected,Center,DAL,0.032520325203252036
1994-95,Micheal Williams,willimi02,PG,28,MIN,1,1,28,1.9,7.5,0.25,0.0,0.0,0.0,1.9,7.5,0.25,7.5,9.4,0.8,0.0,1.9,1.9,5.6,3.8,0.0,5.6,5.6,11.3,81.0,112.0,1995,Micheal Williams-1995,0.0,Not Selected,Guard,MIN,0.018970189701897018
1994-95,Monty Williams,willimo01,SF,23,NYK,41,23,503,6.3,13.9,0.451,0.0,0.8,0.0,6.3,13.1,0.48,1.8,4.0,0.447,4.4,5.9,10.3,5.1,2.1,0.4,4.3,9.1,14.3,91.0,104.0,1995,Monty Williams-1995,0.0,Not Selected,Forward,NYK,0.04968383017163505
1994-95,Reggie Williams,willire01,SF,30,DEN,74,70,2198,9.3,20.2,0.45899999999999996,2.0,6.4,0.32,7.2,13.8,0.522,3.2,4.2,0.759,2.2,5.6,7.9,5.5,2.7,1.6,3.0,6.3,23.7,111.0,107.0,1995,Reggie Williams-1995,0.0,Not Selected,Forward,DEN,0.037037037037037035
1994-95,Scott Williams,willisc01,PF,26,PHI,77,43,1781,6.1,12.9,0.475,0.0,0.2,0.0,6.1,12.6,0.48200000000000004,2.3,3.2,0.738,5.1,9.2,14.4,1.7,2.1,1.2,2.5,7.0,14.5,106.0,107.0,1995,Scott Williams-1995,0.0,Not Selected,Forward,PHI,0.02168021680216802
1994-95,Walt Williams,williwa02,SF,24,SAC,77,77,2739,8.4,18.9,0.446,2.0,5.6,0.348,6.5,13.3,0.48700000000000004,5.0,6.9,0.731,1.9,4.6,6.5,6.0,2.3,1.2,4.6,5.0,23.9,104.0,106.0,1995,Walt Williams-1995,0.0,Not Selected,Forward,SAC,0.03523035230352303
1994-95,Kevin Willis,willike02,PF,32,TOT,67,63,2390,10.2,22.0,0.466,0.1,0.3,0.2,10.2,21.6,0.47,4.4,6.4,0.69,4.9,10.9,15.8,1.9,1.3,0.8,3.5,4.7,25.0,102.0,107.0,1995,Kevin Willis-1995,0.0,Not Selected,Forward,TOT,0.03333333333333333
1994-95,Trevor Wilson,wilsotr01,PF,26,SAC,15,0,147,6.4,14.1,0.45,0.0,0.0,0.0,6.4,14.1,0.45,3.9,5.0,0.7859999999999999,3.5,5.7,9.2,4.2,1.4,0.7,2.1,4.2,16.6,111.0,108.0,1995,Trevor Wilson-1995,0.0,Not Selected,Forward,SAC,0.03523035230352303
1994-95,David Wingate,wingada01,SG,31,CHH,52,9,515,5.1,12.5,0.41,0.4,2.2,0.182,4.7,10.2,0.46,1.8,2.5,0.75,1.1,5.0,6.1,5.7,1.9,0.6,2.8,6.1,12.5,95.0,107.0,1995,David Wingate-1995,0.0,Not Selected,Guard,CHO,0.045167118337850046
1994-95,Dontonio Wingfield,wingfdo01,SF,20,SEA,20,0,81,11.2,31.7,0.353,1.2,7.4,0.16699999999999998,9.9,24.2,0.41,5.0,6.2,0.8,6.8,11.8,18.6,1.9,3.1,1.9,5.0,9.3,28.6,89.0,99.0,1995,Dontonio Wingfield-1995,0.0,Not Selected,Forward,OKC,0.051490514905149054
1994-95,Joe Wolf,wolfjo01,PF,30,CHH,63,6,583,3.4,7.3,0.469,0.2,0.5,0.33299999999999996,3.3,6.8,0.48,1.1,1.4,0.75,3.1,8.6,11.6,3.3,0.8,0.5,2.0,9.1,8.1,106.0,107.0,1995,Joe Wolf-1995,0.0,Not Selected,Forward,CHO,0.045167118337850046
1994-95,David Wood,woodda01,PF,30,GSW,78,13,1336,5.6,12.0,0.469,1.1,3.3,0.341,4.5,8.6,0.519,3.3,4.3,0.778,3.0,5.8,8.8,2.4,1.0,0.5,1.9,8.0,15.7,115.0,114.0,1995,David Wood-1995,0.0,Not Selected,Forward,GSW,0.023486901535682024
1994-95,Randy Woods,woodsra01,PG,24,LAC,62,3,495,3.8,12.0,0.316,2.3,7.6,0.297,1.5,4.4,0.349,2.9,3.9,0.737,1.0,3.5,4.5,13.8,4.2,0.0,5.7,8.9,12.8,94.0,109.0,1995,Randy Woods-1995,0.0,Not Selected,Guard,LAC,0.015356820234869015
1994-95,Haywoode Workman,workmha01,PG,29,IND,69,14,1028,5.2,13.9,0.375,1.8,5.1,0.35700000000000004,3.4,8.9,0.386,2.9,3.8,0.743,1.1,4.7,5.8,10.1,3.1,0.3,3.8,6.0,15.1,103.0,105.0,1995,Haywoode Workman-1995,0.0,Not Selected,Guard,IND,0.04697380307136405
1994-95,Sharone Wright,wrighsh01,C,22,PHI,79,49,2044,9.3,20.0,0.465,0.0,0.2,0.0,9.3,19.8,0.47,4.7,7.3,0.645,4.9,7.3,12.2,1.2,1.0,2.7,3.9,6.3,23.3,99.0,109.0,1995,Sharone Wright-1995,0.0,Not Selected,Center,PHI,0.02168021680216802
1994-95,Danny Young,youngda01,PG,32,MIL,7,0,77,6.1,11.4,0.529,3.4,8.1,0.41700000000000004,2.7,3.4,0.8,0.7,0.7,1.0,0.7,2.7,3.4,8.1,2.7,0.0,2.7,5.4,16.1,129.0,112.0,1995,Danny Young-1995,0.0,Not Selected,Guard,MIL,0.03071364046973803
1995-96,Mahmoud Abdul-Rauf,abdulma02,PG,26,DEN,57,53,2029,10.6,24.5,0.434,3.1,7.9,0.392,7.5,16.6,0.45399999999999996,3.7,4.0,0.93,0.7,2.9,3.5,10.0,1.6,0.1,3.0,3.0,28.1,114.0,112.0,1996,Mahmoud Abdul-Rauf-1996,0.0,Not Selected,Guard,DEN,0.02943650126156434
1995-96,Michael Adams,adamsmi01,PG,33,CHH,21,3,329,5.9,13.2,0.446,2.2,6.5,0.341,3.7,6.7,0.5479999999999999,4.1,5.6,0.743,0.8,2.7,3.5,10.7,3.3,0.6,4.0,4.0,18.2,114.0,110.0,1996,Michael Adams-1996,0.0,Not Selected,Guard,CHO,0.034482758620689655
1995-96,Rafael Addison,addisra01,SF,31,CHH,53,0,516,7.8,16.8,0.467,0.0,0.9,0.0,7.8,15.9,0.494,1.7,2.2,0.773,2.5,6.6,9.1,3.0,0.9,0.9,2.7,7.5,17.4,99.0,112.0,1996,Rafael Addison-1996,0.0,Not Selected,Forward,CHO,0.034482758620689655
1995-96,Cory Alexander,alexaco01,PG,22,SAS,60,0,560,5.8,14.2,0.406,2.4,6.1,0.39399999999999996,3.4,8.2,0.41600000000000004,1.5,2.3,0.64,0.8,3.0,3.9,11.1,2.5,0.2,6.2,8.6,15.4,92.0,105.0,1996,Cory Alexander-1996,0.0,Not Selected,Guard,SAS,0.0496215306980656
1995-96,Jerome Allen,allenje01,SG,23,MIN,41,0,362,5.1,14.9,0.34299999999999997,1.4,4.7,0.303,3.7,10.2,0.361,3.7,5.1,0.722,0.7,2.8,3.5,6.9,3.0,0.7,4.8,6.0,15.3,86.0,110.0,1996,Jerome Allen-1996,0.0,Not Selected,Guard,MIN,0.021867115222876366
1995-96,Derrick Alston,alstode01,C,23,PHI,73,41,1614,6.4,12.5,0.512,0.0,0.1,0.33299999999999996,6.4,12.4,0.513,1.8,3.6,0.491,4.1,5.6,9.7,2.0,1.8,1.7,1.9,6.2,14.6,106.0,112.0,1996,Derrick Alston-1996,0.0,Not Selected,Center,PHI,0.015138772077375946
1995-96,John Amaechi,amaecjo01,PF,25,CLE,28,3,357,4.7,11.4,0.414,0.0,0.0,0.0,4.7,11.4,0.414,3.1,5.4,0.5760000000000001,2.1,6.4,8.5,1.5,1.0,1.8,5.6,8.0,12.6,74.0,108.0,1996,John Amaechi-1996,0.0,Not Selected,Forward,CLE,0.03952901597981497
1995-96,Ashraf Amaya,amayaas01,PF,24,VAN,54,34,1104,5.8,12.0,0.48,0.0,0.0,0.0,5.8,12.0,0.48200000000000004,4.6,7.1,0.6509999999999999,5.4,9.0,14.5,1.6,1.1,0.5,2.7,7.2,16.2,106.0,108.0,1996,Ashraf Amaya-1996,0.0,Not Selected,Forward,MEM,0.012615643397813289
1995-96,Greg Anderson,andergr01,PF,31,SAS,46,7,344,3.6,7.0,0.511,0.0,0.1,0.0,3.6,6.9,0.522,0.9,3.7,0.24,4.3,10.6,14.9,1.5,1.3,3.6,3.3,9.9,8.1,86.0,99.0,1996,Greg Anderson-1996,0.0,Not Selected,Forward,SAS,0.0496215306980656
1995-96,Kenny Anderson,anderke01,PG,25,TOT,69,64,2344,7.8,18.7,0.418,2.1,5.7,0.359,5.8,13.0,0.445,5.8,7.6,0.769,1.4,3.1,4.6,12.9,2.5,0.3,3.3,4.0,23.6,118.0,110.0,1996,Kenny Anderson-1996,0.0,Not Selected,Guard,TOT,0.03333333333333333
1995-96,Nick Anderson,anderni01,SG,28,ORL,77,77,2717,7.7,17.4,0.442,3.2,8.3,0.391,4.5,9.1,0.489,3.2,4.6,0.6920000000000001,1.8,6.2,8.0,5.4,2.3,0.9,2.7,2.6,21.8,112.0,106.0,1996,Nick Anderson-1996,0.0,Not Selected,Guard,ORL,0.050462573591253154
1995-96,Willie Anderson,anderwi01,SG,29,TOT,76,44,2060,7.2,16.6,0.436,0.9,3.0,0.28300000000000003,6.4,13.6,0.47,3.3,4.1,0.81,1.2,5.0,6.2,5.0,1.9,1.5,3.6,5.8,18.7,99.0,110.0,1996,Willie Anderson-1996,0.0,Not Selected,Guard,TOT,0.03333333333333333
1995-96,Greg Anthony,anthogr01,PG,28,VAN,69,68,2096,8.2,19.7,0.415,2.3,6.8,0.332,5.9,12.8,0.45899999999999996,5.8,7.5,0.7709999999999999,0.7,3.6,4.4,12.0,2.9,0.3,4.0,3.4,24.3,109.0,109.0,1996,Greg Anthony-1996,0.0,Not Selected,Guard,MEM,0.012615643397813289
1995-96,B.J. Armstrong,armstbj01,PG,28,GSW,82,64,2262,7.7,16.5,0.46799999999999997,2.2,4.7,0.473,5.5,11.8,0.465,5.3,6.3,0.8390000000000001,0.5,3.7,4.2,9.1,1.5,0.1,2.9,3.3,23.0,123.0,113.0,1996,B.J. Armstrong-1996,0.0,Not Selected,Guard,GSW,0.030277544154751892
1995-96,Darrell Armstrong,armstda01,PG,27,ORL,13,0,41,20.4,40.8,0.5,7.7,15.3,0.5,12.8,25.5,0.5,5.1,5.1,1.0,0.0,2.6,2.6,6.4,7.7,0.0,7.7,5.1,53.6,104.0,98.0,1996,Darrell Armstrong-1996,0.0,Not Selected,Guard,ORL,0.050462573591253154
1995-96,Vincent Askew,askewvi01,SG,29,SEA,69,2,1725,6.4,12.9,0.493,0.9,2.6,0.337,5.5,10.4,0.531,3.6,4.8,0.764,1.9,4.5,6.5,4.8,1.4,0.4,2.8,5.3,17.3,112.0,106.0,1996,Vincent Askew-1996,0.0,Not Selected,Guard,OKC,0.05382674516400336
1995-96,Keith Askins,askinke01,SF,28,MIA,75,14,1897,4.4,10.9,0.402,2.7,6.6,0.418,1.6,4.3,0.377,1.2,1.6,0.789,3.1,5.9,9.0,3.4,1.3,1.7,2.3,7.5,12.7,111.0,104.0,1996,Keith Askins-1996,0.0,Not Selected,Forward,MIA,0.03532380151387721
1995-96,Stacey Augmon,augmost01,SF,27,ATL,77,49,2294,8.4,17.2,0.491,0.0,0.1,0.25,8.4,17.1,0.49200000000000005,5.9,7.4,0.792,3.2,3.9,7.1,3.2,2.5,0.7,3.2,4.4,22.8,112.0,109.0,1996,Stacey Augmon-1996,0.0,Not Selected,Forward,ATL,0.03868797308662742
1995-96,Anthony Avent,aventan01,PF,26,VAN,71,32,1586,6.0,15.5,0.384,0.0,0.0,0.0,6.0,15.5,0.384,1.9,2.6,0.74,3.6,8.2,11.8,2.3,1.0,1.4,3.6,6.7,13.8,82.0,108.0,1996,Anthony Avent-1996,0.0,Not Selected,Forward,MEM,0.012615643397813289
1995-96,Vin Baker,bakervi01,PF,24,MIL,82,82,3319,11.2,22.9,0.489,0.2,0.8,0.20800000000000002,11.0,22.1,0.499,5.1,7.7,0.67,4.2,8.7,12.9,3.4,1.1,1.5,3.5,4.4,27.7,106.0,110.0,1996,Vin Baker-1996,0.0,Not Selected,Forward,MIL,0.021026072329688814
1995-96,Steve Bardo,bardost01,SG,27,DET,9,0,123,4.0,10.2,0.391,0.0,1.8,0.0,4.0,8.5,0.474,1.8,2.7,0.667,0.9,8.9,9.8,6.7,1.8,0.4,2.2,7.6,9.8,97.0,103.0,1996,Steve Bardo-1996,0.0,Not Selected,Guard,DET,0.03868797308662742
1995-96,Charles Barkley,barklch01,PF,32,PHO,71,71,2632,11.3,22.7,0.5,1.0,3.4,0.28,10.4,19.3,0.539,8.6,11.1,0.777,4.8,11.3,16.1,5.1,2.2,1.1,4.3,4.1,32.3,115.0,105.0,1996,Charles Barkley-1996,3.0,3rd,Forward,PHO,0.034482758620689655
1995-96,Dana Barros,barroda01,PG,28,BOS,80,25,2328,8.1,17.3,0.47,3.2,7.9,0.408,4.9,9.4,0.523,2.8,3.1,0.884,0.4,3.7,4.1,6.6,1.2,0.1,2.6,2.5,22.2,118.0,113.0,1996,Dana Barros-1996,0.0,Not Selected,Guard,BOS,0.027754415475189236
1995-96,Brent Barry,barrybr01,SG,24,LAC,79,44,1898,7.7,16.2,0.474,3.3,8.0,0.41600000000000004,4.3,8.2,0.532,3.0,3.7,0.81,1.0,3.5,4.6,6.2,2.6,0.6,3.3,5.3,21.7,117.0,111.0,1996,Brent Barry-1996,0.0,Not Selected,Guard,LAC,0.024390243902439025
1995-96,Jon Barry,barryjo01,SG,26,GSW,68,0,712,6.6,13.3,0.49200000000000005,3.2,6.7,0.473,3.4,6.6,0.511,2.2,2.7,0.838,1.2,3.3,4.5,6.1,2.4,0.8,3.0,3.7,18.5,120.0,111.0,1996,Jon Barry-1996,0.0,Not Selected,Guard,GSW,0.030277544154751892
1995-96,Corey Beck,beckco01,PG,24,CHH,5,0,33,3.2,12.7,0.25,0.0,0.0,0.0,3.2,12.7,0.25,1.6,3.2,0.5,4.8,6.4,11.1,7.9,1.6,0.0,6.4,12.7,7.9,70.0,112.0,1996,Corey Beck-1996,0.0,Not Selected,Guard,CHO,0.034482758620689655
1995-96,Benoit Benjamin,benjabe01,C,31,TOT,83,71,1896,8.2,16.5,0.498,0.0,0.1,0.0,8.2,16.4,0.501,3.9,5.4,0.722,3.9,11.1,15.1,1.8,1.3,2.4,4.0,6.3,20.4,99.0,107.0,1996,Benoit Benjamin-1996,0.0,Not Selected,Center,TOT,0.03333333333333333
1995-96,Elmer Bennett,benneel01,PG,25,PHI,8,0,66,3.2,13.4,0.235,0.0,0.0,0.0,3.2,13.4,0.235,2.4,3.2,0.75,0.8,3.2,3.9,6.3,0.8,0.8,5.5,4.7,8.7,62.0,117.0,1996,Elmer Bennett-1996,0.0,Not Selected,Guard,PHI,0.015138772077375946
1995-96,Mario Bennett,bennema01,SF,22,PHO,19,14,230,6.5,14.3,0.45299999999999996,0.0,0.2,0.0,6.5,14.1,0.46,6.0,9.4,0.643,4.7,6.3,11.0,1.3,2.5,2.5,2.5,10.3,19.0,107.0,106.0,1996,Mario Bennett-1996,0.0,Not Selected,Forward,PHO,0.034482758620689655
1995-96,David Benoit,benoida01,SF,27,UTA,81,63,1961,6.9,15.8,0.439,1.7,5.2,0.33299999999999996,5.2,10.6,0.491,2.4,3.0,0.777,2.4,8.0,10.4,2.2,1.2,1.3,1.9,4.5,18.0,108.0,106.0,1996,David Benoit-1996,0.0,Not Selected,Forward,UTA,0.04625735912531539
1995-96,Travis Best,besttr01,PG,23,IND,59,1,571,6.5,15.3,0.423,0.8,2.4,0.32,5.7,13.0,0.442,7.1,8.5,0.833,1.0,3.1,4.1,9.1,1.9,0.3,5.9,7.5,20.8,102.0,109.0,1996,Travis Best-1996,0.0,Not Selected,Guard,IND,0.04373423044575273
1995-96,Mookie Blaylock,blaylmo01,PG,28,ATL,81,81,2893,8.4,20.8,0.405,4.3,11.5,0.371,4.1,9.3,0.44799999999999995,2.4,3.1,0.747,2.0,4.1,6.1,8.8,3.9,0.3,3.5,2.8,23.5,113.0,106.0,1996,Mookie Blaylock-1996,0.0,Not Selected,Guard,ATL,0.03868797308662742
1995-96,Corie Blount,blounco01,PF,27,LAL,57,2,715,5.7,12.1,0.473,0.0,0.1,0.0,5.7,12.0,0.479,1.8,3.2,0.568,5.0,7.3,12.4,3.1,1.8,2.5,3.4,7.9,13.3,98.0,105.0,1996,Corie Blount-1996,0.0,Not Selected,Forward,LAL,0.044575273338940284
1995-96,Muggsy Bogues,boguemu01,PG,31,CHH,6,0,77,4.1,10.9,0.375,0.0,0.7,0.0,4.1,10.2,0.4,1.4,1.4,1.0,4.1,0.7,4.8,12.9,1.4,0.0,4.1,2.7,9.5,104.0,117.0,1996,Muggsy Bogues-1996,0.0,Not Selected,Guard,CHO,0.034482758620689655
1995-96,Anthony Bonner,bonnean01,PF,27,ORL,4,0,43,6.1,18.2,0.33299999999999996,0.0,0.0,0.0,6.1,18.2,0.33299999999999996,3.6,8.5,0.429,7.3,15.8,23.1,4.9,3.6,0.0,3.6,13.4,15.8,88.0,96.0,1996,Anthony Bonner-1996,0.0,Not Selected,Forward,ORL,0.050462573591253154
1995-96,Melvin Booker,bookeme01,PG,23,HOU,11,0,131,6.3,19.7,0.32,1.2,7.5,0.158,5.1,12.2,0.419,3.5,4.3,0.818,0.4,3.1,3.5,8.3,2.0,0.4,4.7,7.1,17.3,84.0,110.0,1996,Melvin Booker-1996,0.0,Not Selected,Guard,HOU,0.040370058873002525
1995-96,Anthony Bowie,bowiean01,SG,32,ORL,74,4,1078,6.2,13.2,0.47100000000000003,0.6,1.5,0.387,5.6,11.7,0.48100000000000004,1.9,2.2,0.87,1.9,4.0,6.0,5.1,1.6,0.5,2.7,5.4,14.9,106.0,109.0,1996,Anthony Bowie-1996,0.0,Not Selected,Guard,ORL,0.050462573591253154
1995-96,Donnie Boyce,boycedo01,SG,22,ATL,8,0,41,11.8,30.0,0.391,5.2,10.4,0.5,6.5,19.6,0.33299999999999996,2.6,5.2,0.5,6.5,6.5,13.1,3.9,3.9,1.3,7.8,2.6,31.3,92.0,103.0,1996,Donnie Boyce-1996,0.0,Not Selected,Guard,ATL,0.03868797308662742
1995-96,Shawn Bradley,bradlsh01,C,23,TOT,79,68,2329,8.8,19.8,0.44299999999999995,0.0,0.1,0.25,8.7,19.7,0.444,3.8,5.6,0.687,5.0,9.4,14.4,1.4,1.1,6.5,4.0,6.5,21.4,95.0,101.0,1996,Shawn Bradley-1996,0.0,Not Selected,Center,TOT,0.03333333333333333
1995-96,Marques Bragg,braggma01,PF,25,MIN,53,0,369,7.5,16.7,0.45,0.0,0.0,0.0,7.5,16.7,0.45,3.2,5.7,0.561,5.3,5.7,11.0,1.1,2.4,1.1,3.6,9.9,18.2,93.0,108.0,1996,Marques Bragg-1996,0.0,Not Selected,Forward,MIN,0.021867115222876366
1995-96,Terrell Brandon,brandte01,PG,25,CLE,75,75,2570,11.6,24.9,0.465,2.1,5.3,0.387,9.5,19.5,0.48700000000000004,7.7,8.6,0.887,1.1,4.6,5.6,11.0,3.0,0.7,3.2,3.3,32.9,121.0,106.0,1996,Terrell Brandon-1996,0.0,Not Selected,Guard,CLE,0.03952901597981497
1995-96,Tim Breaux,breauti01,SF,25,HOU,54,4,570,5.3,14.5,0.366,1.4,4.2,0.326,4.0,10.4,0.38299999999999995,2.5,4.1,0.622,2.0,3.4,5.4,2.2,1.0,0.7,2.7,3.8,14.5,89.0,112.0,1996,Tim Breaux-1996,0.0,Not Selected,Forward,HOU,0.040370058873002525
1995-96,Frank Brickowski,brickfr01,C,36,SEA,63,8,986,6.4,13.1,0.488,1.7,4.1,0.405,4.7,9.0,0.526,3.2,4.5,0.7090000000000001,1.3,6.5,7.8,3.0,1.3,0.4,4.0,9.6,17.6,100.0,104.0,1996,Frank Brickowski-1996,0.0,Not Selected,Center,OKC,0.05382674516400336
1995-96,Scott Brooks,brooksc01,PG,30,DAL,69,0,716,9.4,20.6,0.457,1.8,4.4,0.40299999999999997,7.7,16.2,0.47200000000000003,4.1,4.8,0.855,0.8,2.1,2.9,7.0,3.0,0.2,3.0,3.7,24.7,113.0,112.0,1996,Scott Brooks-1996,0.0,Not Selected,Guard,DAL,0.021867115222876366
1995-96,Chucky Brown,brownch01,PF,27,HOU,82,82,2019,7.7,14.2,0.541,0.0,0.2,0.125,7.6,14.0,0.547,2.7,3.8,0.693,3.4,7.8,11.2,2.3,1.2,1.0,2.4,4.2,18.0,110.0,108.0,1996,Chucky Brown-1996,0.0,Not Selected,Forward,HOU,0.040370058873002525
1995-96,Dee Brown,brownde01,PG,27,BOS,65,23,1591,7.7,19.3,0.39899999999999997,2.1,6.9,0.309,5.6,12.4,0.449,4.2,5.0,0.8540000000000001,1.1,3.1,4.3,4.6,2.5,0.4,2.3,3.7,21.8,106.0,111.0,1996,Dee Brown-1996,0.0,Not Selected,Guard,BOS,0.027754415475189236
1995-96,Mike Brown,brownmi01,C,32,PHI,9,1,162,2.9,5.1,0.563,0.0,0.0,0.0,2.9,5.1,0.563,2.6,5.5,0.47100000000000003,4.5,7.4,11.9,1.0,1.0,0.6,1.9,7.7,8.4,107.0,114.0,1996,Mike Brown-1996,0.0,Not Selected,Center,PHI,0.015138772077375946
1995-96,P.J. Brown,brownpj01,C,26,NJN,81,81,2942,6.4,14.3,0.444,0.1,0.3,0.2,6.3,14.1,0.44799999999999995,3.7,4.8,0.77,3.9,6.2,10.1,3.0,1.4,1.8,2.4,4.5,16.4,107.0,107.0,1996,P.J. Brown-1996,0.0,Not Selected,Center,BRK,0.025231286795626577
1995-96,Randy Brown,brownra02,PG,27,CHI,68,0,671,6.1,15.1,0.406,0.1,0.9,0.091,6.0,14.2,0.425,2.2,3.6,0.609,1.3,3.8,5.2,5.7,4.5,0.9,2.4,6.9,14.5,99.0,98.0,1996,Randy Brown-1996,0.0,Not Selected,Guard,CHI,0.060555088309503784
1995-96,Mark Bryant,bryanma01,PF,30,HOU,71,9,1587,7.9,14.5,0.5429999999999999,0.0,0.1,0.0,7.9,14.4,0.545,4.1,5.7,0.718,4.3,7.1,11.4,1.7,1.0,0.6,2.8,7.6,19.8,112.0,109.0,1996,Mark Bryant-1996,0.0,Not Selected,Forward,HOU,0.040370058873002525
1995-96,Jud Buechler,buechju01,SF,27,CHI,74,0,740,8.0,17.2,0.46299999999999997,2.8,6.4,0.444,5.1,10.8,0.474,1.0,1.6,0.636,3.2,4.7,7.9,4.0,2.4,0.5,2.8,5.0,19.8,113.0,102.0,1996,Jud Buechler-1996,0.0,Not Selected,Forward,CHI,0.060555088309503784
1995-96,Matt Bullard,bullama01,PF,28,ATL,46,0,460,7.7,18.9,0.40700000000000003,3.0,8.4,0.361,4.7,10.5,0.444,1.9,2.3,0.8,2.1,4.9,7.0,2.1,2.0,1.3,2.8,5.8,20.3,103.0,109.0,1996,Matt Bullard-1996,0.0,Not Selected,Forward,ATL,0.03868797308662742
1995-96,Scott Burrell,burresc01,SF,25,CHH,20,20,693,7.0,15.6,0.447,2.8,7.4,0.37799999999999995,4.2,8.2,0.509,3.2,4.2,0.75,2.0,5.4,7.4,3.6,2.0,1.0,3.3,5.7,19.9,108.0,111.0,1996,Scott Burrell-1996,0.0,Not Selected,Forward,CHO,0.034482758620689655
1995-96,Junior Burrough,burroju01,PF,23,BOS,61,3,495,6.4,17.1,0.376,0.0,0.0,0.0,6.4,17.1,0.376,6.1,9.4,0.6559999999999999,4.5,6.4,11.0,1.5,1.5,1.0,4.0,7.5,19.0,90.0,110.0,1996,Junior Burrough-1996,0.0,Not Selected,Forward,BOS,0.027754415475189236
1995-96,Mitchell Butler,butlemi02,SG,25,WSB,61,3,858,5.3,13.7,0.384,0.8,3.6,0.217,4.5,10.1,0.444,2.9,5.0,0.578,1.7,5.3,7.0,4.0,2.4,0.7,4.0,6.2,14.1,86.0,107.0,1996,Mitchell Butler-1996,0.0,Not Selected,Guard,WAS,0.03280067283431455
1995-96,Jason Caffey,caffeja01,PF,22,CHI,57,0,545,6.9,15.7,0.43799999999999994,0.0,0.1,0.0,6.9,15.6,0.441,3.9,6.6,0.588,4.9,5.8,10.7,2.3,1.2,0.7,4.6,8.8,17.6,93.0,104.0,1996,Jason Caffey-1996,0.0,Not Selected,Forward,CHI,0.060555088309503784
1995-96,Michael Cage,cagemi01,C,34,CLE,82,80,2631,4.9,8.8,0.556,0.0,0.0,0.0,4.9,8.8,0.557,1.1,2.0,0.5429999999999999,6.4,9.8,16.2,1.2,1.9,1.8,1.2,4.8,10.9,124.0,104.0,1996,Michael Cage-1996,0.0,Not Selected,Center,CLE,0.03952901597981497
1995-96,Adrian Caldwell,caldwad01,PF,29,IND,51,1,327,7.6,13.6,0.5539999999999999,0.0,0.0,0.0,7.6,13.6,0.5539999999999999,3.0,5.9,0.5,6.9,11.2,18.1,1.0,1.5,0.8,5.8,12.0,18.1,94.0,103.0,1996,Adrian Caldwell-1996,0.0,Not Selected,Forward,IND,0.04373423044575273
1995-96,Elden Campbell,campbel01,PF,27,LAL,82,82,2699,8.6,17.1,0.503,0.0,0.1,0.0,8.6,17.0,0.506,4.8,6.7,0.713,3.1,8.9,12.0,3.5,1.7,4.1,2.6,5.8,22.0,111.0,103.0,1996,Elden Campbell-1996,0.0,Not Selected,Forward,LAL,0.044575273338940284
1995-96,Antoine Carr,carran01,SF,34,UTA,80,0,1532,8.1,17.8,0.457,0.0,0.1,0.0,8.1,17.7,0.46,4.0,5.0,0.792,2.5,4.5,7.0,2.6,1.0,2.3,2.7,8.8,20.2,102.0,108.0,1996,Antoine Carr-1996,0.0,Not Selected,Forward,UTA,0.04625735912531539
1995-96,Chris Carr,carrch01,SG,21,PHO,60,10,590,7.9,18.9,0.415,1.0,3.7,0.262,6.9,15.3,0.451,4.3,5.2,0.8170000000000001,2.4,6.5,8.9,3.8,0.9,0.4,3.5,6.7,20.9,98.0,112.0,1996,Chris Carr-1996,0.0,Not Selected,Guard,PHO,0.034482758620689655
1995-96,Sam Cassell,cassesa01,PG,26,HOU,61,0,1682,8.8,20.1,0.439,2.2,6.4,0.348,6.6,13.7,0.48200000000000004,7.2,8.7,0.825,1.6,4.2,5.8,8.5,1.6,0.1,4.8,5.1,27.1,109.0,110.0,1996,Sam Cassell-1996,0.0,Not Selected,Guard,HOU,0.040370058873002525
1995-96,Duane Causwell,causwdu01,C,27,SAC,73,26,1044,4.4,10.6,0.41700000000000004,0.0,0.0,0.0,4.4,10.6,0.419,3.4,4.7,0.7290000000000001,4.2,8.0,12.2,1.0,1.3,3.8,2.6,8.5,12.3,99.0,106.0,1996,Duane Causwell-1996,0.0,Not Selected,Center,SAC,0.03280067283431455
1995-96,Cedric Ceballos,cebalce01,SF,26,LAL,78,71,2628,12.6,23.8,0.53,1.0,3.6,0.27699999999999997,11.6,20.1,0.5760000000000001,6.5,8.1,0.804,4.3,6.3,10.6,2.4,1.9,0.4,3.3,2.8,32.7,117.0,107.0,1996,Cedric Ceballos-1996,0.0,Not Selected,Forward,LAL,0.044575273338940284
1995-96,Rex Chapman,chapmre01,SG,28,MIA,56,50,1865,8.2,19.2,0.426,3.5,9.5,0.371,4.6,9.7,0.48,2.3,3.2,0.735,0.6,3.5,4.1,4.7,1.3,0.3,2.2,3.3,22.2,110.0,108.0,1996,Rex Chapman-1996,0.0,Not Selected,Guard,MIA,0.03532380151387721
1995-96,Calbert Cheaney,cheanca01,SF,24,WSB,70,70,2324,9.4,19.9,0.47100000000000003,1.1,3.4,0.33799999999999997,8.2,16.5,0.498,3.3,4.7,0.706,1.5,3.8,5.3,3.4,1.5,0.4,2.8,4.5,23.2,104.0,110.0,1996,Calbert Cheaney-1996,0.0,Not Selected,Forward,WAS,0.03280067283431455
1995-96,Pete Chilcutt,chilcpe01,PF,27,HOU,74,0,651,5.8,14.2,0.408,2.9,7.8,0.37799999999999995,2.8,6.4,0.444,1.3,2.1,0.654,4.0,8.3,12.3,2.1,1.5,1.1,1.7,5.1,15.8,110.0,106.0,1996,Pete Chilcutt-1996,0.0,Not Selected,Forward,HOU,0.040370058873002525
1995-96,Randolph Childress,childra01,PG,23,POR,28,0,250,5.2,16.4,0.316,2.7,9.7,0.27699999999999997,2.5,6.6,0.375,4.6,5.6,0.815,0.2,3.7,3.9,6.6,1.7,0.2,5.8,4.6,17.6,88.0,106.0,1996,Randolph Childress-1996,0.0,Not Selected,Guard,POR,0.03700588730025231
1995-96,Chris Childs,childch01,PG,28,NJN,78,54,2408,7.1,17.1,0.41600000000000004,2.1,5.7,0.36700000000000005,5.0,11.4,0.441,5.7,6.7,0.852,1.1,4.3,5.4,12.0,2.4,0.2,5.0,5.4,22.0,109.0,108.0,1996,Chris Childs-1996,0.0,Not Selected,Guard,BRK,0.025231286795626577
1995-96,Doug Christie,chrisdo01,SF,25,TOT,55,17,1036,7.5,16.8,0.445,2.3,5.3,0.434,5.2,11.5,0.45,3.4,4.6,0.742,1.7,6.0,7.7,5.8,3.5,0.9,4.7,7.0,20.7,101.0,107.0,1996,Doug Christie-1996,0.0,Not Selected,Forward,TOT,0.03333333333333333
1995-96,Robert Churchwell,churcro01,SG,23,GSW,4,0,20,7.7,20.5,0.375,0.0,0.0,0.0,7.7,20.5,0.375,0.0,0.0,0.0,0.0,7.7,7.7,2.6,0.0,0.0,5.1,2.6,15.4,68.0,114.0,1996,Robert Churchwell-1996,0.0,Not Selected,Guard,GSW,0.030277544154751892
1995-96,Charles Claxton,claxtch01,C,25,BOS,3,0,7,7.1,14.2,0.5,0.0,0.0,0.0,7.1,14.2,0.5,0.0,14.2,0.0,14.2,0.0,14.2,0.0,0.0,7.1,7.1,28.5,14.2,72.0,110.0,1996,Charles Claxton-1996,0.0,Not Selected,Center,BOS,0.027754415475189236
1995-96,John Coker,cokerjo01,C,24,PHO,5,0,11,18.7,23.4,0.8,0.0,0.0,0.0,18.7,23.4,0.8,0.0,0.0,0.0,9.4,0.0,9.4,4.7,0.0,4.7,0.0,4.7,37.4,166.0,114.0,1996,John Coker-1996,0.0,Not Selected,Center,PHO,0.034482758620689655
1995-96,Derrick Coleman,colemde01,PF,28,PHI,11,11,294,8.5,20.9,0.40700000000000003,1.2,3.7,0.33299999999999996,7.3,17.2,0.423,3.5,5.7,0.625,2.3,10.4,12.7,5.5,0.7,1.8,5.0,5.3,21.8,90.0,111.0,1996,Derrick Coleman-1996,0.0,Not Selected,Forward,PHI,0.015138772077375946
1995-96,Bimbo Coles,colesbi01,PG,27,TOT,81,55,2615,6.4,15.5,0.409,1.8,5.1,0.34600000000000003,4.6,10.5,0.44,3.4,4.2,0.7959999999999999,1.0,4.2,5.2,8.4,1.9,0.3,3.4,5.1,17.8,107.0,107.0,1996,Bimbo Coles-1996,0.0,Not Selected,Guard,TOT,0.03333333333333333
1995-96,Marty Conlon,conloma01,C,28,MIL,74,1,958,8.5,18.2,0.46799999999999997,0.3,1.7,0.16699999999999998,8.2,16.5,0.498,4.7,6.1,0.764,3.2,6.6,9.8,3.8,1.1,0.6,4.4,7.0,21.9,100.0,112.0,1996,Marty Conlon-1996,0.0,Not Selected,Center,MIL,0.021026072329688814
1995-96,Anthony Cook,cookan01,PF,28,POR,11,0,60,6.0,13.8,0.43799999999999994,0.0,1.7,0.0,6.0,12.1,0.5,0.9,3.5,0.25,4.3,6.0,10.4,1.7,0.0,0.9,0.9,6.9,13.0,101.0,108.0,1996,Anthony Cook-1996,0.0,Not Selected,Forward,POR,0.03700588730025231
1995-96,Tyrone Corbin,corbity01,SF,33,TOT,71,2,1284,6.2,14.1,0.442,0.1,0.7,0.16699999999999998,6.1,13.4,0.456,4.0,4.8,0.833,3.3,6.6,9.8,3.4,2.5,0.8,2.7,5.9,16.6,106.0,106.0,1996,Tyrone Corbin-1996,0.0,Not Selected,Forward,TOT,0.03333333333333333
1995-96,Joe Courtney,courtjo01,PF,26,CLE,23,0,200,4.4,10.2,0.429,0.0,0.0,0.0,4.4,10.2,0.429,2.3,5.2,0.444,7.0,7.3,14.3,2.6,1.5,1.7,5.0,10.2,11.1,87.0,106.0,1996,Joe Courtney-1996,0.0,Not Selected,Forward,CLE,0.03952901597981497
1995-96,John Crotty,crottjo01,PG,26,CLE,58,4,617,4.8,10.8,0.447,0.8,2.6,0.29600000000000004,4.1,8.2,0.494,5.9,6.8,0.861,1.9,3.2,5.1,9.6,2.1,0.6,4.8,5.7,16.3,110.0,109.0,1996,John Crotty-1996,0.0,Not Selected,Guard,CLE,0.03952901597981497
1995-96,Terry Cummings,cummite01,PF,34,MIL,81,13,1777,8.1,17.5,0.462,0.0,0.2,0.14300000000000002,8.1,17.3,0.466,3.1,4.8,0.65,4.8,8.5,13.3,2.7,1.7,0.9,2.1,7.9,19.3,107.0,109.0,1996,Terry Cummings-1996,0.0,Not Selected,Forward,MIL,0.021026072329688814
1995-96,Dell Curry,curryde01,SG,31,CHH,82,29,2371,9.8,21.5,0.45299999999999996,3.6,9.0,0.40399999999999997,6.1,12.6,0.488,3.2,3.8,0.8540000000000001,1.5,4.3,5.8,3.9,2.4,0.6,2.9,3.8,26.4,111.0,111.0,1996,Dell Curry-1996,0.0,Not Selected,Guard,CHO,0.034482758620689655
1995-96,Michael Curry,currymi01,SG-SF,27,TOT,46,1,783,5.1,11.2,0.45299999999999996,1.4,3.7,0.377,3.7,7.5,0.491,3.1,4.3,0.726,1.9,4.0,5.9,1.9,1.7,0.1,1.7,6.4,14.7,112.0,107.0,1996,Michael Curry-1996,0.0,Not Selected,Forward,TOT,0.03333333333333333
1995-96,Rastko Cvetković,cvetkra01,C,25,DEN,14,0,48,5.4,17.4,0.313,0.0,1.1,0.0,5.4,16.3,0.33299999999999996,0.0,4.3,0.0,4.3,7.6,11.9,3.3,2.2,1.1,3.3,11.9,10.8,67.0,106.0,1996,Rastko Cvetković-1996,0.0,Not Selected,Center,DEN,0.02943650126156434
1995-96,Sasha Danilović,danilsa01,SG,25,MIA,19,18,542,8.1,17.9,0.451,3.3,7.6,0.436,4.8,10.3,0.462,5.3,7.0,0.764,1.2,3.3,4.5,4.6,1.5,0.3,3.6,4.8,24.8,112.0,107.0,1996,Sasha Danilović-1996,0.0,Not Selected,Guard,MIA,0.03532380151387721
1995-96,Yinka Dare,dareyi01,C,23,NJN,58,23,626,5.3,12.1,0.43799999999999994,0.0,0.0,0.0,5.3,12.1,0.43799999999999994,3.2,5.2,0.613,4.7,10.5,15.3,0.0,0.7,3.4,6.1,9.9,13.8,77.0,104.0,1996,Yinka Dare-1996,0.0,Not Selected,Center,BRK,0.025231286795626577
1995-96,Antonio Davis,davisan01,PF,27,IND,82,14,2092,6.1,12.4,0.49,0.0,0.1,0.5,6.0,12.3,0.49,6.3,8.9,0.713,4.8,8.0,12.9,1.1,0.8,1.7,2.2,6.4,18.5,117.0,107.0,1996,Antonio Davis-1996,0.0,Not Selected,Forward,IND,0.04373423044575273
1995-96,Dale Davis,davisda01,PF,26,IND,78,77,2617,6.9,12.3,0.5579999999999999,0.0,0.0,0.0,6.9,12.3,0.5579999999999999,2.8,5.9,0.467,5.2,9.4,14.6,1.6,1.2,2.3,2.4,4.9,16.5,110.0,105.0,1996,Dale Davis-1996,0.0,Not Selected,Forward,IND,0.04373423044575273
1995-96,Hubert Davis,davishu01,SG,25,NYK,74,14,1773,8.2,16.8,0.486,3.8,7.9,0.47600000000000003,4.4,8.9,0.495,3.3,3.8,0.868,1.0,2.6,3.7,3.1,0.9,0.2,1.9,3.6,23.5,122.0,109.0,1996,Hubert Davis-1996,0.0,Not Selected,Guard,NYK,0.03952901597981497
1995-96,Mark Davis,davisma02,SF,22,MIN,57,0,571,4.9,13.4,0.369,0.4,1.2,0.308,4.6,12.2,0.375,6.7,10.4,0.638,5.0,6.2,11.2,4.2,3.6,2.0,6.1,8.3,16.9,88.0,105.0,1996,Mark Davis-1996,0.0,Not Selected,Forward,MIN,0.021867115222876366
1995-96,Terry Davis,daviste01,PF,28,DAL,28,0,501,5.5,10.8,0.509,0.0,0.0,0.0,5.5,10.8,0.509,2.7,4.7,0.574,4.3,7.4,11.7,2.1,1.0,0.4,2.5,6.6,13.8,106.0,112.0,1996,Terry Davis-1996,0.0,Not Selected,Forward,DAL,0.021867115222876366
1995-96,Todd Day,dayto01,SG,26,TOT,79,12,1807,8.3,22.7,0.366,2.8,8.4,0.331,5.5,14.3,0.386,6.2,8.0,0.78,1.9,4.3,6.2,3.0,2.2,1.4,3.0,6.2,25.6,101.0,109.0,1996,Todd Day-1996,0.0,Not Selected,Guard,TOT,0.03333333333333333
1995-96,Andrew DeClercq,declean01,C,22,GSW,22,1,203,6.1,12.7,0.48,0.0,0.3,0.0,6.1,12.4,0.49,2.8,4.8,0.579,4.6,5.3,9.9,2.3,1.8,1.3,1.0,7.6,14.9,116.0,110.0,1996,Andrew DeClercq-1996,0.0,Not Selected,Center,GSW,0.030277544154751892
1995-96,Terry Dehere,deherte01,PG,24,LAC,82,10,2018,8.0,17.5,0.45899999999999996,3.5,8.1,0.44,4.5,9.4,0.47600000000000003,6.3,8.3,0.755,1.0,2.6,3.7,8.9,1.4,0.4,4.9,6.1,25.9,115.0,114.0,1996,Terry Dehere-1996,0.0,Not Selected,Guard,LAC,0.024390243902439025
1995-96,Vinny Del Negro,delnevi01,SG,29,SAS,82,82,2766,8.9,17.9,0.49700000000000005,1.1,2.8,0.38,7.8,15.1,0.518,3.3,4.0,0.8320000000000001,0.7,4.4,5.1,5.9,1.6,0.1,1.9,3.1,22.1,116.0,107.0,1996,Vinny Del Negro-1996,0.0,Not Selected,Guard,SAS,0.0496215306980656
1995-96,Bison Dele,delebi01,C,26,LAC,65,65,2157,9.9,18.3,0.5429999999999999,0.0,0.1,0.16699999999999998,9.9,18.2,0.546,4.7,6.4,0.7340000000000001,3.6,8.2,11.8,2.9,1.7,1.3,4.5,5.4,24.6,106.0,109.0,1996,Bison Dele-1996,0.0,Not Selected,Center,LAC,0.024390243902439025
1995-96,Dell Demps,dempsde01,SG,25,SAS,16,0,87,11.2,19.5,0.5760000000000001,0.6,1.2,0.5,10.6,18.3,0.581,8.3,10.0,0.8240000000000001,1.2,4.1,5.3,4.7,1.8,0.6,7.1,5.9,31.3,105.0,106.0,1996,Dell Demps-1996,0.0,Not Selected,Guard,SAS,0.0496215306980656
1995-96,Vlade Divac,divacvl01,C,27,LAL,79,79,2470,8.7,17.0,0.513,0.1,0.4,0.16699999999999998,8.6,16.6,0.521,4.0,6.2,0.6409999999999999,4.2,10.1,14.3,5.5,1.6,2.8,4.2,5.8,21.5,106.0,103.0,1996,Vlade Divac-1996,0.0,Not Selected,Center,LAL,0.044575273338940284
1995-96,Sherman Douglas,douglsh01,PG,29,TOT,79,66,2335,7.8,15.5,0.504,0.9,2.5,0.364,6.9,13.0,0.53,3.6,5.0,0.731,1.2,2.8,4.1,9.9,1.4,0.1,4.4,3.7,20.1,109.0,115.0,1996,Sherman Douglas-1996,0.0,Not Selected,Guard,TOT,0.03333333333333333
1995-96,Clyde Drexler,drexlcl01,SG,33,HOU,52,51,1997,8.5,19.7,0.433,2.0,6.1,0.332,6.5,13.6,0.478,6.8,8.7,0.784,2.5,7.1,9.6,7.8,2.7,0.6,3.5,3.9,25.9,113.0,105.0,1996,Clyde Drexler-1996,0.0,Not Selected,Guard,HOU,0.040370058873002525
1995-96,Kevin Duckworth,duckwke01,C,31,MIL,8,1,58,2.8,12.8,0.214,0.0,0.0,0.0,2.8,12.8,0.214,2.8,5.5,0.5,1.8,4.6,6.4,1.8,1.8,0.0,1.8,17.4,8.3,66.0,112.0,1996,Kevin Duckworth-1996,0.0,Not Selected,Center,MIL,0.021026072329688814
1995-96,Chris Dudley,dudlech02,C,30,POR,80,61,1924,4.4,9.6,0.45299999999999996,0.0,0.0,0.0,4.4,9.6,0.45399999999999996,2.2,4.2,0.51,6.4,13.0,19.4,1.0,1.1,2.7,2.1,6.8,10.9,103.0,99.0,1996,Chris Dudley-1996,0.0,Not Selected,Center,POR,0.03700588730025231
1995-96,Joe Dumars,dumarjo01,PG,32,DET,67,40,2193,6.4,14.9,0.426,3.0,7.4,0.406,3.3,7.5,0.447,4.0,4.9,0.8220000000000001,0.7,2.7,3.4,6.6,1.1,0.1,2.4,2.6,19.8,118.0,110.0,1996,Joe Dumars-1996,0.0,Not Selected,Guard,DET,0.03868797308662742
1995-96,Richard Dumas,dumasri02,PF,26,PHI,39,14,739,6.7,14.3,0.46799999999999997,0.1,0.6,0.222,6.6,13.7,0.479,3.5,4.9,0.7,3.0,4.0,7.0,3.1,3.0,0.4,3.5,5.6,17.0,99.0,112.0,1996,Richard Dumas-1996,0.0,Not Selected,Forward,PHI,0.015138772077375946
1995-96,Tony Dumas,dumasto01,SG,23,DAL,67,12,1284,10.7,25.7,0.418,2.9,8.1,0.35700000000000004,7.8,17.6,0.446,6.0,10.1,0.599,2.3,2.2,4.5,3.9,1.6,0.5,3.0,5.0,30.4,105.0,114.0,1996,Tony Dumas-1996,0.0,Not Selected,Guard,DAL,0.021867115222876366
1995-96,Ledell Eackles,eacklle01,SG,29,WSB,55,26,1238,6.7,15.6,0.42700000000000005,2.2,5.3,0.42200000000000004,4.4,10.3,0.43,4.1,4.9,0.831,1.8,4.3,6.1,3.6,1.2,0.1,2.4,3.5,19.6,112.0,111.0,1996,Ledell Eackles-1996,0.0,Not Selected,Guard,WAS,0.03280067283431455
1995-96,Acie Earl,earlac01,C,25,TOR,42,7,655,9.2,21.7,0.424,0.0,0.2,0.0,9.2,21.5,0.429,6.4,9.0,0.7190000000000001,4.0,6.1,10.1,2.1,1.4,2.9,3.9,5.7,24.8,98.0,111.0,1996,Acie Earl-1996,0.0,Not Selected,Center,TOR,0.017661900756938603
1995-96,Tyus Edney,edneyty01,PG,22,SAC,80,60,2481,6.3,15.3,0.41200000000000003,1.1,3.0,0.368,5.2,12.3,0.423,4.1,5.2,0.782,1.3,2.9,4.2,10.2,1.8,0.1,4.0,4.2,17.8,106.0,112.0,1996,Tyus Edney-1996,0.0,Not Selected,Guard,SAC,0.03280067283431455
1995-96,Blue Edwards,edwarbl01,SF,30,VAN,82,82,2773,7.6,18.2,0.419,1.6,4.7,0.34299999999999997,6.0,13.5,0.446,3.0,4.0,0.755,1.9,4.7,6.6,4.0,2.2,0.9,3.2,4.6,19.8,97.0,109.0,1996,Blue Edwards-1996,0.0,Not Selected,Forward,MEM,0.012615643397813289
1995-96,Doug Edwards,edwardo01,PF,25,VAN,31,0,519,3.3,9.2,0.35200000000000004,0.0,0.4,0.0,3.3,8.8,0.368,2.9,3.9,0.763,3.6,5.3,8.8,4.0,1.0,1.8,2.9,5.2,9.4,91.0,110.0,1996,Doug Edwards-1996,0.0,Not Selected,Forward,MEM,0.012615643397813289
1995-96,James Edwards,edwarja01,C,40,CHI,28,0,274,7.9,21.2,0.373,0.0,0.0,0.0,7.9,21.2,0.373,3.1,5.0,0.615,2.9,4.8,7.7,2.1,0.2,1.5,4.0,11.7,18.8,84.0,106.0,1996,James Edwards-1996,0.0,Not Selected,Center,CHI,0.060555088309503784
1995-96,Kevin Edwards,edwarke01,SG,30,NJN,34,33,1007,7.4,20.4,0.364,2.2,5.5,0.40399999999999997,5.2,15.0,0.35,3.6,4.4,0.81,0.7,3.2,3.9,3.7,2.8,0.4,3.6,3.5,20.7,94.0,108.0,1996,Kevin Edwards-1996,0.0,Not Selected,Guard,BRK,0.025231286795626577
1995-96,Craig Ehlo,ehlocr01,SG,34,ATL,79,8,1758,7.7,18.0,0.428,2.5,6.7,0.371,5.2,11.3,0.462,2.5,3.1,0.7859999999999999,2.0,5.8,7.8,4.2,2.6,0.3,3.2,4.2,20.4,106.0,108.0,1996,Craig Ehlo-1996,0.0,Not Selected,Guard,ATL,0.03868797308662742
1995-96,Howard Eisley,eisleho01,PG,23,UTA,65,0,961,5.8,13.4,0.43,0.8,3.4,0.226,5.0,10.0,0.5,3.6,4.3,0.8440000000000001,1.2,3.1,4.3,8.1,1.6,0.2,4.3,7.2,15.9,101.0,110.0,1996,Howard Eisley-1996,0.0,Not Selected,Guard,UTA,0.04625735912531539
1995-96,Mario Elie,eliema01,SF,32,HOU,45,16,1385,6.7,13.3,0.504,1.5,4.7,0.32299999999999995,5.2,8.6,0.604,3.6,4.3,0.852,1.7,4.0,5.8,5.1,1.7,0.4,2.2,3.5,18.6,121.0,110.0,1996,Mario Elie-1996,0.0,Not Selected,Forward,HOU,0.040370058873002525
1995-96,Sean Elliott,elliose01,SF,27,SAS,77,77,2901,9.3,20.0,0.466,2.9,6.9,0.41100000000000003,6.5,13.0,0.495,5.8,7.5,0.7709999999999999,1.2,5.8,7.0,3.7,1.2,0.6,3.5,3.2,27.2,110.0,106.0,1996,Sean Elliott-1996,0.0,Not Selected,Forward,SAS,0.0496215306980656
1995-96,Dale Ellis,ellisda01,SF,35,DEN,81,52,2626,9.1,19.0,0.479,3.0,7.2,0.41200000000000003,6.1,11.8,0.519,2.7,3.5,0.76,1.7,4.5,6.2,2.8,1.1,0.1,1.9,3.8,23.9,116.0,112.0,1996,Dale Ellis-1996,0.0,Not Selected,Forward,DEN,0.02943650126156434
1995-96,LaPhonso Ellis,ellisla01,SF,25,DEN,45,28,1269,7.8,17.7,0.43799999999999994,0.2,0.9,0.182,7.6,16.8,0.451,3.7,6.1,0.601,3.8,9.4,13.2,3.0,1.5,1.4,3.4,6.7,19.3,96.0,106.0,1996,LaPhonso Ellis-1996,0.0,Not Selected,Forward,DEN,0.02943650126156434
1995-96,LeRon Ellis,ellisle02,C,26,MIA,12,1,74,3.6,15.7,0.22699999999999998,0.0,0.0,0.0,3.6,15.7,0.22699999999999998,2.1,4.3,0.5,3.6,2.1,5.7,2.8,1.4,2.1,2.1,7.8,9.3,70.0,106.0,1996,LeRon Ellis-1996,0.0,Not Selected,Center,MIA,0.03532380151387721
1995-96,Pervis Ellison,ellispe01,C,28,BOS,69,29,1431,5.1,10.3,0.49200000000000005,0.0,0.0,0.0,5.1,10.3,0.49200000000000005,2.6,4.1,0.6409999999999999,5.3,10.5,15.7,2.2,1.4,3.5,2.9,7.2,12.7,104.0,105.0,1996,Pervis Ellison-1996,0.0,Not Selected,Center,BOS,0.027754415475189236
1995-96,Vincenzo Esposito,esposvi01,PG,26,TOR,30,0,282,6.6,18.3,0.36,2.4,10.2,0.23199999999999998,4.2,8.0,0.523,5.7,7.1,0.795,0.7,2.2,2.9,4.2,1.3,0.0,7.1,4.9,21.2,84.0,117.0,1996,Vincenzo Esposito-1996,0.0,Not Selected,Guard,TOR,0.017661900756938603
1995-96,Patrick Ewing,ewingpa01,C,33,NYK,76,76,2783,12.8,27.6,0.466,0.1,0.5,0.14300000000000002,12.8,27.1,0.47200000000000003,6.7,8.7,0.7609999999999999,3.0,12.3,15.3,3.0,1.3,3.5,4.2,4.7,32.4,100.0,98.0,1996,Patrick Ewing-1996,0.0,Not Selected,Center,NYK,0.03952901597981497
1995-96,Duane Ferrell,ferredu01,SF,30,IND,54,6,591,7.3,15.1,0.48200000000000004,0.0,0.7,0.0,7.3,14.4,0.506,3.8,5.2,0.737,2.9,5.5,8.5,2.7,2.1,0.3,3.1,7.5,18.4,104.0,107.0,1996,Duane Ferrell-1996,0.0,Not Selected,Forward,IND,0.04373423044575273
1995-96,Danny Ferry,ferryda01,PF,29,CLE,82,79,2680,9.2,20.0,0.45899999999999996,3.1,7.9,0.39399999999999996,6.1,12.1,0.502,2.2,2.9,0.769,1.5,5.2,6.7,4.2,1.2,0.8,2.7,5.1,23.7,109.0,109.0,1996,Danny Ferry-1996,0.0,Not Selected,Forward,CLE,0.03952901597981497
1995-96,Michael Finley,finlemi01,SF,22,PHO,82,72,3212,7.5,15.6,0.47600000000000003,1.0,3.0,0.32799999999999996,6.5,12.7,0.511,3.9,5.2,0.7490000000000001,2.2,3.8,6.0,4.6,1.4,0.5,2.1,3.2,19.8,114.0,113.0,1996,Michael Finley-1996,0.0,Not Selected,Forward,PHO,0.034482758620689655
1995-96,Matt Fish,fishma01,C,26,TOT,18,1,134,8.2,14.0,0.583,0.0,0.0,0.0,8.2,14.0,0.583,3.9,7.4,0.526,3.9,4.3,8.2,3.1,1.2,2.7,1.2,7.4,20.2,123.0,108.0,1996,Matt Fish-1996,0.0,Not Selected,Center,TOT,0.03333333333333333
1995-96,Vern Fleming,flemive01,PG,33,NJN,77,3,1747,6.9,15.8,0.433,0.1,0.8,0.107,6.8,15.0,0.452,4.0,5.3,0.7509999999999999,1.5,3.7,5.1,7.7,1.2,0.2,3.7,3.5,17.8,101.0,111.0,1996,Vern Fleming-1996,0.0,Not Selected,Guard,BRK,0.025231286795626577
1995-96,Sherell Ford,fordsh01,SF,23,SEA,28,1,139,11.0,29.4,0.375,1.5,9.2,0.16,9.6,20.2,0.473,9.6,12.5,0.765,4.4,4.4,8.8,1.8,2.9,0.4,2.2,9.9,33.1,104.0,102.0,1996,Sherell Ford-1996,0.0,Not Selected,Forward,OKC,0.05382674516400336
1995-96,Greg Foster,fostegr01,C,27,UTA,73,2,803,7.1,16.2,0.439,0.1,0.5,0.125,7.0,15.7,0.449,4.1,4.8,0.847,3.5,8.3,11.8,1.7,0.5,1.5,3.9,8.0,18.3,96.0,107.0,1996,Greg Foster-1996,0.0,Not Selected,Center,UTA,0.04625735912531539
1995-96,Rick Fox,foxri01,SF,26,BOS,81,81,2588,8.1,17.9,0.45399999999999996,1.9,5.2,0.364,6.2,12.6,0.491,3.8,4.9,0.772,3.0,5.6,8.7,7.1,2.2,0.8,4.2,5.6,21.9,108.0,109.0,1996,Rick Fox-1996,0.0,Not Selected,Forward,BOS,0.027754415475189236
1995-96,Kevin Gamble,gamblke01,SF,30,TOT,65,13,1325,6.0,15.0,0.401,1.7,4.5,0.386,4.3,10.5,0.408,1.5,1.9,0.792,0.8,3.6,4.5,4.0,1.4,0.3,1.7,5.8,15.3,103.0,108.0,1996,Kevin Gamble-1996,0.0,Not Selected,Forward,TOT,0.03333333333333333
1995-96,Kevin Garnett,garneke01,SF,19,MIN,80,43,2293,8.1,16.5,0.491,0.2,0.6,0.28600000000000003,7.9,15.8,0.499,2.4,3.3,0.705,3.9,7.3,11.2,3.2,1.9,2.9,2.5,4.2,18.7,107.0,107.0,1996,Kevin Garnett-1996,0.0,Not Selected,Forward,MIN,0.021867115222876366
1995-96,Chris Gatling,gatlich01,PF,28,TOT,71,2,1427,11.9,20.6,0.575,0.0,0.0,0.0,11.9,20.6,0.5760000000000001,5.1,7.5,0.6709999999999999,4.7,10.5,15.2,1.6,1.3,1.5,3.5,7.9,28.8,113.0,105.0,1996,Chris Gatling-1996,0.0,Not Selected,Forward,TOT,0.03333333333333333
1995-96,Kenny Gattison,gattike01,PF,31,VAN,25,14,570,8.4,17.6,0.479,0.0,0.0,0.0,8.4,17.6,0.479,4.3,7.2,0.603,3.2,7.3,10.5,1.3,0.9,1.0,3.7,6.9,21.2,94.0,109.0,1996,Kenny Gattison-1996,0.0,Not Selected,Forward,MEM,0.012615643397813289
1995-96,Matt Geiger,geigema01,C,26,CHH,77,50,2349,8.0,14.9,0.536,0.1,0.2,0.375,7.9,14.7,0.5379999999999999,3.3,4.6,0.727,4.5,10.0,14.5,1.3,1.0,1.4,3.1,6.5,19.3,109.0,110.0,1996,Matt Geiger-1996,0.0,Not Selected,Center,CHO,0.034482758620689655
1995-96,Kendall Gill,gillke01,SG,27,TOT,47,46,1683,7.7,16.4,0.469,0.8,2.5,0.32899999999999996,6.9,13.9,0.494,4.3,5.5,0.784,2.2,5.0,7.2,8.1,2.0,0.7,4.1,4.1,20.5,109.0,111.0,1996,Kendall Gill-1996,0.0,Not Selected,Guard,TOT,0.03333333333333333
1995-96,Armen Gilliam,gilliar01,SF,31,NJN,78,76,2856,10.6,22.5,0.474,0.0,0.0,0.0,10.6,22.5,0.474,5.1,6.5,0.7909999999999999,4.5,8.7,13.2,2.6,1.3,1.0,3.3,3.3,26.4,108.0,106.0,1996,Armen Gilliam-1996,0.0,Not Selected,Forward,BRK,0.025231286795626577
1995-96,Gerald Glass,glassge01,SF,28,TOT,15,0,71,8.9,24.5,0.364,0.7,4.5,0.16699999999999998,8.2,20.0,0.40700000000000003,0.7,0.7,1.0,4.5,1.5,5.9,3.0,2.2,0.7,0.0,7.4,19.3,101.0,110.0,1996,Gerald Glass-1996,0.0,Not Selected,Forward,TOT,0.03333333333333333
1995-96,Anthony Goldwire,goldwan01,PG,24,CHH,42,8,621,6.4,16.0,0.402,2.8,7.0,0.39799999999999996,3.6,8.9,0.406,3.9,5.1,0.767,0.7,3.0,3.6,9.5,1.4,0.0,5.3,6.7,19.5,101.0,115.0,1996,Anthony Goldwire-1996,0.0,Not Selected,Guard,CHO,0.034482758620689655
1995-96,Greg Graham,grahagr01,SG,25,TOT,53,5,613,6.7,16.6,0.40399999999999997,2.7,7.0,0.39,4.0,9.5,0.414,4.5,5.8,0.765,1.5,3.4,4.9,4.5,2.1,0.1,4.0,5.5,20.6,104.0,110.0,1996,Greg Graham-1996,0.0,Not Selected,Guard,TOT,0.03333333333333333
1995-96,Ron Grandison,grandro01,PF,31,TOT,28,3,311,3.7,9.8,0.379,0.7,2.4,0.28600000000000003,3.1,7.5,0.409,2.9,4.2,0.68,3.4,5.9,9.3,2.2,2.0,0.3,2.0,5.3,11.0,101.0,104.0,1996,Ron Grandison-1996,0.0,Not Selected,Forward,TOT,0.03333333333333333
1995-96,Brian Grant,grantbr01,PF,23,SAC,78,75,2398,9.2,18.0,0.507,0.1,0.4,0.235,9.1,17.7,0.513,5.6,7.7,0.732,3.8,7.9,11.7,2.7,0.9,2.2,4.0,5.8,24.0,107.0,108.0,1996,Brian Grant-1996,0.0,Not Selected,Forward,SAC,0.03280067283431455
1995-96,Gary Grant,grantga01,PG,30,NYK,47,1,596,7.8,16.0,0.486,0.7,2.1,0.33299999999999996,7.1,13.9,0.51,4.2,5.1,0.828,1.1,3.5,4.6,6.1,3.5,0.3,4.0,8.1,20.5,104.0,103.0,1996,Gary Grant-1996,0.0,Not Selected,Guard,NYK,0.03952901597981497
1995-96,Greg Grant,grantgr01,PG,29,TOT,31,2,527,3.4,9.7,0.354,0.8,3.3,0.235,2.7,6.4,0.415,0.5,0.6,0.833,0.7,2.7,3.3,9.5,2.2,0.2,3.0,4.2,8.2,95.0,113.0,1996,Greg Grant-1996,0.0,Not Selected,Guard,TOT,0.03333333333333333
1995-96,Harvey Grant,grantha01,PF,30,POR,76,75,2394,6.8,14.7,0.462,0.5,1.5,0.313,6.3,13.3,0.479,1.3,2.4,0.545,2.5,5.3,7.8,2.4,1.3,0.9,1.8,3.7,15.4,104.0,105.0,1996,Harvey Grant-1996,0.0,Not Selected,Forward,POR,0.03700588730025231
1995-96,Horace Grant,grantho01,PF,30,ORL,63,62,2286,7.9,15.5,0.513,0.0,0.1,0.16699999999999998,7.9,15.3,0.516,3.5,4.7,0.7340000000000001,4.1,9.2,13.3,3.9,1.4,1.7,1.5,3.3,19.4,121.0,105.0,1996,Horace Grant-1996,0.0,Not Selected,Forward,ORL,0.050462573591253154
1995-96,A.C. Green,greenac01,SF,32,PHO,82,36,2113,5.2,10.8,0.484,0.3,1.3,0.26899999999999996,4.9,9.6,0.513,4.1,5.8,0.7090000000000001,4.0,9.5,13.5,1.8,1.1,0.6,1.9,3.4,14.9,115.0,109.0,1996,A.C. Green-1996,0.0,Not Selected,Forward,PHO,0.034482758620689655
1995-96,Tom Gugliotta,guglito01,PF,26,MIN,78,78,2835,8.6,18.2,0.47100000000000003,0.5,1.6,0.302,8.1,16.6,0.48700000000000004,5.2,6.8,0.773,3.2,9.3,12.5,4.3,2.5,1.7,4.2,4.8,22.8,103.0,105.0,1996,Tom Gugliotta-1996,0.0,Not Selected,Forward,MIN,0.021867115222876366
1995-96,Jack Haley,haleyja01,C,32,CHI,1,0,7,15.1,45.2,0.33299999999999996,0.0,0.0,0.0,15.1,45.2,0.33299999999999996,7.5,15.1,0.5,7.5,7.5,15.1,0.0,0.0,0.0,7.5,15.1,37.6,77.0,105.0,1996,Jack Haley-1996,0.0,Not Selected,Center,CHI,0.060555088309503784
1995-96,Thomas Hamilton,hamilth01,C,20,BOS,11,0,70,6.4,22.1,0.29,0.0,0.0,0.0,6.4,22.1,0.29,5.0,12.8,0.389,7.1,8.5,15.7,0.7,0.0,6.4,6.4,8.5,17.8,67.0,106.0,1996,Thomas Hamilton-1996,0.0,Not Selected,Center,BOS,0.027754415475189236
1995-96,Geert Hammink,hammige01,C,26,TOT,6,0,17,6.1,12.2,0.5,0.0,0.0,0.0,6.1,12.2,0.5,12.2,21.3,0.5710000000000001,6.1,6.1,12.2,0.0,0.0,0.0,6.1,6.1,24.4,99.0,113.0,1996,Geert Hammink-1996,0.0,Not Selected,Center,TOT,0.03333333333333333
1995-96,Tom Hammonds,hammoto01,PF,28,DEN,71,4,1045,6.3,13.4,0.474,0.0,0.0,0.0,6.3,13.4,0.474,4.4,5.7,0.765,4.2,6.9,11.1,1.1,1.1,0.6,2.4,6.8,17.0,108.0,109.0,1996,Tom Hammonds-1996,0.0,Not Selected,Forward,DEN,0.02943650126156434
1995-96,Darrin Hancock,hancoda01,SF,24,CHH,63,7,838,7.0,13.4,0.523,0.1,0.2,0.33299999999999996,6.9,13.2,0.526,2.9,4.6,0.644,2.5,3.6,6.1,2.9,1.8,0.3,3.5,5.9,17.0,101.0,113.0,1996,Darrin Hancock-1996,0.0,Not Selected,Forward,CHO,0.034482758620689655
1995-96,Anfernee Hardaway,hardaan01,PG,24,ORL,82,82,3015,10.8,21.1,0.513,1.5,4.9,0.314,9.3,16.2,0.573,7.7,10.1,0.767,2.2,3.9,6.1,10.1,2.9,0.7,4.0,2.8,30.9,122.0,107.0,1996,Anfernee Hardaway-1996,1.0,1st,Guard,ORL,0.050462573591253154
1995-96,Tim Hardaway,hardati01,PG,29,TOT,80,46,2534,8.6,20.3,0.42200000000000004,2.8,7.8,0.364,5.8,12.6,0.45799999999999996,4.9,6.2,0.79,0.7,4.0,4.7,13.1,2.7,0.3,4.8,4.1,24.9,111.0,108.0,1996,Tim Hardaway-1996,0.0,Not Selected,Guard,TOT,0.03333333333333333
1995-96,Derek Harper,harpede01,PG,34,NYK,82,82,2893,7.9,17.1,0.46399999999999997,2.2,5.9,0.37200000000000005,5.7,11.2,0.513,2.8,3.8,0.757,0.6,3.1,3.7,6.4,2.4,0.1,3.2,3.7,20.9,107.0,106.0,1996,Derek Harper-1996,0.0,Not Selected,Guard,NYK,0.03952901597981497
1995-96,Ron Harper,harpero01,PG,32,CHI,80,80,1886,6.5,14.0,0.467,0.8,2.9,0.26899999999999996,5.8,11.1,0.519,2.7,3.9,0.705,2.1,3.9,6.0,5.8,2.9,0.9,2.0,3.8,16.6,117.0,102.0,1996,Ron Harper-1996,0.0,Not Selected,Guard,CHI,0.060555088309503784
1995-96,Lucious Harris,harrilu01,SG,25,DAL,61,1,1016,9.1,19.7,0.461,2.3,6.2,0.376,6.7,13.5,0.5,3.4,4.3,0.782,2.0,4.0,6.0,3.9,1.7,0.1,2.3,2.8,23.8,114.0,113.0,1996,Lucious Harris-1996,0.0,Not Selected,Guard,DAL,0.021867115222876366
1995-96,Antonio Harvey,harvean01,PF,25,TOT,55,15,821,5.3,14.2,0.371,0.0,0.1,0.0,5.3,14.1,0.374,2.4,5.3,0.45799999999999996,4.4,8.3,12.7,1.0,1.7,3.0,2.8,4.8,13.0,83.0,106.0,1996,Antonio Harvey-1996,0.0,Not Selected,Forward,TOT,0.03333333333333333
1995-96,Hersey Hawkins,hawkihe01,SG,29,SEA,82,82,2823,8.0,17.0,0.473,2.6,6.9,0.384,5.4,10.1,0.534,4.5,5.2,0.8740000000000001,1.6,3.8,5.4,3.9,2.7,0.3,3.0,3.1,23.2,116.0,104.0,1996,Hersey Hawkins-1996,0.0,Not Selected,Guard,OKC,0.05382674516400336
1995-96,Alvin Heggs,heggsal01,SF,28,HOU,4,0,14,11.0,18.4,0.6,0.0,0.0,0.0,11.0,18.4,0.6,7.4,11.0,0.667,3.7,3.7,7.4,0.0,0.0,0.0,0.0,0.0,29.4,135.0,115.0,1996,Alvin Heggs-1996,0.0,Not Selected,Forward,HOU,0.040370058873002525
1995-96,Alan Henderson,hendeal01,PF,23,ATL,79,4,1416,7.3,16.4,0.442,0.0,0.1,0.0,7.3,16.3,0.445,4.5,7.6,0.595,6.2,7.3,13.5,1.9,1.7,1.6,3.3,8.2,19.0,102.0,107.0,1996,Alan Henderson-1996,0.0,Not Selected,Forward,ATL,0.03868797308662742
1995-96,Carl Herrera,herreca01,PF,29,SAS,44,6,393,5.2,12.7,0.41200000000000003,0.0,0.1,0.0,5.2,12.6,0.41700000000000004,0.7,2.2,0.294,3.9,6.7,10.6,2.1,1.2,1.0,3.8,8.0,11.1,80.0,105.0,1996,Carl Herrera-1996,0.0,Not Selected,Forward,SAS,0.0496215306980656
1995-96,Sean Higgins,higgise01,SF,27,PHI,44,4,916,7.6,18.4,0.415,2.7,7.3,0.37200000000000005,4.9,11.0,0.44299999999999995,2.0,2.1,0.946,1.1,4.1,5.2,3.1,1.4,0.6,2.8,5.1,19.9,101.0,115.0,1996,Sean Higgins-1996,0.0,Not Selected,Forward,PHI,0.015138772077375946
1995-96,Grant Hill,hillgr01,SF,23,DET,80,80,3260,9.5,20.5,0.462,0.1,0.4,0.192,9.4,20.1,0.46799999999999997,8.1,10.8,0.7509999999999999,2.1,11.0,13.1,9.2,1.7,0.8,4.4,4.1,27.2,110.0,102.0,1996,Grant Hill-1996,2.0,2nd,Forward,DET,0.03868797308662742
1995-96,Tyrone Hill,hillty01,PF,27,CLE,44,2,929,8.2,15.9,0.512,0.0,0.0,0.0,8.2,15.9,0.512,5.1,8.5,0.6,5.9,9.4,15.3,2.1,1.9,1.3,4.0,9.0,21.4,104.0,104.0,1996,Tyrone Hill-1996,0.0,Not Selected,Forward,CLE,0.03952901597981497
1995-96,Donald Hodge,hodgedo01,C,26,TOT,15,0,115,3.9,10.5,0.375,0.0,0.0,0.0,3.9,10.5,0.375,0.0,0.0,0.0,3.9,6.1,10.1,1.8,0.4,3.5,0.9,11.4,7.9,97.0,111.0,1996,Donald Hodge-1996,0.0,Not Selected,Center,TOT,0.03333333333333333
1995-96,Fred Hoiberg,hoibefr01,SG,23,IND,15,1,85,5.1,12.0,0.42100000000000004,0.6,1.9,0.33299999999999996,4.4,10.1,0.43799999999999994,9.5,11.4,0.833,2.5,3.2,5.7,5.1,3.8,0.6,4.4,7.6,20.2,112.0,105.0,1996,Fred Hoiberg-1996,0.0,Not Selected,Guard,IND,0.04373423044575273
1995-96,Jeff Hornacek,hornaje01,SG,32,UTA,82,59,2588,9.1,18.1,0.502,2.1,4.6,0.466,7.0,13.5,0.514,5.3,6.0,0.893,1.3,3.0,4.3,7.0,2.2,0.4,2.6,3.5,25.7,125.0,109.0,1996,Jeff Hornacek-1996,0.0,Not Selected,Guard,UTA,0.04625735912531539
1995-96,Robert Horry,horryro01,SF,25,HOU,71,71,2634,5.9,14.3,0.41,2.8,7.6,0.366,3.1,6.7,0.45899999999999996,2.2,2.8,0.7759999999999999,1.9,6.2,8.1,5.5,2.3,2.1,3.1,3.9,16.7,105.0,106.0,1996,Robert Horry-1996,0.0,Not Selected,Forward,HOU,0.040370058873002525
1995-96,Allan Houston,houstal01,SG,24,DET,82,75,3072,10.0,22.2,0.45299999999999996,3.4,8.0,0.42700000000000005,6.6,14.2,0.46799999999999997,5.3,6.4,0.823,1.0,4.4,5.3,4.5,1.1,0.3,4.2,4.2,28.8,108.0,108.0,1996,Allan Houston-1996,0.0,Not Selected,Guard,DET,0.03868797308662742
1995-96,Byron Houston,houstby01,PF,26,SAC,25,0,276,6.0,11.9,0.5,0.2,0.6,0.33299999999999996,5.8,11.4,0.508,3.9,4.8,0.8079999999999999,5.8,9.9,15.6,1.3,2.4,1.3,3.2,11.0,16.0,110.0,104.0,1996,Byron Houston-1996,0.0,Not Selected,Forward,SAC,0.03280067283431455
1995-96,Juwan Howard,howarju01,PF,22,WSB,81,81,3294,11.4,23.3,0.489,0.1,0.2,0.308,11.3,23.1,0.49,5.0,6.6,0.7490000000000001,2.9,7.3,10.3,5.6,1.0,0.6,4.7,4.2,27.8,104.0,108.0,1996,Juwan Howard-1996,3.0,3rd,Forward,WAS,0.03280067283431455
1995-96,Lindsey Hunter,hunteli01,PG,25,DET,80,48,2138,6.1,16.1,0.381,3.0,7.4,0.405,3.1,8.7,0.36,2.2,3.1,0.7,1.1,3.8,5.0,4.8,2.2,0.5,2.0,4.7,17.4,105.0,106.0,1996,Lindsey Hunter-1996,0.0,Not Selected,Guard,DET,0.03868797308662742
1995-96,Bobby Hurley,hurlebo01,PG,24,SAC,72,22,1059,3.2,11.2,0.28300000000000003,1.1,3.7,0.289,2.1,7.5,0.27899999999999997,3.3,4.1,0.8,0.6,3.1,3.6,10.5,1.4,0.1,4.2,5.9,10.7,92.0,113.0,1996,Bobby Hurley-1996,0.0,Not Selected,Guard,SAC,0.03280067283431455
1995-96,Jaren Jackson,jacksja01,SG,28,HOU,4,0,33,0.0,12.5,0.0,0.0,7.8,0.0,0.0,4.7,0.0,12.5,15.6,0.8,0.0,4.7,4.7,0.0,1.6,0.0,0.0,7.8,12.5,79.0,110.0,1996,Jaren Jackson-1996,0.0,Not Selected,Guard,HOU,0.040370058873002525
1995-96,Jim Jackson,jacksji01,SG,25,DAL,82,82,2820,10.1,23.3,0.435,2.2,5.9,0.363,8.0,17.4,0.45899999999999996,6.2,7.5,0.825,3.1,4.2,7.3,4.2,0.8,0.4,3.4,2.9,28.6,111.0,115.0,1996,Jim Jackson-1996,0.0,Not Selected,Guard,DAL,0.021867115222876366
1995-96,Mark Jackson,jacksma01,PG,30,IND,81,81,2643,6.0,12.7,0.473,1.3,3.0,0.43,4.7,9.7,0.486,3.1,3.9,0.785,1.3,4.9,6.2,12.9,2.0,0.1,4.1,3.1,16.4,115.0,108.0,1996,Mark Jackson-1996,0.0,Not Selected,Guard,IND,0.04373423044575273
1995-96,Henry James,jameshe01,PF,30,HOU,7,0,58,8.9,21.3,0.41700000000000004,4.4,13.3,0.33299999999999996,4.4,8.0,0.556,4.4,4.4,1.0,2.7,2.7,5.3,1.8,0.0,0.0,3.6,11.5,26.6,106.0,114.0,1996,Henry James-1996,0.0,Not Selected,Forward,HOU,0.040370058873002525
1995-96,Avery Johnson,johnsav01,PG,30,SAS,82,82,3084,7.3,14.8,0.494,0.1,0.5,0.19399999999999998,7.2,14.3,0.505,3.2,4.4,0.721,0.6,2.8,3.4,13.2,2.0,0.4,3.3,3.0,17.9,114.0,107.0,1996,Avery Johnson-1996,0.0,Not Selected,Guard,SAS,0.0496215306980656
1995-96,Darryl Johnson,johnsda02,PG,30,CLE,11,0,28,10.4,25.0,0.41700000000000004,0.0,2.1,0.0,10.4,22.9,0.455,4.2,4.2,1.0,4.2,0.0,4.2,2.1,0.0,0.0,2.1,6.2,25.0,101.0,116.0,1996,Darryl Johnson-1996,0.0,Not Selected,Guard,CLE,0.03952901597981497
1995-96,Eddie Johnson,johnsed03,SF,36,IND,62,1,1002,9.7,23.4,0.413,2.4,6.9,0.35200000000000004,7.2,16.5,0.43799999999999994,3.8,4.2,0.8859999999999999,2.4,5.8,8.2,3.7,1.1,0.2,3.0,5.6,25.5,105.0,109.0,1996,Eddie Johnson-1996,0.0,Not Selected,Forward,IND,0.04373423044575273
1995-96,Ervin Johnson,johnser02,C,28,SEA,81,60,1519,6.1,11.9,0.511,0.0,0.1,0.33299999999999996,6.0,11.8,0.513,2.9,4.3,0.669,4.3,10.2,14.6,1.6,1.3,4.3,3.3,8.2,15.0,103.0,98.0,1996,Ervin Johnson-1996,0.0,Not Selected,Center,OKC,0.05382674516400336
1995-96,Kevin Johnson,johnske02,PG,29,PHO,56,55,2007,8.8,17.3,0.507,0.5,1.5,0.368,8.2,15.8,0.52,8.8,10.2,0.8590000000000001,1.1,4.6,5.7,13.3,2.1,0.3,4.4,3.7,26.9,122.0,111.0,1996,Kevin Johnson-1996,0.0,Not Selected,Guard,PHO,0.034482758620689655
1995-96,Larry Johnson,johnsla02,PF,26,CHH,81,81,3274,9.3,19.6,0.47600000000000003,1.1,2.9,0.366,8.3,16.7,0.495,6.8,9.0,0.757,4.0,6.9,10.9,5.7,0.9,0.7,2.9,2.8,26.6,118.0,113.0,1996,Larry Johnson-1996,0.0,Not Selected,Forward,CHO,0.034482758620689655
1995-96,Magic Johnson,johnsma02,PF,36,LAL,32,9,958,7.4,15.9,0.466,1.2,3.1,0.379,6.2,12.8,0.48700000000000004,9.3,10.9,0.856,2.2,7.8,9.9,11.9,1.4,0.7,5.6,2.6,25.4,117.0,107.0,1996,Magic Johnson-1996,0.0,Not Selected,Forward,LAL,0.044575273338940284
1995-96,Charles Jones,jonesch01,PF,38,HOU,46,0,297,1.0,3.3,0.316,0.0,0.0,0.0,1.0,3.3,0.316,0.7,2.3,0.308,4.9,8.0,12.8,2.1,0.9,4.2,0.5,7.6,2.8,114.0,105.0,1996,Charles Jones-1996,0.0,Not Selected,Forward,HOU,0.040370058873002525
1995-96,Eddie Jones,jonesed02,SG,24,LAL,70,66,2184,8.0,16.3,0.49200000000000005,2.0,5.4,0.366,6.0,10.9,0.555,3.2,4.4,0.7390000000000001,1.1,4.5,5.5,5.9,3.1,1.1,2.4,3.9,21.2,117.0,106.0,1996,Eddie Jones-1996,0.0,Not Selected,Guard,LAL,0.044575273338940284
1995-96,Popeye Jones,jonespo01,PF,25,DAL,68,68,2322,7.1,15.9,0.446,0.3,0.8,0.359,6.8,15.0,0.451,2.2,2.9,0.767,5.6,10.3,16.0,2.9,1.2,0.6,2.4,5.7,16.7,107.0,109.0,1996,Popeye Jones-1996,0.0,Not Selected,Forward,DAL,0.021867115222876366
1995-96,Michael Jordan,jordami01,SG,32,CHI,82,82,3090,15.6,31.5,0.495,1.9,4.4,0.42700000000000005,13.7,27.1,0.506,9.3,11.2,0.8340000000000001,2.5,6.7,9.3,6.0,3.1,0.7,3.4,3.3,42.5,124.0,100.0,1996,Michael Jordan-1996,1.0,1st,Guard,CHI,0.060555088309503784
1995-96,Reggie Jordan,jordare01,PG,28,ATL,24,0,247,7.8,15.4,0.507,0.0,0.0,0.0,7.8,15.4,0.507,4.8,8.2,0.579,5.0,6.3,11.3,6.3,2.6,1.5,4.1,6.5,20.4,109.0,106.0,1996,Reggie Jordan-1996,0.0,Not Selected,Guard,ATL,0.03868797308662742
1995-96,Adam Keefe,keefead01,PF,25,UTA,82,0,1708,5.6,10.8,0.52,0.0,0.1,0.0,5.6,10.7,0.526,4.3,6.3,0.6920000000000001,5.5,8.7,14.2,2.0,1.6,1.3,2.7,5.4,15.6,114.0,105.0,1996,Adam Keefe-1996,0.0,Not Selected,Forward,UTA,0.04625735912531539
1995-96,Shawn Kemp,kempsh01,PF,26,SEA,79,76,2631,10.2,18.2,0.561,0.1,0.2,0.41700000000000004,10.1,18.0,0.563,9.6,12.9,0.742,5.4,12.2,17.6,3.4,1.8,2.5,6.1,5.8,30.1,111.0,97.0,1996,Shawn Kemp-1996,2.0,2nd,Forward,OKC,0.05382674516400336
1995-96,Tim Kempton,kemptti01,PF,32,ATL,3,0,11,0.0,0.0,0.0,0.0,0.0,0.0,0.0,0.0,0.0,0.0,0.0,0.0,0.0,9.7,9.7,4.9,0.0,0.0,4.9,24.3,0.0,40.0,109.0,1996,Tim Kempton-1996,0.0,Not Selected,Forward,ATL,0.03868797308662742
1995-96,Steve Kerr,kerrst01,PG,30,CHI,82,0,1919,6.7,13.2,0.506,3.3,6.5,0.515,3.3,6.7,0.498,2.1,2.3,0.929,0.7,2.3,3.0,5.3,1.7,0.1,1.2,3.0,18.9,141.0,106.0,1996,Steve Kerr-1996,0.0,Not Selected,Guard,CHI,0.060555088309503784
1995-96,Jerome Kersey,kerseje01,SF,33,GSW,76,58,1620,6.5,15.9,0.41,0.1,0.5,0.17600000000000002,6.4,15.3,0.418,3.1,4.7,0.66,4.9,6.6,11.5,3.6,2.9,1.4,2.4,6.5,16.2,102.0,107.0,1996,Jerome Kersey-1996,0.0,Not Selected,Forward,GSW,0.030277544154751892
1995-96,Randolph Keys,keysra01,SF,29,MIL,69,1,816,5.7,13.6,0.418,1.4,4.6,0.31,4.2,8.9,0.474,2.3,2.8,0.8370000000000001,2.7,5.5,8.1,4.2,2.1,0.9,2.2,9.1,15.1,108.0,110.0,1996,Randolph Keys-1996,0.0,Not Selected,Forward,MIL,0.021026072329688814
1995-96,Jason Kidd,kiddja01,PG,22,DAL,81,81,3034,8.2,21.4,0.381,2.2,6.6,0.336,6.0,14.9,0.401,3.8,5.5,0.6920000000000001,3.4,5.8,9.2,13.0,2.9,0.4,5.4,2.6,22.3,103.0,109.0,1996,Jason Kidd-1996,0.0,Not Selected,Guard,DAL,0.021867115222876366
1995-96,Chris King,kingch01,SF,26,VAN,80,66,1930,6.8,16.0,0.42700000000000005,1.2,3.1,0.389,5.6,12.9,0.436,2.5,3.7,0.662,2.8,5.0,7.8,2.8,1.9,0.9,2.8,4.5,17.3,97.0,109.0,1996,Chris King-1996,0.0,Not Selected,Forward,MEM,0.012615643397813289
1995-96,Frankie King,kingfr01,PG,23,LAL,6,0,20,7.8,28.6,0.273,0.0,2.6,0.0,7.8,26.0,0.3,2.6,7.8,0.33299999999999996,2.6,2.6,5.2,5.2,5.2,0.0,5.2,10.4,18.2,64.0,103.0,1996,Frankie King-1996,0.0,Not Selected,Guard,LAL,0.044575273338940284
1995-96,Jimmy King,kingji02,SG,22,TOR,62,1,868,6.5,15.1,0.431,0.3,2.0,0.147,6.2,13.1,0.475,3.2,4.6,0.701,2.6,4.0,6.5,5.2,1.2,0.8,3.6,4.5,16.6,98.0,115.0,1996,Jimmy King-1996,0.0,Not Selected,Guard,TOR,0.017661900756938603
1995-96,Stacey King,kingst01,PF,29,MIA,15,0,156,5.7,12.2,0.47200000000000003,0.0,0.0,0.0,5.7,12.2,0.47200000000000003,1.4,2.7,0.5,3.0,4.7,7.8,0.7,2.4,0.7,6.1,13.2,12.8,73.0,103.0,1996,Stacey King-1996,0.0,Not Selected,Forward,MIA,0.03532380151387721
1995-96,Joe Kleine,kleinjo01,C,34,PHO,56,9,663,5.5,13.1,0.42,0.2,0.5,0.28600000000000003,5.4,12.6,0.426,1.6,1.9,0.8,2.8,7.5,10.3,3.4,1.0,0.5,2.9,8.8,12.7,93.0,111.0,1996,Joe Kleine-1996,0.0,Not Selected,Center,PHO,0.034482758620689655
1995-96,Jon Koncak,koncajo01,C,32,ORL,67,35,1288,3.4,7.1,0.48,0.1,0.4,0.33299999999999996,3.3,6.7,0.488,1.3,2.3,0.561,2.6,8.5,11.0,2.1,1.1,1.8,1.7,9.2,8.2,104.0,106.0,1996,Jon Koncak-1996,0.0,Not Selected,Center,ORL,0.050462573591253154
1995-96,Toni Kukoč,kukocto01,SF,27,CHI,81,20,2103,9.7,19.7,0.49,2.2,5.4,0.40299999999999997,7.5,14.3,0.524,5.2,6.7,0.772,2.9,5.2,8.1,7.2,1.6,0.7,2.9,3.8,26.7,125.0,104.0,1996,Toni Kukoč-1996,0.0,Not Selected,Forward,CHI,0.060555088309503784
1995-96,Christian Laettner,laettch01,C,26,TOT,74,71,2495,9.2,19.0,0.48700000000000004,0.2,0.8,0.231,9.1,18.1,0.499,6.8,8.3,0.818,3.8,7.4,11.2,4.1,1.5,1.5,3.9,5.8,25.4,110.0,108.0,1996,Christian Laettner-1996,0.0,Not Selected,Center,TOT,0.03333333333333333
1995-96,Andrew Lang,langan01,C,29,TOT,71,69,2365,7.9,17.7,0.447,0.0,0.1,0.2,7.9,17.6,0.44799999999999995,2.8,3.5,0.8009999999999999,3.4,6.8,10.2,1.5,0.9,2.8,2.8,5.4,18.6,99.0,108.0,1996,Andrew Lang-1996,0.0,Not Selected,Center,TOT,0.03333333333333333
1995-96,Antonio Lang,langan02,SF,23,CLE,41,0,367,6.5,12.2,0.532,0.0,0.3,0.0,6.5,11.9,0.547,5.4,7.5,0.723,2.7,5.7,8.4,1.9,2.2,1.9,3.8,9.7,18.4,105.0,105.0,1996,Antonio Lang-1996,0.0,Not Selected,Forward,CLE,0.03952901597981497
1995-96,Eric Leckner,leckner01,C,29,DET,18,8,155,6.4,10.2,0.621,0.0,0.0,0.0,6.4,10.2,0.621,2.8,4.6,0.615,2.8,9.2,12.0,0.4,0.7,1.4,3.9,10.6,15.5,100.0,104.0,1996,Eric Leckner-1996,0.0,Not Selected,Center,DET,0.03868797308662742
1995-96,Tim Legler,legleti01,SG,29,WSB,77,0,1775,6.7,13.3,0.507,3.7,7.1,0.522,3.0,6.2,0.488,3.8,4.4,0.863,0.8,3.2,4.0,3.9,1.3,0.3,1.3,4.1,20.9,138.0,111.0,1996,Tim Legler-1996,0.0,Not Selected,Guard,WAS,0.03280067283431455
1995-96,Voshon Lenard,lenarvo01,SG,22,MIA,30,0,323,8.6,23.0,0.376,5.9,16.5,0.35600000000000004,2.8,6.5,0.425,5.5,7.0,0.7909999999999999,2.0,6.5,8.5,5.1,1.0,0.2,3.8,5.1,28.7,110.0,106.0,1996,Voshon Lenard-1996,0.0,Not Selected,Guard,MIA,0.03532380151387721
1995-96,Cedric Lewis,lewisce01,C,26,WSB,3,0,4,25.6,38.4,0.667,0.0,0.0,0.0,25.6,38.4,0.667,0.0,0.0,0.0,25.6,0.0,25.6,0.0,12.8,0.0,0.0,0.0,51.2,148.0,90.0,1996,Cedric Lewis-1996,0.0,Not Selected,Center,WAS,0.03280067283431455
1995-96,Martin Lewis,lewisma01,SF,20,TOR,16,0,189,7.9,16.3,0.483,0.5,1.9,0.28600000000000003,7.4,14.4,0.509,4.1,6.8,0.6,4.1,3.8,7.9,0.8,2.2,0.8,3.8,5.7,20.4,98.0,113.0,1996,Martin Lewis-1996,0.0,Not Selected,Forward,TOR,0.017661900756938603
1995-96,Alton Lister,listeal01,C,37,TOT,64,19,735,3.5,7.2,0.486,0.0,0.0,0.0,3.5,7.2,0.486,2.8,4.4,0.6409999999999999,4.6,14.6,19.1,1.3,0.4,2.9,3.3,9.3,9.8,97.0,105.0,1996,Alton Lister-1996,0.0,Not Selected,Center,TOT,0.03333333333333333
1995-96,Brad Lohaus,lohaubr01,PF,31,TOT,55,8,598,6.2,15.3,0.406,4.4,10.6,0.418,1.7,4.6,0.377,0.3,0.4,0.8,0.6,5.0,5.6,3.8,0.9,1.5,1.7,6.1,17.2,109.0,106.0,1996,Brad Lohaus-1996,0.0,Not Selected,Forward,TOT,0.03333333333333333
1995-96,Grant Long,longgr01,PF,29,ATL,82,82,3008,7.0,14.9,0.47100000000000003,0.6,1.5,0.36,6.5,13.4,0.484,4.6,6.0,0.763,4.4,9.6,14.0,3.3,1.9,0.6,2.8,4.1,19.2,114.0,106.0,1996,Grant Long-1996,0.0,Not Selected,Forward,ATL,0.03868797308662742
1995-96,Luc Longley,longllu01,C,27,CHI,62,62,1641,7.8,16.1,0.48200000000000004,0.0,0.0,0.0,7.8,16.1,0.48200000000000004,2.6,3.3,0.777,3.3,6.9,10.2,3.8,0.7,2.7,3.7,7.2,18.1,103.0,102.0,1996,Luc Longley-1996,0.0,Not Selected,Center,CHI,0.060555088309503784
1995-96,George Lynch,lynchge01,SF,25,LAL,76,6,1012,6.0,14.0,0.43,0.2,0.7,0.308,5.8,13.3,0.436,2.7,4.1,0.6629999999999999,4.2,6.5,10.7,2.6,2.4,0.5,2.1,5.4,14.9,104.0,106.0,1996,George Lynch-1996,0.0,Not Selected,Forward,LAL,0.044575273338940284
1995-96,Sam Mack,macksa01,SF,25,HOU,31,20,868,7.2,17.0,0.42200000000000004,3.2,8.0,0.4,4.0,9.0,0.441,2.3,2.7,0.848,1.1,4.7,5.8,4.7,1.3,0.5,1.7,4.4,19.9,113.0,110.0,1996,Sam Mack-1996,0.0,Not Selected,Forward,HOU,0.040370058873002525
1995-96,Don MacLean,macledo01,SF,26,DEN,56,5,1107,11.0,25.7,0.426,0.7,2.3,0.28600000000000003,10.3,23.4,0.44,6.8,9.3,0.732,2.9,6.7,9.6,4.2,1.0,0.2,3.2,4.9,29.4,103.0,110.0,1996,Don MacLean-1996,0.0,Not Selected,Forward,DEN,0.02943650126156434
1995-96,Mark Macon,maconma01,PG,26,DET,23,0,287,5.5,12.8,0.433,1.3,2.9,0.467,4.2,9.9,0.423,1.7,2.1,0.818,1.9,2.3,4.2,3.1,2.9,0.0,1.7,6.5,14.1,108.0,106.0,1996,Mark Macon-1996,0.0,Not Selected,Guard,DET,0.03868797308662742
1995-96,Rick Mahorn,mahorri01,C,37,NJN,50,0,450,5.0,14.3,0.35200000000000004,0.0,0.1,0.0,5.0,14.2,0.355,4.0,5.5,0.723,3.6,9.3,12.9,1.9,1.6,1.5,3.5,8.4,14.1,87.0,104.0,1996,Rick Mahorn-1996,0.0,Not Selected,Center,BRK,0.025231286795626577
1995-96,Dan Majerle,majerda01,SF,30,CLE,82,15,2367,7.5,18.4,0.405,3.6,10.2,0.353,3.9,8.2,0.47,3.0,4.2,0.71,1.7,5.8,7.5,5.3,2.0,0.8,2.3,3.2,21.5,110.0,107.0,1996,Dan Majerle-1996,0.0,Not Selected,Forward,CLE,0.03952901597981497
1995-96,Jeff Malone,malonje01,SG,34,TOT,32,3,510,7.8,19.7,0.39399999999999996,0.5,1.6,0.313,7.3,18.1,0.401,3.0,3.3,0.9059999999999999,0.8,3.3,4.1,2.7,1.6,0.0,2.3,2.6,19.0,93.0,114.0,1996,Jeff Malone-1996,0.0,Not Selected,Guard,TOT,0.03333333333333333
1995-96,Karl Malone,malonka01,PF,32,UTA,82,82,3113,13.5,26.0,0.519,0.3,0.7,0.4,13.2,25.4,0.522,8.8,12.1,0.723,3.0,10.8,13.8,5.9,2.4,1.0,3.4,4.2,36.1,117.0,102.0,1996,Karl Malone-1996,1.0,1st,Forward,UTA,0.04625735912531539
1995-96,Danny Manning,mannida01,PF,29,PHO,33,4,816,11.2,24.5,0.45899999999999996,0.2,0.9,0.214,11.0,23.6,0.46799999999999997,5.2,6.9,0.752,1.9,7.1,9.0,4.1,2.4,1.5,4.9,7.6,27.8,95.0,107.0,1996,Danny Manning-1996,0.0,Not Selected,Forward,PHO,0.034482758620689655
1995-96,Rich Manning,manniri01,PF,25,VAN,29,0,311,8.3,19.2,0.434,0.0,0.2,0.0,8.3,19.0,0.43799999999999994,1.5,2.4,0.643,2.7,6.6,9.3,1.2,0.5,1.0,2.9,6.3,18.1,87.0,111.0,1996,Rich Manning-1996,0.0,Not Selected,Forward,MEM,0.012615643397813289
1995-96,Šarūnas Marčiulionis,marcisa01,SG,31,SAC,53,0,1039,8.7,19.2,0.452,3.2,7.8,0.408,5.5,11.5,0.483,7.7,9.9,0.775,1.0,2.8,3.8,5.8,2.6,0.2,4.7,5.5,28.2,112.0,110.0,1996,Šarūnas Marčiulionis-1996,0.0,Not Selected,Guard,SAC,0.03280067283431455
1995-96,Donny Marshall,marshdo02,SF,23,CLE,34,0,208,6.7,19.1,0.353,2.0,8.4,0.233,4.8,10.7,0.447,6.2,9.8,0.629,2.5,4.8,7.3,2.0,2.2,0.6,2.0,7.3,21.6,99.0,108.0,1996,Donny Marshall-1996,0.0,Not Selected,Forward,CLE,0.03952901597981497
1995-96,Donyell Marshall,marshdo01,SF,22,GSW,62,6,934,6.9,17.3,0.39799999999999996,1.5,5.2,0.298,5.3,12.1,0.441,3.5,4.6,0.7709999999999999,3.6,8.1,11.7,2.7,1.2,1.7,2.6,4.6,18.8,104.0,109.0,1996,Donyell Marshall-1996,0.0,Not Selected,Forward,GSW,0.030277544154751892
1995-96,Cuonzo Martin,marticu01,SG,24,VAN,4,0,19,8.3,13.9,0.6,8.3,8.3,1.0,0.0,5.6,0.0,0.0,5.6,0.0,2.8,2.8,5.6,5.6,2.8,0.0,2.8,2.8,25.0,127.0,110.0,1996,Cuonzo Martin-1996,0.0,Not Selected,Guard,MEM,0.012615643397813289
1995-96,Darrick Martin,martida01,PG,24,TOT,59,16,1149,6.6,16.3,0.406,0.9,3.1,0.29,5.7,13.2,0.433,4.6,5.4,0.8420000000000001,0.7,3.0,3.7,9.8,2.4,0.1,4.8,5.5,18.7,98.0,111.0,1996,Darrick Martin-1996,0.0,Not Selected,Guard,TOT,0.03333333333333333
1995-96,Jamal Mashburn,mashbja01,SF,23,DAL,18,18,669,10.9,28.8,0.379,2.6,7.7,0.34299999999999997,8.3,21.1,0.391,7.3,10.0,0.7290000000000001,2.8,4.5,7.3,3.8,1.1,0.2,4.1,2.9,31.7,99.0,114.0,1996,Jamal Mashburn-1996,0.0,Not Selected,Forward,DAL,0.021867115222876366
1995-96,Anthony Mason,masonan01,SF,29,NYK,82,82,3457,6.9,12.2,0.563,0.0,0.0,0.0,6.9,12.2,0.563,4.5,6.3,0.72,3.4,8.3,11.7,5.5,1.1,0.5,3.2,3.8,18.2,117.0,104.0,1996,Anthony Mason-1996,0.0,Not Selected,Forward,NYK,0.03952901597981497
1995-96,Tony Massenburg,masseto01,PF,28,TOT,54,28,1463,7.6,15.3,0.495,0.0,0.1,0.0,7.6,15.2,0.499,3.9,5.6,0.7070000000000001,4.5,8.0,12.5,1.1,1.0,0.7,2.6,5.0,19.1,107.0,113.0,1996,Tony Massenburg-1996,0.0,Not Selected,Forward,TOT,0.03333333333333333
1995-96,Vernon Maxwell,maxweve01,PG,30,PHI,75,57,2467,8.7,22.2,0.39,3.1,9.7,0.317,5.6,12.5,0.446,5.3,7.0,0.7559999999999999,0.8,4.0,4.8,7.0,2.0,0.3,4.5,3.8,25.7,100.0,115.0,1996,Vernon Maxwell-1996,0.0,Not Selected,Guard,PHI,0.015138772077375946
1995-96,Lee Mayberry,maybele01,PG,25,MIL,82,20,1705,4.8,11.4,0.42,2.3,5.9,0.397,2.4,5.5,0.446,1.3,2.1,0.603,0.7,2.2,2.8,9.4,2.0,0.3,2.8,4.5,13.2,110.0,114.0,1996,Lee Mayberry-1996,0.0,Not Selected,Guard,MIL,0.021026072329688814
1995-96,Bob McCann,mccanbo01,PF,31,WSB,62,0,653,6.0,12.0,0.49700000000000005,0.1,0.2,0.5,5.9,11.8,0.49700000000000005,2.7,5.8,0.473,3.6,7.6,11.2,1.9,1.6,1.2,3.3,9.1,14.7,96.0,106.0,1996,Bob McCann-1996,0.0,Not Selected,Forward,WAS,0.03280067283431455
1995-96,George McCloud,mccloge01,SF,28,DAL,79,63,2846,9.4,22.6,0.414,4.5,12.0,0.379,4.8,10.7,0.45299999999999996,3.2,4.0,0.804,2.1,4.6,6.7,3.7,2.0,0.7,2.9,3.7,26.5,111.0,111.0,1996,George McCloud-1996,0.0,Not Selected,Forward,DAL,0.021867115222876366
1995-96,Clint McDaniel,mcdancl01,SG,23,SAC,12,0,71,5.8,16.6,0.348,1.4,4.3,0.33299999999999996,4.3,12.3,0.353,8.7,11.6,0.75,2.2,5.1,7.2,5.1,3.6,0.0,1.4,7.2,21.7,116.0,107.0,1996,Clint McDaniel-1996,0.0,Not Selected,Guard,SAC,0.03280067283431455
1995-96,Antonio McDyess,mcdyean01,PF,21,DEN,76,75,2280,9.7,20.1,0.485,0.0,0.1,0.0,9.7,20.0,0.48700000000000004,3.8,5.5,0.6829999999999999,5.2,7.8,13.1,1.7,1.2,2.6,3.5,5.7,23.3,102.0,107.0,1996,Antonio McDyess-1996,0.0,Not Selected,Forward,DEN,0.02943650126156434
1995-96,Jim McIlvaine,mcilvji01,C,23,WSB,80,6,1195,2.7,6.2,0.428,0.0,0.0,0.0,2.7,6.2,0.428,2.5,4.5,0.552,2.8,7.0,9.9,0.5,0.9,7.1,1.5,7.3,7.8,98.0,103.0,1996,Jim McIlvaine-1996,0.0,Not Selected,Center,WAS,0.03280067283431455
1995-96,Derrick McKey,mckeyde01,SF,29,IND,75,75,2440,7.6,15.7,0.486,0.4,1.5,0.25,7.2,14.2,0.511,3.7,4.9,0.769,2.7,5.2,8.0,5.8,1.8,1.0,3.1,5.4,19.4,111.0,107.0,1996,Derrick McKey-1996,0.0,Not Selected,Forward,IND,0.04373423044575273
1995-96,Aaron McKie,mckieaa01,SG,23,POR,81,73,2259,7.7,16.6,0.467,0.9,2.7,0.325,6.9,13.9,0.494,3.5,4.6,0.764,2.0,5.0,7.0,4.7,2.1,0.5,3.1,4.7,19.8,108.0,104.0,1996,Aaron McKie-1996,0.0,Not Selected,Guard,POR,0.03700588730025231
1995-96,Nate McMillan,mcmilna01,PG,31,SEA,55,14,1261,4.1,9.7,0.42,1.9,4.9,0.38,2.2,4.7,0.462,1.2,1.7,0.7070000000000001,1.7,6.9,8.5,8.0,3.9,0.7,3.0,5.8,11.2,109.0,98.0,1996,Nate McMillan-1996,0.0,Not Selected,Guard,OKC,0.05382674516400336
1995-96,Loren Meyer,meyerlo01,C,23,DAL,72,21,1266,5.8,13.1,0.439,0.1,0.4,0.273,5.6,12.7,0.445,2.8,4.1,0.6859999999999999,4.5,8.1,12.7,2.3,0.8,1.3,2.7,8.9,14.4,101.0,111.0,1996,Loren Meyer-1996,0.0,Not Selected,Center,DAL,0.021867115222876366
1995-96,Anthony Miller,millean01,PF,24,LAL,27,0,123,6.3,14.8,0.429,0.0,0.8,0.0,6.3,13.9,0.455,2.5,4.2,0.6,4.6,5.9,10.6,1.7,1.7,0.4,3.4,8.0,15.2,92.0,108.0,1996,Anthony Miller-1996,0.0,Not Selected,Forward,LAL,0.044575273338940284
1995-96,Oliver Miller,milleol01,PF,25,TOR,76,72,2516,8.6,16.3,0.526,0.0,0.2,0.0,8.6,16.0,0.5329999999999999,3.0,4.5,0.6609999999999999,3.6,7.9,11.5,4.5,2.2,2.9,4.1,5.7,20.1,104.0,108.0,1996,Oliver Miller-1996,0.0,Not Selected,Forward,TOR,0.017661900756938603
1995-96,Reggie Miller,millere01,SG,30,IND,76,76,2621,10.3,21.9,0.473,3.4,8.4,0.41,6.9,13.5,0.512,8.8,10.2,0.863,0.8,3.6,4.4,5.2,1.6,0.3,3.9,3.6,32.9,121.0,110.0,1996,Reggie Miller-1996,3.0,3rd,Guard,IND,0.04373423044575273
1995-96,Chris Mills,millsch01,SF,26,CLE,80,80,3060,8.7,18.5,0.46799999999999997,1.5,4.0,0.376,7.1,14.5,0.493,4.2,5.0,0.8290000000000001,2.1,6.3,8.4,3.6,1.4,1.0,2.3,4.6,23.0,112.0,108.0,1996,Chris Mills-1996,0.0,Not Selected,Forward,CLE,0.03952901597981497
1995-96,Terry Mills,millste01,PF,28,DET,82,5,1656,9.4,22.3,0.419,2.7,6.8,0.396,6.6,15.5,0.429,4.0,5.2,0.7709999999999999,3.6,8.1,11.6,3.2,1.4,0.7,3.2,6.5,25.4,105.0,104.0,1996,Terry Mills-1996,0.0,Not Selected,Forward,DET,0.03868797308662742
1995-96,Harold Miner,minerha01,SG,24,CLE,19,0,136,9.9,22.3,0.442,0.9,4.3,0.2,9.0,18.0,0.5,5.6,5.6,1.0,1.7,3.4,5.1,3.4,0.0,0.0,6.0,9.9,26.2,93.0,114.0,1996,Harold Miner-1996,0.0,Not Selected,Guard,CLE,0.03952901597981497
1995-96,Greg Minor,minorgr01,SG,24,BOS,78,47,1761,9.1,18.1,0.5,0.2,0.8,0.259,8.9,17.4,0.511,2.8,3.7,0.762,2.6,4.6,7.3,4.1,1.0,0.3,2.2,4.6,21.1,111.0,113.0,1996,Greg Minor-1996,0.0,Not Selected,Guard,BOS,0.027754415475189236
1995-96,Sam Mitchell,mitchsa01,SF,32,MIN,78,42,2145,7.2,14.8,0.49,0.0,0.4,0.055999999999999994,7.2,14.4,0.503,5.7,7.0,0.8140000000000001,2.6,5.6,8.1,1.8,1.2,0.6,2.1,5.3,20.2,114.0,112.0,1996,Sam Mitchell-1996,0.0,Not Selected,Forward,MIN,0.021867115222876366
1995-96,Eric Mobley,mobleer01,C,25,TOT,39,4,676,5.8,10.8,0.536,0.1,0.2,0.5,5.7,10.6,0.537,3.0,6.8,0.44799999999999995,4.2,6.7,10.9,1.7,1.1,1.9,3.9,6.8,14.7,93.0,109.0,1996,Eric Mobley-1996,0.0,Not Selected,Center,TOT,0.03333333333333333
1995-96,Eric Montross,montrer01,C,24,BOS,61,59,1432,6.8,12.1,0.5660000000000001,0.0,0.0,0.0,6.8,12.1,0.5660000000000001,1.7,4.6,0.376,4.1,8.1,12.3,1.5,0.7,1.0,2.9,6.3,15.4,102.0,111.0,1996,Eric Montross-1996,0.0,Not Selected,Center,BOS,0.027754415475189236
1995-96,Tracy Moore,mooretr01,SG,30,HOU,8,2,190,8.1,20.6,0.395,3.5,8.1,0.433,4.6,12.5,0.37,4.9,5.1,0.9470000000000001,2.7,3.3,6.0,1.6,0.5,0.0,2.2,4.3,24.7,109.0,113.0,1996,Tracy Moore-1996,0.0,Not Selected,Guard,HOU,0.040370058873002525
1995-96,Chris Morris,morrich01,SG,30,UTA,66,33,1424,9.9,22.7,0.43700000000000006,2.4,7.4,0.32,7.6,15.3,0.494,3.7,4.8,0.772,3.7,4.8,8.6,2.9,2.4,0.7,2.7,5.2,25.9,108.0,106.0,1996,Chris Morris-1996,0.0,Not Selected,Guard,UTA,0.04625735912531539
1995-96,Lawrence Moten,motenla01,SG,23,VAN,44,3,573,10.3,22.7,0.45299999999999996,1.7,5.1,0.327,8.7,17.7,0.49,4.5,6.9,0.653,3.3,2.3,5.6,4.6,2.7,0.7,4.0,5.0,26.8,100.0,110.0,1996,Lawrence Moten-1996,0.0,Not Selected,Guard,MEM,0.012615643397813289
1995-96,Alonzo Mourning,mournal01,C,25,MIA,70,70,2671,11.1,21.2,0.523,0.2,0.6,0.3,10.9,20.6,0.53,9.6,14.0,0.685,4.3,10.0,14.3,3.1,1.4,3.7,5.2,4.8,32.0,109.0,99.0,1996,Alonzo Mourning-1996,0.0,Not Selected,Center,MIA,0.03532380151387721
1995-96,Chris Mullin,mullich01,SF,32,GSW,55,19,1617,8.5,17.1,0.499,1.9,4.8,0.39299999999999996,6.7,12.4,0.54,4.4,5.1,0.856,1.4,3.7,5.1,6.2,2.4,1.0,3.9,4.0,23.3,114.0,111.0,1996,Chris Mullin-1996,0.0,Not Selected,Forward,GSW,0.030277544154751892
1995-96,Todd Mundt,mundtto01,C,25,TOT,33,0,151,5.6,14.3,0.39,0.0,0.0,0.0,5.6,14.3,0.39,1.7,2.8,0.625,3.8,5.9,9.8,1.0,0.7,1.7,1.0,10.1,12.9,99.0,110.0,1996,Todd Mundt-1996,0.0,Not Selected,Center,TOT,0.03333333333333333
1995-96,Eric Murdock,murdoer01,PG,27,TOT,73,14,1673,7.7,18.5,0.41600000000000004,1.4,4.6,0.31,6.3,13.9,0.45,3.6,4.5,0.797,0.8,4.5,5.3,10.3,4.3,0.3,4.2,4.4,20.4,101.0,105.0,1996,Eric Murdock-1996,0.0,Not Selected,Guard,TOT,0.03333333333333333
1995-96,Gheorghe Mureșan,muresgh01,C,24,WSB,76,76,2242,10.6,18.2,0.584,0.0,0.0,0.0,10.6,18.2,0.585,3.9,6.3,0.619,5.7,11.0,16.6,1.3,1.2,3.9,3.3,6.8,25.2,114.0,102.0,1996,Gheorghe Mureșan-1996,0.0,Not Selected,Center,WAS,0.03280067283431455
1995-96,Lamond Murray,murrala01,SF,22,LAC,77,32,1816,7.3,16.3,0.447,1.0,3.3,0.319,6.2,13.0,0.479,2.8,3.7,0.75,2.5,4.5,7.0,2.4,1.7,0.7,3.1,4.3,18.4,100.0,112.0,1996,Lamond Murray-1996,0.0,Not Selected,Forward,LAC,0.024390243902439025
1995-96,Tracy Murray,murratr01,SF,24,TOR,82,37,2458,10.4,22.9,0.45399999999999996,3.2,7.5,0.42200000000000004,7.2,15.4,0.47,3.8,4.6,0.831,2.4,5.0,7.4,2.7,1.8,0.8,2.8,4.4,27.8,111.0,113.0,1996,Tracy Murray-1996,0.0,Not Selected,Forward,TOR,0.017661900756938603
1995-96,Dikembe Mutombo,mutomdi01,C,29,DEN,74,74,2713,5.4,10.9,0.499,0.0,0.0,0.0,5.4,10.9,0.5,4.7,6.8,0.695,4.8,11.9,16.7,2.1,0.7,6.4,2.9,5.0,15.6,110.0,101.0,1996,Dikembe Mutombo-1996,0.0,Not Selected,Center,DEN,0.02943650126156434
1995-96,Pete Myers,myerspe01,SG,32,TOT,71,2,1092,4.4,11.9,0.368,0.7,2.8,0.24100000000000002,3.7,9.1,0.40700000000000003,3.9,5.9,0.6559999999999999,1.7,5.1,6.7,7.0,1.6,0.8,3.9,6.4,13.3,95.0,108.0,1996,Pete Myers-1996,0.0,Not Selected,Guard,TOT,0.03333333333333333
1995-96,Howard Nathan,nathaho01,PG,24,ATL,5,0,15,17.8,32.1,0.556,0.0,3.6,0.0,17.8,28.6,0.625,10.7,14.3,0.75,0.0,0.0,0.0,7.1,10.7,0.0,28.6,7.1,46.4,69.0,95.0,1996,Howard Nathan-1996,0.0,Not Selected,Guard,ATL,0.03868797308662742
1995-96,Johnny Newman,newmajo01,SG,32,MIL,82,82,2690,6.3,12.8,0.495,1.2,3.2,0.377,5.1,9.6,0.534,3.7,4.6,0.802,1.3,2.6,4.0,3.0,1.8,0.3,2.1,5.1,17.6,115.0,114.0,1996,Johnny Newman-1996,0.0,Not Selected,Guard,MIL,0.021026072329688814
1995-96,Ken Norman,normake01,SF,31,ATL,34,28,770,8.8,19.0,0.465,2.3,5.8,0.39299999999999996,6.5,13.1,0.49700000000000005,1.2,3.3,0.354,2.8,6.4,9.2,4.4,1.0,1.1,3.2,4.7,21.1,104.0,110.0,1996,Ken Norman-1996,0.0,Not Selected,Forward,ATL,0.03868797308662742
1995-96,Ed O'Bannon,obanned01,SG,23,NJN,64,29,1253,6.6,16.9,0.39,0.4,2.4,0.179,6.2,14.5,0.424,3.2,4.6,0.713,2.7,4.3,7.1,2.7,1.9,0.5,2.6,4.0,16.8,95.0,109.0,1996,Ed O'Bannon-1996,0.0,Not Selected,Guard,BRK,0.025231286795626577
1995-96,Shaquille O'Neal,onealsh01,C,23,ORL,54,52,1946,15.9,27.8,0.573,0.0,0.1,0.5,15.9,27.7,0.573,6.7,13.7,0.48700000000000004,4.9,11.1,16.0,4.2,0.9,3.1,4.2,5.2,38.5,110.0,103.0,1996,Shaquille O'Neal-1996,3.0,3rd,Center,ORL,0.050462573591253154
1995-96,Dan O'Sullivan,osullda01,C,27,TOR,5,2,139,4.8,13.0,0.371,0.0,0.4,0.0,4.8,12.6,0.382,2.6,3.0,0.875,4.8,7.0,11.9,0.7,0.7,1.5,1.9,4.8,12.2,97.0,113.0,1996,Dan O'Sullivan-1996,0.0,Not Selected,Center,TOR,0.017661900756938603
1995-96,Charles Oakley,oaklech01,PF,32,NYK,53,51,1775,6.3,13.3,0.47100000000000003,0.2,0.8,0.26899999999999996,6.1,12.5,0.483,5.2,6.2,0.833,4.8,8.9,13.7,4.1,1.7,0.4,3.1,5.8,17.9,113.0,102.0,1996,Charles Oakley-1996,0.0,Not Selected,Forward,NYK,0.03952901597981497
1995-96,Hakeem Olajuwon,olajuha01,C,33,HOU,72,72,2797,14.1,27.5,0.514,0.1,0.3,0.214,14.1,27.2,0.517,7.3,10.1,0.7240000000000001,3.2,11.2,14.4,4.7,2.1,3.8,4.5,4.5,35.6,108.0,101.0,1996,Hakeem Olajuwon-1996,2.0,2nd,Center,HOU,0.040370058873002525
1995-96,Greg Ostertag,ostergr01,C,22,UTA,57,10,661,6.9,14.7,0.473,0.0,0.0,0.0,6.9,14.7,0.473,2.9,4.4,0.667,4.6,9.5,14.1,0.4,0.4,5.1,2.0,7.3,16.8,105.0,103.0,1996,Greg Ostertag-1996,0.0,Not Selected,Center,UTA,0.04625735912531539
1995-96,Bo Outlaw,outlabo01,PF,24,LAC,80,3,985,5.6,9.7,0.575,0.0,0.2,0.0,5.6,9.6,0.585,3.8,8.5,0.444,4.6,5.9,10.5,2.6,2.3,4.8,2.4,6.6,15.0,111.0,106.0,1996,Bo Outlaw-1996,0.0,Not Selected,Forward,LAC,0.024390243902439025
1995-96,Doug Overton,overtdo01,PG,26,DEN,55,0,607,5.7,15.3,0.376,0.7,2.2,0.308,5.1,13.0,0.38799999999999996,3.4,4.7,0.727,0.7,4.7,5.4,9.1,1.1,0.4,3.4,4.2,15.6,97.0,111.0,1996,Doug Overton-1996,0.0,Not Selected,Guard,DEN,0.02943650126156434
1995-96,Billy Owens,owensbi01,SF,26,TOT,62,51,1982,8.5,17.8,0.48,0.1,0.5,0.278,8.4,17.3,0.485,4.1,6.5,0.636,3.8,7.1,10.8,5.4,1.3,1.0,4.3,5.1,21.3,102.0,106.0,1996,Billy Owens-1996,0.0,Not Selected,Forward,TOT,0.03333333333333333
1995-96,Robert Pack,packro01,PG,26,WSB,31,31,1084,9.0,21.0,0.428,1.2,4.6,0.265,7.7,16.3,0.474,7.3,8.6,0.846,1.4,4.9,6.2,11.4,2.9,0.0,5.4,3.2,26.5,107.0,107.0,1996,Robert Pack-1996,0.0,Not Selected,Guard,WAS,0.03280067283431455
1995-96,Robert Parish,parisro01,C,42,CHH,74,34,1086,5.8,11.6,0.498,0.0,0.0,0.0,5.8,11.6,0.498,2.4,3.4,0.7040000000000001,4.3,10.3,14.6,1.4,1.0,2.6,2.4,3.9,14.0,106.0,108.0,1996,Robert Parish-1996,0.0,Not Selected,Center,CHO,0.034482758620689655
1995-96,Cherokee Parks,parksch02,C,23,DAL,64,3,869,5.8,14.3,0.409,0.4,1.5,0.26899999999999996,5.4,12.8,0.425,2.4,3.6,0.6609999999999999,3.8,8.7,12.5,1.7,1.4,1.9,1.8,5.8,14.5,101.0,109.0,1996,Cherokee Parks-1996,0.0,Not Selected,Center,DAL,0.021867115222876366
1995-96,Gary Payton,paytoga01,PG,27,SEA,81,81,3162,10.0,20.6,0.484,1.6,4.8,0.32799999999999996,8.4,15.8,0.532,3.7,4.9,0.748,1.7,3.8,5.5,9.8,3.7,0.3,4.2,3.6,25.3,112.0,102.0,1996,Gary Payton-1996,2.0,2nd,Guard,OKC,0.05382674516400336
1995-96,Anthony Peeler,peelean01,SG,26,LAL,73,12,1608,8.8,19.5,0.452,3.4,8.2,0.413,5.4,11.2,0.48,2.0,2.8,0.7090000000000001,1.5,3.0,4.4,3.8,1.9,0.3,1.8,4.5,22.9,113.0,110.0,1996,Anthony Peeler-1996,0.0,Not Selected,Guard,LAL,0.044575273338940284
1995-96,Mike Peplowski,peplomi01,C,25,TOT,7,0,17,9.3,15.5,0.6,0.0,0.0,0.0,9.3,15.5,0.6,3.1,9.3,0.33299999999999996,3.1,9.3,12.4,3.1,3.1,6.2,6.2,30.9,21.7,89.0,98.0,1996,Mike Peplowski-1996,0.0,Not Selected,Center,TOT,0.03333333333333333
1995-96,Will Perdue,perduwi01,C,30,SAS,80,22,1396,6.4,12.2,0.523,0.0,0.0,0.0,6.4,12.2,0.524,2.5,4.6,0.536,6.4,11.4,17.9,1.2,1.0,2.8,3.2,6.7,15.2,104.0,100.0,1996,Will Perdue-1996,0.0,Not Selected,Center,SAS,0.0496215306980656
1995-96,Sam Perkins,perkisa01,PF,34,SEA,82,20,2169,7.7,18.8,0.408,3.0,8.6,0.355,4.6,10.2,0.452,4.5,5.7,0.7929999999999999,2.4,6.3,8.7,2.8,2.0,1.1,1.9,4.1,22.9,113.0,103.0,1996,Sam Perkins-1996,0.0,Not Selected,Forward,OKC,0.05382674516400336
1995-96,Elliot Perry,perryel01,PG,26,PHO,81,26,1668,8.1,16.9,0.475,0.7,1.8,0.40700000000000003,7.3,15.1,0.484,4.7,6.0,0.778,1.0,3.1,4.2,10.9,2.7,0.2,4.5,4.3,21.5,108.0,111.0,1996,Elliot Perry-1996,0.0,Not Selected,Guard,PHO,0.034482758620689655
1995-96,Tim Perry,perryti01,PF,30,TOT,30,1,254,6.4,13.4,0.47700000000000004,0.8,1.7,0.5,5.6,11.8,0.474,1.0,1.9,0.556,4.3,5.6,9.9,1.7,0.8,2.7,2.1,3.3,14.7,106.0,110.0,1996,Tim Perry-1996,0.0,Not Selected,Forward,TOT,0.03333333333333333
1995-96,Chuck Person,persoch01,SF,31,SAS,80,16,2131,7.4,17.0,0.43700000000000006,4.6,11.2,0.41,2.8,5.8,0.488,1.6,2.5,0.644,1.8,8.1,10.0,2.4,1.2,0.6,2.2,4.8,21.1,111.0,104.0,1996,Chuck Person-1996,0.0,Not Selected,Forward,SAS,0.0496215306980656
1995-96,Wesley Person,persowe01,SG,24,PHO,82,47,2609,7.7,17.3,0.445,2.3,6.2,0.374,5.4,11.1,0.484,2.9,3.8,0.7709999999999999,1.1,5.2,6.3,2.7,1.1,0.4,1.8,2.9,20.6,110.0,112.0,1996,Wesley Person-1996,0.0,Not Selected,Guard,PHO,0.034482758620689655
1995-96,Bobby Phills,phillbo01,SG,26,CLE,72,69,2530,8.9,19.0,0.467,2.1,4.9,0.441,6.8,14.2,0.47600000000000003,4.3,5.5,0.775,1.4,4.6,6.0,6.2,2.4,0.6,2.9,4.4,24.2,113.0,107.0,1996,Bobby Phills-1996,0.0,Not Selected,Guard,CLE,0.03952901597981497
1995-96,Eric Piatkowski,piatker01,SG,25,LAC,65,1,784,6.4,15.9,0.405,2.5,7.5,0.33299999999999996,3.9,8.4,0.469,4.4,5.4,0.8170000000000001,2.6,4.1,6.8,3.2,1.6,0.7,3.0,5.5,19.8,108.0,112.0,1996,Eric Piatkowski-1996,0.0,Not Selected,Guard,LAC,0.024390243902439025
1995-96,Ricky Pierce,piercri01,SG,36,IND,76,2,1404,10.1,22.6,0.447,1.3,4.0,0.337,8.8,18.6,0.47100000000000003,6.7,7.8,0.8490000000000001,1.5,3.7,5.2,3.9,2.2,0.2,3.6,7.2,28.2,108.0,108.0,1996,Ricky Pierce-1996,0.0,Not Selected,Guard,IND,0.04373423044575273
1995-96,Ed Pinckney,pincked01,PF,32,TOT,74,47,1710,5.2,10.1,0.51,0.0,0.1,0.0,5.2,10.0,0.515,4.1,5.4,0.76,5.7,8.1,13.9,2.2,1.9,0.8,2.3,4.7,14.5,118.0,111.0,1996,Ed Pinckney-1996,0.0,Not Selected,Forward,TOT,0.03333333333333333
1995-96,Scottie Pippen,pippesc01,SF,30,CHI,77,77,2825,10.5,22.7,0.46299999999999997,2.8,7.5,0.374,7.7,15.2,0.507,4.1,6.0,0.679,2.8,6.4,9.3,8.4,2.5,1.1,3.9,3.7,27.9,116.0,101.0,1996,Scottie Pippen-1996,1.0,1st,Forward,CHI,0.060555088309503784
1995-96,Olden Polynice,polynol01,C,31,SAC,81,80,2441,9.1,17.2,0.527,0.0,0.1,0.33299999999999996,9.1,17.2,0.528,2.6,4.3,0.601,5.4,10.7,16.1,1.2,1.1,1.4,2.7,5.3,20.7,108.0,107.0,1996,Olden Polynice-1996,0.0,Not Selected,Center,SAC,0.03280067283431455
1995-96,Terry Porter,portete01,PG,32,MIN,82,40,2072,6.7,15.1,0.442,1.8,5.6,0.314,4.9,9.5,0.518,4.1,5.2,0.785,0.9,4.4,5.3,11.2,2.2,0.4,4.3,3.8,19.1,108.0,111.0,1996,Terry Porter-1996,0.0,Not Selected,Guard,MIN,0.021867115222876366
1995-96,Brent Price,pricebr01,PG,27,WSB,81,50,2042,6.3,13.4,0.47200000000000003,3.5,7.5,0.462,2.8,5.8,0.485,4.2,4.8,0.8740000000000001,1.0,4.8,5.7,10.4,2.0,0.1,3.8,4.6,20.3,124.0,109.0,1996,Brent Price-1996,0.0,Not Selected,Guard,WAS,0.03280067283431455
1995-96,Mark Price,pricema01,PG,31,WSB,7,1,127,7.3,24.2,0.3,4.0,12.1,0.33299999999999996,3.2,12.1,0.267,4.0,4.0,1.0,0.4,2.4,2.8,7.3,2.4,0.0,4.0,2.8,22.6,92.0,110.0,1996,Mark Price-1996,0.0,Not Selected,Guard,WAS,0.03280067283431455
1995-96,Kevin Pritchard,pritcke01,PG,28,WSB,2,0,22,4.7,7.0,0.667,2.3,2.3,1.0,2.3,4.7,0.5,4.7,7.0,0.667,0.0,4.7,4.7,16.3,4.7,0.0,0.0,7.0,16.3,187.0,103.0,1996,Kevin Pritchard-1996,0.0,Not Selected,Guard,WAS,0.03280067283431455
1995-96,Theo Ratliff,ratlith01,C,22,DET,75,2,1305,5.4,9.6,0.557,0.0,0.0,0.0,5.4,9.6,0.5589999999999999,3.6,5.0,0.708,4.6,7.8,12.5,0.5,0.7,4.9,2.3,6.0,14.3,115.0,102.0,1996,Theo Ratliff-1996,0.0,Not Selected,Center,DET,0.03868797308662742
1995-96,Dino Rađa,radjadi01,PF,28,BOS,53,52,1984,10.7,21.4,0.5,0.0,0.0,0.0,10.7,21.4,0.5,4.8,6.9,0.695,2.8,10.3,13.1,2.1,1.2,2.0,2.9,4.0,26.2,106.0,107.0,1996,Dino Rađa-1996,0.0,Not Selected,Forward,BOS,0.027754415475189236
1995-96,Eldridge Recasner,recasel01,SG,28,HOU,63,27,1275,6.0,14.5,0.415,3.3,7.7,0.424,2.7,6.8,0.405,2.3,2.7,0.8640000000000001,1.3,4.6,5.8,6.9,0.9,0.2,2.5,4.5,17.6,114.0,111.0,1996,Eldridge Recasner-1996,0.0,Not Selected,Guard,HOU,0.040370058873002525
1995-96,Bryant Reeves,reevebr01,C,22,VAN,77,63,2460,8.6,18.8,0.457,0.0,0.1,0.0,8.6,18.7,0.45899999999999996,4.7,6.4,0.732,3.8,8.4,12.2,2.3,0.9,1.2,3.4,4.8,21.9,99.0,108.0,1996,Bryant Reeves-1996,0.0,Not Selected,Center,MEM,0.012615643397813289
1995-96,Khalid Reeves,reevekh01,PG,23,TOT,51,12,833,6.0,14.3,0.419,1.8,5.7,0.308,4.2,8.6,0.493,3.9,5.2,0.7440000000000001,1.1,3.9,5.0,7.5,2.3,0.2,4.0,7.3,17.6,104.0,110.0,1996,Khalid Reeves-1996,0.0,Not Selected,Guard,TOT,0.03333333333333333
1995-96,Don Reid,reiddo01,PF,22,DET,69,46,997,5.8,10.3,0.5670000000000001,0.0,0.0,0.0,5.8,10.3,0.5670000000000001,2.8,4.2,0.662,4.3,6.9,11.1,0.6,2.6,2.2,2.3,10.9,14.4,113.0,101.0,1996,Don Reid-1996,0.0,Not Selected,Forward,DET,0.03868797308662742
1995-96,J.R. Reid,reidjr01,PF,27,TOT,65,21,1313,6.3,12.9,0.494,0.0,0.0,0.0,6.3,12.8,0.495,4.2,5.6,0.754,2.9,7.2,10.1,1.7,1.7,0.7,3.1,7.4,16.9,103.0,103.0,1996,J.R. Reid-1996,0.0,Not Selected,Forward,TOT,0.03333333333333333
1995-96,Terrence Rencher,renchte01,PG,22,TOT,36,1,405,4.3,13.0,0.33,1.2,3.8,0.31,3.1,9.2,0.33799999999999997,4.0,6.0,0.674,1.2,4.6,5.7,7.0,2.1,0.3,5.6,4.8,13.8,84.0,105.0,1996,Terrence Rencher-1996,0.0,Not Selected,Guard,TOT,0.03333333333333333
1995-96,Shawn Respert,respesh01,SG,23,MIL,62,0,845,7.1,18.4,0.387,2.6,7.7,0.344,4.5,10.7,0.418,2.2,2.6,0.833,1.8,2.9,4.7,4.3,2.0,0.3,2.6,4.2,19.1,101.0,113.0,1996,Shawn Respert-1996,0.0,Not Selected,Guard,MIL,0.021026072329688814
1995-96,Jerry Reynolds,reynoje01,SF,33,MIL,19,0,191,5.8,14.8,0.396,0.3,2.8,0.1,5.6,12.0,0.465,3.6,5.8,0.619,3.6,5.6,9.2,3.3,4.2,1.7,4.5,5.6,15.6,88.0,106.0,1996,Jerry Reynolds-1996,0.0,Not Selected,Forward,MIL,0.021026072329688814
1995-96,Glen Rice,ricegl01,SF,28,CHH,79,79,3142,10.2,21.6,0.47100000000000003,2.9,6.7,0.424,7.3,14.9,0.49200000000000005,5.3,6.4,0.8370000000000001,1.4,4.9,6.3,3.9,1.5,0.3,2.7,3.6,28.5,116.0,113.0,1996,Glen Rice-1996,0.0,Not Selected,Forward,CHO,0.034482758620689655
1995-96,Pooh Richardson,richapo01,PG,29,LAC,63,61,2013,7.2,17.0,0.423,2.4,6.3,0.384,4.8,10.7,0.446,2.0,2.7,0.743,0.9,3.1,4.0,8.7,2.0,0.3,2.4,3.4,18.8,112.0,113.0,1996,Pooh Richardson-1996,0.0,Not Selected,Guard,LAC,0.024390243902439025
1995-96,Mitch Richmond,richmmi01,SG,30,SAC,81,81,2946,10.7,23.9,0.447,3.9,9.0,0.43700000000000006,6.7,14.9,0.45299999999999996,7.4,8.6,0.866,0.9,3.8,4.7,4.4,2.2,0.3,3.8,4.1,32.7,115.0,110.0,1996,Mitch Richmond-1996,3.0,3rd,Guard,SAC,0.03280067283431455
1995-96,Isaiah Rider,rideris01,SG,24,MIN,75,68,2594,11.1,23.9,0.46399999999999997,2.0,5.4,0.371,9.1,18.4,0.49200000000000005,4.9,5.9,0.838,2.0,4.2,6.1,4.2,0.9,0.5,4.0,4.0,29.1,106.0,114.0,1996,Isaiah Rider-1996,0.0,Not Selected,Guard,MIN,0.021867115222876366
1995-96,Eric Riley,rileyer01,C,25,MIN,25,10,310,5.8,12.3,0.473,0.0,0.2,0.0,5.8,12.1,0.479,3.6,4.6,0.7859999999999999,5.3,7.3,12.6,0.8,1.3,2.6,2.8,7.0,15.2,105.0,108.0,1996,Eric Riley-1996,0.0,Not Selected,Center,MIN,0.021867115222876366
1995-96,Doc Rivers,riverdo01,PG,34,SAS,78,0,1235,4.5,12.1,0.37200000000000005,2.0,5.7,0.34299999999999997,2.5,6.4,0.39899999999999997,2.0,2.7,0.75,1.2,4.5,5.7,5.1,3.0,0.9,2.4,7.3,12.9,101.0,103.0,1996,Doc Rivers-1996,0.0,Not Selected,Guard,SAS,0.0496215306980656
1995-96,Fred Roberts,roberfr01,C,35,LAL,33,1,317,7.9,15.9,0.495,0.7,2.3,0.28600000000000003,7.2,13.6,0.53,3.6,4.6,0.7859999999999999,3.0,4.8,7.7,4.3,2.6,0.7,3.9,3.9,20.0,105.0,107.0,1996,Fred Roberts-1996,0.0,Not Selected,Center,LAL,0.044575273338940284
1995-96,Stanley Roberts,roberst01,C,25,LAC,51,7,795,9.1,19.7,0.46399999999999997,0.0,0.0,0.0,9.1,19.7,0.46399999999999997,4.8,8.6,0.556,2.7,7.8,10.5,2.7,1.0,2.5,3.1,9.9,23.1,99.0,109.0,1996,Stanley Roberts-1996,0.0,Not Selected,Center,LAC,0.024390243902439025
1995-96,Alvin Robertson,roberal01,SG,33,TOR,77,69,2478,5.9,12.6,0.47,0.9,3.1,0.272,5.1,9.5,0.535,2.2,3.3,0.677,2.3,4.8,7.1,6.7,3.5,0.7,3.8,5.6,14.9,103.0,110.0,1996,Alvin Robertson-1996,0.0,Not Selected,Guard,TOR,0.017661900756938603
1995-96,Clifford Robinson,robincl02,SF,29,POR,78,76,2980,9.6,22.7,0.423,3.1,8.2,0.37799999999999995,6.5,14.5,0.449,6.3,9.4,0.664,2.1,5.6,7.7,3.3,1.5,1.2,3.4,4.3,28.6,108.0,105.0,1996,Clifford Robinson-1996,0.0,Not Selected,Forward,POR,0.03700588730025231
1995-96,David Robinson,robinda01,C,30,SAS,82,82,3019,12.1,23.5,0.516,0.1,0.2,0.33299999999999996,12.1,23.3,0.517,10.7,14.0,0.7609999999999999,5.4,11.6,17.0,4.2,1.9,4.6,3.2,4.5,34.9,120.0,96.0,1996,David Robinson-1996,1.0,1st,Center,SAS,0.0496215306980656
1995-96,Glenn Robinson,robingl01,SF,23,MIL,82,82,3249,10.3,22.6,0.45399999999999996,1.5,4.3,0.342,8.8,18.3,0.48,5.2,6.4,0.812,2.2,6.0,8.3,4.8,1.6,0.7,4.6,3.9,27.2,103.0,112.0,1996,Glenn Robinson-1996,0.0,Not Selected,Forward,MIL,0.021026072329688814
1995-96,James Robinson,robinja02,PG,25,POR,76,5,1627,7.3,18.3,0.39899999999999997,3.2,9.0,0.359,4.0,9.2,0.43799999999999994,2.8,4.3,0.659,1.4,3.6,5.0,4.8,1.1,0.5,3.5,4.7,20.7,102.0,107.0,1996,James Robinson-1996,0.0,Not Selected,Guard,POR,0.03700588730025231
1995-96,Rumeal Robinson,robinru01,PG,29,POR,43,14,715,6.7,16.0,0.41600000000000004,2.2,5.7,0.38,4.5,10.3,0.43700000000000006,2.4,3.7,0.647,1.4,4.3,5.7,10.3,1.9,0.4,5.2,5.7,17.9,100.0,105.0,1996,Rumeal Robinson-1996,0.0,Not Selected,Guard,POR,0.03700588730025231
1995-96,Dennis Rodman,rodmade01,PF,34,CHI,64,57,2088,3.7,7.7,0.48,0.1,0.7,0.111,3.6,7.0,0.516,1.4,2.7,0.528,9.0,15.0,24.0,4.0,0.9,0.7,3.5,4.9,8.9,109.0,98.0,1996,Dennis Rodman-1996,0.0,Not Selected,Forward,CHI,0.060555088309503784
1995-96,Lou Roe,roelo01,SF,23,DET,49,2,372,4.7,13.2,0.35600000000000004,0.3,1.3,0.222,4.4,11.9,0.37,3.5,4.7,0.75,4.4,7.1,11.5,2.2,1.5,1.2,2.5,6.2,13.2,96.0,104.0,1996,Lou Roe-1996,0.0,Not Selected,Forward,DET,0.03868797308662742
1995-96,Carlos Rogers,rogerca01,PF,24,TOR,56,18,1043,8.8,17.0,0.517,0.1,1.0,0.14300000000000002,8.6,15.9,0.542,3.5,6.4,0.546,4.0,4.4,8.4,1.7,1.2,2.4,3.0,4.3,21.2,104.0,113.0,1996,Carlos Rogers-1996,0.0,Not Selected,Forward,TOR,0.017661900756938603
1995-96,Rodney Rogers,rogerro01,SF,24,LAC,67,51,1950,8.1,16.9,0.47700000000000004,1.3,4.0,0.32,6.8,12.9,0.527,3.0,4.8,0.628,3.0,4.6,7.6,4.4,2.0,0.9,3.8,5.7,20.5,104.0,111.0,1996,Rodney Rogers-1996,0.0,Not Selected,Forward,LAC,0.024390243902439025
1995-96,Sean Rooks,rooksse01,C,26,TOT,65,7,1117,6.7,13.2,0.505,0.0,0.3,0.14300000000000002,6.6,12.9,0.514,6.3,9.4,0.6679999999999999,3.8,8.1,11.8,2.2,1.1,1.9,3.7,6.5,19.6,106.0,109.0,1996,Sean Rooks-1996,0.0,Not Selected,Center,TOT,0.03333333333333333
1995-96,Jalen Rose,roseja01,SG,23,DEN,80,37,2134,7.1,14.7,0.48,0.8,2.6,0.29600000000000004,6.3,12.1,0.52,4.7,6.8,0.69,1.1,5.2,6.3,12.1,1.3,1.0,5.7,5.6,19.6,103.0,110.0,1996,Jalen Rose-1996,0.0,Not Selected,Guard,DEN,0.02943650126156434
1995-96,Donald Royal,royaldo01,SF,29,ORL,64,7,963,5.8,11.7,0.491,0.0,0.1,0.0,5.8,11.6,0.495,6.8,8.9,0.762,3.1,5.2,8.3,2.3,1.6,0.8,2.8,5.3,18.3,114.0,108.0,1996,Donald Royal-1996,0.0,Not Selected,Forward,ORL,0.050462573591253154
1995-96,Clifford Rozier,roziecl01,C,23,GSW,59,1,723,5.6,9.6,0.585,0.0,0.1,0.0,5.6,9.5,0.594,1.8,3.9,0.473,5.0,7.1,12.2,1.6,1.4,2.1,2.8,9.6,13.1,107.0,109.0,1996,Clifford Rozier-1996,0.0,Not Selected,Center,GSW,0.030277544154751892
1995-96,Trevor Ruffin,ruffitr01,PG,25,PHI,61,23,1551,8.8,21.7,0.406,3.5,9.5,0.366,5.3,12.2,0.43700000000000006,5.0,6.1,0.813,0.7,3.7,4.4,9.0,1.4,0.1,5.0,4.4,26.1,104.0,116.0,1996,Trevor Ruffin-1996,0.0,Not Selected,Guard,PHI,0.015138772077375946
1995-96,Stefano Rusconi,ruscost01,PF,27,PHO,7,0,30,5.1,15.4,0.33299999999999996,0.0,0.0,0.0,5.1,15.4,0.33299999999999996,3.4,8.6,0.4,5.1,5.1,10.3,5.1,0.0,3.4,5.1,17.2,13.7,78.0,111.0,1996,Stefano Rusconi-1996,0.0,Not Selected,Forward,PHO,0.034482758620689655
1995-96,Bryon Russell,russebr01,SF,25,UTA,59,9,577,5.2,13.1,0.39399999999999996,1.3,3.7,0.35,3.9,9.4,0.41200000000000003,4.4,6.2,0.716,2.6,5.7,8.3,2.7,2.7,0.7,3.3,6.1,16.1,99.0,105.0,1996,Bryon Russell-1996,0.0,Not Selected,Forward,UTA,0.04625735912531539
1995-96,Arvydas Sabonis,sabonar01,C,31,POR,73,21,1735,11.8,21.6,0.545,1.2,3.1,0.375,10.6,18.5,0.574,6.9,9.1,0.757,4.4,13.2,17.6,3.9,1.9,2.3,4.6,6.3,31.6,116.0,97.0,1996,Arvydas Sabonis-1996,0.0,Not Selected,Center,POR,0.03700588730025231
1995-96,John Salley,sallejo01,PF,31,TOT,42,6,673,4.9,10.8,0.45,0.0,0.0,0.0,4.9,10.8,0.45,4.5,6.5,0.6940000000000001,3.5,7.2,10.8,4.2,1.5,2.1,4.2,8.5,14.2,98.0,108.0,1996,John Salley-1996,0.0,Not Selected,Forward,TOT,0.03333333333333333
1995-96,Danny Schayes,schayda01,C,36,MIA,32,6,399,4.2,12.4,0.34,0.0,0.0,0.0,4.2,12.4,0.34,4.9,6.1,0.804,3.8,7.9,11.8,1.2,1.5,2.1,3.0,7.9,13.3,92.0,102.0,1996,Danny Schayes-1996,0.0,Not Selected,Center,MIA,0.03532380151387721
1995-96,Steve Scheffler,schefst01,C,28,SEA,35,2,181,6.8,12.7,0.5329999999999999,0.3,1.4,0.2,6.5,11.3,0.575,2.5,5.4,0.474,4.2,5.1,9.3,0.6,1.7,0.6,2.3,7.1,16.4,106.0,104.0,1996,Steve Scheffler-1996,0.0,Not Selected,Center,OKC,0.05382674516400336
1995-96,Dwayne Schintzius,schindw01,C,27,IND,33,8,297,8.9,19.9,0.445,0.0,0.0,0.0,8.9,19.9,0.445,2.4,3.8,0.619,4.2,10.0,14.1,2.5,1.6,2.2,3.4,9.6,20.1,95.0,103.0,1996,Dwayne Schintzius-1996,0.0,Not Selected,Center,IND,0.04373423044575273
1995-96,Detlef Schrempf,schrede01,SF,33,SEA,63,60,2200,8.4,17.2,0.486,1.7,4.2,0.408,6.7,13.0,0.512,6.7,8.6,0.7759999999999999,1.7,5.9,7.6,6.4,1.3,0.2,3.4,4.2,25.1,118.0,105.0,1996,Detlef Schrempf-1996,0.0,Not Selected,Forward,OKC,0.05382674516400336
1995-96,Byron Scott,scottby01,SG,34,VAN,80,0,1894,7.5,18.8,0.401,2.1,6.2,0.335,5.5,12.7,0.433,5.7,6.8,0.835,1.1,4.2,5.3,3.4,1.8,0.6,2.8,3.5,22.8,103.0,110.0,1996,Byron Scott-1996,0.0,Not Selected,Guard,MEM,0.012615643397813289
1995-96,Dennis Scott,scottde01,SF,27,ORL,82,82,3041,8.4,19.2,0.44,4.6,10.8,0.425,3.9,8.4,0.45799999999999996,3.1,3.8,0.82,1.1,4.2,5.3,4.2,1.5,0.5,2.1,2.9,24.6,118.0,110.0,1996,Dennis Scott-1996,0.0,Not Selected,Forward,ORL,0.050462573591253154
1995-96,Malik Sealy,sealyma01,SF,25,LAC,62,48,1601,8.8,21.1,0.415,0.7,3.2,0.21,8.1,17.9,0.452,4.7,5.9,0.799,2.4,5.3,7.7,3.7,2.7,0.9,3.6,4.8,22.9,98.0,109.0,1996,Malik Sealy-1996,0.0,Not Selected,Forward,LAC,0.024390243902439025
1995-96,Rony Seikaly,seikaro01,C,30,GSW,64,60,1813,8.1,16.1,0.502,0.1,0.1,0.667,8.0,16.0,0.501,5.8,8.0,0.723,4.7,9.4,14.1,2.0,1.1,2.0,5.1,6.2,22.0,101.0,108.0,1996,Rony Seikaly-1996,0.0,Not Selected,Center,GSW,0.030277544154751892
1995-96,Brian Shaw,shawbr01,PG,29,ORL,75,1,1679,5.7,15.1,0.374,1.3,4.5,0.285,4.4,10.7,0.41200000000000003,2.8,3.6,0.7979999999999999,1.8,5.2,7.0,10.5,1.8,0.3,5.4,5.0,15.4,95.0,108.0,1996,Brian Shaw-1996,0.0,Not Selected,Guard,ORL,0.050462573591253154
1995-96,Lionel Simmons,simmoli01,SF,27,SAC,54,5,810,5.5,13.8,0.396,1.2,3.2,0.373,4.3,10.5,0.40399999999999997,3.5,4.8,0.733,2.6,6.6,9.2,5.3,2.0,1.3,3.2,5.4,15.6,102.0,108.0,1996,Lionel Simmons-1996,0.0,Not Selected,Forward,SAC,0.03280067283431455
1995-96,Dickey Simpkins,simpkdi01,PF,23,CHI,60,12,685,5.9,12.3,0.48100000000000004,0.1,0.1,1.0,5.8,12.2,0.478,4.7,7.5,0.629,5.1,6.9,12.0,2.9,0.7,0.6,4.3,6.0,16.6,102.0,104.0,1996,Dickey Simpkins-1996,0.0,Not Selected,Forward,CHI,0.060555088309503784
1995-96,Scott Skiles,skilesc01,PG,31,PHI,10,9,236,4.4,12.6,0.35100000000000003,3.3,7.5,0.441,1.1,5.1,0.217,1.8,2.2,0.8,0.2,3.3,3.5,8.4,1.5,0.0,3.5,4.6,13.9,102.0,116.0,1996,Scott Skiles-1996,0.0,Not Selected,Guard,PHI,0.015138772077375946
1995-96,Reggie Slater,slatere01,PF,25,TOT,11,0,72,10.0,19.3,0.519,0.0,0.0,0.0,10.0,19.3,0.519,2.1,5.0,0.429,2.9,7.8,10.7,1.4,1.4,2.1,6.4,7.8,22.1,83.0,106.0,1996,Reggie Slater-1996,0.0,Not Selected,Forward,TOT,0.03333333333333333
1995-96,Charles Smith,smithch02,PG,28,MIN,8,0,39,3.9,13.2,0.3,0.0,3.9,0.0,3.9,9.2,0.429,0.0,2.6,0.0,0.0,6.6,6.6,7.9,1.3,0.0,6.6,9.2,7.9,55.0,111.0,1996,Charles Smith-1996,0.0,Not Selected,Guard,MIN,0.021867115222876366
1995-96,Doug Smith,smithdo03,PF,26,BOS,17,2,92,7.6,21.1,0.359,0.0,0.0,0.0,7.6,21.1,0.359,2.7,4.3,0.625,6.5,5.4,11.9,2.2,1.6,0.0,6.0,11.4,17.9,78.0,111.0,1996,Doug Smith-1996,0.0,Not Selected,Forward,BOS,0.027754415475189236
1995-96,Joe Smith,smithjo02,PF,20,GSW,82,82,2821,8.5,18.6,0.45799999999999996,0.2,0.5,0.35700000000000004,8.4,18.1,0.461,5.5,7.1,0.773,5.5,7.6,13.1,1.4,1.5,2.4,2.5,4.1,22.8,111.0,108.0,1996,Joe Smith-1996,0.0,Not Selected,Forward,GSW,0.030277544154751892
1995-96,Kenny Smith,smithke01,PG,30,HOU,68,56,1617,6.4,14.8,0.433,2.9,7.6,0.382,3.5,7.2,0.48700000000000004,2.8,3.4,0.821,0.7,2.4,3.1,7.8,1.5,0.1,3.2,3.7,18.5,111.0,112.0,1996,Kenny Smith-1996,0.0,Not Selected,Guard,HOU,0.040370058873002525
1995-96,Michael Smith,smithmi02,PF,23,SAC,65,0,1384,5.3,8.8,0.605,0.0,0.0,1.0,5.3,8.8,0.603,2.5,6.6,0.384,5.3,9.1,14.4,4.1,1.7,1.7,2.7,6.2,13.3,111.0,106.0,1996,Michael Smith-1996,0.0,Not Selected,Forward,SAC,0.03280067283431455
1995-96,Steve Smith,smithst01,SG,26,ATL,80,80,2856,9.3,21.4,0.43200000000000005,2.6,7.9,0.331,6.6,13.5,0.49200000000000005,6.0,7.2,0.826,2.3,3.8,6.1,4.2,1.3,0.3,2.8,3.9,27.1,116.0,112.0,1996,Steve Smith-1996,0.0,Not Selected,Guard,ATL,0.03868797308662742
1995-96,Tony Smith,smithto02,SG,27,TOT,59,3,938,6.4,15.2,0.423,2.1,6.4,0.32799999999999996,4.3,8.8,0.494,1.6,2.6,0.609,1.7,3.6,5.3,8.5,2.1,0.6,3.7,5.9,16.5,103.0,109.0,1996,Tony Smith-1996,0.0,Not Selected,Guard,TOT,0.03333333333333333
1995-96,Rik Smits,smitsri01,C,29,IND,63,63,1901,13.2,25.3,0.521,0.0,0.1,0.2,13.1,25.1,0.523,6.5,8.3,0.7879999999999999,3.4,8.9,12.2,3.1,0.6,1.3,4.5,6.4,32.9,108.0,107.0,1996,Rik Smits-1996,0.0,Not Selected,Center,IND,0.04373423044575273
1995-96,Eric Snow,snower01,PG,22,SEA,43,1,389,5.5,13.1,0.42,0.3,1.3,0.2,5.3,11.8,0.444,3.8,6.4,0.5920000000000001,1.2,4.5,5.7,9.6,3.7,0.0,5.0,7.0,15.1,95.0,101.0,1996,Eric Snow-1996,0.0,Not Selected,Guard,OKC,0.05382674516400336
1995-96,Elmore Spencer,spencel01,C,26,TOT,17,0,58,4.5,11.6,0.385,0.0,0.0,0.0,4.5,11.6,0.385,3.6,5.4,0.667,2.7,9.0,11.6,0.9,0.0,1.8,5.4,10.7,12.5,75.0,106.0,1996,Elmore Spencer-1996,0.0,Not Selected,Center,TOT,0.03333333333333333
1995-96,Felton Spencer,spencfe01,C,28,UTA,71,70,1267,6.1,11.8,0.52,0.0,0.0,0.0,6.1,11.8,0.52,4.4,6.4,0.6890000000000001,4.2,8.7,12.9,0.5,0.8,2.3,3.2,10.1,16.7,105.0,105.0,1996,Felton Spencer-1996,0.0,Not Selected,Center,UTA,0.04625735912531539
1995-96,Latrell Sprewell,sprewla01,SG,25,GSW,78,78,3064,8.6,20.2,0.428,1.5,4.7,0.32299999999999995,7.1,15.4,0.461,5.9,7.5,0.789,2.1,4.3,6.4,5.5,2.1,0.8,3.7,2.5,24.7,108.0,111.0,1996,Latrell Sprewell-1996,0.0,Not Selected,Guard,GSW,0.030277544154751892
1995-96,Jerry Stackhouse,stackje01,SG,21,PHI,72,71,2701,8.7,21.0,0.414,1.8,5.6,0.318,6.9,15.4,0.449,7.5,10.0,0.747,1.7,3.4,5.1,5.4,1.5,1.5,4.9,3.4,26.7,101.0,115.0,1996,Jerry Stackhouse-1996,0.0,Not Selected,Guard,PHI,0.015138772077375946
1995-96,John Starks,starkjo01,SG,30,NYK,81,71,2491,7.9,17.9,0.44299999999999995,3.0,8.4,0.361,4.9,9.5,0.516,2.8,3.7,0.753,0.7,4.4,5.0,6.7,2.2,0.2,3.3,4.8,21.7,107.0,105.0,1996,John Starks-1996,0.0,Not Selected,Guard,NYK,0.03952901597981497
1995-96,Bryant Stith,stithbr01,SG,25,DEN,82,77,2810,7.0,16.9,0.41600000000000004,0.8,2.7,0.27699999999999997,6.3,14.1,0.44299999999999995,5.9,7.0,0.8440000000000001,2.3,5.1,7.4,4.5,2.1,0.3,2.9,3.5,20.7,107.0,109.0,1996,Bryant Stith-1996,0.0,Not Selected,Guard,DEN,0.02943650126156434
1995-96,John Stockton,stockjo01,PG,33,UTA,82,82,2915,8.1,15.0,0.5379999999999999,1.7,4.1,0.42200000000000004,6.3,10.9,0.5820000000000001,4.3,5.2,0.83,1.0,3.1,4.1,16.8,2.6,0.3,4.5,3.8,22.1,125.0,108.0,1996,John Stockton-1996,2.0,2nd,Guard,UTA,0.04625735912531539
1995-96,Damon Stoudamire,stoudda01,PG,22,TOR,70,70,2865,8.6,20.3,0.426,2.4,6.1,0.395,6.3,14.2,0.439,4.2,5.3,0.797,1.1,4.0,5.1,11.7,1.8,0.3,4.8,3.0,23.9,108.0,115.0,1996,Damon Stoudamire-1996,0.0,Not Selected,Guard,TOR,0.017661900756938603
1995-96,Rod Strickland,stricro02,PG,29,POR,67,63,2526,9.7,21.0,0.46,0.8,2.3,0.342,8.9,18.7,0.475,5.7,8.7,0.652,1.8,4.3,6.1,13.1,2.0,0.3,5.2,2.8,25.8,108.0,105.0,1996,Rod Strickland-1996,0.0,Not Selected,Guard,POR,0.03700588730025231
1995-96,Derek Strong,stronde01,PF,27,LAL,63,0,746,5.0,11.8,0.426,0.1,0.6,0.111,4.9,11.1,0.444,4.8,5.9,0.812,4.2,8.2,12.4,2.2,1.3,0.8,1.4,5.6,14.9,117.0,107.0,1996,Derek Strong-1996,0.0,Not Selected,Forward,LAL,0.044575273338940284
1995-96,Bob Sura,surabo01,SG,22,CLE,79,3,1150,7.5,18.3,0.41100000000000003,1.4,4.0,0.34600000000000003,6.1,14.3,0.429,5.0,7.1,0.7020000000000001,1.7,5.1,6.8,11.8,2.8,1.1,5.8,6.4,21.4,100.0,106.0,1996,Bob Sura-1996,0.0,Not Selected,Guard,CLE,0.03952901597981497
1995-96,Greg Sutton,suttogr01,PG,28,TOT,48,2,655,6.8,17.3,0.392,3.7,9.3,0.402,3.0,8.0,0.38,2.8,3.7,0.7609999999999999,0.6,3.3,4.0,8.1,2.0,0.2,4.9,7.3,20.1,100.0,114.0,1996,Greg Sutton-1996,0.0,Not Selected,Guard,TOT,0.03333333333333333
1995-96,Larry Sykes,sykesla01,PF,22,BOS,1,0,2,0.0,0.0,0.0,0.0,0.0,0.0,0.0,0.0,0.0,0.0,0.0,0.0,24.9,24.9,49.9,0.0,0.0,0.0,24.9,0.0,0.0,47.0,102.0,1996,Larry Sykes-1996,0.0,Not Selected,Forward,BOS,0.027754415475189236
1995-96,Žan Tabak,tabakza01,C,25,TOR,67,18,1332,8.7,16.0,0.5429999999999999,0.0,0.0,0.0,8.7,16.0,0.545,2.5,4.4,0.561,4.5,7.8,12.4,2.4,0.9,1.2,3.9,7.9,19.9,102.0,112.0,1996,Žan Tabak-1996,0.0,Not Selected,Center,TOR,0.017661900756938603
1995-96,Kurt Thomas,thomaku01,PF,23,MIA,74,42,1655,8.7,17.4,0.501,0.0,0.1,0.0,8.7,17.4,0.503,3.8,5.7,0.6629999999999999,3.9,10.1,14.0,1.5,1.5,1.1,3.1,8.6,21.2,103.0,101.0,1996,Kurt Thomas-1996,0.0,Not Selected,Forward,MIA,0.03532380151387721
1995-96,Brooks Thompson,thompbr01,PG,25,ORL,33,0,246,10.2,21.9,0.466,5.3,13.6,0.391,4.9,8.3,0.59,4.0,5.7,0.7040000000000001,0.9,4.3,5.1,6.6,2.6,0.0,5.1,7.4,29.8,109.0,108.0,1996,Brooks Thompson-1996,0.0,Not Selected,Guard,ORL,0.050462573591253154
1995-96,LaSalle Thompson,thompla01,C,34,PHI,44,11,773,2.2,5.6,0.39799999999999996,0.0,0.0,0.0,2.2,5.6,0.39799999999999996,1.3,1.6,0.792,4.2,9.2,13.4,1.8,1.3,1.3,2.5,8.4,5.7,92.0,111.0,1996,LaSalle Thompson-1996,0.0,Not Selected,Center,PHI,0.015138772077375946
1995-96,Bob Thornton,thornbo01,PF,33,WSB,7,0,31,1.7,9.9,0.16699999999999998,0.0,0.0,0.0,1.7,9.9,0.16699999999999998,1.7,3.3,0.5,9.9,9.9,19.8,0.0,1.7,0.0,1.7,11.6,5.0,83.0,105.0,1996,Bob Thornton-1996,0.0,Not Selected,Forward,WAS,0.03280067283431455
1995-96,Otis Thorpe,thorpot01,PF,33,DET,82,82,2841,8.7,16.4,0.53,0.0,0.1,0.0,8.7,16.4,0.532,5.0,7.0,0.71,4.1,9.2,13.3,3.0,1.0,0.8,3.8,5.8,22.4,109.0,104.0,1996,Otis Thorpe-1996,0.0,Not Selected,Forward,DET,0.03868797308662742
1995-96,Sedale Threatt,threase01,PG,34,LAL,82,8,1687,7.4,16.2,0.45799999999999996,1.8,5.2,0.355,5.6,11.0,0.507,1.7,2.2,0.7609999999999999,0.6,2.3,2.9,8.3,2.1,0.3,2.3,5.5,18.4,113.0,110.0,1996,Sedale Threatt-1996,0.0,Not Selected,Guard,LAL,0.044575273338940284
1995-96,Wayman Tisdale,tisdawa01,PF,31,PHO,63,6,1152,12.5,25.2,0.495,0.0,0.0,0.0,12.5,25.2,0.495,5.1,6.7,0.765,2.5,7.1,9.6,2.6,0.7,1.6,2.8,8.4,30.0,106.0,111.0,1996,Wayman Tisdale-1996,0.0,Not Selected,Forward,PHO,0.034482758620689655
1995-96,Andy Toolson,toolsan01,SF,30,UTA,13,0,53,8.1,22.1,0.364,3.0,12.1,0.25,5.0,10.1,0.5,3.0,4.0,0.75,0.0,6.0,6.0,1.0,0.0,0.0,2.0,12.1,22.1,93.0,111.0,1996,Andy Toolson-1996,0.0,Not Selected,Forward,UTA,0.04625735912531539
1995-96,Keith Tower,towerke01,C,25,LAC,34,1,305,5.4,12.2,0.444,0.0,0.2,0.0,5.4,12.0,0.451,3.0,4.4,0.6920000000000001,3.7,4.9,8.6,0.8,0.7,1.9,2.7,8.4,13.9,97.0,113.0,1996,Keith Tower-1996,0.0,Not Selected,Center,LAC,0.024390243902439025
1995-96,Gary Trent,trentga01,PF,21,POR,69,10,1219,9.4,18.2,0.513,0.0,0.4,0.0,9.4,17.9,0.524,3.3,6.0,0.5529999999999999,3.6,6.5,10.1,2.1,1.1,0.5,3.9,4.9,22.0,100.0,106.0,1996,Gary Trent-1996,0.0,Not Selected,Forward,POR,0.03700588730025231
1995-96,Jeff Turner,turneje01,PF,33,ORL,13,0,192,4.9,13.9,0.353,2.5,7.4,0.33299999999999996,2.5,6.5,0.375,0.5,0.5,1.0,2.7,4.9,7.6,1.6,0.5,0.3,3.0,9.0,12.8,88.0,111.0,1996,Jeff Turner-1996,0.0,Not Selected,Forward,ORL,0.050462573591253154
1995-96,Nick Van Exel,vanexni01,PG,24,LAL,74,74,2513,8.2,19.6,0.41700000000000004,3.0,8.3,0.35700000000000004,5.2,11.3,0.461,3.4,4.2,0.799,0.6,3.1,3.7,10.5,1.4,0.2,3.2,2.4,22.7,112.0,111.0,1996,Nick Van Exel-1996,0.0,Not Selected,Guard,LAL,0.044575273338940284
1995-96,Logan Vander Velden,vandelo01,SF,24,LAC,15,0,31,5.0,23.3,0.214,0.0,8.3,0.0,5.0,15.0,0.33299999999999996,5.0,6.6,0.75,1.7,8.3,10.0,1.7,0.0,0.0,0.0,6.6,15.0,75.0,113.0,1996,Logan Vander Velden-1996,0.0,Not Selected,Forward,LAC,0.024390243902439025
1995-96,David Vaughn,vaughda02,PF,22,ORL,33,0,266,5.3,15.7,0.33799999999999997,0.0,0.2,0.0,5.3,15.5,0.342,2.0,3.5,0.556,6.5,9.2,15.7,1.6,1.2,2.9,3.5,13.4,12.6,83.0,104.0,1996,David Vaughn-1996,0.0,Not Selected,Forward,ORL,0.050462573591253154
1995-96,Loy Vaught,vaughlo01,PF,27,LAC,80,78,2966,9.9,18.9,0.525,0.1,0.3,0.368,9.8,18.6,0.528,2.6,3.6,0.727,3.5,10.5,14.0,1.9,1.5,0.7,2.7,4.2,22.5,109.0,108.0,1996,Loy Vaught-1996,0.0,Not Selected,Forward,LAC,0.024390243902439025
1995-96,Rasheed Wallace,wallara01,PF,21,WSB,65,51,1788,7.9,16.2,0.48700000000000004,0.8,2.3,0.32899999999999996,7.1,13.8,0.513,2.2,3.4,0.65,2.7,6.0,8.7,2.4,1.2,1.5,2.9,5.9,18.8,102.0,108.0,1996,Rasheed Wallace-1996,0.0,Not Selected,Forward,WAS,0.03280067283431455
1995-96,Rex Walters,waltere01,SG,25,TOT,44,8,610,5.2,12.7,0.41200000000000003,1.9,5.6,0.33299999999999996,3.3,7.0,0.47600000000000003,3.6,4.4,0.8079999999999999,1.1,3.6,4.7,9.1,2.1,0.3,3.5,4.5,15.9,110.0,114.0,1996,Rex Walters-1996,0.0,Not Selected,Guard,TOT,0.03333333333333333
1995-96,Charlie Ward,wardch01,PG,25,NYK,62,1,787,5.8,14.6,0.39899999999999997,2.2,6.6,0.33299999999999996,3.6,8.0,0.45399999999999996,2.5,3.6,0.685,1.9,4.9,6.8,8.8,3.6,0.4,5.3,6.6,16.4,95.0,101.0,1996,Charlie Ward-1996,0.0,Not Selected,Guard,NYK,0.03952901597981497
1995-96,Jamie Watson,watsoja01,SF,23,UTA,16,0,217,4.4,10.6,0.419,0.7,1.7,0.429,3.7,8.9,0.41700000000000004,2.2,3.2,0.6920000000000001,1.2,5.4,6.6,5.9,2.0,0.5,4.2,7.4,11.8,91.0,107.0,1996,Jamie Watson-1996,0.0,Not Selected,Forward,UTA,0.04625735912531539
1995-96,Clarence Weatherspoon,weathcl01,SF,25,PHI,78,75,3096,8.3,17.1,0.484,0.0,0.0,0.0,8.3,17.0,0.485,5.3,7.2,0.746,4.0,8.7,12.7,2.7,1.9,1.8,3.0,3.6,21.9,108.0,110.0,1996,Clarence Weatherspoon-1996,0.0,Not Selected,Forward,PHI,0.015138772077375946
1995-96,Spud Webb,webbsp01,PG,32,TOT,77,21,1462,6.7,15.5,0.433,1.7,4.6,0.364,5.0,10.8,0.462,4.5,5.2,0.862,0.9,2.7,3.6,10.6,1.9,0.3,4.0,3.9,19.5,112.0,112.0,1996,Spud Webb-1996,0.0,Not Selected,Guard,TOT,0.03333333333333333
1995-96,Chris Webber,webbech01,PF,22,WSB,15,15,558,13.8,25.3,0.5429999999999999,1.4,3.1,0.441,12.4,22.2,0.5579999999999999,3.8,6.3,0.594,3.4,7.1,10.5,6.9,2.5,0.8,4.5,4.7,32.7,112.0,105.0,1996,Chris Webber-1996,0.0,Not Selected,Forward,WAS,0.03280067283431455
1995-96,Jeff Webster,webstje01,SF,24,WSB,11,0,58,7.1,20.3,0.348,1.8,5.3,0.33299999999999996,5.3,15.0,0.353,0.0,0.0,0.0,1.8,4.4,6.2,2.6,3.5,0.0,2.6,6.2,15.9,82.0,106.0,1996,Jeff Webster-1996,0.0,Not Selected,Forward,WAS,0.03280067283431455
1995-96,Bill Wennington,wennibi01,C,32,CHI,71,20,1065,8.4,17.0,0.493,0.0,0.0,1.0,8.3,16.9,0.491,1.8,2.1,0.86,2.9,5.7,8.6,2.3,1.0,0.8,1.8,8.5,18.6,111.0,104.0,1996,Bill Wennington-1996,0.0,Not Selected,Center,CHI,0.060555088309503784
1995-96,Robert Werdann,werdaro01,C,25,NJN,13,0,93,9.1,18.2,0.5,0.0,0.0,0.0,9.1,18.2,0.5,4.0,7.4,0.5379999999999999,2.8,10.2,13.1,1.1,2.8,1.7,3.4,9.7,22.1,98.0,101.0,1996,Robert Werdann-1996,0.0,Not Selected,Center,BRK,0.025231286795626577
1995-96,David Wesley,wesleda01,PG,25,BOS,82,53,2104,8.0,17.4,0.45899999999999996,2.7,6.4,0.426,5.3,11.0,0.478,5.1,6.8,0.753,1.6,4.6,6.3,9.2,2.4,0.3,3.8,4.9,23.9,116.0,110.0,1996,David Wesley-1996,0.0,Not Selected,Guard,BOS,0.027754415475189236
1995-96,Doug West,westdo01,SG,28,MIN,73,16,1639,5.5,12.3,0.445,0.0,0.4,0.077,5.4,11.9,0.45799999999999996,3.6,4.5,0.792,1.5,3.5,5.0,3.7,0.9,0.5,2.5,7.1,14.6,101.0,114.0,1996,Doug West-1996,0.0,Not Selected,Guard,MIN,0.021867115222876366
1995-96,Mark West,westma01,C,35,DET,47,21,682,4.9,10.1,0.484,0.0,0.0,0.0,4.9,10.1,0.484,2.2,3.6,0.622,3.9,6.7,10.7,0.5,0.5,3.0,2.8,10.8,12.0,97.0,105.0,1996,Mark West-1996,0.0,Not Selected,Center,DET,0.03868797308662742
1995-96,Dwayne Whitfield,whitfdw01,PF,23,TOR,8,1,122,5.5,12.7,0.433,0.0,0.0,0.0,5.5,12.7,0.433,5.9,9.3,0.636,3.8,6.8,10.6,0.8,1.3,0.8,3.4,5.9,16.9,97.0,113.0,1996,Dwayne Whitfield-1996,0.0,Not Selected,Forward,TOR,0.017661900756938603
1995-96,Chris Whitney,whitnch01,PG,24,WSB,21,0,335,6.9,15.1,0.455,2.9,6.7,0.43200000000000005,4.0,8.4,0.473,6.3,6.7,0.932,0.3,4.7,5.0,7.8,2.8,0.2,3.5,7.0,22.9,122.0,107.0,1996,Chris Whitney-1996,0.0,Not Selected,Guard,WAS,0.03280067283431455
1995-96,Gerald Wilkins,wilkige01,SG,32,VAN,28,14,738,5.5,14.6,0.376,1.0,4.6,0.21899999999999997,4.5,10.1,0.447,1.4,1.6,0.87,1.6,3.1,4.6,4.9,1.6,0.1,2.6,3.9,13.4,91.0,112.0,1996,Gerald Wilkins-1996,0.0,Not Selected,Guard,MEM,0.012615643397813289
1995-96,Buck Williams,willibu01,PF,35,POR,70,10,1672,6.0,11.9,0.5,0.1,0.1,0.667,5.9,11.8,0.499,3.9,5.8,0.6679999999999999,4.9,7.6,12.5,1.3,1.2,1.5,2.8,5.8,15.8,108.0,103.0,1996,Buck Williams-1996,0.0,Not Selected,Forward,POR,0.03700588730025231
1995-96,Eric Williams,willier01,SF,23,BOS,64,6,1470,8.2,18.5,0.441,0.1,0.3,0.3,8.1,18.2,0.444,6.8,10.1,0.6709999999999999,3.1,4.2,7.4,2.4,1.9,0.4,3.0,5.0,23.2,103.0,111.0,1996,Eric Williams-1996,0.0,Not Selected,Forward,BOS,0.027754415475189236
1995-96,Herb Williams,willihe01,PF-C,37,TOT,44,2,571,5.7,14.0,0.408,0.1,0.4,0.25,5.6,13.7,0.41200000000000003,1.2,1.8,0.65,1.4,6.9,8.3,2.5,1.3,3.0,2.0,7.3,12.7,88.0,103.0,1996,Herb Williams-1996,0.0,Not Selected,Forward,TOT,0.03333333333333333
1995-96,Hot Rod Williams,williho01,C,33,PHO,62,58,1652,5.6,12.4,0.45299999999999996,0.0,0.0,0.0,5.6,12.3,0.455,3.0,4.1,0.731,4.0,7.6,11.6,1.9,1.4,2.8,1.9,5.3,14.2,106.0,108.0,1996,Hot Rod Williams-1996,0.0,Not Selected,Center,PHO,0.034482758620689655
1995-96,Jayson Williams,willija01,PF,27,NJN,80,6,1858,7.9,18.8,0.423,0.1,0.2,0.28600000000000003,7.9,18.6,0.424,4.6,7.7,0.5920000000000001,9.7,13.1,22.8,1.3,1.0,1.6,3.0,6.8,20.5,103.0,103.0,1996,Jayson Williams-1996,0.0,Not Selected,Forward,BRK,0.025231286795626577
1995-96,Lorenzo Williams,willilo01,C,26,DAL,65,61,1806,2.4,6.0,0.40700000000000003,0.0,0.0,0.0,2.4,5.9,0.408,0.7,1.9,0.34299999999999997,6.5,8.0,14.5,2.4,1.3,3.4,2.2,6.3,5.5,98.0,108.0,1996,Lorenzo Williams-1996,0.0,Not Selected,Center,DAL,0.021867115222876366
1995-96,Micheal Williams,willimi02,PG,29,MIN,9,7,189,3.5,10.9,0.325,0.3,0.8,0.33299999999999996,3.3,10.0,0.324,7.6,9.0,0.848,0.8,5.4,6.2,8.4,1.4,0.8,6.2,10.0,14.9,90.0,111.0,1996,Micheal Williams-1996,0.0,Not Selected,Guard,MIN,0.021867115222876366
1995-96,Monty Williams,willimo01,SF,24,TOT,31,0,184,7.6,19.2,0.397,0.0,0.3,0.0,7.6,18.9,0.40299999999999997,3.9,5.6,0.7,5.6,5.6,11.3,2.3,1.7,0.6,5.1,7.3,19.2,87.0,105.0,1996,Monty Williams-1996,0.0,Not Selected,Forward,TOT,0.03333333333333333
1995-96,Reggie Williams,willire01,SF,31,DEN,52,5,817,6.0,16.2,0.37,1.3,5.7,0.225,4.7,10.5,0.44799999999999995,2.1,2.5,0.846,1.6,6.2,7.8,4.7,2.2,1.3,3.2,8.7,15.4,91.0,107.0,1996,Reggie Williams-1996,0.0,Not Selected,Forward,DEN,0.02943650126156434
1995-96,Scott Williams,willisc01,PF,27,PHI,13,1,193,4.0,7.8,0.517,0.0,0.5,0.0,4.0,7.3,0.556,2.7,3.2,0.833,3.5,8.9,12.4,1.3,1.6,1.9,2.2,7.3,10.8,111.0,110.0,1996,Scott Williams-1996,0.0,Not Selected,Forward,PHI,0.015138772077375946
1995-96,Walt Williams,williwa02,SF,25,TOT,73,73,2169,8.6,19.3,0.444,2.7,7.0,0.389,5.9,12.3,0.47600000000000003,3.9,5.5,0.703,2.4,5.3,7.6,5.5,2.0,1.4,3.6,5.7,23.8,108.0,107.0,1996,Walt Williams-1996,0.0,Not Selected,Forward,TOT,0.03333333333333333
1995-96,Corliss Williamson,willico02,SF,22,SAC,53,3,609,10.5,22.6,0.466,0.0,0.3,0.0,10.5,22.4,0.47200000000000003,4.0,7.1,0.56,4.7,4.9,9.6,1.9,0.9,0.8,6.4,9.7,25.1,87.0,112.0,1996,Corliss Williamson-1996,0.0,Not Selected,Forward,SAC,0.03280067283431455
1995-96,Kevin Willis,willike02,PF,33,TOT,75,60,2135,7.9,17.4,0.456,0.0,0.2,0.111,7.9,17.2,0.461,3.5,4.9,0.708,5.1,10.5,15.6,1.3,0.8,1.0,3.9,6.2,19.4,96.0,105.0,1996,Kevin Willis-1996,0.0,Not Selected,Forward,TOT,0.03333333333333333
1995-96,Trevor Wilson,wilsotr01,PF,27,PHI,6,0,79,6.6,13.2,0.5,0.0,0.0,0.0,6.6,13.2,0.5,2.0,2.6,0.75,4.6,4.6,9.2,2.6,2.0,0.0,0.7,5.9,15.2,122.0,114.0,1996,Trevor Wilson-1996,0.0,Not Selected,Forward,PHI,0.015138772077375946
1995-96,David Wingate,wingada01,SG,32,SEA,60,3,695,6.5,15.6,0.415,1.1,2.5,0.441,5.4,13.1,0.41,2.4,3.0,0.78,1.3,2.9,4.1,4.3,1.5,0.3,3.1,4.9,16.4,97.0,107.0,1996,David Wingate-1996,0.0,Not Selected,Guard,OKC,0.05382674516400336
1995-96,Dontonio Wingfield,wingfdo01,SF,21,POR,44,2,487,6.4,16.7,0.382,2.0,6.7,0.302,4.4,10.0,0.436,2.8,3.6,0.765,4.8,6.3,11.1,3.0,2.1,0.6,3.3,7.8,17.6,101.0,103.0,1996,Dontonio Wingfield-1996,0.0,Not Selected,Forward,POR,0.03700588730025231
1995-96,Joe Wolf,wolfjo01,PF,31,TOT,64,8,1065,6.6,12.9,0.513,0.0,0.3,0.0,6.6,12.6,0.525,1.0,1.4,0.7240000000000001,2.4,6.8,9.2,3.1,0.7,0.2,2.1,8.0,14.3,106.0,109.0,1996,Joe Wolf-1996,0.0,Not Selected,Forward,TOT,0.03333333333333333
1995-96,David Wood,woodda01,PF,31,TOT,62,0,772,4.9,11.4,0.431,1.3,4.1,0.32299999999999995,3.6,7.3,0.491,2.5,3.3,0.76,3.3,6.7,10.1,2.2,1.2,0.7,1.6,9.8,13.6,114.0,111.0,1996,David Wood-1996,0.0,Not Selected,Forward,TOT,0.03333333333333333
1995-96,Randy Woods,woodsra01,PG,25,DEN,8,0,72,4.3,15.9,0.273,3.6,15.2,0.23800000000000002,0.7,0.7,1.0,1.4,1.4,1.0,2.2,2.2,4.3,8.7,4.3,0.7,3.6,9.4,13.7,94.0,105.0,1996,Randy Woods-1996,0.0,Not Selected,Guard,DEN,0.02943650126156434
1995-96,Haywoode Workman,workmha01,PG,30,IND,77,4,1164,4.7,12.0,0.39,1.1,3.3,0.324,3.6,8.7,0.415,2.5,3.4,0.74,1.2,4.5,5.7,9.8,3.0,0.2,4.3,7.0,12.9,98.0,106.0,1996,Haywoode Workman-1996,0.0,Not Selected,Guard,IND,0.04373423044575273
1995-96,Sharone Wright,wrighsh01,C,23,TOT,57,38,1434,9.0,18.5,0.484,0.0,0.1,0.33299999999999996,8.9,18.4,0.485,6.0,9.4,0.645,5.4,7.5,12.9,1.4,1.1,1.8,3.9,5.9,24.0,102.0,112.0,1996,Sharone Wright-1996,0.0,Not Selected,Center,TOT,0.03333333333333333
1995-96,George Zídek,zidekge01,C,22,CHH,71,21,888,6.2,14.6,0.423,0.0,0.0,0.0,6.2,14.6,0.423,4.2,5.5,0.763,4.1,6.7,10.8,0.9,0.5,0.4,2.2,10.0,16.6,102.0,114.0,1996,George Zídek-1996,0.0,Not Selected,Center,CHO,0.034482758620689655
1996-97,Mahmoud Abdul-Rauf,abdulma02,PG,27,SAC,75,51,2131,10.2,22.9,0.445,2.3,6.1,0.382,7.8,16.8,0.46799999999999997,2.8,3.4,0.846,0.4,2.6,3.0,4.7,1.4,0.1,2.9,4.3,25.5,105.0,112.0,1997,Mahmoud Abdul-Rauf-1997,0.0,Not Selected,Guard,SAC,0.028595458368376788
1996-97,Shareef Abdur-Rahim,abdursh01,PF,20,VAN,80,71,2802,10.7,23.5,0.45299999999999996,0.1,0.5,0.259,10.5,23.0,0.457,7.5,10.1,0.746,4.2,6.6,10.7,3.4,1.5,1.5,4.4,3.9,28.9,102.0,112.0,1997,Shareef Abdur-Rahim-1997,0.0,Not Selected,Forward,MEM,0.011774600504625737
1996-97,Rafael Addison,addisra01,SF,32,CHH,41,3,355,7.5,18.6,0.402,1.2,3.1,0.4,6.3,15.6,0.402,3.4,4.3,0.7859999999999999,2.9,4.0,6.9,5.2,1.2,0.5,2.6,7.9,19.5,103.0,112.0,1997,Rafael Addison-1997,0.0,Not Selected,Forward,CHO,0.045416316232127836
1996-97,Cory Alexander,alexaco01,PG,23,SAS,80,6,1454,7.3,18.5,0.396,3.6,9.5,0.373,3.8,9.0,0.42,3.6,4.9,0.736,1.1,3.6,4.7,9.6,3.1,0.6,5.5,5.6,21.8,101.0,112.0,1997,Cory Alexander-1997,0.0,Not Selected,Guard,SAS,0.01682085786375105
1996-97,Jerome Allen,allenje01,SG,24,TOT,76,1,943,4.4,12.5,0.353,1.7,5.3,0.32299999999999995,2.7,7.2,0.375,2.4,4.1,0.583,1.4,4.1,5.5,8.6,1.8,0.2,3.9,4.8,12.9,95.0,109.0,1997,Jerome Allen-1997,0.0,Not Selected,Guard,TOT,0.03333333333333333
1996-97,Ray Allen,allenra02,SG,21,MIL,82,81,2532,8.3,19.2,0.43,2.5,6.3,0.39299999999999996,5.8,12.9,0.44799999999999995,4.3,5.3,0.823,2.1,4.8,6.9,4.4,1.6,0.2,3.2,4.6,23.3,109.0,110.0,1997,Ray Allen-1997,0.0,Not Selected,Guard,MIL,0.027754415475189236
1996-97,Derrick Alston,alstode01,C,24,ATL,2,0,11,0.0,25.1,0.0,0.0,0.0,0.0,0.0,25.1,0.0,0.0,10.1,0.0,15.1,5.0,20.1,0.0,0.0,0.0,0.0,0.0,0.0,35.0,109.0,1997,Derrick Alston-1997,0.0,Not Selected,Center,ATL,0.04709840201850295
1996-97,Ashraf Amaya,amayaas01,PF,25,WSB,31,0,144,4.3,14.4,0.3,0.4,0.4,1.0,4.0,14.1,0.282,5.4,10.1,0.536,6.9,11.9,18.8,1.1,2.5,1.1,3.6,10.5,14.4,86.0,99.0,1997,Ashraf Amaya-1997,0.0,Not Selected,Forward,WAS,0.03700588730025231
1996-97,Greg Anderson,andergr01,C,32,SAS,82,48,1659,4.3,8.7,0.496,0.0,0.0,0.0,4.3,8.6,0.498,2.1,3.1,0.667,5.2,9.6,14.8,1.1,2.1,2.2,2.4,7.5,10.7,105.0,108.0,1997,Greg Anderson-1997,0.0,Not Selected,Center,SAS,0.01682085786375105
1996-97,Kenny Anderson,anderke01,PG,26,POR,82,81,3081,8.3,19.5,0.42700000000000005,2.3,6.3,0.361,6.0,13.2,0.45799999999999996,5.7,7.5,0.768,1.6,4.7,6.2,10.0,2.8,0.3,3.3,3.8,24.6,117.0,104.0,1997,Kenny Anderson-1997,0.0,Not Selected,Guard,POR,0.04121110176619008
1996-97,Nick Anderson,anderni01,SG,29,ORL,63,61,2163,7.2,18.2,0.397,3.6,10.2,0.353,3.6,8.0,0.45299999999999996,1.0,2.4,0.40399999999999997,1.7,6.0,7.6,4.6,3.0,0.8,2.2,4.0,19.0,104.0,104.0,1997,Nick Anderson-1997,0.0,Not Selected,Guard,ORL,0.03784693019343986
1996-97,Shandon Anderson,andersh01,SG,23,UTA,65,0,1066,7.4,15.9,0.462,1.2,2.4,0.511,6.2,13.6,0.45399999999999996,3.4,5.0,0.687,2.6,6.4,9.0,2.5,1.4,0.4,3.7,5.7,19.3,99.0,106.0,1997,Shandon Anderson-1997,0.0,Not Selected,Guard,UTA,0.05382674516400336
1996-97,Willie Anderson,anderwi01,SG,30,MIA,28,1,303,5.2,11.5,0.45299999999999996,1.4,3.4,0.42100000000000004,3.8,8.1,0.467,3.1,3.6,0.85,2.7,4.8,7.5,6.1,2.5,0.7,3.4,6.5,14.9,111.0,101.0,1997,Willie Anderson-1997,0.0,Not Selected,Guard,MIA,0.051303616484440706
1996-97,Greg Anthony,anthogr01,PG,29,VAN,65,44,1863,5.8,14.8,0.39299999999999996,2.6,6.9,0.37,3.2,7.8,0.413,3.8,5.2,0.73,0.7,4.6,5.4,11.9,3.8,0.1,3.8,3.6,17.9,108.0,110.0,1997,Greg Anthony-1997,0.0,Not Selected,Guard,MEM,0.011774600504625737
1996-97,B.J. Armstrong,armstbj01,PG,29,GSW,49,17,1020,7.6,16.7,0.45299999999999996,1.3,4.6,0.278,6.3,12.1,0.519,3.5,4.0,0.861,0.4,3.4,3.8,6.5,1.3,0.1,2.7,2.9,19.9,110.0,116.0,1997,B.J. Armstrong-1997,0.0,Not Selected,Guard,GSW,0.025231286795626577
1996-97,Darrell Armstrong,armstda01,PG,28,ORL,67,0,1010,7.1,18.6,0.38299999999999995,3.0,9.7,0.304,4.1,8.8,0.47,4.9,5.7,0.868,1.9,2.2,4.1,9.4,3.3,0.5,5.3,6.1,22.1,103.0,107.0,1997,Darrell Armstrong-1997,0.0,Not Selected,Guard,ORL,0.03784693019343986
1996-97,Vincent Askew,askewvi01,SG,30,TOT,43,0,838,5.2,12.0,0.435,0.5,1.5,0.292,4.8,10.4,0.457,4.5,5.7,0.795,1.6,4.7,6.3,5.8,1.1,0.4,3.0,7.9,15.4,107.0,108.0,1997,Vincent Askew-1997,0.0,Not Selected,Guard,TOT,0.03333333333333333
1996-97,Keith Askins,askinke01,SF,29,MIA,78,30,1773,4.2,9.8,0.433,2.1,5.3,0.401,2.1,4.5,0.469,1.2,1.8,0.672,2.6,5.7,8.3,2.3,1.6,0.6,1.8,6.0,11.8,111.0,102.0,1997,Keith Askins-1997,0.0,Not Selected,Forward,MIA,0.051303616484440706
1996-97,Stacey Augmon,augmost01,SG,28,TOT,60,10,942,6.0,12.6,0.47700000000000004,0.0,0.0,0.0,6.0,12.6,0.47700000000000004,4.0,5.6,0.711,2.7,5.2,7.9,3.2,2.4,1.0,3.7,5.0,16.0,100.0,103.0,1997,Stacey Augmon-1997,0.0,Not Selected,Guard,TOT,0.03333333333333333
1996-97,Isaac Austin,austiis01,C,27,MIA,82,17,1881,9.3,18.5,0.502,0.0,0.1,0.0,9.3,18.4,0.505,4.3,6.5,0.664,3.9,9.9,13.8,2.9,1.3,1.2,4.7,7.1,22.9,99.0,99.0,1997,Isaac Austin-1997,0.0,Not Selected,Center,MIA,0.051303616484440706
1996-97,Vin Baker,bakervi01,PF,25,MIL,78,78,3159,10.7,21.2,0.505,0.3,0.9,0.278,10.5,20.3,0.515,6.1,8.8,0.687,4.5,9.1,13.6,3.6,1.4,1.9,4.2,4.7,27.8,108.0,106.0,1997,Vin Baker-1997,3.0,3rd,Forward,MIL,0.027754415475189236
1996-97,Charles Barkley,barklch01,PF,33,HOU,53,53,2009,8.7,18.0,0.484,1.5,5.3,0.28300000000000003,7.2,12.7,0.569,7.5,10.8,0.6940000000000001,5.5,13.1,18.7,6.5,1.8,0.7,3.9,4.0,26.5,117.0,100.0,1997,Charles Barkley-1997,0.0,Not Selected,Forward,HOU,0.0479394449116905
1996-97,Dana Barros,barroda01,PG,29,BOS,24,8,708,7.8,17.9,0.435,3.0,7.4,0.41,4.7,10.5,0.45299999999999996,2.6,3.0,0.86,0.4,3.0,3.4,5.7,1.8,0.4,2.8,2.4,21.2,109.0,114.0,1997,Dana Barros-1997,0.0,Not Selected,Guard,BOS,0.012615643397813289
1996-97,Brent Barry,barrybr01,SG,25,LAC,59,0,1094,7.4,18.2,0.409,2.7,8.3,0.324,4.8,9.9,0.48100000000000004,3.7,4.5,0.8170000000000001,1.4,3.8,5.3,7.4,2.5,0.7,3.7,4.2,21.2,107.0,109.0,1997,Brent Barry-1997,0.0,Not Selected,Guard,LAC,0.030277544154751892
1996-97,Jon Barry,barryjo01,SG,27,ATL,58,8,965,5.7,14.1,0.40700000000000003,2.8,7.1,0.387,3.0,7.0,0.426,2.1,2.6,0.804,1.5,4.2,5.7,6.6,3.2,0.2,3.4,3.2,16.3,108.0,103.0,1997,Jon Barry-1997,0.0,Not Selected,Guard,ATL,0.04709840201850295
1996-97,Benoit Benjamin,benjabe01,C,32,TOR,4,3,44,6.0,14.5,0.41700000000000004,0.0,0.0,0.0,6.0,14.5,0.41700000000000004,3.6,4.8,0.75,3.6,7.2,10.8,1.2,1.2,0.0,2.4,6.0,15.7,99.0,110.0,1997,Benoit Benjamin-1997,0.0,Not Selected,Center,TOR,0.025231286795626577
1996-97,Elmer Bennett,benneel01,PG,26,TOT,9,0,75,4.2,13.2,0.316,2.1,6.2,0.33299999999999996,2.1,6.9,0.3,4.9,6.9,0.7,0.0,2.8,2.8,7.6,2.8,0.0,6.9,4.9,15.3,82.0,111.0,1997,Elmer Bennett-1997,0.0,Not Selected,Guard,TOT,0.03333333333333333
1996-97,Travis Best,besttr01,PG,24,IND,76,46,2064,7.2,16.2,0.442,1.5,4.1,0.368,5.7,12.2,0.467,3.9,5.1,0.7559999999999999,0.9,3.4,4.3,8.3,2.6,0.1,4.0,5.8,19.7,105.0,106.0,1997,Travis Best-1997,0.0,Not Selected,Guard,IND,0.03280067283431455
1996-97,Mookie Blaylock,blaylmo01,PG,29,ATL,78,78,3056,9.1,21.0,0.43200000000000005,4.0,10.9,0.366,5.1,10.0,0.505,2.4,3.1,0.753,2.1,5.4,7.5,8.4,3.8,0.4,3.3,2.6,24.5,115.0,100.0,1997,Mookie Blaylock-1997,0.0,Not Selected,Guard,ATL,0.04709840201850295
1996-97,Corie Blount,blounco01,PF,28,LAL,58,18,1009,4.8,9.3,0.514,0.1,0.2,0.33299999999999996,4.7,9.2,0.517,2.9,4.3,0.675,5.9,8.5,14.4,1.8,1.1,1.4,2.6,6.3,12.6,112.0,104.0,1997,Corie Blount-1997,0.0,Not Selected,Forward,LAL,0.04709840201850295
1996-97,Muggsy Bogues,boguemu01,PG,32,CHH,65,65,1880,5.9,12.8,0.46,1.7,4.2,0.41700000000000004,4.2,8.6,0.48200000000000004,1.6,1.8,0.8440000000000001,0.7,3.3,4.1,13.5,2.4,0.1,3.1,3.3,15.0,119.0,111.0,1997,Muggsy Bogues-1997,0.0,Not Selected,Guard,CHO,0.045416316232127836
1996-97,Dexter Boney,boneyde01,SG,26,PHO,8,0,48,6.4,20.4,0.316,1.1,6.4,0.16699999999999998,5.4,13.9,0.385,6.4,8.6,0.75,3.2,3.2,6.4,0.0,2.1,1.1,1.1,3.2,20.4,95.0,110.0,1997,Dexter Boney-1997,0.0,Not Selected,Guard,PHO,0.0336417157275021
1996-97,Melvin Booker,bookeme01,PG,24,TOT,21,4,430,5.6,12.7,0.43799999999999994,1.5,4.5,0.324,4.1,8.3,0.5,2.2,2.4,0.9,0.8,2.7,3.5,6.4,0.4,0.2,3.3,3.4,14.8,105.0,118.0,1997,Melvin Booker-1997,0.0,Not Selected,Guard,TOT,0.03333333333333333
1996-97,Bruce Bowen,bowenbr01,SF,25,MIA,1,0,1,0.0,0.0,0.0,0.0,0.0,0.0,0.0,0.0,0.0,0.0,0.0,0.0,0.0,0.0,0.0,0.0,0.0,54.4,0.0,0.0,0.0,0.0,60.0,1997,Bruce Bowen-1997,0.0,Not Selected,Forward,MIA,0.051303616484440706
1996-97,Donnie Boyce,boycedo01,SG,23,ATL,22,2,154,7.5,22.6,0.33299999999999996,0.7,5.7,0.125,6.8,16.9,0.40399999999999997,3.9,7.9,0.5,2.5,2.9,5.4,4.7,3.6,1.4,5.7,6.1,19.7,77.0,102.0,1997,Donnie Boyce-1997,0.0,Not Selected,Guard,ATL,0.04709840201850295
1996-97,Shawn Bradley,bradlsh01,C,24,TOT,73,70,2288,9.4,20.9,0.449,0.0,0.2,0.0,9.4,20.7,0.45299999999999996,3.4,5.3,0.654,5.1,9.0,14.1,1.2,0.9,5.7,3.1,5.5,22.2,98.0,105.0,1997,Shawn Bradley-1997,0.0,Not Selected,Center,TOT,0.03333333333333333
1996-97,Mark Bradtke,bradtma01,C,28,PHI,36,0,251,5.0,11.6,0.431,0.0,0.0,0.0,5.0,11.6,0.431,1.8,2.6,0.6920000000000001,5.2,8.4,13.6,1.4,1.0,1.0,1.8,6.8,11.8,104.0,111.0,1997,Mark Bradtke-1997,0.0,Not Selected,Center,PHI,0.018502943650126155
1996-97,Terrell Brandon,brandte01,PG,26,CLE,78,78,2868,11.6,26.5,0.43799999999999994,2.0,5.5,0.373,9.6,21.0,0.455,5.4,6.0,0.902,1.0,5.1,6.1,9.9,2.8,0.6,3.6,3.6,30.7,111.0,102.0,1997,Terrell Brandon-1997,0.0,Not Selected,Guard,CLE,0.03532380151387721
1996-97,Frank Brickowski,brickfr01,PF,37,BOS,17,2,255,6.3,14.3,0.43799999999999994,1.4,3.9,0.35,4.9,10.4,0.47200000000000003,2.0,2.8,0.7140000000000001,1.2,5.5,6.7,2.9,1.0,0.8,3.7,8.3,15.9,92.0,113.0,1997,Frank Brickowski-1997,0.0,Not Selected,Forward,BOS,0.012615643397813289
1996-97,Scott Brooks,brooksc01,PG,31,NYK,38,0,251,4.0,8.2,0.48700000000000004,1.1,2.5,0.41700000000000004,3.0,5.7,0.519,3.0,3.2,0.9329999999999999,1.3,2.5,3.8,6.1,4.4,0.0,3.6,7.4,12.0,109.0,99.0,1997,Scott Brooks-1997,0.0,Not Selected,Guard,NYK,0.0479394449116905
1996-97,Chucky Brown,brownch01,SF,28,TOT,70,1,757,5.5,10.9,0.506,0.1,0.4,0.16699999999999998,5.4,10.4,0.52,3.3,4.9,0.6709999999999999,2.9,7.5,10.4,2.0,0.6,1.6,1.3,7.0,14.4,116.0,109.0,1997,Chucky Brown-1997,0.0,Not Selected,Forward,TOT,0.03333333333333333
1996-97,Dee Brown,brownde01,PG,28,BOS,21,2,522,5.9,15.9,0.36700000000000005,1.9,6.2,0.308,3.9,9.7,0.406,1.7,2.1,0.818,0.8,3.8,4.6,6.4,3.0,0.7,2.3,4.3,15.4,99.0,111.0,1997,Dee Brown-1997,0.0,Not Selected,Guard,BOS,0.012615643397813289
1996-97,Marcus Brown,brownma01,PG,22,POR,21,0,184,8.0,20.1,0.4,3.7,9.2,0.406,4.3,10.9,0.395,3.7,5.5,0.684,1.1,3.2,4.3,5.7,2.3,0.6,3.7,7.5,23.5,105.0,105.0,1997,Marcus Brown-1997,0.0,Not Selected,Guard,POR,0.04121110176619008
1996-97,Mike Brown,brownmi01,C,33,PHO,6,1,83,3.1,7.4,0.41700000000000004,0.0,0.0,0.0,3.1,7.4,0.41700000000000004,3.7,6.2,0.6,5.6,9.9,15.5,3.1,0.6,0.6,1.2,5.6,9.9,118.0,109.0,1997,Mike Brown-1997,0.0,Not Selected,Center,PHO,0.0336417157275021
1996-97,P.J. Brown,brownpj01,PF,27,MIA,80,71,2592,6.3,13.8,0.457,0.0,0.0,0.0,6.3,13.7,0.45899999999999996,3.4,4.6,0.732,5.0,9.0,14.1,1.9,1.8,2.1,2.4,5.9,16.0,107.0,98.0,1997,P.J. Brown-1997,0.0,Not Selected,Forward,MIA,0.051303616484440706
1996-97,Randy Brown,brownra02,PG,28,CHI,72,3,1057,7.1,16.8,0.42,0.2,1.1,0.182,6.9,15.7,0.43700000000000006,2.9,4.2,0.679,1.7,3.9,5.6,6.7,4.1,0.9,2.9,5.9,17.2,102.0,100.0,1997,Randy Brown-1997,0.0,Not Selected,Guard,CHI,0.05803195962994113
1996-97,Kobe Bryant,bryanko01,SF,18,LAL,71,6,1103,8.4,20.2,0.41700000000000004,2.4,6.5,0.375,6.0,13.7,0.43700000000000006,6.5,7.9,0.8190000000000001,2.2,4.1,6.3,4.3,2.3,1.1,5.3,4.9,25.7,101.0,105.0,1997,Kobe Bryant-1997,0.0,Not Selected,Forward,LAL,0.04709840201850295
1996-97,Mark Bryant,bryanma01,PF,31,PHO,41,18,1018,7.7,13.9,0.5529999999999999,0.0,0.0,0.0,7.7,13.9,0.5529999999999999,3.8,5.5,0.7040000000000001,3.4,7.3,10.7,2.4,1.1,0.3,2.3,6.9,19.2,114.0,110.0,1997,Mark Bryant-1997,0.0,Not Selected,Forward,PHO,0.0336417157275021
1996-97,Jud Buechler,buechju01,SF,28,CHI,76,0,703,4.4,12.0,0.36700000000000005,1.4,4.1,0.33299999999999996,3.0,7.9,0.385,0.4,1.1,0.35700000000000004,3.4,6.1,9.6,4.6,1.7,1.6,2.0,3.8,10.5,101.0,103.0,1997,Jud Buechler-1997,0.0,Not Selected,Forward,CHI,0.05803195962994113
1996-97,Matt Bullard,bullama01,PF,29,HOU,71,12,1025,5.8,14.5,0.401,3.4,9.4,0.366,2.4,5.2,0.465,1.3,1.7,0.735,0.7,5.3,6.0,3.4,1.1,0.9,1.9,3.5,16.4,106.0,107.0,1997,Matt Bullard-1997,0.0,Not Selected,Forward,HOU,0.0479394449116905
1996-97,Scott Burrell,burresc01,SF,26,TOT,57,2,939,5.6,15.4,0.36200000000000004,2.3,6.6,0.353,3.2,8.8,0.368,3.2,4.3,0.75,2.8,6.2,9.0,4.2,1.6,1.1,3.0,6.8,16.7,101.0,110.0,1997,Scott Burrell-1997,0.0,Not Selected,Forward,TOT,0.03333333333333333
1996-97,Willie Burton,burtowi01,SF,28,ATL,24,2,380,5.7,16.9,0.336,1.9,6.7,0.28300000000000003,3.8,10.2,0.371,8.3,9.9,0.838,1.6,4.4,6.0,1.6,1.2,0.4,3.8,8.0,21.5,100.0,106.0,1997,Willie Burton-1997,0.0,Not Selected,Forward,ATL,0.04709840201850295
1996-97,Mitchell Butler,butlemi02,SG,26,POR,49,1,465,5.9,14.2,0.41600000000000004,1.4,4.4,0.308,4.5,9.8,0.465,3.6,5.7,0.64,2.2,3.9,6.0,3.4,1.5,0.2,3.1,6.2,16.8,101.0,107.0,1997,Mitchell Butler-1997,0.0,Not Selected,Guard,POR,0.04121110176619008
1996-97,Jason Caffey,caffeja01,PF,23,CHI,75,19,1405,7.8,14.6,0.532,0.0,0.0,0.0,7.8,14.6,0.534,5.3,8.0,0.659,5.1,6.3,11.4,3.4,0.9,0.3,3.7,5.7,20.8,112.0,105.0,1997,Jason Caffey-1997,0.0,Not Selected,Forward,CHI,0.05803195962994113
1996-97,Michael Cage,cagemi01,C,35,PHI,82,24,1247,2.7,5.7,0.46799999999999997,0.0,0.0,0.0,2.7,5.7,0.46799999999999997,0.8,1.7,0.46299999999999997,4.5,8.4,12.9,1.7,1.9,1.7,0.7,4.8,6.1,118.0,109.0,1997,Michael Cage-1997,0.0,Not Selected,Center,PHI,0.018502943650126155
1996-97,Adrian Caldwell,caldwad01,PF,30,TOT,45,0,569,3.6,8.2,0.435,0.0,0.2,0.0,3.6,8.1,0.444,1.9,4.5,0.42,5.2,9.8,14.9,1.1,1.4,0.7,2.5,7.8,9.0,92.0,109.0,1997,Adrian Caldwell-1997,0.0,Not Selected,Forward,TOT,0.03333333333333333
1996-97,Marcus Camby,cambyma01,C,22,TOR,63,38,1897,10.5,21.7,0.48200000000000004,0.1,0.4,0.14300000000000002,10.4,21.3,0.488,5.1,7.4,0.693,3.7,7.3,11.0,2.7,1.8,3.6,3.7,6.0,26.1,103.0,105.0,1997,Marcus Camby-1997,0.0,Not Selected,Center,TOR,0.025231286795626577
1996-97,Elden Campbell,campbel01,PF,28,LAL,77,77,2516,9.3,19.7,0.469,0.0,0.1,0.25,9.2,19.6,0.47,5.5,7.7,0.711,4.3,8.5,12.9,2.6,1.0,2.4,2.7,5.8,24.0,108.0,103.0,1997,Elden Campbell-1997,0.0,Not Selected,Forward,LAL,0.04709840201850295
1996-97,Antoine Carr,carran01,PF,35,UTA,82,0,1460,9.2,19.1,0.483,0.0,0.1,0.0,9.2,19.0,0.486,3.6,4.6,0.78,2.2,4.9,7.1,2.7,0.9,2.3,2.7,7.8,22.0,103.0,106.0,1997,Antoine Carr-1997,0.0,Not Selected,Forward,UTA,0.05382674516400336
1996-97,Chris Carr,carrch01,SG,22,MIN,55,10,830,8.0,17.3,0.461,2.0,5.6,0.35200000000000004,6.0,11.7,0.514,3.6,4.7,0.767,2.0,5.2,7.2,3.1,1.5,0.6,2.4,5.9,21.5,110.0,109.0,1997,Chris Carr-1997,0.0,Not Selected,Guard,MIN,0.0336417157275021
1996-97,Jimmy Carruth,carruji01,PF,27,MIL,4,0,21,5.1,7.7,0.667,0.0,0.0,0.0,5.1,7.7,0.667,2.6,2.6,1.0,0.0,10.2,10.2,0.0,0.0,5.1,2.6,10.2,12.8,110.0,105.0,1997,Jimmy Carruth-1997,0.0,Not Selected,Forward,MIL,0.027754415475189236
1996-97,Sam Cassell,cassesa01,PG,27,TOT,61,44,1714,10.3,23.9,0.43,2.5,7.0,0.35100000000000003,7.8,16.8,0.46399999999999997,6.5,7.7,0.845,1.4,4.1,5.5,9.3,2.3,0.6,5.1,6.1,29.5,108.0,110.0,1997,Sam Cassell-1997,0.0,Not Selected,Guard,TOT,0.03333333333333333
1996-97,Duane Causwell,causwdu01,C,28,SAC,46,8,581,4.4,8.5,0.511,0.2,0.3,0.667,4.2,8.3,0.505,1.8,3.4,0.541,5.2,6.4,11.5,1.8,1.4,3.4,3.1,11.9,10.7,100.0,106.0,1997,Duane Causwell-1997,0.0,Not Selected,Center,SAC,0.028595458368376788
1996-97,Cedric Ceballos,cebalce01,SF,27,TOT,50,40,1426,10.2,22.4,0.457,0.9,3.7,0.255,9.3,18.7,0.49700000000000005,5.0,6.7,0.747,3.7,8.3,12.0,2.3,1.2,0.8,3.1,4.1,26.4,104.0,108.0,1997,Cedric Ceballos-1997,0.0,Not Selected,Forward,TOT,0.03333333333333333
1996-97,Tom Chambers,chambto01,PF,37,CHH,12,5,83,4.6,20.2,0.226,1.3,2.0,0.667,3.3,18.3,0.179,2.0,2.6,0.75,2.0,7.2,9.1,2.6,0.7,0.0,5.9,9.1,12.4,58.0,111.0,1997,Tom Chambers-1997,0.0,Not Selected,Forward,CHO,0.045416316232127836
1996-97,Rex Chapman,chapmre01,SG,29,PHO,65,33,1833,9.3,21.0,0.44299999999999995,3.1,8.8,0.35,6.2,12.2,0.51,3.5,4.2,0.8320000000000001,0.7,4.4,5.1,5.1,1.5,0.2,2.7,3.0,25.2,108.0,111.0,1997,Rex Chapman-1997,0.0,Not Selected,Guard,PHO,0.0336417157275021
1996-97,Calbert Cheaney,cheanca01,SG,25,WSB,79,79,2411,8.0,15.7,0.505,0.1,0.6,0.133,7.9,15.1,0.521,2.0,3.0,0.693,1.5,4.3,5.8,2.5,1.7,0.4,2.0,4.9,18.0,105.0,108.0,1997,Calbert Cheaney-1997,0.0,Not Selected,Guard,WAS,0.03700588730025231
1996-97,Pete Chilcutt,chilcpe01,PF,28,VAN,54,1,662,5.9,13.5,0.436,2.0,5.7,0.36200000000000004,3.9,7.9,0.49,1.1,1.8,0.591,5.5,7.3,12.8,3.9,2.1,1.4,2.3,4.3,14.9,110.0,110.0,1997,Pete Chilcutt-1997,0.0,Not Selected,Forward,MEM,0.011774600504625737
1996-97,Randolph Childress,childra01,PG,24,TOT,23,0,155,4.8,13.8,0.35,1.7,6.6,0.263,3.1,7.3,0.429,2.1,2.8,0.75,0.3,1.7,2.1,5.9,3.1,0.0,6.2,5.5,13.5,78.0,105.0,1997,Randolph Childress-1997,0.0,Not Selected,Guard,TOT,0.03333333333333333
1996-97,Chris Childs,childch01,PG,29,NYK,65,61,2076,5.4,13.0,0.414,1.8,4.6,0.387,3.6,8.4,0.429,2.9,3.8,0.758,0.6,4.3,4.9,10.2,2.0,0.3,4.6,5.4,15.5,102.0,103.0,1997,Chris Childs-1997,0.0,Not Selected,Guard,NYK,0.0479394449116905
1996-97,Doug Christie,chrisdo01,SG,26,TOR,81,81,3127,6.7,16.1,0.41700000000000004,2.5,6.5,0.384,4.2,9.6,0.44,4.0,5.2,0.775,1.4,5.9,7.3,5.3,3.4,0.8,3.4,4.2,19.9,108.0,106.0,1997,Doug Christie-1997,0.0,Not Selected,Guard,TOR,0.025231286795626577
1996-97,Derrick Coleman,colemde01,PF,29,PHI,57,54,2102,8.7,20.0,0.435,0.8,2.9,0.26899999999999996,8.0,17.2,0.46299999999999997,6.5,8.7,0.745,3.8,10.0,13.7,4.6,1.2,1.8,4.4,3.9,24.7,104.0,109.0,1997,Derrick Coleman-1997,0.0,Not Selected,Forward,PHI,0.018502943650126155
1996-97,Bimbo Coles,colesbi01,PG,28,GSW,51,13,1183,5.4,13.9,0.389,1.3,4.5,0.294,4.1,9.4,0.434,1.6,2.2,0.755,1.7,3.5,5.2,6.6,1.5,0.3,2.6,4.2,13.7,102.0,115.0,1997,Bimbo Coles-1997,0.0,Not Selected,Guard,GSW,0.025231286795626577
1996-97,Marty Conlon,conloma01,C,29,BOS,74,15,1614,6.6,14.1,0.47100000000000003,0.1,0.3,0.2,6.6,13.8,0.47700000000000004,4.5,5.3,0.8420000000000001,4.0,6.1,10.0,3.2,1.4,0.6,3.4,4.8,17.8,106.0,113.0,1997,Marty Conlon-1997,0.0,Not Selected,Center,BOS,0.012615643397813289
1996-97,Tyrone Corbin,corbity01,SF,34,ATL,70,65,2305,6.1,14.4,0.42200000000000004,1.8,5.0,0.35600000000000004,4.3,9.4,0.457,2.1,2.6,0.7959999999999999,1.8,5.2,7.1,3.0,2.2,0.2,2.0,4.2,16.0,107.0,104.0,1997,Tyrone Corbin-1997,0.0,Not Selected,Forward,ATL,0.04709840201850295
1996-97,Joe Courtney,courtjo01,PF,27,TOT,9,0,100,5.8,15.7,0.36700000000000005,0.0,0.0,0.0,5.8,15.7,0.36700000000000005,1.6,2.6,0.6,4.7,3.7,8.4,0.0,0.0,0.0,1.6,7.3,13.1,89.0,118.0,1997,Joe Courtney-1997,0.0,Not Selected,Forward,TOT,0.03333333333333333
1996-97,John Crotty,crottjo01,PG,27,MIA,48,0,659,6.5,12.7,0.513,1.7,4.0,0.408,4.9,8.7,0.562,4.5,5.3,0.8440000000000001,1.2,2.6,3.9,8.4,1.5,0.0,3.5,6.5,19.1,122.0,105.0,1997,John Crotty-1997,0.0,Not Selected,Guard,MIA,0.051303616484440706
1996-97,Terry Cummings,cummite01,PF,35,SEA,45,3,828,9.9,20.5,0.486,0.2,0.3,0.6,9.8,20.2,0.484,3.7,5.3,0.695,4.5,7.3,11.7,2.5,2.1,0.4,2.9,7.3,23.8,106.0,103.0,1997,Terry Cummings-1997,0.0,Not Selected,Forward,OKC,0.0479394449116905
1996-97,Earl Cureton,curetea01,PF,39,TOR,9,0,46,3.5,9.2,0.375,0.0,0.0,0.0,3.5,9.2,0.375,1.2,3.5,0.33299999999999996,4.6,5.8,10.4,4.6,0.0,0.0,1.2,11.5,8.1,102.0,113.0,1997,Earl Cureton-1997,0.0,Not Selected,Forward,TOR,0.025231286795626577
1996-97,Dell Curry,curryde01,SG,32,CHH,68,20,2078,10.0,21.8,0.45899999999999996,3.3,7.7,0.426,6.7,14.1,0.478,3.0,3.7,0.8029999999999999,1.0,4.5,5.5,3.1,1.6,0.4,2.4,3.8,26.3,109.0,111.0,1997,Dell Curry-1997,0.0,Not Selected,Guard,CHO,0.045416316232127836
1996-97,Michael Curry,currymi01,SG,28,DET,81,2,1217,4.6,10.3,0.44799999999999995,1.1,3.6,0.299,3.5,6.7,0.528,4.5,5.0,0.898,1.1,4.5,5.6,2.0,1.4,0.6,1.3,6.0,14.8,121.0,107.0,1997,Michael Curry-1997,0.0,Not Selected,Guard,DET,0.045416316232127836
1996-97,Erick Dampier,dampier01,C,21,IND,72,21,1052,6.7,17.2,0.39,0.1,0.1,1.0,6.7,17.2,0.38799999999999996,5.5,8.6,0.637,4.9,10.2,15.1,2.2,1.0,3.7,4.3,7.8,19.0,91.0,101.0,1997,Erick Dampier-1997,0.0,Not Selected,Center,IND,0.03280067283431455
1996-97,Lloyd Daniels,daniell01,SG,29,TOT,22,0,310,6.0,20.0,0.303,3.5,11.7,0.3,2.5,8.2,0.306,0.8,1.0,0.833,3.2,4.0,7.2,4.4,1.7,0.5,2.3,5.5,16.4,95.0,112.0,1997,Lloyd Daniels-1997,0.0,Not Selected,Guard,TOT,0.03333333333333333
1996-97,Sasha Danilović,danilsa01,SG,26,TOT,56,42,1789,7.5,17.3,0.435,2.6,7.2,0.36,4.9,10.1,0.488,3.7,4.6,0.8009999999999999,0.9,3.2,4.1,3.1,1.6,0.3,3.5,4.9,21.3,102.0,106.0,1997,Sasha Danilović-1997,0.0,Not Selected,Guard,TOT,0.03333333333333333
1996-97,Yinka Dare,dareyi01,C,24,NJN,41,2,313,3.2,9.0,0.35200000000000004,0.0,0.0,0.0,3.2,9.0,0.35200000000000004,3.2,6.1,0.514,5.8,7.8,13.6,0.5,0.7,4.6,3.5,8.5,9.5,83.0,107.0,1997,Yinka Dare-1997,0.0,Not Selected,Center,BRK,0.021867115222876366
1996-97,Antonio Davis,davisan01,PF,28,IND,82,28,2335,7.1,14.8,0.48,0.0,0.3,0.071,7.1,14.5,0.49,5.6,8.4,0.6659999999999999,4.4,9.4,13.8,1.5,1.0,1.9,3.3,6.0,19.8,105.0,103.0,1997,Antonio Davis-1997,0.0,Not Selected,Forward,IND,0.03280067283431455
1996-97,Ben Davis,davisbe01,PF,24,PHO,20,0,98,5.3,13.7,0.385,0.0,0.0,0.0,5.3,13.7,0.385,4.7,10.5,0.45,6.3,7.9,14.2,0.0,2.1,0.5,1.6,8.4,15.2,96.0,107.0,1997,Ben Davis-1997,0.0,Not Selected,Forward,PHO,0.0336417157275021
1996-97,Dale Davis,davisda01,PF,27,IND,80,76,2589,7.7,14.3,0.5379999999999999,0.0,0.0,0.0,7.7,14.3,0.5379999999999999,1.9,4.5,0.428,6.3,9.8,16.1,1.2,1.2,1.6,2.2,4.9,17.3,109.0,103.0,1997,Dale Davis-1997,0.0,Not Selected,Forward,IND,0.03280067283431455
1996-97,Emanual Davis,davisem01,PG,28,HOU,13,0,230,5.5,12.3,0.444,2.7,6.2,0.444,2.7,6.2,0.444,1.1,1.8,0.625,0.5,4.6,5.0,5.9,2.1,0.5,3.9,4.6,14.8,100.0,106.0,1997,Emanual Davis-1997,0.0,Not Selected,Guard,HOU,0.0479394449116905
1996-97,Hubert Davis,davishu01,SG,26,TOR,36,0,623,6.3,15.6,0.402,1.4,6.0,0.22899999999999998,4.9,9.7,0.509,1.4,2.0,0.7390000000000001,0.9,2.5,3.4,2.9,0.9,0.2,1.8,3.4,15.4,99.0,114.0,1997,Hubert Davis-1997,0.0,Not Selected,Guard,TOR,0.025231286795626577
1996-97,Mark Davis,davisma02,SF,23,PHI,75,17,1705,7.4,15.8,0.469,0.7,2.7,0.258,6.7,13.1,0.514,3.3,5.0,0.6729999999999999,4.1,5.5,9.5,4.0,2.5,0.9,3.5,6.8,18.9,105.0,110.0,1997,Mark Davis-1997,0.0,Not Selected,Forward,PHI,0.018502943650126155
1996-97,Todd Day,dayto01,SG,27,BOS,81,27,2277,8.8,22.0,0.39799999999999996,2.8,7.7,0.36200000000000004,6.0,14.3,0.418,5.6,7.3,0.773,2.4,4.9,7.3,2.6,2.4,1.1,2.8,4.6,25.9,105.0,111.0,1997,Todd Day-1997,0.0,Not Selected,Guard,BOS,0.012615643397813289
1996-97,Andrew DeClercq,declean01,C,23,GSW,71,1,1065,7.0,13.4,0.52,0.0,0.0,0.0,7.0,13.4,0.52,4.5,7.4,0.603,6.0,8.6,14.6,1.6,1.6,1.3,3.7,11.2,18.4,105.0,109.0,1997,Andrew DeClercq-1997,0.0,Not Selected,Center,GSW,0.025231286795626577
1996-97,Terry Dehere,deherte01,PG,25,LAC,73,3,1053,7.4,19.1,0.386,2.6,8.0,0.325,4.8,11.1,0.43,6.1,7.4,0.8240000000000001,0.7,4.0,4.7,7.9,1.3,0.1,4.8,7.1,23.5,103.0,111.0,1997,Terry Dehere-1997,0.0,Not Selected,Guard,LAC,0.030277544154751892
1996-97,Vinny Del Negro,delnevi01,SG,30,SAS,72,53,2243,8.9,19.1,0.467,1.1,3.4,0.314,7.9,15.7,0.501,2.7,3.2,0.868,1.0,4.2,5.1,5.7,1.4,0.2,2.3,3.2,21.7,111.0,116.0,1997,Vinny Del Negro-1997,0.0,Not Selected,Guard,SAS,0.01682085786375105
1996-97,Bison Dele,delebi01,C,27,CHI,9,0,138,10.1,24.4,0.413,0.0,0.0,0.0,10.1,24.4,0.413,4.3,5.8,0.733,5.4,7.3,12.8,4.6,1.2,1.9,4.3,7.7,24.4,98.0,102.0,1997,Bison Dele-1997,0.0,Not Selected,Center,CHI,0.05803195962994113
1996-97,Tony Delk,delkto01,PG,23,CHH,61,1,867,7.4,16.0,0.465,3.3,7.0,0.46399999999999997,4.2,9.0,0.465,2.6,3.2,0.8240000000000001,1.9,4.3,6.2,6.2,2.3,0.4,4.3,4.4,20.8,108.0,110.0,1997,Tony Delk-1997,0.0,Not Selected,Guard,CHO,0.045416316232127836
1996-97,Dell Demps,dempsde01,SG,26,ORL,2,0,10,0.0,16.3,0.0,0.0,5.4,0.0,0.0,10.9,0.0,10.9,10.9,1.0,0.0,0.0,0.0,0.0,5.4,0.0,0.0,5.4,10.9,67.0,104.0,1997,Dell Demps-1997,0.0,Not Selected,Guard,ORL,0.03784693019343986
1996-97,Vlade Divac,divacvl01,C,28,CHH,81,80,2840,8.0,16.2,0.494,0.2,0.9,0.23399999999999999,7.8,15.3,0.509,3.4,4.9,0.6829999999999999,4.6,9.2,13.8,5.7,2.0,3.4,3.7,5.3,19.5,108.0,104.0,1997,Vlade Divac-1997,0.0,Not Selected,Center,CHO,0.045416316232127836
1996-97,Sherman Douglas,douglsh01,PG,30,MIL,79,79,2316,7.1,14.1,0.502,0.9,2.6,0.33299999999999996,6.2,11.5,0.54,2.6,4.0,0.667,1.3,3.1,4.5,9.9,1.8,0.2,3.5,4.4,17.7,111.0,111.0,1997,Sherman Douglas-1997,0.0,Not Selected,Guard,MIL,0.027754415475189236
1996-97,Greg Dreiling,dreilgr01,C,34,DAL,40,3,389,4.7,10.3,0.45899999999999996,0.1,0.1,1.0,4.6,10.1,0.452,1.5,3.7,0.40700000000000003,2.6,7.9,10.5,1.5,1.1,1.0,1.2,9.0,11.1,99.0,108.0,1997,Greg Dreiling-1997,0.0,Not Selected,Center,DAL,0.020185029436501262
1996-97,Clyde Drexler,drexlcl01,SG,34,HOU,62,62,2271,9.2,20.7,0.442,2.7,7.7,0.355,6.4,13.0,0.493,4.6,6.2,0.75,2.7,5.9,8.6,8.2,2.7,0.8,3.6,3.5,25.7,113.0,103.0,1997,Clyde Drexler-1997,0.0,Not Selected,Guard,HOU,0.0479394449116905
1996-97,Nate Driggers,driggna01,SG,23,BOS,15,0,132,4.9,16.3,0.302,0.0,3.4,0.0,4.9,12.9,0.382,3.8,5.3,0.7140000000000001,4.6,3.8,8.4,2.3,1.1,0.8,2.3,3.8,13.7,86.0,115.0,1997,Nate Driggers-1997,0.0,Not Selected,Guard,BOS,0.012615643397813289
1996-97,Kevin Duckworth,duckwke01,C,32,LAC,26,22,384,6.2,14.1,0.43700000000000006,0.4,0.5,0.75,5.7,13.6,0.424,1.5,2.2,0.688,3.1,5.1,8.2,2.2,1.2,1.5,4.5,8.6,14.2,85.0,109.0,1997,Kevin Duckworth-1997,0.0,Not Selected,Center,LAC,0.030277544154751892
1996-97,Chris Dudley,dudlech02,C,31,POR,81,14,1840,3.6,8.4,0.43,0.0,0.0,0.0,3.6,8.4,0.43,1.9,3.9,0.474,5.9,11.2,17.0,1.2,1.1,2.8,2.3,7.1,9.1,98.0,100.0,1997,Chris Dudley-1997,0.0,Not Selected,Center,POR,0.04121110176619008
1996-97,Joe Dumars,dumarjo01,SG,33,DET,79,79,2923,7.5,17.0,0.44,3.2,7.5,0.43200000000000005,4.3,9.5,0.446,4.3,5.0,0.867,0.7,3.0,3.7,6.2,1.1,0.0,2.5,1.9,22.5,119.0,110.0,1997,Joe Dumars-1997,0.0,Not Selected,Guard,DET,0.045416316232127836
1996-97,Tony Dumas,dumasto01,SG,24,TOT,24,1,278,6.3,18.5,0.344,0.8,5.4,0.14300000000000002,5.6,13.1,0.426,3.1,4.8,0.64,0.6,2.5,3.1,4.8,1.9,0.4,3.1,8.7,16.5,84.0,111.0,1997,Tony Dumas-1997,0.0,Not Selected,Guard,TOT,0.03333333333333333
1996-97,Acie Earl,earlac01,C,26,TOT,47,0,500,7.1,19.1,0.37200000000000005,0.0,0.5,0.0,7.1,18.6,0.38299999999999995,5.7,8.9,0.643,3.7,6.5,10.2,2.1,1.6,3.0,3.7,6.5,19.9,90.0,107.0,1997,Acie Earl-1997,0.0,Not Selected,Center,TOT,0.03333333333333333
1996-97,Tyus Edney,edneyty01,PG,23,SAC,70,20,1376,5.7,15.0,0.384,0.3,1.6,0.19,5.4,13.4,0.40700000000000003,6.8,8.2,0.823,1.3,3.0,4.3,8.7,2.3,0.1,4.3,3.8,18.6,102.0,110.0,1997,Tyus Edney-1997,0.0,Not Selected,Guard,SAC,0.028595458368376788
1996-97,Blue Edwards,edwarbl01,SF,31,VAN,61,12,1439,6.9,17.3,0.397,0.9,3.4,0.281,5.9,13.9,0.425,3.4,4.1,0.8170000000000001,1.8,5.3,7.1,4.3,1.4,0.8,3.1,5.1,18.0,96.0,114.0,1997,Blue Edwards-1997,0.0,Not Selected,Forward,MEM,0.011774600504625737
1996-97,Kevin Edwards,edwarke01,PG,31,NJN,32,0,477,7.5,19.9,0.377,1.6,4.7,0.349,5.9,15.3,0.386,4.0,4.7,0.86,1.0,3.7,4.7,6.2,1.9,0.4,5.3,3.7,20.7,92.0,112.0,1997,Kevin Edwards-1997,0.0,Not Selected,Guard,BRK,0.021867115222876366
1996-97,Craig Ehlo,ehlocr01,SG,35,SEA,62,0,848,5.5,15.5,0.35100000000000003,1.7,6.0,0.284,3.8,9.6,0.392,0.8,1.6,0.5,2.4,4.5,6.9,4.3,2.3,0.3,2.8,4.5,13.4,90.0,105.0,1997,Craig Ehlo-1997,0.0,Not Selected,Guard,OKC,0.0479394449116905
1996-97,Howard Eisley,eisleho01,PG,24,UTA,82,0,1083,6.8,15.2,0.451,1.0,3.5,0.278,5.9,11.6,0.504,3.4,4.4,0.787,1.0,3.2,4.1,9.7,2.2,0.5,5.4,6.9,18.1,99.0,107.0,1997,Howard Eisley-1997,0.0,Not Selected,Guard,UTA,0.05382674516400336
1996-97,Mario Elie,eliema01,SF,33,HOU,78,77,2687,5.7,11.4,0.49700000000000005,2.3,5.6,0.42,3.3,5.8,0.5720000000000001,4.0,4.5,0.8959999999999999,1.2,3.4,4.6,6.0,1.8,0.2,2.6,3.9,17.7,125.0,107.0,1997,Mario Elie-1997,0.0,Not Selected,Forward,HOU,0.0479394449116905
1996-97,Sean Elliott,elliose01,SF,28,SAS,39,39,1393,7.7,18.3,0.42200000000000004,1.7,5.0,0.33299999999999996,6.1,13.3,0.456,5.8,7.7,0.755,1.9,5.6,7.5,4.9,0.9,0.9,3.5,4.1,23.0,106.0,115.0,1997,Sean Elliott-1997,0.0,Not Selected,Forward,SAS,0.01682085786375105
1996-97,Dale Ellis,ellisda01,SF,36,DEN,82,51,2940,8.4,20.3,0.414,3.4,9.3,0.364,5.0,11.0,0.457,3.8,4.6,0.8170000000000001,1.7,3.4,5.2,2.9,1.1,0.1,2.6,3.1,24.0,107.0,115.0,1997,Dale Ellis-1997,0.0,Not Selected,Forward,DEN,0.017661900756938603
1996-97,LaPhonso Ellis,ellisla01,PF,26,DEN,55,49,2002,11.5,26.3,0.439,2.5,6.7,0.36700000000000005,9.1,19.6,0.46399999999999997,5.7,7.3,0.773,2.8,7.2,10.0,3.4,1.1,1.1,3.0,4.7,31.2,107.0,111.0,1997,LaPhonso Ellis-1997,0.0,Not Selected,Forward,DEN,0.017661900756938603
1996-97,Pervis Ellison,ellispe01,PF,29,BOS,6,4,125,2.4,6.4,0.375,0.0,0.0,0.0,2.4,6.4,0.375,1.2,2.0,0.6,3.6,6.8,10.4,1.6,2.0,3.6,2.8,8.4,6.0,82.0,108.0,1997,Pervis Ellison-1997,0.0,Not Selected,Forward,BOS,0.012615643397813289
1996-97,Brian Evans,evansbr01,SF,23,ORL,14,0,59,7.4,20.3,0.364,3.7,7.4,0.5,3.7,12.9,0.28600000000000003,0.0,0.0,0.0,0.9,6.4,7.4,6.4,0.9,1.8,1.8,5.5,18.4,103.0,107.0,1997,Brian Evans-1997,0.0,Not Selected,Forward,ORL,0.03784693019343986
1996-97,Patrick Ewing,ewingpa01,C,34,NYK,78,78,2887,12.0,24.6,0.488,0.0,0.2,0.222,12.0,24.5,0.49,8.1,10.7,0.754,3.2,12.1,15.3,2.9,1.3,3.5,4.9,4.6,32.2,104.0,96.0,1997,Patrick Ewing-1997,2.0,2nd,Center,NYK,0.0479394449116905
1996-97,Jamie Feick,feickja01,PF-C,22,TOT,41,0,624,4.9,13.8,0.35700000000000004,0.4,1.2,0.35700000000000004,4.5,12.6,0.35700000000000004,3.0,5.9,0.507,7.2,11.6,18.8,2.3,1.4,1.2,2.7,6.9,13.3,94.0,109.0,1997,Jamie Feick-1997,0.0,Not Selected,Forward,TOT,0.03333333333333333
1996-97,Duane Ferrell,ferredu01,SF,31,IND,62,18,1115,7.7,16.3,0.47200000000000003,0.9,2.1,0.409,6.8,14.2,0.48100000000000004,2.8,4.5,0.617,2.8,4.1,6.8,3.2,1.8,0.3,2.7,5.8,19.1,104.0,107.0,1997,Duane Ferrell-1997,0.0,Not Selected,Forward,IND,0.03280067283431455
1996-97,Danny Ferry,ferryda01,PF,30,CLE,82,48,2633,7.5,17.5,0.429,2.5,6.2,0.401,5.0,11.2,0.445,1.6,1.9,0.851,1.8,5.6,7.4,3.3,1.2,0.7,2.1,5.4,19.1,106.0,105.0,1997,Danny Ferry-1997,0.0,Not Selected,Forward,CLE,0.03532380151387721
1996-97,Michael Finley,finlemi01,SF,23,TOT,83,54,2790,9.1,20.4,0.444,1.9,5.3,0.361,7.1,15.1,0.473,3.8,4.7,0.8079999999999999,1.7,5.4,7.1,4.3,1.3,0.5,3.1,2.6,23.8,105.0,111.0,1997,Michael Finley-1997,0.0,Not Selected,Forward,TOT,0.03333333333333333
1996-97,Matt Fish,fishma01,C,27,TOT,6,0,8,6.5,19.6,0.33299999999999996,0.0,0.0,0.0,6.5,19.6,0.33299999999999996,0.0,0.0,0.0,6.5,26.1,32.7,0.0,0.0,0.0,13.1,13.1,13.1,50.0,95.0,1997,Matt Fish-1997,0.0,Not Selected,Center,TOT,0.03333333333333333
1996-97,Derek Fisher,fishede01,PG,22,LAL,80,3,921,5.9,15.0,0.397,1.3,4.2,0.301,4.7,10.8,0.434,4.5,6.9,0.6579999999999999,1.4,4.1,5.5,6.8,2.3,0.3,4.1,5.0,17.7,98.0,106.0,1997,Derek Fisher-1997,0.0,Not Selected,Guard,LAL,0.04709840201850295
1996-97,Greg Foster,fostegr01,C,28,UTA,79,12,920,6.4,14.2,0.45299999999999996,0.1,0.2,0.667,6.3,14.0,0.45,3.1,3.8,0.831,3.2,7.6,10.8,1.8,0.6,1.2,3.1,8.4,16.1,98.0,106.0,1997,Greg Foster-1997,0.0,Not Selected,Center,UTA,0.05382674516400336
1996-97,Rick Fox,foxri01,SF,27,BOS,76,75,2650,8.2,18.0,0.456,1.9,5.3,0.363,6.3,12.7,0.494,3.9,5.0,0.787,2.2,5.3,7.5,5.4,3.2,0.8,3.4,5.3,22.2,108.0,109.0,1997,Rick Fox-1997,0.0,Not Selected,Forward,BOS,0.012615643397813289
1996-97,Todd Fuller,fulleto02,C,22,GSW,75,18,949,6.3,14.6,0.429,0.0,0.0,0.0,6.3,14.6,0.429,4.2,6.1,0.691,5.9,7.8,13.7,1.3,0.6,1.1,2.9,8.0,16.7,102.0,113.0,1997,Todd Fuller-1997,0.0,Not Selected,Center,GSW,0.025231286795626577
1996-97,Kevin Gamble,gamblke01,SF,31,SAC,62,2,953,6.8,15.8,0.43,3.0,6.2,0.48200000000000004,3.8,9.6,0.397,0.4,0.6,0.7,0.7,5.2,5.9,4.3,1.2,0.9,1.5,4.2,17.0,111.0,110.0,1997,Kevin Gamble-1997,0.0,Not Selected,Forward,SAC,0.028595458368376788
1996-97,Kevin Garnett,garneke01,SF,20,MIN,77,77,2995,9.7,19.4,0.499,0.1,0.4,0.28600000000000003,9.6,19.1,0.503,3.6,4.8,0.754,3.4,7.6,10.9,4.2,1.9,2.9,3.1,3.5,23.1,107.0,105.0,1997,Kevin Garnett-1997,0.0,Not Selected,Forward,MIN,0.0336417157275021
1996-97,Dean Garrett,garrede01,C,30,MIN,68,47,1665,7.1,12.4,0.573,0.0,0.0,0.0,7.1,12.4,0.573,3.1,4.4,0.696,4.7,11.0,15.7,1.2,1.3,3.0,1.1,5.0,17.2,126.0,103.0,1997,Dean Garrett-1997,0.0,Not Selected,Center,MIN,0.0336417157275021
1996-97,Chris Gatling,gatlich01,PF,29,TOT,47,1,1283,13.7,26.1,0.525,0.0,0.3,0.16699999999999998,13.7,25.9,0.528,9.9,13.8,0.7170000000000001,5.6,9.9,15.5,1.2,1.6,1.3,5.0,5.8,37.3,108.0,106.0,1997,Chris Gatling-1997,0.0,Not Selected,Forward,TOT,0.03333333333333333
1996-97,Reggie Geary,gearyre01,PG,23,CLE,39,0,246,5.2,13.6,0.379,1.9,4.9,0.381,3.3,8.7,0.37799999999999995,1.2,2.6,0.455,0.9,2.6,3.5,8.5,3.1,0.5,3.5,8.5,13.4,95.0,103.0,1997,Reggie Geary-1997,0.0,Not Selected,Guard,CLE,0.03532380151387721
1996-97,Matt Geiger,geigema01,C,27,CHH,49,13,1044,8.9,18.2,0.489,0.3,1.0,0.3,8.6,17.1,0.5,4.6,6.6,0.701,5.2,8.2,13.4,2.0,1.0,1.4,3.5,7.9,22.7,105.0,108.0,1997,Matt Geiger-1997,0.0,Not Selected,Center,CHO,0.045416316232127836
1996-97,Kendall Gill,gillke01,SF,28,NJN,82,81,3199,10.5,23.6,0.44299999999999995,1.2,3.6,0.336,9.3,20.0,0.462,6.9,8.7,0.797,3.0,5.1,8.1,5.3,2.5,0.7,3.5,3.7,29.1,112.0,109.0,1997,Kendall Gill-1997,0.0,Not Selected,Forward,BRK,0.021867115222876366
1996-97,Armen Gilliam,gilliar01,PF,32,MIL,80,25,2050,6.4,13.7,0.47100000000000003,0.0,0.0,0.0,6.4,13.7,0.47100000000000003,5.2,6.8,0.768,3.6,9.4,13.0,1.4,1.6,1.0,2.7,5.4,18.1,107.0,106.0,1997,Armen Gilliam-1997,0.0,Not Selected,Forward,MIL,0.027754415475189236
1996-97,Anthony Goldwire,goldwan01,PG,25,TOT,60,30,1188,5.8,14.7,0.397,2.9,6.8,0.418,3.0,7.9,0.379,2.7,3.5,0.782,0.5,3.2,3.7,9.8,1.5,0.1,3.4,4.6,17.3,109.0,113.0,1997,Anthony Goldwire-1997,0.0,Not Selected,Guard,TOT,0.03333333333333333
1996-97,Greg Graham,grahagr01,SG,26,SEA,28,0,197,7.8,21.6,0.363,2.4,8.4,0.29,5.4,13.2,0.408,7.0,10.8,0.65,0.5,3.0,3.5,3.0,3.2,0.3,2.7,3.2,25.1,98.0,104.0,1997,Greg Graham-1997,0.0,Not Selected,Guard,OKC,0.0479394449116905
1996-97,Brian Grant,grantbr01,PF,24,SAC,24,15,607,7.9,18.0,0.44,0.0,0.0,0.0,7.9,18.0,0.44,6.1,7.8,0.778,4.3,8.1,12.3,2.4,1.7,2.2,3.8,6.5,21.9,102.0,106.0,1997,Brian Grant-1997,0.0,Not Selected,Forward,SAC,0.028595458368376788
1996-97,Gary Grant,grantga01,PG,31,MIA,28,0,365,5.8,16.4,0.355,2.1,6.9,0.304,3.7,9.5,0.391,2.7,3.3,0.818,1.2,4.5,5.7,6.7,2.4,0.0,4.0,5.8,16.4,94.0,102.0,1997,Gary Grant-1997,0.0,Not Selected,Guard,MIA,0.051303616484440706
1996-97,Harvey Grant,grantha01,PF,31,WSB,78,25,1604,4.2,10.2,0.41100000000000003,0.9,2.9,0.315,3.3,7.3,0.449,1.0,1.3,0.769,2.0,6.3,8.3,2.2,1.5,1.6,1.0,5.4,10.2,106.0,105.0,1997,Harvey Grant-1997,0.0,Not Selected,Forward,WAS,0.03700588730025231
1996-97,Horace Grant,grantho01,PF,31,ORL,67,67,2496,7.8,15.1,0.515,0.0,0.1,0.16699999999999998,7.8,15.0,0.518,2.8,3.9,0.715,4.5,8.6,13.1,3.5,2.2,1.4,2.2,3.4,18.4,115.0,103.0,1997,Horace Grant-1997,0.0,Not Selected,Forward,ORL,0.03784693019343986
1996-97,Devin Gray,grayde01,PF,24,TOT,6,0,49,8.8,28.5,0.308,0.0,0.0,0.0,8.8,28.5,0.308,2.2,5.5,0.4,6.6,8.8,15.4,2.2,4.4,0.0,5.5,12.1,19.8,70.0,103.0,1997,Devin Gray-1997,0.0,Not Selected,Forward,TOT,0.03333333333333333
1996-97,Evric Gray,grayev01,SF,27,NJN,5,0,42,4.9,18.6,0.267,1.2,4.9,0.25,3.7,13.6,0.273,4.9,4.9,1.0,1.2,2.5,3.7,2.5,1.2,0.0,3.7,6.2,16.1,83.0,115.0,1997,Evric Gray-1997,0.0,Not Selected,Forward,BRK,0.021867115222876366
1996-97,Jeff Grayer,grayeje01,SG,31,SAC,25,0,316,6.3,13.8,0.45799999999999996,0.7,1.8,0.364,5.7,12.0,0.47200000000000003,1.8,3.3,0.55,3.5,2.8,6.3,4.2,1.3,1.2,2.5,7.0,15.2,104.0,111.0,1997,Jeff Grayer-1997,0.0,Not Selected,Guard,SAC,0.028595458368376788
1996-97,A.C. Green,greenac01,PF,33,TOT,83,73,2492,5.0,10.4,0.483,0.0,0.4,0.05,5.0,9.9,0.502,2.7,4.2,0.65,4.8,9.3,14.0,1.5,1.5,0.3,1.6,3.1,12.8,111.0,107.0,1997,A.C. Green-1997,0.0,Not Selected,Forward,TOT,0.03333333333333333
1996-97,Litterial Green,greenli01,PG,26,DET,45,0,311,5.5,11.7,0.469,0.0,1.8,0.0,5.5,9.9,0.556,5.5,8.6,0.638,1.1,2.9,4.0,7.5,2.9,0.2,2.7,4.9,16.4,111.0,105.0,1997,Litterial Green-1997,0.0,Not Selected,Guard,DET,0.045416316232127836
1996-97,Tom Gugliotta,guglito01,PF,27,MIN,81,81,3131,10.0,22.6,0.442,0.4,1.6,0.258,9.6,21.1,0.456,7.8,9.6,0.82,3.2,8.7,11.9,5.7,2.2,1.5,5.0,4.0,28.3,103.0,104.0,1997,Tom Gugliotta-1997,0.0,Not Selected,Forward,MIN,0.0336417157275021
1996-97,Jack Haley,haleyja01,C,33,NJN,20,0,74,9.1,26.0,0.35100000000000003,0.0,0.0,0.0,9.1,26.0,0.35100000000000003,9.8,13.3,0.737,9.1,13.3,22.5,3.5,0.7,0.7,1.4,9.8,28.1,111.0,107.0,1997,Jack Haley-1997,0.0,Not Selected,Center,BRK,0.021867115222876366
1996-97,Darvin Ham,hamda01,SF,23,TOT,36,3,318,5.4,10.1,0.532,0.0,0.0,0.0,5.4,10.1,0.532,2.8,5.7,0.486,4.7,4.4,9.2,2.3,1.5,1.3,3.6,9.3,13.6,98.0,112.0,1997,Darvin Ham-1997,0.0,Not Selected,Forward,TOT,0.03333333333333333
1996-97,Steve Hamer,hamerst01,C,23,BOS,35,3,268,5.6,10.7,0.526,0.0,0.4,0.0,5.6,10.3,0.545,3.0,5.4,0.552,3.2,8.0,11.2,1.3,0.4,0.7,2.4,7.3,14.2,103.0,113.0,1997,Steve Hamer-1997,0.0,Not Selected,Center,BOS,0.012615643397813289
1996-97,Tom Hammonds,hammoto01,PF,29,DEN,81,8,1758,5.6,11.8,0.48,0.0,0.1,0.0,5.6,11.7,0.48200000000000004,3.7,5.1,0.721,4.0,7.9,11.8,1.9,0.5,0.7,2.6,6.1,15.0,105.0,113.0,1997,Tom Hammonds-1997,0.0,Not Selected,Forward,DEN,0.017661900756938603
1996-97,Darrin Hancock,hancoda01,SF,25,TOT,24,0,133,6.6,14.4,0.457,0.0,0.0,0.0,6.6,14.4,0.457,4.1,5.8,0.7140000000000001,1.6,5.8,7.4,4.9,3.7,0.4,4.5,6.2,17.3,95.0,102.0,1997,Darrin Hancock-1997,0.0,Not Selected,Forward,TOT,0.03333333333333333
1996-97,Anfernee Hardaway,hardaan01,PG,25,ORL,59,59,2221,10.3,23.0,0.447,2.1,6.5,0.318,8.2,16.5,0.499,6.9,8.4,0.82,2.0,4.4,6.4,8.1,2.3,0.9,3.5,3.0,29.6,115.0,107.0,1997,Anfernee Hardaway-1997,3.0,3rd,Guard,ORL,0.03784693019343986
1996-97,Tim Hardaway,hardati01,PG,30,MIA,81,81,3136,10.0,24.0,0.415,3.5,10.2,0.344,6.5,13.8,0.469,5.0,6.3,0.799,0.8,4.0,4.8,12.1,2.6,0.2,4.0,2.9,28.5,113.0,102.0,1997,Tim Hardaway-1997,1.0,1st,Guard,MIA,0.051303616484440706
1996-97,Derek Harper,harpede01,PG,35,DAL,75,29,2210,7.3,16.4,0.444,1.5,4.3,0.341,5.8,12.1,0.48,2.3,3.1,0.742,0.7,2.6,3.3,7.8,2.2,0.3,3.2,3.5,18.4,104.0,111.0,1997,Derek Harper-1997,0.0,Not Selected,Guard,DAL,0.020185029436501262
1996-97,Ron Harper,harpero01,PG,33,CHI,76,74,1740,5.4,12.4,0.436,2.1,5.8,0.36200000000000004,3.3,6.7,0.5,1.8,2.5,0.7070000000000001,1.4,4.5,5.9,5.9,2.6,1.2,1.5,4.2,14.7,120.0,102.0,1997,Ron Harper-1997,0.0,Not Selected,Guard,CHI,0.05803195962994113
1996-97,Othella Harrington,harriot01,PF,23,HOU,57,1,860,6.8,12.4,0.5489999999999999,0.0,0.2,0.0,6.8,12.2,0.557,3.0,4.9,0.605,4.6,7.5,12.1,1.1,0.7,1.3,3.5,6.8,16.6,103.0,105.0,1997,Othella Harrington-1997,0.0,Not Selected,Forward,HOU,0.0479394449116905
1996-97,Lucious Harris,harrilu01,SG,26,PHI,54,3,813,6.9,18.2,0.381,2.2,6.1,0.364,4.7,12.1,0.39,2.0,2.9,0.7020000000000001,1.7,2.7,4.4,3.1,2.5,0.2,2.1,2.8,18.2,100.0,113.0,1997,Lucious Harris-1997,0.0,Not Selected,Guard,PHI,0.018502943650126155
1996-97,Antonio Harvey,harvean01,PF,26,SEA,6,0,26,10.2,22.5,0.455,0.0,0.0,0.0,10.2,22.5,0.455,10.2,12.3,0.833,4.1,16.4,20.4,2.0,0.0,8.2,2.0,16.4,30.7,118.0,93.0,1997,Antonio Harvey-1997,0.0,Not Selected,Forward,OKC,0.0479394449116905
1996-97,Hersey Hawkins,hawkihe01,SG,30,SEA,82,82,2755,7.1,15.3,0.46399999999999997,2.8,6.8,0.40299999999999997,4.4,8.5,0.514,5.0,5.7,0.875,1.8,4.4,6.2,4.8,3.1,0.2,2.5,2.8,22.0,123.0,104.0,1997,Hersey Hawkins-1997,0.0,Not Selected,Guard,OKC,0.0479394449116905
1996-97,Michael Hawkins,hawkimi01,PG,24,BOS,29,0,326,4.5,10.5,0.426,1.5,4.8,0.32299999999999995,2.9,5.7,0.514,1.8,2.3,0.8,1.4,3.4,4.8,9.8,2.5,0.2,4.3,6.2,12.3,102.0,113.0,1997,Michael Hawkins-1997,0.0,Not Selected,Guard,BOS,0.012615643397813289
1996-97,Shane Heal,healsh01,PG,26,MIN,43,0,236,5.8,21.8,0.268,4.5,14.6,0.308,1.3,7.2,0.188,0.7,1.1,0.6,0.4,3.6,4.0,7.4,0.7,0.7,3.8,4.5,16.8,82.0,112.0,1997,Shane Heal-1997,0.0,Not Selected,Guard,MIN,0.0336417157275021
1996-97,Alan Henderson,hendeal01,PF,24,ATL,30,0,501,8.5,17.9,0.475,0.0,0.0,0.0,8.5,17.9,0.475,5.0,8.3,0.6,5.2,7.6,12.8,2.5,2.3,0.7,3.2,8.1,22.0,105.0,101.0,1997,Alan Henderson-1997,0.0,Not Selected,Forward,ATL,0.04709840201850295
1996-97,Mark Hendrickson,hendrma01,PF,22,PHI,29,1,301,5.4,12.9,0.41600000000000004,0.5,2.0,0.25,4.9,10.9,0.446,3.0,4.4,0.6920000000000001,5.9,9.5,15.4,0.5,1.7,0.7,2.3,5.4,14.2,103.0,109.0,1997,Mark Hendrickson-1997,0.0,Not Selected,Forward,PHI,0.018502943650126155
1996-97,Carl Herrera,herreca01,PF,30,SAS,75,58,1837,7.7,17.7,0.433,0.1,0.2,0.33299999999999996,7.6,17.6,0.434,2.4,3.5,0.6859999999999999,3.5,6.6,10.2,1.5,1.9,1.6,2.8,6.5,17.9,94.0,111.0,1997,Carl Herrera-1997,0.0,Not Selected,Forward,SAS,0.01682085786375105
1996-97,Grant Hill,hillgr01,SF,24,DET,80,80,3147,11.3,22.7,0.496,0.2,0.6,0.303,11.1,22.1,0.502,8.1,11.4,0.711,2.2,10.8,13.0,10.5,2.6,0.9,4.7,3.4,30.9,114.0,100.0,1997,Grant Hill-1997,1.0,1st,Forward,DET,0.045416316232127836
1996-97,Tyrone Hill,hillty01,C,28,CLE,74,70,2582,8.0,13.3,0.6,0.0,0.0,0.0,8.0,13.3,0.601,5.4,8.5,0.633,5.8,10.7,16.5,2.1,1.4,0.7,3.3,6.0,21.4,117.0,101.0,1997,Tyrone Hill-1997,0.0,Not Selected,Center,CLE,0.03532380151387721
1996-97,Fred Hoiberg,hoibefr01,SG,24,IND,47,0,572,6.3,14.7,0.429,2.7,6.6,0.414,3.6,8.1,0.442,5.8,7.3,0.792,1.2,6.4,7.6,3.9,2.5,0.6,2.1,4.8,21.1,120.0,103.0,1997,Fred Hoiberg-1997,0.0,Not Selected,Guard,IND,0.03280067283431455
1996-97,Jeff Hornacek,hornaje01,SG,33,UTA,82,82,2592,8.5,17.6,0.48200000000000004,1.5,4.0,0.369,7.0,13.6,0.516,6.0,6.7,0.899,1.2,3.7,5.0,7.4,2.6,0.5,2.8,3.9,24.5,121.0,106.0,1997,Jeff Hornacek-1997,0.0,Not Selected,Guard,UTA,0.05382674516400336
1996-97,Robert Horry,horryro01,SF,26,TOT,54,29,1395,5.9,13.4,0.436,1.8,5.7,0.318,4.0,7.7,0.524,2.2,3.4,0.667,2.5,6.3,8.8,4.1,2.5,2.1,2.7,5.7,15.8,106.0,104.0,1997,Robert Horry-1997,0.0,Not Selected,Forward,TOT,0.03333333333333333
1996-97,Allan Houston,houstal01,SG,25,NYK,81,81,2681,8.6,20.4,0.423,2.9,7.6,0.385,5.7,12.8,0.446,3.5,4.3,0.8029999999999999,0.9,3.9,4.7,3.5,0.8,0.4,3.3,4.6,23.7,103.0,105.0,1997,Allan Houston-1997,0.0,Not Selected,Guard,NYK,0.0479394449116905
1996-97,Juwan Howard,howarju01,SF,23,WSB,82,82,3324,10.0,20.5,0.486,0.0,0.0,0.0,10.0,20.5,0.48700000000000004,4.6,6.1,0.7559999999999999,3.2,7.0,10.2,4.9,1.5,0.4,3.8,4.0,24.5,105.0,106.0,1997,Juwan Howard-1997,0.0,Not Selected,Forward,WAS,0.03700588730025231
1996-97,Stephen Howard,howarst01,SF,26,TOT,49,0,418,7.9,13.8,0.574,0.0,0.0,0.0,7.9,13.8,0.574,6.7,10.4,0.642,3.7,7.2,10.9,1.4,2.4,1.5,3.2,7.9,22.6,113.0,103.0,1997,Stephen Howard-1997,0.0,Not Selected,Forward,TOT,0.03333333333333333
1996-97,Lindsey Hunter,hunteli01,PG,26,DET,82,76,3023,7.9,19.6,0.40399999999999997,3.1,8.8,0.355,4.8,10.8,0.444,3.0,3.8,0.778,1.1,3.3,4.4,2.9,2.4,0.5,1.8,3.9,21.9,107.0,106.0,1997,Lindsey Hunter-1997,0.0,Not Selected,Guard,DET,0.045416316232127836
1996-97,Bobby Hurley,hurlebo01,PG,25,SAC,49,12,632,3.8,10.4,0.368,1.2,3.8,0.311,2.7,6.7,0.4,3.1,4.4,0.698,0.8,2.4,3.2,12.2,2.3,0.3,4.6,4.4,11.9,99.0,111.0,1997,Bobby Hurley-1997,0.0,Not Selected,Guard,SAC,0.028595458368376788
1996-97,Allen Iverson,iversal01,PG,21,PHI,76,74,3045,10.3,24.9,0.41600000000000004,2.6,7.5,0.341,7.8,17.4,0.44799999999999995,6.3,9.0,0.7020000000000001,1.9,3.3,5.2,9.4,2.6,0.4,5.6,3.9,29.6,104.0,112.0,1997,Allen Iverson-1997,0.0,Not Selected,Guard,PHI,0.018502943650126155
1996-97,Jaren Jackson,jacksja01,SG,29,WSB,75,0,1133,6.1,15.1,0.40700000000000003,2.4,7.2,0.335,3.7,7.8,0.474,2.4,3.2,0.768,1.4,4.6,6.1,3.0,2.1,0.7,2.8,6.0,17.2,101.0,106.0,1997,Jaren Jackson-1997,0.0,Not Selected,Guard,WAS,0.03700588730025231
1996-97,Jim Jackson,jacksji01,SG-SF,26,TOT,77,77,2831,8.3,19.3,0.431,1.6,4.6,0.348,6.7,14.7,0.45799999999999996,4.7,5.8,0.813,2.5,5.2,7.7,5.9,1.6,0.6,3.9,3.6,23.0,106.0,111.0,1997,Jim Jackson-1997,0.0,Not Selected,Forward,TOT,0.03333333333333333
1996-97,Mark Jackson,jacksma01,PG,31,TOT,82,82,3054,5.0,11.7,0.426,1.1,3.1,0.371,3.8,8.6,0.445,2.9,3.7,0.789,1.6,5.2,6.8,16.1,1.7,0.2,4.7,2.8,14.0,111.0,111.0,1997,Mark Jackson-1997,0.0,Not Selected,Guard,TOT,0.03333333333333333
1996-97,Henry James,jameshe01,PF,31,ATL,53,15,945,7.3,17.9,0.408,4.4,10.6,0.42,2.9,7.3,0.392,1.8,2.1,0.833,1.6,3.2,4.7,1.2,0.6,0.1,1.7,5.7,20.8,113.0,109.0,1997,Henry James-1997,0.0,Not Selected,Forward,ATL,0.04709840201850295
1996-97,Chris Jent,jentch01,SF,27,NYK,3,0,10,10.6,31.8,0.33299999999999996,10.6,15.9,0.667,0.0,15.9,0.0,0.0,0.0,0.0,5.3,0.0,5.3,5.3,0.0,0.0,0.0,10.6,31.8,120.0,110.0,1997,Chris Jent-1997,0.0,Not Selected,Forward,NYK,0.0479394449116905
1996-97,Avery Johnson,johnsav01,PG,31,SAS,76,76,2472,7.3,15.2,0.47700000000000004,0.1,0.6,0.231,7.1,14.7,0.48700000000000004,3.1,4.5,0.69,0.7,2.6,3.3,11.4,2.1,0.3,3.2,3.5,17.8,110.0,115.0,1997,Avery Johnson-1997,0.0,Not Selected,Guard,SAS,0.01682085786375105
1996-97,Eddie Johnson,johnsed03,SF,37,TOT,52,2,913,9.3,21.0,0.442,2.8,7.6,0.374,6.4,13.4,0.48100000000000004,3.2,3.9,0.809,1.6,6.4,8.0,3.0,0.9,0.1,2.7,4.7,24.6,106.0,107.0,1997,Eddie Johnson-1997,0.0,Not Selected,Forward,TOT,0.03333333333333333
1996-97,Ervin Johnson,johnser02,C,29,DEN,82,82,2599,4.9,9.3,0.52,0.0,0.0,0.0,4.9,9.3,0.523,1.9,3.1,0.615,4.6,13.6,18.2,1.4,1.3,4.5,2.4,5.8,11.6,106.0,103.0,1997,Ervin Johnson-1997,0.0,Not Selected,Center,DEN,0.017661900756938603
1996-97,Kevin Johnson,johnske02,PG,30,PHO,70,70,2658,8.5,17.2,0.496,1.7,3.9,0.441,6.8,13.3,0.512,8.5,10.0,0.852,1.0,3.9,4.9,12.7,2.0,0.2,4.2,2.7,27.3,124.0,111.0,1997,Kevin Johnson-1997,0.0,Not Selected,Guard,PHO,0.0336417157275021
1996-97,Larry Johnson,johnsla02,SF,27,NYK,76,76,2613,7.6,14.9,0.512,0.7,2.1,0.324,6.9,12.8,0.5429999999999999,3.9,5.6,0.693,3.3,4.6,8.0,3.5,1.3,0.7,2.8,5.1,19.8,113.0,104.0,1997,Larry Johnson-1997,0.0,Not Selected,Forward,NYK,0.0479394449116905
1996-97,Charles Jones,jonesch01,PF,39,HOU,12,0,93,1.1,2.8,0.4,0.0,0.0,0.0,1.1,2.8,0.4,0.0,0.0,0.0,2.8,4.5,7.3,1.7,1.1,2.3,0.0,4.5,2.3,136.0,106.0,1997,Charles Jones-1997,0.0,Not Selected,Forward,HOU,0.0479394449116905
1996-97,Eddie Jones,jonesed02,SG,25,LAL,80,80,2998,8.3,19.0,0.43799999999999994,2.7,6.8,0.391,5.6,12.2,0.46399999999999997,4.8,5.9,0.8190000000000001,1.6,4.1,5.7,4.7,3.3,0.9,3.0,4.0,24.1,113.0,103.0,1997,Eddie Jones-1997,0.0,Not Selected,Guard,LAL,0.04709840201850295
1996-97,Popeye Jones,jonespo01,PF,26,TOR,79,61,2421,5.6,11.8,0.48,0.0,0.3,0.077,5.6,11.5,0.49,2.2,2.6,0.818,5.9,9.0,14.9,1.8,1.3,0.9,2.5,5.9,13.5,108.0,108.0,1997,Popeye Jones-1997,0.0,Not Selected,Forward,TOR,0.025231286795626577
1996-97,Michael Jordan,jordami01,SG,33,CHI,82,82,3106,15.8,32.5,0.486,1.9,5.1,0.374,13.9,27.4,0.507,8.2,9.9,0.833,1.9,6.3,8.3,6.0,2.4,0.8,2.9,2.7,41.8,121.0,102.0,1997,Michael Jordan-1997,1.0,1st,Guard,CHI,0.05803195962994113
1996-97,Reggie Jordan,jordare01,SG,29,TOT,19,0,130,6.5,10.6,0.615,0.0,0.0,0.0,6.5,10.6,0.615,3.3,6.9,0.47100000000000003,4.5,6.5,11.0,4.9,2.8,1.2,3.3,6.1,16.3,111.0,102.0,1997,Reggie Jordan-1997,0.0,Not Selected,Guard,TOT,0.03333333333333333
1996-97,Adam Keefe,keefead01,C,26,UTA,62,0,915,4.8,9.3,0.513,0.0,0.1,0.0,4.8,9.3,0.516,4.1,6.0,0.6890000000000001,4.4,8.2,12.6,1.9,1.7,0.8,2.6,5.7,13.7,111.0,104.0,1997,Adam Keefe-1997,0.0,Not Selected,Center,UTA,0.05382674516400336
1996-97,Shawn Kemp,kempsh01,PF,27,SEA,81,75,2750,10.2,19.9,0.51,0.2,0.6,0.364,9.9,19.3,0.515,8.7,11.8,0.742,5.3,10.3,15.6,3.0,2.4,1.6,5.4,6.2,29.3,109.0,99.0,1997,Shawn Kemp-1997,0.0,Not Selected,Forward,OKC,0.0479394449116905
1996-97,Tim Kempton,kemptti01,PF,33,SAS,10,0,59,0.9,4.7,0.2,0.0,0.0,0.0,0.9,4.7,0.2,1.9,1.9,1.0,2.8,4.7,7.5,1.9,0.9,0.9,6.5,3.7,3.7,49.0,116.0,1997,Tim Kempton-1997,0.0,Not Selected,Forward,SAS,0.01682085786375105
1996-97,Steve Kerr,kerrst01,PG,31,CHI,82,0,1861,7.1,13.4,0.5329999999999999,3.2,6.8,0.46399999999999997,4.0,6.6,0.604,1.5,1.9,0.8059999999999999,0.8,2.9,3.7,5.0,1.9,0.1,1.2,2.8,19.0,137.0,106.0,1997,Steve Kerr-1997,0.0,Not Selected,Guard,CHI,0.05803195962994113
1996-97,Jerome Kersey,kerseje01,SF,34,LAL,70,44,1766,5.8,13.4,0.43200000000000005,0.5,1.9,0.262,5.3,11.5,0.461,2.1,3.5,0.602,3.3,7.5,10.8,2.7,3.5,1.5,2.2,6.5,14.2,101.0,99.0,1997,Jerome Kersey-1997,0.0,Not Selected,Forward,LAL,0.04709840201850295
1996-97,Jason Kidd,kiddja01,PG,23,TOT,55,45,1964,5.7,14.1,0.40299999999999997,1.6,4.4,0.37,4.1,9.7,0.418,3.0,4.4,0.679,1.7,4.9,6.6,13.2,3.3,0.5,3.8,3.0,16.0,108.0,107.0,1997,Jason Kidd-1997,0.0,Not Selected,Guard,TOT,0.03333333333333333
1996-97,Frankie King,kingfr01,SG,24,PHI,7,0,59,6.0,14.5,0.41200000000000003,0.9,1.7,0.5,5.1,12.8,0.4,4.3,4.3,1.0,3.4,8.5,12.0,4.3,3.4,0.0,2.6,6.0,17.1,112.0,107.0,1997,Frankie King-1997,0.0,Not Selected,Guard,PHI,0.018502943650126155
1996-97,Jimmy King,kingji02,SG,23,DEN,2,0,22,4.7,14.2,0.33299999999999996,0.0,0.0,0.0,4.7,14.2,0.33299999999999996,4.7,9.4,0.5,4.7,0.0,4.7,4.7,7.1,0.0,2.4,4.7,14.2,93.0,105.0,1997,Jimmy King-1997,0.0,Not Selected,Guard,DEN,0.017661900756938603
1996-97,Stacey King,kingst01,C,30,TOT,11,0,103,5.6,11.2,0.5,0.0,0.0,0.0,5.6,11.2,0.5,1.0,3.6,0.28600000000000003,5.6,8.2,13.8,0.5,1.0,0.5,3.1,7.2,12.3,90.0,110.0,1997,Stacey King-1997,0.0,Not Selected,Center,TOT,0.03333333333333333
1996-97,Kerry Kittles,kittlke01,SG,22,NJN,82,57,3012,8.7,20.5,0.426,2.7,7.2,0.377,6.0,13.3,0.45299999999999996,3.0,3.9,0.7709999999999999,1.8,3.7,5.5,4.3,2.7,0.6,2.2,2.8,23.2,113.0,110.0,1997,Kerry Kittles-1997,0.0,Not Selected,Guard,BRK,0.021867115222876366
1996-97,Joe Kleine,kleinjo01,C,35,TOT,59,10,848,4.2,10.4,0.406,0.1,0.2,0.667,4.1,10.2,0.401,1.7,2.3,0.737,3.8,8.6,12.4,2.1,1.0,1.1,2.5,6.7,10.3,94.0,109.0,1997,Joe Kleine-1997,0.0,Not Selected,Center,TOT,0.03333333333333333
1996-97,Travis Knight,knightr01,C,22,LAL,71,14,1156,6.4,12.5,0.509,0.0,0.0,0.0,6.4,12.5,0.509,2.8,4.6,0.62,5.9,8.6,14.5,1.8,1.4,2.6,2.2,7.7,15.6,112.0,102.0,1997,Travis Knight-1997,0.0,Not Selected,Center,LAL,0.04709840201850295
1996-97,Larry Krystkowiak,krystla01,PF,32,LAL,3,0,11,4.8,9.6,0.5,0.0,0.0,0.0,4.8,9.6,0.5,4.8,9.6,0.5,9.6,14.4,23.9,14.4,9.6,0.0,4.8,14.4,14.4,118.0,82.0,1997,Larry Krystkowiak-1997,0.0,Not Selected,Forward,LAL,0.04709840201850295
1996-97,Toni Kukoč,kukocto01,SF,28,CHI,57,15,1610,9.4,20.0,0.47100000000000003,1.7,5.0,0.331,7.8,15.0,0.518,4.4,5.8,0.77,3.1,5.5,8.6,8.5,2.0,1.0,3.0,3.2,25.0,119.0,103.0,1997,Toni Kukoč-1997,0.0,Not Selected,Forward,CHI,0.05803195962994113
1996-97,Christian Laettner,laettch01,PF,27,ATL,82,82,3140,9.6,19.9,0.486,0.5,1.5,0.35200000000000004,9.1,18.3,0.49700000000000005,6.3,7.7,0.816,3.7,8.9,12.7,3.9,1.8,1.1,3.8,4.9,26.2,112.0,101.0,1997,Christian Laettner-1997,0.0,Not Selected,Forward,ATL,0.04709840201850295
1996-97,Andrew Lang,langan01,C,30,MIL,52,52,1194,5.2,11.1,0.46399999999999997,0.0,0.0,0.0,5.2,11.1,0.46399999999999997,2.0,2.7,0.721,4.2,8.3,12.5,1.1,1.2,2.1,1.8,6.3,12.3,106.0,107.0,1997,Andrew Lang-1997,0.0,Not Selected,Center,MIL,0.027754415475189236
1996-97,Antonio Lang,langan02,PF,24,CLE,64,1,843,4.7,11.1,0.42,0.0,0.4,0.0,4.7,10.7,0.436,2.4,3.3,0.7290000000000001,3.6,5.2,8.7,2.3,2.3,2.1,3.4,7.6,11.7,90.0,101.0,1997,Antonio Lang-1997,0.0,Not Selected,Forward,CLE,0.03532380151387721
1996-97,Priest Lauderdale,laudepr01,C,23,ATL,35,0,180,15.1,27.3,0.551,0.0,0.3,0.0,15.1,27.0,0.557,4.0,7.1,0.565,4.9,8.3,13.2,3.7,0.3,2.8,11.4,12.0,34.1,86.0,103.0,1997,Priest Lauderdale-1997,0.0,Not Selected,Center,ATL,0.04709840201850295
1996-97,Eric Leckner,leckner01,C,30,TOT,20,1,126,6.0,14.2,0.424,0.0,0.0,0.0,6.0,14.2,0.424,2.6,5.2,0.5,2.2,13.4,15.5,2.2,1.3,0.9,4.3,15.1,14.6,79.0,106.0,1997,Eric Leckner-1997,0.0,Not Selected,Center,TOT,0.03333333333333333
1996-97,Tim Legler,legleti01,SG,30,WSB,15,0,182,4.3,13.7,0.313,2.3,8.3,0.276,2.0,5.4,0.368,1.7,2.0,0.857,0.0,6.0,6.0,2.0,0.9,1.4,2.6,6.0,12.6,83.0,107.0,1997,Tim Legler-1997,0.0,Not Selected,Guard,WAS,0.03700588730025231
1996-97,Voshon Lenard,lenarvo01,SG,23,MIA,73,47,2111,8.1,17.6,0.45899999999999996,4.7,11.4,0.414,3.4,6.2,0.541,2.2,2.7,0.8190000000000001,1.0,4.6,5.6,4.1,1.3,0.5,2.8,4.3,23.1,116.0,104.0,1997,Voshon Lenard-1997,0.0,Not Selected,Guard,MIA,0.051303616484440706
1996-97,Martin Lewis,lewisma01,SF,21,TOR,9,0,50,6.4,14.8,0.429,1.1,3.2,0.33299999999999996,5.3,11.7,0.455,1.1,2.1,0.5,4.2,2.1,6.4,4.2,1.1,2.1,1.1,8.5,14.8,113.0,112.0,1997,Martin Lewis-1997,0.0,Not Selected,Forward,TOR,0.025231286795626577
1996-97,Alton Lister,listeal01,C,38,BOS,53,2,516,3.1,7.5,0.41600000000000004,0.0,0.0,0.0,3.1,7.5,0.41600000000000004,2.2,3.0,0.742,6.4,9.9,16.3,1.3,0.8,1.4,2.9,9.2,8.5,98.0,110.0,1997,Alton Lister-1997,0.0,Not Selected,Center,BOS,0.012615643397813289
1996-97,Randy Livingston,livinra01,PG,21,HOU,64,0,981,5.3,12.2,0.43700000000000006,0.5,1.2,0.409,4.9,11.1,0.44,2.2,3.5,0.6459999999999999,1.7,3.3,5.0,8.3,2.1,0.6,5.4,5.7,13.4,91.0,106.0,1997,Randy Livingston-1997,0.0,Not Selected,Guard,HOU,0.0479394449116905
1996-97,Horacio Llamas,llamaho01,C,23,PHO,20,2,101,7.6,14.3,0.536,0.0,0.0,0.0,7.6,14.3,0.536,2.0,4.1,0.5,2.0,7.1,9.2,2.0,5.1,2.5,5.6,12.7,17.3,84.0,99.0,1997,Horacio Llamas-1997,0.0,Not Selected,Center,PHO,0.0336417157275021
1996-97,Brad Lohaus,lohaubr01,PF,32,TOR,6,0,45,4.7,17.7,0.267,2.4,8.2,0.28600000000000003,2.4,9.4,0.25,0.0,0.0,0.0,1.2,7.1,8.2,1.2,1.2,0.0,1.2,7.1,11.8,78.0,110.0,1997,Brad Lohaus-1997,0.0,Not Selected,Forward,TOR,0.025231286795626577
1996-97,Grant Long,longgr01,PF,30,DET,65,24,1166,6.0,13.4,0.447,0.8,2.3,0.36200000000000004,5.2,11.1,0.465,3.1,4.1,0.75,4.3,6.5,10.8,1.9,2.1,0.3,2.3,5.2,15.9,108.0,104.0,1997,Grant Long-1997,0.0,Not Selected,Forward,DET,0.045416316232127836
1996-97,John Long,longjo01,SG,40,TOR,32,0,370,6.6,16.8,0.39299999999999996,1.7,4.9,0.353,4.9,11.9,0.41,3.6,4.0,0.893,0.9,4.9,5.7,3.0,1.3,0.3,3.4,4.0,18.5,97.0,111.0,1997,John Long-1997,0.0,Not Selected,Guard,TOR,0.025231286795626577
1996-97,Luc Longley,longllu01,C,28,CHI,59,59,1472,8.0,17.6,0.456,0.0,0.1,0.0,8.0,17.5,0.45799999999999996,3.4,4.3,0.792,4.4,7.6,12.0,5.1,0.8,2.4,4.0,6.9,19.5,103.0,102.0,1997,Luc Longley-1997,0.0,Not Selected,Center,CHI,0.05803195962994113
1996-97,George Lynch,lynchge01,SF,26,VAN,41,27,1059,7.0,14.9,0.47100000000000003,0.4,1.6,0.258,6.6,13.3,0.496,3.1,5.0,0.619,5.0,8.4,13.4,3.9,3.2,0.9,3.3,5.0,17.5,102.0,107.0,1997,George Lynch-1997,0.0,Not Selected,Forward,MEM,0.011774600504625737
1996-97,Sam Mack,macksa01,SF,26,HOU,52,10,904,6.1,15.2,0.401,2.7,8.2,0.331,3.4,7.0,0.483,2.0,2.4,0.833,1.2,5.0,6.1,3.4,1.7,0.3,2.4,3.9,16.9,103.0,106.0,1997,Sam Mack-1997,0.0,Not Selected,Forward,HOU,0.0479394449116905
1996-97,Don MacLean,macledo01,SF,27,PHI,37,2,733,11.2,25.1,0.447,0.8,2.6,0.316,10.4,22.5,0.462,4.4,6.7,0.66,2.8,6.8,9.6,2.5,0.8,0.7,3.2,4.9,27.6,101.0,113.0,1997,Don MacLean-1997,0.0,Not Selected,Forward,PHI,0.018502943650126155
1996-97,Rick Mahorn,mahorri01,C,38,DET,22,7,218,5.2,14.1,0.37,0.0,0.3,0.0,5.2,13.8,0.377,4.2,5.7,0.727,4.9,8.9,13.8,1.6,1.0,0.8,2.6,8.9,14.6,96.0,104.0,1997,Rick Mahorn-1997,0.0,Not Selected,Center,DET,0.045416316232127836
1996-97,Dan Majerle,majerda01,SF,31,MIA,36,26,1264,6.1,14.9,0.406,2.9,8.6,0.33799999999999997,3.1,6.3,0.5,1.7,2.5,0.6779999999999999,1.9,5.0,7.0,5.0,2.3,0.6,2.2,3.2,16.8,110.0,101.0,1997,Dan Majerle-1997,0.0,Not Selected,Forward,MIA,0.051303616484440706
1996-97,Karl Malone,malonka01,PF,33,UTA,82,82,2998,15.4,27.9,0.55,0.0,0.2,0.0,15.4,27.7,0.555,9.3,12.3,0.755,3.4,11.0,14.4,6.5,2.0,0.9,4.1,3.9,40.0,118.0,101.0,1997,Karl Malone-1997,1.0,1st,Forward,UTA,0.05382674516400336
1996-97,Matt Maloney,malonma01,PG,25,HOU,82,82,2386,6.0,13.5,0.441,3.4,8.4,0.40399999999999997,2.6,5.1,0.5,1.6,2.0,0.763,0.4,3.1,3.5,6.7,1.8,0.0,2.7,2.7,16.8,113.0,108.0,1997,Matt Maloney-1997,0.0,Not Selected,Guard,HOU,0.0479394449116905
1996-97,Danny Manning,mannida01,PF,30,PHO,77,17,2134,10.3,19.2,0.536,0.2,0.9,0.19399999999999998,10.1,18.3,0.552,4.4,6.1,0.721,3.3,8.0,11.3,4.2,2.0,1.8,3.9,6.5,25.1,108.0,106.0,1997,Danny Manning-1997,0.0,Not Selected,Forward,PHO,0.0336417157275021
1996-97,Rich Manning,manniri01,PF,26,TOT,26,2,201,8.5,21.9,0.39,0.5,1.1,0.5,8.0,20.8,0.385,2.4,3.7,0.643,4.3,6.1,10.4,0.8,1.1,0.5,1.9,7.7,20.0,92.0,112.0,1997,Rich Manning-1997,0.0,Not Selected,Forward,TOT,0.03333333333333333
1996-97,Stephon Marbury,marbust01,PG,19,MIN,67,64,2324,8.1,19.8,0.408,2.3,6.6,0.354,5.8,13.3,0.434,5.6,7.7,0.727,1.2,3.0,4.2,11.9,1.5,0.4,4.8,3.6,24.1,105.0,111.0,1997,Stephon Marbury-1997,0.0,Not Selected,Guard,MIN,0.0336417157275021
1996-97,Šarūnas Marčiulionis,marcisa01,SG,32,DEN,17,0,255,7.7,20.6,0.376,2.2,6.1,0.36700000000000005,5.5,14.5,0.38,5.9,7.3,0.8059999999999999,2.4,3.7,6.1,5.1,2.4,0.2,8.1,7.7,23.6,85.0,112.0,1997,Šarūnas Marčiulionis-1997,0.0,Not Selected,Guard,DEN,0.017661900756938603
1996-97,Donny Marshall,marshdo02,SF,24,CLE,56,0,548,5.5,16.9,0.325,3.5,9.2,0.379,2.0,7.7,0.26,4.0,5.7,0.7040000000000001,2.3,5.1,7.4,2.5,2.5,0.3,3.4,6.3,18.5,94.0,102.0,1997,Donny Marshall-1997,0.0,Not Selected,Forward,CLE,0.03532380151387721
1996-97,Donyell Marshall,marshdo01,SF,23,GSW,61,20,1022,8.9,21.5,0.413,1.8,5.7,0.315,7.1,15.8,0.44799999999999995,3.1,5.0,0.622,4.7,9.4,14.1,2.8,1.3,2.4,2.8,4.9,22.7,102.0,109.0,1997,Donyell Marshall-1997,0.0,Not Selected,Forward,GSW,0.025231286795626577
1996-97,Cuonzo Martin,marticu01,SG,25,MIL,3,0,13,0.0,28.9,0.0,0.0,8.2,0.0,0.0,20.6,0.0,0.0,0.0,0.0,4.1,0.0,4.1,4.1,0.0,0.0,4.1,4.1,0.0,17.0,117.0,1997,Cuonzo Martin-1997,0.0,Not Selected,Guard,MIL,0.027754415475189236
1996-97,Darrick Martin,martida01,PG,25,LAC,82,64,1820,8.4,20.7,0.40700000000000003,2.6,6.8,0.389,5.8,14.0,0.415,6.3,7.2,0.872,0.8,2.5,3.3,9.8,1.6,0.1,3.7,4.8,25.8,113.0,112.0,1997,Darrick Martin-1997,0.0,Not Selected,Guard,LAC,0.030277544154751892
1996-97,Jamal Mashburn,mashbja01,SF,24,TOT,69,51,2164,7.2,18.6,0.385,2.3,6.9,0.325,4.9,11.7,0.42100000000000004,4.0,5.7,0.7020000000000001,1.7,5.6,7.4,5.1,2.0,0.3,2.9,4.7,20.6,102.0,105.0,1997,Jamal Mashburn-1997,0.0,Not Selected,Forward,TOT,0.03333333333333333
1996-97,Anthony Mason,masonan01,PF,30,CHH,73,73,3143,7.5,14.2,0.525,0.0,0.1,0.33299999999999996,7.4,14.2,0.526,5.5,7.4,0.745,3.2,11.1,14.3,7.1,1.3,0.6,2.8,3.5,20.5,121.0,106.0,1997,Anthony Mason-1997,3.0,3rd,Forward,CHO,0.045416316232127836
1996-97,Tony Massenburg,masseto01,PF,29,NJN,79,49,1954,5.8,12.0,0.485,0.0,0.0,0.0,5.8,12.0,0.486,3.5,5.5,0.631,5.9,7.8,13.7,0.6,1.0,1.3,2.4,5.8,15.1,107.0,110.0,1997,Tony Massenburg-1997,0.0,Not Selected,Forward,BRK,0.021867115222876366
1996-97,Vernon Maxwell,maxweve01,SG,31,SAS,72,31,2068,9.0,24.1,0.375,3.1,9.9,0.309,6.0,14.2,0.42100000000000004,3.6,4.8,0.7440000000000001,0.7,3.5,4.2,4.1,2.3,0.5,3.2,4.5,24.7,97.0,114.0,1997,Vernon Maxwell-1997,0.0,Not Selected,Guard,SAS,0.01682085786375105
1996-97,Lee Mayberry,maybele01,PG,26,VAN,80,38,1952,4.1,10.3,0.40299999999999997,2.3,6.1,0.376,1.8,4.1,0.44299999999999995,0.8,1.3,0.63,0.8,2.9,3.7,9.1,1.7,0.2,2.5,4.4,11.4,109.0,115.0,1997,Lee Mayberry-1997,0.0,Not Selected,Guard,MEM,0.011774600504625737
1996-97,Walter McCarty,mccarwa01,PF,22,NYK,35,0,192,7.2,18.8,0.382,1.1,3.9,0.28600000000000003,6.1,14.9,0.40700000000000003,2.2,3.9,0.5710000000000001,2.2,4.1,6.4,3.6,1.9,2.5,4.7,10.5,17.7,83.0,100.0,1997,Walter McCarty-1997,0.0,Not Selected,Forward,NYK,0.0479394449116905
1996-97,Amal McCaskill,mccasam01,C,23,ORL,17,1,109,5.0,16.0,0.313,0.0,1.0,0.0,5.0,15.0,0.33299999999999996,4.0,6.0,0.667,2.0,9.0,11.0,3.5,1.5,2.5,5.5,3.5,14.0,72.0,104.0,1997,Amal McCaskill-1997,0.0,Not Selected,Center,ORL,0.03784693019343986
1996-97,George McCloud,mccloge01,SF,29,TOT,64,28,1493,8.6,20.8,0.41200000000000003,3.6,9.1,0.39,5.0,11.6,0.429,3.0,3.6,0.8220000000000001,1.3,5.1,6.4,3.9,2.2,0.3,2.2,4.5,23.7,109.0,108.0,1997,George McCloud-1997,0.0,Not Selected,Forward,TOT,0.03333333333333333
1996-97,Xavier McDaniel,mcdanxa01,PF,33,NJN,62,5,1170,6.1,15.8,0.389,0.2,1.1,0.2,5.9,14.7,0.40299999999999997,2.9,4.0,0.73,5.5,8.6,14.1,2.9,1.6,0.8,3.1,6.4,15.4,97.0,109.0,1997,Xavier McDaniel-1997,0.0,Not Selected,Forward,BRK,0.021867115222876366
1996-97,Antonio McDyess,mcdyean01,PF,22,DEN,74,73,2565,10.9,23.4,0.46299999999999997,0.1,0.7,0.171,10.7,22.7,0.47200000000000003,5.5,7.8,0.708,3.1,7.7,10.9,2.1,1.3,2.6,4.0,5.6,27.4,98.0,109.0,1997,Antonio McDyess-1997,0.0,Not Selected,Forward,DEN,0.017661900756938603
1996-97,Jim McIlvaine,mcilvji01,C,24,SEA,82,79,1477,4.7,9.9,0.47100000000000003,0.0,0.3,0.14300000000000002,4.6,9.7,0.48,1.9,3.9,0.495,4.7,7.1,11.9,0.8,1.4,5.9,2.2,8.9,11.3,100.0,99.0,1997,Jim McIlvaine-1997,0.0,Not Selected,Center,OKC,0.0479394449116905
1996-97,Jeff McInnis,mcinnje01,PG,22,DEN,13,0,117,10.2,21.8,0.469,5.3,11.5,0.462,4.9,10.2,0.478,3.1,4.4,0.7,0.9,1.8,2.7,8.0,0.9,0.4,5.8,7.1,28.9,107.0,116.0,1997,Jeff McInnis-1997,0.0,Not Selected,Guard,DEN,0.017661900756938603
1996-97,Derrick McKey,mckeyde01,SF,30,IND,50,49,1449,5.5,14.1,0.391,0.6,2.2,0.259,5.0,11.9,0.414,3.3,4.6,0.7240000000000001,3.0,6.0,9.0,5.0,1.7,1.1,3.1,5.2,14.9,98.0,105.0,1997,Derrick McKey-1997,0.0,Not Selected,Forward,IND,0.03280067283431455
1996-97,Aaron McKie,mckieaa01,SG,24,TOT,83,11,1625,5.1,12.3,0.41100000000000003,1.4,3.5,0.39799999999999996,3.7,8.8,0.41600000000000004,3.1,3.7,0.836,1.3,6.1,7.5,5.4,2.6,0.7,3.0,4.4,14.6,105.0,103.0,1997,Aaron McKie-1997,0.0,Not Selected,Guard,TOT,0.03333333333333333
1996-97,Nate McMillan,mcmilna01,PG,32,SEA,37,2,798,4.1,9.9,0.409,1.9,5.6,0.33299999999999996,2.2,4.3,0.508,1.3,1.9,0.655,1.0,6.9,7.9,9.3,3.9,0.4,2.1,5.2,11.3,117.0,100.0,1997,Nate McMillan-1997,0.0,Not Selected,Guard,OKC,0.0479394449116905
1996-97,Loren Meyer,meyerlo01,PF,24,TOT,54,33,708,8.0,18.0,0.44299999999999995,0.3,0.5,0.5710000000000001,7.7,17.5,0.439,3.4,4.7,0.7190000000000001,3.9,6.8,10.7,1.4,0.8,1.1,4.6,9.2,19.7,90.0,110.0,1997,Loren Meyer-1997,0.0,Not Selected,Forward,TOT,0.03333333333333333
1996-97,Anthony Miller,millean01,PF,25,ATL,1,0,14,0.0,19.7,0.0,0.0,0.0,0.0,0.0,19.7,0.0,0.0,0.0,0.0,7.9,19.7,27.6,0.0,0.0,0.0,0.0,7.9,0.0,30.0,97.0,1997,Anthony Miller-1997,0.0,Not Selected,Forward,ATL,0.04709840201850295
1996-97,Oliver Miller,milleol01,C,26,TOT,61,8,1152,5.7,11.1,0.517,0.0,0.1,0.0,5.7,11.0,0.521,2.2,3.7,0.608,4.9,9.4,14.3,4.1,2.2,2.9,4.2,8.4,13.7,99.0,103.0,1997,Oliver Miller-1997,0.0,Not Selected,Center,TOT,0.03333333333333333
1996-97,Reggie Miller,millere01,SG,31,IND,81,81,2966,10.0,22.6,0.444,4.2,9.7,0.42700000000000005,5.9,12.9,0.456,7.6,8.6,0.88,1.0,4.2,5.2,5.0,1.4,0.5,3.0,3.1,31.8,121.0,108.0,1997,Reggie Miller-1997,0.0,Not Selected,Guard,IND,0.03280067283431455
1996-97,Chris Mills,millsch01,SF,27,CLE,80,79,3167,7.4,16.3,0.45299999999999996,1.6,4.0,0.391,5.8,12.3,0.473,3.2,3.8,0.8420000000000001,2.2,6.9,9.1,3.6,1.6,0.7,2.2,4.1,19.6,111.0,103.0,1997,Chris Mills-1997,0.0,Not Selected,Forward,CLE,0.03532380151387721
1996-97,Terry Mills,millste01,PF,29,DET,79,5,1997,8.9,20.0,0.444,5.0,11.8,0.42200000000000004,3.9,8.2,0.47700000000000004,1.6,2.0,0.8290000000000001,1.9,8.8,10.7,2.8,1.0,0.8,2.4,4.6,24.4,114.0,105.0,1997,Terry Mills-1997,0.0,Not Selected,Forward,DET,0.045416316232127836
1996-97,Greg Minor,minorgr01,SF,25,BOS,23,15,547,8.6,18.0,0.48,0.1,0.7,0.125,8.5,17.2,0.495,2.8,3.3,0.861,2.7,4.6,7.3,3.1,1.4,0.2,2.0,4.1,20.2,108.0,114.0,1997,Greg Minor-1997,0.0,Not Selected,Forward,BOS,0.012615643397813289
1996-97,Sam Mitchell,mitchsa01,SF,33,MIN,82,5,2044,7.0,15.6,0.446,0.1,0.6,0.16,6.9,15.0,0.45799999999999996,5.8,7.6,0.759,2.9,5.5,8.4,2.0,1.3,0.5,2.4,6.0,19.8,106.0,109.0,1997,Sam Mitchell-1997,0.0,Not Selected,Forward,MIN,0.0336417157275021
1996-97,Eric Mobley,mobleer01,C,26,VAN,28,8,307,4.9,11.1,0.444,0.0,0.0,0.0,4.9,11.1,0.444,2.8,5.3,0.5329999999999999,5.3,4.9,10.3,2.5,0.9,1.8,5.1,7.8,12.7,84.0,114.0,1997,Eric Mobley-1997,0.0,Not Selected,Center,MEM,0.011774600504625737
1996-97,Eric Montross,montrer01,C,25,TOT,78,77,1828,4.6,10.1,0.456,0.0,0.0,0.0,4.6,10.1,0.456,0.6,1.8,0.33899999999999997,5.2,9.8,15.0,1.8,0.6,2.1,2.2,7.8,9.8,96.0,108.0,1997,Eric Montross-1997,0.0,Not Selected,Center,TOT,0.03333333333333333
1996-97,Tracy Moore,mooretr01,SG,31,HOU,27,1,237,7.3,18.8,0.38799999999999996,2.4,9.5,0.256,4.9,9.3,0.524,4.9,6.9,0.71,2.4,3.3,5.7,4.4,1.1,0.0,3.1,4.2,21.9,103.0,109.0,1997,Tracy Moore-1997,0.0,Not Selected,Guard,HOU,0.0479394449116905
1996-97,Chris Morris,morrich01,SF,31,UTA,73,1,977,6.7,16.3,0.408,1.7,6.2,0.27399999999999997,5.0,10.1,0.489,2.1,2.9,0.722,2.0,6.8,8.8,2.3,1.6,1.3,2.5,6.6,17.1,97.0,104.0,1997,Chris Morris-1997,0.0,Not Selected,Forward,UTA,0.05382674516400336
1996-97,Lawrence Moten,motenla01,SG,24,VAN,67,18,1214,7.6,19.7,0.38799999999999996,1.8,6.3,0.29100000000000004,5.8,13.4,0.433,2.9,4.4,0.6459999999999999,1.9,3.4,5.3,5.8,2.1,1.1,3.6,3.7,20.0,94.0,113.0,1997,Lawrence Moten-1997,0.0,Not Selected,Guard,MEM,0.011774600504625737
1996-97,Alonzo Mourning,mournal01,C,26,MIA,66,65,2320,11.1,20.7,0.534,0.0,0.2,0.111,11.1,20.5,0.539,8.5,13.2,0.642,4.4,10.9,15.4,2.4,1.3,4.4,5.3,6.4,30.7,106.0,95.0,1997,Alonzo Mourning-1997,0.0,Not Selected,Center,MIA,0.051303616484440706
1996-97,Chris Mullin,mullich01,SF,33,GSW,79,63,2733,8.4,15.1,0.5529999999999999,1.6,3.9,0.41100000000000003,6.8,11.3,0.602,3.5,4.1,0.8640000000000001,1.4,4.6,6.1,6.2,2.5,0.6,3.7,3.0,21.8,118.0,112.0,1997,Chris Mullin-1997,0.0,Not Selected,Forward,GSW,0.025231286795626577
1996-97,Eric Murdock,murdoer01,PG,28,DEN,12,0,114,6.8,15.0,0.455,1.8,4.6,0.4,5.0,10.5,0.478,5.0,5.5,0.917,0.5,4.6,5.0,10.9,4.1,0.9,5.0,4.1,20.5,110.0,107.0,1997,Eric Murdock-1997,0.0,Not Selected,Guard,DEN,0.017661900756938603
1996-97,Gheorghe Mureșan,muresgh01,C,25,WSB,73,69,1849,9.2,15.2,0.604,0.0,0.0,0.0,9.2,15.2,0.604,3.5,5.6,0.618,4.0,9.6,13.5,0.8,1.2,2.7,3.3,6.5,21.8,111.0,102.0,1997,Gheorghe Mureșan-1997,0.0,Not Selected,Center,WAS,0.03700588730025231
1996-97,Lamond Murray,murrala01,SF,23,LAC,74,1,1295,7.3,17.7,0.41600000000000004,1.3,3.7,0.341,6.1,14.0,0.436,6.3,8.6,0.7390000000000001,3.4,6.0,9.5,2.3,2.2,1.2,3.5,4.6,22.3,104.0,107.0,1997,Lamond Murray-1997,0.0,Not Selected,Forward,LAC,0.030277544154751892
1996-97,Tracy Murray,murratr01,SF,25,WSB,82,1,1814,8.3,19.4,0.425,3.0,8.6,0.353,5.2,10.8,0.48100000000000004,3.9,4.6,0.8390000000000001,2.4,4.8,7.2,2.2,2.0,0.5,2.5,4.3,23.4,110.0,106.0,1997,Tracy Murray-1997,0.0,Not Selected,Forward,WAS,0.03700588730025231
1996-97,Dikembe Mutombo,mutomdi01,C,30,ATL,80,80,2973,7.1,13.4,0.527,0.0,0.0,0.0,7.1,13.4,0.527,5.7,8.1,0.705,5.0,12.3,17.3,2.0,0.9,4.9,3.5,4.6,19.8,113.0,97.0,1997,Dikembe Mutombo-1997,0.0,Not Selected,Center,ATL,0.04709840201850295
1996-97,Martin Müürsepp,muursma01,PF,22,TOT,42,0,348,8.4,20.3,0.41200000000000003,0.6,3.7,0.16699999999999998,7.8,16.6,0.467,6.8,10.9,0.629,5.4,5.0,10.4,3.1,1.9,1.7,2.8,9.0,24.2,104.0,108.0,1997,Martin Müürsepp-1997,0.0,Not Selected,Forward,TOT,0.03333333333333333
1996-97,Steve Nash,nashst01,PG,22,PHO,65,2,684,5.6,13.2,0.423,1.7,4.1,0.418,3.8,9.0,0.425,3.2,3.8,0.8240000000000001,1.2,3.5,4.7,10.4,1.5,0.0,4.7,6.9,16.0,103.0,112.0,1997,Steve Nash-1997,0.0,Not Selected,Guard,PHO,0.0336417157275021
1996-97,Ruben Nembhard,nembhru01,SG-PG,24,TOT,10,0,113,7.5,17.4,0.43200000000000005,0.0,2.8,0.0,7.5,14.6,0.516,3.8,4.7,0.8,1.4,2.4,3.8,8.0,4.2,0.0,3.8,5.7,18.8,101.0,103.0,1997,Ruben Nembhard-1997,0.0,Not Selected,Guard,TOT,0.03333333333333333
1996-97,Ivano Newbill,newbiiv01,PF,26,ATL,72,2,850,2.6,5.9,0.44,0.0,0.0,0.0,2.6,5.9,0.44,1.3,3.4,0.385,4.9,8.3,13.3,1.6,1.8,1.0,2.7,7.5,6.5,91.0,101.0,1997,Ivano Newbill-1997,0.0,Not Selected,Forward,ATL,0.04709840201850295
1996-97,Johnny Newman,newmajo01,SF,33,MIL,82,4,2060,6.4,14.2,0.45,0.9,2.6,0.34700000000000003,5.5,11.7,0.47200000000000003,4.9,6.4,0.765,1.7,3.1,4.8,3.0,1.9,0.4,3.0,6.7,18.6,106.0,110.0,1997,Johnny Newman-1997,0.0,Not Selected,Forward,MIL,0.027754415475189236
1996-97,Gaylon Nickerson,nickega01,SG,27,TOT,4,0,42,5.2,15.6,0.33299999999999996,0.0,2.6,0.0,5.2,13.0,0.4,9.1,9.1,1.0,1.3,5.2,6.5,1.3,1.3,1.3,1.3,1.3,19.5,111.0,113.0,1997,Gaylon Nickerson-1997,0.0,Not Selected,Guard,TOT,0.03333333333333333
1996-97,Ken Norman,normake01,SF,32,ATL,17,0,220,6.8,23.6,0.287,1.5,9.6,0.158,5.3,14.1,0.375,1.0,3.0,0.33299999999999996,2.0,7.8,9.8,3.0,1.8,0.8,4.5,4.3,16.1,69.0,102.0,1997,Ken Norman-1997,0.0,Not Selected,Forward,ATL,0.04709840201850295
1996-97,Moochie Norris,norrimo01,PG,23,VAN,8,0,89,2.4,13.4,0.182,1.2,6.1,0.2,1.2,7.3,0.16699999999999998,1.2,3.0,0.4,1.8,5.5,7.3,14.0,2.4,0.0,3.0,3.0,7.3,81.0,112.0,1997,Moochie Norris-1997,0.0,Not Selected,Guard,MEM,0.011774600504625737
1996-97,Ed O'Bannon,obanned01,SF,24,TOT,64,5,809,6.0,18.1,0.33299999999999996,1.2,4.5,0.257,4.9,13.5,0.359,2.0,2.3,0.8859999999999999,3.2,6.3,9.6,2.5,1.9,0.8,1.3,6.3,15.2,96.0,109.0,1997,Ed O'Bannon-1997,0.0,Not Selected,Forward,TOT,0.03333333333333333
1996-97,Jermaine O'Neal,onealje01,PF,18,POR,45,0,458,8.0,17.6,0.451,0.0,0.1,0.0,8.0,17.5,0.45399999999999996,5.4,9.0,0.603,4.5,9.8,14.3,0.9,0.2,3.0,3.1,5.3,21.3,100.0,102.0,1997,Jermaine O'Neal-1997,0.0,Not Selected,Forward,POR,0.04121110176619008
1996-97,Shaquille O'Neal,onealsh01,C,24,LAL,51,51,1941,15.0,26.9,0.557,0.0,0.1,0.0,15.0,26.8,0.5589999999999999,6.3,13.0,0.484,5.3,12.1,17.4,4.3,1.2,4.0,4.0,4.9,36.3,110.0,99.0,1997,Shaquille O'Neal-1997,3.0,3rd,Center,LAL,0.04709840201850295
1996-97,Charles Oakley,oaklech01,PF,33,NYK,80,80,2873,6.3,12.8,0.488,0.1,0.4,0.263,6.2,12.5,0.495,3.3,4.1,0.8079999999999999,4.5,9.9,14.4,4.1,2.0,0.4,3.2,5.6,15.9,109.0,99.0,1997,Charles Oakley-1997,0.0,Not Selected,Forward,NYK,0.0479394449116905
1996-97,Hakeem Olajuwon,olajuha01,C,34,HOU,78,78,2852,13.4,26.2,0.51,0.1,0.3,0.313,13.3,25.9,0.512,6.4,8.2,0.787,3.2,10.0,13.2,4.3,2.1,3.2,5.2,4.6,33.2,105.0,99.0,1997,Hakeem Olajuwon-1997,1.0,1st,Center,HOU,0.0479394449116905
1996-97,Jimmy Oliver,oliveji01,SG,27,TOR,4,0,43,4.9,16.0,0.308,1.2,7.4,0.16699999999999998,3.7,8.6,0.429,2.5,2.5,1.0,1.2,4.9,6.2,1.2,2.5,0.0,3.7,2.5,13.6,77.0,109.0,1997,Jimmy Oliver-1997,0.0,Not Selected,Guard,TOR,0.025231286795626577
1996-97,Greg Ostertag,ostergr01,C,23,UTA,77,70,1818,6.2,12.0,0.515,0.0,0.1,0.0,6.2,11.8,0.52,4.1,6.0,0.6779999999999999,5.3,11.3,16.6,0.8,0.7,4.5,2.2,6.8,16.4,114.0,100.0,1997,Greg Ostertag-1997,0.0,Not Selected,Center,UTA,0.05382674516400336
1996-97,Bo Outlaw,outlabo01,PF,25,LAC,82,25,2195,6.1,10.0,0.609,0.0,0.2,0.0,6.1,9.8,0.621,2.8,5.6,0.504,4.2,6.7,10.9,3.8,2.3,3.4,2.6,5.4,15.0,116.0,104.0,1997,Bo Outlaw-1997,0.0,Not Selected,Forward,LAC,0.030277544154751892
1996-97,Doug Overton,overtdo01,PG,27,PHI,61,4,634,6.4,15.1,0.426,0.8,3.2,0.25,5.6,11.9,0.473,3.6,3.8,0.938,1.4,4.0,5.4,8.0,1.9,0.0,3.1,3.5,17.2,109.0,114.0,1997,Doug Overton-1997,0.0,Not Selected,Guard,PHI,0.018502943650126155
1996-97,Billy Owens,owensbi01,SF,27,SAC,66,56,1995,7.9,16.9,0.467,0.7,1.9,0.34700000000000003,7.2,15.0,0.48200000000000004,2.7,3.8,0.6970000000000001,3.5,6.8,10.4,4.9,1.6,0.7,3.5,4.9,19.1,103.0,108.0,1997,Billy Owens-1997,0.0,Not Selected,Forward,SAC,0.028595458368376788
1996-97,Ray Owes,owesra01,PF,24,GSW,57,1,592,6.6,15.9,0.41700000000000004,0.1,0.4,0.2,6.5,15.4,0.423,2.3,4.1,0.565,5.6,8.7,14.4,1.3,1.3,1.8,2.0,7.6,15.6,99.0,110.0,1997,Ray Owes-1997,0.0,Not Selected,Forward,GSW,0.025231286795626577
1996-97,Robert Pack,packro01,PG,27,TOT,54,42,1782,8.0,20.5,0.392,0.9,3.3,0.27699999999999997,7.1,17.2,0.415,5.8,7.2,0.807,0.8,3.5,4.3,13.3,2.8,0.2,6.4,4.1,22.8,98.0,110.0,1997,Robert Pack-1997,0.0,Not Selected,Guard,TOT,0.03333333333333333
1996-97,Robert Parish,parisro01,C,43,CHI,43,3,406,9.2,18.8,0.49,0.0,0.0,0.0,9.2,18.8,0.49,2.8,4.1,0.677,5.5,6.2,11.7,2.9,0.8,2.5,3.7,5.3,21.2,104.0,104.0,1997,Robert Parish-1997,0.0,Not Selected,Center,CHI,0.05803195962994113
1996-97,Cherokee Parks,parksch02,PF,24,MIN,76,0,961,5.7,11.1,0.51,0.0,0.1,0.0,5.7,11.1,0.512,2.5,4.2,0.605,4.6,6.2,10.7,1.9,2.3,2.6,1.8,8.3,13.9,111.0,105.0,1997,Cherokee Parks-1997,0.0,Not Selected,Forward,MIN,0.0336417157275021
1996-97,Gary Payton,paytoga01,PG,28,SEA,82,82,3213,11.7,24.5,0.47600000000000003,2.0,6.3,0.313,9.7,18.2,0.5329999999999999,4.2,5.9,0.715,1.8,4.5,6.3,9.6,3.3,0.2,3.6,3.4,29.5,114.0,103.0,1997,Gary Payton-1997,2.0,2nd,Guard,OKC,0.0479394449116905
1996-97,Anthony Peeler,peelean01,SG,27,VAN,72,57,2291,9.5,23.9,0.39799999999999996,3.0,8.1,0.373,6.5,15.8,0.41,2.6,3.2,0.82,1.3,4.6,5.9,6.1,2.5,0.4,3.7,4.0,24.7,97.0,112.0,1997,Anthony Peeler-1997,0.0,Not Selected,Guard,MEM,0.011774600504625737
1996-97,Will Perdue,perduwi01,C,31,SAS,65,34,1918,6.7,11.8,0.568,0.0,0.0,0.0,6.7,11.8,0.568,2.8,4.9,0.579,7.2,11.1,18.3,1.1,0.9,2.9,2.5,5.3,16.2,115.0,109.0,1997,Will Perdue-1997,0.0,Not Selected,Center,SAS,0.01682085786375105
1996-97,Sam Perkins,perkisa01,C,35,SEA,81,4,1976,7.8,17.8,0.439,3.3,8.3,0.395,4.5,9.5,0.47700000000000004,5.0,6.2,0.8170000000000001,2.0,6.1,8.1,2.8,1.9,1.3,2.1,3.6,23.9,119.0,104.0,1997,Sam Perkins-1997,0.0,Not Selected,Center,OKC,0.0479394449116905
1996-97,Elliot Perry,perryel01,PG,27,MIL,82,3,1595,7.3,15.4,0.474,1.6,4.6,0.358,5.6,10.8,0.523,2.7,3.6,0.745,0.8,3.4,4.2,8.3,3.3,0.1,3.7,3.9,18.9,108.0,108.0,1997,Elliot Perry-1997,0.0,Not Selected,Guard,MIL,0.027754415475189236
1996-97,Wesley Person,persowe01,SG,25,PHO,80,42,2326,9.1,20.0,0.45299999999999996,3.8,9.2,0.413,5.3,10.8,0.48700000000000004,2.0,2.5,0.7979999999999999,1.5,5.0,6.5,2.7,1.9,0.4,1.7,2.3,23.9,112.0,110.0,1997,Wesley Person-1997,0.0,Not Selected,Guard,PHO,0.0336417157275021
1996-97,Bobby Phills,phillbo01,SG,27,CLE,69,65,2375,8.0,18.7,0.428,2.1,5.3,0.39399999999999996,5.9,13.4,0.442,3.0,4.2,0.718,1.5,4.4,6.0,5.7,2.8,0.5,3.3,4.2,21.1,103.0,102.0,1997,Bobby Phills-1997,0.0,Not Selected,Guard,CLE,0.03532380151387721
1996-97,Eric Piatkowski,piatker01,SG,26,LAC,65,0,747,9.4,21.0,0.45,3.6,8.4,0.425,5.8,12.5,0.466,4.9,5.9,0.821,3.4,3.9,7.4,3.7,2.3,0.7,3.2,6.0,27.3,115.0,109.0,1997,Eric Piatkowski-1997,0.0,Not Selected,Guard,LAC,0.030277544154751892
1996-97,Ricky Pierce,piercri01,SG,37,TOT,60,27,1250,10.2,21.1,0.48100000000000004,1.8,4.0,0.442,8.4,17.1,0.49,5.9,6.6,0.897,1.5,3.6,5.1,3.4,1.2,0.4,2.9,4.1,28.0,113.0,113.0,1997,Ricky Pierce-1997,0.0,Not Selected,Guard,TOT,0.03333333333333333
1996-97,Ed Pinckney,pincked01,PF,33,MIA,27,0,273,4.6,8.6,0.535,0.0,0.0,0.0,4.6,8.6,0.535,4.0,5.0,0.8,5.0,8.0,13.0,1.2,1.6,1.8,3.8,6.0,13.1,106.0,99.0,1997,Ed Pinckney-1997,0.0,Not Selected,Forward,MIA,0.051303616484440706
1996-97,Scottie Pippen,pippesc01,SF,31,CHI,82,82,3095,11.2,23.5,0.474,2.7,7.3,0.368,8.5,16.2,0.522,3.5,5.0,0.701,2.8,6.4,9.2,8.0,2.7,0.8,3.7,3.7,28.5,115.0,101.0,1997,Scottie Pippen-1997,2.0,2nd,Forward,CHI,0.05803195962994113
1996-97,Olden Polynice,polynol01,C,32,SAC,82,82,2893,8.1,17.6,0.457,0.0,0.1,0.0,8.1,17.5,0.46,2.6,4.6,0.562,5.0,9.1,14.1,3.2,0.8,1.5,3.0,5.4,18.7,100.0,108.0,1997,Olden Polynice-1997,0.0,Not Selected,Center,SAC,0.028595458368376788
1996-97,Terry Porter,portete01,PG,33,MIN,82,20,1568,6.3,15.2,0.41600000000000004,2.3,6.8,0.335,4.1,8.4,0.48200000000000004,4.3,5.6,0.765,1.0,4.9,5.9,10.0,1.8,0.4,4.3,3.5,19.2,106.0,109.0,1997,Terry Porter-1997,0.0,Not Selected,Guard,MIN,0.0336417157275021
1996-97,Vitaly Potapenko,potapvi01,C,21,CLE,80,3,1238,8.7,19.8,0.44,0.0,0.1,0.5,8.7,19.7,0.439,4.3,5.8,0.736,4.9,5.2,10.1,1.9,1.2,1.6,5.1,10.1,21.7,91.0,104.0,1997,Vitaly Potapenko-1997,0.0,Not Selected,Center,CLE,0.03532380151387721
1996-97,Brent Price,pricebr01,PG,28,HOU,25,0,390,5.9,14.1,0.419,2.3,7.1,0.321,3.6,7.0,0.519,2.8,2.8,1.0,1.3,2.6,3.9,8.7,2.3,0.0,4.3,4.6,16.9,106.0,107.0,1997,Brent Price-1997,0.0,Not Selected,Guard,HOU,0.0479394449116905
1996-97,Mark Price,pricema01,PG,32,GSW,70,49,1876,7.3,16.4,0.447,3.1,7.9,0.396,4.2,8.5,0.493,4.3,4.8,0.9059999999999999,1.0,4.0,5.0,9.5,1.9,0.1,4.5,2.8,22.1,114.0,114.0,1997,Mark Price-1997,0.0,Not Selected,Guard,GSW,0.025231286795626577
1996-97,Dino Radja,radjadi01,C,29,BOS,25,25,874,8.5,19.4,0.44,0.0,0.1,0.0,8.5,19.4,0.441,2.9,4.1,0.718,2.5,9.6,12.1,2.8,1.3,2.8,4.0,4.4,20.0,90.0,108.0,1997,Dino Radja-1997,0.0,Not Selected,Center,BOS,0.012615643397813289
1996-97,Theo Ratliff,ratlith01,C,23,DET,76,38,1292,7.9,14.8,0.531,0.0,0.0,0.0,7.9,14.8,0.531,3.6,5.1,0.698,4.8,6.5,11.3,0.6,1.3,4.9,2.5,8.0,19.3,111.0,102.0,1997,Theo Ratliff-1997,0.0,Not Selected,Center,DET,0.045416316232127836
1996-97,Eldridge Recasner,recasel01,SG,29,ATL,71,4,1207,6.8,16.0,0.423,2.7,6.4,0.414,4.1,9.6,0.429,2.3,2.7,0.879,1.6,3.7,5.3,4.3,1.7,0.2,3.0,4.4,18.6,108.0,106.0,1997,Eldridge Recasner-1997,0.0,Not Selected,Guard,ATL,0.04709840201850295
1996-97,Bryant Reeves,reevebr01,C,23,VAN,75,75,2777,9.7,20.0,0.486,0.0,0.2,0.091,9.7,19.8,0.49,4.2,6.0,0.7040000000000001,3.4,8.5,11.9,3.1,0.6,1.3,3.4,5.3,23.7,102.0,112.0,1997,Bryant Reeves-1997,0.0,Not Selected,Center,MEM,0.011774600504625737
1996-97,Khalid Reeves,reevekh01,PG,24,TOT,63,30,1432,6.7,17.2,0.391,3.0,8.3,0.366,3.7,8.9,0.41600000000000004,2.4,3.2,0.747,1.2,3.1,4.4,8.3,1.2,0.3,4.0,5.8,18.9,104.0,113.0,1997,Khalid Reeves-1997,0.0,Not Selected,Guard,TOT,0.03333333333333333
1996-97,Don Reid,reiddo01,PF,23,DET,47,14,462,6.6,13.8,0.48200000000000004,0.0,0.1,0.0,6.6,13.6,0.486,2.9,3.9,0.75,4.4,8.0,12.4,1.7,2.0,1.8,2.8,12.9,16.2,104.0,102.0,1997,Don Reid-1997,0.0,Not Selected,Forward,DET,0.045416316232127836
1996-97,Shawn Respert,respesh01,SG,24,TOT,41,0,495,6.3,14.9,0.424,2.1,6.1,0.35100000000000003,4.2,8.8,0.47600000000000003,3.6,4.2,0.872,1.5,2.7,4.2,4.3,2.1,0.2,3.2,4.3,18.4,107.0,111.0,1997,Shawn Respert-1997,0.0,Not Selected,Guard,TOT,0.03333333333333333
1996-97,Glen Rice,ricegl01,SF,29,CHH,79,78,3362,11.6,24.4,0.47700000000000004,3.3,7.1,0.47,8.3,17.3,0.48,7.5,8.6,0.867,1.1,4.0,5.1,2.6,1.2,0.4,2.9,3.1,34.1,117.0,112.0,1997,Glen Rice-1997,2.0,2nd,Forward,CHO,0.045416316232127836
1996-97,Pooh Richardson,richapo01,PG,30,LAC,59,18,1065,6.5,17.0,0.381,2.1,6.3,0.32799999999999996,4.4,10.7,0.41200000000000003,1.3,2.1,0.605,1.2,3.6,4.8,8.3,2.7,0.2,3.1,4.0,16.3,99.0,109.0,1997,Pooh Richardson-1997,0.0,Not Selected,Guard,LAC,0.030277544154751892
1996-97,Mitch Richmond,richmmi01,SG,31,SAC,81,81,3125,12.1,26.6,0.45399999999999996,3.4,8.0,0.428,8.7,18.6,0.466,7.7,9.0,0.861,1.0,4.4,5.4,5.7,2.0,0.4,4.0,3.6,35.3,115.0,110.0,1997,Mitch Richmond-1997,2.0,2nd,Guard,SAC,0.028595458368376788
1996-97,Isaiah Rider,rideris01,SG,25,POR,76,68,2563,9.4,20.2,0.46399999999999997,2.0,5.3,0.385,7.4,15.0,0.49200000000000005,4.4,5.4,0.812,1.9,4.3,6.3,4.1,0.9,0.4,4.4,4.1,25.2,106.0,108.0,1997,Isaiah Rider-1997,0.0,Not Selected,Guard,POR,0.04121110176619008
1996-97,Fred Roberts,roberfr01,PF,36,DAL,12,0,40,8.1,20.2,0.4,0.0,0.0,0.0,8.1,20.2,0.4,13.5,18.9,0.7140000000000001,2.7,10.8,13.5,0.0,0.0,1.3,6.7,2.7,29.7,92.0,108.0,1997,Fred Roberts-1997,0.0,Not Selected,Forward,DAL,0.020185029436501262
1996-97,Stanley Roberts,roberst01,C,26,LAC,18,2,378,8.8,20.6,0.426,0.0,0.0,0.0,8.8,20.6,0.426,6.3,8.9,0.703,3.3,9.3,12.7,1.3,1.1,3.2,3.2,7.9,23.8,98.0,105.0,1997,Stanley Roberts-1997,0.0,Not Selected,Center,LAC,0.030277544154751892
1996-97,Chris Robinson,robinch01,SG,22,VAN,41,6,681,5.5,14.5,0.379,2.7,7.1,0.382,2.8,7.4,0.376,1.3,2.1,0.615,1.8,3.8,5.7,5.2,2.2,0.7,2.7,6.8,15.0,99.0,113.0,1997,Chris Robinson-1997,0.0,Not Selected,Guard,MEM,0.011774600504625737
1996-97,Clifford Robinson,robincl02,SF,30,POR,81,79,3077,7.6,17.9,0.426,2.1,6.0,0.34600000000000003,5.5,11.9,0.466,3.7,5.3,0.696,1.5,4.0,5.5,4.5,1.7,1.1,3.0,4.3,21.0,106.0,105.0,1997,Clifford Robinson-1997,0.0,Not Selected,Forward,POR,0.04121110176619008
1996-97,David Robinson,robinda01,C,31,SAS,6,6,147,13.5,26.9,0.5,0.0,0.0,0.0,13.5,26.9,0.5,12.7,19.4,0.654,7.1,12.0,19.1,3.0,2.2,2.2,3.0,3.4,39.6,117.0,106.0,1997,David Robinson-1997,0.0,Not Selected,Center,SAS,0.01682085786375105
1996-97,Glenn Robinson,robingl01,SF,24,MIL,80,79,3114,11.5,24.8,0.465,1.1,3.1,0.35,10.4,21.7,0.48200000000000004,5.0,6.3,0.7909999999999999,2.2,6.4,8.6,4.3,1.8,1.2,4.6,3.9,29.1,102.0,108.0,1997,Glenn Robinson-1997,0.0,Not Selected,Forward,MIL,0.027754415475189236
1996-97,James Robinson,robinja02,PG,26,MIN,69,5,1309,7.9,19.5,0.40700000000000003,4.1,10.8,0.382,3.8,8.7,0.43700000000000006,3.2,4.6,0.684,1.0,3.6,4.5,5.1,1.2,0.3,2.8,5.1,23.1,106.0,111.0,1997,James Robinson-1997,0.0,Not Selected,Guard,MIN,0.0336417157275021
1996-97,Rumeal Robinson,robinru01,PG,30,TOT,54,3,508,6.8,17.0,0.402,1.9,5.8,0.321,5.0,11.2,0.444,2.7,3.6,0.743,0.6,4.2,4.9,7.5,2.5,0.2,4.4,6.2,18.2,96.0,105.0,1997,Rumeal Robinson-1997,0.0,Not Selected,Guard,TOT,0.03333333333333333
1996-97,Dennis Rodman,rodmade01,PF,35,CHI,55,54,1947,3.5,7.8,0.44799999999999995,0.1,0.5,0.263,3.4,7.3,0.461,1.4,2.4,0.568,8.8,15.4,24.2,4.7,0.9,0.5,3.0,4.7,8.5,111.0,98.0,1997,Dennis Rodman-1997,0.0,Not Selected,Forward,CHI,0.05803195962994113
1996-97,Lou Roe,roelo01,SF,24,GSW,17,0,107,6.8,23.4,0.292,1.5,5.4,0.273,5.4,18.1,0.297,4.4,9.3,0.474,3.4,3.4,6.8,2.9,1.5,0.5,5.4,4.9,19.5,74.0,115.0,1997,Lou Roe-1997,0.0,Not Selected,Forward,GSW,0.025231286795626577
1996-97,Carlos Rogers,rogerca01,PF,25,TOR,56,3,1397,8.0,15.3,0.525,0.9,2.5,0.379,7.1,12.8,0.5529999999999999,3.9,6.4,0.6,4.6,7.0,11.5,1.4,1.6,2.6,2.0,5.3,20.9,117.0,107.0,1997,Carlos Rogers-1997,0.0,Not Selected,Forward,TOR,0.025231286795626577
1996-97,Rodney Rogers,rogerro01,SF,25,LAC,81,62,2480,8.6,18.7,0.462,1.4,3.8,0.361,7.3,14.9,0.48700000000000004,4.0,6.1,0.6629999999999999,2.9,5.8,8.7,4.7,1.9,1.3,4.7,5.8,22.7,100.0,108.0,1997,Rodney Rogers-1997,0.0,Not Selected,Forward,LAC,0.030277544154751892
1996-97,Roy Rogers,rogerro02,PF,23,VAN,82,50,1848,7.2,14.2,0.505,0.0,0.0,1.0,7.1,14.2,0.504,1.6,2.8,0.574,4.1,7.3,11.3,1.4,0.6,4.8,2.5,6.3,15.9,100.0,110.0,1997,Roy Rogers-1997,0.0,Not Selected,Forward,MEM,0.011774600504625737
1996-97,Sean Rooks,rooksse01,C,27,LAL,69,3,735,6.2,13.3,0.47,0.0,0.1,0.0,6.2,13.2,0.473,6.5,9.3,0.7,4.0,7.7,11.7,3.0,1.2,2.7,3.7,8.8,19.0,106.0,103.0,1997,Sean Rooks-1997,0.0,Not Selected,Center,LAL,0.04709840201850295
1996-97,Jalen Rose,roseja01,SF,24,IND,66,6,1188,7.8,17.1,0.456,1.0,3.3,0.292,6.9,13.8,0.495,5.3,7.1,0.75,1.2,4.3,5.5,7.0,2.6,0.8,4.9,6.2,21.9,102.0,104.0,1997,Jalen Rose-1997,0.0,Not Selected,Forward,IND,0.03280067283431455
1996-97,Malik Rose,rosema01,PF,22,CHH,54,1,525,6.3,13.2,0.47700000000000004,0.0,0.2,0.0,6.3,13.0,0.484,3.9,6.4,0.613,7.2,9.7,16.9,3.3,2.9,1.8,4.2,11.8,16.5,103.0,103.0,1997,Malik Rose-1997,0.0,Not Selected,Forward,CHO,0.045416316232127836
1996-97,Donald Royal,royaldo01,SF,30,TOT,62,4,858,3.8,9.0,0.425,0.0,0.1,0.0,3.8,8.9,0.431,5.8,7.2,0.8029999999999999,3.2,6.3,9.5,1.5,1.4,0.7,2.9,6.2,13.5,106.0,111.0,1997,Donald Royal-1997,0.0,Not Selected,Forward,TOT,0.03333333333333333
1996-97,Clifford Rozier,roziecl01,C,24,TOT,42,29,737,5.7,12.5,0.45399999999999996,0.0,0.1,0.0,5.7,12.4,0.45899999999999996,2.2,4.4,0.508,7.3,9.5,16.8,2.2,1.7,3.2,2.1,7.0,13.6,107.0,104.0,1997,Clifford Rozier-1997,0.0,Not Selected,Center,TOT,0.03333333333333333
1996-97,Bryon Russell,russebr01,SF,26,UTA,81,81,2525,6.3,13.1,0.479,2.3,5.6,0.409,4.0,7.5,0.531,3.6,5.2,0.701,1.7,5.3,7.0,2.6,2.7,0.6,2.0,5.0,18.4,116.0,104.0,1997,Bryon Russell-1997,0.0,Not Selected,Forward,UTA,0.05382674516400336
1996-97,Arvydas Sabonis,sabonar01,C,32,POR,69,68,1762,9.8,19.7,0.498,1.5,4.0,0.371,8.4,15.8,0.53,6.7,8.6,0.777,3.4,13.0,16.4,4.4,1.9,2.5,4.5,6.1,27.8,113.0,97.0,1997,Arvydas Sabonis-1997,0.0,Not Selected,Center,POR,0.04121110176619008
1996-97,Kevin Salvadori,salvake01,C,26,SAC,23,0,154,4.1,11.3,0.364,0.0,0.0,0.0,4.1,11.3,0.364,4.5,6.2,0.722,2.1,6.5,8.6,3.4,0.7,4.5,4.1,5.8,12.7,86.0,107.0,1997,Kevin Salvadori-1997,0.0,Not Selected,Center,SAC,0.028595458368376788
1996-97,Jason Sasser,sasseja01,SF,23,TOT,8,0,69,7.2,18.3,0.391,0.8,2.4,0.33299999999999996,6.4,15.9,0.4,0.0,0.0,0.0,0.8,5.6,6.4,1.6,2.4,0.0,1.6,8.7,15.1,86.0,112.0,1997,Jason Sasser-1997,0.0,Not Selected,Forward,TOT,0.03333333333333333
1996-97,Danny Schayes,schayda01,PF,37,ORL,45,6,540,4.7,12.1,0.392,0.0,0.1,0.0,4.7,12.0,0.395,3.9,5.2,0.75,4.1,8.5,12.6,1.4,1.5,1.6,2.7,7.4,13.4,96.0,104.0,1997,Danny Schayes-1997,0.0,Not Selected,Forward,ORL,0.03784693019343986
1996-97,Steve Scheffler,schefst01,C,29,SEA,7,0,29,11.0,12.8,0.857,0.0,0.0,0.0,11.0,12.8,0.857,1.8,3.7,0.5,1.8,3.7,5.5,0.0,0.0,0.0,9.2,9.2,23.8,83.0,111.0,1997,Steve Scheffler-1997,0.0,Not Selected,Center,OKC,0.0479394449116905
1996-97,Dwayne Schintzius,schindw01,C,28,LAC,15,0,116,5.9,16.3,0.361,0.5,0.9,0.5,5.4,15.4,0.353,3.2,3.6,0.875,4.1,5.9,10.0,1.8,0.5,4.1,3.2,10.0,15.4,90.0,108.0,1997,Dwayne Schintzius-1997,0.0,Not Selected,Center,LAC,0.030277544154751892
1996-97,Detlef Schrempf,schrede01,SF,34,SEA,61,60,2192,8.6,17.6,0.49200000000000005,1.4,3.9,0.354,7.2,13.7,0.531,6.1,7.7,0.8009999999999999,2.1,7.4,9.6,6.4,1.5,0.4,3.6,3.7,24.8,116.0,104.0,1997,Detlef Schrempf-1997,0.0,Not Selected,Forward,OKC,0.0479394449116905
1996-97,Brent Scott,scottbr01,PF,25,IND,16,0,55,7.8,16.7,0.47100000000000003,0.0,0.0,0.0,7.8,16.7,0.47100000000000003,2.9,5.9,0.5,2.9,5.9,8.8,2.9,1.0,1.0,3.9,13.7,18.6,92.0,106.0,1997,Brent Scott-1997,0.0,Not Selected,Forward,IND,0.03280067283431455
1996-97,Byron Scott,scottby01,SG,35,LAL,79,8,1440,6.0,13.9,0.43,2.7,6.9,0.38799999999999996,3.3,7.0,0.47100000000000003,4.6,5.5,0.841,0.8,3.5,4.3,3.6,1.7,0.6,1.9,2.6,19.2,120.0,108.0,1997,Byron Scott-1997,0.0,Not Selected,Guard,LAL,0.04709840201850295
1996-97,Dennis Scott,scottde01,SF,28,ORL,66,62,2166,7.5,18.8,0.39799999999999996,3.7,9.4,0.39399999999999996,3.8,9.4,0.402,2.0,2.5,0.792,1.0,4.1,5.1,3.5,1.9,0.5,2.0,3.5,20.6,107.0,108.0,1997,Dennis Scott-1997,0.0,Not Selected,Forward,ORL,0.03784693019343986
1996-97,James Scott,scottja01,SF,24,MIA,8,0,32,0.0,13.6,0.0,0.0,6.8,0.0,0.0,6.8,0.0,1.7,3.4,0.5,1.7,8.5,10.2,5.1,3.4,0.0,3.4,8.5,1.7,34.0,97.0,1997,James Scott-1997,0.0,Not Selected,Forward,MIA,0.051303616484440706
1996-97,Shawnelle Scott,scottsh01,C,24,CLE,16,0,50,9.3,18.5,0.5,0.0,0.0,0.0,9.3,18.5,0.5,4.6,12.7,0.364,9.3,9.3,18.5,0.0,0.0,3.5,0.0,6.9,23.2,113.0,102.0,1997,Shawnelle Scott-1997,0.0,Not Selected,Center,CLE,0.03532380151387721
1996-97,Malik Sealy,sealyma01,SG,26,LAC,80,79,2456,8.0,20.2,0.396,1.7,4.8,0.35600000000000004,6.3,15.4,0.408,5.4,6.2,0.8759999999999999,1.3,3.8,5.1,3.5,2.7,1.0,3.3,4.0,23.1,102.0,108.0,1997,Malik Sealy-1997,0.0,Not Selected,Guard,LAC,0.030277544154751892
1996-97,Rony Seikaly,seikaro01,C,31,ORL,74,68,2615,9.6,18.8,0.507,0.0,0.1,0.0,9.6,18.8,0.509,7.4,10.4,0.7140000000000001,5.7,8.9,14.6,1.9,1.0,2.2,4.5,5.7,26.5,107.0,105.0,1997,Rony Seikaly-1997,0.0,Not Selected,Center,ORL,0.03784693019343986
1996-97,Brian Shaw,shawbr01,PG,30,ORL,77,31,1867,5.5,15.0,0.366,1.8,5.6,0.325,3.7,9.4,0.391,3.2,4.1,0.7929999999999999,1.4,4.3,5.6,9.3,1.9,0.8,4.9,5.7,16.1,95.0,108.0,1997,Brian Shaw-1997,0.0,Not Selected,Guard,ORL,0.03784693019343986
1996-97,Lionel Simmons,simmoli01,SF,28,SAC,41,0,521,4.6,13.8,0.331,0.7,3.0,0.233,3.8,10.7,0.358,4.3,4.9,0.875,3.0,7.5,10.5,5.8,0.8,1.3,3.4,6.4,14.1,96.0,109.0,1997,Lionel Simmons-1997,0.0,Not Selected,Forward,SAC,0.028595458368376788
1996-97,Dickey Simpkins,simpkdi01,PF,24,CHI,48,0,395,4.2,12.6,0.33299999999999996,0.1,0.5,0.25,4.1,12.0,0.337,3.8,5.4,0.7,4.9,7.6,12.4,4.2,0.7,0.7,4.7,5.9,12.3,87.0,105.0,1997,Dickey Simpkins-1997,0.0,Not Selected,Forward,CHI,0.05803195962994113
1996-97,Reggie Slater,slatere01,PF,26,TOR,26,0,406,10.7,19.4,0.55,0.0,0.3,0.0,10.7,19.2,0.5579999999999999,5.1,9.8,0.52,5.2,7.2,12.4,2.7,1.2,0.8,3.8,4.4,26.5,107.0,109.0,1997,Reggie Slater-1997,0.0,Not Selected,Forward,TOR,0.025231286795626577
1996-97,Charles Smith,smithch01,PF,31,SAS,19,7,329,5.7,14.0,0.405,0.0,0.2,0.0,5.7,13.9,0.41,3.3,4.3,0.769,3.0,7.9,10.9,2.3,2.2,3.7,3.7,7.4,14.7,90.0,108.0,1997,Charles Smith-1997,0.0,Not Selected,Forward,SAS,0.01682085786375105
1996-97,Joe Smith,smithjo02,PF,21,GSW,80,80,3086,9.9,21.9,0.45399999999999996,0.2,0.8,0.261,9.7,21.1,0.461,5.2,6.4,0.8140000000000001,4.4,7.1,11.5,2.1,1.3,1.5,3.2,4.1,25.3,105.0,112.0,1997,Joe Smith-1997,0.0,Not Selected,Forward,GSW,0.025231286795626577
1996-97,Kenny Smith,smithke01,PG,31,TOT,48,3,765,6.9,16.4,0.423,4.0,9.3,0.43700000000000006,2.9,7.1,0.40399999999999997,2.7,3.1,0.867,0.3,2.7,3.0,8.0,1.3,0.0,4.9,2.1,20.6,104.0,115.0,1997,Kenny Smith-1997,0.0,Not Selected,Guard,TOT,0.03333333333333333
1996-97,Michael Smith,smithmi02,PF,24,SAC,81,52,2526,4.2,7.8,0.539,0.0,0.0,0.0,4.2,7.8,0.539,2.7,5.4,0.496,5.4,10.7,16.1,4.0,1.7,1.3,2.7,5.2,11.1,109.0,105.0,1997,Michael Smith-1997,0.0,Not Selected,Forward,SAC,0.028595458368376788
1996-97,Steve Smith,smithst01,SG,27,ATL,72,72,2818,9.6,22.5,0.429,2.6,7.6,0.335,7.1,14.9,0.47700000000000004,6.5,7.7,0.847,1.8,2.9,4.7,6.0,1.2,0.5,3.5,3.4,28.4,114.0,108.0,1997,Steve Smith-1997,0.0,Not Selected,Guard,ATL,0.04709840201850295
1996-97,Stevin Smith,smithst02,SG,25,DAL,8,0,60,5.4,16.2,0.33299999999999996,0.9,5.4,0.16699999999999998,4.5,10.8,0.41700000000000004,0.9,0.9,1.0,1.8,7.2,9.0,3.6,0.9,0.0,3.6,8.1,12.6,78.0,110.0,1997,Stevin Smith-1997,0.0,Not Selected,Guard,DAL,0.020185029436501262
1996-97,Tony Smith,smithto02,PG,28,CHH,69,39,1291,5.8,14.1,0.409,1.3,4.2,0.32299999999999995,4.5,10.0,0.445,1.6,2.5,0.644,1.6,2.4,3.9,6.3,2.0,0.8,3.1,4.6,14.5,98.0,111.0,1997,Tony Smith-1997,0.0,Not Selected,Guard,CHO,0.045416316232127836
1996-97,Rik Smits,smitsri01,C,30,IND,52,52,1518,12.6,26.0,0.486,0.1,0.3,0.25,12.6,25.8,0.488,6.1,7.7,0.797,3.7,9.1,12.8,2.4,0.8,2.1,4.5,6.2,31.5,103.0,104.0,1997,Rik Smits-1997,0.0,Not Selected,Center,IND,0.03280067283431455
1996-97,Eric Snow,snower01,PG,23,SEA,67,0,775,5.1,11.2,0.451,0.3,1.0,0.267,4.8,10.2,0.47,3.2,4.5,0.7120000000000001,1.2,3.6,4.8,10.9,2.5,0.2,3.3,6.4,13.6,111.0,105.0,1997,Eric Snow-1997,0.0,Not Selected,Guard,OKC,0.0479394449116905
1996-97,Elmore Spencer,spencel01,C,27,SEA,1,0,5,0.0,10.6,0.0,0.0,0.0,0.0,0.0,10.6,0.0,0.0,0.0,0.0,0.0,0.0,0.0,0.0,10.6,0.0,10.6,0.0,0.0,0.0,91.0,1997,Elmore Spencer-1997,0.0,Not Selected,Center,OKC,0.0479394449116905
1996-97,Felton Spencer,spencfe01,C,29,TOT,73,65,1558,4.7,9.5,0.489,0.0,0.0,0.0,4.7,9.5,0.489,3.2,5.4,0.584,5.3,8.7,13.9,0.7,1.1,1.7,3.0,9.2,12.5,101.0,110.0,1997,Felton Spencer-1997,0.0,Not Selected,Center,TOT,0.03333333333333333
1996-97,Latrell Sprewell,sprewla01,SG,26,GSW,80,79,3353,10.1,22.5,0.449,2.3,6.5,0.354,7.8,16.0,0.488,7.7,9.1,0.843,0.9,4.8,5.7,7.9,2.1,0.7,5.0,2.4,30.2,111.0,113.0,1997,Latrell Sprewell-1997,0.0,Not Selected,Guard,GSW,0.025231286795626577
1996-97,Jerry Stackhouse,stackje01,SG,22,PHI,81,81,3166,8.5,20.8,0.40700000000000003,1.6,5.4,0.298,6.9,15.4,0.446,8.1,10.6,0.7659999999999999,2.5,2.9,5.4,4.0,1.5,1.0,5.0,3.5,26.7,102.0,115.0,1997,Jerry Stackhouse-1997,0.0,Not Selected,Guard,PHI,0.018502943650126155
1996-97,John Starks,starkjo01,SG,31,NYK,77,1,2042,9.6,22.2,0.431,3.9,10.6,0.369,5.7,11.7,0.488,4.5,5.8,0.769,0.9,4.4,5.3,5.6,2.3,0.3,4.1,5.1,27.5,107.0,102.0,1997,John Starks-1997,0.0,Not Selected,Guard,NYK,0.0479394449116905
1996-97,Matt Steigenga,steigma01,SF,26,CHI,2,0,12,4.4,17.8,0.25,0.0,8.9,0.0,4.4,8.9,0.5,4.4,8.9,0.5,0.0,13.3,13.3,8.9,4.4,4.4,8.9,4.4,13.3,62.0,89.0,1997,Matt Steigenga-1997,0.0,Not Selected,Forward,CHI,0.05803195962994113
1996-97,Joe Stephens,stephjo01,PF,24,HOU,2,0,9,5.8,29.1,0.2,5.8,17.5,0.33299999999999996,0.0,11.6,0.0,0.0,0.0,0.0,11.6,5.8,17.5,0.0,17.5,0.0,17.5,17.5,17.5,52.0,71.0,1997,Joe Stephens-1997,0.0,Not Selected,Forward,HOU,0.0479394449116905
1996-97,Larry Stewart,stewala01,SF,28,SEA,70,21,982,6.1,13.6,0.444,0.5,2.0,0.243,5.6,11.6,0.479,3.6,5.0,0.72,4.1,5.2,9.3,2.8,1.7,1.2,3.4,5.8,16.2,101.0,105.0,1997,Larry Stewart-1997,0.0,Not Selected,Forward,OKC,0.0479394449116905
1996-97,Bryant Stith,stithbr01,SG,26,DEN,52,52,1788,7.3,17.5,0.41600000000000004,2.0,5.3,0.385,5.3,12.2,0.43,5.9,6.8,0.863,2.1,4.2,6.3,3.9,1.7,0.6,2.9,3.5,22.5,110.0,113.0,1997,Bryant Stith-1997,0.0,Not Selected,Guard,DEN,0.017661900756938603
1996-97,John Stockton,stockjo01,PG,34,UTA,82,82,2896,7.7,14.0,0.5479999999999999,1.4,3.3,0.42200000000000004,6.3,10.7,0.5870000000000001,5.1,6.0,0.846,0.8,3.4,4.2,15.8,3.1,0.3,4.6,3.6,21.8,125.0,105.0,1997,John Stockton-1997,3.0,3rd,Guard,UTA,0.05382674516400336
1996-97,Damon Stoudamire,stoudda01,PG,23,TOR,81,81,3311,9.0,22.5,0.401,2.8,7.9,0.355,6.2,14.6,0.426,5.3,6.4,0.823,1.4,3.9,5.3,11.3,2.0,0.2,4.6,2.6,26.2,109.0,111.0,1997,Damon Stoudamire-1997,0.0,Not Selected,Guard,TOR,0.025231286795626577
1996-97,Erick Strickland,stricer01,SG,23,DAL,28,15,759,7.2,18.2,0.39799999999999996,2.0,6.5,0.304,5.3,11.6,0.451,4.6,5.7,0.813,1.5,4.9,6.4,4.8,1.9,0.4,4.7,5.3,21.1,96.0,110.0,1997,Erick Strickland-1997,0.0,Not Selected,Guard,DAL,0.020185029436501262
1996-97,Mark Strickland,stricma01,PF,26,MIA,31,0,153,8.9,21.3,0.41700000000000004,0.0,0.4,0.0,8.9,21.0,0.424,4.3,7.5,0.5710000000000001,5.7,7.5,13.2,0.4,1.4,3.6,5.3,6.0,22.0,85.0,99.0,1997,Mark Strickland-1997,0.0,Not Selected,Forward,MIA,0.051303616484440706
1996-97,Rod Strickland,stricro02,PG,30,WSB,82,81,2997,8.9,19.2,0.466,0.2,1.3,0.16899999999999998,8.7,17.8,0.488,6.4,8.6,0.738,1.6,4.2,5.8,12.6,2.5,0.2,4.7,2.9,24.5,110.0,106.0,1997,Rod Strickland-1997,0.0,Not Selected,Guard,WAS,0.03700588730025231
1996-97,Derek Strong,stronde01,PF,28,ORL,82,21,2004,7.1,15.9,0.447,0.0,0.4,0.0,7.1,15.5,0.457,4.7,5.9,0.8029999999999999,4.7,9.4,14.1,2.0,1.3,0.5,2.8,5.3,19.0,106.0,105.0,1997,Derek Strong-1997,0.0,Not Selected,Forward,ORL,0.03784693019343986
1996-97,Bob Sura,surabo01,SG,23,CLE,82,23,2269,6.5,15.0,0.431,1.4,4.2,0.32299999999999995,5.1,10.8,0.473,5.0,8.1,0.614,1.9,5.9,7.9,10.0,2.3,0.8,4.6,5.6,19.3,103.0,102.0,1997,Bob Sura-1997,0.0,Not Selected,Guard,CLE,0.03532380151387721
1996-97,Brett Szabo,szabobr01,C,28,BOS,70,24,662,4.1,9.2,0.446,0.0,0.1,0.0,4.1,9.1,0.45,3.4,4.6,0.738,4.2,8.3,12.5,1.3,1.2,2.4,3.1,9.0,11.6,98.0,110.0,1997,Brett Szabo-1997,0.0,Not Selected,Center,BOS,0.012615643397813289
1996-97,Žan Tabak,tabakza01,C,26,TOR,13,4,218,7.8,17.3,0.451,0.0,0.0,0.0,7.8,17.3,0.451,4.9,7.0,0.69,4.9,7.0,11.9,3.4,1.5,2.7,5.1,8.5,20.4,96.0,107.0,1997,Žan Tabak-1997,0.0,Not Selected,Center,TOR,0.025231286795626577
1996-97,Carl Thomas,thomaca01,SG,27,CLE,19,0,77,6.8,18.0,0.375,1.5,9.0,0.16699999999999998,5.3,9.0,0.583,0.8,0.8,1.0,2.3,7.5,9.8,6.0,1.5,0.8,4.5,5.3,15.8,86.0,103.0,1997,Carl Thomas-1997,0.0,Not Selected,Guard,CLE,0.03532380151387721
1996-97,Kurt Thomas,thomaku01,PF,24,MIA,18,9,374,5.7,15.3,0.371,0.0,0.1,0.0,5.7,15.1,0.375,5.1,6.7,0.7609999999999999,4.5,11.1,15.6,1.3,1.7,1.3,3.6,9.7,16.4,92.0,97.0,1997,Kurt Thomas-1997,0.0,Not Selected,Forward,MIA,0.051303616484440706
1996-97,Brooks Thompson,thompbr01,PG,26,TOT,67,6,1055,8.0,20.0,0.39899999999999997,4.8,12.0,0.39799999999999996,3.2,8.0,0.401,1.2,1.9,0.632,0.9,3.8,4.7,8.9,2.7,0.1,4.3,6.2,21.9,103.0,111.0,1997,Brooks Thompson-1997,0.0,Not Selected,Guard,TOT,0.03333333333333333
1996-97,LaSalle Thompson,thompla01,C,35,TOT,26,0,140,1.1,7.1,0.158,0.0,0.0,0.0,1.1,7.1,0.158,1.5,2.2,0.667,2.6,10.1,12.7,0.7,1.1,2.2,3.4,12.4,3.7,51.0,106.0,1997,LaSalle Thompson-1997,0.0,Not Selected,Center,TOT,0.03333333333333333
1996-97,Otis Thorpe,thorpot01,C,34,DET,79,79,2661,8.9,16.8,0.532,0.0,0.0,0.0,8.9,16.8,0.534,4.2,6.5,0.653,4.8,8.5,13.3,2.8,1.3,0.4,3.1,6.4,22.1,112.0,105.0,1997,Otis Thorpe-1997,0.0,Not Selected,Center,DET,0.045416316232127836
1996-97,Sedale Threatt,threase01,SG,35,HOU,21,0,334,4.4,11.6,0.37799999999999995,1.3,3.1,0.4,3.1,8.5,0.37,0.9,1.3,0.75,0.8,3.0,3.8,6.3,2.4,0.5,2.0,4.5,11.0,100.0,106.0,1997,Sedale Threatt-1997,0.0,Not Selected,Guard,HOU,0.0479394449116905
1996-97,Wayman Tisdale,tisdawa01,PF,32,PHO,53,15,778,10.5,24.6,0.426,0.0,0.0,0.0,10.5,24.6,0.426,2.0,3.2,0.625,2.3,5.6,7.9,1.3,0.5,1.4,2.4,7.3,22.9,89.0,111.0,1997,Wayman Tisdale-1997,0.0,Not Selected,Forward,PHO,0.0336417157275021
1996-97,Keith Tower,towerke01,C,26,MIL,5,1,72,2.2,6.0,0.375,0.0,0.0,0.0,2.2,6.0,0.375,0.7,6.0,0.125,1.5,5.2,6.7,0.7,1.5,0.7,1.5,8.9,5.2,64.0,109.0,1997,Keith Tower-1997,0.0,Not Selected,Center,MIL,0.027754415475189236
1996-97,Gary Trent,trentga01,PF,22,POR,82,28,1918,9.9,18.5,0.536,0.0,0.3,0.0,9.9,18.2,0.544,4.4,6.3,0.6990000000000001,4.3,7.5,11.8,2.4,1.3,1.0,3.6,5.1,24.3,110.0,104.0,1997,Gary Trent-1997,0.0,Not Selected,Forward,POR,0.04121110176619008
1996-97,Nick Van Exel,vanexni01,PG,25,LAL,79,79,2937,7.7,19.3,0.402,3.2,8.4,0.37799999999999995,4.6,10.9,0.42,3.0,3.6,0.825,0.8,3.3,4.1,12.1,1.3,0.2,3.8,2.0,21.6,111.0,109.0,1997,Nick Van Exel-1997,0.0,Not Selected,Guard,LAL,0.04709840201850295
1996-97,David Vaughn,vaughda02,PF,23,ORL,35,6,298,5.7,13.1,0.431,0.0,0.0,0.0,5.7,13.1,0.431,3.5,5.5,0.633,6.4,10.9,17.3,1.3,1.5,2.7,5.3,7.8,14.8,87.0,102.0,1997,David Vaughn-1997,0.0,Not Selected,Forward,ORL,0.03784693019343986
1996-97,Loy Vaught,vaughlo01,PF,28,LAC,82,82,2838,10.0,20.1,0.5,0.0,0.2,0.16699999999999998,10.0,19.9,0.504,2.5,3.5,0.7020000000000001,4.1,11.0,15.1,2.0,1.6,0.5,2.5,4.5,22.6,107.0,105.0,1997,Loy Vaught-1997,0.0,Not Selected,Forward,LAC,0.030277544154751892
1996-97,Stojko Vranković,vrankst01,C,33,MIN,53,35,766,5.4,9.6,0.561,0.0,0.0,0.0,5.4,9.6,0.561,1.7,2.6,0.6759999999999999,3.9,7.7,11.6,1.0,0.7,4.6,3.6,8.4,12.5,97.0,105.0,1997,Stojko Vranković-1997,0.0,Not Selected,Center,MIN,0.0336417157275021
1996-97,Antoine Walker,walkean02,PF,20,BOS,82,68,2970,9.7,22.9,0.425,0.9,2.7,0.327,8.8,20.2,0.43799999999999994,3.9,6.2,0.631,4.9,7.6,12.5,4.4,1.8,0.9,3.9,4.6,24.2,98.0,111.0,1997,Antoine Walker-1997,0.0,Not Selected,Forward,BOS,0.012615643397813289
1996-97,Samaki Walker,walkesa01,PF,20,DAL,43,12,602,7.4,16.7,0.444,0.0,0.1,0.0,7.4,16.7,0.446,4.3,6.6,0.649,4.2,9.0,13.2,1.5,1.3,2.0,3.5,6.4,19.2,95.0,106.0,1997,Samaki Walker-1997,0.0,Not Selected,Forward,DAL,0.020185029436501262
1996-97,Ben Wallace,wallabe01,PF,22,WSB,34,0,197,4.2,12.1,0.348,0.0,0.0,0.0,4.2,12.1,0.348,1.6,5.3,0.3,6.6,8.7,15.3,0.5,2.1,2.9,4.7,7.1,10.0,72.0,101.0,1997,Ben Wallace-1997,0.0,Not Selected,Forward,WAS,0.03700588730025231
1996-97,John Wallace,wallajo01,SF,22,NYK,68,6,787,8.2,15.9,0.517,0.1,0.3,0.5,8.1,15.6,0.517,5.3,7.4,0.718,3.4,7.0,10.4,2.5,1.4,1.7,5.1,6.9,21.9,100.0,101.0,1997,John Wallace-1997,0.0,Not Selected,Forward,NYK,0.0479394449116905
1996-97,Rasheed Wallace,wallara01,PF,22,POR,62,56,1892,10.6,19.0,0.5579999999999999,0.3,0.9,0.273,10.4,18.1,0.573,4.7,7.4,0.638,3.4,8.3,11.7,2.1,1.3,1.6,3.2,5.5,26.2,113.0,103.0,1997,Rasheed Wallace-1997,0.0,Not Selected,Forward,POR,0.04121110176619008
1996-97,Rex Walters,waltere01,SG,26,PHI,59,16,1041,7.2,15.7,0.455,2.8,7.2,0.385,4.4,8.6,0.514,2.4,3.0,0.79,1.0,4.2,5.2,5.5,1.4,0.1,3.0,3.6,19.5,113.0,115.0,1997,Rex Walters-1997,0.0,Not Selected,Guard,PHI,0.018502943650126155
1996-97,Charlie Ward,wardch01,PG,26,NYK,79,21,1763,4.0,10.1,0.395,1.4,4.6,0.312,2.6,5.5,0.46399999999999997,2.9,3.8,0.76,1.4,5.3,6.6,9.8,2.5,0.5,4.4,5.7,12.3,101.0,101.0,1997,Charlie Ward-1997,0.0,Not Selected,Guard,NYK,0.0479394449116905
1996-97,Jamie Watson,watsoja01,SF,24,TOT,23,6,340,4.9,11.4,0.431,0.6,1.9,0.33299999999999996,4.3,9.5,0.45,1.9,2.5,0.75,2.8,4.6,7.4,5.2,3.5,0.6,3.8,5.4,12.3,95.0,105.0,1997,Jamie Watson-1997,0.0,Not Selected,Forward,TOT,0.03333333333333333
1996-97,Clarence Weatherspoon,weathcl01,SF,26,PHI,82,82,2949,6.8,13.9,0.491,0.0,0.1,0.16699999999999998,6.8,13.8,0.493,3.5,4.8,0.738,3.7,7.9,11.6,2.4,1.3,1.5,2.3,3.2,17.1,111.0,111.0,1997,Clarence Weatherspoon-1997,0.0,Not Selected,Forward,PHI,0.018502943650126155
1996-97,Chris Webber,webbech01,PF,23,WSB,72,72,2806,11.2,21.6,0.518,1.1,2.8,0.397,10.1,18.8,0.535,3.3,5.8,0.565,4.4,9.4,13.8,6.1,2.3,2.5,4.3,4.8,26.8,108.0,101.0,1997,Chris Webber-1997,0.0,Not Selected,Forward,WAS,0.03700588730025231
1996-97,Bill Wennington,wennibi01,C,33,CHI,61,19,783,8.0,16.1,0.498,0.0,0.1,0.0,8.0,16.0,0.502,3.0,3.6,0.83,3.1,5.7,8.8,2.8,0.7,0.7,2.1,9.0,19.1,113.0,106.0,1997,Bill Wennington-1997,0.0,Not Selected,Center,CHI,0.05803195962994113
1996-97,Robert Werdann,werdaro01,C,26,NJN,6,0,31,5.0,11.7,0.429,0.0,0.0,0.0,5.0,11.7,0.429,5.0,5.0,1.0,5.0,5.0,10.1,0.0,3.4,1.7,3.4,16.8,15.1,104.0,106.0,1997,Robert Werdann-1997,0.0,Not Selected,Center,BRK,0.021867115222876366
1996-97,David Wesley,wesleda01,PG,26,BOS,74,73,2991,7.6,16.3,0.46799999999999997,1.7,4.8,0.36,5.9,11.5,0.513,3.8,4.8,0.7809999999999999,1.1,3.3,4.4,9.0,2.7,0.2,3.5,3.7,20.8,112.0,112.0,1997,David Wesley-1997,0.0,Not Selected,Guard,BOS,0.012615643397813289
1996-97,Doug West,westdo01,SG,29,MIN,68,66,1920,6.2,13.3,0.467,0.4,1.2,0.33299999999999996,5.8,12.1,0.48100000000000004,1.8,2.6,0.6809999999999999,1.0,3.1,4.1,3.1,1.7,0.7,1.8,6.0,14.6,101.0,110.0,1997,Doug West-1997,0.0,Not Selected,Guard,MIN,0.0336417157275021
1996-97,Mark West,westma01,C,36,CLE,70,43,959,6.0,10.9,0.556,0.0,0.0,0.0,6.0,10.9,0.556,1.6,3.4,0.48200000000000004,4.2,7.1,11.2,1.1,0.7,3.3,3.1,8.6,13.7,99.0,102.0,1997,Mark West-1997,0.0,Not Selected,Center,CLE,0.03532380151387721
1996-97,Ennis Whatley,whatlen01,PG,34,POR,3,0,22,4.8,9.6,0.5,0.0,0.0,0.0,4.8,9.6,0.5,0.0,0.0,0.0,0.0,7.2,7.2,7.2,0.0,0.0,2.4,12.0,9.6,103.0,107.0,1997,Ennis Whatley-1997,0.0,Not Selected,Guard,POR,0.04121110176619008
1996-97,Donald Whiteside,whitedo01,PG,27,TOR,27,1,259,3.7,11.3,0.327,2.5,7.4,0.33299999999999996,1.2,3.9,0.316,2.3,3.1,0.733,0.4,2.0,2.5,7.4,2.3,0.0,3.5,4.7,12.1,98.0,112.0,1997,Donald Whiteside-1997,0.0,Not Selected,Guard,TOR,0.025231286795626577
1996-97,Chris Whitney,whitnch01,PG,25,WSB,82,1,1117,6.5,15.4,0.42100000000000004,2.7,7.6,0.35600000000000004,3.8,7.8,0.485,4.4,5.3,0.8320000000000001,0.6,4.2,4.8,8.5,2.3,0.2,3.2,4.7,20.0,114.0,106.0,1997,Chris Whitney-1997,0.0,Not Selected,Guard,WAS,0.03700588730025231
1996-97,Dominique Wilkins,wilkido01,SF,37,SAS,63,26,1945,11.2,26.9,0.41700000000000004,2.0,6.8,0.293,9.2,20.2,0.45799999999999996,7.9,9.9,0.8029999999999999,4.8,6.6,11.4,3.4,1.1,0.9,3.8,2.8,32.4,107.0,114.0,1997,Dominique Wilkins-1997,0.0,Not Selected,Forward,SAS,0.01682085786375105
1996-97,Gerald Wilkins,wilkige01,SG,33,ORL,80,26,2202,8.0,18.7,0.426,1.6,5.0,0.325,6.3,13.7,0.462,3.4,4.7,0.716,1.5,2.8,4.3,4.3,1.3,0.3,3.0,3.6,20.9,101.0,111.0,1997,Gerald Wilkins-1997,0.0,Not Selected,Guard,ORL,0.03784693019343986
1996-97,Aaron Williams,williaa01,PF-C,25,TOT,33,1,563,8.2,14.3,0.574,0.0,0.1,0.0,8.2,14.2,0.578,3.2,4.7,0.6729999999999999,6.0,7.8,13.8,1.4,1.5,2.8,3.1,6.9,19.6,111.0,109.0,1997,Aaron Williams-1997,0.0,Not Selected,Forward,TOT,0.03333333333333333
1996-97,Buck Williams,willibu01,PF,36,NYK,74,4,1496,6.2,11.6,0.537,0.0,0.0,0.0,6.2,11.5,0.5379999999999999,4.1,6.3,0.642,5.9,8.2,14.1,1.9,1.4,1.3,2.8,7.2,16.5,113.0,100.0,1997,Buck Williams-1997,0.0,Not Selected,Forward,NYK,0.0479394449116905
1996-97,Eric Williams,willier01,SG,24,BOS,72,67,2435,7.7,16.9,0.456,0.0,0.2,0.25,7.7,16.7,0.45799999999999996,6.8,9.0,0.752,2.6,4.2,6.8,2.7,1.5,0.3,2.9,4.4,22.2,107.0,114.0,1997,Eric Williams-1997,0.0,Not Selected,Guard,BOS,0.012615643397813289
1996-97,Herb Williams,willihe01,PF,38,NYK,21,2,184,5.2,13.3,0.391,0.0,0.3,0.0,5.2,13.0,0.4,0.9,1.2,0.75,2.6,6.3,8.9,1.4,1.2,1.4,1.4,5.2,11.2,91.0,102.0,1997,Herb Williams-1997,0.0,Not Selected,Forward,NYK,0.0479394449116905
1996-97,Hot Rod Williams,williho01,C,34,PHO,68,66,2137,4.9,10.0,0.49,0.0,0.0,0.0,4.9,10.0,0.493,3.2,4.8,0.672,4.3,9.3,13.5,2.4,1.6,2.1,1.6,4.2,13.0,115.0,106.0,1997,Hot Rod Williams-1997,0.0,Not Selected,Center,PHO,0.0336417157275021
1996-97,Jayson Williams,willija01,PF,28,NJN,41,40,1432,8.0,19.6,0.409,0.0,0.1,0.0,8.0,19.5,0.41200000000000003,3.9,6.6,0.59,8.8,11.3,20.1,1.9,0.9,1.3,3.0,5.7,20.0,100.0,108.0,1997,Jayson Williams-1997,0.0,Not Selected,Forward,BRK,0.021867115222876366
1996-97,Jerome Williams,willije01,PF,23,DET,33,0,177,6.4,16.4,0.392,0.0,0.0,0.0,6.4,16.4,0.392,2.9,5.5,0.529,7.1,9.0,16.0,2.2,4.2,0.3,4.2,5.8,15.7,90.0,98.0,1997,Jerome Williams-1997,0.0,Not Selected,Forward,DET,0.045416316232127836
1996-97,Lorenzo Williams,willilo01,C,27,WSB,19,0,264,3.9,6.1,0.645,0.0,0.0,0.0,3.9,6.1,0.645,1.0,1.4,0.7140000000000001,5.5,8.1,13.6,0.8,1.2,1.6,3.5,9.6,8.9,102.0,104.0,1997,Lorenzo Williams-1997,0.0,Not Selected,Center,WAS,0.03700588730025231
1996-97,Monty Williams,willimo01,SF,25,SAS,65,26,1345,9.6,18.8,0.509,0.0,0.0,0.0,9.6,18.8,0.51,4.9,7.6,0.645,4.0,4.4,8.4,3.7,2.2,2.1,4.7,6.6,24.0,101.0,112.0,1997,Monty Williams-1997,0.0,Not Selected,Forward,SAS,0.01682085786375105
1996-97,Reggie Williams,willire01,SF,32,TOT,13,0,200,7.6,19.9,0.382,2.4,8.9,0.265,5.2,11.0,0.47600000000000003,2.4,3.1,0.75,1.3,6.8,8.1,2.6,2.1,1.0,3.1,8.6,19.9,95.0,108.0,1997,Reggie Williams-1997,0.0,Not Selected,Forward,TOT,0.03333333333333333
1996-97,Scott Williams,willisc01,C,28,PHI,62,52,1317,6.2,12.2,0.509,0.0,0.1,0.0,6.2,12.1,0.513,1.5,2.1,0.691,5.9,9.3,15.2,1.6,1.7,1.6,1.9,7.9,13.8,113.0,108.0,1997,Scott Williams-1997,0.0,Not Selected,Center,PHI,0.018502943650126155
1996-97,Walt Williams,williwa02,SF,26,TOR,73,73,2647,8.4,19.7,0.42700000000000005,3.5,8.7,0.4,4.9,10.9,0.44799999999999995,3.7,4.9,0.765,2.1,5.3,7.3,3.9,1.9,1.2,3.5,5.6,24.0,108.0,109.0,1997,Walt Williams-1997,0.0,Not Selected,Forward,TOR,0.025231286795626577
1996-97,Corliss Williamson,willico02,SF,23,SAC,79,31,1992,9.8,19.7,0.498,0.0,0.1,0.0,9.8,19.6,0.5,4.6,6.6,0.6890000000000001,3.7,4.9,8.6,3.3,1.6,1.3,4.2,7.0,24.2,103.0,109.0,1997,Corliss Williamson-1997,0.0,Not Selected,Forward,SAC,0.028595458368376788
1996-97,Kevin Willis,willike02,PF,34,HOU,75,32,1964,9.3,19.4,0.48100000000000004,0.1,0.4,0.14300000000000002,9.3,19.0,0.48700000000000004,3.7,5.4,0.693,3.9,11.1,15.0,1.9,1.1,0.9,3.2,5.8,22.5,101.0,103.0,1997,Kevin Willis-1997,0.0,Not Selected,Forward,HOU,0.0479394449116905
1996-97,David Wingate,wingada01,SG,33,SEA,65,2,929,5.1,12.2,0.41600000000000004,1.4,4.1,0.35200000000000004,3.7,8.2,0.44799999999999995,1.9,2.3,0.825,1.3,2.9,4.2,4.6,2.5,0.3,2.1,6.2,13.5,106.0,106.0,1997,David Wingate-1997,0.0,Not Selected,Guard,OKC,0.0479394449116905
1996-97,Dontonio Wingfield,wingfdo01,SF,22,POR,47,0,569,7.3,17.9,0.409,2.4,7.1,0.33799999999999997,4.9,10.8,0.457,2.5,3.7,0.675,5.8,6.9,12.7,4.2,1.3,0.6,4.5,9.4,19.6,101.0,104.0,1997,Dontonio Wingfield-1997,0.0,Not Selected,Forward,POR,0.04121110176619008
1996-97,Joe Wolf,wolfjo01,C,32,MIL,56,7,525,4.1,9.1,0.449,0.1,0.7,0.14300000000000002,4.0,8.4,0.47600000000000003,1.4,1.9,0.737,3.3,8.2,11.4,2.0,1.4,1.1,1.4,10.7,9.7,107.0,107.0,1997,Joe Wolf-1997,0.0,Not Selected,Center,MIL,0.027754415475189236
1996-97,David Wood,woodda01,PF,32,MIL,46,0,240,4.5,8.5,0.526,1.1,3.4,0.33299999999999996,3.4,5.1,0.652,2.7,4.0,0.667,1.1,4.9,6.0,2.9,1.6,1.3,1.3,8.0,12.7,123.0,109.0,1997,David Wood-1997,0.0,Not Selected,Forward,MIL,0.027754415475189236
1996-97,Haywoode Workman,workmha01,PG,31,IND,4,2,81,7.3,13.3,0.55,0.0,2.0,0.0,7.3,11.3,0.647,0.0,0.7,0.0,2.7,2.0,4.7,7.3,2.0,0.0,3.3,6.7,14.6,106.0,108.0,1997,Haywoode Workman-1997,0.0,Not Selected,Guard,IND,0.03280067283431455
1996-97,Lorenzen Wright,wrighlo02,C,21,LAC,77,51,1936,6.4,13.3,0.48100000000000004,0.0,0.1,0.25,6.4,13.2,0.483,2.4,4.1,0.5870000000000001,5.6,7.2,12.8,1.3,1.3,1.6,2.1,5.7,15.2,106.0,108.0,1997,Lorenzen Wright-1997,0.0,Not Selected,Center,LAC,0.030277544154751892
1996-97,Sharone Wright,wrighsh01,C,24,TOR,60,28,1009,8.5,21.2,0.4,0.0,0.1,0.0,8.5,21.1,0.4,3.6,7.0,0.511,4.1,5.6,9.8,1.5,0.8,2.6,4.9,7.7,20.5,82.0,109.0,1997,Sharone Wright-1997,0.0,Not Selected,Center,TOR,0.025231286795626577
1996-97,George Zídek,zidekge01,C,23,TOT,52,2,376,7.0,16.8,0.415,0.0,0.3,0.0,7.0,16.6,0.42200000000000004,6.4,8.1,0.789,5.0,7.3,12.3,2.0,0.7,0.4,3.9,8.7,20.4,100.0,111.0,1997,George Zídek-1997,0.0,Not Selected,Center,TOT,0.03333333333333333
1996-97,Aleksandar Djordjevic,djordal01,SG,29,POR,8,0,61,6.9,13.8,0.5,4.3,6.1,0.7140000000000001,2.6,7.8,0.33299999999999996,3.5,4.3,0.8,0.9,3.5,4.3,4.3,0.0,0.0,4.3,2.6,21.6,116.0,111.0,1997,Aleksandar Djordjevic-1997,0.0,Not Selected,Guard,POR,0.04121110176619008
1997-98,Mahmoud Abdul-Rauf,abdulma02,PG,28,SAC,31,0,530,10.1,26.8,0.377,0.5,3.0,0.161,9.6,23.8,0.405,1.6,1.6,1.0,0.6,3.0,3.6,5.7,1.6,0.1,1.9,3.0,22.3,90.0,110.0,1998,Mahmoud Abdul-Rauf-1998,0.0,Not Selected,Guard,SAC,0.022708158116063918
1997-98,Tariq Abdul-Wahad,abdulta01,SG,23,SAC,59,16,959,7.8,19.4,0.40299999999999997,0.2,1.0,0.21100000000000002,7.6,18.4,0.414,4.6,6.8,0.672,2.4,3.9,6.3,2.8,1.9,0.7,3.5,4.4,20.4,91.0,108.0,1998,Tariq Abdul-Wahad-1998,0.0,Not Selected,Guard,SAC,0.022708158116063918
1997-98,Shareef Abdur-Rahim,abdursh01,SF,21,VAN,82,82,2950,11.5,23.8,0.485,0.4,0.9,0.41200000000000003,11.2,22.9,0.488,8.9,11.3,0.784,4.0,6.3,10.3,3.8,1.6,1.3,4.5,3.6,32.3,109.0,112.0,1998,Shareef Abdur-Rahim-1998,0.0,Not Selected,Forward,MEM,0.0159798149705635
1997-98,Cory Alexander,alexaco01,PG,24,TOT,60,22,1298,7.1,16.6,0.428,2.7,7.3,0.375,4.4,9.3,0.469,3.3,4.2,0.784,0.7,5.3,6.1,8.7,2.9,0.5,4.6,4.1,20.2,103.0,106.0,1998,Cory Alexander-1998,0.0,Not Selected,Guard,TOT,0.03333333333333333
1997-98,Ray Allen,allenra02,SG,22,MIL,82,82,3287,9.1,21.3,0.428,2.2,6.0,0.364,6.9,15.3,0.45299999999999996,5.5,6.3,0.875,2.1,4.5,6.6,5.8,1.8,0.2,4.3,4.0,25.9,106.0,108.0,1998,Ray Allen-1998,0.0,Not Selected,Guard,MIL,0.030277544154751892
1997-98,Derek Anderson,anderde01,SF,23,CLE,66,13,1839,6.9,17.0,0.408,0.5,2.4,0.20199999999999999,6.4,14.6,0.442,8.0,9.1,0.873,1.6,3.8,5.4,6.6,2.5,0.4,3.7,4.0,22.4,107.0,101.0,1998,Derek Anderson-1998,0.0,Not Selected,Forward,CLE,0.03952901597981497
1997-98,Greg Anderson,andergr01,C,33,ATL,50,0,398,5.0,11.1,0.444,0.0,0.7,0.0,5.0,10.5,0.474,2.2,5.6,0.39,5.4,10.9,16.2,2.1,2.6,1.4,2.3,11.7,12.1,98.0,99.0,1998,Greg Anderson-1998,0.0,Not Selected,Center,ATL,0.04205214465937763
1997-98,Kenny Anderson,anderke01,PG,27,TOT,61,56,1858,7.6,19.2,0.39799999999999996,1.6,4.6,0.35600000000000004,6.0,14.6,0.41100000000000003,4.4,5.5,0.789,1.1,3.8,4.9,9.8,2.5,0.0,4.1,3.8,21.3,103.0,105.0,1998,Kenny Anderson-1998,0.0,Not Selected,Guard,TOT,0.03333333333333333
1997-98,Nick Anderson,anderni01,SF,30,ORL,58,44,1701,11.1,24.4,0.455,2.5,6.9,0.36,8.6,17.5,0.493,4.1,6.4,0.638,3.2,6.4,9.6,3.9,2.3,0.7,2.8,3.2,28.8,109.0,103.0,1998,Nick Anderson-1998,0.0,Not Selected,Forward,ORL,0.034482758620689655
1997-98,Shandon Anderson,andersh01,SG,24,UTA,82,2,1602,9.0,16.8,0.5379999999999999,0.2,1.1,0.21899999999999997,8.8,15.7,0.56,4.6,6.2,0.735,2.9,4.7,7.6,3.0,2.2,0.6,3.1,4.9,22.9,112.0,106.0,1998,Shandon Anderson-1998,0.0,Not Selected,Guard,UTA,0.05214465937762826
1997-98,Chris Anstey,anstech01,C,23,DAL,41,8,680,7.2,18.1,0.39799999999999996,0.2,1.3,0.188,7.0,16.9,0.414,4.2,5.8,0.716,4.2,8.2,12.3,2.7,2.4,2.1,3.2,7.5,18.8,94.0,103.0,1998,Chris Anstey-1998,0.0,Not Selected,Center,DAL,0.01682085786375105
1997-98,Greg Anthony,anthogr01,PG,30,SEA,80,0,1021,7.9,18.3,0.43,3.5,8.3,0.415,4.4,9.9,0.442,2.8,4.2,0.6629999999999999,0.9,4.9,5.8,10.7,3.4,0.2,4.8,5.1,21.9,106.0,103.0,1998,Greg Anthony-1998,0.0,Not Selected,Guard,OKC,0.051303616484440706
1997-98,B.J. Armstrong,armstbj01,PG,30,TOT,66,0,831,6.8,13.7,0.493,0.6,2.3,0.257,6.2,11.5,0.539,2.7,3.2,0.84,1.0,3.9,4.9,9.7,1.9,0.0,2.7,4.8,16.8,115.0,108.0,1998,B.J. Armstrong-1998,0.0,Not Selected,Guard,TOT,0.03333333333333333
1997-98,Darrell Armstrong,armstda01,PG,29,ORL,48,17,1236,7.0,16.9,0.41100000000000003,1.1,3.0,0.368,5.8,13.9,0.42,4.7,5.5,0.8540000000000001,2.9,4.2,7.1,10.5,2.6,0.2,5.0,4.3,19.7,104.0,105.0,1998,Darrell Armstrong-1998,0.0,Not Selected,Guard,ORL,0.034482758620689655
1997-98,Vincent Askew,askewvi01,SG,31,POR,30,5,443,2.3,6.5,0.35200000000000004,0.0,0.2,0.0,2.3,6.3,0.365,3.4,4.7,0.718,2.5,5.7,8.2,4.6,2.3,0.6,4.2,4.7,7.9,85.0,102.0,1998,Vincent Askew-1998,0.0,Not Selected,Guard,POR,0.03868797308662742
1997-98,Keith Askins,askinke01,SF,30,MIA,46,12,681,3.1,9.8,0.32,1.7,5.9,0.284,1.4,3.8,0.375,1.0,1.5,0.632,2.2,5.9,8.1,2.3,2.2,1.0,2.1,8.6,8.9,91.0,102.0,1998,Keith Askins-1998,0.0,Not Selected,Forward,MIA,0.04625735912531539
1997-98,Stacey Augmon,augmost01,SG,29,POR,71,23,1445,5.7,13.7,0.414,0.0,0.3,0.14300000000000002,5.6,13.5,0.419,3.5,5.8,0.603,3.8,4.8,8.7,3.2,2.1,1.2,3.0,5.3,14.9,96.0,103.0,1998,Stacey Augmon-1998,0.0,Not Selected,Guard,POR,0.03868797308662742
1997-98,Isaac Austin,austiis01,C,28,TOT,78,50,2266,9.6,20.6,0.466,0.0,0.2,0.0,9.6,20.4,0.47,5.7,8.6,0.669,4.7,8.5,13.2,4.1,1.4,1.3,4.9,5.5,24.9,100.0,105.0,1998,Isaac Austin-1998,0.0,Not Selected,Center,TOT,0.03333333333333333
1997-98,Vin Baker,bakervi01,C,26,SEA,82,82,2944,11.5,21.1,0.542,0.0,0.1,0.14300000000000002,11.4,21.0,0.545,5.6,9.6,0.591,5.2,6.7,11.9,2.8,1.7,1.6,3.2,5.0,28.6,112.0,104.0,1998,Vin Baker-1998,2.0,2nd,Forward,OKC,0.051303616484440706
1997-98,Charles Barkley,barklch01,PF,34,HOU,68,41,2243,8.5,17.5,0.485,0.4,2.0,0.214,8.1,15.5,0.52,7.0,9.3,0.746,5.7,13.0,18.7,5.1,1.7,0.7,3.5,4.4,24.4,116.0,104.0,1998,Charles Barkley-1998,0.0,Not Selected,Forward,HOU,0.034482758620689655
1997-98,Dana Barros,barroda01,PG,30,BOS,80,15,1686,8.6,18.6,0.461,3.1,7.5,0.40700000000000003,5.5,11.1,0.499,3.7,4.4,0.847,0.9,3.8,4.7,8.7,2.5,0.2,3.3,3.8,23.9,117.0,107.0,1998,Dana Barros-1998,0.0,Not Selected,Guard,BOS,0.030277544154751892
1997-98,Brent Barry,barrybr01,SG,26,TOT,58,36,1600,7.0,16.6,0.42100000000000004,2.9,7.5,0.39299999999999996,4.0,9.1,0.444,3.8,4.4,0.858,0.9,4.6,5.6,5.0,2.1,0.9,3.4,3.9,20.6,108.0,110.0,1998,Brent Barry-1998,0.0,Not Selected,Guard,TOT,0.03333333333333333
1997-98,Drew Barry,barrydr01,PG,24,ATL,27,0,256,3.9,8.1,0.474,1.9,4.5,0.429,1.9,3.6,0.529,2.4,2.8,0.846,1.1,6.4,7.5,10.5,2.1,0.2,6.4,6.0,12.0,98.0,105.0,1998,Drew Barry-1998,0.0,Not Selected,Guard,ATL,0.04205214465937763
1997-98,Jon Barry,barryjo01,SG,28,LAL,49,1,374,5.2,14.3,0.365,2.5,8.4,0.295,2.7,5.9,0.465,3.7,4.0,0.9309999999999999,1.1,4.0,5.1,7.0,3.3,0.4,3.0,4.5,16.6,109.0,104.0,1998,Jon Barry-1998,0.0,Not Selected,Guard,LAL,0.051303616484440706
1997-98,Tony Battie,battito01,PF,21,DEN,65,49,1506,8.3,18.7,0.446,0.1,0.5,0.214,8.2,18.2,0.452,2.6,3.7,0.7020000000000001,4.9,7.6,12.5,2.1,1.9,2.5,3.5,7.1,19.3,95.0,109.0,1998,Tony Battie-1998,0.0,Not Selected,Forward,DEN,0.009251471825063078
1997-98,Corey Beck,beckco01,PG,26,CHH,59,14,738,5.3,11.6,0.45899999999999996,0.1,0.3,0.5,5.2,11.3,0.45799999999999996,3.1,4.3,0.7290000000000001,2.0,4.6,6.5,7.1,2.4,0.5,5.1,7.3,13.9,93.0,106.0,1998,Corey Beck-1998,0.0,Not Selected,Guard,CHO,0.04289318755256518
1997-98,Benoit Benjamin,benjabe01,C,33,PHI,14,0,197,5.9,11.0,0.537,0.0,0.0,0.0,5.9,11.0,0.537,5.1,8.1,0.633,4.8,9.4,14.3,0.8,1.1,1.1,3.2,7.0,17.0,107.0,105.0,1998,Benoit Benjamin-1998,0.0,Not Selected,Center,PHI,0.02607232968881413
1997-98,Mario Bennett,bennema01,PF,24,LAL,45,4,354,11.6,19.6,0.593,0.1,0.3,0.5,11.4,19.3,0.594,2.3,6.4,0.364,8.7,9.6,18.3,2.6,2.8,1.6,3.0,8.8,25.7,115.0,99.0,1998,Mario Bennett-1998,0.0,Not Selected,Forward,LAL,0.051303616484440706
1997-98,David Benoit,benoida01,SF,29,TOT,77,0,1123,7.2,19.4,0.373,2.6,8.1,0.324,4.6,11.3,0.408,2.9,3.5,0.8240000000000001,2.9,6.8,9.7,1.2,1.7,1.0,2.5,7.5,20.0,101.0,106.0,1998,David Benoit-1998,0.0,Not Selected,Forward,TOT,0.03333333333333333
1997-98,Travis Best,besttr01,PG,25,IND,82,0,1547,7.1,16.9,0.419,0.7,2.5,0.3,6.4,14.5,0.439,4.0,4.6,0.855,1.0,3.3,4.3,9.9,3.0,0.2,3.9,6.8,18.9,103.0,102.0,1998,Travis Best-1998,0.0,Not Selected,Guard,IND,0.04878048780487805
1997-98,Chauncey Billups,billuch01,PG,21,TOT,80,70,2216,6.5,17.4,0.374,2.5,7.6,0.32899999999999996,4.0,9.9,0.408,5.3,6.2,0.85,1.4,3.0,4.4,7.3,2.5,0.1,4.1,4.0,20.8,104.0,110.0,1998,Chauncey Billups-1998,0.0,Not Selected,Guard,TOT,0.03333333333333333
1997-98,Mookie Blaylock,blaylmo01,PG,30,ATL,70,69,2700,7.5,19.0,0.392,1.8,6.8,0.26899999999999996,5.6,12.2,0.46,1.9,2.7,0.7090000000000001,1.6,5.3,6.9,9.5,3.7,0.4,3.6,2.5,18.7,102.0,102.0,1998,Mookie Blaylock-1998,0.0,Not Selected,Guard,ATL,0.04205214465937763
1997-98,Corie Blount,blounco01,PF,29,LAL,70,3,1029,5.3,9.3,0.5720000000000001,0.0,0.2,0.0,5.3,9.1,0.585,1.9,3.9,0.5,5.7,9.2,14.9,1.8,1.4,1.2,2.5,7.8,12.6,112.0,103.0,1998,Corie Blount-1998,0.0,Not Selected,Forward,LAL,0.051303616484440706
1997-98,Muggsy Bogues,boguemu01,PG,33,TOT,61,31,1570,4.7,10.8,0.43700000000000006,0.1,0.5,0.25,4.6,10.3,0.446,2.0,2.3,0.897,1.0,3.4,4.4,11.1,2.2,0.1,3.5,1.9,11.6,102.0,108.0,1998,Muggsy Bogues-1998,0.0,Not Selected,Guard,TOT,0.03333333333333333
1997-98,Etdrick Bohannon,bohanet01,PF,24,IND,5,0,11,0.0,19.9,0.0,0.0,0.0,0.0,0.0,19.9,0.0,0.0,0.0,0.0,9.9,19.9,29.8,5.0,0.0,9.9,14.9,14.9,0.0,27.0,87.0,1998,Etdrick Bohannon-1998,0.0,Not Selected,Forward,IND,0.04878048780487805
1997-98,Keith Booth,boothke01,SF,23,CHI,6,0,17,6.3,19.0,0.33299999999999996,0.0,3.2,0.0,6.3,15.9,0.4,19.0,19.0,1.0,6.3,6.3,12.7,3.2,0.0,0.0,9.5,9.5,31.7,102.0,105.0,1998,Keith Booth-1998,0.0,Not Selected,Forward,CHI,0.05214465937762826
1997-98,Bruce Bowen,bowenbr01,SF,26,BOS,61,9,1305,4.8,11.8,0.409,0.8,2.3,0.33899999999999997,4.0,9.4,0.42700000000000005,3.0,4.8,0.623,3.1,3.7,6.9,3.2,3.4,1.1,2.1,6.9,13.4,104.0,104.0,1998,Bruce Bowen-1998,0.0,Not Selected,Forward,BOS,0.030277544154751892
1997-98,Anthony Bowie,bowiean01,SG,34,NYK,27,3,224,7.8,14.3,0.542,0.7,1.0,0.75,7.0,13.4,0.527,1.9,2.2,0.889,2.2,4.1,6.3,2.7,1.5,0.5,1.7,6.1,18.2,117.0,103.0,1998,Anthony Bowie-1998,0.0,Not Selected,Guard,NYK,0.03616484440706476
1997-98,Shawn Bradley,bradlsh01,C,25,DAL,64,46,1822,8.8,20.8,0.42200000000000004,0.0,0.1,0.33299999999999996,8.8,20.7,0.42200000000000004,3.8,5.3,0.722,4.8,10.4,15.2,1.8,1.5,6.3,2.8,6.3,21.4,96.0,100.0,1998,Shawn Bradley-1998,0.0,Not Selected,Center,DAL,0.01682085786375105
1997-98,Terrell Brandon,brandte01,PG,27,MIL,50,48,1784,10.1,21.8,0.46399999999999997,0.9,2.8,0.33299999999999996,9.2,19.0,0.483,3.9,4.7,0.846,0.7,4.6,5.3,11.5,3.3,0.5,4.3,3.6,25.1,108.0,104.0,1998,Terrell Brandon-1998,0.0,Not Selected,Guard,MIL,0.030277544154751892
1997-98,Tim Breaux,breauti01,SF,27,MIL,6,0,30,7.1,19.5,0.364,1.8,5.3,0.33299999999999996,5.3,14.2,0.375,1.8,3.5,0.5,0.0,3.5,3.5,3.5,3.5,1.8,1.8,1.8,17.7,91.0,104.0,1998,Tim Breaux-1998,0.0,Not Selected,Forward,MIL,0.030277544154751892
1997-98,Scott Brooks,brooksc01,PG,32,CLE,43,0,312,4.8,11.3,0.424,0.9,1.9,0.455,3.9,9.4,0.418,3.1,3.4,0.9,1.0,4.1,5.1,8.4,3.1,0.5,2.1,4.3,13.5,115.0,100.0,1998,Scott Brooks-1998,0.0,Not Selected,Guard,CLE,0.03952901597981497
1997-98,Chucky Brown,brownch01,SF,29,ATL,77,8,1202,7.3,16.9,0.433,0.1,0.4,0.25,7.2,16.6,0.43700000000000006,2.9,4.0,0.7240000000000001,2.6,5.7,8.3,2.5,1.0,0.6,2.3,4.6,17.6,100.0,107.0,1998,Chucky Brown-1998,0.0,Not Selected,Forward,ATL,0.04205214465937763
1997-98,Dee Brown,brownde01,SG,29,TOT,72,12,1719,7.4,16.9,0.43799999999999994,3.2,8.1,0.39899999999999997,4.1,8.7,0.474,1.7,2.1,0.8170000000000001,0.7,3.8,4.6,4.6,2.5,0.7,2.2,3.7,19.8,112.0,110.0,1998,Dee Brown-1998,0.0,Not Selected,Guard,TOT,0.03333333333333333
1997-98,P.J. Brown,brownpj01,PF,28,MIA,74,74,2362,6.4,13.6,0.47100000000000003,0.0,0.0,0.0,6.4,13.6,0.47100000000000003,3.5,4.6,0.7659999999999999,5.4,9.2,14.7,2.4,1.5,2.3,2.2,6.1,16.3,112.0,100.0,1998,P.J. Brown-1998,0.0,Not Selected,Forward,MIA,0.04625735912531539
1997-98,Randy Brown,brownra02,PG,29,CHI,71,6,1147,5.5,14.2,0.384,0.0,0.2,0.0,5.5,14.0,0.391,2.6,3.7,0.718,1.6,2.8,4.4,7.1,3.3,0.6,3.0,5.5,13.5,96.0,100.0,1998,Randy Brown-1998,0.0,Not Selected,Guard,CHI,0.05214465937762826
1997-98,Rick Brunson,brunsri01,PG,25,POR,38,10,622,4.2,12.1,0.348,1.9,5.2,0.361,2.3,6.9,0.33799999999999997,3.6,5.3,0.677,1.2,3.6,4.8,8.6,2.1,0.3,4.5,4.7,13.9,96.0,105.0,1998,Rick Brunson-1998,0.0,Not Selected,Guard,POR,0.03868797308662742
1997-98,Kobe Bryant,bryanko01,SF,19,LAL,79,1,2056,9.8,22.8,0.428,1.9,5.5,0.341,7.9,17.3,0.456,9.1,11.4,0.794,2.0,4.1,6.0,5.0,1.8,1.0,3.9,4.5,30.4,110.0,106.0,1998,Kobe Bryant-1998,0.0,Not Selected,Forward,LAL,0.051303616484440706
1997-98,Mark Bryant,bryanma01,C,32,PHO,70,22,1110,5.2,10.6,0.484,0.0,0.0,0.0,5.2,10.6,0.48700000000000004,3.5,4.5,0.768,4.4,7.2,11.5,2.2,1.7,0.7,2.7,8.5,13.8,107.0,102.0,1998,Mark Bryant-1998,0.0,Not Selected,Center,PHO,0.04709840201850295
1997-98,Jud Buechler,buechju01,SF,29,CHI,74,0,608,7.5,15.6,0.483,2.2,5.8,0.385,5.3,9.8,0.541,0.3,0.5,0.5,2.1,4.7,6.8,4.3,2.0,1.3,1.9,4.2,17.6,115.0,101.0,1998,Jud Buechler-1998,0.0,Not Selected,Forward,CHI,0.05214465937762826
1997-98,Matt Bullard,bullama01,SF,30,HOU,67,24,1190,7.8,17.2,0.45,4.3,10.2,0.41600000000000004,3.5,7.0,0.5,0.9,1.2,0.741,1.1,5.4,6.5,2.7,1.4,1.1,1.7,4.6,20.7,115.0,110.0,1998,Matt Bullard-1998,0.0,Not Selected,Forward,HOU,0.034482758620689655
1997-98,Scott Burrell,burresc01,SF,27,CHI,80,3,1096,7.8,18.4,0.424,2.5,7.1,0.354,5.3,11.4,0.46799999999999997,2.3,3.1,0.7340000000000001,3.9,5.8,9.7,3.2,3.1,1.8,2.5,6.4,20.5,109.0,97.0,1998,Scott Burrell-1998,0.0,Not Selected,Forward,CHI,0.05214465937762826
1997-98,Willie Burton,burtowi01,SF,29,SAS,13,0,43,10.1,26.5,0.381,3.8,11.4,0.33299999999999996,6.3,15.1,0.41700000000000004,10.1,15.1,0.667,3.8,7.6,11.4,1.3,2.5,2.5,1.3,8.8,34.1,112.0,96.0,1998,Willie Burton-1998,0.0,Not Selected,Forward,SAS,0.04709840201850295
1997-98,Mitchell Butler,butlemi02,SG,27,CLE,18,0,206,3.9,12.2,0.319,0.3,1.6,0.16699999999999998,3.6,10.6,0.341,1.6,2.6,0.6,1.6,4.1,5.7,4.7,2.1,0.0,2.1,6.7,9.6,84.0,102.0,1998,Mitchell Butler-1998,0.0,Not Selected,Guard,CLE,0.03952901597981497
1997-98,Jason Caffey,caffeja01,PF,24,TOT,80,14,1423,8.4,17.4,0.485,0.0,0.1,0.0,8.4,17.3,0.48700000000000004,4.9,7.5,0.655,6.0,6.9,12.9,2.5,0.9,0.7,3.9,6.8,21.8,103.0,105.0,1998,Jason Caffey-1998,0.0,Not Selected,Forward,TOT,0.03333333333333333
1997-98,Michael Cage,cagemi01,C,36,NJN,79,17,1201,1.9,3.7,0.512,0.0,0.0,0.0,1.9,3.6,0.518,0.9,1.6,0.556,5.0,8.5,13.5,1.4,2.0,1.9,1.0,4.6,4.7,122.0,104.0,1998,Michael Cage-1998,0.0,Not Selected,Center,BRK,0.03616484440706476
1997-98,Adrian Caldwell,caldwad01,PF,31,DAL,1,0,3,0.0,0.0,0.0,0.0,0.0,0.0,0.0,0.0,0.0,0.0,0.0,0.0,0.0,0.0,0.0,0.0,0.0,0.0,0.0,0.0,0.0,0.0,117.0,1998,Adrian Caldwell-1998,0.0,Not Selected,Forward,DAL,0.01682085786375105
1997-98,Marcus Camby,cambyma01,C,23,TOR,63,58,2002,8.0,19.3,0.41200000000000003,0.0,0.1,0.0,8.0,19.3,0.413,3.9,6.3,0.611,5.3,6.8,12.1,2.9,1.8,6.0,3.5,5.2,19.8,94.0,107.0,1998,Marcus Camby-1998,0.0,Not Selected,Center,TOR,0.01345668629100084
1997-98,Elden Campbell,campbel01,PF,29,LAL,81,28,1784,8.3,17.9,0.46299999999999997,0.0,0.1,0.5,8.3,17.9,0.46299999999999997,6.8,9.8,0.693,4.1,9.0,13.1,2.2,1.0,2.9,3.3,6.0,23.5,106.0,102.0,1998,Elden Campbell-1998,0.0,Not Selected,Forward,LAL,0.051303616484440706
1997-98,Antoine Carr,carran01,PF,36,UTA,66,8,1086,7.5,16.1,0.465,0.0,0.0,0.0,7.5,16.1,0.465,3.8,4.9,0.7759999999999999,2.1,4.4,6.5,2.4,0.5,2.6,2.4,9.7,18.7,104.0,108.0,1998,Antoine Carr-1998,0.0,Not Selected,Forward,UTA,0.05214465937762826
1997-98,Chris Carr,carrch01,SG,23,MIN,51,40,1165,8.5,20.1,0.42,1.8,5.7,0.315,6.7,14.5,0.462,3.7,4.4,0.848,1.9,5.0,6.9,3.8,0.8,0.5,3.1,5.7,22.4,102.0,111.0,1998,Chris Carr-1998,0.0,Not Selected,Guard,MIN,0.03784693019343986
1997-98,Sam Cassell,cassesa01,PG,28,NJN,75,72,2606,10.3,23.4,0.441,0.3,1.6,0.188,10.0,21.8,0.46,8.8,10.3,0.86,1.5,3.1,4.6,12.2,2.4,0.4,5.4,5.3,29.8,111.0,108.0,1998,Sam Cassell-1998,0.0,Not Selected,Guard,BRK,0.03616484440706476
1997-98,Kelvin Cato,catoke01,C,23,POR,74,8,1007,5.2,12.1,0.428,0.0,0.2,0.0,5.2,12.0,0.434,4.6,6.6,0.688,4.8,8.5,13.3,1.2,1.5,5.0,2.3,8.7,14.9,105.0,98.0,1998,Kelvin Cato-1998,0.0,Not Selected,Center,POR,0.03868797308662742
1997-98,Duane Causwell,causwdu01,C,29,MIA,37,2,363,5.6,13.4,0.41600000000000004,0.0,0.0,0.0,5.6,13.4,0.41600000000000004,2.3,3.9,0.5770000000000001,4.4,10.5,14.9,0.8,1.1,4.1,2.7,11.0,13.4,91.0,98.0,1998,Duane Causwell-1998,0.0,Not Selected,Center,MIA,0.04625735912531539
1997-98,Cedric Ceballos,cebalce01,SF,28,TOT,47,25,990,10.9,22.1,0.49200000000000005,1.1,3.7,0.3,9.8,18.4,0.53,5.7,7.7,0.738,4.0,7.8,11.8,3.2,1.8,0.9,3.8,4.7,28.6,107.0,103.0,1998,Cedric Ceballos-1998,0.0,Not Selected,Forward,TOT,0.03333333333333333
1997-98,Tom Chambers,chambto01,PF,38,PHI,1,0,10,10.6,10.6,1.0,0.0,0.0,0.0,10.6,10.6,1.0,10.6,10.6,1.0,0.0,10.6,10.6,0.0,10.6,0.0,5.3,10.6,31.8,142.0,85.0,1998,Tom Chambers-1998,0.0,Not Selected,Forward,PHI,0.02607232968881413
1997-98,Rex Chapman,chapmre01,SG,30,PHO,68,67,2263,9.5,22.2,0.42700000000000005,2.8,7.2,0.386,6.7,15.0,0.447,3.4,4.3,0.7809999999999999,0.7,3.3,4.0,4.7,1.6,0.3,2.7,2.4,25.1,105.0,106.0,1998,Rex Chapman-1998,0.0,Not Selected,Guard,PHO,0.04709840201850295
1997-98,Calbert Cheaney,cheanca01,SG,26,WAS,82,82,2841,8.2,18.1,0.457,0.3,1.0,0.28300000000000003,8.0,17.1,0.467,2.6,4.0,0.647,1.5,4.5,6.0,3.2,1.8,0.7,1.9,4.9,19.3,102.0,106.0,1998,Calbert Cheaney-1998,0.0,Not Selected,Guard,WAS,0.03532380151387721
1997-98,Pete Chilcutt,chilcpe01,PF,29,VAN,82,0,1420,5.7,13.2,0.435,2.0,4.8,0.415,3.7,8.4,0.445,1.4,2.2,0.6609999999999999,2.8,8.4,11.2,3.8,1.9,1.4,2.3,5.8,14.9,107.0,109.0,1998,Pete Chilcutt-1998,0.0,Not Selected,Forward,MEM,0.0159798149705635
1997-98,Chris Childs,childch01,PG,30,NYK,68,0,1599,5.1,12.0,0.42100000000000004,0.9,3.0,0.31,4.2,9.1,0.457,3.5,4.3,0.825,1.0,4.5,5.5,9.1,1.9,0.2,3.5,6.1,14.6,105.0,102.0,1998,Chris Childs-1998,0.0,Not Selected,Guard,NYK,0.03616484440706476
1997-98,Doug Christie,chrisdo01,SG,27,TOR,78,78,2939,8.1,18.9,0.428,1.8,5.4,0.326,6.3,13.5,0.469,4.8,5.8,0.8290000000000001,1.7,5.5,7.1,5.0,3.4,1.0,4.0,3.5,22.7,103.0,109.0,1998,Doug Christie-1998,0.0,Not Selected,Guard,TOR,0.01345668629100084
1997-98,Keith Closs,closske01,C,21,LAC,58,1,740,6.5,14.5,0.449,0.0,0.0,0.0,6.5,14.5,0.449,3.2,5.4,0.597,4.4,7.4,11.8,1.3,0.8,5.7,2.7,5.1,16.3,98.0,108.0,1998,Keith Closs-1998,0.0,Not Selected,Center,LAC,0.014297729184188394
1997-98,Derrick Coleman,colemde01,PF,30,PHI,59,58,2135,8.8,21.6,0.41100000000000003,0.6,2.4,0.265,8.2,19.1,0.429,7.5,9.7,0.772,3.7,10.9,14.6,3.6,1.1,1.7,3.9,3.6,25.9,102.0,103.0,1998,Derrick Coleman-1998,0.0,Not Selected,Forward,PHI,0.02607232968881413
1997-98,Bimbo Coles,colesbi01,PG,29,GSW,53,44,1471,5.9,15.6,0.379,0.5,2.0,0.228,5.5,13.6,0.402,2.8,3.1,0.8859999999999999,0.6,3.8,4.4,8.9,1.8,0.5,3.2,4.8,15.1,96.0,108.0,1998,Bimbo Coles-1998,0.0,Not Selected,Guard,GSW,0.0159798149705635
1997-98,James Collins,collija01,SG,24,LAC,23,0,103,10.6,27.7,0.382,4.5,10.1,0.45,6.1,17.7,0.34299999999999997,4.0,7.1,0.5710000000000001,3.5,3.5,7.1,1.5,3.0,1.5,4.0,6.1,29.8,95.0,110.0,1998,James Collins-1998,0.0,Not Selected,Guard,LAC,0.014297729184188394
1997-98,Marty Conlon,conloma01,C,30,MIA,18,0,209,7.3,16.2,0.452,0.0,0.0,0.0,7.3,16.2,0.452,8.4,11.5,0.727,4.2,7.8,12.0,3.1,2.4,1.3,2.9,7.1,23.0,113.0,100.0,1998,Marty Conlon-1998,0.0,Not Selected,Center,MIA,0.04625735912531539
1997-98,Tyrone Corbin,corbity01,SF,35,ATL,79,79,2699,6.7,15.2,0.439,1.0,2.9,0.348,5.7,12.3,0.46,2.0,2.6,0.789,1.6,5.8,7.3,3.5,2.1,0.1,1.7,4.0,16.4,108.0,105.0,1998,Tyrone Corbin-1998,0.0,Not Selected,Forward,ATL,0.04205214465937763
1997-98,James Cotton,cottoja02,SG,22,SEA,9,0,33,13.0,34.0,0.381,0.0,6.5,0.0,13.0,27.5,0.47100000000000003,13.0,14.6,0.889,3.2,6.5,9.7,0.0,1.6,1.6,9.7,4.9,38.9,83.0,104.0,1998,James Cotton-1998,0.0,Not Selected,Guard,OKC,0.051303616484440706
1997-98,Chris Crawford,crawfch01,PF,22,ATL,40,0,256,9.8,23.5,0.418,0.2,0.6,0.33299999999999996,9.6,22.9,0.42100000000000004,12.2,14.5,0.838,4.3,4.5,8.8,1.9,2.6,1.5,3.9,5.8,32.1,111.0,104.0,1998,Chris Crawford-1998,0.0,Not Selected,Forward,ATL,0.04205214465937763
1997-98,Austin Croshere,croshau01,PF,22,IND,26,0,243,7.2,19.3,0.37200000000000005,0.9,2.9,0.308,6.3,16.4,0.384,1.8,3.1,0.5710000000000001,2.2,7.9,10.1,1.8,2.0,1.1,2.9,7.2,17.1,83.0,100.0,1998,Austin Croshere-1998,0.0,Not Selected,Forward,IND,0.04878048780487805
1997-98,John Crotty,crottjo01,PG,28,POR,26,2,379,4.1,12.7,0.322,0.8,2.8,0.3,3.2,9.8,0.32899999999999996,4.5,4.8,0.941,0.6,3.9,4.5,8.9,1.4,0.1,5.9,3.9,13.5,86.0,106.0,1998,John Crotty-1998,0.0,Not Selected,Guard,POR,0.03868797308662742
1997-98,Terry Cummings,cummite01,PF,36,TOT,74,3,1185,9.1,19.4,0.467,0.0,0.0,0.0,9.1,19.3,0.46799999999999997,3.0,4.4,0.684,4.4,8.4,12.8,2.1,1.7,0.5,2.3,8.2,21.1,103.0,102.0,1998,Terry Cummings-1998,0.0,Not Selected,Forward,TOT,0.03333333333333333
1997-98,William Cunningham,cunniwi01,C,23,TOT,7,2,39,5.5,12.4,0.444,0.0,0.0,0.0,5.5,12.4,0.444,0.0,0.0,0.0,5.5,8.3,13.8,1.4,2.8,0.0,0.0,13.8,11.0,118.0,103.0,1998,William Cunningham-1998,0.0,Not Selected,Center,TOT,0.03333333333333333
1997-98,Bill Curley,curlebi01,PF,25,MIN,11,1,146,5.7,11.7,0.485,0.0,0.4,0.0,5.7,11.4,0.5,0.7,1.1,0.667,3.9,6.0,9.9,1.4,1.1,0.4,1.1,9.9,12.1,109.0,109.0,1998,Bill Curley-1998,0.0,Not Selected,Forward,MIN,0.03784693019343986
1997-98,Dell Curry,curryde01,SG,33,CHH,52,1,971,10.7,24.0,0.447,3.4,8.0,0.42100000000000004,7.4,16.0,0.46,2.3,2.9,0.7879999999999999,1.4,4.1,5.6,3.8,1.7,0.2,3.0,4.7,27.1,104.0,108.0,1998,Dell Curry-1998,0.0,Not Selected,Guard,CHO,0.04289318755256518
1997-98,Michael Curry,currymi01,SG,29,MIL,82,27,1978,5.3,11.2,0.469,0.1,0.2,0.444,5.2,11.0,0.469,4.0,4.7,0.835,0.7,1.9,2.6,3.7,1.5,0.4,2.1,5.9,14.6,110.0,110.0,1998,Michael Curry-1998,0.0,Not Selected,Guard,MIL,0.030277544154751892
1997-98,Erick Dampier,dampier01,C,22,GSW,82,82,2656,7.0,15.6,0.445,0.0,0.0,0.0,7.0,15.6,0.446,5.3,7.9,0.669,5.4,8.8,14.1,1.9,0.8,2.7,3.5,5.6,19.2,100.0,104.0,1998,Erick Dampier-1998,0.0,Not Selected,Center,GSW,0.0159798149705635
1997-98,Antonio Daniels,daniean01,SG,22,VAN,74,50,1956,6.1,14.6,0.41600000000000004,0.3,1.4,0.212,5.8,13.2,0.43799999999999994,3.0,4.5,0.659,0.6,3.2,3.8,8.9,1.5,0.3,4.4,2.3,15.4,93.0,115.0,1998,Antonio Daniels-1998,0.0,Not Selected,Guard,MEM,0.0159798149705635
1997-98,Lloyd Daniels,daniell01,SG,30,TOR,6,0,82,7.6,18.3,0.414,1.3,5.7,0.222,6.3,12.6,0.5,5.1,6.3,0.8,2.5,1.9,4.4,2.5,1.9,1.3,2.5,2.5,21.5,105.0,115.0,1998,Lloyd Daniels-1998,0.0,Not Selected,Guard,TOR,0.01345668629100084
1997-98,Yinka Dare,dareyi01,C,25,NJN,10,0,60,3.5,15.8,0.222,0.0,0.0,0.0,3.5,15.8,0.222,3.5,7.0,0.5,8.8,6.2,14.9,0.9,0.0,1.8,1.8,7.9,10.5,82.0,110.0,1998,Yinka Dare-1998,0.0,Not Selected,Center,BRK,0.03616484440706476
1997-98,Antonio Davis,davisan01,PF,29,IND,82,12,2191,6.3,13.2,0.48100000000000004,0.0,0.1,0.0,6.3,13.1,0.484,6.9,9.9,0.696,4.8,9.2,14.0,1.5,1.1,1.8,2.6,5.8,19.6,113.0,100.0,1998,Antonio Davis-1998,0.0,Not Selected,Forward,IND,0.04878048780487805
1997-98,Ben Davis,davisbe01,PF,25,NYK,7,0,13,8.4,41.9,0.2,0.0,0.0,0.0,8.4,41.9,0.2,0.0,0.0,0.0,25.1,0.0,25.1,0.0,4.2,0.0,0.0,12.6,16.7,78.0,100.0,1998,Ben Davis-1998,0.0,Not Selected,Forward,NYK,0.03616484440706476
1997-98,Dale Davis,davisda01,C,28,IND,78,78,2174,6.9,12.5,0.5479999999999999,0.0,0.0,0.0,6.9,12.5,0.5479999999999999,2.0,4.3,0.465,5.9,9.5,15.3,1.8,1.3,2.2,1.8,5.3,15.7,114.0,99.0,1998,Dale Davis-1998,0.0,Not Selected,Center,IND,0.04878048780487805
1997-98,Emanual Davis,davisem01,PG,29,HOU,45,0,599,5.5,12.5,0.444,2.4,6.3,0.375,3.2,6.2,0.514,2.7,3.3,0.838,0.9,3.3,4.1,5.2,1.5,0.3,4.6,4.8,16.2,99.0,112.0,1998,Emanual Davis-1998,0.0,Not Selected,Guard,HOU,0.034482758620689655
1997-98,Hubert Davis,davishu01,SG,27,DAL,81,30,2378,7.9,17.2,0.456,2.3,5.2,0.439,5.6,12.1,0.46399999999999997,2.2,2.6,0.836,0.8,3.0,3.8,3.5,1.0,0.1,2.0,2.6,20.2,109.0,112.0,1998,Hubert Davis-1998,0.0,Not Selected,Guard,DAL,0.01682085786375105
1997-98,Mark Davis,davisma02,SF,24,PHI,71,12,906,6.4,14.3,0.447,0.0,0.4,0.0,6.4,13.9,0.45799999999999996,3.7,5.9,0.634,3.7,5.5,9.3,4.3,2.9,1.1,5.3,5.6,16.5,89.0,104.0,1998,Mark Davis-1998,0.0,Not Selected,Forward,PHI,0.02607232968881413
1997-98,Terry Davis,daviste01,PF,30,WAS,74,66,1705,3.9,7.8,0.496,0.0,0.0,0.0,3.9,7.8,0.498,2.1,3.6,0.58,6.4,8.3,14.7,0.9,1.3,0.7,1.7,5.9,9.9,112.0,104.0,1998,Terry Davis-1998,0.0,Not Selected,Forward,WAS,0.03532380151387721
1997-98,Todd Day,dayto01,SG,28,MIA,5,0,69,8.7,24.5,0.355,1.6,9.5,0.16699999999999998,7.1,15.0,0.474,4.7,7.1,0.667,3.2,1.6,4.7,5.5,5.5,0.0,2.4,7.9,23.7,99.0,99.0,1998,Todd Day-1998,0.0,Not Selected,Guard,MIA,0.04625735912531539
1997-98,Andrew DeClercq,declean01,C,24,BOS,81,49,1523,5.7,11.5,0.49700000000000005,0.0,0.0,0.0,5.7,11.5,0.499,3.4,5.7,0.601,6.1,7.2,13.2,2.0,2.9,1.7,2.8,9.4,14.8,106.0,102.0,1998,Andrew DeClercq-1998,0.0,Not Selected,Center,BOS,0.030277544154751892
1997-98,Terry Dehere,deherte01,PG,26,SAC,77,18,1410,6.7,16.7,0.39899999999999997,1.8,4.9,0.379,4.8,11.8,0.408,2.9,3.7,0.7979999999999999,0.8,3.1,3.9,7.2,1.9,0.1,3.5,5.5,18.1,99.0,109.0,1998,Terry Dehere-1998,0.0,Not Selected,Guard,SAC,0.022708158116063918
1997-98,Vinny Del Negro,delnevi01,SG,31,SAS,54,38,1721,6.7,15.1,0.441,0.5,1.2,0.436,6.1,13.9,0.441,2.3,2.9,0.7959999999999999,0.4,4.4,4.8,5.8,1.2,0.2,1.7,3.6,16.2,107.0,103.0,1998,Vinny Del Negro-1998,0.0,Not Selected,Guard,SAS,0.04709840201850295
1997-98,Bison Dele,delebi01,C,28,DET,78,78,2619,11.0,21.6,0.511,0.0,0.1,0.33299999999999996,11.0,21.5,0.511,4.1,5.8,0.7070000000000001,4.6,9.8,14.4,2.0,1.4,1.1,3.8,5.2,26.2,105.0,102.0,1998,Bison Dele-1998,0.0,Not Selected,Center,DET,0.031118587047939444
1997-98,Tony Delk,delkto01,PG,24,TOT,77,9,1681,9.8,24.9,0.39299999999999996,1.3,4.9,0.268,8.5,20.0,0.424,3.5,4.7,0.735,1.2,4.2,5.4,5.4,2.3,0.4,3.4,3.0,24.4,94.0,107.0,1998,Tony Delk-1998,0.0,Not Selected,Guard,TOT,0.03333333333333333
1997-98,Vlade Divac,divacvl01,C,29,CHH,64,41,1805,7.9,15.9,0.498,0.1,0.4,0.214,7.9,15.5,0.506,3.9,5.6,0.691,5.4,10.0,15.4,5.1,2.5,2.8,3.4,5.3,19.8,110.0,100.0,1998,Vlade Divac-1998,0.0,Not Selected,Center,CHO,0.04289318755256518
1997-98,Sherman Douglas,douglsh01,PG,31,NJN,80,11,1699,7.9,16.0,0.495,0.4,1.4,0.304,7.5,14.6,0.514,3.6,5.3,0.669,1.6,2.6,4.2,9.9,1.7,0.2,3.4,4.8,19.8,113.0,110.0,1998,Sherman Douglas-1998,0.0,Not Selected,Guard,BRK,0.03616484440706476
1997-98,Clyde Drexler,drexlcl01,SG,35,HOU,70,70,2473,9.6,22.6,0.42700000000000005,2.3,7.1,0.317,7.4,15.5,0.47700000000000004,5.9,7.4,0.8009999999999999,2.2,5.1,7.4,8.1,2.7,0.9,4.0,4.1,27.5,109.0,108.0,1998,Clyde Drexler-1998,0.0,Not Selected,Guard,HOU,0.034482758620689655
1997-98,Chris Dudley,dudlech02,C,32,NYK,51,22,858,3.7,9.1,0.406,0.0,0.0,0.0,3.7,9.1,0.406,2.6,5.8,0.446,6.8,10.6,17.4,1.3,0.8,3.2,2.8,8.8,10.0,93.0,97.0,1998,Chris Dudley-1998,0.0,Not Selected,Center,NYK,0.03616484440706476
1997-98,Joe Dumars,dumarjo01,SG,34,DET,72,72,2326,7.7,18.5,0.41600000000000004,3.7,10.0,0.371,4.0,8.5,0.46799999999999997,3.0,3.6,0.825,0.3,2.1,2.4,5.9,1.0,0.0,2.0,2.3,22.1,115.0,109.0,1998,Joe Dumars-1998,0.0,Not Selected,Guard,DET,0.031118587047939444
1997-98,Tony Dumas,dumasto01,SG,25,CLE,7,0,47,6.8,13.6,0.5,2.3,4.5,0.5,4.5,9.1,0.5,0.0,3.4,0.0,1.1,4.5,5.7,5.7,0.0,0.0,5.7,5.7,15.9,83.0,106.0,1998,Tony Dumas-1998,0.0,Not Selected,Guard,CLE,0.03952901597981497
1997-98,Tim Duncan,duncati01,PF,21,SAS,82,82,3204,12.0,21.8,0.5489999999999999,0.0,0.2,0.0,12.0,21.6,0.5529999999999999,5.4,8.2,0.662,4.6,11.9,16.6,3.8,0.9,3.5,4.7,4.3,29.3,108.0,95.0,1998,Tim Duncan-1998,1.0,1st,Forward,SAS,0.04709840201850295
1997-98,Ledell Eackles,eacklle01,SG,31,WAS,42,0,547,7.2,16.7,0.429,1.5,4.4,0.348,5.6,12.3,0.457,5.0,5.6,0.8809999999999999,2.4,4.8,7.2,1.5,1.6,0.0,2.8,4.1,20.8,106.0,107.0,1998,Ledell Eackles-1998,0.0,Not Selected,Guard,WAS,0.03532380151387721
1997-98,Tyus Edney,edneyty01,PG,24,BOS,52,7,623,7.7,17.8,0.431,0.2,0.8,0.3,7.4,17.0,0.43700000000000006,7.3,9.2,0.7929999999999999,1.7,2.9,4.5,11.5,4.2,0.1,5.5,5.7,22.9,105.0,104.0,1998,Tyus Edney-1998,0.0,Not Selected,Guard,BOS,0.030277544154751892
1997-98,Blue Edwards,edwarbl01,SG,32,VAN,81,20,1968,8.6,19.6,0.439,1.1,3.2,0.33299999999999996,7.6,16.5,0.46,4.8,5.7,0.8370000000000001,1.6,4.1,5.7,5.3,2.3,0.7,3.5,4.8,23.1,104.0,112.0,1998,Blue Edwards-1998,0.0,Not Selected,Guard,MEM,0.0159798149705635
1997-98,Kevin Edwards,edwarke01,SG,32,TOT,39,5,487,6.2,18.1,0.345,0.7,1.6,0.4,5.6,16.4,0.34,3.3,3.8,0.857,2.2,3.7,5.9,4.3,2.8,0.1,3.3,3.1,16.4,91.0,107.0,1998,Kevin Edwards-1998,0.0,Not Selected,Guard,TOT,0.03333333333333333
1997-98,Howard Eisley,eisleho01,PG,25,UTA,82,18,1726,7.1,16.2,0.441,1.5,3.7,0.40700000000000003,5.6,12.5,0.451,4.0,4.6,0.852,0.8,4.4,5.2,10.8,1.7,0.4,5.0,5.7,19.7,104.0,108.0,1998,Howard Eisley-1998,0.0,Not Selected,Guard,UTA,0.05214465937762826
1997-98,Mario Elie,eliema01,SF,34,HOU,73,59,1988,5.5,12.1,0.452,1.5,5.0,0.29100000000000004,4.0,7.1,0.5660000000000001,3.8,4.6,0.833,1.0,3.1,4.1,5.9,2.1,0.2,2.7,3.1,16.2,114.0,111.0,1998,Mario Elie-1998,0.0,Not Selected,Forward,HOU,0.034482758620689655
1997-98,Sean Elliott,elliose01,SF,29,SAS,36,36,1012,6.5,16.3,0.40299999999999997,1.8,4.8,0.37799999999999995,4.7,11.4,0.413,3.0,4.2,0.718,0.9,5.8,6.7,3.3,1.3,0.8,3.1,4.9,17.9,96.0,102.0,1998,Sean Elliott-1998,0.0,Not Selected,Forward,SAS,0.04709840201850295
1997-98,Dale Ellis,ellisda01,SF,37,SEA,79,0,1939,9.6,19.3,0.49700000000000005,3.5,7.6,0.46399999999999997,6.1,11.7,0.519,3.1,3.9,0.782,1.4,3.7,5.1,2.5,1.7,0.1,2.0,3.5,25.7,118.0,108.0,1998,Dale Ellis-1998,0.0,Not Selected,Forward,OKC,0.051303616484440706
1997-98,Harold Ellis,ellisha01,SF,27,DEN,27,3,344,9.6,17.3,0.5589999999999999,0.0,0.6,0.0,9.6,16.7,0.579,6.2,9.8,0.635,4.2,3.6,7.8,2.8,3.0,0.6,3.0,8.2,25.5,114.0,112.0,1998,Harold Ellis-1998,0.0,Not Selected,Forward,DEN,0.009251471825063078
1997-98,LaPhonso Ellis,ellisla01,SF,27,DEN,76,71,2575,8.5,20.9,0.40700000000000003,1.2,4.2,0.284,7.3,16.8,0.43799999999999994,4.3,5.3,0.805,3.0,8.3,11.3,4.4,1.4,1.0,3.6,4.7,22.5,99.0,111.0,1998,LaPhonso Ellis-1998,0.0,Not Selected,Forward,DEN,0.009251471825063078
1997-98,Pervis Ellison,ellispe01,PF,30,BOS,33,8,447,4.6,8.1,0.5710000000000001,0.0,0.0,0.0,4.6,8.1,0.5710000000000001,2.3,3.9,0.588,6.0,6.6,12.5,3.6,2.3,3.6,3.2,10.4,11.5,109.0,102.0,1998,Pervis Ellison-1998,0.0,Not Selected,Forward,BOS,0.030277544154751892
1997-98,Brian Evans,evansbr01,SF,24,TOT,72,1,893,7.5,18.9,0.39399999999999996,1.8,5.3,0.33299999999999996,5.7,13.7,0.418,2.8,3.5,0.807,3.0,5.3,8.3,3.3,1.8,0.8,2.3,6.1,19.5,104.0,106.0,1998,Brian Evans-1998,0.0,Not Selected,Forward,TOT,0.03333333333333333
1997-98,Patrick Ewing,ewingpa01,C,35,NYK,26,26,848,13.0,25.9,0.504,0.0,0.1,0.0,13.0,25.7,0.506,8.6,11.9,0.72,3.8,13.2,17.0,1.8,1.0,3.7,4.9,4.7,34.7,103.0,94.0,1998,Patrick Ewing-1998,0.0,Not Selected,Center,NYK,0.03616484440706476
1997-98,Tony Farmer,farmeto01,C,28,CHH,27,2,169,5.4,16.8,0.321,0.6,2.9,0.222,4.8,14.0,0.341,9.8,12.4,0.795,5.1,5.1,10.2,1.6,3.2,1.3,2.9,7.3,21.3,104.0,103.0,1998,Tony Farmer-1998,0.0,Not Selected,Center,CHO,0.04289318755256518
1997-98,Jamie Feick,feickja01,PF,23,MIL,45,2,450,4.6,10.6,0.433,0.5,1.5,0.308,4.1,9.1,0.455,2.4,4.9,0.488,5.3,9.3,14.7,1.9,3.0,2.0,2.5,7.9,12.1,100.0,100.0,1998,Jamie Feick-1998,0.0,Not Selected,Forward,MIL,0.030277544154751892
1997-98,Duane Ferrell,ferredu01,SF,32,GSW,50,5,461,4.7,12.6,0.369,0.0,0.7,0.0,4.7,12.0,0.39,1.4,2.5,0.545,2.8,2.5,5.4,3.0,2.4,0.7,2.0,5.7,10.7,87.0,108.0,1998,Duane Ferrell-1998,0.0,Not Selected,Forward,GSW,0.0159798149705635
1997-98,Danny Ferry,ferryda01,PF,31,CLE,69,3,1034,5.8,14.8,0.395,1.7,5.1,0.33299999999999996,4.1,9.7,0.428,1.7,2.1,0.8,1.2,4.7,5.9,3.0,1.3,0.9,2.7,6.1,15.0,93.0,102.0,1998,Danny Ferry-1998,0.0,Not Selected,Forward,CLE,0.03952901597981497
1997-98,Michael Finley,finlemi01,SF,24,DAL,82,82,3394,10.6,23.7,0.449,1.4,3.8,0.35700000000000004,9.2,19.8,0.466,5.1,6.5,0.784,2.4,4.5,6.9,6.4,2.1,0.5,3.4,2.6,27.7,107.0,109.0,1998,Michael Finley-1998,0.0,Not Selected,Forward,DAL,0.01682085786375105
1997-98,Derek Fisher,fishede01,PG,23,LAL,82,36,1760,4.8,11.0,0.434,0.9,2.4,0.38299999999999995,3.9,8.7,0.44799999999999995,3.4,4.4,0.757,1.1,4.5,5.6,9.7,2.2,0.1,3.5,3.7,13.8,109.0,106.0,1998,Derek Fisher-1998,0.0,Not Selected,Guard,LAL,0.051303616484440706
1997-98,Danny Fortson,fortsda01,PF,21,DEN,80,23,1811,8.2,18.1,0.452,0.0,0.1,0.33299999999999996,8.1,18.0,0.452,7.8,10.0,0.7759999999999999,5.4,7.9,13.2,2.2,1.3,0.9,4.6,9.3,24.1,102.0,112.0,1998,Danny Fortson-1998,0.0,Not Selected,Forward,DEN,0.009251471825063078
1997-98,Greg Foster,fostegr01,C,29,UTA,78,49,1446,6.9,15.6,0.445,0.1,0.3,0.222,6.8,15.2,0.45,2.5,3.2,0.77,3.2,7.0,10.2,1.9,0.6,1.0,2.5,7.0,16.4,99.0,108.0,1998,Greg Foster-1998,0.0,Not Selected,Center,UTA,0.05214465937762826
1997-98,Rick Fox,foxri01,SF,28,LAL,82,82,2709,6.9,14.6,0.47100000000000003,1.6,5.0,0.325,5.2,9.6,0.547,3.2,4.4,0.743,1.5,5.3,6.8,5.2,1.9,0.9,3.8,5.9,18.6,105.0,105.0,1998,Rick Fox-1998,0.0,Not Selected,Forward,LAL,0.051303616484440706
1997-98,Adonal Foyle,foylead01,C,22,GSW,55,1,656,5.5,13.6,0.406,0.0,0.1,0.0,5.5,13.5,0.408,2.2,5.0,0.435,5.8,8.9,14.7,1.1,1.0,4.2,4.0,7.5,13.2,82.0,102.0,1998,Adonal Foyle-1998,0.0,Not Selected,Center,GSW,0.0159798149705635
1997-98,Todd Fuller,fulleto02,C,23,GSW,57,1,613,7.4,17.6,0.42,0.0,0.3,0.0,7.4,17.2,0.428,4.7,6.9,0.688,5.2,11.6,16.8,0.9,0.5,1.4,3.2,7.6,19.4,96.0,104.0,1998,Todd Fuller-1998,0.0,Not Selected,Center,GSW,0.0159798149705635
1997-98,Lawrence Funderburke,fundela01,PF,27,SAC,52,1,1094,9.1,18.6,0.49,0.0,0.3,0.14300000000000002,9.0,18.2,0.496,5.2,7.7,0.679,3.8,7.3,11.1,3.0,0.9,0.7,3.0,2.7,23.5,106.0,108.0,1998,Lawrence Funderburke-1998,0.0,Not Selected,Forward,SAC,0.022708158116063918
1997-98,Chris Garner,garnech01,PG,22,TOR,38,0,293,4.1,12.4,0.32899999999999996,0.7,2.5,0.28600000000000003,3.4,9.9,0.33899999999999997,0.5,1.2,0.429,1.2,3.0,4.2,8.0,3.7,0.7,4.4,8.8,9.4,77.0,110.0,1998,Chris Garner-1998,0.0,Not Selected,Guard,TOR,0.01345668629100084
1997-98,Kevin Garnett,garneke01,PF,21,MIN,82,82,3222,10.2,20.8,0.491,0.0,0.3,0.188,10.2,20.5,0.495,3.9,5.3,0.738,3.6,9.1,12.6,5.6,2.2,2.4,3.1,3.6,24.4,109.0,103.0,1998,Kevin Garnett-1998,0.0,Not Selected,Forward,MIN,0.03784693019343986
1997-98,Dean Garrett,garrede01,C,31,DEN,82,82,2632,4.9,11.5,0.428,0.0,0.0,0.0,4.9,11.5,0.428,2.3,3.6,0.648,4.6,8.5,13.1,1.8,1.2,2.7,1.7,4.0,12.2,102.0,110.0,1998,Dean Garrett-1998,0.0,Not Selected,Center,DEN,0.009251471825063078
1997-98,Kiwane Lemorris Garris,garriki01,SG,23,DEN,28,0,225,5.2,15.5,0.33799999999999997,1.2,3.3,0.35700000000000004,4.0,12.1,0.33299999999999996,4.5,5.9,0.76,0.7,3.8,4.5,6.7,1.7,0.2,3.6,5.2,16.2,92.0,115.0,1998,Kiwane Lemorris Garris-1998,0.0,Not Selected,Guard,DEN,0.009251471825063078
1997-98,Chris Gatling,gatlich01,PF,30,NJN,57,16,1359,9.6,21.1,0.455,0.0,0.2,0.25,9.6,21.0,0.457,6.2,10.3,0.6,4.6,8.4,13.0,2.1,2.0,1.1,3.8,5.9,25.5,101.0,104.0,1998,Chris Gatling-1998,0.0,Not Selected,Forward,BRK,0.03616484440706476
1997-98,Reggie Geary,gearyre01,PG,24,SAS,62,2,685,4.4,13.4,0.331,1.0,3.2,0.3,3.5,10.2,0.341,2.2,4.4,0.5,1.5,3.8,5.3,5.9,2.9,1.0,3.3,7.5,12.0,84.0,99.0,1998,Reggie Geary-1998,0.0,Not Selected,Guard,SAS,0.04709840201850295
1997-98,Matt Geiger,geigema01,C,28,CHH,78,42,1839,10.5,20.7,0.505,0.0,0.3,0.091,10.4,20.4,0.511,4.9,6.9,0.7120000000000001,5.7,9.5,15.2,2.3,2.0,2.5,3.2,5.6,25.8,109.0,101.0,1998,Matt Geiger-1998,0.0,Not Selected,Center,CHO,0.04289318755256518
1997-98,Kendall Gill,gillke01,SF,29,NJN,81,81,2733,8.1,18.8,0.429,0.5,1.9,0.257,7.6,16.8,0.449,4.3,6.3,0.688,2.2,5.4,7.5,3.9,3.0,1.2,2.4,5.2,21.0,106.0,105.0,1998,Kendall Gill-1998,0.0,Not Selected,Forward,BRK,0.03616484440706476
1997-98,Armen Gilliam,gilliar01,PF,33,MIL,82,25,2114,8.2,17.0,0.484,0.0,0.1,0.0,8.2,16.9,0.48700000000000004,6.7,8.4,0.802,3.7,7.4,11.1,2.6,1.6,0.9,3.7,4.5,23.2,108.0,105.0,1998,Armen Gilliam-1998,0.0,Not Selected,Forward,MIL,0.030277544154751892
1997-98,Anthony Goldwire,goldwan01,PG,26,DEN,82,32,2212,6.5,15.4,0.423,1.5,4.0,0.384,5.0,11.4,0.436,3.6,4.5,0.8059999999999999,1.0,2.6,3.6,6.7,2.1,0.2,2.1,3.6,18.2,111.0,115.0,1998,Anthony Goldwire-1998,0.0,Not Selected,Guard,DEN,0.009251471825063078
1997-98,Greg Graham,grahagr01,SG,27,CLE,6,0,56,6.7,11.4,0.583,0.0,2.9,0.0,6.7,8.6,0.778,1.9,1.9,1.0,0.0,1.0,1.0,5.7,1.0,0.0,9.5,6.7,15.3,73.0,107.0,1998,Greg Graham-1998,0.0,Not Selected,Guard,CLE,0.03952901597981497
1997-98,Brian Grant,grantbr01,SF,25,POR,61,49,1921,7.9,15.5,0.508,0.0,0.0,0.0,7.9,15.4,0.509,4.7,6.3,0.75,5.5,9.9,15.4,2.4,1.2,1.2,3.1,5.1,20.5,112.0,101.0,1998,Brian Grant-1998,0.0,Not Selected,Forward,POR,0.03868797308662742
1997-98,Gary Grant,grantga01,PG,32,POR,22,2,359,6.4,13.8,0.462,1.0,2.8,0.368,5.3,11.0,0.486,1.8,2.1,0.857,1.2,5.9,7.1,12.5,2.5,0.3,3.6,4.5,15.6,112.0,102.0,1998,Gary Grant-1998,0.0,Not Selected,Guard,POR,0.03868797308662742
1997-98,Harvey Grant,grantha01,SF,32,WAS,65,8,895,4.4,11.4,0.38299999999999995,0.1,0.4,0.16699999999999998,4.3,11.1,0.389,1.1,1.8,0.633,3.5,6.3,9.8,2.3,1.3,0.9,1.5,5.5,9.9,94.0,106.0,1998,Harvey Grant-1998,0.0,Not Selected,Forward,WAS,0.03532380151387721
1997-98,Horace Grant,grantho01,C,32,ORL,76,76,2803,7.7,16.8,0.45899999999999996,0.0,0.1,0.0,7.7,16.7,0.462,2.7,3.9,0.6779999999999999,4.5,7.7,12.1,3.4,1.6,1.6,1.7,3.5,18.1,109.0,103.0,1998,Horace Grant-1998,0.0,Not Selected,Center,ORL,0.034482758620689655
1997-98,Ed Gray,grayed01,SG,22,ATL,30,3,472,8.9,23.4,0.381,2.1,5.3,0.391,6.8,18.1,0.37799999999999995,6.4,7.5,0.846,1.0,4.2,5.2,3.9,1.7,1.3,3.5,8.5,26.3,102.0,106.0,1998,Ed Gray-1998,0.0,Not Selected,Guard,ATL,0.04205214465937763
1997-98,Jeff Grayer,grayeje01,SG,32,TOT,5,0,34,6.2,17.1,0.364,3.1,9.3,0.33299999999999996,3.1,7.8,0.4,0.0,0.0,0.0,0.0,6.2,6.2,3.1,3.1,0.0,6.2,10.9,15.6,66.0,103.0,1998,Jeff Grayer-1998,0.0,Not Selected,Guard,TOT,0.03333333333333333
1997-98,A.C. Green,greenac01,PF,34,DAL,82,68,2649,4.9,10.8,0.45299999999999996,0.0,0.1,0.0,4.9,10.7,0.457,2.3,3.3,0.716,4.4,9.0,13.5,2.5,1.6,0.5,1.4,3.2,12.1,110.0,106.0,1998,A.C. Green-1998,0.0,Not Selected,Forward,DAL,0.01682085786375105
1997-98,Litterial Green,greenli01,PG,27,MIL,21,0,124,2.1,9.9,0.217,0.0,0.9,0.0,2.1,9.0,0.23800000000000002,6.4,8.6,0.75,0.4,2.6,3.0,6.9,1.7,0.0,3.4,4.7,10.7,86.0,109.0,1998,Litterial Green-1998,0.0,Not Selected,Guard,MIL,0.030277544154751892
1997-98,Derek Grimm,grimmde01,SF,23,SAC,9,0,34,6.1,21.5,0.28600000000000003,6.1,18.4,0.33299999999999996,0.0,3.1,0.0,3.1,3.1,1.0,0.0,6.1,6.1,0.0,4.6,1.5,4.6,9.2,21.5,82.0,100.0,1998,Derek Grimm-1998,0.0,Not Selected,Forward,SAC,0.022708158116063918
1997-98,Tom Gugliotta,guglito01,SF,28,MIN,41,41,1582,10.5,20.8,0.502,0.1,0.6,0.11800000000000001,10.4,20.3,0.513,6.0,7.3,0.821,3.5,8.2,11.7,5.5,2.0,0.7,3.6,3.3,27.0,112.0,106.0,1998,Tom Gugliotta-1998,0.0,Not Selected,Forward,MIN,0.03784693019343986
1997-98,Jack Haley,haleyja01,C,34,NJN,16,0,51,5.2,18.6,0.278,0.0,1.0,0.0,5.2,17.6,0.294,12.4,21.7,0.5710000000000001,5.2,10.3,15.5,0.0,0.0,1.0,4.1,9.3,22.7,87.0,107.0,1998,Jack Haley-1998,0.0,Not Selected,Center,BRK,0.03616484440706476
1997-98,Darvin Ham,hamda01,SF,24,WAS,71,3,635,4.5,8.6,0.529,0.0,0.0,0.0,4.5,8.6,0.529,2.9,6.1,0.473,5.9,4.9,10.8,1.3,1.7,2.1,3.0,9.7,11.9,101.0,105.0,1998,Darvin Ham-1998,0.0,Not Selected,Forward,WAS,0.03532380151387721
1997-98,Tom Hammonds,hammoto01,PF,30,MIN,57,2,1140,5.8,11.2,0.516,0.0,0.0,0.0,5.8,11.1,0.518,4.2,6.0,0.6970000000000001,4.5,7.8,12.3,1.6,0.7,0.8,2.2,5.8,15.7,114.0,108.0,1998,Tom Hammonds-1998,0.0,Not Selected,Forward,MIN,0.03784693019343986
1997-98,Reggie Hanson,hansore01,SF,29,BOS,8,0,26,5.9,11.9,0.5,0.0,0.0,0.0,5.9,11.9,0.5,0.0,0.0,0.0,5.9,5.9,11.9,2.0,4.0,2.0,5.9,15.8,11.9,81.0,100.0,1998,Reggie Hanson-1998,0.0,Not Selected,Forward,BOS,0.030277544154751892
1997-98,Anfernee Hardaway,hardaan01,SG,26,ORL,19,15,625,9.1,24.1,0.377,1.3,4.4,0.3,7.8,19.7,0.395,7.9,10.4,0.763,0.7,6.0,6.7,6.0,2.5,1.3,4.1,4.0,27.4,99.0,103.0,1998,Anfernee Hardaway-1998,0.0,Not Selected,Guard,ORL,0.034482758620689655
1997-98,Tim Hardaway,hardati01,PG,31,MIA,81,81,3031,10.0,23.3,0.431,2.8,8.0,0.35100000000000003,7.3,15.4,0.47200000000000003,4.6,5.9,0.7809999999999999,0.9,4.5,5.4,12.1,2.4,0.3,4.0,3.6,27.5,113.0,103.0,1998,Tim Hardaway-1998,2.0,2nd,Guard,MIA,0.04625735912531539
1997-98,Derek Harper,harpede01,SG,36,ORL,66,45,1761,7.1,17.0,0.41700000000000004,1.8,5.1,0.36,5.2,11.8,0.442,1.7,2.5,0.696,0.7,2.5,3.2,7.3,2.3,0.3,3.2,4.4,17.7,101.0,107.0,1998,Derek Harper-1998,0.0,Not Selected,Guard,ORL,0.034482758620689655
1997-98,Ron Harper,harpero01,PG,34,CHI,82,82,2284,6.9,15.7,0.441,0.4,2.0,0.19,6.5,13.7,0.47700000000000004,3.8,5.1,0.75,2.5,4.3,6.8,5.7,2.5,1.1,2.1,4.3,18.0,111.0,100.0,1998,Ron Harper-1998,0.0,Not Selected,Guard,CHI,0.05214465937762826
1997-98,Othella Harrington,harriot01,PF,24,HOU,58,3,903,7.5,15.5,0.485,0.0,0.1,0.0,7.5,15.5,0.48700000000000004,5.4,7.1,0.754,4.3,7.8,12.1,1.4,0.6,1.6,2.7,6.5,20.4,109.0,109.0,1998,Othella Harrington-1998,0.0,Not Selected,Forward,HOU,0.034482758620689655
1997-98,Lucious Harris,harrilu01,SG,27,NJN,50,0,671,5.4,13.9,0.39,0.9,3.1,0.308,4.5,10.8,0.413,3.2,4.3,0.745,1.7,2.4,4.1,3.3,3.3,0.4,1.7,6.1,15.0,107.0,107.0,1998,Lucious Harris-1998,0.0,Not Selected,Guard,BRK,0.03616484440706476
1997-98,Hersey Hawkins,hawkihe01,SG,31,SEA,82,82,2597,5.8,13.1,0.44,2.6,6.2,0.415,3.2,6.9,0.46299999999999997,3.6,4.2,0.868,1.5,5.4,6.9,4.5,3.0,0.3,2.1,3.1,17.7,119.0,103.0,1998,Hersey Hawkins-1998,0.0,Not Selected,Guard,OKC,0.051303616484440706
1997-98,Alan Henderson,hendeal01,PF,25,ATL,69,33,2000,10.0,20.6,0.485,0.1,0.2,0.5,9.9,20.5,0.485,6.9,10.6,0.652,5.5,6.6,12.1,2.0,1.1,1.0,3.0,4.8,27.0,111.0,106.0,1998,Alan Henderson-1998,0.0,Not Selected,Forward,ATL,0.04205214465937763
1997-98,Cedric Henderson,hendece02,SF,22,CLE,82,71,2527,7.4,15.3,0.48,0.0,0.1,0.0,7.4,15.2,0.483,2.9,4.0,0.716,1.5,5.4,6.9,3.6,2.0,1.0,3.5,5.0,17.6,96.0,100.0,1998,Cedric Henderson-1998,0.0,Not Selected,Forward,CLE,0.03952901597981497
1997-98,Mark Hendrickson,hendrma01,PF,23,SAC,48,1,737,4.1,10.5,0.389,0.0,0.4,0.0,4.1,10.2,0.40299999999999997,3.3,4.0,0.825,2.3,7.8,10.1,2.9,1.8,0.6,2.2,4.2,11.5,97.0,106.0,1998,Mark Hendrickson-1998,0.0,Not Selected,Forward,SAC,0.022708158116063918
1997-98,Steve Henson,hensost01,PG,29,DET,23,0,65,10.9,21.8,0.5,2.5,6.7,0.375,8.4,15.1,0.556,5.9,5.9,1.0,0.0,1.7,1.7,3.3,0.8,0.0,5.0,7.5,30.1,108.0,110.0,1998,Steve Henson-1998,0.0,Not Selected,Guard,DET,0.031118587047939444
1997-98,Carl Herrera,herreca01,PF,31,SAS,58,1,516,8.0,18.4,0.434,0.0,0.1,0.0,8.0,18.3,0.43700000000000006,1.9,4.6,0.409,2.5,7.0,9.6,2.3,2.0,1.3,4.0,7.5,17.9,83.0,99.0,1998,Carl Herrera-1998,0.0,Not Selected,Forward,SAS,0.04709840201850295
1997-98,Sean Higgins,higgise01,SF,29,POR,2,0,12,0.0,22.2,0.0,0.0,8.9,0.0,0.0,13.3,0.0,0.0,0.0,0.0,0.0,0.0,0.0,0.0,8.9,0.0,4.4,13.3,0.0,0.0,93.0,1998,Sean Higgins-1998,0.0,Not Selected,Forward,POR,0.03868797308662742
1997-98,Grant Hill,hillgr01,SF,25,DET,81,81,3294,10.2,22.5,0.452,0.0,0.3,0.14300000000000002,10.1,22.1,0.457,7.9,10.7,0.74,1.5,8.8,10.3,9.1,2.4,0.9,4.7,3.2,28.3,106.0,101.0,1998,Grant Hill-1998,2.0,2nd,Forward,DET,0.031118587047939444
1997-98,Tyrone Hill,hillty01,PF,29,MIL,57,56,2064,5.4,10.8,0.498,0.0,0.0,0.0,5.4,10.8,0.499,4.0,6.6,0.608,5.5,10.2,15.7,2.3,1.7,0.8,2.7,5.9,14.7,108.0,103.0,1998,Tyrone Hill-1998,0.0,Not Selected,Forward,MIL,0.030277544154751892
1997-98,Fred Hoiberg,hoibefr01,SG,25,IND,65,1,874,5.3,13.9,0.38299999999999995,2.0,5.3,0.376,3.3,8.6,0.387,3.7,4.3,0.855,0.9,6.8,7.7,2.8,2.5,0.2,1.4,6.3,16.3,109.0,101.0,1998,Fred Hoiberg-1998,0.0,Not Selected,Guard,IND,0.04878048780487805
1997-98,Jerald Honeycutt,honeyje01,PF,23,MIL,38,0,530,9.0,22.2,0.40700000000000003,2.9,7.7,0.377,6.1,14.5,0.424,3.6,5.8,0.621,2.7,6.6,9.3,3.3,2.0,0.6,4.9,8.3,24.6,94.0,105.0,1998,Jerald Honeycutt-1998,0.0,Not Selected,Forward,MIL,0.030277544154751892
1997-98,Jeff Hornacek,hornaje01,SG,34,UTA,80,80,2460,8.7,18.1,0.48200000000000004,1.2,2.8,0.441,7.5,15.3,0.489,6.2,7.0,0.885,1.4,4.5,5.9,7.6,2.4,0.3,2.9,3.8,24.9,120.0,107.0,1998,Jeff Hornacek-1998,0.0,Not Selected,Guard,UTA,0.05214465937762826
1997-98,Robert Horry,horryro01,PF,27,LAL,72,71,2192,4.7,9.8,0.47600000000000003,0.4,2.2,0.204,4.2,7.7,0.5539999999999999,2.7,4.0,0.6920000000000001,4.4,8.3,12.7,3.8,2.6,2.2,2.3,5.6,12.5,114.0,100.0,1998,Robert Horry-1998,0.0,Not Selected,Forward,LAL,0.051303616484440706
1997-98,Allan Houston,houstal01,SG,26,NYK,82,82,2848,10.9,24.4,0.447,1.6,4.1,0.385,9.3,20.3,0.46,5.4,6.4,0.851,0.8,4.4,5.2,4.1,1.2,0.5,3.8,4.0,28.8,102.0,103.0,1998,Allan Houston-1998,0.0,Not Selected,Guard,NYK,0.03616484440706476
1997-98,Juwan Howard,howarju01,PF,24,WAS,64,64,2559,9.5,20.2,0.467,0.0,0.0,0.0,9.5,20.2,0.46799999999999997,5.3,7.3,0.721,3.3,5.9,9.2,4.2,1.7,0.5,3.8,4.6,24.2,103.0,106.0,1998,Juwan Howard-1998,0.0,Not Selected,Forward,WAS,0.03532380151387721
1997-98,Stephen Howard,howarst01,SF,27,SEA,13,0,53,8.1,21.2,0.381,0.0,0.0,0.0,8.1,21.2,0.381,9.1,18.2,0.5,6.1,6.1,12.1,3.0,3.0,1.0,6.1,13.1,25.2,87.0,101.0,1998,Stephen Howard-1998,0.0,Not Selected,Forward,OKC,0.051303616484440706
1997-98,Troy Hudson,hudsotr01,PG,21,UTA,8,0,23,14.0,32.8,0.429,0.0,7.0,0.0,14.0,25.7,0.545,0.0,0.0,0.0,2.3,2.3,4.7,9.4,4.7,0.0,2.3,2.3,28.1,99.0,104.0,1998,Troy Hudson-1998,0.0,Not Selected,Guard,UTA,0.05214465937762826
1997-98,Lindsey Hunter,hunteli01,PG,27,DET,71,67,2505,6.9,17.9,0.38299999999999995,1.8,5.8,0.321,5.0,12.2,0.41200000000000003,3.1,4.3,0.74,1.3,4.0,5.4,4.9,2.7,0.2,2.4,3.8,18.7,101.0,104.0,1998,Lindsey Hunter-1998,0.0,Not Selected,Guard,DET,0.031118587047939444
1997-98,Bobby Hurley,hurlebo01,PG,26,TOT,61,3,875,5.5,14.2,0.391,0.3,1.3,0.22699999999999998,5.2,12.9,0.40700000000000003,3.5,4.5,0.7759999999999999,0.7,3.2,3.9,10.5,1.4,0.0,5.1,4.7,14.9,91.0,113.0,1998,Bobby Hurley-1998,0.0,Not Selected,Guard,TOT,0.03333333333333333
1997-98,Zydrunas Ilgauskas,ilgauzy01,C,22,CLE,82,81,2379,10.2,19.7,0.518,0.0,0.1,0.25,10.2,19.6,0.519,5.2,6.8,0.762,6.3,10.0,16.2,1.6,1.2,3.0,3.3,6.5,25.6,111.0,97.0,1998,Zydrunas Ilgauskas-1998,0.0,Not Selected,Center,CLE,0.03952901597981497
1997-98,Allen Iverson,iversal01,PG,22,PHI,80,80,3150,10.9,23.7,0.461,1.2,4.0,0.298,9.8,19.7,0.494,6.6,9.0,0.7290000000000001,1.4,3.5,5.0,8.3,3.0,0.4,4.1,3.4,29.6,109.0,106.0,1998,Allen Iverson-1998,0.0,Not Selected,Guard,PHI,0.02607232968881413
1997-98,Bobby Jackson,jacksbo01,PG,24,DEN,68,53,2042,8.1,20.7,0.392,0.6,2.1,0.259,7.6,18.6,0.40700000000000003,3.9,4.8,0.8140000000000001,2.0,5.9,7.9,8.3,2.8,0.3,4.8,4.2,20.7,92.0,111.0,1998,Bobby Jackson-1998,0.0,Not Selected,Guard,DEN,0.009251471825063078
1997-98,Jaren Jackson,jacksja01,SG,30,SAS,82,45,2226,6.3,15.9,0.39399999999999996,2.7,7.2,0.377,3.6,8.7,0.409,2.3,2.9,0.797,1.3,3.8,5.1,3.8,1.5,0.2,2.5,5.4,17.6,102.0,103.0,1998,Jaren Jackson-1998,0.0,Not Selected,Guard,SAS,0.04709840201850295
1997-98,Jim Jackson,jacksji01,SG,27,TOT,79,78,3046,8.3,19.2,0.43,1.1,3.3,0.319,7.2,15.9,0.45299999999999996,4.0,4.9,0.812,2.3,4.7,6.9,6.6,1.4,0.1,4.6,3.2,21.5,99.0,109.0,1998,Jim Jackson-1998,0.0,Not Selected,Guard,TOT,0.03333333333333333
1997-98,Mark Jackson,jacksma01,PG,32,IND,82,82,2413,5.6,13.5,0.41600000000000004,1.0,3.1,0.314,4.7,10.4,0.447,3.1,4.1,0.7609999999999999,1.5,5.8,7.3,16.1,1.9,0.0,3.9,3.0,15.3,111.0,103.0,1998,Mark Jackson-1998,0.0,Not Selected,Guard,IND,0.04878048780487805
1997-98,Henry James,jameshe01,PF,32,CLE,28,0,166,7.7,19.0,0.40700000000000003,3.5,8.0,0.44,4.2,10.9,0.382,6.8,7.1,0.955,0.6,4.2,4.8,1.6,0.3,0.3,3.9,7.7,25.7,105.0,105.0,1998,Henry James-1998,0.0,Not Selected,Forward,CLE,0.03952901597981497
1997-98,Anthony Johnson,johnsan02,PG,23,SAC,77,62,2266,5.2,14.0,0.371,1.0,2.9,0.32799999999999996,4.2,11.1,0.38299999999999995,1.8,2.5,0.727,1.2,2.8,3.9,7.6,1.5,0.1,2.8,4.3,13.2,95.0,111.0,1998,Anthony Johnson-1998,0.0,Not Selected,Guard,SAC,0.022708158116063918
1997-98,Avery Johnson,johnsav01,PG,32,SAS,75,73,2674,6.5,13.6,0.478,0.0,0.3,0.154,6.5,13.4,0.485,2.5,3.4,0.726,0.6,2.4,3.0,12.0,1.7,0.4,3.3,2.8,15.6,109.0,104.0,1998,Avery Johnson-1998,0.0,Not Selected,Guard,SAS,0.04709840201850295
1997-98,Eddie Johnson,johnsed03,SF,38,HOU,75,1,1490,8.0,19.3,0.41700000000000004,2.3,7.0,0.33299999999999996,5.7,12.3,0.465,4.0,4.8,0.831,1.8,3.6,5.4,3.1,1.1,0.1,2.2,3.2,22.4,108.0,113.0,1998,Eddie Johnson-1998,0.0,Not Selected,Forward,HOU,0.034482758620689655
1997-98,Ervin Johnson,johnser02,C,30,MIL,81,81,2261,6.0,11.1,0.537,0.0,0.0,0.0,6.0,11.1,0.537,3.4,5.6,0.601,5.7,10.4,16.1,1.4,1.9,3.7,2.8,7.6,15.3,110.0,100.0,1998,Ervin Johnson-1998,0.0,Not Selected,Center,MIL,0.030277544154751892
1997-98,Kevin Johnson,johnske02,PG,31,PHO,50,12,1290,6.3,14.1,0.447,0.2,1.1,0.154,6.1,13.1,0.47,6.6,7.6,0.871,1.4,5.2,6.7,10.0,1.1,0.3,4.1,2.3,19.4,111.0,106.0,1998,Kevin Johnson-1998,0.0,Not Selected,Guard,PHO,0.04709840201850295
1997-98,Larry Johnson,johnsla02,SF,28,NYK,70,70,2412,9.7,19.9,0.485,0.3,1.4,0.23800000000000002,9.3,18.5,0.504,4.8,6.4,0.7559999999999999,3.9,5.1,9.0,3.4,0.9,0.3,2.9,4.4,24.5,109.0,104.0,1998,Larry Johnson-1998,0.0,Not Selected,Forward,NYK,0.03616484440706476
1997-98,Charles Jones,jonesch01,PF,40,HOU,24,0,127,2.9,4.2,0.7,0.0,0.0,0.0,2.9,4.2,0.7,0.4,0.8,0.5,5.0,5.0,10.0,2.1,0.4,2.5,1.7,9.1,6.2,127.0,111.0,1998,Charles Jones-1998,0.0,Not Selected,Forward,HOU,0.034482758620689655
1997-98,Dontae' Jones,jonesdo01,SF,22,BOS,15,0,91,10.7,32.2,0.33299999999999996,3.4,13.0,0.261,7.4,19.2,0.382,0.0,0.0,0.0,1.7,3.4,5.1,2.8,1.1,1.7,6.2,6.8,24.9,74.0,109.0,1998,Dontae' Jones-1998,0.0,Not Selected,Forward,BOS,0.030277544154751892
1997-98,Eddie Jones,jonesed02,SG,26,LAL,80,80,2910,8.6,17.7,0.484,2.5,6.5,0.389,6.0,11.2,0.5379999999999999,4.1,5.4,0.765,1.5,3.8,5.3,4.3,2.8,1.0,2.6,2.9,23.8,117.0,104.0,1998,Eddie Jones-1998,0.0,Not Selected,Guard,LAL,0.051303616484440706
1997-98,Popeye Jones,jonespo01,PF,27,TOR,14,4,352,7.7,18.7,0.409,0.3,0.4,0.667,7.4,18.3,0.40299999999999997,2.1,2.8,0.737,7.4,7.7,15.0,2.7,1.5,0.4,2.4,5.7,17.7,101.0,111.0,1998,Popeye Jones-1998,0.0,Not Selected,Forward,TOR,0.01345668629100084
1997-98,Michael Jordan,jordami01,SG,34,CHI,82,82,3181,14.9,32.1,0.465,0.5,2.1,0.23800000000000002,14.4,30.0,0.48200000000000004,9.6,12.2,0.784,2.2,5.8,8.1,4.8,2.4,0.8,3.1,2.6,40.0,114.0,100.0,1998,Michael Jordan-1998,1.0,1st,Guard,CHI,0.05214465937762826
1997-98,Reggie Jordan,jordare01,SG,30,MIN,57,1,487,5.7,12.0,0.478,0.0,0.1,0.0,5.7,11.9,0.48200000000000004,4.4,7.7,0.569,6.1,4.3,10.3,5.3,3.7,1.0,3.2,6.7,15.9,108.0,104.0,1998,Reggie Jordan-1998,0.0,Not Selected,Guard,MIN,0.03784693019343986
1997-98,Adam Keefe,keefead01,C,27,UTA,80,75,2047,6.0,11.2,0.54,0.0,0.0,0.0,6.0,11.2,0.54,4.3,5.3,0.81,4.7,6.8,11.5,2.3,1.4,0.6,1.9,4.5,16.3,125.0,107.0,1998,Adam Keefe-1998,0.0,Not Selected,Center,UTA,0.05214465937762826
1997-98,Shawn Kemp,kempsh01,PF,28,CLE,80,80,2769,10.0,22.5,0.445,0.0,0.2,0.25,10.0,22.3,0.446,7.8,10.7,0.727,4.2,10.1,14.4,3.8,2.1,1.7,5.2,6.0,27.8,98.0,96.0,1998,Shawn Kemp-1998,0.0,Not Selected,Forward,CLE,0.03952901597981497
1997-98,Tim Kempton,kemptti01,PF,34,TOT,8,0,47,2.2,10.1,0.222,0.0,0.0,0.0,2.2,10.1,0.222,0.0,0.0,0.0,4.5,2.2,6.7,3.4,1.1,2.2,4.5,11.2,4.5,57.0,112.0,1998,Tim Kempton-1998,0.0,Not Selected,Forward,TOT,0.03333333333333333
1997-98,Steve Kerr,kerrst01,PG,32,CHI,50,0,1119,6.6,14.6,0.45399999999999996,2.7,6.3,0.43799999999999994,3.9,8.3,0.465,2.2,2.4,0.9179999999999999,0.7,3.0,3.7,4.6,1.3,0.2,1.3,3.4,18.1,124.0,105.0,1998,Steve Kerr-1998,0.0,Not Selected,Guard,CHI,0.05214465937762826
1997-98,Jerome Kersey,kerseje01,SF,35,SEA,37,2,717,7.2,17.4,0.41600000000000004,0.1,0.7,0.1,7.2,16.6,0.43,2.9,4.8,0.6,4.2,5.9,10.1,3.3,3.9,1.0,2.7,7.8,17.4,97.0,100.0,1998,Jerome Kersey-1998,0.0,Not Selected,Forward,OKC,0.051303616484440706
1997-98,Jason Kidd,kiddja01,PG,24,PHO,82,82,3118,6.0,14.5,0.41600000000000004,1.2,3.9,0.313,4.8,10.5,0.45399999999999996,2.8,3.5,0.799,1.8,6.8,8.6,12.5,2.7,0.4,4.4,2.4,16.1,105.0,101.0,1998,Jason Kidd-1998,0.0,Not Selected,Guard,PHO,0.04709840201850295
1997-98,Kerry Kittles,kittlke01,SG,23,NJN,77,76,2814,9.5,21.6,0.44,2.1,4.9,0.418,7.5,16.7,0.447,3.8,4.7,0.8079999999999999,2.5,4.3,6.8,3.3,2.5,0.7,2.0,2.8,24.9,115.0,107.0,1998,Kerry Kittles-1998,0.0,Not Selected,Guard,BRK,0.03616484440706476
1997-98,Joe Kleine,kleinjo01,C,36,CHI,46,1,397,5.3,14.4,0.368,0.0,0.0,0.0,5.3,14.4,0.368,2.0,2.4,0.833,3.7,6.8,10.5,4.1,0.5,0.7,3.8,8.6,12.6,87.0,103.0,1998,Joe Kleine-1998,0.0,Not Selected,Center,CHI,0.05214465937762826
1997-98,Brevin Knight,knighbr01,PG,22,CLE,80,76,2483,5.6,12.7,0.441,0.0,0.2,0.0,5.6,12.6,0.446,4.3,5.4,0.8009999999999999,1.4,4.0,5.4,14.1,4.2,0.4,4.2,5.8,15.6,109.0,97.0,1998,Brevin Knight-1998,0.0,Not Selected,Guard,CLE,0.03952901597981497
1997-98,Travis Knight,knightr01,C,23,BOS,74,21,1503,6.6,15.0,0.441,0.5,1.9,0.273,6.1,13.1,0.465,2.8,3.5,0.7859999999999999,5.0,7.5,12.5,3.6,1.8,2.8,3.0,8.7,16.5,104.0,103.0,1998,Travis Knight-1998,0.0,Not Selected,Center,BOS,0.030277544154751892
1997-98,Toni Kukoč,kukocto01,SF,29,CHI,74,52,2235,9.2,20.3,0.455,1.5,4.2,0.36200000000000004,7.7,16.1,0.48,3.7,5.3,0.708,2.9,5.0,7.9,7.6,1.8,0.9,3.7,3.6,23.7,109.0,101.0,1998,Toni Kukoč-1998,0.0,Not Selected,Forward,CHI,0.05214465937762826
1997-98,Christian Laettner,laettch01,PF,28,ATL,74,49,2282,8.5,17.5,0.485,0.1,0.6,0.222,8.4,16.9,0.495,7.3,8.5,0.8640000000000001,3.4,8.3,11.7,4.6,1.7,1.8,4.4,5.9,24.5,111.0,103.0,1998,Christian Laettner-1998,0.0,Not Selected,Forward,ATL,0.04205214465937763
1997-98,Andrew Lang,langan01,C,31,MIL,57,0,692,4.2,11.0,0.37799999999999995,0.0,0.1,0.0,4.2,10.9,0.38,3.4,4.4,0.772,4.3,7.5,11.8,1.2,1.4,2.1,2.5,7.8,11.7,95.0,105.0,1998,Andrew Lang-1998,0.0,Not Selected,Center,MIL,0.030277544154751892
1997-98,Antonio Lang,langan02,SF,25,MIA,6,0,29,5.6,9.4,0.6,0.0,0.0,0.0,5.6,9.4,0.6,11.3,15.1,0.75,3.8,5.6,9.4,1.9,3.8,0.0,7.5,5.6,22.6,103.0,100.0,1998,Antonio Lang-1998,0.0,Not Selected,Forward,MIA,0.04625735912531539
1997-98,Rusty LaRue,larueru01,PG,24,CHI,14,0,140,7.7,18.9,0.408,1.5,6.2,0.25,6.2,12.7,0.485,1.9,3.1,0.625,0.4,2.7,3.1,1.9,1.2,0.4,2.3,4.6,18.9,95.0,105.0,1998,Rusty LaRue-1998,0.0,Not Selected,Guard,CHI,0.05214465937762826
1997-98,Priest Lauderdale,laudepr01,C,24,DEN,39,0,345,8.2,19.7,0.41700000000000004,0.0,0.0,0.0,8.2,19.7,0.41700000000000004,5.9,10.7,0.551,4.2,11.3,15.5,3.3,1.1,2.6,7.1,9.8,22.3,82.0,108.0,1998,Priest Lauderdale-1998,0.0,Not Selected,Center,DEN,0.009251471825063078
1997-98,Jason Lawson,lawsoja01,C,23,ORL,17,0,80,6.2,10.3,0.6,0.0,0.0,0.0,6.2,10.3,0.6,5.5,6.9,0.8,5.5,13.1,18.6,3.4,2.8,2.8,1.4,9.6,17.9,141.0,95.0,1998,Jason Lawson-1998,0.0,Not Selected,Center,ORL,0.034482758620689655
1997-98,Tim Legler,legleti01,SG,31,WAS,8,0,76,2.1,13.1,0.158,0.0,4.1,0.0,2.1,8.9,0.231,2.1,2.8,0.75,1.4,1.4,2.8,2.1,0.7,0.0,2.8,7.6,6.2,53.0,111.0,1998,Tim Legler-1998,0.0,Not Selected,Guard,WAS,0.03532380151387721
1997-98,Voshon Lenard,lenarvo01,SG,24,MIA,81,81,2621,7.6,17.8,0.425,3.2,7.9,0.405,4.4,9.9,0.441,2.9,3.7,0.7879999999999999,1.5,4.6,6.1,3.7,1.2,0.3,2.1,4.6,21.2,113.0,106.0,1998,Voshon Lenard-1998,0.0,Not Selected,Guard,MIA,0.04625735912531539
1997-98,Alton Lister,listeal01,C,39,POR,7,0,44,3.6,9.7,0.375,0.0,0.0,0.0,3.6,9.7,0.375,0.0,0.0,0.0,2.4,10.9,13.3,1.2,1.2,1.2,2.4,14.5,7.3,76.0,100.0,1998,Alton Lister-1998,0.0,Not Selected,Center,POR,0.03868797308662742
1997-98,Randy Livingston,livinra01,PG,22,ATL,12,0,82,2.0,8.0,0.25,0.0,0.0,0.0,2.0,8.0,0.25,2.7,3.3,0.8,0.7,3.3,4.0,3.3,4.7,1.3,4.0,4.0,6.7,67.0,101.0,1998,Randy Livingston-1998,0.0,Not Selected,Guard,ATL,0.04205214465937763
1997-98,Horacio Llamas,llamaho01,C,24,PHO,8,0,42,10.0,26.2,0.381,1.2,3.7,0.33299999999999996,8.7,22.5,0.389,8.7,12.5,0.7,5.0,17.5,22.5,1.2,1.2,3.7,11.2,17.5,30.0,77.0,92.0,1998,Horacio Llamas-1998,0.0,Not Selected,Center,PHO,0.04709840201850295
1997-98,Brad Lohaus,lohaubr01,PF,33,SAS,9,0,102,3.7,11.2,0.33299999999999996,2.1,7.5,0.28600000000000003,1.6,3.7,0.429,0.5,1.6,0.33299999999999996,1.6,4.8,6.4,2.7,0.5,1.1,1.6,5.3,10.1,92.0,104.0,1998,Brad Lohaus-1998,0.0,Not Selected,Forward,SAS,0.04709840201850295
1997-98,Grant Long,longgr01,PF,31,DET,40,17,739,3.7,8.6,0.42700000000000005,0.0,0.3,0.0,3.7,8.3,0.442,3.0,4.2,0.7190000000000001,4.2,6.8,11.0,1.8,2.1,0.9,1.6,6.7,10.4,109.0,103.0,1998,Grant Long-1998,0.0,Not Selected,Forward,DET,0.031118587047939444
1997-98,Luc Longley,longllu01,C,29,CHI,58,58,1703,8.8,19.3,0.455,0.0,0.0,0.0,8.8,19.3,0.455,3.5,4.7,0.736,3.6,7.2,10.8,5.1,1.1,2.0,4.1,6.5,21.0,99.0,100.0,1998,Luc Longley-1998,0.0,Not Selected,Center,CHI,0.05214465937762826
1997-98,George Lynch,lynchge01,SF,27,VAN,82,0,1493,8.7,18.0,0.48100000000000004,0.3,1.0,0.3,8.3,17.0,0.49200000000000005,3.9,5.5,0.703,5.1,7.5,12.6,4.3,2.3,1.4,3.6,5.6,21.5,105.0,109.0,1998,George Lynch-1998,0.0,Not Selected,Forward,MEM,0.0159798149705635
1997-98,Sam Mack,macksa01,SF,27,VAN,57,54,1414,8.2,20.6,0.397,4.1,9.9,0.409,4.1,10.7,0.386,2.3,2.8,0.805,1.1,3.8,4.9,3.7,1.5,0.4,2.5,4.3,22.7,104.0,114.0,1998,Sam Mack-1998,0.0,Not Selected,Forward,MEM,0.0159798149705635
1997-98,Don MacLean,macledo01,SF,28,NJN,9,0,42,1.3,12.6,0.1,1.3,2.5,0.5,0.0,10.0,0.0,0.0,0.0,0.0,3.8,2.5,6.3,0.0,0.0,0.0,2.5,8.8,3.8,46.0,114.0,1998,Don MacLean-1998,0.0,Not Selected,Forward,BRK,0.03616484440706476
1997-98,Gerald Madkins,madkige01,SG,28,GSW,19,0,243,2.8,7.3,0.382,1.3,3.2,0.4,1.5,4.1,0.368,1.1,1.5,0.7140000000000001,0.4,2.8,3.2,9.7,2.8,0.2,2.8,3.9,8.0,103.0,107.0,1998,Gerald Madkins-1998,0.0,Not Selected,Guard,GSW,0.0159798149705635
1997-98,Rick Mahorn,mahorri01,C,39,DET,59,0,707,4.5,9.9,0.457,0.0,0.0,0.0,4.5,9.9,0.457,1.8,2.6,0.6759999999999999,5.0,10.0,15.0,1.2,1.1,0.5,2.8,9.5,10.9,97.0,103.0,1998,Rick Mahorn-1998,0.0,Not Selected,Center,DET,0.031118587047939444
1997-98,Dan Majerle,majerda01,SG,32,MIA,72,22,1928,5.2,12.4,0.419,3.1,8.4,0.376,2.1,4.1,0.507,1.1,1.4,0.784,1.4,6.2,7.6,4.4,1.9,0.4,1.8,3.9,14.7,115.0,103.0,1998,Dan Majerle-1998,0.0,Not Selected,Guard,MIA,0.04625735912531539
1997-98,Karl Malone,malonka01,PF,34,UTA,81,81,3030,13.9,26.2,0.53,0.0,0.1,0.33299999999999996,13.8,26.0,0.531,11.2,14.7,0.7609999999999999,3.4,11.5,14.8,5.6,1.7,1.2,4.4,4.2,38.9,118.0,102.0,1998,Karl Malone-1998,1.0,1st,Forward,UTA,0.05214465937762826
1997-98,Matt Maloney,malonma01,PG,26,HOU,78,78,2217,5.7,13.9,0.408,3.0,8.2,0.364,2.7,5.7,0.47100000000000003,1.5,1.9,0.833,0.4,3.0,3.4,5.2,1.5,0.1,2.5,2.4,15.9,106.0,112.0,1998,Matt Maloney-1998,0.0,Not Selected,Guard,HOU,0.034482758620689655
1997-98,Danny Manning,mannida01,PF,31,PHO,70,11,1794,11.4,22.1,0.516,0.0,0.2,0.0,11.4,21.9,0.521,4.9,6.6,0.7390000000000001,3.2,8.3,11.5,4.1,2.1,1.3,2.9,5.9,27.7,111.0,100.0,1998,Danny Manning-1998,0.0,Not Selected,Forward,PHO,0.04709840201850295
1997-98,Stephon Marbury,marbust01,PG,20,MIN,82,81,3112,8.5,20.6,0.415,1.6,5.1,0.313,7.0,15.5,0.44799999999999995,5.5,7.5,0.731,1.0,2.9,3.8,11.7,1.7,0.1,4.3,3.7,24.2,105.0,111.0,1998,Stephon Marbury-1998,0.0,Not Selected,Guard,MIN,0.03784693019343986
1997-98,Donyell Marshall,marshdo01,SF,24,GSW,73,73,2611,9.1,21.9,0.414,1.3,4.0,0.313,7.8,17.9,0.436,3.2,4.3,0.731,4.2,8.4,12.6,3.2,1.9,1.5,3.0,4.5,22.6,100.0,104.0,1998,Donyell Marshall-1998,0.0,Not Selected,Forward,GSW,0.0159798149705635
1997-98,Darrick Martin,martida01,PG,26,LAC,82,63,2299,6.2,16.5,0.377,2.4,6.6,0.365,3.8,9.9,0.384,4.2,4.9,0.848,0.4,3.3,3.7,7.5,1.9,0.2,3.5,4.5,19.0,104.0,114.0,1998,Darrick Martin-1998,0.0,Not Selected,Guard,LAC,0.014297729184188394
1997-98,Jamal Mashburn,mashbja01,SF,25,MIA,48,48,1729,7.9,18.2,0.435,1.2,3.9,0.303,6.8,14.4,0.47,5.8,7.3,0.797,2.3,5.2,7.5,4.2,1.4,0.4,3.4,4.3,22.8,107.0,105.0,1998,Jamal Mashburn-1998,0.0,Not Selected,Forward,MIA,0.04625735912531539
1997-98,Anthony Mason,masonan01,PF,31,CHH,81,80,3148,6.6,13.0,0.509,0.0,0.1,0.0,6.6,13.0,0.512,4.5,6.9,0.649,3.0,11.1,14.1,5.8,1.2,0.3,2.5,3.1,17.7,114.0,104.0,1998,Anthony Mason-1998,0.0,Not Selected,Forward,CHO,0.04289318755256518
1997-98,Tony Massenburg,masseto01,C,30,VAN,61,13,894,8.6,18.0,0.479,0.0,0.0,0.0,8.6,18.0,0.479,5.8,8.0,0.73,4.7,8.9,13.5,1.2,1.5,1.4,3.5,7.2,23.1,104.0,110.0,1998,Tony Massenburg-1998,0.0,Not Selected,Center,MEM,0.0159798149705635
1997-98,Vernon Maxwell,maxweve01,SG,32,TOT,42,0,636,8.8,21.9,0.39899999999999997,3.1,9.5,0.33,5.6,12.4,0.452,4.1,5.1,0.8,1.2,3.7,4.8,4.4,1.4,0.3,3.4,6.0,24.7,102.0,108.0,1998,Vernon Maxwell-1998,0.0,Not Selected,Guard,TOT,0.03333333333333333
1997-98,Lee Mayberry,maybele01,PG,27,VAN,79,32,1835,3.7,9.9,0.375,1.8,5.1,0.35,1.9,4.8,0.402,1.1,1.4,0.745,0.5,2.7,3.2,9.9,1.8,0.3,3.2,4.7,10.3,101.0,115.0,1998,Lee Mayberry-1998,0.0,Not Selected,Guard,MEM,0.0159798149705635
1997-98,Bob McCann,mccanbo01,SF,33,TOR,1,0,5,0.0,10.4,0.0,0.0,0.0,0.0,0.0,10.4,0.0,0.0,0.0,0.0,0.0,10.4,10.4,0.0,0.0,0.0,0.0,10.4,0.0,0.0,112.0,1998,Bob McCann-1998,0.0,Not Selected,Forward,TOR,0.01345668629100084
1997-98,Walter McCarty,mccarwa01,SF,23,BOS,82,64,2340,6.5,16.1,0.40399999999999997,1.2,3.8,0.309,5.3,12.2,0.434,3.2,4.3,0.742,3.1,4.9,8.0,3.9,2.4,1.0,3.1,6.0,17.3,100.0,106.0,1998,Walter McCarty-1998,0.0,Not Selected,Forward,BOS,0.030277544154751892
1997-98,George McCloud,mccloge01,SF,30,PHO,63,13,1213,7.5,18.5,0.405,3.1,9.0,0.341,4.4,9.5,0.466,1.7,2.2,0.765,1.9,7.5,9.4,3.6,2.3,0.6,2.7,5.7,19.7,101.0,101.0,1998,George McCloud-1998,0.0,Not Selected,Forward,PHO,0.04709840201850295
1997-98,Xavier McDaniel,mcdanxa01,SF,34,NJN,20,0,180,2.9,8.8,0.33299999999999996,0.0,0.0,0.0,2.9,8.8,0.33299999999999996,1.5,2.3,0.625,3.5,5.6,9.1,2.6,0.9,0.6,2.3,6.7,7.3,87.0,109.0,1998,Xavier McDaniel-1998,0.0,Not Selected,Forward,BRK,0.03616484440706476
1997-98,Michael McDonald,mcdonmi01,C,28,CHH,1,0,4,0.0,0.0,0.0,0.0,0.0,0.0,0.0,0.0,0.0,0.0,0.0,0.0,13.4,0.0,13.4,0.0,0.0,0.0,26.8,13.4,0.0,27.0,114.0,1998,Michael McDonald-1998,0.0,Not Selected,Center,CHO,0.04289318755256518
1997-98,Antonio McDyess,mcdyean01,PF,23,PHO,81,81,2441,10.7,19.9,0.536,0.0,0.0,0.0,10.7,19.9,0.537,5.0,7.1,0.7020000000000001,4.4,8.8,13.2,2.3,2.2,2.9,3.1,6.3,26.3,111.0,98.0,1998,Antonio McDyess-1998,0.0,Not Selected,Forward,PHO,0.04709840201850295
1997-98,Tracy McGrady,mcgratr01,SF,18,TOR,64,17,1179,7.9,17.5,0.45,0.6,1.8,0.341,7.3,15.7,0.462,3.5,4.9,0.7120000000000001,4.6,7.2,11.8,4.3,2.2,2.7,2.9,3.8,19.8,106.0,109.0,1998,Tracy McGrady-1998,0.0,Not Selected,Forward,TOR,0.01345668629100084
1997-98,Jim McIlvaine,mcilvji01,C,25,SEA,78,72,1211,4.5,9.8,0.45299999999999996,0.0,0.1,0.0,4.5,9.7,0.45899999999999996,2.0,3.6,0.556,4.2,7.2,11.4,0.8,1.1,6.0,2.4,10.6,10.9,97.0,101.0,1998,Jim McIlvaine-1998,0.0,Not Selected,Center,OKC,0.051303616484440706
1997-98,Derrick McKey,mckeyde01,SF,31,IND,57,4,1316,6.2,13.6,0.45899999999999996,0.2,0.7,0.235,6.1,12.9,0.47100000000000003,2.3,3.2,0.7140000000000001,3.1,5.7,8.8,3.7,2.4,1.2,3.3,6.5,14.9,97.0,101.0,1998,Derrick McKey-1998,0.0,Not Selected,Forward,IND,0.04878048780487805
1997-98,Aaron McKie,mckieaa01,SG-SF,25,TOT,81,32,1813,4.1,11.2,0.365,0.4,1.9,0.19,3.7,9.4,0.39899999999999997,1.2,1.6,0.764,1.7,5.1,6.8,5.2,3.0,0.4,2.2,4.8,9.8,92.0,104.0,1998,Aaron McKie-1998,0.0,Not Selected,Forward,TOT,0.03333333333333333
1997-98,Nate McMillan,mcmilna01,SG,33,SEA,18,1,279,4.4,12.8,0.34299999999999997,2.9,6.5,0.441,1.5,6.3,0.242,0.2,0.2,1.0,2.5,5.2,7.7,10.5,2.7,0.8,2.3,7.9,11.9,113.0,103.0,1998,Nate McMillan-1998,0.0,Not Selected,Guard,OKC,0.051303616484440706
1997-98,Ron Mercer,mercero01,SG,21,BOS,80,62,2662,10.0,22.1,0.45,0.1,0.5,0.107,9.9,21.6,0.45799999999999996,3.6,4.3,0.8390000000000001,2.1,3.3,5.4,3.4,2.4,0.3,2.6,4.1,23.6,103.0,108.0,1998,Ron Mercer-1998,0.0,Not Selected,Guard,BOS,0.030277544154751892
1997-98,Marko Milič,milicma01,SF,20,PHO,33,0,163,12.6,20.6,0.609,1.0,1.9,0.5,11.6,18.7,0.621,3.5,5.5,0.647,3.2,4.8,8.1,3.9,3.2,0.0,6.8,5.5,29.6,101.0,101.0,1998,Marko Milič-1998,0.0,Not Selected,Forward,PHO,0.04709840201850295
1997-98,Anthony Miller,millean01,PF,26,ATL,37,0,228,7.0,12.5,0.5579999999999999,0.0,0.0,0.0,7.0,12.5,0.5579999999999999,5.0,9.4,0.5379999999999999,7.2,9.6,16.8,0.7,3.6,0.7,3.4,9.8,19.0,110.0,99.0,1998,Anthony Miller-1998,0.0,Not Selected,Forward,ATL,0.04205214465937763
1997-98,Oliver Miller,milleol01,C,27,TOR,64,53,1628,5.4,11.7,0.461,0.0,0.1,0.0,5.4,11.6,0.466,1.9,3.2,0.604,4.6,8.1,12.7,6.2,1.8,2.3,4.2,5.9,12.8,96.0,109.0,1998,Oliver Miller-1998,0.0,Not Selected,Center,TOR,0.01345668629100084
1997-98,Reggie Miller,millere01,SG,32,IND,81,81,2795,10.1,21.1,0.47700000000000004,3.2,7.5,0.429,6.9,13.7,0.504,7.5,8.6,0.868,0.9,3.6,4.5,3.3,1.5,0.2,2.5,2.9,30.8,121.0,105.0,1998,Reggie Miller-1998,3.0,3rd,Guard,IND,0.04878048780487805
1997-98,Chris Mills,millsch01,SF,28,NYK,80,29,2183,7.3,16.8,0.433,1.0,3.4,0.292,6.3,13.4,0.46799999999999997,3.8,4.7,0.804,3.0,7.2,10.2,3.3,1.1,0.7,2.7,5.4,19.3,104.0,101.0,1998,Chris Mills-1998,0.0,Not Selected,Forward,NYK,0.03616484440706476
1997-98,Terry Mills,millste01,PF,30,MIA,50,0,782,5.7,14.4,0.39299999999999996,1.7,5.7,0.309,3.9,8.7,0.44799999999999995,1.7,2.3,0.758,2.4,8.2,10.6,2.7,1.3,0.6,3.1,9.0,14.8,94.0,102.0,1998,Terry Mills-1998,0.0,Not Selected,Forward,MIA,0.04625735912531539
1997-98,Greg Minor,minorgr01,SG,26,BOS,69,16,1126,6.4,14.7,0.436,0.3,1.4,0.19399999999999998,6.1,13.3,0.462,2.7,3.9,0.6859999999999999,2.5,4.3,6.9,4.0,2.4,0.5,2.0,4.6,15.8,104.0,107.0,1998,Greg Minor-1998,0.0,Not Selected,Guard,BOS,0.030277544154751892
1997-98,Sam Mitchell,mitchsa01,SF,34,MIN,81,33,2239,8.6,18.5,0.46399999999999997,0.3,1.0,0.349,8.2,17.5,0.47,5.6,6.8,0.8320000000000001,2.7,6.2,8.9,2.5,1.5,0.5,1.5,4.6,23.2,115.0,108.0,1998,Sam Mitchell-1998,0.0,Not Selected,Forward,MIN,0.03784693019343986
1997-98,Eric Montross,montrer01,C,26,TOT,48,30,691,4.7,11.2,0.424,0.0,0.0,0.0,4.7,11.2,0.424,1.2,3.1,0.4,5.4,10.1,15.5,0.9,1.0,2.1,2.3,9.9,10.7,92.0,102.0,1998,Eric Montross-1998,0.0,Not Selected,Center,TOT,0.03333333333333333
1997-98,Chris Morris,morrich01,SF,32,UTA,54,1,538,8.5,20.7,0.41100000000000003,1.9,6.2,0.306,6.6,14.5,0.455,4.4,6.1,0.721,3.5,7.9,11.4,2.4,2.5,1.7,3.3,6.1,23.3,101.0,102.0,1998,Chris Morris-1998,0.0,Not Selected,Forward,UTA,0.05214465937762826
1997-98,Lawrence Moten,motenla01,SG,25,WAS,8,0,27,5.8,25.2,0.231,0.0,1.9,0.0,5.8,23.2,0.25,5.8,7.7,0.75,1.9,0.0,1.9,5.8,0.0,0.0,1.9,11.6,17.4,78.0,113.0,1998,Lawrence Moten-1998,0.0,Not Selected,Guard,WAS,0.03532380151387721
1997-98,Alonzo Mourning,mournal01,C,27,MIA,58,56,1939,11.3,20.6,0.551,0.0,0.0,0.0,11.3,20.6,0.551,8.7,13.1,0.665,5.4,10.3,15.7,1.5,1.1,3.7,5.0,5.9,31.4,109.0,99.0,1998,Alonzo Mourning-1998,0.0,Not Selected,Center,MIA,0.04625735912531539
1997-98,Chris Mullin,mullich01,SF,34,IND,82,82,2177,8.4,17.4,0.48100000000000004,2.7,6.1,0.44,5.7,11.3,0.503,3.9,4.1,0.9390000000000001,1.0,5.3,6.2,4.7,2.4,1.0,2.9,4.7,23.3,114.0,101.0,1998,Chris Mullin-1998,0.0,Not Selected,Forward,IND,0.04878048780487805
1997-98,Eric Murdock,murdoer01,PG,29,MIA,82,1,1395,6.9,16.4,0.42200000000000004,1.1,3.6,0.308,5.8,12.8,0.45399999999999996,4.9,6.1,0.8009999999999999,1.5,4.6,6.1,8.6,4.0,0.5,4.1,6.8,19.8,106.0,100.0,1998,Eric Murdock-1998,0.0,Not Selected,Guard,MIA,0.04625735912531539
1997-98,Lamond Murray,murrala01,SF,24,LAC,79,65,2579,9.5,19.8,0.48100000000000004,1.1,3.1,0.353,8.4,16.7,0.504,4.4,5.9,0.748,3.5,6.3,9.7,2.9,2.4,1.1,3.4,3.9,24.6,107.0,110.0,1998,Lamond Murray-1998,0.0,Not Selected,Forward,LAC,0.014297729184188394
1997-98,Tracy Murray,murratr01,SF,26,WAS,82,12,2227,10.5,23.6,0.446,3.7,9.5,0.392,6.8,14.2,0.48200000000000004,4.3,4.9,0.871,1.8,4.7,6.5,2.0,1.6,0.6,2.4,3.9,29.1,112.0,107.0,1998,Tracy Murray-1998,0.0,Not Selected,Forward,WAS,0.03532380151387721
1997-98,Dikembe Mutombo,mutomdi01,C,31,ATL,82,82,2917,7.5,13.9,0.537,0.0,0.0,0.0,7.5,13.9,0.537,5.7,8.5,0.67,5.2,12.3,17.5,1.5,0.6,5.2,3.2,4.8,20.7,114.0,99.0,1998,Dikembe Mutombo-1998,3.0,3rd,Center,ATL,0.04205214465937763
1997-98,Martin Müürsepp,muursma01,PF,23,DAL,41,7,603,7.3,16.9,0.435,1.4,3.4,0.42100000000000004,5.9,13.5,0.43799999999999994,4.5,5.9,0.7609999999999999,4.1,6.0,10.1,2.7,2.6,1.2,2.6,8.5,20.6,108.0,105.0,1998,Martin Müürsepp-1998,0.0,Not Selected,Forward,DAL,0.01682085786375105
1997-98,Pete Myers,myerspe01,SG,34,NYK,9,0,40,6.8,13.6,0.5,0.0,0.0,0.0,6.8,13.6,0.5,5.4,8.2,0.667,6.8,6.8,13.6,4.1,5.4,0.0,5.4,9.5,19.0,101.0,93.0,1998,Pete Myers-1998,0.0,Not Selected,Guard,NYK,0.03616484440706476
1997-98,Steve Nash,nashst01,PG,23,PHO,76,9,1664,8.5,18.4,0.45899999999999996,2.6,6.2,0.415,5.9,12.3,0.48100000000000004,2.3,2.7,0.86,1.0,4.0,5.0,8.3,2.0,0.1,3.1,4.6,21.8,111.0,105.0,1998,Steve Nash-1998,0.0,Not Selected,Guard,PHO,0.04709840201850295
1997-98,Ivano Newbill,newbiiv01,PF,27,VAN,28,2,249,4.2,11.9,0.35100000000000003,0.2,0.2,1.0,4.0,11.7,0.33899999999999997,3.6,6.3,0.5670000000000001,5.0,9.4,14.4,1.9,2.1,0.6,3.6,8.0,12.1,86.0,109.0,1998,Ivano Newbill-1998,0.0,Not Selected,Forward,MEM,0.0159798149705635
1997-98,Johnny Newman,newmajo01,SF,34,DEN,74,15,2176,8.5,19.7,0.431,0.9,2.6,0.34299999999999997,7.6,17.1,0.444,9.0,10.9,0.82,1.2,2.2,3.5,3.4,1.9,0.6,3.6,5.1,26.8,107.0,115.0,1998,Johnny Newman-1998,0.0,Not Selected,Forward,DEN,0.009251471825063078
1997-98,Jeff Nordgaard,nordgje01,PF,24,MIL,13,0,48,5.5,20.0,0.278,0.0,0.0,0.0,5.5,20.0,0.278,8.9,10.0,0.889,4.4,11.1,15.5,3.3,2.2,0.0,3.3,7.8,20.0,93.0,102.0,1998,Jeff Nordgaard-1998,0.0,Not Selected,Forward,MIL,0.030277544154751892
1997-98,Charles O'Bannon,obannch01,SG,22,DET,30,0,234,6.0,16.0,0.377,0.0,0.7,0.0,6.0,15.3,0.39399999999999996,2.8,3.5,0.8,3.3,4.4,7.7,4.0,2.1,0.2,2.1,3.5,14.9,97.0,105.0,1998,Charles O'Bannon-1998,0.0,Not Selected,Guard,DET,0.031118587047939444
1997-98,Jermaine O'Neal,onealje01,PF,19,POR,60,9,808,7.4,15.2,0.485,0.0,0.1,0.0,7.4,15.1,0.489,3.0,5.9,0.506,5.3,8.0,13.3,1.1,1.0,3.8,3.6,6.7,17.8,96.0,100.0,1998,Jermaine O'Neal-1998,0.0,Not Selected,Forward,POR,0.03868797308662742
1997-98,Shaquille O'Neal,onealsh01,C,25,LAL,60,57,2175,15.8,27.1,0.584,0.0,0.0,0.0,15.8,27.1,0.584,8.5,16.1,0.527,4.9,11.2,16.1,3.3,0.9,3.4,4.1,4.6,40.1,113.0,101.0,1998,Shaquille O'Neal-1998,1.0,1st,Center,LAL,0.051303616484440706
1997-98,Charles Oakley,oaklech01,PF,34,NYK,79,79,2734,6.1,13.9,0.44,0.0,0.1,0.0,6.1,13.8,0.444,1.9,2.3,0.851,4.3,10.1,14.4,4.0,2.4,0.4,2.5,5.6,14.2,102.0,97.0,1998,Charles Oakley-1998,0.0,Not Selected,Forward,NYK,0.03616484440706476
1997-98,Hakeem Olajuwon,olajuha01,C,35,HOU,47,45,1633,9.9,20.4,0.483,0.0,0.1,0.0,9.9,20.4,0.486,5.2,6.8,0.755,3.7,11.1,14.9,4.6,2.7,3.1,4.1,4.9,24.9,105.0,101.0,1998,Hakeem Olajuwon-1998,0.0,Not Selected,Center,HOU,0.034482758620689655
1997-98,Brian Oliver,olivebr01,SG,29,ATL,5,0,61,6.3,17.1,0.368,0.0,0.0,0.0,6.3,17.1,0.368,0.9,3.6,0.25,2.7,5.4,8.1,1.8,0.9,0.0,0.9,3.6,13.5,88.0,108.0,1998,Brian Oliver-1998,0.0,Not Selected,Guard,ATL,0.04205214465937763
1997-98,Jimmy Oliver,oliveji01,SG,28,WAS,1,0,10,10.5,20.9,0.5,5.2,10.5,0.5,5.2,10.5,0.5,0.0,0.0,0.0,0.0,10.5,10.5,5.2,0.0,0.0,0.0,5.2,26.1,137.0,106.0,1998,Jimmy Oliver-1998,0.0,Not Selected,Guard,WAS,0.03532380151387721
1997-98,Kevin Ollie,ollieke01,PG,25,TOT,35,0,430,4.7,12.4,0.37799999999999995,0.0,0.1,0.0,4.7,12.2,0.381,6.2,8.8,0.7,1.1,3.8,4.9,8.2,1.6,0.0,5.5,3.9,15.5,90.0,109.0,1998,Kevin Ollie-1998,0.0,Not Selected,Guard,TOT,0.03333333333333333
1997-98,Greg Ostertag,ostergr01,C,24,UTA,63,23,1288,4.8,10.0,0.48100000000000004,0.0,0.0,0.0,4.8,10.0,0.48100000000000004,2.8,5.9,0.479,5.6,10.0,15.6,1.0,1.2,5.5,3.1,6.9,12.4,98.0,100.0,1998,Greg Ostertag-1998,0.0,Not Selected,Center,UTA,0.05214465937762826
1997-98,Bo Outlaw,outlabo01,PF,26,ORL,82,76,2953,5.6,10.1,0.5539999999999999,0.0,0.1,0.25,5.6,10.1,0.557,3.4,5.8,0.575,4.8,7.1,11.9,4.0,2.0,3.4,3.3,4.9,14.6,109.0,101.0,1998,Bo Outlaw-1998,0.0,Not Selected,Forward,ORL,0.034482758620689655
1997-98,Doug Overton,overtdo01,PG,28,PHI,23,2,277,4.6,12.1,0.381,0.0,0.6,0.0,4.6,11.5,0.4,2.7,3.1,0.875,0.4,2.3,2.7,7.1,1.5,0.2,4.4,6.5,11.9,85.0,110.0,1998,Doug Overton-1998,0.0,Not Selected,Guard,PHI,0.02607232968881413
1997-98,Billy Owens,owensbi01,SF,28,SAC,78,78,2348,7.5,16.2,0.46399999999999997,0.6,1.6,0.371,6.9,14.6,0.474,2.6,4.4,0.589,3.8,9.1,12.9,4.9,2.1,0.8,3.4,5.1,18.2,100.0,104.0,1998,Billy Owens-1998,0.0,Not Selected,Forward,SAC,0.022708158116063918
1997-98,Robert Pack,packro01,PG,28,DAL,12,10,292,6.0,17.9,0.337,0.5,1.1,0.5,5.5,16.8,0.326,4.6,6.6,0.6940000000000001,1.5,4.8,6.2,7.7,3.7,0.2,6.9,3.1,17.2,78.0,105.0,1998,Robert Pack-1998,0.0,Not Selected,Guard,DAL,0.01682085786375105
1997-98,Anthony Parker,parkean01,SG,22,PHI,37,0,196,6.8,17.1,0.397,2.4,7.6,0.321,4.3,9.5,0.457,3.5,5.4,0.65,2.2,4.9,7.0,5.1,3.0,0.8,3.0,4.6,19.5,103.0,105.0,1998,Anthony Parker-1998,0.0,Not Selected,Guard,PHI,0.02607232968881413
1997-98,Cherokee Parks,parksch02,C,25,MIN,79,43,1703,6.8,13.7,0.499,0.0,0.0,0.0,6.8,13.6,0.5,3.3,5.1,0.6509999999999999,4.3,9.0,13.3,1.6,1.1,2.6,2.0,7.2,17.0,109.0,105.0,1998,Cherokee Parks-1998,0.0,Not Selected,Center,MIN,0.03784693019343986
1997-98,Gary Payton,paytoga01,PG,29,SEA,82,82,3145,9.8,21.7,0.45299999999999996,2.3,6.7,0.33799999999999997,7.6,15.0,0.505,4.7,6.4,0.7440000000000001,1.3,5.1,6.4,11.5,3.1,0.3,3.9,3.3,26.7,114.0,103.0,1998,Gary Payton-1998,1.0,1st,Guard,OKC,0.051303616484440706
1997-98,Anthony Peeler,peelean01,SG,28,TOT,38,32,1193,8.3,18.3,0.452,2.3,5.4,0.424,6.0,12.8,0.46399999999999997,1.6,2.0,0.7659999999999999,1.6,3.7,5.3,6.0,2.7,0.3,2.2,4.2,20.4,110.0,109.0,1998,Anthony Peeler-1998,0.0,Not Selected,Guard,TOT,0.03333333333333333
1997-98,Will Perdue,perduwi01,C,32,SAS,79,30,1491,5.9,10.7,0.5489999999999999,0.0,0.0,0.0,5.9,10.7,0.551,2.5,4.8,0.526,6.4,13.0,19.5,2.1,0.8,1.8,2.9,5.0,14.3,108.0,96.0,1998,Will Perdue-1998,0.0,Not Selected,Center,SAS,0.04709840201850295
1997-98,Sam Perkins,perkisa01,PF,36,SEA,81,0,1675,6.3,15.0,0.41600000000000004,2.8,7.1,0.392,3.5,7.9,0.43799999999999994,3.2,4.1,0.789,1.7,6.4,8.1,3.6,2.0,0.9,2.0,5.0,18.5,112.0,104.0,1998,Sam Perkins-1998,0.0,Not Selected,Forward,OKC,0.051303616484440706
1997-98,Elliot Perry,perryel01,PG,28,MIL,81,33,1752,7.3,17.0,0.43,0.5,1.5,0.34,6.8,15.5,0.43799999999999994,2.8,3.3,0.8440000000000001,0.6,2.6,3.3,7.0,2.7,0.1,3.9,3.9,18.0,96.0,107.0,1998,Elliot Perry-1998,0.0,Not Selected,Guard,MIL,0.030277544154751892
1997-98,Chuck Person,persoch01,PF,33,SAS,61,11,1455,5.3,14.8,0.359,3.5,10.3,0.344,1.8,4.6,0.39299999999999996,1.0,1.4,0.757,0.6,7.0,7.6,3.2,1.1,0.4,2.5,4.5,15.3,96.0,102.0,1998,Chuck Person-1998,0.0,Not Selected,Forward,SAS,0.04709840201850295
1997-98,Wesley Person,persowe01,SG,26,CLE,82,82,3198,7.3,16.0,0.46,3.2,7.5,0.43,4.1,8.5,0.486,2.2,2.8,0.7759999999999999,1.1,5.0,6.1,3.1,2.2,0.8,1.8,1.8,20.1,114.0,101.0,1998,Wesley Person-1998,0.0,Not Selected,Guard,CLE,0.03952901597981497
1997-98,Bobby Phills,phillbo01,SG,28,CHH,62,61,1887,7.0,15.7,0.446,1.3,3.2,0.386,5.7,12.5,0.461,3.0,4.0,0.757,1.7,4.5,6.1,5.3,2.3,0.5,3.1,5.1,18.3,104.0,106.0,1998,Bobby Phills-1998,0.0,Not Selected,Guard,CHO,0.04289318755256518
1997-98,Eric Piatkowski,piatker01,SG,27,LAC,67,35,1740,7.7,17.0,0.452,3.2,7.7,0.409,4.5,9.2,0.489,4.2,5.1,0.8240000000000001,2.1,5.0,7.0,2.5,1.5,0.4,2.4,4.1,22.7,117.0,113.0,1998,Eric Piatkowski-1998,0.0,Not Selected,Guard,LAC,0.014297729184188394
1997-98,Ricky Pierce,piercri01,SG,38,MIL,39,0,442,6.3,17.2,0.364,0.5,1.6,0.308,5.8,15.7,0.369,5.2,6.3,0.8270000000000001,2.3,3.1,5.4,4.1,1.1,0.0,2.5,4.2,18.2,99.0,110.0,1998,Ricky Pierce-1998,0.0,Not Selected,Guard,MIL,0.030277544154751892
1997-98,Scottie Pippen,pippesc01,SF,32,CHI,44,44,1652,10.3,23.0,0.447,2.0,6.3,0.318,8.3,16.7,0.496,4.9,6.3,0.777,1.7,5.7,7.4,8.3,2.6,1.4,3.6,3.8,27.5,112.0,99.0,1998,Scottie Pippen-1998,3.0,3rd,Forward,CHI,0.05214465937762826
1997-98,Scot Pollard,pollasc01,C,22,DET,33,0,317,6.0,12.0,0.5,0.0,0.0,0.0,6.0,12.0,0.5,3.3,3.9,0.826,5.8,6.9,12.7,1.5,1.4,1.7,2.1,8.2,15.3,116.0,103.0,1998,Scot Pollard-1998,0.0,Not Selected,Center,DET,0.031118587047939444
1997-98,Olden Polynice,polynol01,C,33,SAC,70,25,1458,8.9,19.4,0.45899999999999996,0.0,0.0,0.0,8.9,19.3,0.46,1.9,4.1,0.452,6.2,9.5,15.7,3.8,1.3,1.6,3.5,5.6,19.7,96.0,104.0,1998,Olden Polynice-1998,0.0,Not Selected,Center,SAC,0.022708158116063918
1997-98,Mark Pope,popema01,SF,25,IND,28,0,193,4.0,11.6,0.341,0.3,0.8,0.33299999999999996,3.7,10.8,0.342,2.8,4.8,0.588,2.5,4.8,7.4,2.0,0.8,1.7,2.8,10.2,11.0,83.0,104.0,1998,Mark Pope-1998,0.0,Not Selected,Forward,IND,0.04878048780487805
1997-98,Terry Porter,portete01,PG,34,MIN,82,8,1786,7.5,16.7,0.449,2.7,6.8,0.395,4.8,10.0,0.485,4.8,5.7,0.856,1.1,3.8,4.9,7.9,1.8,0.5,3.0,3.0,22.6,117.0,109.0,1998,Terry Porter-1998,0.0,Not Selected,Guard,MIN,0.03784693019343986
1997-98,Vitaly Potapenko,potapvi01,C,22,CLE,80,0,1412,8.9,18.5,0.48,0.0,0.0,0.0,8.9,18.4,0.48,3.9,5.4,0.708,4.2,7.7,11.8,2.2,1.0,1.1,5.0,7.5,21.6,93.0,101.0,1998,Vitaly Potapenko-1998,0.0,Not Selected,Center,CLE,0.03952901597981497
1997-98,Brent Price,pricebr01,PG,29,HOU,72,2,1332,5.1,12.3,0.413,2.9,7.4,0.39,2.2,4.9,0.447,3.0,3.9,0.7859999999999999,1.5,2.8,4.2,7.6,2.1,0.2,4.4,6.5,16.1,106.0,111.0,1998,Brent Price-1998,0.0,Not Selected,Guard,HOU,0.034482758620689655
1997-98,Mark Price,pricema01,PG,33,ORL,63,33,1430,8.8,20.5,0.431,2.0,6.0,0.335,6.8,14.5,0.47100000000000003,3.4,4.0,0.845,0.9,4.0,5.0,11.4,2.0,0.2,6.2,3.5,23.0,99.0,106.0,1998,Mark Price-1998,0.0,Not Selected,Guard,ORL,0.034482758620689655
1997-98,Theo Ratliff,ratlith01,C,24,TOT,82,67,2447,6.7,13.0,0.513,0.0,0.0,0.0,6.7,13.0,0.513,4.3,6.1,0.701,4.8,7.1,11.9,1.2,1.1,5.6,2.5,6.4,17.7,111.0,102.0,1998,Theo Ratliff-1998,0.0,Not Selected,Center,TOT,0.03333333333333333
1997-98,Eldridge Recasner,recasel01,SG,30,ATL,59,14,1454,7.8,17.0,0.456,2.3,5.6,0.419,5.4,11.4,0.474,2.8,3.0,0.937,1.2,4.1,5.3,4.4,1.5,0.0,3.4,3.5,20.6,109.0,108.0,1998,Eldridge Recasner-1998,0.0,Not Selected,Guard,ATL,0.04205214465937763
1997-98,Bryant Reeves,reevebr01,C,24,VAN,74,74,2527,10.1,19.4,0.523,0.0,0.1,0.0,10.1,19.3,0.525,4.6,6.5,0.706,4.0,8.0,12.1,3.2,0.8,1.6,3.2,5.7,24.9,110.0,112.0,1998,Bryant Reeves-1998,0.0,Not Selected,Center,MEM,0.0159798149705635
1997-98,Khalid Reeves,reevekh01,PG,25,DAL,82,54,1950,6.8,16.2,0.418,1.5,4.2,0.368,5.3,12.1,0.435,4.5,5.8,0.775,1.5,3.6,5.1,6.3,2.2,0.3,3.6,5.3,19.6,103.0,109.0,1998,Khalid Reeves-1998,0.0,Not Selected,Guard,DAL,0.01682085786375105
1997-98,Don Reid,reiddo01,PF,24,DET,68,44,994,5.1,9.6,0.534,0.0,0.0,0.0,5.1,9.6,0.534,2.7,3.9,0.7040000000000001,4.2,5.4,9.6,1.4,1.4,3.0,1.5,10.0,13.0,119.0,103.0,1998,Don Reid-1998,0.0,Not Selected,Forward,DET,0.031118587047939444
1997-98,J.R. Reid,reidjr01,PF,29,CHH,79,1,1109,7.1,15.4,0.45899999999999996,0.1,0.4,0.375,6.9,15.0,0.461,4.3,5.9,0.73,3.5,6.7,10.2,2.5,1.7,0.9,3.1,8.3,18.6,102.0,105.0,1998,J.R. Reid-1998,0.0,Not Selected,Forward,CHO,0.04289318755256518
1997-98,Shawn Respert,respesh01,SG,25,TOT,57,4,911,7.4,16.8,0.444,1.8,5.3,0.33299999999999996,5.7,11.5,0.495,2.7,3.5,0.787,2.1,3.6,5.7,3.5,1.9,0.1,2.7,4.3,19.4,105.0,113.0,1998,Shawn Respert-1998,0.0,Not Selected,Guard,TOT,0.03333333333333333
1997-98,Rodrick Rhodes,rhodero01,SF,24,HOU,58,13,1070,5.5,15.0,0.36700000000000005,0.1,0.4,0.25,5.4,14.6,0.37,5.5,8.9,0.617,1.4,2.1,3.5,5.4,3.1,0.5,4.8,6.2,16.6,86.0,109.0,1998,Rodrick Rhodes-1998,0.0,Not Selected,Forward,HOU,0.034482758620689655
1997-98,Glen Rice,ricegl01,SF,30,CHH,82,82,3295,10.3,22.6,0.457,2.1,4.9,0.433,8.2,17.7,0.46399999999999997,7.0,8.2,0.8490000000000001,1.5,4.3,5.8,3.0,1.3,0.4,3.0,3.3,29.8,112.0,109.0,1998,Glen Rice-1998,3.0,3rd,Forward,CHO,0.04289318755256518
1997-98,Pooh Richardson,richapo01,PG,31,LAC,69,17,1252,5.1,13.8,0.37200000000000005,0.5,2.4,0.193,4.7,11.5,0.409,1.2,1.8,0.698,0.7,3.3,4.0,9.4,1.8,0.1,2.2,2.9,12.0,99.0,114.0,1998,Pooh Richardson-1998,0.0,Not Selected,Guard,LAC,0.014297729184188394
1997-98,Mitch Richmond,richmmi01,SG,32,SAC,70,70,2569,11.0,24.7,0.445,2.6,6.8,0.389,8.4,18.0,0.466,8.3,9.6,0.8640000000000001,1.0,3.6,4.6,5.7,1.8,0.3,3.7,3.1,32.9,112.0,109.0,1998,Mitch Richmond-1998,3.0,3rd,Guard,SAC,0.022708158116063918
1997-98,Isaiah Rider,rideris01,SG,26,POR,74,66,2786,10.5,24.9,0.423,2.6,8.0,0.321,8.0,16.9,0.47200000000000003,4.2,5.1,0.828,1.9,4.7,6.6,4.4,1.1,0.4,3.6,3.6,27.9,104.0,106.0,1998,Isaiah Rider-1998,0.0,Not Selected,Guard,POR,0.03868797308662742
1997-98,Eric Riley,rileyer01,C,27,DAL,39,14,544,5.5,13.2,0.415,0.0,0.1,0.0,5.5,13.1,0.418,2.6,3.5,0.75,4.2,8.8,13.0,2.2,1.5,4.5,3.6,7.8,13.6,90.0,103.0,1998,Eric Riley-1998,0.0,Not Selected,Center,DAL,0.01682085786375105
1997-98,Stanley Roberts,roberst01,C,27,MIN,74,44,1328,7.5,15.1,0.495,0.0,0.0,0.0,7.5,15.1,0.495,2.9,6.1,0.48100000000000004,4.3,9.9,14.2,1.1,0.9,2.8,2.7,8.8,17.8,98.0,104.0,1998,Stanley Roberts-1998,0.0,Not Selected,Center,MIN,0.03784693019343986
1997-98,Chris Robinson,robinch01,SG,23,TOT,35,0,414,8.2,21.9,0.374,3.0,8.3,0.364,5.2,13.6,0.38,1.0,2.0,0.5,1.1,4.7,5.8,4.9,2.4,0.5,4.2,6.3,20.4,87.0,109.0,1998,Chris Robinson-1998,0.0,Not Selected,Guard,TOT,0.03333333333333333
1997-98,Clifford Robinson,robincl02,SF,31,PHO,80,64,2359,9.5,19.9,0.479,0.6,1.9,0.321,8.9,18.0,0.496,5.5,8.0,0.6890000000000001,3.4,5.7,9.1,3.8,2.0,2.0,3.1,5.5,25.2,108.0,101.0,1998,Clifford Robinson-1998,0.0,Not Selected,Forward,PHO,0.04709840201850295
1997-98,David Robinson,robinda01,C,32,SAS,73,73,2457,12.0,23.5,0.511,0.0,0.1,0.25,12.0,23.4,0.512,10.7,14.6,0.735,5.3,11.8,17.1,4.4,1.4,4.2,4.5,4.5,34.8,114.0,94.0,1998,David Robinson-1998,2.0,2nd,Center,SAS,0.04709840201850295
1997-98,Glenn Robinson,robingl01,SF,25,MIL,56,56,2294,12.4,26.4,0.47,0.6,1.5,0.385,11.8,24.9,0.475,5.0,6.2,0.8079999999999999,1.9,5.2,7.1,3.7,1.6,0.8,4.6,3.8,30.4,100.0,107.0,1998,Glenn Robinson-1998,0.0,Not Selected,Forward,MIL,0.030277544154751892
1997-98,James Robinson,robinja02,PG,27,LAC,70,13,1231,8.2,21.1,0.389,3.1,9.5,0.32899999999999996,5.1,11.6,0.43799999999999994,3.2,4.5,0.72,1.6,3.1,4.7,5.7,1.6,0.4,4.1,4.3,22.8,98.0,114.0,1998,James Robinson-1998,0.0,Not Selected,Guard,LAC,0.014297729184188394
1997-98,Larry Robinson,robinla01,SF,30,VAN,6,0,41,7.6,24.2,0.316,3.8,7.6,0.5,3.8,16.5,0.231,2.5,2.5,1.0,2.5,12.7,15.3,1.3,5.1,0.0,2.5,0.0,21.6,90.0,101.0,1998,Larry Robinson-1998,0.0,Not Selected,Forward,MEM,0.0159798149705635
1997-98,Dennis Rodman,rodmade01,PF,36,CHI,80,66,2856,2.9,6.8,0.431,0.1,0.4,0.174,2.9,6.4,0.44799999999999995,1.2,2.1,0.55,7.9,14.7,22.7,4.3,0.9,0.3,2.8,4.5,7.1,106.0,97.0,1998,Dennis Rodman-1998,0.0,Not Selected,Forward,CHI,0.05214465937762826
1997-98,Carlos Rogers,rogerca01,PF,26,TOT,21,0,376,6.5,12.6,0.516,0.0,0.3,0.0,6.5,12.3,0.528,2.5,4.4,0.563,4.8,4.4,9.3,2.5,1.4,1.1,1.9,4.8,15.5,111.0,113.0,1998,Carlos Rogers-1998,0.0,Not Selected,Forward,TOT,0.03333333333333333
1997-98,Rodney Rogers,rogerro01,SF,26,LAC,76,70,2499,8.9,19.4,0.456,1.5,4.4,0.34,7.4,15.0,0.49,4.7,6.8,0.6859999999999999,3.2,5.6,8.8,4.2,1.9,0.8,4.0,5.0,23.9,104.0,111.0,1998,Rodney Rogers-1998,0.0,Not Selected,Forward,LAC,0.014297729184188394
1997-98,Roy Rogers,rogerro02,PF,24,TOT,15,0,106,4.4,12.2,0.36,0.0,0.0,0.0,4.4,12.2,0.36,1.0,2.9,0.33299999999999996,3.9,4.4,8.3,1.0,1.5,3.9,2.4,8.8,9.8,78.0,109.0,1998,Roy Rogers-1998,0.0,Not Selected,Forward,TOT,0.03333333333333333
1997-98,Sean Rooks,rooksse01,C,28,LAL,41,1,425,5.6,12.2,0.455,0.0,0.0,0.0,5.6,12.2,0.455,5.7,9.5,0.595,5.6,8.7,14.2,2.9,0.2,2.8,2.3,8.2,16.8,112.0,104.0,1998,Sean Rooks-1998,0.0,Not Selected,Center,LAL,0.051303616484440706
1997-98,Jalen Rose,roseja01,SF,25,IND,82,0,1706,9.3,19.4,0.478,0.8,2.3,0.342,8.5,17.1,0.496,5.3,7.3,0.728,0.9,5.3,6.2,5.0,1.8,0.4,4.2,5.5,24.7,101.0,103.0,1998,Jalen Rose-1998,0.0,Not Selected,Forward,IND,0.04878048780487805
1997-98,Malik Rose,rosema01,PF,23,SAS,53,0,429,7.5,17.2,0.434,0.1,0.4,0.33299999999999996,7.3,16.8,0.436,4.9,7.7,0.639,5.1,6.3,11.4,2.4,2.7,0.9,5.6,10.0,20.0,90.0,98.0,1998,Malik Rose-1998,0.0,Not Selected,Forward,SAS,0.04709840201850295
1997-98,Donald Royal,royaldo01,SF,31,TOT,31,5,323,4.2,11.5,0.36200000000000004,0.0,0.0,0.0,4.2,11.5,0.36200000000000004,4.8,5.5,0.879,3.0,3.8,6.8,2.8,1.2,0.2,1.7,5.8,13.1,107.0,109.0,1998,Donald Royal-1998,0.0,Not Selected,Forward,TOT,0.03333333333333333
1997-98,Clifford Rozier,roziecl01,C,25,MIN,6,0,30,5.2,10.4,0.5,0.0,0.0,0.0,5.2,10.4,0.5,0.0,1.7,0.0,5.2,5.2,10.4,0.0,0.0,0.0,6.9,12.1,10.4,66.0,112.0,1998,Clifford Rozier-1998,0.0,Not Selected,Center,MIN,0.03784693019343986
1997-98,Bryon Russell,russebr01,SF,27,UTA,82,7,2219,5.5,12.7,0.43,1.8,5.2,0.341,3.7,7.5,0.49200000000000005,5.2,6.7,0.7659999999999999,1.9,6.0,7.9,2.5,2.2,0.8,2.0,5.6,17.9,116.0,105.0,1998,Bryon Russell-1998,0.0,Not Selected,Forward,UTA,0.05214465937762826
1997-98,Arvydas Sabonis,sabonar01,C,33,POR,73,73,2333,9.3,18.9,0.493,0.7,2.6,0.261,8.6,16.3,0.53,7.4,9.3,0.7979999999999999,3.4,13.3,16.7,5.0,1.5,1.8,4.3,6.1,26.7,112.0,97.0,1998,Arvydas Sabonis-1998,0.0,Not Selected,Center,POR,0.03868797308662742
1997-98,Kevin Salvadori,salvake01,C,27,SAC,16,0,87,0.6,7.8,0.077,0.0,0.0,0.0,0.6,7.8,0.077,1.8,3.6,0.5,3.0,9.0,12.0,1.8,0.0,6.6,3.0,7.2,3.0,47.0,103.0,1998,Kevin Salvadori-1998,0.0,Not Selected,Center,SAC,0.022708158116063918
1997-98,Danny Schayes,schayda01,C,38,ORL,74,33,1272,6.7,16.1,0.418,0.0,0.0,0.0,6.7,16.1,0.418,4.2,5.2,0.807,4.2,6.3,10.5,1.9,1.5,1.4,2.6,7.9,17.6,101.0,104.0,1998,Danny Schayes-1998,0.0,Not Selected,Center,ORL,0.034482758620689655
1997-98,Detlef Schrempf,schrede01,SF,35,SEA,78,78,2742,8.5,17.5,0.48700000000000004,1.2,2.9,0.415,7.3,14.6,0.501,5.8,6.9,0.8440000000000001,2.6,8.2,10.8,6.6,1.2,0.4,3.3,4.0,24.0,118.0,105.0,1998,Detlef Schrempf-1998,0.0,Not Selected,Forward,OKC,0.051303616484440706
1997-98,Dennis Scott,scottde01,SF,29,TOT,81,45,2290,7.6,19.2,0.397,2.9,7.9,0.365,4.7,11.3,0.42,2.4,3.0,0.8079999999999999,1.1,4.6,5.7,3.6,1.2,0.9,2.4,3.5,20.6,101.0,109.0,1998,Dennis Scott-1998,0.0,Not Selected,Forward,TOT,0.03333333333333333
1997-98,Shawnelle Scott,scottsh01,C,25,CLE,41,0,188,4.5,10.2,0.444,0.0,0.0,0.0,4.5,10.2,0.444,3.4,5.1,0.667,5.7,11.1,16.8,2.3,1.7,2.3,2.8,12.8,12.5,102.0,95.0,1998,Shawnelle Scott-1998,0.0,Not Selected,Center,CLE,0.03952901597981497
1997-98,Shea Seals,sealssh01,SG,22,LAL,4,0,9,5.7,45.6,0.125,0.0,17.1,0.0,5.7,28.5,0.2,11.4,22.8,0.5,17.1,5.7,22.8,0.0,5.7,0.0,0.0,5.7,22.8,69.0,98.0,1998,Shea Seals-1998,0.0,Not Selected,Guard,LAL,0.051303616484440706
1997-98,Malik Sealy,sealyma01,SF,27,DET,77,10,1641,7.2,16.7,0.428,0.3,1.4,0.22,6.9,15.4,0.446,5.0,6.0,0.8240000000000001,1.6,5.7,7.3,3.3,2.2,0.7,2.6,5.2,19.6,103.0,104.0,1998,Malik Sealy-1998,0.0,Not Selected,Forward,DET,0.031118587047939444
1997-98,Rony Seikaly,seikaro01,C,32,TOT,56,49,1636,8.4,19.4,0.43200000000000005,0.0,0.1,0.0,8.4,19.3,0.433,8.2,11.1,0.741,4.9,8.3,13.2,2.6,0.9,1.4,4.9,5.5,25.0,100.0,104.0,1998,Rony Seikaly-1998,0.0,Not Selected,Center,TOT,0.03333333333333333
1997-98,God Shammgod,shammgo01,PG,21,WAS,20,0,146,6.8,20.8,0.32799999999999996,0.0,0.7,0.0,6.8,20.1,0.33899999999999997,8.2,10.7,0.767,0.7,1.8,2.5,12.9,2.5,0.4,7.5,9.7,21.8,87.0,107.0,1998,God Shammgod-1998,0.0,Not Selected,Guard,WAS,0.03532380151387721
1997-98,Brian Shaw,shawbr01,PG,31,TOT,59,34,1530,5.3,15.4,0.345,1.0,3.3,0.295,4.3,12.1,0.359,1.2,1.8,0.6920000000000001,1.3,6.1,7.4,9.0,1.7,0.6,3.4,5.1,12.8,89.0,107.0,1998,Brian Shaw-1998,0.0,Not Selected,Guard,TOT,0.03333333333333333
1997-98,Dickey Simpkins,simpkdi01,PF,25,TOT,40,0,433,5.9,10.9,0.539,0.0,0.2,0.0,5.9,10.7,0.552,4.4,8.6,0.514,3.3,6.2,9.5,4.1,1.1,0.6,3.9,6.6,16.2,100.0,105.0,1998,Dickey Simpkins-1998,0.0,Not Selected,Forward,TOT,0.03333333333333333
1997-98,Reggie Slater,slatere01,PF,27,TOR,78,28,1662,6.6,14.3,0.46,0.0,0.0,0.0,6.6,14.3,0.46,6.3,10.0,0.63,4.2,5.3,9.5,2.3,1.4,0.9,3.2,6.3,19.5,104.0,113.0,1998,Reggie Slater-1998,0.0,Not Selected,Forward,TOR,0.01345668629100084
1997-98,Charles Smith,smithch04,SG,22,TOT,34,0,292,8.8,22.4,0.392,2.7,8.4,0.319,6.1,14.0,0.436,1.1,2.0,0.545,2.3,2.5,4.8,3.8,2.1,1.1,4.8,4.3,21.3,87.0,112.0,1998,Charles Smith-1998,0.0,Not Selected,Guard,TOT,0.03333333333333333
1997-98,Joe Smith,smithjo02,PF,22,TOT,79,55,2344,10.4,24.0,0.434,0.0,0.2,0.0,10.4,23.9,0.43700000000000006,5.1,6.6,0.775,4.5,6.1,10.6,2.1,1.4,1.1,3.5,5.9,26.0,98.0,107.0,1998,Joe Smith-1998,0.0,Not Selected,Forward,TOT,0.03333333333333333
1997-98,Michael Smith,smithmi02,PF,25,TOT,48,33,1053,4.6,9.6,0.479,0.0,0.0,0.0,4.6,9.6,0.48200000000000004,3.2,5.1,0.631,5.9,9.2,15.1,4.4,2.0,0.7,2.5,4.7,12.4,111.0,107.0,1998,Michael Smith-1998,0.0,Not Selected,Forward,TOT,0.03333333333333333
1997-98,Steve Smith,smithst01,SG,28,ATL,73,73,2857,9.4,21.1,0.444,1.9,5.3,0.35100000000000003,7.5,15.8,0.475,7.5,8.7,0.855,2.5,3.4,5.9,5.6,1.4,0.6,3.4,4.2,28.1,117.0,108.0,1998,Steve Smith-1998,0.0,Not Selected,Guard,ATL,0.04205214465937763
1997-98,Tony Smith,smithto02,PG,29,MIL,7,0,80,5.3,16.0,0.33299999999999996,0.0,2.7,0.0,5.3,13.3,0.4,2.0,2.7,0.75,2.7,2.0,4.7,6.7,3.3,1.3,6.0,4.7,12.6,75.0,105.0,1998,Tony Smith-1998,0.0,Not Selected,Guard,MIL,0.030277544154751892
1997-98,Rik Smits,smitsri01,C,31,IND,73,69,2085,13.5,27.2,0.495,0.0,0.1,0.0,13.5,27.1,0.49700000000000005,4.9,6.3,0.7829999999999999,3.3,9.9,13.2,2.6,1.0,2.3,3.5,6.4,31.9,104.0,99.0,1998,Rik Smits-1998,0.0,Not Selected,Center,IND,0.04878048780487805
1997-98,Eric Snow,snower01,PG,24,TOT,64,0,918,4.6,10.6,0.429,0.1,1.0,0.11800000000000001,4.5,9.7,0.461,2.8,4.1,0.69,1.1,3.6,4.7,10.2,3.5,0.3,3.6,6.6,12.1,100.0,105.0,1998,Eric Snow-1998,0.0,Not Selected,Guard,TOT,0.03333333333333333
1997-98,Felton Spencer,spencfe01,C,30,GSW,68,0,813,3.8,8.3,0.457,0.0,0.0,0.0,3.8,8.3,0.457,2.8,5.1,0.557,6.0,8.6,14.6,1.1,1.5,2.4,3.2,11.3,10.5,94.0,103.0,1998,Felton Spencer-1998,0.0,Not Selected,Center,GSW,0.0159798149705635
1997-98,Latrell Sprewell,sprewla01,SG,27,GSW,14,13,547,10.6,26.6,0.397,0.9,4.6,0.188,9.7,22.0,0.441,6.7,9.0,0.745,0.7,4.2,4.9,6.5,1.8,0.5,4.2,2.5,28.7,97.0,108.0,1998,Latrell Sprewell-1998,0.0,Not Selected,Guard,GSW,0.0159798149705635
1997-98,Jerry Stackhouse,stackje01,SG-SF,23,TOT,79,37,2545,9.0,20.7,0.435,1.0,4.1,0.24100000000000002,8.0,16.6,0.483,7.5,9.6,0.787,2.2,3.4,5.6,5.1,1.9,1.3,4.8,3.7,26.5,103.0,106.0,1998,Jerry Stackhouse-1998,0.0,Not Selected,Forward,TOT,0.03333333333333333
1997-98,John Starks,starkjo01,SG,32,NYK,82,10,2188,9.3,23.6,0.39299999999999996,3.2,9.9,0.327,6.0,13.7,0.441,4.6,5.8,0.787,1.2,4.5,5.7,5.4,1.9,0.1,3.6,5.1,26.3,101.0,102.0,1998,John Starks-1998,0.0,Not Selected,Guard,NYK,0.03616484440706476
1997-98,Joe Stephens,stephjo01,SF,25,HOU,7,0,37,14.3,39.9,0.35700000000000004,4.3,14.3,0.3,10.0,25.7,0.389,5.7,8.6,0.667,4.3,4.3,8.6,1.4,2.9,0.0,2.9,2.9,38.5,93.0,109.0,1998,Joe Stephens-1998,0.0,Not Selected,Forward,HOU,0.034482758620689655
1997-98,Kebu Stewart,stewake01,PF,24,PHI,15,0,110,5.8,12.5,0.462,0.0,0.0,0.0,5.8,12.5,0.462,7.7,12.1,0.64,4.3,10.6,15.0,1.0,2.4,1.0,3.9,6.3,19.3,101.0,101.0,1998,Kebu Stewart-1998,0.0,Not Selected,Forward,PHI,0.02607232968881413
1997-98,Michael Stewart,stewami01,C,22,SAC,81,37,1761,4.6,9.6,0.48,0.0,0.0,0.0,4.6,9.6,0.48,1.9,4.2,0.45799999999999996,5.8,10.0,15.9,1.8,0.9,5.8,2.5,7.4,11.1,99.0,101.0,1998,Michael Stewart-1998,0.0,Not Selected,Center,SAC,0.022708158116063918
1997-98,Bryant Stith,stithbr01,SG,27,DEN,31,15,718,5.6,16.8,0.33299999999999996,0.7,3.6,0.20800000000000002,4.8,13.2,0.36700000000000005,5.6,6.4,0.872,1.1,3.7,4.8,3.7,1.6,0.6,2.6,3.9,17.5,95.0,115.0,1998,Bryant Stith-1998,0.0,Not Selected,Guard,DEN,0.009251471825063078
1997-98,John Stockton,stockjo01,PG,35,UTA,64,64,1858,7.8,14.8,0.528,1.1,2.6,0.429,6.7,12.2,0.55,5.5,6.7,0.8270000000000001,1.0,3.8,4.8,15.7,2.6,0.3,4.7,4.0,22.3,122.0,107.0,1998,John Stockton-1998,0.0,Not Selected,Guard,UTA,0.05214465937762826
1997-98,Ed Stokes,stokeed01,C,26,TOR,4,0,17,3.0,9.1,0.33299999999999996,0.0,0.0,0.0,3.0,9.1,0.33299999999999996,3.0,6.1,0.5,3.0,9.1,12.2,3.0,3.0,6.1,6.1,12.2,9.1,66.0,102.0,1998,Ed Stokes-1998,0.0,Not Selected,Center,TOR,0.01345668629100084
1997-98,Damon Stoudamire,stoudda01,PG,24,TOT,71,71,2839,8.2,20.1,0.41100000000000003,1.7,5.6,0.299,6.6,14.5,0.45399999999999996,4.4,5.3,0.8290000000000001,1.6,3.9,5.5,10.7,2.1,0.1,4.1,2.8,22.5,106.0,111.0,1998,Damon Stoudamire-1998,0.0,Not Selected,Guard,TOT,0.03333333333333333
1997-98,Erick Strickland,stricer01,SG,24,DAL,67,19,1505,7.1,19.8,0.35700000000000004,1.7,5.8,0.294,5.4,14.0,0.382,2.3,3.0,0.774,1.2,4.5,5.7,5.9,2.0,0.3,3.8,5.0,18.1,88.0,109.0,1998,Erick Strickland-1998,0.0,Not Selected,Guard,DAL,0.01682085786375105
1997-98,Mark Strickland,stricma01,PF,27,MIA,51,8,847,9.3,17.3,0.539,0.0,0.1,0.0,9.3,17.3,0.541,3.8,5.3,0.72,5.2,8.6,13.7,1.7,1.2,2.2,3.0,5.6,22.5,112.0,101.0,1998,Mark Strickland-1998,0.0,Not Selected,Forward,MIA,0.04625735912531539
1997-98,Rod Strickland,stricro02,PG,31,WAS,76,76,3020,8.5,19.6,0.434,0.2,0.8,0.25,8.3,18.7,0.442,6.2,8.5,0.726,1.9,5.1,7.0,13.9,2.2,0.4,4.6,3.2,23.4,107.0,105.0,1998,Rod Strickland-1998,2.0,2nd,Guard,WAS,0.03532380151387721
1997-98,Derek Strong,stronde01,PF,29,ORL,58,8,1638,8.7,20.8,0.42,0.0,0.1,0.0,8.7,20.6,0.423,7.3,9.4,0.7809999999999999,5.1,9.2,14.4,1.7,1.0,0.8,2.5,4.1,24.8,108.0,104.0,1998,Derek Strong-1998,0.0,Not Selected,Forward,ORL,0.034482758620689655
1997-98,Bob Sura,surabo01,SG,24,CLE,46,4,942,4.9,13.1,0.377,1.1,3.4,0.317,3.9,9.7,0.39799999999999996,4.2,7.4,0.565,1.4,3.9,5.3,9.7,2.5,0.4,5.3,6.4,15.1,90.0,101.0,1998,Bob Sura-1998,0.0,Not Selected,Guard,CLE,0.03952901597981497
1997-98,Žan Tabak,tabakza01,C,27,TOT,57,34,984,7.5,16.0,0.467,0.0,0.1,0.0,7.5,15.9,0.469,1.2,3.2,0.377,4.4,6.7,11.1,2.5,1.1,2.0,3.2,8.6,16.1,93.0,110.0,1998,Žan Tabak-1998,0.0,Not Selected,Center,TOT,0.03333333333333333
1997-98,Johnny Taylor,taylojo01,SF,23,ORL,12,0,108,6.6,18.9,0.35100000000000003,0.5,1.0,0.5,6.1,17.9,0.34299999999999997,5.6,8.2,0.688,2.0,4.6,6.6,0.5,1.5,1.0,4.1,11.2,19.4,84.0,106.0,1998,Johnny Taylor-1998,0.0,Not Selected,Forward,ORL,0.034482758620689655
1997-98,Maurice Taylor,tayloma01,PF,21,LAC,71,3,1513,11.0,23.2,0.47600000000000003,0.0,0.0,0.0,11.0,23.1,0.47600000000000003,5.9,8.4,0.7090000000000001,4.1,6.1,10.2,1.8,1.2,1.4,3.7,7.6,28.0,103.0,112.0,1998,Maurice Taylor-1998,0.0,Not Selected,Forward,LAC,0.014297729184188394
1997-98,Carl Thomas,thomaca01,SG,28,TOT,43,0,426,7.0,17.5,0.4,2.5,7.4,0.33899999999999997,4.5,10.1,0.444,2.0,3.1,0.64,1.2,4.6,5.9,2.4,2.6,0.9,2.2,4.9,18.5,98.0,102.0,1998,Carl Thomas-1998,0.0,Not Selected,Guard,TOT,0.03333333333333333
1997-98,John Thomas,thomajo02,PF,22,TOT,54,2,535,5.3,10.9,0.48700000000000004,0.0,0.0,0.0,5.3,10.9,0.48700000000000004,4.0,5.2,0.759,4.6,5.6,10.2,1.6,2.1,1.2,4.4,9.4,14.6,96.0,107.0,1998,John Thomas-1998,0.0,Not Selected,Forward,TOT,0.03333333333333333
1997-98,Kurt Thomas,thomaku01,PF,25,DAL,5,0,73,12.4,32.9,0.37799999999999995,0.0,0.0,0.0,12.4,32.9,0.37799999999999995,2.2,2.2,1.0,5.8,11.7,17.5,2.2,0.7,0.0,7.3,13.9,27.1,76.0,105.0,1998,Kurt Thomas-1998,0.0,Not Selected,Forward,DAL,0.01682085786375105
1997-98,Tim Thomas,thomati01,SF,20,PHI,77,48,1779,9.1,20.4,0.447,1.8,5.1,0.363,7.3,15.3,0.47600000000000003,5.1,6.9,0.74,3.2,5.4,8.6,2.7,1.6,0.5,3.5,5.5,25.2,105.0,107.0,1998,Tim Thomas-1998,0.0,Not Selected,Forward,PHI,0.02607232968881413
1997-98,Brooks Thompson,thompbr01,PG,27,TOT,30,0,167,7.4,18.1,0.41100000000000003,2.9,9.7,0.3,4.5,8.4,0.5379999999999999,1.3,2.6,0.5,0.3,4.5,4.8,8.7,3.2,0.3,5.2,7.1,19.0,92.0,100.0,1998,Brooks Thompson-1998,0.0,Not Selected,Guard,TOT,0.03333333333333333
1997-98,Otis Thorpe,thorpot01,PF,35,TOT,74,66,2197,7.0,14.8,0.47100000000000003,0.0,0.1,0.0,7.0,14.7,0.475,3.9,5.7,0.6829999999999999,3.6,9.2,12.7,5.3,1.1,0.7,3.6,5.6,17.8,102.0,109.0,1998,Otis Thorpe-1998,0.0,Not Selected,Forward,TOT,0.03333333333333333
1997-98,Gary Trent,trentga01,PF,23,TOT,54,20,1360,9.4,19.7,0.47700000000000004,0.2,0.5,0.33299999999999996,9.2,19.2,0.48100000000000004,5.6,8.3,0.679,4.8,8.4,13.2,2.8,1.4,1.1,3.7,6.3,24.5,105.0,104.0,1998,Gary Trent-1998,0.0,Not Selected,Forward,TOT,0.03333333333333333
1997-98,Nick Van Exel,vanexni01,PG,26,LAL,64,46,2053,7.8,18.6,0.419,3.1,7.9,0.389,4.7,10.7,0.44,3.4,4.3,0.7909999999999999,0.8,4.1,4.8,11.0,1.6,0.1,2.6,3.0,22.0,118.0,108.0,1998,Nick Van Exel-1998,0.0,Not Selected,Guard,LAL,0.051303616484440706
1997-98,Keith Van Horn,vanhoke01,PF,22,NJN,62,62,2325,10.1,23.7,0.426,1.6,5.1,0.308,8.5,18.7,0.45799999999999996,5.9,6.9,0.846,3.2,6.0,9.3,2.4,1.5,0.6,3.7,4.9,27.6,106.0,108.0,1998,Keith Van Horn-1998,0.0,Not Selected,Forward,BRK,0.03616484440706476
1997-98,David Vaughn,vaughda02,PF,24,TOT,40,2,489,7.1,15.9,0.446,0.0,0.1,0.0,7.1,15.8,0.449,3.2,5.1,0.638,5.7,10.6,16.3,2.2,1.6,1.1,4.3,8.9,17.4,93.0,103.0,1998,David Vaughn-1998,0.0,Not Selected,Forward,TOT,0.03333333333333333
1997-98,Jacque Vaughn,vaughja01,PG,22,UTA,45,0,419,5.7,15.7,0.361,0.4,1.0,0.375,5.3,14.6,0.36,6.2,8.7,0.706,0.5,4.4,4.9,10.8,1.2,0.1,7.2,8.1,17.9,86.0,109.0,1998,Jacque Vaughn-1998,0.0,Not Selected,Guard,UTA,0.05214465937762826
1997-98,Loy Vaught,vaughlo01,PF,29,LAC,10,6,265,7.1,16.5,0.429,0.0,0.4,0.0,7.1,16.1,0.439,0.6,1.6,0.375,3.1,9.6,12.7,1.4,0.8,0.4,2.5,6.5,14.7,88.0,111.0,1998,Loy Vaught-1998,0.0,Not Selected,Forward,LAC,0.014297729184188394
1997-98,Stojko Vranković,vrankst01,C,34,LAC,65,38,996,4.1,9.7,0.425,0.0,0.0,0.0,4.1,9.7,0.425,1.9,3.4,0.569,3.7,10.0,13.7,1.9,0.6,3.4,2.4,6.8,10.2,94.0,108.0,1998,Stojko Vranković-1998,0.0,Not Selected,Center,LAC,0.014297729184188394
1997-98,Antoine Walker,walkean02,PF,21,BOS,82,82,3268,11.4,26.8,0.423,1.4,4.6,0.312,9.9,22.2,0.447,4.8,7.4,0.645,4.3,8.9,13.2,4.3,2.2,0.9,4.6,4.1,29.0,98.0,104.0,1998,Antoine Walker-1998,0.0,Not Selected,Forward,BOS,0.030277544154751892
1997-98,Samaki Walker,walkesa01,PF,21,DAL,41,19,1027,8.1,16.7,0.486,0.0,0.1,0.0,8.1,16.6,0.488,2.8,5.0,0.546,5.0,10.7,15.7,1.2,1.6,2.1,3.2,6.6,19.0,98.0,103.0,1998,Samaki Walker-1998,0.0,Not Selected,Forward,DAL,0.01682085786375105
1997-98,Ben Wallace,wallabe01,C,23,WAS,67,16,1124,4.0,7.6,0.518,0.0,0.0,0.0,4.0,7.6,0.518,1.6,4.6,0.35700000000000004,5.2,9.9,15.1,0.8,2.8,3.3,1.3,5.4,9.5,107.0,98.0,1998,Ben Wallace-1998,0.0,Not Selected,Center,WAS,0.03532380151387721
1997-98,John Wallace,wallajo01,SF,23,TOR,82,36,2361,10.3,21.5,0.478,0.0,0.0,0.5,10.3,21.4,0.478,4.6,6.4,0.7170000000000001,2.6,5.6,8.2,2.4,1.4,2.2,3.8,5.2,25.2,100.0,112.0,1998,John Wallace-1998,0.0,Not Selected,Forward,TOR,0.01345668629100084
1997-98,Rasheed Wallace,wallara01,PF,23,POR,77,77,2896,8.6,16.1,0.5329999999999999,0.1,0.7,0.205,8.4,15.4,0.5479999999999999,3.4,5.1,0.662,2.4,6.4,8.8,3.6,1.4,1.6,3.1,4.9,20.7,109.0,103.0,1998,Rasheed Wallace-1998,0.0,Not Selected,Forward,POR,0.03868797308662742
1997-98,Rex Walters,waltere01,SG,27,TOT,38,0,235,5.5,12.1,0.45299999999999996,1.4,5.0,0.273,4.1,7.1,0.581,5.9,6.4,0.929,1.1,4.3,5.5,8.0,1.8,0.2,6.2,6.4,18.3,102.0,106.0,1998,Rex Walters-1998,0.0,Not Selected,Guard,TOT,0.03333333333333333
1997-98,Charlie Ward,wardch01,PG,27,NYK,82,82,2317,5.5,12.1,0.455,1.9,5.0,0.377,3.6,7.1,0.512,2.1,2.7,0.805,0.8,5.7,6.4,10.9,3.4,0.9,4.1,4.6,15.1,108.0,98.0,1998,Charlie Ward-1998,0.0,Not Selected,Guard,NYK,0.03616484440706476
1997-98,Eric Washington,washier01,SG,23,DEN,66,36,1539,7.0,17.3,0.40399999999999997,1.5,4.8,0.321,5.5,12.6,0.435,2.3,2.9,0.7829999999999999,1.6,2.8,4.4,2.7,1.8,0.9,2.5,5.0,17.8,96.0,115.0,1998,Eric Washington-1998,0.0,Not Selected,Guard,DEN,0.009251471825063078
1997-98,Clarence Weatherspoon,weathcl01,PF,27,TOT,79,49,2325,6.1,13.8,0.441,0.0,0.0,0.0,6.1,13.8,0.441,4.5,6.3,0.722,4.5,9.0,13.5,2.0,1.9,1.7,2.7,4.4,16.7,103.0,103.0,1998,Clarence Weatherspoon-1998,0.0,Not Selected,Forward,TOT,0.03333333333333333
1997-98,Spud Webb,webbsp01,PG,34,ORL,4,0,34,8.1,19.4,0.41700000000000004,0.0,1.6,0.0,8.1,17.8,0.455,3.2,3.2,1.0,3.2,1.6,4.9,8.1,1.6,0.0,11.3,9.7,19.4,74.0,109.0,1998,Spud Webb-1998,0.0,Not Selected,Guard,ORL,0.034482758620689655
1997-98,Chris Webber,webbech01,C,24,WAS,71,71,2809,12.0,25.0,0.48200000000000004,1.2,3.8,0.317,10.8,21.1,0.512,3.6,6.2,0.589,3.3,9.3,12.5,5.1,2.1,2.3,3.4,5.0,28.9,106.0,101.0,1998,Chris Webber-1998,0.0,Not Selected,Center,WAS,0.03532380151387721
1997-98,Bubba Wells,wellsbu01,SG,23,DAL,39,2,395,6.5,15.7,0.414,0.1,0.8,0.16699999999999998,6.4,14.9,0.42700000000000005,4.2,5.8,0.721,3.0,6.2,9.2,4.6,2.0,0.5,4.2,5.4,17.3,93.0,107.0,1998,Bubba Wells-1998,0.0,Not Selected,Guard,DAL,0.01682085786375105
1997-98,Bill Wennington,wennibi01,C,34,CHI,48,8,467,8.7,19.9,0.436,0.0,0.0,0.0,8.7,19.9,0.436,2.0,2.4,0.81,3.7,5.5,9.2,2.2,0.5,0.6,1.8,8.9,19.3,102.0,104.0,1998,Bill Wennington-1998,0.0,Not Selected,Center,CHI,0.05214465937762826
1997-98,David Wesley,wesleda01,PG,27,CHH,81,81,2845,7.2,16.3,0.44299999999999995,1.1,3.2,0.34700000000000003,6.1,13.1,0.467,4.3,5.4,0.795,0.9,3.1,4.0,10.0,2.6,0.6,4.3,4.3,19.9,106.0,106.0,1998,David Wesley-1998,0.0,Not Selected,Guard,CHO,0.04289318755256518
1997-98,Doug West,westdo01,SG,30,MIN,38,10,688,4.8,12.9,0.374,0.0,0.2,0.0,4.8,12.7,0.379,2.2,3.0,0.725,1.7,4.4,6.2,3.4,0.8,0.4,1.6,7.3,11.8,94.0,111.0,1998,Doug West-1998,0.0,Not Selected,Guard,MIN,0.03784693019343986
1997-98,Mark West,westma01,C,37,IND,15,1,105,5.2,10.9,0.47600000000000003,0.0,0.0,0.0,5.2,10.9,0.47600000000000003,1.6,3.1,0.5,3.1,4.7,7.8,1.0,1.0,2.1,4.2,7.8,12.0,82.0,104.0,1998,Mark West-1998,0.0,Not Selected,Center,IND,0.04878048780487805
1997-98,DeJuan Wheat,wheatde01,PG,24,MIN,34,0,150,6.9,17.3,0.4,2.8,5.9,0.47100000000000003,4.1,11.4,0.364,3.1,5.2,0.6,1.0,2.8,3.8,8.6,2.1,0.3,3.1,4.1,19.7,105.0,110.0,1998,DeJuan Wheat-1998,0.0,Not Selected,Guard,MIN,0.03784693019343986
1997-98,Donald Whiteside,whitedo01,PG,28,ATL,3,0,16,3.4,6.8,0.5,0.0,3.4,0.0,3.4,3.4,1.0,0.0,6.8,0.0,0.0,3.4,3.4,3.4,0.0,0.0,3.4,0.0,6.8,60.0,112.0,1998,Donald Whiteside-1998,0.0,Not Selected,Guard,ATL,0.04205214465937763
1997-98,Chris Whitney,whitnch01,PG,26,WAS,82,6,1073,6.1,17.3,0.355,2.5,8.2,0.308,3.6,9.1,0.39799999999999996,5.7,6.3,0.915,0.8,4.8,5.6,9.5,1.7,0.3,3.2,5.2,20.6,110.0,107.0,1998,Chris Whitney-1998,0.0,Not Selected,Guard,WAS,0.03532380151387721
1997-98,Gerald Wilkins,wilkige01,SG,34,ORL,72,16,1252,6.2,19.1,0.325,1.3,4.8,0.266,4.9,14.3,0.345,3.0,4.3,0.7040000000000001,0.7,3.3,4.0,3.4,1.5,0.3,3.5,3.4,16.7,82.0,108.0,1998,Gerald Wilkins-1998,0.0,Not Selected,Guard,ORL,0.034482758620689655
1997-98,Aaron Williams,williaa01,PF,26,SEA,65,9,757,8.1,15.5,0.523,0.0,0.1,0.0,8.1,15.5,0.525,4.7,6.0,0.7759999999999999,3.4,7.0,10.4,1.0,1.3,2.7,3.5,8.4,20.9,105.0,103.0,1998,Aaron Williams-1998,0.0,Not Selected,Forward,OKC,0.051303616484440706
1997-98,Alvin Williams,willial02,SG,23,TOT,54,13,1071,6.2,14.0,0.44299999999999995,0.4,1.4,0.321,5.7,12.6,0.457,3.2,4.5,0.722,1.2,2.8,4.0,5.1,1.9,0.1,2.9,3.9,16.0,102.0,108.0,1998,Alvin Williams-1998,0.0,Not Selected,Guard,TOT,0.03333333333333333
1997-98,Brandon Williams,willibr01,SG,22,GSW,9,2,140,6.0,18.7,0.32,1.1,3.4,0.33299999999999996,4.9,15.4,0.317,0.7,1.5,0.5,1.5,4.1,5.6,1.1,2.2,1.1,3.4,6.7,13.9,71.0,106.0,1998,Brandon Williams-1998,0.0,Not Selected,Guard,GSW,0.0159798149705635
1997-98,Buck Williams,willibu01,PF,37,NYK,41,6,738,5.5,11.0,0.503,0.0,0.0,0.0,5.5,11.0,0.503,3.8,5.2,0.732,5.8,7.7,13.5,1.5,1.3,1.1,2.8,6.9,14.9,110.0,100.0,1998,Buck Williams-1998,0.0,Not Selected,Forward,NYK,0.03616484440706476
1997-98,Eric Williams,willier01,SF,25,DEN,4,4,145,8.9,22.5,0.39299999999999996,0.0,0.0,0.0,8.9,22.5,0.39299999999999996,11.4,16.6,0.6890000000000001,3.7,4.1,7.8,4.4,1.5,0.0,3.3,3.3,29.2,104.0,115.0,1998,Eric Williams-1998,0.0,Not Selected,Forward,DEN,0.009251471825063078
1997-98,Herb Williams,willihe01,PF,39,NYK,27,0,178,5.5,13.1,0.419,0.0,0.0,0.0,5.5,13.1,0.419,0.3,2.4,0.125,1.8,7.0,8.9,1.2,1.8,2.8,1.5,10.4,11.3,83.0,98.0,1998,Herb Williams-1998,0.0,Not Selected,Forward,NYK,0.03616484440706476
1997-98,Hot Rod Williams,williho01,C,35,PHO,71,30,1333,3.7,8.0,0.47,0.0,0.0,0.0,3.7,8.0,0.47,2.6,3.7,0.6990000000000001,4.2,8.1,12.3,1.9,1.3,2.4,1.1,5.4,10.0,117.0,101.0,1998,Hot Rod Williams-1998,0.0,Not Selected,Center,PHO,0.04709840201850295
1997-98,Jayson Williams,willija01,C,29,NJN,65,65,2343,7.2,14.5,0.498,0.0,0.1,0.0,7.2,14.4,0.501,4.4,6.6,0.6659999999999999,10.0,9.9,19.9,1.5,1.0,1.1,2.1,5.3,18.8,121.0,105.0,1998,Jayson Williams-1998,0.0,Not Selected,Center,BRK,0.03616484440706476
1997-98,Jerome Williams,willije01,PF,24,DET,77,3,1305,6.3,12.0,0.524,0.0,0.0,0.0,6.3,12.0,0.526,4.5,6.9,0.6509999999999999,7.1,8.7,15.8,2.0,2.1,0.4,2.5,6.0,17.1,117.0,102.0,1998,Jerome Williams-1998,0.0,Not Selected,Forward,DET,0.031118587047939444
1997-98,Lorenzo Williams,willilo01,PF,28,WAS,14,6,111,6.1,8.0,0.765,0.0,0.0,0.0,6.1,8.0,0.765,0.0,0.9,0.0,7.5,4.7,12.2,1.4,0.9,1.4,0.9,8.0,12.2,145.0,107.0,1998,Lorenzo Williams-1998,0.0,Not Selected,Forward,WAS,0.03532380151387721
1997-98,Micheal Williams,willimi02,PG,31,MIN,25,0,161,5.2,15.5,0.33299999999999996,0.0,1.3,0.0,5.2,14.2,0.364,10.3,10.6,0.97,0.6,3.9,4.5,10.3,2.9,0.6,5.2,7.7,20.6,103.0,107.0,1998,Micheal Williams-1998,0.0,Not Selected,Guard,MIN,0.03784693019343986
1997-98,Monty Williams,willimo01,SF,26,SAS,72,16,1314,6.8,15.2,0.44799999999999995,0.0,0.1,0.5,6.8,15.1,0.44799999999999995,5.0,7.5,0.67,2.8,4.6,7.4,3.7,1.4,1.0,3.4,5.5,18.7,100.0,102.0,1998,Monty Williams-1998,0.0,Not Selected,Forward,SAS,0.04709840201850295
1997-98,Scott Williams,willisc01,C,29,PHI,58,7,801,6.2,14.1,0.43700000000000006,0.0,0.3,0.0,6.2,13.8,0.447,3.4,4.2,0.81,5.8,8.2,14.0,1.9,1.1,1.4,2.0,8.7,15.7,108.0,105.0,1998,Scott Williams-1998,0.0,Not Selected,Center,PHI,0.02607232968881413
1997-98,Travis Williams,willitr01,SF,28,CHH,39,0,365,8.2,17.5,0.47100000000000003,0.0,0.1,0.0,8.2,17.4,0.475,3.5,6.8,0.522,7.8,5.7,13.5,2.9,2.6,0.7,4.4,8.1,20.0,98.0,104.0,1998,Travis Williams-1998,0.0,Not Selected,Forward,CHO,0.04289318755256518
1997-98,Walt Williams,williwa02,SF,27,TOT,59,17,1470,7.5,19.4,0.386,2.9,7.8,0.365,4.6,11.6,0.4,3.9,4.5,0.8640000000000001,1.8,5.3,7.1,4.4,2.1,1.2,3.3,5.7,21.7,103.0,108.0,1998,Walt Williams-1998,0.0,Not Selected,Forward,TOT,0.03333333333333333
1997-98,Corliss Williamson,willico02,SF,24,SAC,79,75,2819,10.4,21.0,0.495,0.0,0.2,0.0,10.4,20.8,0.499,5.2,8.2,0.63,3.0,5.2,8.2,4.3,1.4,0.9,3.7,4.7,25.9,103.0,108.0,1998,Corliss Williamson-1998,0.0,Not Selected,Forward,SAC,0.022708158116063918
1997-98,Kevin Willis,willike02,PF,35,HOU,81,74,2528,11.1,21.7,0.51,0.0,0.1,0.14300000000000002,11.1,21.6,0.513,5.0,6.4,0.7929999999999999,4.8,9.3,14.2,1.6,1.1,0.8,3.5,4.9,27.2,108.0,108.0,1998,Kevin Willis-1998,0.0,Not Selected,Forward,HOU,0.034482758620689655
1997-98,David Wingate,wingada01,SG,34,SEA,58,2,546,6.5,13.7,0.47100000000000003,0.3,0.7,0.429,6.2,13.0,0.474,1.5,2.8,0.517,1.9,5.9,7.7,3.6,2.1,0.3,3.6,5.7,14.7,91.0,105.0,1998,David Wingate-1998,0.0,Not Selected,Guard,OKC,0.051303616484440706
1997-98,Dontonio Wingfield,wingfdo01,SF,23,POR,3,0,9,0.0,17.8,0.0,0.0,0.0,0.0,0.0,17.8,0.0,5.9,11.9,0.5,11.9,11.9,23.7,0.0,0.0,0.0,5.9,11.9,5.9,48.0,103.0,1998,Dontonio Wingfield-1998,0.0,Not Selected,Forward,POR,0.03868797308662742
1997-98,Joe Wolf,wolfjo01,PF,33,DEN,57,8,621,3.4,10.4,0.331,0.2,0.9,0.2,3.3,9.6,0.342,0.4,0.9,0.5,3.1,7.8,10.9,2.6,1.7,0.6,1.9,7.9,7.5,81.0,111.0,1998,Joe Wolf-1998,0.0,Not Selected,Forward,DEN,0.009251471825063078
1997-98,Lorenzen Wright,wrighlo02,C,22,LAC,69,38,2067,6.1,13.6,0.445,0.0,0.1,0.0,6.1,13.6,0.446,3.5,5.4,0.659,4.5,10.7,15.2,1.4,1.4,2.2,2.0,6.0,15.7,104.0,107.0,1998,Lorenzen Wright-1998,0.0,Not Selected,Center,LAC,0.014297729184188394
1997-98,Sharone Wright,wrighsh01,C,25,TOR,7,0,44,8.2,16.5,0.5,0.0,0.0,0.0,8.2,16.5,0.5,2.4,4.7,0.5,1.2,9.4,10.6,4.7,0.0,0.0,2.4,8.2,18.8,103.0,113.0,1998,Sharone Wright-1998,0.0,Not Selected,Center,TOR,0.01345668629100084
1997-98,George Zídek,zidekge01,C,24,TOT,12,0,64,5.9,24.2,0.24100000000000002,0.8,1.7,0.5,5.0,22.6,0.222,11.7,13.4,0.875,3.3,10.9,14.2,1.7,0.0,1.7,3.3,8.4,24.2,89.0,109.0,1998,George Zídek-1998,0.0,Not Selected,Center,TOT,0.03333333333333333
1998-99,Tariq Abdul-Wahad,abdulta01,SG,24,SAC,49,49,1205,7.3,16.9,0.435,0.2,0.9,0.28600000000000003,7.1,16.0,0.44299999999999995,3.9,5.6,0.691,3.0,4.7,7.7,2.1,2.1,0.7,2.9,5.0,18.8,98.0,104.0,1999,Tariq Abdul-Wahad-1999,0.0,Not Selected,Guard,SAC,0.037241379310344824
1998-99,Shareef Abdur-Rahim,abdursh01,SF,22,VAN,50,50,2021,10.3,23.8,0.43200000000000005,0.3,1.0,0.306,10.0,22.9,0.43799999999999994,9.8,11.7,0.841,3.0,6.9,10.0,4.6,1.8,1.5,5.0,3.7,30.7,104.0,107.0,1999,Shareef Abdur-Rahim-1999,0.0,Not Selected,Forward,MEM,0.011034482758620689
1998-99,Cory Alexander,alexaco01,PG,25,DEN,36,4,778,6.6,17.7,0.373,2.0,7.2,0.28600000000000003,4.6,10.6,0.43200000000000005,2.5,3.0,0.841,0.5,4.6,5.0,8.1,2.4,0.3,4.7,5.3,17.8,92.0,111.0,1999,Cory Alexander-1999,0.0,Not Selected,Guard,DEN,0.019310344827586208
1998-99,Ray Allen,allenra02,SG,23,MIL,50,50,1719,9.7,21.6,0.45,2.4,6.7,0.35600000000000004,7.3,14.9,0.49200000000000005,5.6,6.3,0.903,1.8,5.0,6.8,5.7,1.7,0.2,3.9,3.8,27.5,110.0,106.0,1999,Ray Allen-1999,0.0,Not Selected,Guard,MIL,0.038620689655172416
1998-99,Peter Aluma,alumape01,C,25,SAC,2,0,5,10.0,20.0,0.5,0.0,0.0,0.0,10.0,20.0,0.5,0.0,0.0,0.0,10.0,10.0,20.0,0.0,10.0,10.0,20.0,40.0,20.0,55.0,73.0,1999,Peter Aluma-1999,0.0,Not Selected,Center,SAC,0.037241379310344824
1998-99,Derek Anderson,anderde01,SG,24,CLE,38,13,978,7.1,17.8,0.39799999999999996,1.2,3.9,0.304,5.9,13.9,0.424,7.8,9.4,0.836,1.1,5.1,6.2,8.2,2.7,0.2,4.7,4.1,23.2,101.0,102.0,1999,Derek Anderson-1999,0.0,Not Selected,Guard,CLE,0.030344827586206897
1998-99,Kenny Anderson,anderke01,PG,28,BOS,34,33,1010,8.4,18.5,0.451,0.3,1.2,0.25,8.1,17.3,0.465,4.4,5.2,0.8320000000000001,1.2,4.1,5.4,10.0,1.7,0.1,3.7,4.1,21.4,107.0,106.0,1999,Kenny Anderson-1999,0.0,Not Selected,Guard,BOS,0.02620689655172414
1998-99,Nick Anderson,anderni01,SF,31,ORL,47,39,1581,8.6,21.9,0.395,3.3,9.5,0.34700000000000003,5.4,12.4,0.433,3.4,5.5,0.611,1.7,7.7,9.5,3.1,2.2,0.5,2.8,2.5,24.0,100.0,97.0,1999,Nick Anderson-1999,0.0,Not Selected,Forward,ORL,0.04551724137931035
1998-99,Shandon Anderson,andersh01,SG,25,UTA,50,2,1072,8.3,18.7,0.446,0.7,2.1,0.341,7.6,16.6,0.46,4.6,6.4,0.7120000000000001,2.5,4.3,6.8,2.9,2.0,0.5,3.4,4.6,22.0,99.0,101.0,1999,Shandon Anderson-1999,0.0,Not Selected,Guard,UTA,0.05103448275862069
1998-99,Chris Anstey,anstech01,C,24,DAL,41,4,470,5.7,15.9,0.36,0.0,0.8,0.0,5.7,15.1,0.379,3.9,5.5,0.708,4.0,7.1,11.1,3.1,2.1,1.5,3.0,11.2,15.4,91.0,103.0,1999,Chris Anstey-1999,0.0,Not Selected,Center,DAL,0.02620689655172414
1998-99,Greg Anthony,anthogr01,PG,31,POR,50,0,806,6.9,16.8,0.414,3.3,8.3,0.392,3.7,8.4,0.43700000000000006,4.1,5.9,0.6970000000000001,0.9,3.3,4.2,6.7,4.4,0.2,3.7,5.0,21.3,107.0,96.0,1999,Greg Anthony-1999,0.0,Not Selected,Guard,POR,0.04827586206896552
1998-99,B.J. Armstrong,armstbj01,PG,31,TOT,32,1,358,6.0,13.2,0.455,1.1,2.3,0.467,5.0,11.0,0.452,2.7,3.2,0.857,0.3,5.6,5.9,9.2,1.8,0.0,3.8,4.7,15.8,104.0,102.0,1999,B.J. Armstrong-1999,0.0,Not Selected,Guard,TOT,0.03333333333333333
1998-99,Darrell Armstrong,armstda01,PG,30,ORL,50,15,1502,8.3,18.8,0.441,2.5,6.8,0.365,5.8,12.0,0.483,5.8,6.4,0.904,1.9,4.6,6.5,12.1,3.9,0.1,5.7,3.2,24.8,110.0,96.0,1999,Darrell Armstrong-1999,0.0,Not Selected,Guard,ORL,0.04551724137931035
1998-99,Keith Askins,askinke01,SF,31,MIA,33,13,415,2.7,8.5,0.32299999999999995,1.1,4.0,0.276,1.6,4.5,0.364,0.7,1.1,0.625,1.4,4.6,6.0,1.4,2.3,0.4,1.8,7.9,7.2,82.0,100.0,1999,Keith Askins-1999,0.0,Not Selected,Forward,MIA,0.04551724137931035
1998-99,Stacey Augmon,augmost01,SF,30,POR,48,21,874,4.8,10.7,0.44799999999999995,0.0,0.1,0.0,4.8,10.6,0.45299999999999996,3.2,4.7,0.684,2.9,4.8,7.7,3.6,3.5,1.1,1.8,5.0,12.8,108.0,96.0,1999,Stacey Augmon-1999,0.0,Not Selected,Forward,POR,0.04827586206896552
1998-99,Isaac Austin,austiis01,C,29,ORL,49,49,1259,7.9,19.4,0.408,0.1,0.3,0.28600000000000003,7.9,19.1,0.41,4.5,6.7,0.669,3.6,6.6,10.2,3.8,2.0,1.5,4.9,5.4,20.5,89.0,97.0,1999,Isaac Austin-1999,0.0,Not Selected,Center,ORL,0.04551724137931035
1998-99,Anthony Avent,aventan01,PF,29,UTA,5,0,44,5.0,16.3,0.308,0.0,0.0,0.0,5.0,16.3,0.308,1.3,2.5,0.5,10.0,5.0,15.1,1.3,2.5,0.0,8.8,7.5,11.3,65.0,99.0,1999,Anthony Avent-1999,0.0,Not Selected,Forward,UTA,0.05103448275862069
1998-99,Thurl Bailey,baileth01,PF,37,UTA,43,0,543,7.9,17.8,0.446,0.0,0.2,0.0,7.9,17.6,0.451,2.5,3.5,0.735,3.7,5.9,9.6,2.6,0.9,2.8,2.7,7.9,18.4,97.0,100.0,1999,Thurl Bailey-1999,0.0,Not Selected,Forward,UTA,0.05103448275862069
1998-99,Toby Bailey,baileto01,SG,23,PHO,27,10,249,7.3,18.4,0.395,0.2,1.1,0.2,7.1,17.3,0.40700000000000003,1.9,2.8,0.6920000000000001,5.1,6.4,11.6,2.8,1.9,0.4,2.4,5.1,16.7,94.0,104.0,1999,Toby Bailey-1999,0.0,Not Selected,Guard,PHO,0.037241379310344824
1998-99,Mark Baker,bakerla01,PG,29,TOR,1,0,2,0.0,27.0,0.0,0.0,0.0,0.0,0.0,27.0,0.0,0.0,0.0,0.0,0.0,0.0,0.0,0.0,0.0,0.0,27.0,0.0,0.0,0.0,114.0,1999,Mark Baker-1999,0.0,Not Selected,Guard,TOR,0.031724137931034485
1998-99,Vin Baker,bakervi01,PF,27,SEA,34,31,1162,9.1,20.1,0.45299999999999996,0.0,0.1,0.0,9.1,20.0,0.456,3.3,7.4,0.45,4.0,5.8,9.7,2.6,1.5,1.6,3.5,5.6,21.6,93.0,107.0,1999,Vin Baker-1999,0.0,Not Selected,Forward,OKC,0.034482758620689655
1998-99,Charles Barkley,barklch01,PF,35,HOU,42,40,1526,8.5,17.8,0.478,0.1,0.9,0.16,8.4,16.9,0.495,6.8,9.5,0.7190000000000001,5.9,12.4,18.3,6.8,1.5,0.5,3.5,3.2,23.9,115.0,100.0,1999,Charles Barkley-1999,0.0,Not Selected,Forward,HOU,0.04275862068965517
1998-99,Dana Barros,barroda01,PG,31,BOS,50,16,1156,7.6,16.8,0.45299999999999996,2.9,7.3,0.4,4.7,9.6,0.493,2.9,3.3,0.877,0.7,4.0,4.8,9.4,2.4,0.2,4.0,2.9,21.1,111.0,104.0,1999,Dana Barros-1999,0.0,Not Selected,Guard,BOS,0.02620689655172414
1998-99,Brent Barry,barrybr01,SG,27,CHI,37,30,1181,6.5,16.4,0.396,2.4,7.9,0.302,4.1,8.5,0.484,3.6,4.7,0.772,1.8,4.8,6.6,5.3,1.9,0.5,3.3,4.5,19.0,99.0,104.0,1999,Brent Barry-1999,0.0,Not Selected,Guard,CHI,0.01793103448275862
1998-99,Drew Barry,barrydr01,SG,25,SEA,17,0,183,2.9,9.4,0.313,2.3,7.0,0.33299999999999996,0.6,2.3,0.25,2.6,3.8,0.6920000000000001,0.9,5.0,5.9,8.5,2.0,0.3,3.5,7.0,10.8,101.0,107.0,1999,Drew Barry-1999,0.0,Not Selected,Guard,OKC,0.034482758620689655
1998-99,Jon Barry,barryjo01,SG,29,SAC,43,0,736,4.0,9.4,0.428,1.6,5.4,0.304,2.4,4.0,0.593,4.8,5.7,0.845,1.7,4.8,6.5,7.6,3.6,0.3,3.2,4.1,14.5,117.0,101.0,1999,Jon Barry-1999,0.0,Not Selected,Guard,SAC,0.037241379310344824
1998-99,Tony Battie,battito01,C,22,BOS,50,15,1121,6.9,13.2,0.519,0.0,0.1,0.0,6.9,13.1,0.525,1.9,2.9,0.672,4.5,9.5,14.0,2.5,1.4,3.3,2.1,7.4,15.7,110.0,99.0,1999,Tony Battie-1999,0.0,Not Selected,Center,BOS,0.02620689655172414
1998-99,Corey Beck,beckco01,PG,27,TOT,24,0,180,5.4,11.7,0.462,0.3,0.3,1.0,5.1,11.4,0.447,2.4,4.5,0.5329999999999999,1.8,6.6,8.4,6.0,2.7,0.6,3.9,7.8,13.5,92.0,101.0,1999,Corey Beck-1999,0.0,Not Selected,Guard,TOT,0.03333333333333333
1998-99,Benoit Benjamin,benjabe01,C,34,PHI,6,0,33,3.3,11.5,0.28600000000000003,0.0,0.0,0.0,3.3,11.5,0.28600000000000003,0.0,0.0,0.0,4.9,8.2,13.1,1.6,0.0,0.0,4.9,9.8,6.6,60.0,102.0,1999,Benoit Benjamin-1999,0.0,Not Selected,Center,PHI,0.038620689655172416
1998-99,Corey Benjamin,benjaco01,PG,20,CHI,31,1,320,7.5,19.9,0.376,0.5,2.4,0.214,7.0,17.5,0.39799999999999996,4.6,6.8,0.675,2.6,4.3,6.8,1.7,1.9,1.4,3.6,7.8,20.1,85.0,104.0,1999,Corey Benjamin-1999,0.0,Not Selected,Guard,CHI,0.01793103448275862
1998-99,Mario Bennett,bennema01,PF,25,CHI,3,0,19,5.7,17.2,0.33299999999999996,0.0,0.0,0.0,5.7,17.2,0.33299999999999996,8.6,11.5,0.75,5.7,8.6,14.3,0.0,2.9,0.0,2.9,11.5,20.1,94.0,100.0,1999,Mario Bennett-1999,0.0,Not Selected,Forward,CHI,0.01793103448275862
1998-99,Travis Best,besttr01,PG,26,IND,49,0,1043,6.8,16.2,0.41600000000000004,1.2,3.1,0.373,5.6,13.1,0.42700000000000005,3.7,4.4,0.843,1.0,3.2,4.3,9.0,2.2,0.2,3.3,5.9,18.4,106.0,106.0,1999,Travis Best-1999,0.0,Not Selected,Guard,IND,0.04551724137931035
1998-99,Mike Bibby,bibbymi01,PG,20,VAN,50,50,1758,8.0,18.6,0.43,0.5,2.3,0.203,7.5,16.3,0.461,3.9,5.2,0.7509999999999999,0.9,3.3,4.2,10.0,2.4,0.2,4.5,3.7,20.3,99.0,110.0,1999,Mike Bibby-1999,0.0,Not Selected,Guard,MEM,0.011034482758620689
1998-99,Chauncey Billups,billuch01,SG,22,DEN,45,41,1488,6.8,17.7,0.386,3.0,8.4,0.36200000000000004,3.8,9.3,0.408,5.6,6.1,0.9129999999999999,0.9,2.6,3.4,6.2,2.1,0.5,3.5,4.1,22.3,109.0,113.0,1999,Chauncey Billups-1999,0.0,Not Selected,Guard,DEN,0.019310344827586208
1998-99,Mookie Blaylock,blaylmo01,PG,31,ATL,48,48,1763,7.9,20.8,0.379,2.5,8.0,0.307,5.4,12.8,0.425,2.2,2.9,0.758,1.4,5.7,7.1,8.9,3.2,0.3,3.7,1.9,20.4,100.0,96.0,1999,Mookie Blaylock-1999,0.0,Not Selected,Guard,ATL,0.04275862068965517
1998-99,Corie Blount,blounco01,PF,30,TOT,34,3,530,3.7,10.3,0.36,0.0,0.1,0.0,3.7,10.2,0.364,2.9,5.6,0.519,6.0,9.6,15.5,1.2,2.0,1.6,2.2,7.6,10.3,92.0,99.0,1999,Corie Blount-1999,0.0,Not Selected,Forward,TOT,0.03333333333333333
1998-99,Muggsy Bogues,boguemu01,PG,34,GSW,36,5,714,5.7,11.6,0.494,0.0,0.5,0.0,5.7,11.2,0.514,2.3,2.7,0.861,1.2,4.3,5.5,10.1,3.3,0.1,3.6,3.3,13.8,107.0,101.0,1999,Muggsy Bogues-1999,0.0,Not Selected,Guard,GSW,0.028965517241379312
1998-99,Etdrick Bohannon,bohanet01,SF,25,WAS,2,0,4,0.0,0.0,0.0,0.0,0.0,0.0,0.0,0.0,0.0,0.0,0.0,0.0,0.0,0.0,0.0,0.0,0.0,0.0,0.0,0.0,0.0,0.0,113.0,1999,Etdrick Bohannon-1999,0.0,Not Selected,Forward,WAS,0.02482758620689655
1998-99,Keith Booth,boothke01,SF,24,CHI,39,4,432,6.2,19.0,0.325,0.1,1.3,0.1,6.1,17.8,0.34,2.6,5.3,0.5,3.2,8.6,11.7,4.8,2.8,1.4,4.9,7.6,15.1,72.0,99.0,1999,Keith Booth-1999,0.0,Not Selected,Forward,CHI,0.01793103448275862
1998-99,Bruce Bowen,bowenbr01,SF,27,BOS,30,1,494,2.8,9.9,0.28,0.7,2.8,0.26899999999999996,2.0,7.1,0.284,1.2,2.5,0.45799999999999996,1.6,3.9,5.5,3.0,2.2,1.0,1.4,5.4,7.4,82.0,104.0,1999,Bruce Bowen-1999,0.0,Not Selected,Forward,BOS,0.02620689655172414
1998-99,Earl Boykins,boykiea01,PG,22,TOT,22,0,221,7.4,19.6,0.38,0.7,4.5,0.16699999999999998,6.7,15.1,0.44299999999999995,0.5,0.7,0.667,1.7,2.5,4.2,8.2,1.5,0.0,5.0,5.0,16.1,81.0,107.0,1999,Earl Boykins-1999,0.0,Not Selected,Guard,TOT,0.03333333333333333
1998-99,Shawn Bradley,bradlsh01,C,26,DAL,49,33,1294,7.0,14.5,0.48,0.0,0.2,0.0,7.0,14.3,0.485,3.6,4.8,0.748,5.4,10.9,16.3,1.7,1.5,6.6,2.3,6.4,17.5,109.0,97.0,1999,Shawn Bradley-1999,0.0,Not Selected,Center,DAL,0.02620689655172414
1998-99,Terrell Brandon,brandte01,PG,28,TOT,36,34,1217,9.4,22.4,0.418,0.5,2.1,0.255,8.8,20.3,0.435,2.9,3.4,0.833,1.2,4.7,5.9,13.6,2.8,0.4,3.3,3.6,22.1,105.0,102.0,1999,Terrell Brandon-1999,0.0,Not Selected,Guard,TOT,0.03333333333333333
1998-99,Chucky Brown,brownch01,PF,30,CHH,48,21,1192,7.9,16.7,0.47200000000000003,0.7,1.8,0.375,7.2,14.9,0.483,1.8,2.6,0.6779999999999999,1.6,6.2,7.8,2.6,0.7,0.9,1.7,4.8,18.3,101.0,106.0,1999,Chucky Brown-1999,0.0,Not Selected,Forward,CHO,0.03586206896551724
1998-99,Dee Brown,brownde01,PG,30,TOR,49,0,1377,7.3,19.4,0.37799999999999995,5.3,13.7,0.387,2.0,5.7,0.35600000000000004,1.6,2.2,0.727,0.6,3.5,4.0,5.6,2.2,0.3,3.1,2.9,21.6,105.0,107.0,1999,Dee Brown-1999,0.0,Not Selected,Guard,TOR,0.031724137931034485
1998-99,Gerald Brown,brownge02,SG,23,PHO,33,0,236,7.5,20.1,0.371,0.7,2.3,0.3,6.8,17.9,0.38,2.5,3.2,0.7859999999999999,1.1,3.8,5.0,7.0,1.1,0.2,5.0,4.7,18.1,83.0,107.0,1999,Gerald Brown-1999,0.0,Not Selected,Guard,PHO,0.037241379310344824
1998-99,P.J. Brown,brownpj01,PF,29,MIA,50,50,1611,8.0,16.8,0.48,0.0,0.0,0.0,8.0,16.8,0.48,4.0,5.1,0.774,4.0,8.1,12.2,2.3,1.6,1.7,2.4,5.8,20.1,108.0,98.0,1999,P.J. Brown-1999,0.0,Not Selected,Forward,MIA,0.04551724137931035
1998-99,Randy Brown,brownra02,PG,30,CHI,39,32,1139,6.3,15.3,0.414,0.0,0.5,0.0,6.3,14.8,0.42700000000000005,3.7,4.9,0.757,1.3,5.0,6.3,7.1,3.3,0.4,3.8,4.4,16.4,92.0,102.0,1999,Randy Brown-1999,0.0,Not Selected,Guard,CHI,0.01793103448275862
1998-99,Rick Brunson,brunsri01,PG,26,NYK,17,0,95,3.5,12.2,0.28600000000000003,0.0,2.9,0.0,3.5,9.3,0.375,2.9,10.5,0.278,1.7,4.1,5.8,11.1,5.2,0.0,7.0,4.7,9.9,65.0,94.0,1999,Rick Brunson-1999,0.0,Not Selected,Guard,NYK,0.037241379310344824
1998-99,Kobe Bryant,bryanko01,SG,20,LAL,50,50,1896,10.0,21.5,0.465,0.7,2.8,0.267,9.3,18.7,0.494,6.8,8.1,0.8390000000000001,1.5,5.8,7.3,5.2,2.0,1.4,4.3,4.2,27.5,106.0,104.0,1999,Kobe Bryant-1999,3.0,3rd,Guard,LAL,0.04275862068965517
1998-99,Mark Bryant,bryanma01,PF,33,CHI,45,29,1204,7.6,15.7,0.483,0.0,0.0,0.0,7.6,15.7,0.484,3.2,5.0,0.645,4.2,6.3,10.5,2.2,1.5,0.7,3.1,6.7,18.4,98.0,104.0,1999,Mark Bryant-1999,0.0,Not Selected,Forward,CHI,0.01793103448275862
1998-99,Jud Buechler,buechju01,SF,30,DET,50,0,1056,5.3,12.6,0.41700000000000004,3.2,7.8,0.41200000000000003,2.1,4.8,0.424,0.7,0.9,0.722,1.5,5.5,7.0,3.0,1.9,0.7,1.1,4.4,14.4,116.0,102.0,1999,Jud Buechler-1999,0.0,Not Selected,Forward,DET,0.04
1998-99,Matt Bullard,bullama01,PF,31,HOU,41,0,413,5.6,14.9,0.377,3.1,8.1,0.387,2.5,6.8,0.365,0.9,1.3,0.7,1.2,4.3,5.5,2.4,1.7,0.5,1.8,3.7,15.3,100.0,106.0,1999,Matt Bullard-1999,0.0,Not Selected,Forward,HOU,0.04275862068965517
1998-99,Scott Burrell,burresc01,SF,28,NJN,32,10,706,5.6,15.5,0.361,2.1,5.4,0.389,3.5,10.1,0.34600000000000003,2.5,3.1,0.81,2.4,6.5,8.8,3.3,3.0,0.8,1.7,6.1,15.8,103.0,102.0,1999,Scott Burrell-1999,0.0,Not Selected,Forward,BRK,0.022068965517241378
1998-99,Willie Burton,burtowi01,SF,30,CHH,3,0,18,3.0,20.8,0.14300000000000002,0.0,3.0,0.0,3.0,17.8,0.16699999999999998,5.9,11.9,0.5,11.9,5.9,17.8,0.0,0.0,0.0,3.0,5.9,11.9,69.0,108.0,1999,Willie Burton-1999,0.0,Not Selected,Forward,CHO,0.03586206896551724
1998-99,Mitchell Butler,butlemi02,SG,28,CLE,31,1,418,8.9,18.5,0.48200000000000004,1.5,3.9,0.379,7.4,14.6,0.509,3.1,4.3,0.7190000000000001,1.7,4.1,5.8,2.9,2.0,0.5,3.9,5.4,22.3,96.0,104.0,1999,Mitchell Butler-1999,0.0,Not Selected,Guard,CLE,0.030344827586206897
1998-99,Jason Caffey,caffeja01,PF,25,GSW,35,32,876,7.6,17.1,0.444,0.0,0.1,0.0,7.6,17.0,0.446,3.8,6.0,0.633,4.9,7.8,12.6,1.1,1.5,0.6,4.6,7.0,19.0,90.0,101.0,1999,Jason Caffey-1999,0.0,Not Selected,Forward,GSW,0.028965517241379312
1998-99,Marcus Camby,cambyma01,C,24,NYK,46,0,945,8.0,15.3,0.521,0.0,0.0,0.0,8.0,15.3,0.521,3.3,6.0,0.5529999999999999,6.0,8.8,14.8,0.7,1.7,4.3,2.3,7.7,19.2,108.0,93.0,1999,Marcus Camby-1999,0.0,Not Selected,Center,NYK,0.037241379310344824
1998-99,Elden Campbell,campbel01,C,30,TOT,49,33,1459,8.1,17.0,0.47700000000000004,0.0,0.0,0.0,8.1,16.9,0.478,6.3,9.8,0.639,4.6,9.9,14.5,2.5,1.4,2.7,2.9,5.8,22.5,106.0,100.0,1999,Elden Campbell-1999,0.0,Not Selected,Center,TOT,0.03333333333333333
1998-99,Antoine Carr,carran01,PF,37,HOU,18,0,152,7.5,18.5,0.40399999999999997,0.0,0.4,0.0,7.5,18.1,0.41200000000000003,1.8,2.5,0.7140000000000001,3.2,7.8,11.0,3.2,0.4,3.6,3.2,11.0,16.7,89.0,103.0,1999,Antoine Carr-1999,0.0,Not Selected,Forward,HOU,0.04275862068965517
1998-99,Chris Carr,carrch01,SG,24,TOT,39,4,445,9.0,24.2,0.371,3.3,8.9,0.373,5.7,15.3,0.369,3.2,4.7,0.675,2.7,5.7,8.4,2.7,0.9,0.2,3.3,5.3,24.4,95.0,107.0,1999,Chris Carr-1999,0.0,Not Selected,Guard,TOT,0.03333333333333333
1998-99,Cory Carr,carrco01,SG,23,CHI,42,7,624,6.2,18.9,0.32899999999999996,0.4,2.6,0.16699999999999998,5.8,16.2,0.355,2.1,2.8,0.75,0.7,3.6,4.3,5.8,1.8,0.6,4.0,5.8,14.9,75.0,105.0,1999,Cory Carr-1999,0.0,Not Selected,Guard,CHI,0.01793103448275862
1998-99,Vince Carter,cartevi01,SF,22,TOR,50,49,1760,10.6,23.5,0.45,0.6,2.0,0.28800000000000003,10.0,21.5,0.466,6.3,8.2,0.7609999999999999,2.9,5.8,8.7,4.6,1.7,2.4,3.4,4.3,28.1,107.0,104.0,1999,Vince Carter-1999,0.0,Not Selected,Forward,TOR,0.031724137931034485
1998-99,Sam Cassell,cassesa01,PG,29,TOT,8,3,199,10.5,25.1,0.419,0.5,2.7,0.2,10.0,22.4,0.446,12.7,13.5,0.94,1.4,2.7,4.1,9.7,2.4,0.0,5.4,5.9,34.3,111.0,106.0,1999,Sam Cassell-1999,0.0,Not Selected,Guard,TOT,0.03333333333333333
1998-99,Kelvin Cato,catoke01,C,24,POR,43,0,545,5.7,12.7,0.45,0.1,0.1,1.0,5.6,12.6,0.445,3.4,6.6,0.507,4.8,10.0,14.8,1.9,2.3,5.5,2.7,9.9,14.9,99.0,90.0,1999,Kelvin Cato-1999,0.0,Not Selected,Center,POR,0.04827586206896552
1998-99,Duane Causwell,causwdu01,C,30,MIA,19,1,137,8.3,14.5,0.5710000000000001,0.0,0.0,0.0,8.3,14.5,0.5710000000000001,1.7,5.0,0.33299999999999996,5.8,8.7,14.5,0.8,0.0,4.5,7.4,13.2,18.2,81.0,98.0,1999,Duane Causwell-1999,0.0,Not Selected,Center,MIA,0.04551724137931035
1998-99,Cedric Ceballos,cebalce01,SF,29,DAL,13,5,352,9.0,21.4,0.42100000000000004,1.7,4.3,0.39299999999999996,7.4,17.2,0.429,5.2,7.5,0.6940000000000001,3.5,9.5,13.0,1.8,1.1,0.8,4.3,3.5,25.0,97.0,104.0,1999,Cedric Ceballos-1999,0.0,Not Selected,Forward,DAL,0.02620689655172414
1998-99,Rex Chapman,chapmre01,SG,31,PHO,38,35,1183,7.4,20.7,0.359,2.4,6.8,0.35100000000000003,5.0,13.9,0.364,3.4,4.1,0.835,0.5,4.1,4.7,4.9,1.5,0.4,2.4,2.1,20.7,96.0,106.0,1999,Rex Chapman-1999,0.0,Not Selected,Guard,PHO,0.037241379310344824
1998-99,Calbert Cheaney,cheanca01,SG,27,WAS,50,18,1266,7.3,17.5,0.414,0.3,1.6,0.21600000000000003,6.9,16.0,0.434,1.4,2.8,0.493,1.4,4.6,6.0,3.1,1.6,0.7,1.8,6.2,16.3,91.0,105.0,1999,Calbert Cheaney-1999,0.0,Not Selected,Guard,WAS,0.02482758620689655
1998-99,Pete Chilcutt,chilcpe01,PF,30,VAN,46,0,697,4.9,13.3,0.366,2.0,5.3,0.382,2.9,8.0,0.35600000000000004,1.1,1.3,0.8240000000000001,2.2,6.8,9.0,2.3,1.7,0.9,2.2,4.0,12.8,95.0,108.0,1999,Pete Chilcutt-1999,0.0,Not Selected,Forward,MEM,0.011034482758620689
1998-99,Chris Childs,childch01,PG,31,NYK,48,0,1297,4.9,11.4,0.42700000000000005,1.5,4.0,0.38299999999999995,3.3,7.4,0.451,2.7,3.3,0.821,0.8,4.9,5.7,8.2,1.9,0.0,3.6,6.6,14.0,103.0,100.0,1999,Chris Childs-1999,0.0,Not Selected,Guard,NYK,0.037241379310344824
1998-99,Doug Christie,chrisdo01,SG,28,TOR,50,50,1768,7.7,19.9,0.38799999999999996,1.5,4.9,0.304,6.2,15.0,0.415,6.3,7.5,0.841,1.8,4.5,6.3,5.7,3.5,0.8,3.6,3.4,23.2,104.0,103.0,1999,Doug Christie-1999,0.0,Not Selected,Guard,TOR,0.031724137931034485
1998-99,Keon Clark,clarkke01,C,23,DEN,28,0,409,4.7,10.4,0.45,0.0,0.1,0.0,4.7,10.2,0.456,2.7,4.8,0.568,4.7,7.8,12.5,1.3,1.3,4.0,2.7,6.7,12.1,97.0,107.0,1999,Keon Clark-1999,0.0,Not Selected,Center,DEN,0.019310344827586208
1998-99,Keith Closs,closske01,C,22,LAC,15,0,87,7.4,14.2,0.522,0.0,0.6,0.0,7.4,13.6,0.545,4.9,6.2,0.8,3.1,12.3,15.4,0.0,1.9,5.6,3.7,8.6,19.7,104.0,101.0,1999,Keith Closs-1999,0.0,Not Selected,Center,LAC,0.012413793103448275
1998-99,John Coker,cokerjo01,C,27,WAS,14,0,98,7.1,16.9,0.419,0.0,0.0,0.0,7.1,16.9,0.419,2.7,3.3,0.833,3.8,8.2,12.0,0.0,0.5,1.1,1.1,9.3,16.9,100.0,104.0,1999,John Coker-1999,0.0,Not Selected,Center,WAS,0.02482758620689655
1998-99,Derrick Coleman,colemde01,PF,31,CHH,37,29,1178,7.6,18.4,0.414,0.3,1.5,0.212,7.3,16.9,0.43200000000000005,6.5,8.6,0.753,3.5,11.4,14.9,3.5,1.1,1.9,4.1,4.4,22.1,96.0,100.0,1999,Derrick Coleman-1999,0.0,Not Selected,Forward,CHO,0.03586206896551724
1998-99,Bimbo Coles,colesbi01,PG,30,GSW,48,32,1272,7.8,17.6,0.442,0.3,1.1,0.24,7.5,16.5,0.455,3.5,4.3,0.8220000000000001,0.9,4.1,5.0,9.4,1.9,0.5,3.5,4.8,19.3,104.0,104.0,1999,Bimbo Coles-1999,0.0,Not Selected,Guard,GSW,0.028965517241379312
1998-99,Marty Conlon,conloma01,C,31,MIA,7,0,35,4.9,21.0,0.231,0.0,0.0,0.0,4.9,21.0,0.231,3.2,3.2,1.0,1.6,6.5,8.1,1.6,0.0,1.6,4.9,9.7,12.9,58.0,102.0,1999,Marty Conlon-1999,0.0,Not Selected,Center,MIA,0.04551724137931035
1998-99,Tyrone Corbin,corbity01,SF,36,ATL,47,6,1066,6.9,17.7,0.391,2.0,6.3,0.319,4.9,11.4,0.431,2.7,4.2,0.65,2.0,5.7,7.7,2.3,1.6,0.4,2.3,3.9,18.6,100.0,99.0,1999,Tyrone Corbin-1999,0.0,Not Selected,Forward,ATL,0.04275862068965517
1998-99,James Cotton,cottoja02,SG,23,SEA,10,0,59,5.4,16.3,0.33299999999999996,0.0,2.7,0.0,5.4,13.6,0.4,11.8,16.3,0.722,1.8,7.3,9.1,0.0,2.7,0.0,2.7,5.4,22.7,99.0,104.0,1999,James Cotton-1999,0.0,Not Selected,Guard,OKC,0.034482758620689655
1998-99,Chris Crawford,crawfch01,PF,23,ATL,42,30,784,7.9,18.3,0.431,0.8,2.4,0.33299999999999996,7.1,15.9,0.446,4.1,5.0,0.8140000000000001,2.7,3.8,6.5,1.7,0.7,0.9,3.4,7.6,20.7,99.0,102.0,1999,Chris Crawford-1999,0.0,Not Selected,Forward,ATL,0.04275862068965517
1998-99,Austin Croshere,croshau01,PF,23,IND,27,0,249,7.1,16.7,0.42700000000000005,1.8,6.5,0.276,5.4,10.3,0.522,4.5,5.1,0.87,3.6,6.5,10.0,2.2,1.6,1.8,5.1,7.1,20.5,96.0,104.0,1999,Austin Croshere-1999,0.0,Not Selected,Forward,IND,0.04551724137931035
1998-99,John Crotty,crottjo01,PG,29,TOT,27,0,382,7.2,17.4,0.41100000000000003,2.0,5.0,0.389,5.2,12.3,0.42,6.0,7.0,0.86,1.1,3.2,4.3,8.8,1.5,0.0,4.6,4.3,22.3,107.0,109.0,1999,John Crotty-1999,0.0,Not Selected,Guard,TOT,0.03333333333333333
1998-99,Terry Cummings,cummite01,PF,37,GSW,50,0,1011,9.9,22.7,0.439,0.1,0.1,1.0,9.9,22.6,0.43700000000000006,4.3,6.1,0.711,5.1,8.5,13.6,3.1,2.5,0.5,3.1,9.0,24.3,101.0,99.0,1999,Terry Cummings-1999,0.0,Not Selected,Forward,GSW,0.028965517241379312
1998-99,William Cunningham,cunniwi01,C,24,TOT,16,6,162,1.0,5.8,0.16699999999999998,0.0,0.0,0.0,1.0,5.8,0.16699999999999998,0.0,0.6,0.0,4.2,4.9,9.1,0.3,0.3,3.6,1.6,9.7,1.9,56.0,106.0,1999,William Cunningham-1999,0.0,Not Selected,Center,TOT,0.03333333333333333
1998-99,Bill Curley,curlebi01,PF,26,MIN,35,7,372,4.1,10.2,0.40299999999999997,0.1,0.7,0.2,4.0,9.5,0.418,2.7,3.1,0.8640000000000001,2.8,4.4,7.2,2.0,2.4,1.3,1.4,11.8,11.1,104.0,101.0,1999,Bill Curley-1999,0.0,Not Selected,Forward,MIN,0.034482758620689655
1998-99,Dell Curry,curryde01,SG,34,MIL,42,0,864,10.4,21.5,0.485,4.4,9.3,0.47600000000000003,6.0,12.2,0.49200000000000005,1.8,2.2,0.8240000000000001,1.1,4.3,5.4,3.1,2.3,0.2,2.9,2.7,27.0,112.0,105.0,1999,Dell Curry-1999,0.0,Not Selected,Guard,MIL,0.038620689655172416
1998-99,Michael Curry,currymi01,SF,30,MIL,50,4,1146,4.3,9.9,0.43700000000000006,0.0,0.7,0.067,4.3,9.2,0.466,3.0,3.8,0.797,0.9,4.3,5.2,3.8,2.0,0.3,1.8,6.5,11.7,105.0,105.0,1999,Michael Curry-1999,0.0,Not Selected,Forward,MIL,0.038620689655172416
1998-99,Erick Dampier,dampier01,C,23,GSW,50,50,1414,6.1,15.8,0.389,0.0,0.0,0.0,6.1,15.8,0.389,4.6,7.8,0.588,6.3,8.3,14.6,2.1,1.0,2.2,3.5,6.3,16.9,93.0,101.0,1999,Erick Dampier-1999,0.0,Not Selected,Center,GSW,0.028965517241379312
1998-99,Antonio Daniels,daniean01,PG,23,SAS,47,0,614,7.3,16.1,0.45399999999999996,0.4,1.5,0.294,6.9,14.6,0.47,4.3,5.7,0.754,1.1,3.6,4.8,9.3,2.6,0.5,3.9,3.4,19.4,105.0,97.0,1999,Antonio Daniels-1999,0.0,Not Selected,Guard,SAS,0.05103448275862069
1998-99,Kornél Dávid,davidko01,SF,27,CHI,50,6,902,6.6,14.7,0.449,0.0,0.1,0.0,6.6,14.6,0.45,5.4,6.7,0.8109999999999999,4.2,6.2,10.4,2.4,1.4,1.0,2.9,5.3,18.6,104.0,104.0,1999,Kornél Dávid-1999,0.0,Not Selected,Forward,CHI,0.01793103448275862
1998-99,Antonio Davis,davisan01,PF,30,IND,49,1,1271,7.2,15.2,0.47100000000000003,0.0,0.0,0.0,7.2,15.2,0.47100000000000003,5.9,8.4,0.703,5.1,10.0,15.0,1.4,1.0,1.8,2.2,5.9,20.2,112.0,102.0,1999,Antonio Davis-1999,0.0,Not Selected,Forward,IND,0.04551724137931035
1998-99,Ben Davis,davisbe01,PF,26,NYK,8,0,21,18.4,44.7,0.41200000000000003,0.0,0.0,0.0,18.4,44.7,0.41200000000000003,7.9,15.8,0.5,23.7,5.3,28.9,7.9,0.0,0.0,2.6,10.5,44.7,107.0,103.0,1999,Ben Davis-1999,0.0,Not Selected,Forward,NYK,0.037241379310344824
1998-99,Dale Davis,davisda01,PF,29,IND,50,50,1374,6.5,12.2,0.5329999999999999,0.0,0.0,0.0,6.5,12.2,0.5329999999999999,3.1,5.0,0.618,6.3,10.6,16.8,0.9,0.8,2.3,1.7,4.7,16.1,118.0,102.0,1999,Dale Davis-1999,0.0,Not Selected,Forward,IND,0.04551724137931035
1998-99,Hubert Davis,davishu01,SG,28,DAL,50,21,1378,6.8,15.5,0.43799999999999994,2.5,5.6,0.451,4.3,9.9,0.431,1.7,2.0,0.88,0.1,3.2,3.4,3.5,0.8,0.1,2.2,3.0,17.9,106.0,110.0,1999,Hubert Davis-1999,0.0,Not Selected,Guard,DAL,0.02620689655172414
1998-99,Mark Davis,davisma02,SF,25,MIA,4,1,35,3.2,9.7,0.33299999999999996,0.0,0.0,0.0,3.2,9.7,0.33299999999999996,8.1,9.7,0.833,3.2,8.1,11.3,1.6,1.6,0.0,11.3,19.4,14.6,67.0,98.0,1999,Mark Davis-1999,0.0,Not Selected,Forward,MIA,0.04551724137931035
1998-99,Ricky Davis,davisri01,SG,19,CHH,46,1,557,7.8,19.2,0.405,0.2,1.2,0.16699999999999998,7.6,18.1,0.42,4.3,5.7,0.763,3.8,4.2,8.1,5.6,2.9,0.7,5.2,4.4,20.1,90.0,103.0,1999,Ricky Davis-1999,0.0,Not Selected,Guard,CHO,0.03586206896551724
1998-99,Terry Davis,daviste01,C,31,WAS,37,34,578,4.5,8.5,0.5329999999999999,0.0,0.0,0.0,4.5,8.5,0.5329999999999999,2.6,3.5,0.737,4.6,8.2,12.9,0.9,1.0,0.3,1.5,7.3,11.7,118.0,104.0,1999,Terry Davis-1999,0.0,Not Selected,Center,WAS,0.02482758620689655
1998-99,Andrew DeClercq,declean01,C,25,TOT,47,32,1102,6.9,13.7,0.5,0.0,0.0,0.0,6.9,13.7,0.5,4.7,7.0,0.674,5.2,7.5,12.7,1.5,2.5,1.4,2.7,8.0,18.4,107.0,99.0,1999,Andrew DeClercq-1999,0.0,Not Selected,Center,TOT,0.03333333333333333
1998-99,Terry Dehere,deherte01,SG-PG,27,TOT,26,0,291,5.7,15.7,0.365,2.9,7.2,0.41,2.8,8.5,0.326,0.9,1.3,0.7140000000000001,1.3,3.1,4.4,5.0,1.3,0.6,2.9,5.5,15.3,95.0,111.0,1999,Terry Dehere-1999,0.0,Not Selected,Guard,TOT,0.03333333333333333
1998-99,Vinny Del Negro,delnevi01,PG,32,MIL,48,7,1093,5.8,13.6,0.42200000000000004,0.7,1.5,0.433,5.1,12.1,0.42100000000000004,2.0,2.5,0.8,0.7,4.4,5.1,8.8,1.7,0.2,2.8,3.1,14.2,103.0,106.0,1999,Vinny Del Negro-1999,0.0,Not Selected,Guard,MIL,0.038620689655172416
1998-99,Bison Dele,delebi01,C,29,DET,49,48,1177,10.2,20.4,0.501,0.0,0.0,0.0,10.2,20.3,0.502,3.8,5.6,0.6859999999999999,4.3,8.5,12.8,3.4,1.8,1.9,5.2,8.6,24.2,97.0,98.0,1999,Bison Dele-1999,0.0,Not Selected,Center,DET,0.04
1998-99,Tony Delk,delkto01,PG,25,GSW,36,13,630,7.9,21.7,0.364,1.4,5.7,0.242,6.5,16.0,0.406,3.9,6.1,0.648,0.9,3.7,4.6,8.1,1.4,0.5,3.9,4.0,21.1,94.0,105.0,1999,Tony Delk-1999,0.0,Not Selected,Guard,GSW,0.028965517241379312
1998-99,Michael Dickerson,dickemi01,SG,23,HOU,50,50,1558,7.5,16.0,0.465,2.5,5.7,0.433,5.0,10.3,0.483,1.6,2.5,0.639,0.9,2.0,2.9,3.3,0.9,0.4,2.3,3.1,19.0,107.0,109.0,1999,Michael Dickerson-1999,0.0,Not Selected,Guard,HOU,0.04275862068965517
1998-99,Vlade Divac,divacvl01,C,30,SAC,50,50,1761,7.4,15.8,0.47,0.3,1.2,0.256,7.1,14.6,0.488,5.1,7.2,0.7020000000000001,4.0,10.3,14.2,6.1,1.2,1.4,3.7,4.7,20.3,108.0,101.0,1999,Vlade Divac-1999,0.0,Not Selected,Center,SAC,0.037241379310344824
1998-99,Michael Doleac,doleami01,C,21,ORL,49,0,780,8.7,18.5,0.46799999999999997,0.0,0.0,0.0,8.7,18.5,0.46799999999999997,3.7,5.5,0.675,4.6,5.7,10.3,1.4,1.3,1.2,1.8,8.1,21.1,107.0,100.0,1999,Michael Doleac-1999,0.0,Not Selected,Center,ORL,0.04551724137931035
1998-99,Sherman Douglas,douglsh01,PG,32,LAC,30,19,842,6.1,14.0,0.43799999999999994,0.0,0.7,0.0,6.1,13.3,0.462,3.5,5.5,0.632,1.0,2.7,3.7,7.9,1.7,0.2,3.9,3.4,15.7,96.0,113.0,1999,Sherman Douglas-1999,0.0,Not Selected,Guard,LAC,0.012413793103448275
1998-99,Bryce Drew,drewbr01,PG,24,HOU,34,0,441,5.8,15.8,0.364,2.0,6.0,0.327,3.8,9.8,0.38799999999999996,1.0,1.0,1.0,0.4,3.6,3.9,6.4,1.5,0.5,3.8,7.5,14.5,88.0,107.0,1999,Bryce Drew-1999,0.0,Not Selected,Guard,HOU,0.04275862068965517
1998-99,Chris Dudley,dudlech02,C,33,NYK,46,16,685,3.9,8.8,0.44,0.0,0.0,0.0,3.9,8.8,0.44,1.5,3.2,0.475,6.4,9.2,15.6,0.6,1.0,3.1,1.9,9.4,9.3,99.0,95.0,1999,Chris Dudley-1999,0.0,Not Selected,Center,NYK,0.037241379310344824
1998-99,Joe Dumars,dumarjo01,SG,35,DET,38,38,1116,7.2,17.4,0.41100000000000003,4.4,11.0,0.40299999999999997,2.7,6.4,0.426,2.5,3.0,0.836,0.6,2.8,3.4,6.7,1.1,0.1,2.6,2.5,21.3,114.0,106.0,1999,Joe Dumars-1999,0.0,Not Selected,Guard,DET,0.04
1998-99,Tim Duncan,duncati01,PF,22,SAS,50,50,1963,11.5,23.3,0.495,0.0,0.2,0.14300000000000002,11.5,23.1,0.498,6.8,9.9,0.69,4.4,11.4,15.8,3.3,1.2,3.5,4.0,4.1,29.9,106.0,91.0,1999,Tim Duncan-1999,1.0,1st,Forward,SAS,0.05103448275862069
1998-99,Blue Edwards,edwarbl01,SF,33,MIA,24,0,283,6.4,14.4,0.444,0.8,2.0,0.4,5.6,12.4,0.452,1.8,2.6,0.6920000000000001,1.4,5.2,6.6,6.0,3.4,1.0,4.2,4.6,15.4,93.0,97.0,1999,Blue Edwards-1999,0.0,Not Selected,Forward,MIA,0.04551724137931035
1998-99,Howard Eisley,eisleho01,PG,26,UTA,50,0,1038,7.4,16.7,0.446,1.1,2.7,0.42,6.3,14.0,0.451,3.6,4.3,0.838,0.6,4.4,5.0,9.8,1.6,0.1,5.8,6.5,19.6,95.0,102.0,1999,Howard Eisley-1999,0.0,Not Selected,Guard,UTA,0.05103448275862069
1998-99,Mario Elie,eliema01,SG,35,SAS,47,37,1291,6.5,13.9,0.47100000000000003,1.7,4.5,0.374,4.9,9.4,0.518,4.3,5.0,0.866,1.5,4.2,5.7,3.7,1.9,0.5,2.6,3.8,19.1,114.0,98.0,1999,Mario Elie-1999,0.0,Not Selected,Guard,SAS,0.05103448275862069
1998-99,Sean Elliott,elliose01,SF,30,SAS,50,50,1509,7.5,18.2,0.41,1.4,4.3,0.32799999999999996,6.1,13.9,0.436,3.8,5.0,0.757,1.3,6.4,7.6,4.2,0.9,0.6,2.5,3.7,20.1,101.0,99.0,1999,Sean Elliott-1999,0.0,Not Selected,Forward,SAS,0.05103448275862069
1998-99,Dale Ellis,ellisda01,SF,38,SEA,48,5,1232,7.6,17.2,0.441,4.1,9.4,0.433,3.5,7.7,0.449,2.3,3.0,0.757,1.1,3.9,5.0,1.7,1.1,0.1,2.0,3.3,21.5,113.0,110.0,1999,Dale Ellis-1999,0.0,Not Selected,Forward,OKC,0.034482758620689655
1998-99,LaPhonso Ellis,ellisla01,PF,28,ATL,20,20,539,8.3,19.8,0.42100000000000004,0.1,0.5,0.2,8.2,19.3,0.42700000000000005,4.5,6.4,0.705,2.6,8.8,11.4,1.9,0.8,0.7,3.5,5.0,21.3,94.0,98.0,1999,LaPhonso Ellis-1999,0.0,Not Selected,Forward,ATL,0.04275862068965517
1998-99,Brian Evans,evansbr01,SF,25,TOT,16,0,145,4.7,15.9,0.295,1.4,4.7,0.308,3.3,11.2,0.29,1.4,1.4,1.0,2.2,4.7,6.9,5.4,1.8,1.1,0.7,2.9,12.3,97.0,105.0,1999,Brian Evans-1999,0.0,Not Selected,Forward,TOT,0.03333333333333333
1998-99,Patrick Ewing,ewingpa01,C,36,NYK,38,38,1300,10.5,24.1,0.435,0.0,0.1,0.0,10.5,24.1,0.436,6.9,9.8,0.706,3.1,12.9,16.0,1.8,1.3,4.3,4.2,4.5,27.9,95.0,91.0,1999,Patrick Ewing-1999,0.0,Not Selected,Center,NYK,0.037241379310344824
1998-99,Jamie Feick,feickja01,PF-C,24,TOT,28,16,852,4.1,8.3,0.5,0.0,0.0,0.0,4.1,8.3,0.5,2.6,3.7,0.7170000000000001,6.9,10.8,17.7,1.5,1.5,1.1,2.1,4.5,10.9,114.0,102.0,1999,Jamie Feick-1999,0.0,Not Selected,Forward,TOT,0.03333333333333333
1998-99,Duane Ferrell,ferredu01,SF,33,GSW,8,0,46,1.2,16.4,0.071,0.0,0.0,0.0,1.2,16.4,0.071,3.5,4.7,0.75,5.9,1.2,7.0,0.0,1.2,1.2,1.2,4.7,5.9,54.0,107.0,1999,Duane Ferrell-1999,0.0,Not Selected,Forward,GSW,0.028965517241379312
1998-99,Danny Ferry,ferryda01,PF,32,CLE,50,10,1058,7.4,15.5,0.47600000000000003,2.0,5.1,0.392,5.4,10.4,0.518,1.5,1.7,0.879,0.8,4.5,5.4,2.8,1.2,0.5,2.0,5.9,18.3,104.0,105.0,1999,Danny Ferry-1999,0.0,Not Selected,Forward,CLE,0.030344827586206897
1998-99,Michael Finley,finlemi01,SF,25,DAL,50,50,2051,10.2,23.0,0.444,1.2,3.6,0.331,9.0,19.4,0.465,4.9,5.9,0.823,1.8,5.1,6.9,5.7,1.7,0.4,2.8,2.5,26.5,108.0,107.0,1999,Michael Finley-1999,0.0,Not Selected,Forward,DAL,0.02620689655172414
1998-99,Derek Fisher,fishede01,PG,24,LAL,50,21,1131,4.6,12.2,0.376,1.8,4.5,0.392,2.8,7.7,0.36700000000000005,2.8,3.7,0.759,1.0,3.2,4.2,9.1,2.8,0.0,3.6,4.4,13.7,103.0,106.0,1999,Derek Fisher-1999,0.0,Not Selected,Guard,LAL,0.04275862068965517
1998-99,Danny Fortson,fortsda01,PF,22,DEN,50,38,1417,7.2,14.5,0.495,0.0,0.1,0.0,7.2,14.3,0.499,6.3,8.6,0.727,7.9,13.9,21.8,1.2,1.2,0.8,2.9,7.9,20.6,115.0,106.0,1999,Danny Fortson-1999,0.0,Not Selected,Forward,DEN,0.019310344827586208
1998-99,Greg Foster,fostegr01,PF,30,UTA,42,1,458,6.3,16.6,0.377,0.1,0.5,0.25,6.1,16.1,0.381,1.6,2.5,0.619,3.4,6.6,10.0,3.0,0.7,1.0,2.9,7.6,14.2,85.0,101.0,1999,Greg Foster-1999,0.0,Not Selected,Forward,UTA,0.05103448275862069
1998-99,Rick Fox,foxri01,SF,29,LAL,44,1,944,8.2,18.3,0.44799999999999995,1.8,5.3,0.337,6.4,13.0,0.494,3.7,4.9,0.742,1.4,3.5,4.9,4.9,1.6,0.6,3.1,6.3,21.9,106.0,107.0,1999,Rick Fox-1999,0.0,Not Selected,Forward,LAL,0.04275862068965517
1998-99,Adonal Foyle,foylead01,C,23,GSW,44,0,614,4.6,10.6,0.43,0.0,0.0,0.0,4.6,10.6,0.43,2.2,4.5,0.49,6.9,10.1,17.1,1.6,1.3,3.8,2.7,7.9,11.3,95.0,97.0,1999,Adonal Foyle-1999,0.0,Not Selected,Center,GSW,0.028965517241379312
1998-99,Todd Fuller,fulleto02,C,24,UTA,42,2,462,6.7,14.8,0.452,0.0,0.0,0.0,6.7,14.8,0.452,3.6,6.0,0.6,3.3,8.7,12.1,0.7,0.7,1.7,3.2,7.2,17.0,92.0,99.0,1999,Todd Fuller-1999,0.0,Not Selected,Center,UTA,0.05103448275862069
1998-99,Lawrence Funderburke,fundela01,PF,28,SAC,47,2,936,8.9,16.0,0.5589999999999999,0.1,0.3,0.2,8.9,15.7,0.565,4.5,6.4,0.708,5.4,6.5,11.9,1.6,1.2,1.2,2.8,4.1,22.4,116.0,104.0,1999,Lawrence Funderburke-1999,0.0,Not Selected,Forward,SAC,0.037241379310344824
1998-99,Kevin Garnett,garneke01,PF,22,MIN,47,47,1780,12.3,26.7,0.46,0.1,0.4,0.28600000000000003,12.1,26.2,0.46299999999999997,4.3,6.1,0.7040000000000001,4.9,9.6,14.5,6.0,2.3,2.5,4.0,4.5,28.9,102.0,97.0,1999,Kevin Garnett-1999,3.0,3rd,Forward,MIN,0.034482758620689655
1998-99,Marlon Garnett,garnema01,PG,23,BOS,24,0,205,3.8,13.1,0.294,1.5,5.9,0.261,2.3,7.2,0.321,3.8,5.1,0.75,0.8,4.6,5.4,4.6,1.3,0.3,3.1,4.6,13.1,89.0,106.0,1999,Marlon Garnett-1999,0.0,Not Selected,Guard,BOS,0.02620689655172414
1998-99,Dean Garrett,garrede01,C,32,MIN,49,37,1054,5.8,11.6,0.502,0.0,0.0,0.0,5.8,11.6,0.502,1.9,2.6,0.745,5.0,7.9,12.9,1.4,1.5,2.3,1.5,5.7,13.5,113.0,100.0,1999,Dean Garrett-1999,0.0,Not Selected,Center,MIN,0.034482758620689655
1998-99,Pat Garrity,garripa01,PF,22,PHO,39,9,538,8.4,16.9,0.5,0.7,1.8,0.389,7.7,15.1,0.513,4.0,5.6,0.7140000000000001,2.6,4.9,7.4,1.8,0.8,0.3,2.0,6.1,21.5,110.0,107.0,1999,Pat Garrity-1999,0.0,Not Selected,Forward,PHO,0.037241379310344824
1998-99,Chris Gatling,gatlich01,C,31,TOT,48,3,775,8.2,18.5,0.442,0.1,0.6,0.125,8.1,18.0,0.451,2.6,6.5,0.39799999999999996,3.6,8.9,12.5,2.2,2.2,0.7,4.3,8.2,19.0,85.0,101.0,1999,Chris Gatling-1999,0.0,Not Selected,Center,TOT,0.03333333333333333
1998-99,Andrew Gaze,gazean01,SG,33,SAS,19,0,58,7.5,23.3,0.32,4.7,14.9,0.313,2.8,8.4,0.33299999999999996,0.0,0.0,0.0,1.9,2.8,4.7,5.6,1.9,0.9,3.7,6.5,19.6,88.0,99.0,1999,Andrew Gaze-1999,0.0,Not Selected,Guard,SAS,0.05103448275862069
1998-99,Matt Geiger,geigema01,C,29,PHI,50,40,1540,9.4,19.5,0.479,0.0,0.2,0.2,9.3,19.3,0.48200000000000004,5.0,6.2,0.797,4.8,7.9,12.7,2.0,1.4,1.4,3.6,5.5,23.7,106.0,99.0,1999,Matt Geiger-1999,0.0,Not Selected,Center,PHI,0.038620689655172416
1998-99,Kendall Gill,gillke01,SF,30,NJN,50,47,1606,7.7,19.4,0.39799999999999996,0.1,0.6,0.11800000000000001,7.6,18.8,0.406,3.7,5.5,0.6829999999999999,2.0,6.0,8.0,4.0,4.4,0.8,2.3,5.3,19.2,96.0,100.0,1999,Kendall Gill-1999,0.0,Not Selected,Forward,BRK,0.022068965517241378
1998-99,Armen Gilliam,gilliar01,PF,34,MIL,34,5,668,8.3,18.4,0.45299999999999996,0.0,0.1,0.0,8.3,18.3,0.455,6.5,8.3,0.782,2.7,7.7,10.4,1.6,1.8,1.0,3.0,4.0,23.2,104.0,102.0,1999,Armen Gilliam-1999,0.0,Not Selected,Forward,MIL,0.038620689655172416
1998-99,Brian Grant,grantbr01,PF,26,POR,48,46,1525,6.5,13.5,0.479,0.0,0.0,0.0,6.5,13.5,0.479,6.5,8.0,0.8140000000000001,6.1,10.5,16.6,2.4,0.7,1.2,3.4,4.8,19.4,113.0,98.0,1999,Brian Grant-1999,0.0,Not Selected,Forward,POR,0.04827586206896552
1998-99,Gary Grant,grantga01,PG,33,POR,2,0,7,0.0,7.7,0.0,0.0,0.0,0.0,0.0,7.7,0.0,0.0,0.0,0.0,0.0,0.0,0.0,23.1,7.7,0.0,0.0,0.0,0.0,107.0,92.0,1999,Gary Grant-1999,0.0,Not Selected,Guard,POR,0.04827586206896552
1998-99,Harvey Grant,grantha01,PF,33,PHI,47,10,798,4.2,11.4,0.369,0.1,0.4,0.16699999999999998,4.1,11.0,0.377,1.4,2.0,0.7240000000000001,2.4,5.0,7.5,1.6,1.4,1.1,1.4,5.0,9.9,91.0,101.0,1999,Harvey Grant-1999,0.0,Not Selected,Forward,PHI,0.038620689655172416
1998-99,Horace Grant,grantho01,PF,33,ORL,50,50,1660,6.4,14.8,0.434,0.0,0.1,0.0,6.4,14.8,0.436,1.5,2.3,0.6709999999999999,3.8,7.6,11.4,2.9,1.5,2.0,1.4,3.2,14.4,103.0,97.0,1999,Horace Grant-1999,0.0,Not Selected,Forward,ORL,0.04551724137931035
1998-99,Paul Grant,grantpa01,C,25,TOT,6,0,13,8.3,24.8,0.33299999999999996,0.0,0.0,0.0,8.3,24.8,0.33299999999999996,0.0,0.0,0.0,4.1,0.0,4.1,0.0,4.1,0.0,8.3,16.5,16.5,56.0,102.0,1999,Paul Grant-1999,0.0,Not Selected,Center,TOT,0.03333333333333333
1998-99,Ed Gray,grayed01,SG,23,ATL,30,3,337,8.8,30.4,0.29100000000000004,2.0,7.0,0.28600000000000003,6.8,23.4,0.293,4.7,6.2,0.757,1.2,3.5,4.7,2.0,2.0,0.2,4.8,5.0,24.4,76.0,100.0,1999,Ed Gray-1999,0.0,Not Selected,Guard,ATL,0.04275862068965517
1998-99,A.C. Green,greenac01,PF,35,DAL,50,35,924,6.3,14.9,0.42200000000000004,0.0,0.5,0.0,6.3,14.5,0.435,1.8,3.0,0.5770000000000001,4.8,8.5,13.3,1.5,1.6,0.5,1.1,4.0,14.4,102.0,104.0,1999,A.C. Green-1999,0.0,Not Selected,Forward,DAL,0.02620689655172414
1998-99,Litterial Green,greenli01,PG,28,CLE,1,0,2,0.0,27.8,0.0,0.0,0.0,0.0,0.0,27.8,0.0,0.0,0.0,0.0,0.0,0.0,0.0,0.0,0.0,0.0,0.0,0.0,0.0,0.0,112.0,1999,Litterial Green-1999,0.0,Not Selected,Guard,CLE,0.030344827586206897
1998-99,Tom Gugliotta,guglito01,PF,29,PHO,43,43,1563,9.5,19.6,0.483,0.1,0.2,0.28600000000000003,9.4,19.3,0.486,5.9,7.4,0.794,4.5,8.5,13.0,4.1,2.0,0.7,3.0,3.8,24.9,111.0,102.0,1999,Tom Gugliotta-1999,0.0,Not Selected,Forward,PHO,0.037241379310344824
1998-99,Tom Hammonds,hammoto01,PF,31,MIN,49,0,716,6.0,13.2,0.45799999999999996,0.0,0.0,0.0,6.0,13.2,0.45799999999999996,3.5,5.5,0.64,4.0,6.0,10.0,1.5,0.6,0.5,2.4,6.5,15.6,101.0,105.0,1999,Tom Hammonds-1999,0.0,Not Selected,Forward,MIN,0.034482758620689655
1998-99,Anfernee Hardaway,hardaan01,SG,27,ORL,50,50,1944,8.4,19.9,0.42,1.1,3.9,0.28600000000000003,7.3,16.0,0.452,4.1,5.9,0.706,2.1,5.8,7.9,7.4,3.1,0.6,4.2,3.1,22.0,100.0,97.0,1999,Anfernee Hardaway-1999,0.0,Not Selected,Guard,ORL,0.04551724137931035
1998-99,Tim Hardaway,hardati01,PG,32,MIA,48,48,1772,9.6,24.0,0.4,3.6,9.9,0.36,6.0,14.1,0.429,3.9,4.8,0.812,0.5,4.4,4.9,11.2,1.8,0.2,4.2,3.3,26.7,105.0,102.0,1999,Tim Hardaway-1999,2.0,2nd,Guard,MIA,0.04551724137931035
1998-99,Derek Harper,harpede01,PG,37,LAL,45,29,1120,5.6,13.6,0.41200000000000003,2.0,5.5,0.368,3.6,8.1,0.44299999999999995,1.2,1.5,0.813,0.6,2.5,3.1,8.7,2.1,0.2,2.4,3.1,14.5,109.0,108.0,1999,Derek Harper-1999,0.0,Not Selected,Guard,LAL,0.04275862068965517
1998-99,Ron Harper,harpero01,SG,35,CHI,35,35,1107,7.2,19.2,0.377,1.3,4.2,0.318,5.9,15.0,0.39299999999999996,3.5,5.0,0.703,2.4,6.4,8.9,5.7,3.0,1.7,3.2,3.9,19.3,93.0,100.0,1999,Ron Harper-1999,0.0,Not Selected,Guard,CHI,0.01793103448275862
1998-99,Matt Harpring,harprma01,SF,22,ORL,50,22,1114,7.2,15.5,0.46299999999999997,0.5,1.2,0.4,6.7,14.3,0.46799999999999997,4.9,6.9,0.713,4.3,6.1,10.4,2.2,1.5,0.3,3.5,5.4,19.8,103.0,100.0,1999,Matt Harpring-1999,0.0,Not Selected,Forward,ORL,0.04551724137931035
1998-99,Al Harrington,harrial01,PF,18,IND,21,0,160,6.3,19.4,0.321,0.0,1.7,0.0,6.3,17.7,0.353,3.1,5.2,0.6,6.9,6.6,13.5,1.7,1.4,0.7,3.8,9.0,15.6,82.0,105.0,1999,Al Harrington-1999,0.0,Not Selected,Forward,IND,0.04551724137931035
1998-99,Othella Harrington,harriot01,PF,25,HOU,41,10,903,9.3,18.2,0.513,0.0,0.0,0.0,9.3,18.2,0.513,5.3,7.3,0.721,4.3,10.4,14.7,0.9,0.4,1.5,3.7,6.2,23.9,105.0,103.0,1999,Othella Harrington-1999,0.0,Not Selected,Forward,HOU,0.04275862068965517
1998-99,Lucious Harris,harrilu01,SG,28,NJN,36,5,602,6.4,15.8,0.40299999999999997,1.0,4.4,0.22,5.4,11.4,0.473,3.1,4.2,0.75,1.8,4.0,5.8,2.7,1.6,0.6,1.6,4.5,16.8,103.0,107.0,1999,Lucious Harris-1999,0.0,Not Selected,Guard,BRK,0.022068965517241378
1998-99,Hersey Hawkins,hawkihe01,SG,32,SEA,50,34,1644,5.6,13.3,0.419,1.8,5.9,0.306,3.8,7.4,0.509,3.9,4.3,0.902,1.7,4.9,6.5,4.0,2.6,0.6,2.6,2.9,16.8,110.0,106.0,1999,Hersey Hawkins-1999,0.0,Not Selected,Guard,OKC,0.034482758620689655
1998-99,Michael Hawkins,hawkimi01,PG,26,SAC,24,0,203,3.4,9.9,0.35,1.2,4.7,0.263,2.2,5.2,0.429,0.7,0.7,1.0,2.5,3.7,6.2,6.7,0.7,0.2,3.2,3.4,8.9,94.0,108.0,1999,Michael Hawkins-1999,0.0,Not Selected,Guard,SAC,0.037241379310344824
1998-99,Alan Henderson,hendeal01,SF,26,ATL,38,37,1142,9.2,20.8,0.442,0.0,0.0,0.0,9.2,20.8,0.44299999999999995,4.9,7.3,0.6709999999999999,4.9,7.4,12.3,1.4,1.6,0.9,2.9,4.7,23.3,102.0,97.0,1999,Alan Henderson-1999,0.0,Not Selected,Forward,ATL,0.04275862068965517
1998-99,Cedric Henderson,hendece02,SF,23,CLE,50,48,1517,6.9,16.6,0.41700000000000004,0.1,0.4,0.16699999999999998,6.8,16.1,0.424,2.7,3.3,0.813,1.6,5.6,7.2,4.1,2.1,0.9,3.6,5.0,16.6,88.0,102.0,1999,Cedric Henderson-1999,0.0,Not Selected,Forward,CLE,0.030344827586206897
1998-99,J.R. Henderson,hendejr01,SF,22,VAN,30,0,331,5.7,15.6,0.365,0.3,0.8,0.4,5.4,14.8,0.363,4.1,7.3,0.556,3.3,4.4,7.7,3.6,1.5,0.7,2.9,4.7,15.8,90.0,110.0,1999,J.R. Henderson-1999,0.0,Not Selected,Forward,MEM,0.011034482758620689
1998-99,Mark Hendrickson,hendrma01,PF,24,NJN,22,6,399,5.1,11.6,0.44299999999999995,0.0,0.1,0.0,5.1,11.4,0.44799999999999995,5.5,6.6,0.84,3.6,5.4,8.9,1.7,1.6,0.1,2.0,5.1,15.8,113.0,106.0,1999,Mark Hendrickson-1999,0.0,Not Selected,Forward,BRK,0.022068965517241378
1998-99,Steve Henson,hensost01,PG,30,DET,4,0,25,2.2,4.4,0.5,0.0,0.0,0.0,2.2,4.4,0.5,4.4,4.4,1.0,0.0,0.0,0.0,6.7,2.2,0.0,6.7,2.2,8.9,83.0,106.0,1999,Steve Henson-1999,0.0,Not Selected,Guard,DET,0.04
1998-99,Carl Herrera,herreca01,PF,32,TOT,28,0,307,5.2,13.2,0.395,0.0,0.2,0.0,5.2,13.0,0.4,0.9,1.9,0.455,4.3,6.4,10.7,0.7,2.1,1.2,2.8,7.1,11.3,82.0,109.0,1999,Carl Herrera-1999,0.0,Not Selected,Forward,TOT,0.03333333333333333
1998-99,Grant Hill,hillgr01,SF,26,DET,50,50,1852,11.5,24.1,0.479,0.0,0.4,0.0,11.5,23.7,0.48700000000000004,8.6,11.4,0.752,2.0,8.7,10.7,9.0,2.4,0.8,5.5,3.4,31.6,107.0,98.0,1999,Grant Hill-1999,2.0,2nd,Forward,DET,0.04
1998-99,Tyrone Hill,hillty01,PF,30,TOT,38,23,1104,6.0,13.3,0.455,0.0,0.0,0.0,6.0,13.3,0.455,4.0,7.4,0.54,5.7,8.5,14.2,1.7,1.7,0.8,2.9,7.2,16.1,100.0,100.0,1999,Tyrone Hill-1999,0.0,Not Selected,Forward,TOT,0.03333333333333333
1998-99,Fred Hoiberg,hoibefr01,SG,26,IND,12,0,87,3.8,13.4,0.28600000000000003,0.6,5.7,0.111,3.2,7.7,0.41700000000000004,3.8,3.8,1.0,1.3,5.7,7.0,2.6,0.0,0.0,1.9,7.0,12.1,89.0,109.0,1999,Fred Hoiberg-1999,0.0,Not Selected,Guard,IND,0.04551724137931035
1998-99,Jerald Honeycutt,honeyje01,PF,24,TOT,16,0,102,4.8,17.0,0.281,2.7,9.0,0.294,2.1,8.0,0.267,3.7,5.3,0.7,1.6,4.8,6.4,1.6,2.7,1.1,4.8,8.5,16.0,77.0,99.0,1999,Jerald Honeycutt-1999,0.0,Not Selected,Forward,TOT,0.03333333333333333
1998-99,Jeff Hornacek,hornaje01,SG,35,UTA,48,48,1435,8.2,17.3,0.47700000000000004,1.3,3.1,0.42,6.9,14.2,0.489,4.8,5.4,0.893,1.3,4.9,6.2,7.4,2.0,0.5,3.2,3.7,22.6,113.0,100.0,1999,Jeff Hornacek-1999,0.0,Not Selected,Guard,UTA,0.05103448275862069
1998-99,Robert Horry,horryro01,PF,28,LAL,38,5,744,4.7,10.3,0.45899999999999996,1.4,3.2,0.444,3.3,7.1,0.465,2.4,3.2,0.7390000000000001,3.9,6.8,10.7,3.9,2.5,2.7,3.4,7.3,13.2,106.0,101.0,1999,Robert Horry-1999,0.0,Not Selected,Forward,LAL,0.04275862068965517
1998-99,Allan Houston,houstal01,SG,27,NYK,50,50,1815,9.0,21.4,0.418,1.7,4.3,0.40700000000000003,7.2,17.1,0.42100000000000004,5.1,5.9,0.862,0.6,4.0,4.6,4.2,1.1,0.3,4.0,3.5,24.8,98.0,102.0,1999,Allan Houston-1999,0.0,Not Selected,Guard,NYK,0.037241379310344824
1998-99,Juwan Howard,howarju01,SF,25,WAS,36,36,1430,10.7,22.6,0.474,0.0,0.1,0.0,10.7,22.5,0.47600000000000003,4.1,5.5,0.753,3.4,7.6,11.0,4.0,1.6,0.5,3.6,4.9,25.5,101.0,103.0,1999,Juwan Howard-1999,0.0,Not Selected,Forward,WAS,0.02482758620689655
1998-99,Troy Hudson,hudsotr01,PG,22,LAC,25,6,524,6.1,15.4,0.4,1.5,4.8,0.319,4.6,10.5,0.43700000000000006,3.5,3.9,0.895,1.5,4.1,5.6,9.4,1.1,0.2,3.9,2.9,17.3,105.0,114.0,1999,Troy Hudson-1999,0.0,Not Selected,Guard,LAC,0.012413793103448275
1998-99,Larry Hughes,hughela01,PG,20,PHI,50,1,988,9.3,22.7,0.41100000000000003,0.4,2.9,0.154,8.9,19.8,0.44799999999999995,5.9,8.3,0.7090000000000001,4.6,5.8,10.4,4.2,2.4,0.8,3.7,5.3,24.9,100.0,99.0,1999,Larry Hughes-1999,0.0,Not Selected,Guard,PHI,0.038620689655172416
1998-99,Lindsey Hunter,hunteli01,PG,28,DET,49,49,1755,7.2,16.6,0.435,1.9,4.8,0.386,5.4,11.8,0.456,2.1,2.8,0.753,0.8,4.5,5.3,6.1,2.7,0.3,2.9,4.0,18.4,104.0,101.0,1999,Lindsey Hunter-1999,0.0,Not Selected,Guard,DET,0.04
1998-99,Zydrunas Ilgauskas,ilgauzy01,C,23,CLE,5,5,171,9.4,18.5,0.509,0.0,0.0,0.0,9.4,18.5,0.509,5.8,9.7,0.6,5.5,8.8,14.3,1.3,1.3,2.3,2.9,7.8,24.7,105.0,100.0,1999,Zydrunas Ilgauskas-1999,0.0,Not Selected,Center,CLE,0.030344827586206897
1998-99,Allen Iverson,iversal01,SG,23,PHI,48,48,1990,11.8,28.7,0.41200000000000003,1.6,5.4,0.29100000000000004,10.3,23.3,0.44,9.7,12.9,0.7509999999999999,1.8,4.6,6.4,6.1,3.0,0.2,4.5,2.7,34.9,105.0,99.0,1999,Allen Iverson-1999,1.0,1st,Guard,PHI,0.038620689655172416
1998-99,Bobby Jackson,jacksbo01,PG,25,MIN,50,12,941,7.9,19.5,0.405,0.6,1.5,0.37,7.3,18.0,0.408,3.4,4.4,0.772,2.4,5.2,7.6,9.4,2.2,0.2,4.2,4.2,19.8,96.0,103.0,1999,Bobby Jackson-1999,0.0,Not Selected,Guard,MIN,0.034482758620689655
1998-99,Jaren Jackson,jacksja01,SG,31,SAS,47,13,861,6.8,17.9,0.38,3.3,9.2,0.361,3.5,8.6,0.401,2.0,2.5,0.821,1.3,4.9,6.2,3.1,2.6,0.6,2.3,4.0,18.9,101.0,96.0,1999,Jaren Jackson-1999,0.0,Not Selected,Guard,SAS,0.05103448275862069
1998-99,Jim Jackson,jacksji01,SG,28,POR,49,9,1175,7.0,16.9,0.41100000000000003,1.1,4.1,0.278,5.8,12.8,0.45399999999999996,3.9,4.6,0.8420000000000001,1.6,5.6,7.3,5.9,2.0,0.3,3.8,3.7,19.0,100.0,99.0,1999,Jim Jackson-1999,0.0,Not Selected,Guard,POR,0.04827586206896552
1998-99,Mark Jackson,jacksma01,PG,33,IND,49,49,1382,5.5,13.2,0.419,1.3,4.1,0.311,4.3,9.1,0.469,2.6,3.2,0.823,1.3,6.1,7.4,15.5,1.7,0.1,4.0,2.3,15.0,112.0,105.0,1999,Mark Jackson-1999,0.0,Not Selected,Guard,IND,0.04551724137931035
1998-99,Randell Jackson,jacksra02,PF,23,WAS,27,8,271,9.1,21.3,0.426,0.2,1.4,0.14300000000000002,8.9,19.9,0.446,4.1,6.3,0.6559999999999999,5.9,4.7,10.7,1.6,0.6,2.2,5.1,5.7,22.5,89.0,106.0,1999,Randell Jackson-1999,0.0,Not Selected,Forward,WAS,0.02482758620689655
1998-99,Sam Jacobson,jacobsa01,PG,23,LAL,2,0,12,13.1,21.8,0.6,0.0,4.4,0.0,13.1,17.5,0.75,8.7,8.7,1.0,0.0,13.1,13.1,0.0,0.0,0.0,4.4,8.7,34.9,116.0,104.0,1999,Sam Jacobson-1999,0.0,Not Selected,Guard,LAL,0.04275862068965517
1998-99,Jerome James,jamesje01,C,23,SAC,16,0,42,10.7,28.6,0.375,0.0,0.0,0.0,10.7,28.6,0.375,7.1,14.3,0.5,7.1,13.1,20.2,1.2,2.4,7.1,10.7,13.1,28.6,72.0,91.0,1999,Jerome James-1999,0.0,Not Selected,Center,SAC,0.037241379310344824
1998-99,Antawn Jamison,jamisan01,SF,22,GSW,47,24,1058,9.1,20.1,0.452,0.2,0.5,0.3,8.9,19.6,0.456,4.6,7.8,0.588,6.7,8.7,15.4,1.7,1.9,0.8,3.5,5.2,22.9,100.0,100.0,1999,Antawn Jamison-1999,0.0,Not Selected,Forward,GSW,0.028965517241379312
1998-99,Anthony Johnson,johnsan02,PG,24,ATL,49,2,885,5.8,14.3,0.40399999999999997,0.3,1.2,0.263,5.5,13.1,0.41700000000000004,3.6,5.2,0.695,1.0,3.7,4.8,6.8,2.2,0.4,4.1,4.3,15.5,93.0,99.0,1999,Anthony Johnson-1999,0.0,Not Selected,Guard,ATL,0.04275862068965517
1998-99,Avery Johnson,johnsav01,PG,33,SAS,50,50,1672,7.1,14.9,0.473,0.0,0.4,0.083,7.0,14.5,0.483,1.6,2.8,0.568,0.7,3.1,3.8,12.0,1.7,0.4,3.6,3.3,15.8,103.0,100.0,1999,Avery Johnson-1999,0.0,Not Selected,Guard,SAS,0.05103448275862069
1998-99,Eddie Johnson,johnsed03,SF,39,HOU,3,0,18,18.0,39.0,0.462,0.0,3.0,0.0,18.0,36.0,0.5,0.0,0.0,0.0,0.0,6.0,6.0,3.0,0.0,0.0,6.0,9.0,36.0,80.0,108.0,1999,Eddie Johnson-1999,0.0,Not Selected,Forward,HOU,0.04275862068965517
1998-99,Ervin Johnson,johnser02,C,31,MIL,50,7,1027,5.2,10.2,0.508,0.0,0.0,0.0,5.2,10.2,0.508,3.4,5.6,0.61,6.4,10.7,17.2,1.0,1.6,3.1,2.5,8.1,13.8,110.0,98.0,1999,Ervin Johnson-1999,0.0,Not Selected,Center,MIL,0.038620689655172416
1998-99,Larry Johnson,johnsla02,PF,29,NYK,49,48,1639,7.1,15.4,0.45899999999999996,1.1,3.1,0.359,6.0,12.3,0.484,4.5,5.5,0.8170000000000001,3.1,6.5,9.6,4.0,1.1,0.3,3.0,5.0,19.8,109.0,100.0,1999,Larry Johnson-1999,0.0,Not Selected,Forward,NYK,0.037241379310344824
1998-99,Charles Jones,jonesch03,SG,23,CHI,29,5,476,4.5,14.1,0.317,2.2,7.0,0.311,2.3,7.1,0.32299999999999995,1.3,2.5,0.5,1.0,3.8,4.8,4.7,2.1,0.6,3.3,3.4,12.4,80.0,105.0,1999,Charles Jones-1999,0.0,Not Selected,Guard,CHI,0.01793103448275862
1998-99,Damon Jones,jonesda01,PG,22,TOT,24,0,344,6.6,18.2,0.361,3.8,9.5,0.40299999999999997,2.7,8.7,0.316,2.1,2.6,0.8240000000000001,0.9,5.8,6.7,6.4,2.0,0.0,2.6,3.5,19.1,105.0,104.0,1999,Damon Jones-1999,0.0,Not Selected,Guard,TOT,0.03333333333333333
1998-99,Eddie Jones,jonesed02,SF-SG,27,TOT,50,50,1881,7.3,16.8,0.43700000000000006,1.4,4.0,0.33799999999999997,6.0,12.8,0.46799999999999997,6.0,7.6,0.782,1.4,4.1,5.5,5.2,3.5,1.6,2.6,3.6,22.0,110.0,101.0,1999,Eddie Jones-1999,0.0,Not Selected,Forward,TOT,0.03333333333333333
1998-99,Popeye Jones,jonespo01,PF,28,BOS,18,2,206,5.1,13.0,0.392,0.0,0.3,0.0,5.1,12.7,0.4,3.6,4.3,0.8240000000000001,7.1,6.1,13.2,3.8,1.3,0.0,1.8,7.9,13.8,111.0,105.0,1999,Popeye Jones-1999,0.0,Not Selected,Forward,BOS,0.02620689655172414
1998-99,Adonis Jordan,jordaad01,PG,28,MIL,4,0,18,6.1,12.3,0.5,0.0,6.1,0.0,6.1,6.1,1.0,6.1,12.3,0.5,0.0,0.0,0.0,9.2,9.2,0.0,6.1,0.0,18.4,91.0,94.0,1999,Adonis Jordan-1999,0.0,Not Selected,Guard,MIL,0.038620689655172416
1998-99,Reggie Jordan,jordare01,SG,31,MIN,27,1,296,2.7,9.6,0.278,0.0,0.0,0.0,2.7,9.6,0.278,3.7,6.8,0.5529999999999999,4.8,5.7,10.5,7.3,2.1,0.9,2.5,6.8,9.1,93.0,102.0,1999,Reggie Jordan-1999,0.0,Not Selected,Guard,MIN,0.034482758620689655
1998-99,Adam Keefe,keefead01,PF,28,UTA,44,0,642,4.8,10.7,0.452,0.0,0.3,0.0,4.8,10.3,0.467,5.3,7.7,0.6970000000000001,4.4,7.8,12.2,2.4,1.4,1.0,2.8,5.4,15.0,106.0,99.0,1999,Adam Keefe-1999,0.0,Not Selected,Forward,UTA,0.05103448275862069
1998-99,Shawn Kemp,kempsh01,PF,29,CLE,42,42,1475,10.4,21.7,0.48200000000000004,0.0,0.1,0.5,10.4,21.6,0.48200000000000004,11.6,14.7,0.789,4.9,9.7,14.6,3.8,1.8,1.7,4.8,6.0,32.5,110.0,99.0,1999,Shawn Kemp-1999,0.0,Not Selected,Forward,CLE,0.030344827586206897
1998-99,Jonathan Kerner,kernejo01,C,24,ORL,1,0,5,0.0,10.8,0.0,0.0,0.0,0.0,0.0,10.8,0.0,0.0,0.0,0.0,0.0,0.0,0.0,0.0,0.0,0.0,0.0,21.6,0.0,0.0,106.0,1999,Jonathan Kerner-1999,0.0,Not Selected,Center,ORL,0.04551724137931035
1998-99,Steve Kerr,kerrst01,PG,33,SAS,44,0,734,5.0,12.8,0.391,1.8,5.9,0.313,3.2,6.9,0.457,2.3,2.6,0.8859999999999999,0.4,2.8,3.2,3.6,1.7,0.2,1.6,2.1,14.2,105.0,100.0,1999,Steve Kerr-1999,0.0,Not Selected,Guard,SAS,0.05103448275862069
1998-99,Jerome Kersey,kerseje01,SF,36,SAS,45,0,699,5.3,15.5,0.34,0.2,1.1,0.214,5.0,14.4,0.349,0.5,1.1,0.429,3.3,6.8,10.1,3.2,2.9,1.1,2.3,7.1,11.2,81.0,94.0,1999,Jerome Kersey-1999,0.0,Not Selected,Forward,SAS,0.05103448275862069
1998-99,Jason Kidd,kiddja01,PG,25,PHO,50,50,2060,8.0,18.1,0.444,1.2,3.2,0.366,6.9,14.9,0.461,4.7,6.2,0.757,2.3,6.5,8.8,14.0,3.0,0.5,3.9,2.8,21.9,113.0,102.0,1999,Jason Kidd-1999,1.0,1st,Guard,PHO,0.037241379310344824
1998-99,Chris King,kingch01,SF,29,UTA,8,0,42,2.6,9.2,0.28600000000000003,0.0,0.0,0.0,2.6,9.2,0.28600000000000003,0.0,5.3,0.0,1.3,13.1,14.5,1.3,2.6,1.3,5.3,10.5,5.3,39.0,91.0,1999,Chris King-1999,0.0,Not Selected,Forward,UTA,0.05103448275862069
1998-99,Gerard King,kingge02,SF,26,SAS,19,0,63,5.2,12.0,0.429,0.0,0.0,0.0,5.2,12.0,0.429,9.5,15.5,0.611,5.2,6.9,12.0,3.4,1.7,0.9,3.4,10.3,19.8,107.0,96.0,1999,Gerard King-1999,0.0,Not Selected,Forward,SAS,0.05103448275862069
1998-99,Kerry Kittles,kittlke01,SG,24,NJN,46,40,1570,7.6,20.5,0.37,1.7,5.3,0.316,5.9,15.2,0.389,2.9,3.8,0.772,1.7,4.6,6.4,3.9,2.6,0.9,2.2,2.7,19.8,97.0,104.0,1999,Kerry Kittles-1999,0.0,Not Selected,Guard,BRK,0.022068965517241378
1998-99,Joe Kleine,kleinjo01,C,37,PHO,31,5,374,4.3,10.6,0.405,0.0,0.3,0.0,4.3,10.3,0.41700000000000004,1.1,1.7,0.667,3.9,5.7,9.6,1.7,1.1,0.1,1.4,6.6,9.7,97.0,106.0,1999,Joe Kleine-1999,0.0,Not Selected,Center,PHO,0.037241379310344824
1998-99,Brevin Knight,knighbr01,PG,23,CLE,39,38,1186,6.3,14.8,0.425,0.0,0.2,0.0,6.3,14.5,0.43200000000000005,4.9,6.6,0.745,0.7,5.4,6.1,14.1,3.3,0.3,4.9,5.4,17.5,100.0,100.0,1999,Brevin Knight-1999,0.0,Not Selected,Guard,CLE,0.030344827586206897
1998-99,Negele Knight,knighne01,PG,31,TOR,6,0,56,2.9,7.7,0.375,0.0,1.0,0.0,2.9,6.8,0.429,1.9,3.9,0.5,1.0,4.8,5.8,7.7,1.0,0.0,6.8,4.8,7.7,68.0,109.0,1999,Negele Knight-1999,0.0,Not Selected,Guard,TOR,0.031724137931034485
1998-99,Travis Knight,knightr01,C,24,LAL,37,23,525,6.7,13.0,0.515,0.0,0.1,0.0,6.7,12.9,0.519,2.2,2.9,0.759,3.4,9.4,12.8,3.1,2.1,2.7,3.5,10.8,15.6,102.0,100.0,1999,Travis Knight-1999,0.0,Not Selected,Center,LAL,0.04275862068965517
1998-99,Toni Kukoč,kukocto01,SF,30,CHI,44,44,1654,10.4,24.7,0.42,1.3,4.5,0.285,9.1,20.2,0.45,5.2,7.1,0.74,2.1,8.1,10.2,7.7,1.6,0.4,4.0,2.7,27.3,99.0,103.0,1999,Toni Kukoč-1999,0.0,Not Selected,Forward,CHI,0.01793103448275862
1998-99,Christian Laettner,laettch01,PF,29,DET,16,0,337,6.3,17.5,0.358,0.2,0.5,0.33299999999999996,6.1,17.0,0.359,7.3,9.4,0.772,3.5,5.4,8.9,4.0,2.5,2.0,3.1,4.9,20.0,99.0,99.0,1999,Christian Laettner-1999,0.0,Not Selected,Forward,DET,0.04
1998-99,Raef LaFrentz,lafrera01,C,22,DEN,12,12,387,8.1,17.7,0.457,1.6,4.3,0.387,6.4,13.4,0.48,4.9,6.6,0.75,4.5,8.0,12.5,1.1,1.2,2.3,1.2,5.2,22.8,119.0,109.0,1999,Raef LaFrentz-1999,0.0,Not Selected,Center,DEN,0.019310344827586208
1998-99,Andrew Lang,langan01,C,32,CHI,21,13,386,4.5,14.0,0.32299999999999995,0.0,0.0,0.0,4.5,14.0,0.32299999999999995,2.3,3.2,0.696,4.7,8.5,13.1,1.8,0.7,1.7,2.4,6.1,11.3,81.0,103.0,1999,Andrew Lang-1999,0.0,Not Selected,Center,CHI,0.01793103448275862
1998-99,Antonio Lang,langan02,PF,26,CLE,10,0,65,3.4,5.1,0.667,0.0,0.0,0.0,3.4,5.1,0.667,4.3,7.7,0.556,5.1,8.5,13.7,0.9,1.7,0.9,3.4,11.1,11.1,105.0,100.0,1999,Antonio Lang-1999,0.0,Not Selected,Forward,CLE,0.030344827586206897
1998-99,Rusty LaRue,larueru01,PG,25,CHI,43,6,732,5.8,16.1,0.359,2.2,6.6,0.337,3.6,9.5,0.375,1.3,1.3,1.0,0.7,3.5,4.2,4.7,2.5,0.2,2.5,4.9,15.1,90.0,105.0,1999,Rusty LaRue-1999,0.0,Not Selected,Guard,CHI,0.01793103448275862
1998-99,Tim Legler,legleti01,SG,32,WAS,30,0,377,7.2,16.3,0.44299999999999995,2.0,5.0,0.4,5.2,11.3,0.46299999999999997,0.4,0.9,0.5,1.1,4.5,5.7,3.0,0.6,0.4,2.0,6.0,16.9,99.0,108.0,1999,Tim Legler-1999,0.0,Not Selected,Guard,WAS,0.02482758620689655
1998-99,Voshon Lenard,lenarvo01,SG,25,MIA,12,2,190,9.2,23.5,0.392,3.6,10.4,0.34299999999999997,5.7,13.1,0.43200000000000005,2.4,3.3,0.727,1.2,3.6,4.8,3.0,0.9,0.3,2.1,5.4,24.4,99.0,104.0,1999,Voshon Lenard-1999,0.0,Not Selected,Guard,MIA,0.04551724137931035
1998-99,Rashard Lewis,lewisra02,SF,19,SEA,20,7,145,7.0,19.2,0.365,0.4,2.2,0.16699999999999998,6.6,17.0,0.391,3.0,5.2,0.5710000000000001,4.8,4.4,9.2,1.5,3.0,0.4,7.4,7.0,17.4,72.0,105.0,1999,Rashard Lewis-1999,0.0,Not Selected,Forward,OKC,0.034482758620689655
1998-99,Randy Livingston,livinra01,PG,23,PHO,1,0,22,12.1,19.4,0.625,0.0,0.0,0.0,12.1,19.4,0.625,4.8,4.8,1.0,0.0,4.8,4.8,7.3,4.8,0.0,2.4,2.4,29.1,129.0,99.0,1999,Randy Livingston-1999,0.0,Not Selected,Guard,PHO,0.037241379310344824
1998-99,Grant Long,longgr01,PF,32,ATL,50,13,1380,6.2,14.6,0.42100000000000004,0.1,0.7,0.16699999999999998,6.0,13.9,0.434,7.5,9.6,0.7829999999999999,4.1,8.0,12.1,2.2,2.3,0.7,3.0,5.8,19.9,108.0,96.0,1999,Grant Long-1999,0.0,Not Selected,Forward,ATL,0.04275862068965517
1998-99,Luc Longley,longllu01,C,30,PHO,39,39,933,8.0,16.6,0.483,0.0,0.0,0.0,8.0,16.6,0.483,3.4,4.3,0.7759999999999999,3.4,9.3,12.6,2.6,1.3,1.2,3.0,6.8,19.4,101.0,102.0,1999,Luc Longley-1999,0.0,Not Selected,Center,PHO,0.037241379310344824
1998-99,Felipe López,lopezfe01,SG,24,VAN,47,32,1218,7.5,16.8,0.446,0.5,1.9,0.273,6.9,14.8,0.469,3.9,6.0,0.644,3.1,4.3,7.3,2.7,2.2,0.6,3.6,5.7,19.3,96.0,109.0,1999,Felipe López-1999,0.0,Not Selected,Guard,MEM,0.011034482758620689
1998-99,Tyronn Lue,luety01,PG,21,LAL,15,0,188,7.8,18.1,0.431,2.0,4.5,0.43799999999999994,5.9,13.7,0.429,3.3,5.9,0.5710000000000001,0.6,1.1,1.7,7.0,1.4,0.0,3.1,7.8,20.9,104.0,110.0,1999,Tyronn Lue-1999,0.0,Not Selected,Guard,LAL,0.04275862068965517
1998-99,George Lynch,lynchge01,SF,28,PHI,43,43,1315,6.1,14.4,0.42100000000000004,0.4,0.9,0.391,5.7,13.4,0.423,2.2,3.5,0.631,4.5,7.0,11.5,3.1,3.5,0.9,3.3,5.8,14.7,95.0,95.0,1999,George Lynch-1999,0.0,Not Selected,Forward,PHI,0.038620689655172416
1998-99,Sam Mack,macksa01,SF,28,TOT,44,15,1083,8.3,19.1,0.435,4.3,10.9,0.397,4.0,8.2,0.485,2.5,2.9,0.879,0.7,4.0,4.7,2.7,1.7,0.2,1.6,4.7,23.5,116.0,108.0,1999,Sam Mack-1999,0.0,Not Selected,Forward,TOT,0.03333333333333333
1998-99,Don MacLean,macledo01,PF,29,SEA,17,10,365,9.2,23.3,0.396,1.3,4.8,0.273,7.9,18.5,0.429,7.3,11.7,0.625,2.6,6.9,9.5,2.3,0.7,0.7,3.7,5.0,27.1,96.0,108.0,1999,Don MacLean-1999,0.0,Not Selected,Forward,OKC,0.034482758620689655
1998-99,Mark Macon,maconma01,SG,29,DET,7,3,69,3.2,16.1,0.2,0.8,2.4,0.33299999999999996,2.4,13.7,0.17600000000000002,0.0,0.0,0.0,2.4,1.6,4.0,3.2,4.0,0.8,4.8,4.8,7.3,52.0,100.0,1999,Mark Macon-1999,0.0,Not Selected,Guard,DET,0.04
1998-99,Rick Mahorn,mahorri01,PF,40,PHI,16,0,127,2.1,7.7,0.278,0.0,0.0,0.0,2.1,7.7,0.278,1.3,3.4,0.375,3.0,6.8,9.8,0.9,2.1,0.4,2.6,9.4,5.5,66.0,98.0,1999,Rick Mahorn-1999,0.0,Not Selected,Forward,PHI,0.038620689655172416
1998-99,Dan Majerle,majerda01,SG,33,MIA,48,48,1624,4.1,10.4,0.396,2.4,7.1,0.335,1.7,3.3,0.526,1.2,1.6,0.7170000000000001,0.7,6.5,7.2,5.2,1.3,0.2,1.9,3.5,11.7,107.0,101.0,1999,Dan Majerle-1999,0.0,Not Selected,Guard,MIA,0.04551724137931035
1998-99,Karl Malone,malonka01,PF,35,UTA,49,49,1832,11.8,24.0,0.493,0.0,0.0,0.0,11.8,24.0,0.494,11.4,14.5,0.7879999999999999,3.2,10.7,13.9,6.1,1.9,0.8,4.9,4.0,35.1,112.0,96.0,1999,Karl Malone-1999,1.0,1st,Forward,UTA,0.05103448275862069
1998-99,Matt Maloney,malonma01,PG,27,HOU,15,7,186,1.5,8.1,0.179,0.3,4.4,0.067,1.2,3.8,0.308,2.9,3.2,0.909,0.6,2.3,2.9,6.1,1.2,0.0,4.1,2.0,6.1,70.0,109.0,1999,Matt Maloney-1999,0.0,Not Selected,Guard,HOU,0.04275862068965517
1998-99,Danny Manning,mannida01,PF,32,PHO,50,5,1184,8.4,17.4,0.484,0.0,0.4,0.111,8.4,17.0,0.493,3.5,5.0,0.696,2.8,7.1,9.9,5.1,1.6,1.7,3.1,5.8,20.4,104.0,103.0,1999,Danny Manning-1999,0.0,Not Selected,Forward,PHO,0.037241379310344824
1998-99,Stephon Marbury,marbust01,PG,21,TOT,49,49,1895,10.5,24.5,0.428,1.8,5.5,0.335,8.7,19.0,0.455,6.2,7.7,0.799,1.0,2.9,3.9,12.1,1.6,0.2,4.5,3.5,29.0,108.0,107.0,1999,Stephon Marbury-1999,0.0,Not Selected,Guard,TOT,0.03333333333333333
1998-99,Sean Marks,marksse01,PF,23,TOR,8,0,28,9.7,15.4,0.625,0.0,0.0,0.0,9.7,15.4,0.625,1.9,3.9,0.5,0.0,1.9,1.9,0.0,1.9,0.0,5.8,5.8,21.2,85.0,109.0,1999,Sean Marks-1999,0.0,Not Selected,Forward,TOR,0.031724137931034485
1998-99,Donyell Marshall,marshdo01,SF,25,GSW,48,20,1250,9.0,21.3,0.42100000000000004,1.1,3.1,0.361,7.9,18.2,0.431,3.8,5.2,0.727,5.0,9.8,14.8,2.9,2.0,1.6,3.5,5.3,22.9,100.0,98.0,1999,Donyell Marshall-1999,0.0,Not Selected,Forward,GSW,0.028965517241379312
1998-99,Darrick Martin,martida01,PG,27,LAC,37,25,941,5.8,15.8,0.36700000000000005,1.8,6.0,0.292,4.0,9.8,0.413,3.5,4.3,0.8029999999999999,0.3,2.5,2.7,8.2,2.5,0.2,3.8,4.7,16.9,97.0,112.0,1999,Darrick Martin-1999,0.0,Not Selected,Guard,LAC,0.012413793103448275
1998-99,Jamal Mashburn,mashbja01,SF,26,MIA,24,23,855,8.9,19.7,0.451,0.9,2.0,0.433,8.0,17.7,0.45299999999999996,5.0,6.9,0.721,1.6,8.1,9.7,5.0,1.3,0.2,4.0,3.8,23.6,100.0,100.0,1999,Jamal Mashburn-1999,0.0,Not Selected,Forward,MIA,0.04551724137931035
1998-99,Tony Massenburg,masseto01,PF,31,VAN,43,35,1143,8.9,18.3,0.48700000000000004,0.0,0.1,0.0,8.9,18.2,0.49,4.9,7.3,0.665,3.9,8.2,12.1,1.1,1.2,1.8,3.0,5.1,22.7,103.0,107.0,1999,Tony Massenburg-1999,0.0,Not Selected,Forward,MEM,0.011034482758620689
1998-99,Vernon Maxwell,maxweve01,SG,33,SAC,46,1,1007,8.1,20.9,0.39,4.0,11.5,0.34600000000000003,4.2,9.4,0.442,4.2,5.7,0.737,0.6,3.6,4.2,3.8,1.5,0.1,3.3,5.5,24.4,102.0,107.0,1999,Vernon Maxwell-1999,0.0,Not Selected,Guard,SAC,0.037241379310344824
1998-99,Lee Mayberry,maybele01,PG,28,VAN,9,0,126,3.0,8.1,0.368,0.9,4.3,0.2,2.1,3.9,0.556,1.7,2.1,0.8,0.0,1.3,1.3,9.8,3.0,0.0,4.7,5.6,8.6,86.0,110.0,1999,Lee Mayberry-1999,0.0,Not Selected,Guard,MEM,0.011034482758620689
1998-99,Kelly McCarty,mccarke01,SG,23,DEN,2,0,4,26.5,39.8,0.667,0.0,0.0,0.0,26.5,39.8,0.667,0.0,0.0,0.0,26.5,13.3,39.8,0.0,0.0,0.0,26.5,0.0,53.1,81.0,110.0,1999,Kelly McCarty-1999,0.0,Not Selected,Guard,DEN,0.019310344827586208
1998-99,Walter McCarty,mccarwa01,PF,24,BOS,32,4,659,5.1,14.1,0.36200000000000004,1.0,4.0,0.26,4.1,10.1,0.402,3.2,4.5,0.7020000000000001,2.9,6.3,9.2,3.2,1.9,1.0,3.2,7.0,14.4,91.0,102.0,1999,Walter McCarty-1999,0.0,Not Selected,Forward,BOS,0.02620689655172414
1998-99,George McCloud,mccloge01,SF,31,PHO,48,16,1245,6.1,13.9,0.43799999999999994,3.0,7.1,0.41600000000000004,3.1,6.8,0.462,3.2,3.7,0.862,1.5,5.5,6.9,3.4,1.9,0.6,2.1,5.5,18.3,114.0,104.0,1999,George McCloud-1999,0.0,Not Selected,Forward,PHO,0.037241379310344824
1998-99,Jelani McCoy,mccoyje01,C,21,SEA,26,0,331,9.1,12.3,0.737,0.0,0.0,0.0,9.1,12.3,0.737,3.4,6.8,0.5,4.4,8.4,12.8,0.6,1.8,3.2,1.6,6.8,21.5,131.0,102.0,1999,Jelani McCoy-1999,0.0,Not Selected,Center,OKC,0.034482758620689655
1998-99,Antonio McDyess,mcdyean01,C,24,DEN,50,50,1937,11.4,24.2,0.47100000000000003,0.0,0.2,0.111,11.3,23.9,0.474,6.3,9.3,0.68,4.6,10.1,14.7,2.2,2.0,3.2,3.8,4.8,29.1,103.0,105.0,1999,Antonio McDyess-1999,3.0,3rd,Forward,DEN,0.019310344827586208
1998-99,Tracy McGrady,mcgratr01,SF,19,TOR,49,2,1106,8.2,18.8,0.436,0.4,1.7,0.22899999999999998,7.8,17.1,0.457,5.6,7.7,0.726,5.9,7.7,13.6,5.5,2.5,3.2,3.9,4.6,22.4,106.0,100.0,1999,Tracy McGrady-1999,0.0,Not Selected,Forward,TOR,0.031724137931034485
1998-99,Jim McIlvaine,mcilvji01,C,26,NJN,22,1,269,4.3,9.9,0.431,0.0,0.0,0.0,4.3,9.9,0.431,0.8,1.2,0.667,6.0,4.5,10.5,0.4,1.8,6.2,2.5,11.5,9.4,92.0,101.0,1999,Jim McIlvaine-1999,0.0,Not Selected,Center,BRK,0.022068965517241378
1998-99,Jeff McInnis,mcinnje01,PG,24,WAS,35,6,427,6.3,16.8,0.373,1.1,4.4,0.257,5.1,12.4,0.414,2.6,3.5,0.75,1.1,1.5,2.6,9.1,2.4,0.1,3.8,4.5,16.3,94.0,107.0,1999,Jeff McInnis-1999,0.0,Not Selected,Guard,WAS,0.02482758620689655
1998-99,Derrick McKey,mckeyde01,SF,32,IND,13,0,244,5.2,11.8,0.442,0.0,0.2,0.0,5.2,11.6,0.451,3.2,3.9,0.8240000000000001,4.1,5.2,9.3,3.0,2.7,0.9,2.7,5.5,13.7,104.0,103.0,1999,Derrick McKey-1999,0.0,Not Selected,Forward,IND,0.04551724137931035
1998-99,Aaron McKie,mckieaa01,SG,26,PHI,50,4,959,5.4,13.4,0.401,0.3,1.8,0.19399999999999998,5.0,11.6,0.43200000000000005,2.5,3.5,0.71,1.5,6.4,7.9,5.6,3.6,0.2,3.2,5.1,13.6,93.0,96.0,1999,Aaron McKie-1999,0.0,Not Selected,Guard,PHI,0.038620689655172416
1998-99,Roshown McLeod,mcleoro01,SF,23,ATL,34,0,348,10.0,26.3,0.38,0.2,1.6,0.1,9.9,24.7,0.39899999999999997,6.0,7.3,0.8220000000000001,1.9,6.1,8.1,2.3,0.3,0.2,3.7,3.9,26.2,92.0,102.0,1999,Roshown McLeod-1999,0.0,Not Selected,Forward,ATL,0.04275862068965517
1998-99,Ron Mercer,mercero01,SG,22,BOS,41,40,1551,10.3,23.9,0.431,0.2,1.0,0.16699999999999998,10.1,22.9,0.44299999999999995,2.8,3.6,0.79,1.3,4.0,5.2,3.5,2.3,0.4,3.0,2.7,23.6,94.0,104.0,1999,Ron Mercer-1999,0.0,Not Selected,Guard,BOS,0.02620689655172414
1998-99,Loren Meyer,meyerlo01,C,26,DEN,14,0,70,5.3,21.2,0.25,0.8,3.8,0.2,4.5,17.4,0.261,0.8,1.5,0.5,3.0,9.1,12.1,0.8,0.0,2.3,3.0,16.7,12.1,62.0,110.0,1999,Loren Meyer-1999,0.0,Not Selected,Center,DEN,0.019310344827586208
1998-99,Marko Milič,milicma01,SG,21,PHO,11,0,53,8.1,20.1,0.4,0.0,1.0,0.0,8.1,19.1,0.42100000000000004,0.0,0.0,0.0,3.0,2.0,5.0,2.0,3.0,1.0,6.0,7.0,16.1,69.0,104.0,1999,Marko Milič-1999,0.0,Not Selected,Guard,PHO,0.037241379310344824
1998-99,Anthony Miller,millean01,PF,27,HOU,29,0,249,6.1,13.0,0.467,0.0,0.2,0.0,6.1,12.8,0.475,3.0,4.8,0.636,5.6,8.9,14.5,1.5,1.5,1.1,2.0,7.4,15.2,108.0,102.0,1999,Anthony Miller-1999,0.0,Not Selected,Forward,HOU,0.04275862068965517
1998-99,Brad Miller,millebr01,C,22,CHH,38,0,469,8.9,15.7,0.565,0.1,0.2,0.5,8.8,15.5,0.5660000000000001,9.2,11.6,0.794,4.0,9.4,13.3,2.5,1.0,2.1,3.7,7.4,27.2,119.0,101.0,1999,Brad Miller-1999,0.0,Not Selected,Center,CHO,0.03586206896551724
1998-99,Oliver Miller,milleol01,C,28,SAC,4,0,35,7.1,15.7,0.455,0.0,0.0,0.0,7.1,15.7,0.455,0.0,0.0,0.0,10.0,1.4,11.4,0.0,0.0,2.9,5.7,4.3,14.3,84.0,109.0,1999,Oliver Miller-1999,0.0,Not Selected,Center,SAC,0.037241379310344824
1998-99,Reggie Miller,millere01,SG,33,IND,50,50,1787,9.1,20.9,0.43799999999999994,3.3,8.6,0.385,5.8,12.3,0.475,7.0,7.7,0.915,0.8,3.4,4.2,3.5,1.2,0.3,2.4,3.1,28.6,119.0,108.0,1999,Reggie Miller-1999,0.0,Not Selected,Guard,IND,0.04551724137931035
1998-99,Chris Mills,millsch01,SF,29,GSW,47,24,1395,7.2,17.5,0.41100000000000003,1.2,4.5,0.278,6.0,13.1,0.456,3.1,3.7,0.823,1.9,7.3,9.2,4.0,1.5,0.5,2.2,4.8,18.7,104.0,102.0,1999,Chris Mills-1999,0.0,Not Selected,Forward,GSW,0.028965517241379312
1998-99,Terry Mills,millste01,PF,31,MIA,1,0,29,5.9,15.6,0.375,3.9,7.8,0.5,2.0,7.8,0.25,2.0,3.9,0.5,5.9,2.0,7.8,0.0,2.0,0.0,5.9,5.9,17.6,85.0,103.0,1999,Terry Mills-1999,0.0,Not Selected,Forward,MIA,0.04551724137931035
1998-99,Greg Minor,minorgr01,SG,27,BOS,44,7,765,5.8,14.0,0.41700000000000004,0.5,1.9,0.28600000000000003,5.3,12.1,0.43799999999999994,2.5,3.3,0.75,2.1,5.9,8.0,3.4,1.4,0.4,2.6,4.7,14.7,97.0,105.0,1999,Greg Minor-1999,0.0,Not Selected,Guard,BOS,0.02620689655172414
1998-99,Sam Mitchell,mitchsa01,SF,35,MIN,50,20,1344,8.4,20.5,0.408,0.4,1.5,0.237,8.0,19.0,0.42100000000000004,4.9,6.5,0.764,2.2,5.0,7.1,3.8,1.4,0.6,1.3,4.4,22.0,106.0,104.0,1999,Sam Mitchell-1999,0.0,Not Selected,Forward,MIN,0.034482758620689655
1998-99,Cuttino Mobley,moblecu01,PG,23,HOU,49,37,1456,6.4,15.0,0.425,2.0,5.5,0.358,4.4,9.5,0.46299999999999997,3.3,4.1,0.818,0.8,3.3,4.1,4.5,1.6,0.9,2.9,3.6,18.1,104.0,106.0,1999,Cuttino Mobley-1999,0.0,Not Selected,Guard,HOU,0.04275862068965517
1998-99,Nazr Mohammed,mohamna01,C,21,PHI,26,0,121,6.7,18.8,0.35700000000000004,0.0,0.0,0.0,6.7,18.8,0.35700000000000004,5.4,9.4,0.5710000000000001,8.1,8.5,16.6,0.9,2.2,1.8,5.4,9.8,18.8,84.0,96.0,1999,Nazr Mohammed-1999,0.0,Not Selected,Center,PHI,0.038620689655172416
1998-99,Eric Montross,montrer01,C,27,DET,46,2,577,4.0,7.7,0.525,0.0,0.1,0.0,4.0,7.6,0.532,1.1,3.1,0.344,4.3,9.1,13.4,1.3,1.2,2.6,1.5,10.3,9.2,105.0,99.0,1999,Eric Montross-1999,0.0,Not Selected,Center,DET,0.04
1998-99,Mikki Moore,mooremi01,C,23,DET,2,0,6,9.3,9.3,1.0,0.0,0.0,0.0,9.3,9.3,1.0,18.5,18.5,1.0,0.0,9.3,9.3,0.0,0.0,0.0,0.0,0.0,37.1,229.0,104.0,1999,Mikki Moore-1999,0.0,Not Selected,Center,DET,0.04
1998-99,Chris Morris,morrich01,SF,33,PHO,44,2,535,6.4,14.9,0.43,1.6,5.6,0.28600000000000003,4.8,9.3,0.516,4.0,4.6,0.87,5.4,6.7,12.1,2.3,1.6,1.1,2.1,5.4,18.3,114.0,104.0,1999,Chris Morris-1999,0.0,Not Selected,Forward,PHO,0.037241379310344824
1998-99,Alonzo Mourning,mournal01,C,28,MIA,46,46,1753,10.5,20.5,0.511,0.0,0.1,0.0,10.5,20.4,0.513,8.9,13.7,0.652,5.4,11.0,16.4,2.4,1.1,5.8,4.5,5.2,29.8,107.0,93.0,1999,Alonzo Mourning-1999,1.0,1st,Center,MIA,0.04551724137931035
1998-99,Chris Mullin,mullich01,SF,35,IND,50,50,1179,8.3,17.5,0.47700000000000004,3.4,7.4,0.465,4.9,10.1,0.486,3.8,4.3,0.87,1.2,6.4,7.5,3.8,2.2,0.6,2.8,4.8,23.9,117.0,104.0,1999,Chris Mullin-1999,0.0,Not Selected,Forward,IND,0.04551724137931035
1998-99,Eric Murdock,murdoer01,PG,30,NJN,15,8,401,5.9,14.9,0.395,1.0,2.9,0.364,4.8,12.0,0.402,2.7,3.4,0.8079999999999999,0.4,4.2,4.6,8.6,2.9,0.3,3.8,4.6,15.6,96.0,105.0,1999,Eric Murdock-1999,0.0,Not Selected,Guard,BRK,0.022068965517241378
1998-99,Gheorghe Mureșan,muresgh01,C,27,NJN,1,0,1,0.0,52.5,0.0,0.0,0.0,0.0,0.0,52.5,0.0,0.0,0.0,0.0,0.0,0.0,0.0,0.0,0.0,0.0,52.5,0.0,0.0,0.0,114.0,1999,Gheorghe Mureșan-1999,0.0,Not Selected,Center,BRK,0.022068965517241378
1998-99,Lamond Murray,murrala01,SF,25,LAC,50,13,1317,9.2,23.5,0.391,1.4,4.2,0.33,7.8,19.3,0.40399999999999997,5.1,6.4,0.8029999999999999,2.4,5.5,7.9,2.5,2.4,0.8,4.0,4.4,24.9,95.0,109.0,1999,Lamond Murray-1999,0.0,Not Selected,Forward,LAC,0.012413793103448275
1998-99,Tracy Murray,murratr01,SF,27,WAS,36,0,653,6.8,19.4,0.35,2.7,8.4,0.32,4.1,11.0,0.373,2.8,3.4,0.81,1.5,5.2,6.6,2.2,1.7,0.5,2.4,5.3,19.1,93.0,105.0,1999,Tracy Murray-1999,0.0,Not Selected,Forward,WAS,0.02482758620689655
1998-99,Dikembe Mutombo,mutomdi01,C,32,ATL,50,50,1829,5.3,10.4,0.512,0.0,0.0,0.0,5.3,10.4,0.512,6.0,8.8,0.684,5.9,12.9,18.8,1.8,0.5,4.5,2.9,4.5,16.6,115.0,92.0,1999,Dikembe Mutombo-1999,0.0,Not Selected,Center,ATL,0.04275862068965517
1998-99,Makhtar N'Diaye,ndiayma01,PF,25,VAN,4,0,27,2.0,8.0,0.25,0.0,0.0,0.0,2.0,8.0,0.25,6.0,8.0,0.75,6.0,4.0,10.0,2.0,0.0,2.0,2.0,18.0,10.0,103.0,111.0,1999,Makhtar N'Diaye-1999,0.0,Not Selected,Forward,MEM,0.011034482758620689
1998-99,Steve Nash,nashst01,PG,24,DAL,40,40,1269,4.8,13.3,0.363,2.1,5.6,0.374,2.8,7.8,0.355,1.6,2.0,0.826,1.4,3.5,4.8,9.3,1.6,0.1,3.5,4.2,13.4,99.0,108.0,1999,Steve Nash-1999,0.0,Not Selected,Guard,DAL,0.02620689655172414
1998-99,Tyrone Nesby,nesbyty01,SF,23,LAC,50,36,1288,7.6,16.9,0.449,1.5,4.0,0.365,6.1,12.9,0.47600000000000003,4.3,5.5,0.782,2.4,4.9,7.3,3.4,3.2,0.8,2.2,6.0,21.0,113.0,108.0,1999,Tyrone Nesby-1999,0.0,Not Selected,Forward,LAC,0.012413793103448275
1998-99,Rasho Nesterović,nestera01,C,22,MIN,2,0,30,5.3,21.1,0.25,0.0,0.0,0.0,5.3,21.1,0.25,3.5,3.5,1.0,5.3,8.8,14.1,1.8,0.0,0.0,1.8,8.8,14.1,80.0,104.0,1999,Rasho Nesterović-1999,0.0,Not Selected,Center,MIN,0.034482758620689655
1998-99,Johnny Newman,newmajo01,SF,35,CLE,50,2,949,6.2,14.7,0.42200000000000004,1.3,3.6,0.377,4.9,11.1,0.43700000000000006,4.0,4.9,0.81,0.9,3.5,4.4,2.4,1.6,0.7,2.4,7.4,17.7,99.0,105.0,1999,Johnny Newman-1999,0.0,Not Selected,Forward,CLE,0.030344827586206897
1998-99,Moochie Norris,norrimo01,PG,25,SEA,12,0,140,5.0,15.3,0.325,2.3,5.7,0.4,2.7,9.6,0.28,2.3,6.1,0.375,1.5,6.1,7.7,9.2,2.7,0.0,6.1,6.5,14.5,81.0,105.0,1999,Moochie Norris-1999,0.0,Not Selected,Guard,OKC,0.034482758620689655
1998-99,Dirk Nowitzki,nowitdi01,PF,20,DAL,47,24,958,7.7,18.9,0.405,0.8,3.8,0.20600000000000002,6.9,15.1,0.455,5.6,7.2,0.773,2.3,6.8,9.1,2.6,1.6,1.5,4.1,5.9,21.7,95.0,104.0,1999,Dirk Nowitzki-1999,0.0,Not Selected,Forward,DAL,0.02620689655172414
1998-99,Charles O'Bannon,obannch01,SG,23,DET,18,1,165,8.1,18.9,0.429,0.0,0.3,0.0,8.1,18.5,0.436,2.7,2.7,1.0,6.1,5.4,11.5,4.0,0.7,1.0,2.7,7.4,18.9,104.0,104.0,1999,Charles O'Bannon-1999,0.0,Not Selected,Guard,DET,0.04
1998-99,Jermaine O'Neal,onealje01,PF,20,POR,36,1,311,6.2,14.4,0.434,0.0,0.2,0.0,6.2,14.2,0.439,3.1,6.1,0.514,7.3,9.5,16.8,2.2,0.7,2.4,2.4,7.1,15.6,102.0,97.0,1999,Jermaine O'Neal-1999,0.0,Not Selected,Forward,POR,0.04827586206896552
1998-99,Shaquille O'Neal,onealsh01,C,26,LAL,49,49,1705,15.7,27.2,0.5760000000000001,0.0,0.0,0.0,15.7,27.2,0.5770000000000001,8.3,15.3,0.54,5.7,10.4,16.1,3.5,1.1,2.5,3.7,4.8,39.6,115.0,102.0,1999,Shaquille O'Neal-1999,2.0,2nd,Center,LAL,0.04275862068965517
1998-99,Charles Oakley,oaklech01,PF,35,TOR,50,50,1633,4.6,10.8,0.428,0.0,0.2,0.2,4.6,10.7,0.43200000000000005,2.2,2.7,0.807,3.2,9.2,12.4,5.6,1.5,0.7,3.2,6.0,11.5,99.0,103.0,1999,Charles Oakley-1999,0.0,Not Selected,Forward,TOR,0.031724137931034485
1998-99,Hakeem Olajuwon,olajuha01,C,36,HOU,50,50,1784,11.3,22.0,0.514,0.1,0.4,0.308,11.2,21.6,0.518,5.9,8.2,0.7170000000000001,3.2,11.3,14.5,2.7,2.5,3.7,4.2,4.8,28.6,105.0,96.0,1999,Hakeem Olajuwon-1999,3.0,3rd,Center,HOU,0.04275862068965517
1998-99,Jimmy Oliver,oliveji01,SG,29,PHO,2,0,11,4.8,14.5,0.33299999999999996,4.8,4.8,1.0,0.0,9.7,0.0,0.0,0.0,0.0,0.0,0.0,0.0,0.0,0.0,0.0,0.0,9.7,14.5,104.0,112.0,1999,Jimmy Oliver-1999,0.0,Not Selected,Guard,PHO,0.037241379310344824
1998-99,Kevin Ollie,ollieke01,PG,26,TOT,8,0,72,2.8,9.8,0.28600000000000003,0.0,0.0,0.0,2.8,9.8,0.28600000000000003,3.5,4.9,0.7140000000000001,0.0,4.9,4.9,2.1,2.1,0.7,2.1,6.3,9.1,78.0,104.0,1999,Kevin Ollie-1999,0.0,Not Selected,Guard,TOT,0.03333333333333333
1998-99,Michael Olowokandi,olowomi01,C,23,LAC,45,36,1279,7.2,16.7,0.431,0.0,0.0,0.0,7.2,16.7,0.431,2.4,4.9,0.483,5.0,9.9,15.0,1.0,1.1,2.3,3.6,5.7,16.8,89.0,107.0,1999,Michael Olowokandi-1999,0.0,Not Selected,Center,LAC,0.012413793103448275
1998-99,Greg Ostertag,ostergr01,C,25,UTA,48,48,1340,4.1,8.6,0.47600000000000003,0.0,0.0,0.0,4.1,8.6,0.47600000000000003,3.1,5.0,0.62,4.3,10.0,14.3,0.9,0.5,5.4,1.9,5.8,11.2,107.0,95.0,1999,Greg Ostertag-1999,0.0,Not Selected,Center,UTA,0.05103448275862069
1998-99,Bo Outlaw,outlabo01,PF,27,ORL,31,22,851,5.3,9.8,0.545,0.0,0.2,0.0,5.3,9.6,0.556,2.2,5.1,0.43200000000000005,3.4,7.2,10.6,3.6,2.5,2.7,3.7,5.0,12.9,95.0,95.0,1999,Bo Outlaw-1999,0.0,Not Selected,Forward,ORL,0.04551724137931035
1998-99,Doug Overton,overtdo01,PG,29,TOT,24,1,244,7.8,18.2,0.429,0.4,1.5,0.28600000000000003,7.4,16.7,0.442,3.9,4.3,0.9,1.5,3.0,4.6,5.0,1.1,0.2,4.3,3.9,20.0,95.0,108.0,1999,Doug Overton-1999,0.0,Not Selected,Guard,TOT,0.03333333333333333
1998-99,Billy Owens,owensbi01,SF,29,SEA,21,19,451,7.7,19.6,0.39399999999999996,0.6,1.3,0.455,7.1,18.3,0.39,3.3,4.2,0.8,4.2,5.3,9.5,4.5,1.4,0.5,3.9,4.4,19.4,95.0,108.0,1999,Billy Owens-1999,0.0,Not Selected,Forward,OKC,0.034482758620689655
1998-99,Robert Pack,packro01,PG,29,DAL,25,0,468,8.6,20.0,0.431,0.0,0.5,0.0,8.6,19.6,0.441,8.3,10.1,0.818,1.0,3.1,4.1,9.3,2.3,0.1,5.6,4.7,25.6,101.0,107.0,1999,Robert Pack-1999,0.0,Not Selected,Guard,DAL,0.02620689655172414
1998-99,Anthony Parker,parkean01,SG,23,PHI,2,0,3,18.1,18.1,1.0,0.0,0.0,0.0,18.1,18.1,1.0,0.0,0.0,0.0,0.0,0.0,0.0,0.0,0.0,0.0,0.0,0.0,36.1,200.0,109.0,1999,Anthony Parker-1999,0.0,Not Selected,Guard,PHI,0.038620689655172416
1998-99,Cherokee Parks,parksch02,C,26,VAN,48,41,1118,5.7,13.3,0.429,0.0,0.0,0.0,5.7,13.2,0.431,1.4,2.7,0.545,3.6,8.1,11.7,1.7,1.3,1.3,2.4,5.5,12.8,92.0,107.0,1999,Cherokee Parks-1999,0.0,Not Selected,Center,MEM,0.011034482758620689
1998-99,Andrae Patterson,pattean01,PF,23,MIN,35,0,284,8.0,18.0,0.44299999999999995,0.0,0.9,0.0,8.0,17.1,0.467,5.2,6.7,0.778,5.6,6.5,12.1,2.8,3.5,1.3,4.1,11.5,21.2,99.0,97.0,1999,Andrae Patterson-1999,0.0,Not Selected,Forward,MIN,0.034482758620689655
1998-99,Ruben Patterson,patteru01,SF,23,LAL,24,2,144,7.6,18.6,0.41200000000000003,0.4,2.2,0.16699999999999998,7.3,16.4,0.444,8.0,11.3,0.71,6.2,4.7,10.9,0.7,1.8,1.1,4.4,5.8,23.6,100.0,106.0,1999,Ruben Patterson-1999,0.0,Not Selected,Forward,LAL,0.04275862068965517
1998-99,Gary Payton,paytoga01,PG,30,SEA,50,50,2008,10.7,24.6,0.434,2.2,7.5,0.295,8.5,17.1,0.495,5.3,7.4,0.721,1.7,4.9,6.5,11.6,2.9,0.3,4.1,3.1,28.9,111.0,106.0,1999,Gary Payton-1999,2.0,2nd,Guard,OKC,0.034482758620689655
1998-99,Anthony Peeler,peelean01,SG,29,MIN,28,28,810,6.7,17.7,0.379,2.2,7.4,0.298,4.5,10.3,0.43700000000000006,2.0,2.7,0.732,2.0,3.5,5.5,5.1,2.3,0.4,2.5,3.9,17.6,98.0,104.0,1999,Anthony Peeler-1999,0.0,Not Selected,Guard,MIN,0.034482758620689655
1998-99,Will Perdue,perduwi01,C,33,SAS,37,1,445,4.6,7.3,0.633,0.0,0.0,0.0,4.6,7.3,0.633,1.7,3.2,0.5379999999999999,4.0,12.8,16.8,2.2,1.1,1.2,2.7,7.7,11.0,109.0,92.0,1999,Will Perdue-1999,0.0,Not Selected,Center,SAS,0.05103448275862069
1998-99,Sam Perkins,perkisa01,PF,37,IND,48,0,789,5.6,14.1,0.4,2.5,6.3,0.389,3.2,7.7,0.409,3.0,4.2,0.7170000000000001,2.5,7.2,9.7,1.8,1.1,1.0,1.5,5.2,16.8,110.0,105.0,1999,Sam Perkins-1999,0.0,Not Selected,Forward,IND,0.04551724137931035
1998-99,Elliot Perry,perryel01,PG,29,TOT,35,0,290,7.1,18.8,0.379,1.8,4.4,0.41700000000000004,5.3,14.4,0.36700000000000005,1.8,2.6,0.7140000000000001,1.3,4.9,6.2,8.6,3.6,0.0,6.2,4.6,17.9,85.0,102.0,1999,Elliot Perry-1999,0.0,Not Selected,Guard,TOT,0.03333333333333333
1998-99,Chuck Person,persoch01,SF,34,CHH,50,21,990,6.1,15.6,0.38799999999999996,3.0,8.5,0.35,3.1,7.1,0.43200000000000005,1.3,1.7,0.75,0.9,6.2,7.1,3.2,1.1,0.4,2.2,4.9,16.4,96.0,105.0,1999,Chuck Person-1999,0.0,Not Selected,Forward,CHO,0.03586206896551724
1998-99,Wesley Person,persowe01,SG,27,CLE,45,42,1342,8.2,18.1,0.45299999999999996,3.1,8.3,0.375,5.1,9.8,0.519,1.3,2.2,0.604,0.8,5.1,5.9,3.3,1.5,0.7,1.7,2.2,20.8,105.0,104.0,1999,Wesley Person-1999,0.0,Not Selected,Guard,CLE,0.030344827586206897
1998-99,Bobby Phills,phillbo01,SG,29,CHH,43,43,1574,7.3,16.9,0.433,2.3,5.8,0.395,5.0,11.0,0.452,3.9,5.7,0.685,1.3,4.6,5.9,5.1,2.0,0.8,3.1,4.2,20.8,103.0,104.0,1999,Bobby Phills-1999,0.0,Not Selected,Guard,CHO,0.03586206896551724
1998-99,Eric Piatkowski,piatker01,SG,28,LAC,49,38,1242,7.8,18.0,0.43200000000000005,2.8,7.1,0.39399999999999996,5.0,10.9,0.456,3.8,4.4,0.863,1.7,4.4,6.0,2.3,1.9,0.3,2.3,3.7,22.2,112.0,112.0,1999,Eric Piatkowski-1999,0.0,Not Selected,Guard,LAC,0.012413793103448275
1998-99,Paul Pierce,piercpa01,SF,21,BOS,48,47,1632,9.1,20.8,0.439,2.7,6.6,0.41200000000000003,6.4,14.2,0.451,4.5,6.3,0.713,3.8,6.2,9.9,3.7,2.6,1.6,3.6,4.5,25.4,106.0,101.0,1999,Paul Pierce-1999,0.0,Not Selected,Forward,BOS,0.02620689655172414
1998-99,Scottie Pippen,pippesc01,SF,33,HOU,50,50,2011,7.0,16.2,0.43200000000000005,1.9,5.7,0.34,5.1,10.5,0.48200000000000004,3.5,4.9,0.721,1.7,7.0,8.7,7.9,2.6,1.0,4.3,3.2,19.5,104.0,101.0,1999,Scottie Pippen-1999,0.0,Not Selected,Forward,HOU,0.04275862068965517
1998-99,Scot Pollard,pollasc01,C,23,SAC,16,5,259,6.4,11.8,0.541,0.0,0.0,0.0,6.4,11.8,0.541,3.1,4.4,0.696,7.3,8.5,15.8,0.8,1.5,3.5,1.0,7.9,15.8,128.0,100.0,1999,Scot Pollard-1999,0.0,Not Selected,Center,SAC,0.037241379310344824
1998-99,Olden Polynice,polynol01,C,34,SEA,48,47,1481,6.1,12.9,0.47200000000000003,0.0,0.0,1.0,6.1,12.9,0.47100000000000003,1.0,3.4,0.309,6.7,8.7,15.4,1.6,0.7,1.1,1.8,5.4,13.3,103.0,106.0,1999,Olden Polynice-1999,0.0,Not Selected,Center,OKC,0.034482758620689655
1998-99,Mark Pope,popema01,SF,26,IND,4,0,26,2.1,15.0,0.14300000000000002,0.0,8.5,0.0,2.1,6.4,0.33299999999999996,0.0,2.1,0.0,4.3,4.3,8.5,0.0,0.0,0.0,2.1,12.8,4.3,43.0,110.0,1999,Mark Pope-1999,0.0,Not Selected,Forward,IND,0.04551724137931035
1998-99,Terry Porter,portete01,PG,35,MIA,50,1,1365,7.1,15.3,0.465,2.4,5.8,0.41100000000000003,4.7,9.5,0.498,5.1,6.1,0.831,0.5,5.3,5.8,6.1,2.0,0.5,3.1,4.0,21.8,115.0,100.0,1999,Terry Porter-1999,0.0,Not Selected,Guard,MIA,0.04551724137931035
1998-99,Vitaly Potapenko,potapvi01,C,23,TOT,50,44,1394,7.8,15.8,0.495,0.0,0.0,0.0,7.8,15.8,0.496,3.5,5.9,0.5870000000000001,4.4,8.4,12.7,2.9,1.3,1.4,3.8,6.5,19.1,98.0,102.0,1999,Vitaly Potapenko-1999,0.0,Not Selected,Center,TOT,0.03333333333333333
1998-99,Brent Price,pricebr01,PG,30,HOU,40,6,806,6.7,13.9,0.483,3.1,7.5,0.41100000000000003,3.6,6.4,0.568,3.1,4.1,0.754,1.2,4.0,5.2,7.6,2.2,0.1,4.4,6.0,19.6,111.0,105.0,1999,Brent Price-1999,0.0,Not Selected,Guard,HOU,0.04275862068965517
1998-99,Theo Ratliff,ratlith01,PF,25,PHI,50,50,1627,6.6,13.9,0.47,0.0,0.0,0.0,6.6,13.9,0.47,5.5,7.6,0.725,4.6,8.9,13.5,1.0,1.5,5.0,3.1,6.0,18.6,106.0,94.0,1999,Theo Ratliff-1999,0.0,Not Selected,Forward,PHI,0.038620689655172416
1998-99,Eldridge Recasner,recasel01,PG,31,CHH,44,2,708,6.2,13.9,0.446,1.8,4.5,0.4,4.4,9.4,0.46799999999999997,2.6,2.9,0.872,1.5,4.3,5.8,6.9,1.3,0.1,4.4,5.0,16.8,99.0,106.0,1999,Eldridge Recasner-1999,0.0,Not Selected,Guard,CHO,0.03586206896551724
1998-99,Bryant Reeves,reevebr01,C,25,VAN,25,14,702,7.8,19.3,0.406,0.0,0.1,0.0,7.8,19.2,0.408,5.1,8.9,0.578,3.8,6.8,10.6,2.8,1.0,0.6,3.6,7.9,20.8,92.0,109.0,1999,Bryant Reeves-1999,0.0,Not Selected,Center,MEM,0.011034482758620689
1998-99,Khalid Reeves,reevekh01,PG,26,DET,11,0,112,4.0,10.4,0.381,0.5,1.5,0.33299999999999996,3.5,8.9,0.389,4.0,7.0,0.5710000000000001,1.5,2.0,3.5,5.5,2.0,0.0,3.5,6.5,12.4,92.0,105.0,1999,Khalid Reeves-1999,0.0,Not Selected,Guard,DET,0.04
1998-99,Don Reid,reiddo01,PF,25,DET,47,30,935,5.8,10.3,0.557,0.0,0.0,0.0,5.8,10.3,0.557,2.9,4.7,0.608,3.9,6.2,10.1,2.0,1.6,2.6,2.1,9.3,14.4,113.0,100.0,1999,Don Reid-1999,0.0,Not Selected,Forward,DET,0.04
1998-99,J.R. Reid,reidjr01,PF,30,TOT,41,26,1029,6.8,14.3,0.47700000000000004,0.0,0.1,0.0,6.8,14.2,0.478,5.4,7.1,0.7659999999999999,2.3,8.6,10.9,2.5,1.9,0.5,2.6,7.0,19.0,106.0,102.0,1999,J.R. Reid-1999,0.0,Not Selected,Forward,TOT,0.03333333333333333
1998-99,Shawn Respert,respesh01,SG,26,PHO,12,1,99,7.0,19.4,0.361,2.2,7.0,0.308,4.8,12.4,0.391,3.8,5.4,0.7,1.1,5.9,7.0,4.3,2.7,0.0,2.7,5.4,19.9,94.0,103.0,1999,Shawn Respert-1999,0.0,Not Selected,Guard,PHO,0.037241379310344824
1998-99,Rodrick Rhodes,rhodero01,SG-SF,25,TOT,13,1,156,4.5,18.0,0.25,0.3,2.4,0.14300000000000002,4.1,15.6,0.267,5.5,8.6,0.64,3.1,2.8,5.9,3.8,1.7,0.7,6.9,7.3,14.9,67.0,110.0,1999,Rodrick Rhodes-1999,0.0,Not Selected,Forward,TOT,0.03333333333333333
1998-99,Glen Rice,ricegl01,SF,31,LAL,27,25,985,9.1,21.1,0.43200000000000005,2.8,7.2,0.39299999999999996,6.3,13.9,0.452,4.1,4.8,0.856,0.5,4.8,5.3,3.8,0.9,0.3,2.4,3.6,25.1,110.0,108.0,1999,Glen Rice-1999,0.0,Not Selected,Forward,LAL,0.04275862068965517
1998-99,Pooh Richardson,richapo01,PG,32,LAC,11,0,130,5.0,14.9,0.33299999999999996,0.0,2.5,0.0,5.0,12.4,0.4,1.7,1.7,1.0,0.4,5.0,5.4,12.4,1.7,0.0,3.7,2.1,11.6,89.0,112.0,1999,Pooh Richardson-1999,0.0,Not Selected,Guard,LAC,0.012413793103448275
1998-99,Mitch Richmond,richmmi01,SG,33,WAS,50,50,1912,9.3,22.5,0.41200000000000003,2.0,6.2,0.317,7.3,16.3,0.44799999999999995,7.0,8.2,0.857,0.8,4.0,4.8,3.4,1.8,0.3,3.8,3.4,27.5,102.0,106.0,1999,Mitch Richmond-1999,0.0,Not Selected,Guard,WAS,0.02482758620689655
1998-99,Isaiah Rider,rideris01,SG,27,POR,47,41,1385,9.7,23.5,0.41200000000000003,1.6,4.3,0.37799999999999995,8.0,19.2,0.419,4.3,5.7,0.755,2.3,5.3,7.6,4.0,1.0,0.3,3.7,3.9,25.3,99.0,102.0,1999,Isaiah Rider-1999,0.0,Not Selected,Guard,POR,0.04827586206896552
1998-99,Eric Riley,rileyer01,C,28,BOS,35,11,337,4.4,8.4,0.519,0.0,0.0,0.0,4.4,8.4,0.519,3.4,4.8,0.71,5.6,9.8,15.4,2.0,1.4,4.0,4.0,11.4,12.1,100.0,98.0,1999,Eric Riley-1999,0.0,Not Selected,Center,BOS,0.02620689655172414
1998-99,Stanley Roberts,roberst01,C,28,HOU,6,0,33,8.2,21.3,0.385,0.0,0.0,0.0,8.2,21.3,0.385,6.6,13.1,0.5,6.6,11.5,18.0,0.0,0.0,1.6,6.6,3.3,22.9,79.0,103.0,1999,Stanley Roberts-1999,0.0,Not Selected,Center,HOU,0.04275862068965517
1998-99,Clifford Robinson,robincl02,SF,32,PHO,50,35,1740,9.2,19.3,0.475,1.8,4.3,0.41700000000000004,7.4,15.0,0.49200000000000005,5.0,7.2,0.6970000000000001,2.1,4.8,7.0,3.9,2.3,1.8,2.7,4.7,25.1,110.0,103.0,1999,Clifford Robinson-1999,0.0,Not Selected,Forward,PHO,0.037241379310344824
1998-99,David Robinson,robinda01,C,33,SAS,49,49,1554,9.3,18.4,0.509,0.0,0.0,0.0,9.3,18.3,0.51,8.3,12.6,0.6579999999999999,5.2,12.0,17.1,3.6,2.4,4.1,3.8,5.0,27.0,111.0,88.0,1999,David Robinson-1999,0.0,Not Selected,Center,SAS,0.05103448275862069
1998-99,Glenn Robinson,robingl01,SF,26,MIL,47,47,1579,12.1,26.4,0.45899999999999996,1.1,2.8,0.392,11.0,23.7,0.467,4.9,5.6,0.87,2.6,7.1,9.6,3.5,1.6,1.4,3.7,4.0,30.2,103.0,103.0,1999,Glenn Robinson-1999,0.0,Not Selected,Forward,MIL,0.038620689655172416
1998-99,James Robinson,robinja02,PG,28,TOT,31,0,506,7.0,19.5,0.36200000000000004,2.2,7.8,0.284,4.8,11.7,0.414,2.9,4.3,0.6829999999999999,1.9,4.6,6.5,5.9,2.3,0.8,4.6,6.3,19.3,89.0,106.0,1999,James Robinson-1999,0.0,Not Selected,Guard,TOT,0.03333333333333333
1998-99,Dennis Rodman,rodmade01,PF,37,LAL,23,11,657,1.3,3.7,0.348,0.0,0.2,0.0,1.3,3.5,0.364,1.4,3.1,0.436,4.9,15.6,20.6,2.4,0.8,1.0,2.5,5.7,3.9,91.0,100.0,1999,Dennis Rodman-1999,0.0,Not Selected,Forward,LAL,0.04275862068965517
1998-99,Carlos Rogers,rogerca01,PF,27,POR,2,0,8,13.4,13.4,1.0,0.0,0.0,0.0,13.4,13.4,1.0,6.7,26.9,0.25,0.0,6.7,6.7,6.7,0.0,0.0,0.0,13.4,33.6,128.0,102.0,1999,Carlos Rogers-1999,0.0,Not Selected,Forward,POR,0.04827586206896552
1998-99,Rodney Rogers,rogerro01,SF,27,LAC,47,7,968,7.3,16.5,0.441,1.0,3.5,0.28600000000000003,6.3,13.0,0.483,3.8,5.6,0.6729999999999999,3.6,6.3,9.9,4.3,2.6,1.2,3.7,7.8,19.3,102.0,108.0,1999,Rodney Rogers-1999,0.0,Not Selected,Forward,LAC,0.012413793103448275
1998-99,Sean Rooks,rooksse01,C,29,LAL,36,0,315,5.3,13.1,0.405,0.0,0.3,0.0,5.3,12.8,0.41600000000000004,5.7,8.0,0.708,5.5,6.5,12.0,1.5,0.3,1.5,3.5,10.1,16.3,99.0,107.0,1999,Sean Rooks-1999,0.0,Not Selected,Center,LAL,0.04275862068965517
1998-99,Jalen Rose,roseja01,SF,26,IND,49,1,1238,9.0,22.3,0.40299999999999997,0.8,2.9,0.262,8.2,19.3,0.425,5.6,7.1,0.7909999999999999,1.5,5.4,6.9,4.2,2.2,0.7,3.2,5.7,24.3,98.0,104.0,1999,Jalen Rose-1999,0.0,Not Selected,Forward,IND,0.04551724137931035
1998-99,Malik Rose,rosema01,PF,24,SAS,47,0,608,8.3,17.9,0.46299999999999997,0.0,0.1,0.0,8.3,17.8,0.465,8.7,13.0,0.6709999999999999,8.0,8.2,16.2,2.6,3.6,2.0,5.0,10.7,25.3,104.0,90.0,1999,Malik Rose-1999,0.0,Not Selected,Forward,SAS,0.05103448275862069
1998-99,Bryon Russell,russebr01,SF,28,UTA,50,50,1770,6.8,14.6,0.46399999999999997,1.6,4.6,0.354,5.1,10.0,0.514,4.2,5.3,0.795,2.0,6.3,8.3,2.3,2.4,0.5,2.4,4.8,19.4,111.0,99.0,1999,Bryon Russell-1999,0.0,Not Selected,Forward,UTA,0.05103448275862069
1998-99,Arvydas Sabonis,sabonar01,C,34,POR,50,48,1349,9.3,19.1,0.485,0.3,1.0,0.292,9.0,18.1,0.496,5.4,7.0,0.7709999999999999,3.5,12.2,15.7,4.7,1.4,2.5,3.4,5.9,24.2,110.0,94.0,1999,Arvydas Sabonis-1999,0.0,Not Selected,Center,POR,0.04827586206896552
1998-99,Jason Sasser,sasseja01,SF,25,VAN,6,0,39,6.9,15.2,0.455,0.0,0.0,0.0,6.9,15.2,0.455,1.4,2.8,0.5,2.8,6.9,9.7,2.8,2.8,0.0,2.8,5.5,15.2,92.0,106.0,1999,Jason Sasser-1999,0.0,Not Selected,Forward,MEM,0.011034482758620689
1998-99,Danny Schayes,schayda01,C,39,ORL,19,1,143,4.2,11.0,0.379,0.0,0.0,0.0,4.2,11.0,0.379,2.3,3.0,0.75,1.1,4.2,5.3,1.5,0.4,0.8,3.0,8.7,10.6,80.0,103.0,1999,Danny Schayes-1999,0.0,Not Selected,Center,ORL,0.04551724137931035
1998-99,Dwayne Schintzius,schindw01,C,30,BOS,16,0,67,3.1,12.5,0.25,0.0,0.0,0.0,3.1,12.5,0.25,2.3,3.1,0.75,5.5,9.4,14.9,6.3,0.0,2.3,7.8,13.3,8.6,65.0,103.0,1999,Dwayne Schintzius-1999,0.0,Not Selected,Center,BOS,0.02620689655172414
1998-99,Detlef Schrempf,schrede01,SF,36,SEA,50,39,1765,7.9,16.7,0.47200000000000003,1.0,2.6,0.395,6.8,14.0,0.486,6.1,7.4,0.823,2.3,8.9,11.2,5.6,1.2,0.8,3.1,4.6,22.8,116.0,106.0,1999,Detlef Schrempf-1999,0.0,Not Selected,Forward,OKC,0.034482758620689655
1998-99,Dennis Scott,scottde01,SF,30,TOT,36,9,738,6.3,15.4,0.408,2.7,7.0,0.381,3.6,8.4,0.431,1.7,2.2,0.742,0.6,3.6,4.2,2.9,1.1,0.2,1.4,3.5,16.9,106.0,105.0,1999,Dennis Scott-1999,0.0,Not Selected,Forward,TOT,0.03333333333333333
1998-99,Malik Sealy,sealyma01,SF,28,MIN,31,7,731,6.9,16.7,0.41100000000000003,0.4,1.7,0.261,6.4,15.0,0.428,4.0,4.4,0.902,1.7,5.0,6.6,2.6,2.2,0.4,2.4,4.9,18.1,99.0,103.0,1999,Malik Sealy-1999,0.0,Not Selected,Forward,MIN,0.034482758620689655
1998-99,Rony Seikaly,seikaro01,C,33,NJN,9,0,88,2.4,11.9,0.2,0.0,0.0,0.0,2.4,11.9,0.2,4.2,10.7,0.389,3.0,9.5,12.5,1.2,2.4,3.6,6.0,8.9,8.9,52.0,98.0,1999,Rony Seikaly-1999,0.0,Not Selected,Center,BRK,0.022068965517241378
1998-99,Charles Shackleford,shackch01,C,32,CHH,32,4,367,6.4,13.1,0.489,0.0,0.0,0.0,6.4,13.1,0.489,2.8,4.2,0.655,6.0,12.8,18.8,1.9,0.7,1.9,3.9,9.6,15.6,97.0,99.0,1999,Charles Shackleford-1999,0.0,Not Selected,Center,CHO,0.03586206896551724
1998-99,Brian Shaw,shawbr01,PG,32,POR,1,0,5,0.0,10.8,0.0,0.0,0.0,0.0,0.0,10.8,0.0,0.0,0.0,0.0,0.0,10.8,10.8,10.8,0.0,0.0,10.8,10.8,0.0,25.0,100.0,1999,Brian Shaw-1999,0.0,Not Selected,Guard,POR,0.04827586206896552
1998-99,Casey Shaw,shawca01,C,23,PHI,9,0,14,3.9,31.0,0.125,0.0,0.0,0.0,3.9,31.0,0.125,0.0,0.0,0.0,11.6,0.0,11.6,0.0,0.0,0.0,7.7,7.7,7.7,40.0,109.0,1999,Casey Shaw-1999,0.0,Not Selected,Center,PHI,0.038620689655172416
1998-99,Jeff Sheppard,sheppje01,SG,24,ATL,18,5,185,4.6,11.9,0.385,0.6,2.1,0.28600000000000003,4.0,9.7,0.406,2.4,4.0,0.615,1.8,4.9,6.7,4.9,0.9,0.0,2.1,3.6,12.2,99.0,102.0,1999,Jeff Sheppard-1999,0.0,Not Selected,Guard,ATL,0.04275862068965517
1998-99,Miles Simon,simonmi01,SG,23,ORL,5,0,19,2.8,14.2,0.2,0.0,5.7,0.0,2.8,8.5,0.33299999999999996,0.0,0.0,0.0,2.8,2.8,5.7,0.0,2.8,0.0,8.5,2.8,5.7,33.0,100.0,1999,Miles Simon-1999,0.0,Not Selected,Guard,ORL,0.04551724137931035
1998-99,Dickey Simpkins,simpkdi01,C,26,CHI,50,35,1448,5.6,12.2,0.46299999999999997,0.0,0.0,0.0,5.6,12.1,0.46399999999999997,5.9,9.1,0.645,4.1,8.6,12.8,2.4,1.4,0.5,2.7,4.8,17.2,104.0,103.0,1999,Dickey Simpkins-1999,0.0,Not Selected,Center,CHI,0.01793103448275862
1998-99,Alvin Sims,simsal01,SG,24,PHO,4,0,25,8.5,21.3,0.4,2.1,2.1,1.0,6.4,19.2,0.33299999999999996,4.3,10.7,0.4,6.4,2.1,8.5,10.7,4.3,0.0,12.8,4.3,23.5,77.0,102.0,1999,Alvin Sims-1999,0.0,Not Selected,Guard,PHO,0.037241379310344824
1998-99,Brian Skinner,skinnbr01,PF,22,LAC,21,0,258,6.9,14.8,0.465,0.0,0.0,0.0,6.9,14.8,0.465,4.2,6.9,0.606,4.2,6.9,11.0,0.2,2.1,2.7,4.0,4.2,17.9,93.0,107.0,1999,Brian Skinner-1999,0.0,Not Selected,Forward,LAC,0.012413793103448275
1998-99,Reggie Slater,slatere01,PF,28,TOR,30,0,263,6.4,16.7,0.38299999999999995,0.0,0.0,0.0,6.4,16.7,0.38299999999999995,10.9,17.5,0.624,7.4,7.0,14.4,1.0,0.6,0.6,5.1,10.3,23.6,96.0,107.0,1999,Reggie Slater-1999,0.0,Not Selected,Forward,TOR,0.031724137931034485
1998-99,Charles Smith,smithch04,SG,23,LAC,23,10,317,5.9,16.4,0.361,1.2,5.6,0.212,4.7,10.8,0.43799999999999994,1.2,2.7,0.43799999999999994,1.2,2.9,4.1,2.2,2.9,2.4,3.4,5.9,14.2,79.0,109.0,1999,Charles Smith-1999,0.0,Not Selected,Guard,LAC,0.012413793103448275
1998-99,Joe Smith,smithjo02,C,23,MIN,43,42,1418,8.3,19.4,0.42700000000000005,0.0,0.1,0.0,8.3,19.3,0.43,5.3,7.0,0.755,5.7,7.4,13.2,2.5,1.2,2.5,2.5,5.5,21.9,105.0,101.0,1999,Joe Smith-1999,0.0,Not Selected,Center,MIN,0.034482758620689655
1998-99,Michael Smith,smithmi02,PF,26,VAN,48,10,1098,3.8,7.1,0.535,0.0,0.0,0.0,3.8,7.0,0.5379999999999999,3.7,6.3,0.594,6.6,10.6,17.2,2.4,2.3,0.9,2.9,5.3,11.3,109.0,104.0,1999,Michael Smith-1999,0.0,Not Selected,Forward,MEM,0.011034482758620689
1998-99,Steve Smith,smithst01,SG,29,ATL,36,36,1314,9.3,23.1,0.402,2.0,6.0,0.33799999999999997,7.3,17.2,0.424,8.2,9.6,0.8490000000000001,2.1,4.3,6.5,5.1,1.5,0.5,4.2,4.3,28.8,107.0,100.0,1999,Steve Smith-1999,0.0,Not Selected,Guard,ATL,0.04275862068965517
1998-99,Rik Smits,smitsri01,C,32,IND,49,49,1271,13.6,27.7,0.49,0.0,0.1,0.0,13.6,27.6,0.491,4.7,5.8,0.818,3.2,8.8,12.0,2.3,0.8,2.3,3.3,7.0,31.8,104.0,103.0,1999,Rik Smits-1999,0.0,Not Selected,Center,IND,0.04551724137931035
1998-99,Eric Snow,snower01,PG,25,PHI,48,48,1716,4.7,11.0,0.428,0.2,0.7,0.23800000000000002,4.5,10.3,0.44,3.5,4.7,0.733,0.8,4.3,5.1,9.5,3.2,0.0,3.5,4.7,13.0,102.0,99.0,1999,Eric Snow-1999,0.0,Not Selected,Guard,PHI,0.038620689655172416
1998-99,Felton Spencer,spencfe01,C,31,GSW,26,0,159,5.1,11.2,0.455,0.0,0.0,0.0,5.1,11.2,0.455,4.1,8.8,0.462,6.1,9.5,15.6,0.0,1.7,3.4,3.1,13.9,14.3,93.0,97.0,1999,Felton Spencer-1999,0.0,Not Selected,Center,GSW,0.028965517241379312
1998-99,Latrell Sprewell,sprewla01,SF,28,NYK,37,4,1233,9.6,23.2,0.415,0.9,3.5,0.273,8.7,19.8,0.44,6.9,8.6,0.812,1.8,5.2,7.0,4.1,2.1,0.1,3.5,2.9,27.2,101.0,100.0,1999,Latrell Sprewell-1999,0.0,Not Selected,Forward,NYK,0.037241379310344824
1998-99,Ryan Stack,stackry01,PF,23,CLE,18,0,199,3.9,10.3,0.37799999999999995,0.0,0.0,0.0,3.9,10.3,0.37799999999999995,5.3,5.6,0.95,5.3,4.2,9.5,1.4,0.6,3.1,2.5,8.7,13.1,106.0,104.0,1999,Ryan Stack-1999,0.0,Not Selected,Forward,CLE,0.030344827586206897
1998-99,Jerry Stackhouse,stackje01,SG,24,DET,42,9,1188,8.5,22.8,0.371,1.6,5.9,0.278,6.8,16.9,0.40299999999999997,9.8,11.6,0.85,1.2,3.8,5.0,5.5,1.6,0.9,5.7,3.7,28.4,98.0,104.0,1999,Jerry Stackhouse-1999,0.0,Not Selected,Guard,DET,0.04
1998-99,John Starks,starkjo01,SG,33,GSW,50,50,1686,8.6,23.3,0.37,2.5,8.6,0.29,6.1,14.7,0.41600000000000004,2.4,3.2,0.74,1.1,4.2,5.2,7.5,2.2,0.2,2.7,4.3,22.1,100.0,103.0,1999,John Starks-1999,0.0,Not Selected,Guard,GSW,0.028965517241379312
1998-99,Vladimir Stepania,stepavl01,C,22,SEA,23,6,313,9.1,21.4,0.424,0.0,0.5,0.0,9.1,20.9,0.434,3.6,6.8,0.525,4.6,8.2,12.8,2.1,1.7,3.9,5.5,9.9,21.7,84.0,102.0,1999,Vladimir Stepania-1999,0.0,Not Selected,Center,OKC,0.034482758620689655
1998-99,Michael Stewart,stewami01,C,23,TOR,42,2,394,3.0,7.3,0.415,0.0,0.0,0.0,3.0,7.3,0.415,2.3,3.4,0.68,5.9,7.7,13.6,0.7,0.5,3.8,1.6,10.4,8.4,106.0,103.0,1999,Michael Stewart-1999,0.0,Not Selected,Center,TOR,0.031724137931034485
1998-99,Bryant Stith,stithbr01,SG,28,DEN,46,32,1194,5.1,12.9,0.39299999999999996,1.4,4.7,0.292,3.7,8.2,0.451,2.7,3.2,0.8590000000000001,1.3,3.4,4.8,3.6,1.2,0.7,2.0,2.9,14.2,104.0,114.0,1999,Bryant Stith-1999,0.0,Not Selected,Guard,DEN,0.019310344827586208
1998-99,John Stockton,stockjo01,PG,36,UTA,50,50,1410,7.8,16.0,0.488,0.6,2.0,0.32,7.2,14.1,0.511,5.4,6.6,0.8109999999999999,1.2,4.5,5.7,14.6,3.2,0.5,4.3,4.2,21.6,115.0,98.0,1999,John Stockton-1999,3.0,3rd,Guard,UTA,0.05103448275862069
1998-99,Peja Stojaković,stojape01,SF,21,SAC,48,1,1025,6.9,18.2,0.37799999999999995,2.8,8.7,0.32,4.1,9.5,0.431,3.1,3.6,0.851,2.1,4.9,7.0,3.5,2.0,0.3,2.6,2.1,19.6,103.0,105.0,1999,Peja Stojaković-1999,0.0,Not Selected,Forward,SAC,0.037241379310344824
1998-99,Damon Stoudamire,stoudda01,PG,25,POR,50,50,1673,8.0,20.2,0.396,1.4,4.6,0.31,6.6,15.7,0.42100000000000004,2.9,3.9,0.73,1.3,4.1,5.4,10.0,1.6,0.1,3.5,2.6,20.3,101.0,102.0,1999,Damon Stoudamire-1999,0.0,Not Selected,Guard,POR,0.04827586206896552
1998-99,Erick Strickland,stricer01,SG,25,DAL,33,2,567,8.5,21.0,0.40299999999999997,1.7,5.6,0.305,6.8,15.4,0.43799999999999994,5.0,6.2,0.815,1.1,6.8,7.9,6.1,3.8,0.2,3.4,4.2,23.7,102.0,101.0,1999,Erick Strickland-1999,0.0,Not Selected,Guard,DAL,0.02620689655172414
1998-99,Mark Strickland,stricma01,PF,28,MIA,32,1,357,7.9,16.0,0.495,0.0,0.2,0.0,7.9,15.9,0.5,3.0,4.1,0.731,4.1,8.2,12.4,1.4,1.1,1.3,2.1,4.4,18.9,107.0,99.0,1999,Mark Strickland-1999,0.0,Not Selected,Forward,MIA,0.04551724137931035
1998-99,Rod Strickland,stricro02,PG,32,WAS,44,43,1632,8.2,19.8,0.41600000000000004,0.4,1.4,0.28600000000000003,7.8,18.4,0.426,5.8,7.7,0.746,1.8,5.1,6.9,14.2,2.5,0.2,4.7,3.0,22.6,104.0,104.0,1999,Rod Strickland-1999,0.0,Not Selected,Guard,WAS,0.02482758620689655
1998-99,Derek Strong,stronde01,PF,30,ORL,44,0,695,5.9,14.0,0.42200000000000004,0.0,0.2,0.0,5.9,13.8,0.42700000000000005,5.5,7.7,0.7170000000000001,5.1,7.4,12.5,1.3,1.2,0.5,2.9,5.0,17.3,102.0,99.0,1999,Derek Strong-1999,0.0,Not Selected,Forward,ORL,0.04551724137931035
1998-99,Bruno Šundov,sundobr01,C,18,DAL,3,0,11,9.8,34.3,0.28600000000000003,0.0,0.0,0.0,9.8,34.3,0.28600000000000003,0.0,0.0,0.0,0.0,0.0,0.0,4.9,0.0,0.0,4.9,19.6,19.6,61.0,113.0,1999,Bruno Šundov-1999,0.0,Not Selected,Center,DAL,0.02620689655172414
1998-99,Bob Sura,surabo01,PG,25,CLE,50,6,841,4.6,13.9,0.33299999999999996,0.6,3.0,0.2,4.0,10.9,0.37,4.3,6.8,0.631,1.4,5.4,6.7,10.0,3.0,0.9,4.4,6.5,14.1,88.0,100.0,1999,Bob Sura-1999,0.0,Not Selected,Guard,CLE,0.030344827586206897
1998-99,Johnny Taylor,taylojo01,SF,24,DEN,36,9,724,6.0,14.5,0.414,1.9,5.0,0.382,4.1,9.5,0.431,1.2,1.7,0.7390000000000001,2.2,5.2,7.4,1.8,2.1,1.2,2.5,7.1,15.2,97.0,110.0,1999,Johnny Taylor-1999,0.0,Not Selected,Forward,DEN,0.019310344827586208
1998-99,Maurice Taylor,tayloma01,PF,22,LAC,46,45,1505,11.1,24.1,0.461,0.0,0.2,0.16699999999999998,11.1,23.8,0.46299999999999997,5.3,7.3,0.728,3.6,5.1,8.6,2.4,0.6,1.0,4.3,6.4,27.6,99.0,113.0,1999,Maurice Taylor-1999,0.0,Not Selected,Forward,LAC,0.012413793103448275
1998-99,John Thomas,thomajo02,C,23,TOR,39,11,593,6.5,11.2,0.5770000000000001,0.0,0.1,0.0,6.5,11.1,0.5820000000000001,2.5,4.4,0.563,5.9,6.3,12.2,1.4,1.6,0.8,1.9,7.5,15.4,118.0,105.0,1999,John Thomas-1999,0.0,Not Selected,Center,TOR,0.031724137931034485
1998-99,Kurt Thomas,thomaku01,PF,26,NYK,50,44,1182,7.9,17.2,0.462,0.0,0.0,0.0,7.9,17.2,0.46299999999999997,3.1,5.0,0.611,3.8,9.5,13.4,2.6,2.1,0.8,3.4,7.4,19.0,95.0,95.0,1999,Kurt Thomas-1999,0.0,Not Selected,Forward,NYK,0.037241379310344824
1998-99,Tim Thomas,thomati01,SF,21,TOT,50,26,812,8.9,18.9,0.473,1.4,4.6,0.309,7.5,14.3,0.526,4.9,7.6,0.652,3.3,5.2,8.5,3.1,1.8,0.8,3.1,7.2,24.2,108.0,104.0,1999,Tim Thomas-1999,0.0,Not Selected,Forward,TOT,0.03333333333333333
1998-99,Otis Thorpe,thorpot01,PF,36,WAS,49,38,1539,8.3,15.3,0.545,0.0,0.1,0.0,8.3,15.2,0.5479999999999999,2.6,3.7,0.698,3.3,8.3,11.6,3.5,1.5,0.7,3.1,6.8,19.3,107.0,103.0,1999,Otis Thorpe-1999,0.0,Not Selected,Forward,WAS,0.02482758620689655
1998-99,Robert Traylor,traylro01,C,21,MIL,49,43,786,7.6,14.1,0.537,0.0,0.1,0.0,7.6,14.0,0.54,3.0,5.6,0.5379999999999999,5.6,7.2,12.8,2.7,3.1,3.1,2.9,9.8,18.2,108.0,98.0,1999,Robert Traylor-1999,0.0,Not Selected,Center,MIL,0.038620689655172416
1998-99,Gary Trent,trentga01,PF,24,DAL,45,23,1362,11.4,23.8,0.47700000000000004,0.0,0.2,0.0,11.4,23.6,0.48100000000000004,5.7,9.3,0.617,5.0,8.9,13.9,3.0,1.1,0.9,2.6,4.8,28.5,107.0,105.0,1999,Gary Trent-1999,0.0,Not Selected,Forward,DAL,0.02620689655172414
1998-99,Nick Van Exel,vanexni01,PG,27,DEN,50,50,1802,9.0,22.6,0.39799999999999996,2.1,6.9,0.308,6.9,15.8,0.43700000000000006,4.2,5.2,0.8109999999999999,0.4,2.9,3.3,10.8,1.2,0.1,3.6,2.7,24.3,105.0,115.0,1999,Nick Van Exel-1999,0.0,Not Selected,Guard,DEN,0.019310344827586208
1998-99,Keith Van Horn,vanhoke01,PF,23,NJN,42,42,1576,10.7,25.0,0.428,0.5,1.8,0.302,10.2,23.3,0.43799999999999994,8.5,9.9,0.8590000000000001,3.8,8.1,11.9,2.2,1.4,1.8,4.4,4.5,30.5,102.0,103.0,1999,Keith Van Horn-1999,0.0,Not Selected,Forward,BRK,0.022068965517241378
1998-99,David Vaughn,vaughda02,PF,25,NJN,10,0,103,6.6,12.2,0.542,0.0,0.0,0.0,6.6,12.2,0.542,4.1,5.1,0.8,6.6,10.7,17.3,0.5,1.0,4.1,5.6,11.2,17.3,97.0,100.0,1999,David Vaughn-1999,0.0,Not Selected,Forward,BRK,0.022068965517241378
1998-99,Jacque Vaughn,vaughja01,PG,23,UTA,19,0,87,7.0,19.0,0.36700000000000005,1.3,5.1,0.25,5.7,14.0,0.409,12.7,15.2,0.833,0.6,6.3,7.0,7.6,3.2,0.0,8.9,8.9,27.9,93.0,97.0,1999,Jacque Vaughn-1999,0.0,Not Selected,Guard,UTA,0.05103448275862069
1998-99,Loy Vaught,vaughlo01,PF,30,DET,37,10,481,6.8,17.9,0.381,0.0,0.1,0.0,6.8,17.8,0.38299999999999995,1.0,1.6,0.643,4.2,12.7,16.9,1.3,1.7,0.7,2.0,6.2,14.7,88.0,97.0,1999,Loy Vaught-1999,0.0,Not Selected,Forward,DET,0.04
1998-99,Stojko Vranković,vrankst01,C,35,LAC,2,0,12,4.5,17.9,0.25,0.0,0.0,0.0,4.5,17.9,0.25,0.0,0.0,0.0,17.9,8.9,26.8,0.0,0.0,0.0,0.0,8.9,8.9,98.0,112.0,1999,Stojko Vranković-1999,0.0,Not Selected,Center,LAC,0.012413793103448275
1998-99,Antoine Walker,walkean02,PF,22,BOS,42,41,1549,10.3,24.9,0.41200000000000003,2.2,6.0,0.369,8.1,18.9,0.426,3.8,6.8,0.5589999999999999,3.6,8.6,12.2,4.4,2.1,0.9,4.0,4.8,26.6,96.0,101.0,1999,Antoine Walker-1999,0.0,Not Selected,Forward,BOS,0.02620689655172414
1998-99,Samaki Walker,walkesa01,PF,22,DAL,39,2,568,8.4,18.0,0.46299999999999997,0.0,0.1,0.0,8.4,17.9,0.466,5.0,9.3,0.541,4.4,9.2,13.6,0.6,0.9,1.5,3.5,8.3,21.7,95.0,104.0,1999,Samaki Walker-1999,0.0,Not Selected,Forward,DAL,0.02620689655172414
1998-99,Ben Wallace,wallabe01,C,24,WAS,46,16,1231,5.0,8.6,0.578,0.0,0.0,0.0,5.0,8.6,0.578,2.0,5.7,0.35600000000000004,6.0,10.7,16.7,0.8,2.2,3.9,1.6,4.8,12.0,111.0,97.0,1999,Ben Wallace-1999,0.0,Not Selected,Center,WAS,0.02482758620689655
1998-99,John Wallace,wallajo01,SF,24,TOR,48,3,812,10.2,23.6,0.43200000000000005,0.0,0.0,0.0,10.2,23.6,0.43200000000000005,7.0,10.0,0.7,3.6,7.8,11.4,3.1,0.8,2.9,4.7,6.1,27.4,97.0,104.0,1999,John Wallace-1999,0.0,Not Selected,Forward,TOR,0.031724137931034485
1998-99,Rasheed Wallace,wallara01,PF,24,POR,49,18,1414,9.2,18.1,0.508,0.5,1.2,0.419,8.7,16.9,0.515,5.0,6.8,0.732,2.2,7.0,9.2,2.3,1.8,2.1,3.0,6.7,23.9,109.0,97.0,1999,Rasheed Wallace-1999,0.0,Not Selected,Forward,POR,0.04827586206896552
1998-99,Rex Walters,waltere01,SG,28,MIA,33,13,506,3.9,10.6,0.368,1.3,4.3,0.316,2.6,6.4,0.40399999999999997,2.1,2.6,0.826,1.1,4.5,5.6,6.5,1.1,0.3,3.6,7.0,11.3,94.0,103.0,1999,Rex Walters-1999,0.0,Not Selected,Guard,MIA,0.04551724137931035
1998-99,Charlie Ward,wardch01,PG,28,NYK,50,50,1556,4.8,11.9,0.40399999999999997,1.9,5.3,0.35600000000000004,2.9,6.6,0.44299999999999995,2.0,2.8,0.705,0.8,5.3,6.1,9.6,3.7,0.3,4.7,3.7,13.4,95.0,96.0,1999,Charlie Ward-1999,0.0,Not Selected,Guard,NYK,0.037241379310344824
1998-99,Eric Washington,washier01,SG,24,DEN,38,6,761,5.1,12.8,0.397,2.6,6.8,0.381,2.5,6.1,0.414,1.5,2.2,0.688,2.4,3.8,6.2,2.1,1.7,1.3,2.4,6.1,14.3,102.0,112.0,1999,Eric Washington-1999,0.0,Not Selected,Guard,DEN,0.019310344827586208
1998-99,Jamie Watson,watsoja01,SF,26,MIA,3,0,18,3.1,6.3,0.5,0.0,0.0,0.0,3.1,6.3,0.5,0.0,0.0,0.0,0.0,3.1,3.1,3.1,0.0,0.0,3.1,3.1,6.3,76.0,107.0,1999,Jamie Watson-1999,0.0,Not Selected,Forward,MIA,0.04551724137931035
1998-99,Clarence Weatherspoon,weathcl01,SF,28,MIA,49,3,1040,7.7,14.4,0.534,0.0,0.0,0.0,7.7,14.4,0.534,6.3,7.8,0.804,3.9,9.3,13.2,1.9,1.5,0.9,3.3,5.8,21.6,113.0,98.0,1999,Clarence Weatherspoon-1999,0.0,Not Selected,Forward,MIA,0.04551724137931035
1998-99,Chris Webber,webbech01,PF,25,SAC,42,42,1719,11.0,22.6,0.486,0.1,1.0,0.11800000000000001,10.9,21.6,0.503,2.3,5.1,0.45399999999999996,4.3,11.5,15.9,5.0,1.7,2.6,4.3,4.2,24.4,98.0,98.0,1999,Chris Webber-1999,2.0,2nd,Forward,SAC,0.037241379310344824
1998-99,Bonzi Wells,wellsbo01,SF,22,POR,7,0,35,16.9,30.7,0.55,1.5,4.6,0.33299999999999996,15.4,26.1,0.588,12.3,27.7,0.444,6.1,7.7,13.8,4.6,1.5,1.5,9.2,7.7,47.6,96.0,97.0,1999,Bonzi Wells-1999,0.0,Not Selected,Forward,POR,0.04827586206896552
1998-99,Bill Wennington,wennibi01,C,35,CHI,38,3,451,7.5,21.5,0.348,0.1,0.1,1.0,7.4,21.4,0.345,2.2,2.7,0.818,2.4,7.1,9.5,2.2,1.6,1.4,2.1,9.5,17.3,81.0,102.0,1999,Bill Wennington-1999,0.0,Not Selected,Center,CHI,0.01793103448275862
1998-99,David Wesley,wesleda01,PG,28,CHH,50,50,1848,7.0,15.8,0.446,1.8,4.9,0.359,5.3,10.9,0.485,4.6,5.5,0.8320000000000001,0.7,4.0,4.7,9.3,2.9,0.3,4.1,3.8,20.4,107.0,103.0,1999,David Wesley-1999,0.0,Not Selected,Guard,CHO,0.03586206896551724
1998-99,Doug West,westdo01,SG,31,VAN,14,2,294,5.7,11.9,0.47700000000000004,0.0,0.4,0.0,5.7,11.6,0.49200000000000005,3.5,4.6,0.76,0.9,3.7,4.6,3.5,2.9,1.3,2.2,7.0,14.9,105.0,107.0,1999,Doug West-1999,0.0,Not Selected,Guard,MEM,0.011034482758620689
1998-99,Mark West,westma01,C,38,ATL,49,0,499,2.5,6.7,0.373,0.0,0.0,0.0,2.5,6.7,0.373,1.8,5.1,0.35600000000000004,5.5,8.6,14.1,1.5,0.5,2.5,1.9,9.1,6.8,90.0,97.0,1999,Mark West-1999,0.0,Not Selected,Center,ATL,0.04275862068965517
1998-99,DeJuan Wheat,wheatde01,PG,25,VAN,46,0,590,6.7,17.6,0.37799999999999995,2.0,5.5,0.36700000000000005,4.7,12.2,0.38299999999999995,3.7,5.0,0.727,1.0,3.1,4.1,9.3,2.4,0.2,4.4,5.4,19.0,97.0,110.0,1999,DeJuan Wheat-1999,0.0,Not Selected,Guard,MEM,0.011034482758620689
1998-99,Tyson Wheeler,wheelty01,PG,23,DEN,1,0,3,17.7,17.7,1.0,17.7,17.7,1.0,0.0,0.0,0.0,17.7,35.4,0.5,0.0,0.0,0.0,35.4,0.0,0.0,0.0,17.7,70.7,220.0,119.0,1999,Tyson Wheeler-1999,0.0,Not Selected,Guard,DEN,0.019310344827586208
1998-99,Jahidi White,whiteja01,PF,22,WAS,20,0,191,4.8,9.0,0.531,0.0,0.0,0.0,4.8,9.0,0.531,4.2,9.8,0.429,6.4,9.8,16.2,0.3,0.8,3.1,4.5,10.9,13.7,90.0,101.0,1999,Jahidi White-1999,0.0,Not Selected,Forward,WAS,0.02482758620689655
1998-99,Chris Whitney,whitnch01,PG,27,WAS,39,1,441,7.8,18.9,0.41,3.9,11.5,0.337,3.9,7.4,0.525,3.3,3.8,0.871,1.0,4.7,5.7,8.4,2.2,0.2,4.4,5.9,22.7,105.0,105.0,1999,Chris Whitney-1999,0.0,Not Selected,Guard,WAS,0.02482758620689655
1998-99,Dominique Wilkins,wilkido01,SF,39,ORL,27,2,252,10.7,28.3,0.379,1.1,4.1,0.263,9.6,24.2,0.39799999999999996,6.2,9.0,0.69,6.4,8.8,15.2,3.4,0.9,0.2,4.9,4.1,28.7,93.0,99.0,1999,Dominique Wilkins-1999,0.0,Not Selected,Forward,ORL,0.04551724137931035
1998-99,Gerald Wilkins,wilkige01,SG,35,ORL,3,0,28,0.0,17.4,0.0,0.0,0.0,0.0,0.0,17.4,0.0,3.9,3.9,1.0,0.0,1.9,1.9,1.9,0.0,0.0,5.8,5.8,3.9,23.0,106.0,1999,Gerald Wilkins-1999,0.0,Not Selected,Guard,ORL,0.04551724137931035
1998-99,Aaron Williams,williaa01,PF,27,SEA,40,2,458,6.1,14.4,0.423,0.0,0.1,0.0,6.1,14.3,0.426,6.3,8.7,0.73,6.3,8.7,15.0,2.6,1.6,2.8,3.5,8.8,18.5,105.0,103.0,1999,Aaron Williams-1999,0.0,Not Selected,Forward,OKC,0.034482758620689655
1998-99,Alvin Williams,willial02,PG,24,TOR,50,45,1051,4.9,12.2,0.401,0.7,2.2,0.33299999999999996,4.2,10.0,0.415,2.3,2.7,0.846,1.0,3.2,4.2,6.7,2.6,0.6,2.9,4.8,12.8,100.0,106.0,1999,Alvin Williams-1999,0.0,Not Selected,Guard,TOR,0.031724137931034485
1998-99,Brandon Williams,willibr01,SG,23,SAS,3,0,4,0.0,0.0,0.0,0.0,0.0,0.0,0.0,0.0,0.0,27.1,54.1,0.5,13.5,0.0,13.5,0.0,0.0,0.0,0.0,0.0,27.1,136.0,107.0,1999,Brandon Williams-1999,0.0,Not Selected,Guard,SAS,0.05103448275862069
1998-99,Eric Williams,willier01,SF,26,DEN,38,8,780,5.4,14.9,0.365,0.4,1.8,0.231,5.0,13.1,0.38299999999999995,7.6,9.5,0.799,2.3,3.2,5.5,2.5,1.8,0.5,3.3,5.2,18.8,99.0,113.0,1999,Eric Williams-1999,0.0,Not Selected,Forward,DEN,0.019310344827586208
1998-99,Herb Williams,willihe01,C,40,NYK,6,0,34,6.5,13.0,0.5,0.0,0.0,0.0,6.5,13.0,0.5,3.3,3.3,1.0,4.9,4.9,9.8,0.0,0.0,3.3,3.3,3.3,16.3,102.0,101.0,1999,Herb Williams-1999,0.0,Not Selected,Center,NYK,0.037241379310344824
1998-99,Hot Rod Williams,williho01,C,36,DAL,25,11,403,1.5,4.4,0.33299999999999996,0.0,0.0,0.0,1.5,4.4,0.33299999999999996,0.9,1.3,0.7,4.8,6.3,11.1,2.0,1.7,2.4,1.7,6.6,3.9,96.0,104.0,1999,Hot Rod Williams-1999,0.0,Not Selected,Center,DAL,0.02620689655172414
1998-99,Jason Williams,willija02,PG,23,SAC,50,50,1805,6.4,17.1,0.374,2.8,8.9,0.31,3.6,8.1,0.446,2.2,2.9,0.752,0.4,3.9,4.2,8.3,2.6,0.0,4.0,2.5,17.8,97.0,105.0,1999,Jason Williams-1999,0.0,Not Selected,Guard,SAC,0.037241379310344824
1998-99,Jayson Williams,willija01,C,30,NJN,30,30,1020,5.0,11.2,0.445,0.0,0.1,0.0,5.0,11.1,0.449,2.5,4.4,0.565,7.6,11.0,18.5,1.7,1.2,3.1,2.4,6.5,12.5,104.0,100.0,1999,Jayson Williams-1999,0.0,Not Selected,Center,BRK,0.022068965517241378
1998-99,Jerome Williams,willije01,PF,25,DET,50,10,1154,6.0,11.9,0.5,0.0,0.0,0.0,6.0,11.9,0.5,5.2,7.7,0.6729999999999999,7.6,9.2,16.8,1.1,3.0,0.3,2.0,5.2,17.1,119.0,97.0,1999,Jerome Williams-1999,0.0,Not Selected,Forward,DET,0.04
1998-99,Micheal Williams,willimi02,PG,32,TOR,2,0,15,3.6,18.0,0.2,0.0,0.0,0.0,3.6,18.0,0.2,0.0,0.0,0.0,3.6,0.0,3.6,0.0,0.0,0.0,3.6,3.6,7.2,48.0,114.0,1999,Micheal Williams-1999,0.0,Not Selected,Guard,TOR,0.031724137931034485
1998-99,Monty Williams,willimo01,SF,27,DEN,1,0,6,0.0,17.7,0.0,0.0,0.0,0.0,0.0,17.7,0.0,8.8,17.7,0.5,0.0,0.0,0.0,0.0,0.0,0.0,0.0,0.0,8.8,44.0,120.0,1999,Monty Williams-1999,0.0,Not Selected,Forward,DEN,0.019310344827586208
1998-99,Scott Williams,willisc01,C,30,TOT,7,0,46,6.0,20.2,0.294,0.0,0.0,0.0,6.0,20.2,0.294,4.8,8.3,0.5710000000000001,3.6,13.1,16.7,1.2,3.6,2.4,4.8,10.7,16.7,70.0,91.0,1999,Scott Williams-1999,0.0,Not Selected,Center,TOT,0.03333333333333333
1998-99,Shammond Williams,willish01,PG,23,ATL,2,0,4,0.0,14.1,0.0,0.0,0.0,0.0,0.0,14.1,0.0,42.2,56.2,0.75,0.0,0.0,0.0,14.1,0.0,0.0,0.0,0.0,42.2,137.0,107.0,1999,Shammond Williams-1999,0.0,Not Selected,Guard,ATL,0.04275862068965517
1998-99,Travis Williams,willitr01,SF,29,CHH,8,0,62,5.2,11.2,0.462,0.0,0.0,0.0,5.2,11.2,0.462,2.6,3.5,0.75,5.2,11.2,16.4,1.7,1.7,0.9,5.2,8.6,12.9,87.0,99.0,1999,Travis Williams-1999,0.0,Not Selected,Forward,CHO,0.03586206896551724
1998-99,Walt Williams,williwa02,SF,28,POR,48,16,1044,7.6,17.9,0.424,3.2,7.4,0.43799999999999994,4.3,10.5,0.414,4.6,5.5,0.8320000000000001,1.9,5.5,7.4,4.1,1.9,1.4,3.2,5.2,23.0,111.0,98.0,1999,Walt Williams-1999,0.0,Not Selected,Forward,POR,0.04827586206896552
1998-99,Corliss Williamson,willico02,SF,25,SAC,50,50,1374,9.8,20.2,0.485,0.0,0.2,0.2,9.8,20.0,0.48700000000000004,4.4,6.8,0.638,3.1,4.4,7.5,2.4,1.1,0.3,2.7,4.3,24.0,104.0,107.0,1999,Corliss Williamson-1999,0.0,Not Selected,Forward,SAC,0.037241379310344824
1998-99,Kevin Willis,willike02,C,36,TOR,42,38,1216,8.3,19.9,0.418,0.0,0.1,0.0,8.3,19.8,0.42,5.8,6.9,0.8390000000000001,4.8,10.7,15.6,3.0,1.2,1.2,3.8,6.0,22.4,101.0,102.0,1999,Kevin Willis-1999,0.0,Not Selected,Center,TOR,0.031724137931034485
1998-99,David Wingate,wingada01,SG,35,NYK,20,0,92,4.2,9.6,0.43799999999999994,0.0,0.0,0.0,4.2,9.6,0.43799999999999994,0.0,0.0,0.0,1.8,3.0,4.8,3.0,2.4,0.0,3.6,6.0,8.4,77.0,100.0,1999,David Wingate-1999,0.0,Not Selected,Guard,NYK,0.037241379310344824
1998-99,Trevor Winter,wintetr01,C,25,MIN,1,0,5,0.0,0.0,0.0,0.0,0.0,0.0,0.0,0.0,0.0,0.0,0.0,0.0,10.5,21.1,31.6,0.0,0.0,0.0,0.0,52.7,0.0,205.0,92.0,1999,Trevor Winter-1999,0.0,Not Selected,Center,MIN,0.034482758620689655
1998-99,Joe Wolf,wolfjo01,PF,34,CHH,3,0,12,0.0,4.5,0.0,0.0,0.0,0.0,0.0,4.5,0.0,0.0,8.9,0.0,0.0,4.5,4.5,0.0,0.0,0.0,0.0,26.8,0.0,0.0,108.0,1999,Joe Wolf-1999,0.0,Not Selected,Forward,CHO,0.03586206896551724
1998-99,Haywoode Workman,workmha01,PG,33,MIL,29,29,815,4.9,11.5,0.429,1.2,3.2,0.36200000000000004,3.8,8.3,0.455,2.5,3.2,0.787,0.9,6.0,6.9,11.6,2.2,0.1,4.3,3.6,13.5,104.0,104.0,1999,Haywoode Workman-1999,0.0,Not Selected,Guard,MIL,0.038620689655172416
1998-99,Lorenzen Wright,wrighlo02,C,23,LAC,48,15,1135,5.6,12.3,0.45799999999999996,0.0,0.0,0.0,5.6,12.2,0.45899999999999996,3.8,5.5,0.6920000000000001,6.7,10.4,17.1,1.6,1.2,1.7,2.3,7.7,15.1,110.0,107.0,1999,Lorenzen Wright-1999,0.0,Not Selected,Center,LAC,0.012413793103448275
1998-99,Korleone Young,youngko01,SF,20,DET,3,0,15,18.5,37.1,0.5,3.7,14.8,0.25,14.8,22.2,0.667,7.4,7.4,1.0,7.4,7.4,14.8,3.7,0.0,0.0,3.7,11.1,48.2,118.0,105.0,1999,Korleone Young-1999,0.0,Not Selected,Forward,DET,0.04
1999-00,Tariq Abdul-Wahad,abdulta01,SG,25,TOT,61,56,1578,8.6,20.3,0.424,0.1,0.7,0.13,8.5,19.6,0.435,4.6,6.1,0.7559999999999999,3.2,6.0,9.2,3.1,1.9,0.9,3.3,4.6,21.9,98.0,103.0,2000,Tariq Abdul-Wahad-2000,0.0,Not Selected,Guard,TOT,0.03333333333333334
1999-00,Shareef Abdur-Rahim,abdursh01,SF,23,VAN,82,82,3223,9.7,20.9,0.465,0.5,1.6,0.302,9.3,19.3,0.478,7.3,9.0,0.809,3.6,9.9,13.5,4.4,1.5,1.4,4.1,4.0,27.2,108.0,106.0,2000,Shareef Abdur-Rahim-2000,0.0,Not Selected,Forward,MEM,0.018502943650126155
1999-00,Cory Alexander,alexaco01,PG,26,DEN,29,2,329,4.3,15.1,0.28600000000000003,1.4,5.4,0.257,2.9,9.7,0.302,2.6,3.4,0.773,1.2,5.2,6.5,8.9,3.7,0.3,4.3,6.0,12.6,84.0,103.0,2000,Cory Alexander-2000,0.0,Not Selected,Guard,DEN,0.02943650126156434
1999-00,Ray Allen,allenra02,SG,24,MIL,82,82,3070,10.8,23.8,0.455,2.9,6.9,0.423,7.9,16.9,0.46799999999999997,6.0,6.7,0.887,1.4,4.7,6.1,5.2,1.9,0.3,3.1,3.2,30.5,115.0,110.0,2000,Ray Allen-2000,0.0,Not Selected,Guard,MIL,0.03532380151387721
1999-00,Rafer Alston,alstora01,PG,23,MIL,27,0,361,3.9,13.6,0.284,0.4,2.0,0.214,3.4,11.6,0.29600000000000004,0.4,0.6,0.75,0.7,2.6,3.3,10.0,1.7,0.0,4.2,4.2,8.6,76.0,112.0,2000,Rafer Alston-2000,0.0,Not Selected,Guard,MIL,0.03532380151387721
1999-00,John Amaechi,amaecjo01,C,29,ORL,80,53,1684,9.0,20.5,0.43700000000000006,0.0,0.2,0.16699999999999998,8.9,20.3,0.439,6.5,8.5,0.7659999999999999,1.8,6.0,7.8,2.8,1.0,1.1,4.1,4.7,24.5,98.0,104.0,2000,John Amaechi-2000,0.0,Not Selected,Center,ORL,0.034482758620689655
1999-00,Derek Anderson,anderde01,SG,25,LAC,64,58,2201,8.8,20.0,0.43799999999999994,1.3,4.1,0.309,7.5,15.8,0.47200000000000003,6.3,7.2,0.877,1.9,4.1,6.0,5.1,2.1,0.3,3.9,3.5,25.1,105.0,111.0,2000,Derek Anderson-2000,0.0,Not Selected,Guard,LAC,0.012615643397813289
1999-00,Kenny Anderson,anderke01,PG,29,BOS,82,82,2593,8.5,19.3,0.44,1.7,4.3,0.386,6.8,15.0,0.456,3.8,5.0,0.775,1.1,3.3,4.4,8.2,2.7,0.2,2.5,4.5,22.5,112.0,107.0,2000,Kenny Anderson-2000,0.0,Not Selected,Guard,BOS,0.02943650126156434
1999-00,Nick Anderson,anderni01,SG,32,SAC,72,72,2094,7.1,18.1,0.391,3.0,9.2,0.332,4.0,8.9,0.452,0.9,1.8,0.48700000000000004,1.9,5.9,7.8,2.8,2.2,0.4,2.2,2.7,18.0,97.0,103.0,2000,Nick Anderson-2000,0.0,Not Selected,Guard,SAC,0.03700588730025231
1999-00,Shandon Anderson,andersh01,SF,26,HOU,82,82,2700,6.9,14.7,0.473,1.5,4.2,0.35100000000000003,5.5,10.4,0.523,3.7,4.8,0.767,1.7,5.5,7.2,4.5,1.8,0.6,3.7,3.4,19.0,106.0,107.0,2000,Shandon Anderson-2000,0.0,Not Selected,Forward,HOU,0.028595458368376788
1999-00,Chris Anstey,anstech01,C,25,CHI,73,11,1007,8.6,19.4,0.442,0.1,0.3,0.16699999999999998,8.5,19.1,0.447,6.2,7.8,0.789,4.8,10.1,14.9,3.5,1.5,1.3,4.3,9.6,23.4,100.0,102.0,2000,Chris Anstey-2000,0.0,Not Selected,Center,CHI,0.014297729184188394
1999-00,Greg Anthony,anthogr01,PG,32,POR,82,3,1548,5.8,14.4,0.406,3.0,8.0,0.37799999999999995,2.8,6.3,0.44299999999999995,3.0,3.9,0.772,0.6,4.0,4.6,7.2,2.0,0.3,2.9,4.9,17.7,110.0,103.0,2000,Greg Anthony-2000,0.0,Not Selected,Guard,POR,0.0496215306980656
1999-00,B.J. Armstrong,armstbj01,PG,32,CHI,27,18,583,7.6,17.1,0.446,1.2,2.7,0.44799999999999995,6.4,14.5,0.446,2.0,2.3,0.88,0.2,4.1,4.3,7.2,0.6,0.1,3.7,3.1,18.5,98.0,110.0,2000,B.J. Armstrong-2000,0.0,Not Selected,Guard,CHI,0.014297729184188394
1999-00,Darrell Armstrong,armstda01,PG,31,ORL,82,82,2590,9.2,21.3,0.433,2.6,7.7,0.34,6.6,13.6,0.485,4.3,4.7,0.9109999999999999,1.2,3.9,5.1,9.5,3.2,0.2,4.7,2.6,25.3,107.0,102.0,2000,Darrell Armstrong-2000,0.0,Not Selected,Guard,ORL,0.034482758620689655
1999-00,Chucky Atkins,atkinch01,PG,25,ORL,82,0,1626,9.5,22.5,0.424,1.7,4.9,0.35,7.8,17.5,0.445,2.9,4.0,0.7290000000000001,0.6,3.2,3.8,9.3,1.6,0.1,4.3,4.2,23.7,100.0,106.0,2000,Chucky Atkins-2000,0.0,Not Selected,Guard,ORL,0.034482758620689655
1999-00,Stacey Augmon,augmost01,SG,31,POR,59,0,692,6.4,13.5,0.474,0.0,0.2,0.0,6.4,13.4,0.48,2.9,4.2,0.6729999999999999,3.2,5.7,9.0,4.1,2.1,0.8,2.9,5.3,15.7,103.0,101.0,2000,Stacey Augmon-2000,0.0,Not Selected,Guard,POR,0.0496215306980656
1999-00,Isaac Austin,austiis01,C,30,WAS,59,23,1173,6.7,15.5,0.429,0.0,0.2,0.25,6.6,15.4,0.431,4.1,6.0,0.6859999999999999,2.8,9.6,12.4,3.3,0.8,1.7,4.7,5.6,17.5,89.0,106.0,2000,Isaac Austin-2000,0.0,Not Selected,Center,WAS,0.024390243902439025
1999-00,Anthony Avent,aventan01,PF,30,LAC,49,3,377,3.9,13.0,0.302,0.0,0.0,0.0,3.9,13.0,0.302,3.1,4.3,0.7190000000000001,3.1,6.9,10.0,1.5,2.2,2.0,3.3,8.4,11.0,76.0,107.0,2000,Anthony Avent-2000,0.0,Not Selected,Forward,LAC,0.012615643397813289
1999-00,William Avery,averywi01,PG,20,MIN,59,1,484,6.1,19.6,0.309,1.9,6.8,0.28600000000000003,4.1,12.8,0.322,2.6,3.9,0.667,0.9,3.5,4.3,9.5,1.5,0.2,4.5,6.5,16.6,84.0,107.0,2000,William Avery-2000,0.0,Not Selected,Guard,MIN,0.04205214465937763
1999-00,Toby Bailey,baileto01,SG,24,PHO,46,2,449,6.6,15.9,0.414,0.2,1.1,0.2,6.4,14.8,0.431,5.1,7.4,0.6920000000000001,3.0,5.2,8.2,3.4,1.5,0.5,2.7,6.3,18.5,100.0,102.0,2000,Toby Bailey-2000,0.0,Not Selected,Guard,PHO,0.044575273338940284
1999-00,Vin Baker,bakervi01,C,28,SEA,79,75,2849,9.3,20.4,0.455,0.0,0.1,0.25,9.2,20.2,0.457,5.1,7.4,0.682,4.1,6.8,10.9,2.7,0.8,1.2,3.8,5.2,23.7,99.0,106.0,2000,Vin Baker-2000,0.0,Not Selected,Center,OKC,0.03784693019343986
1999-00,Charles Barkley,barklch01,PF,36,HOU,20,18,620,8.7,18.2,0.47700000000000004,0.5,2.1,0.231,8.2,16.1,0.51,5.8,9.0,0.645,5.8,11.3,17.2,5.2,1.2,0.3,3.6,3.9,23.8,110.0,104.0,2000,Charles Barkley-2000,0.0,Not Selected,Forward,HOU,0.028595458368376788
1999-00,Dana Barros,barroda01,PG,32,BOS,72,0,1139,8.7,19.4,0.451,2.6,6.4,0.41,6.1,13.0,0.47100000000000003,2.9,3.4,0.868,0.6,3.8,4.4,5.9,1.4,0.2,2.9,3.6,23.0,110.0,109.0,2000,Dana Barros-2000,0.0,Not Selected,Guard,BOS,0.02943650126156434
1999-00,Brent Barry,barrybr01,SG,28,SEA,80,74,2726,6.2,13.3,0.46299999999999997,3.1,7.5,0.41100000000000003,3.1,5.8,0.529,2.4,3.0,0.809,0.9,6.1,7.0,5.5,1.9,0.6,2.7,4.3,17.8,115.0,105.0,2000,Brent Barry-2000,0.0,Not Selected,Guard,OKC,0.03784693019343986
1999-00,Drew Barry,barrydr01,PG,26,TOT,16,0,159,4.8,10.6,0.455,2.3,5.8,0.389,2.6,4.8,0.5329999999999999,1.3,1.6,0.8,0.0,3.9,3.9,10.6,0.6,0.0,4.2,7.4,13.2,106.0,113.0,2000,Drew Barry-2000,0.0,Not Selected,Guard,TOT,0.03333333333333334
1999-00,Jon Barry,barryjo01,SG,30,SAC,62,1,1281,6.1,13.1,0.465,2.5,5.8,0.429,3.6,7.2,0.495,4.0,4.4,0.922,1.4,4.6,6.0,5.7,2.8,0.3,3.2,3.9,18.7,116.0,102.0,2000,Jon Barry-2000,0.0,Not Selected,Guard,SAC,0.03700588730025231
1999-00,Tony Battie,battito01,C,23,BOS,82,4,1505,7.4,15.5,0.47700000000000004,0.0,0.3,0.125,7.4,15.2,0.483,3.4,5.1,0.675,5.1,8.7,13.8,2.1,1.6,2.4,2.3,8.4,18.2,108.0,103.0,2000,Tony Battie-2000,0.0,Not Selected,Center,BOS,0.02943650126156434
1999-00,Jonathan Bender,bendejo01,SF,19,IND,24,1,130,9.1,27.8,0.32899999999999996,0.8,4.8,0.16699999999999998,8.3,23.0,0.36200000000000004,6.3,9.5,0.667,1.6,6.7,8.3,1.2,0.4,2.0,2.8,7.1,25.4,82.0,105.0,2000,Jonathan Bender-2000,0.0,Not Selected,Forward,IND,0.04709840201850295
1999-00,Benoit Benjamin,benjabe01,C,35,CLE,3,0,8,6.3,18.8,0.33299999999999996,0.0,0.0,0.0,6.3,18.8,0.33299999999999996,0.0,0.0,0.0,0.0,6.3,6.3,0.0,0.0,6.3,0.0,6.3,12.5,73.0,103.0,2000,Benoit Benjamin-2000,0.0,Not Selected,Center,CLE,0.02691337258200168
1999-00,Corey Benjamin,benjaco01,SG,21,CHI,48,10,862,9.0,21.8,0.414,1.9,5.5,0.348,7.1,16.2,0.43700000000000006,3.1,5.1,0.598,1.3,4.2,5.5,3.4,1.9,1.4,4.6,7.6,23.0,88.0,105.0,2000,Corey Benjamin-2000,0.0,Not Selected,Guard,CHI,0.014297729184188394
1999-00,Mario Bennett,bennema01,PF,26,LAC,1,0,3,0.0,51.1,0.0,0.0,0.0,0.0,0.0,51.1,0.0,0.0,0.0,0.0,17.0,17.0,34.1,0.0,0.0,0.0,0.0,17.0,0.0,23.0,106.0,2000,Mario Bennett-2000,0.0,Not Selected,Forward,LAC,0.012615643397813289
1999-00,Travis Best,besttr01,PG,27,IND,82,0,1691,8.3,17.1,0.483,1.1,2.8,0.376,7.2,14.3,0.504,4.8,5.8,0.821,0.5,3.8,4.3,8.3,2.3,0.2,3.3,6.2,22.4,112.0,105.0,2000,Travis Best-2000,0.0,Not Selected,Guard,IND,0.04709840201850295
1999-00,Mike Bibby,bibbymi01,PG,21,VAN,82,82,3155,7.7,17.2,0.445,1.3,3.5,0.363,6.4,13.7,0.466,3.3,4.2,0.78,1.2,3.9,5.1,11.1,2.2,0.3,4.1,2.9,19.9,107.0,110.0,2000,Mike Bibby-2000,0.0,Not Selected,Guard,MEM,0.018502943650126155
1999-00,Chauncey Billups,billuch01,SG,23,DEN,13,5,305,5.6,16.8,0.337,1.2,6.8,0.171,4.5,10.0,0.45,6.1,7.3,0.841,1.3,4.3,5.6,6.5,1.7,0.3,4.0,4.5,18.6,95.0,108.0,2000,Chauncey Billups-2000,0.0,Not Selected,Guard,DEN,0.02943650126156434
1999-00,Mookie Blaylock,blaylmo01,PG,32,GSW,73,72,2459,6.7,17.1,0.391,2.1,6.2,0.336,4.6,11.0,0.42200000000000004,1.4,1.9,0.705,1.1,4.4,5.5,10.0,3.0,0.5,2.9,2.5,16.8,103.0,108.0,2000,Mookie Blaylock-2000,0.0,Not Selected,Guard,GSW,0.0159798149705635
1999-00,Corie Blount,blounco01,PF,31,PHO,38,1,446,5.0,10.2,0.494,0.0,0.2,0.0,5.0,10.0,0.506,2.2,3.8,0.5760000000000001,6.0,7.0,12.9,1.1,1.7,0.8,3.2,8.9,12.2,99.0,99.0,2000,Corie Blount-2000,0.0,Not Selected,Forward,PHO,0.044575273338940284
1999-00,Muggsy Bogues,boguemu01,PG,35,TOR,80,5,1731,4.7,10.7,0.439,0.5,1.5,0.33299999999999996,4.2,9.2,0.456,2.4,2.6,0.9079999999999999,0.7,3.3,4.0,9.0,1.9,0.1,1.8,3.6,12.3,116.0,108.0,2000,Muggsy Bogues-2000,0.0,Not Selected,Guard,TOR,0.03784693019343986
1999-00,Etdrick Bohannon,bohanet01,PF,26,TOT,13,0,118,3.0,5.6,0.5379999999999999,0.0,0.0,0.0,3.0,5.6,0.5379999999999999,6.5,10.4,0.625,5.6,7.8,13.5,2.2,0.9,2.6,4.3,10.8,12.6,104.0,108.0,2000,Etdrick Bohannon-2000,0.0,Not Selected,Forward,TOT,0.03333333333333334
1999-00,Calvin Booth,boothca01,C,23,WAS,11,0,143,5.8,16.7,0.348,0.0,0.0,0.0,5.8,16.7,0.348,3.6,5.1,0.7140000000000001,5.4,6.2,11.6,2.5,1.1,5.1,2.2,8.3,15.2,94.0,104.0,2000,Calvin Booth-2000,0.0,Not Selected,Center,WAS,0.024390243902439025
1999-00,Lazaro Borrell,borrela01,SF,27,SEA,17,6,167,8.6,19.4,0.444,0.0,0.9,0.0,8.6,18.5,0.467,1.8,3.4,0.545,4.3,8.0,12.3,3.1,1.8,0.9,1.8,2.8,19.1,100.0,103.0,2000,Lazaro Borrell-2000,0.0,Not Selected,Forward,OKC,0.03784693019343986
1999-00,Cal Bowdler,bowdlca01,SF,22,ATL,46,0,423,6.1,14.2,0.426,0.0,0.1,0.0,6.1,14.1,0.43,3.0,4.7,0.632,2.7,7.8,10.5,1.7,1.7,1.1,2.6,5.7,15.1,94.0,106.0,2000,Cal Bowdler-2000,0.0,Not Selected,Forward,ATL,0.023549201009251473
1999-00,Bruce Bowen,bowenbr01,SF,28,TOT,69,2,878,4.3,11.7,0.371,1.6,3.5,0.466,2.7,8.2,0.331,1.5,2.6,0.581,1.6,4.2,5.8,2.0,1.4,0.9,1.1,7.1,11.8,99.0,104.0,2000,Bruce Bowen-2000,0.0,Not Selected,Forward,TOT,0.03333333333333334
1999-00,Ryan Bowen,bowenry01,SF,24,DEN,52,0,589,4.0,10.1,0.39299999999999996,0.1,0.8,0.111,3.9,9.3,0.41700000000000004,3.3,4.6,0.7170000000000001,6.5,3.4,9.8,1.7,3.4,1.1,1.2,8.2,11.3,113.0,104.0,2000,Ryan Bowen-2000,0.0,Not Selected,Forward,DEN,0.02943650126156434
1999-00,Ira Bowman,bowmair01,SG,26,PHI,11,0,20,5.2,5.2,1.0,0.0,0.0,0.0,5.2,5.2,1.0,2.6,5.2,0.5,0.0,5.2,5.2,2.6,2.6,0.0,2.6,0.0,12.9,120.0,101.0,2000,Ira Bowman-2000,0.0,Not Selected,Guard,PHI,0.04121110176619008
1999-00,Earl Boykins,boykiea01,PG,23,TOT,26,0,261,10.8,22.3,0.483,1.5,3.8,0.4,9.2,18.4,0.5,3.5,4.4,0.7829999999999999,2.3,2.7,5.0,9.2,2.3,0.2,3.3,4.4,26.5,112.0,106.0,2000,Earl Boykins-2000,0.0,Not Selected,Guard,TOT,0.03333333333333334
1999-00,Shawn Bradley,bradlsh01,C,27,DAL,77,54,1901,7.1,14.8,0.479,0.0,0.1,0.2,7.0,14.6,0.48200000000000004,3.0,4.0,0.765,4.3,9.0,13.2,1.6,1.9,5.1,2.0,6.9,17.2,108.0,101.0,2000,Shawn Bradley-2000,0.0,Not Selected,Center,DAL,0.0336417157275021
1999-00,A.J. Bramlett,bramlaj01,C,23,CLE,8,0,61,3.3,17.3,0.19,0.0,0.0,0.0,3.3,17.3,0.19,0.0,0.0,0.0,9.9,8.2,18.1,0.0,0.8,0.0,2.5,10.7,6.6,64.0,106.0,2000,A.J. Bramlett-2000,0.0,Not Selected,Center,CLE,0.02691337258200168
1999-00,Elton Brand,brandel01,PF,20,CHI,81,80,2999,11.3,23.4,0.48200000000000004,0.0,0.0,0.0,11.3,23.3,0.483,6.6,9.6,0.685,6.2,8.3,14.5,2.8,1.2,2.4,4.1,4.6,29.1,104.0,103.0,2000,Elton Brand-2000,0.0,Not Selected,Forward,CHI,0.014297729184188394
1999-00,Terrell Brandon,brandte01,PG,29,MIN,71,71,2587,9.8,21.1,0.466,1.1,2.7,0.402,8.8,18.4,0.47600000000000003,3.8,4.2,0.899,0.9,3.9,4.8,12.7,2.7,0.6,3.7,3.2,24.5,111.0,104.0,2000,Terrell Brandon-2000,0.0,Not Selected,Guard,MIN,0.04205214465937763
1999-00,Chucky Brown,brownch01,PF,31,TOT,63,29,1096,7.0,15.6,0.451,0.1,0.5,0.2,6.9,15.1,0.45899999999999996,1.7,2.5,0.6920000000000001,1.7,6.3,7.9,3.1,1.0,0.9,2.1,5.4,15.9,96.0,103.0,2000,Chucky Brown-2000,0.0,Not Selected,Forward,TOT,0.03333333333333334
1999-00,Dee Brown,brownde01,PG,31,TOR,38,12,673,7.2,19.9,0.36,5.2,14.4,0.358,2.0,5.5,0.366,0.8,1.2,0.688,0.7,3.5,4.2,6.6,1.9,0.4,3.0,4.8,20.4,101.0,108.0,2000,Dee Brown-2000,0.0,Not Selected,Guard,TOR,0.03784693019343986
1999-00,Marcus Brown,brownma01,SG,25,DET,6,0,45,4.5,15.6,0.28600000000000003,0.0,7.8,0.0,4.5,7.8,0.5710000000000001,2.2,2.2,1.0,3.3,4.5,7.8,3.3,0.0,0.0,3.3,8.9,11.2,76.0,111.0,2000,Marcus Brown-2000,0.0,Not Selected,Guard,DET,0.03532380151387721
1999-00,P.J. Brown,brownpj01,PF,30,MIA,80,80,2302,7.5,15.6,0.48,0.0,0.0,0.0,7.5,15.6,0.48100000000000004,2.8,3.7,0.755,5.0,8.9,14.0,3.4,1.5,1.4,2.3,6.1,17.8,109.0,100.0,2000,P.J. Brown-2000,0.0,Not Selected,Forward,MIA,0.04373423044575273
1999-00,Randy Brown,brownra02,PG,31,CHI,59,55,1625,5.2,14.4,0.361,0.1,0.2,0.5,5.1,14.2,0.359,2.0,2.8,0.738,0.8,4.0,4.8,6.7,2.0,0.5,3.5,4.0,12.5,84.0,106.0,2000,Randy Brown-2000,0.0,Not Selected,Guard,CHI,0.014297729184188394
1999-00,Rick Brunson,brunsri01,PG,27,NYK,37,0,289,5.4,13.0,0.414,0.4,2.4,0.154,5.0,10.6,0.474,2.0,3.4,0.611,0.6,4.5,5.0,9.1,1.7,0.2,5.8,6.5,13.2,83.0,103.0,2000,Rick Brunson-2000,0.0,Not Selected,Guard,NYK,0.04205214465937763
1999-00,Kobe Bryant,bryanko01,SG,21,LAL,66,62,2524,11.3,24.1,0.46799999999999997,0.9,2.9,0.319,10.3,21.2,0.489,6.7,8.2,0.821,2.2,6.3,8.5,6.6,2.2,1.3,3.7,4.5,30.3,110.0,98.0,2000,Kobe Bryant-2000,2.0,2nd,Guard,LAL,0.056349873843566024
1999-00,Mark Bryant,bryanma01,PF,34,CLE,75,50,1712,5.1,10.1,0.503,0.0,0.0,0.0,5.1,10.1,0.503,2.2,2.8,0.809,3.7,6.6,10.3,1.8,0.9,0.9,2.5,7.3,12.4,103.0,106.0,2000,Mark Bryant-2000,0.0,Not Selected,Forward,CLE,0.02691337258200168
1999-00,Greg Buckner,buckngr01,SG,23,DAL,48,1,923,6.1,12.8,0.47600000000000003,0.5,1.4,0.385,5.5,11.3,0.488,2.4,3.5,0.6829999999999999,3.1,6.5,9.5,3.0,2.1,1.1,2.0,8.1,15.1,108.0,106.0,2000,Greg Buckner-2000,0.0,Not Selected,Guard,DAL,0.0336417157275021
1999-00,Jud Buechler,buechju01,SF,31,DET,58,5,657,4.2,11.9,0.353,1.4,6.3,0.217,2.8,5.6,0.507,0.2,0.5,0.28600000000000003,2.3,4.7,7.0,2.5,1.9,1.2,1.0,3.8,9.9,95.0,106.0,2000,Jud Buechler-2000,0.0,Not Selected,Forward,DET,0.03532380151387721
1999-00,Rodney Buford,buforro01,SG,22,MIA,34,0,386,8.6,20.9,0.41100000000000003,1.0,4.0,0.24100000000000002,7.6,16.9,0.451,2.2,3.1,0.727,1.4,5.3,6.7,2.9,1.4,1.1,1.2,6.1,20.4,99.0,103.0,2000,Rodney Buford-2000,0.0,Not Selected,Guard,MIA,0.04373423044575273
1999-00,Matt Bullard,bullama01,PF,32,HOU,56,27,1024,6.9,16.9,0.409,3.9,8.8,0.446,3.0,8.1,0.368,1.2,1.5,0.833,0.6,6.2,6.9,3.1,0.9,0.6,1.8,4.2,19.0,109.0,108.0,2000,Matt Bullard-2000,0.0,Not Selected,Forward,HOU,0.028595458368376788
1999-00,Scott Burrell,burresc01,SF,29,NJN,74,9,1336,6.4,16.3,0.39399999999999996,3.2,9.0,0.353,3.2,7.3,0.444,1.5,1.9,0.78,2.5,7.4,9.9,2.8,2.6,1.7,1.5,6.7,17.5,109.0,103.0,2000,Scott Burrell-2000,0.0,Not Selected,Forward,BRK,0.02607232968881413
1999-00,Jason Caffey,caffeja01,PF,26,GSW,71,56,2159,7.5,15.7,0.479,0.0,0.0,0.0,7.5,15.7,0.48,4.8,8.0,0.597,4.4,6.8,11.2,2.8,1.4,0.5,4.0,6.3,19.9,98.0,109.0,2000,Jason Caffey-2000,0.0,Not Selected,Forward,GSW,0.0159798149705635
1999-00,Michael Cage,cagemi01,C,38,NJN,20,7,242,2.6,5.1,0.5,0.0,0.0,0.0,2.6,5.1,0.5,0.6,0.6,1.0,7.1,10.3,17.4,1.9,1.7,1.7,0.9,6.4,5.8,134.0,103.0,2000,Michael Cage-2000,0.0,Not Selected,Center,BRK,0.02607232968881413
1999-00,Marcus Camby,cambyma01,C,25,NYK,59,11,1548,7.9,16.4,0.48,0.0,0.1,0.5,7.8,16.3,0.48,5.1,7.7,0.67,6.1,10.0,16.0,1.7,1.5,4.0,2.5,7.1,20.9,109.0,96.0,2000,Marcus Camby-2000,0.0,Not Selected,Center,NYK,0.04205214465937763
1999-00,Elden Campbell,campbel01,C,31,CHH,78,77,2538,7.5,16.7,0.446,0.0,0.1,0.0,7.5,16.6,0.45,5.0,7.2,0.69,3.4,8.5,11.9,2.6,1.1,3.0,2.6,5.4,19.9,101.0,100.0,2000,Elden Campbell-2000,0.0,Not Selected,Center,CHO,0.04121110176619008
1999-00,Antoine Carr,carran01,SF,38,VAN,21,0,221,6.7,15.3,0.43799999999999994,0.0,0.0,0.0,6.7,15.3,0.43799999999999994,2.6,3.3,0.7859999999999999,1.9,5.7,7.6,1.7,0.7,1.4,2.1,10.0,16.0,97.0,110.0,2000,Antoine Carr-2000,0.0,Not Selected,Forward,MEM,0.018502943650126155
1999-00,Chris Carr,carrch01,SF-SG,25,TOT,57,2,1166,9.0,22.7,0.395,1.5,4.6,0.317,7.5,18.1,0.415,4.9,5.7,0.856,1.9,6.0,7.9,3.8,1.4,0.7,5.4,5.2,24.3,89.0,106.0,2000,Chris Carr-2000,0.0,Not Selected,Forward,TOT,0.03333333333333334
1999-00,Anthony Carter,cartean01,PG,24,MIA,79,30,1859,5.8,14.7,0.395,0.1,0.7,0.13,5.7,14.0,0.40700000000000003,2.7,3.6,0.75,1.4,4.3,5.7,10.9,2.7,0.1,5.0,4.8,14.3,91.0,102.0,2000,Anthony Carter-2000,0.0,Not Selected,Guard,MIA,0.04373423044575273
1999-00,Vince Carter,cartevi01,SF,23,TOR,82,82,3126,13.1,28.2,0.465,1.6,3.9,0.40299999999999997,11.5,24.2,0.475,7.2,9.2,0.7909999999999999,2.5,5.4,7.9,5.3,1.8,1.5,3.0,4.4,35.0,112.0,105.0,2000,Vince Carter-2000,3.0,3rd,Forward,TOR,0.03784693019343986
1999-00,Sam Cassell,cassesa01,PG,30,MIL,81,81,2899,9.7,20.9,0.466,0.5,1.6,0.289,9.3,19.3,0.48100000000000004,7.0,7.9,0.8759999999999999,1.2,4.1,5.4,13.0,1.8,0.1,4.8,4.6,26.9,113.0,110.0,2000,Sam Cassell-2000,0.0,Not Selected,Guard,MIL,0.03532380151387721
1999-00,Kelvin Cato,catoke01,C,25,HOU,65,32,1581,7.0,13.0,0.537,0.0,0.1,0.0,7.0,12.8,0.5429999999999999,4.4,6.7,0.649,3.3,9.3,12.5,0.8,1.1,4.0,2.3,5.6,18.3,111.0,102.0,2000,Kelvin Cato-2000,0.0,Not Selected,Center,HOU,0.028595458368376788
1999-00,Duane Causwell,causwdu01,C,31,MIA,25,2,185,5.8,10.7,0.541,0.0,0.0,0.0,5.8,10.7,0.541,7.5,11.0,0.684,3.2,10.4,13.6,0.6,0.6,4.6,2.9,12.2,19.1,113.0,97.0,2000,Duane Causwell-2000,0.0,Not Selected,Center,MIA,0.04373423044575273
1999-00,Cedric Ceballos,cebalce01,SF,30,DAL,69,25,2064,11.0,24.5,0.446,1.1,3.3,0.32799999999999996,9.9,21.3,0.46399999999999997,5.1,6.1,0.843,4.2,7.1,11.3,2.2,1.4,0.6,3.1,4.0,28.1,104.0,107.0,2000,Cedric Ceballos-2000,0.0,Not Selected,Forward,DAL,0.0336417157275021
1999-00,John Celestand,celesjo01,PG,22,LAL,16,0,185,4.2,12.5,0.33299999999999996,0.6,2.5,0.222,3.6,10.0,0.361,1.4,1.7,0.833,0.3,2.8,3.1,5.6,1.9,0.0,4.4,6.1,10.3,74.0,102.0,2000,John Celestand-2000,0.0,Not Selected,Guard,LAL,0.056349873843566024
1999-00,Rex Chapman,chapmre01,SG,32,PHO,53,19,957,6.6,17.1,0.38799999999999996,2.2,6.6,0.33299999999999996,4.4,10.5,0.42100000000000004,3.1,4.2,0.7559999999999999,0.5,3.7,4.3,3.3,1.2,0.1,2.0,3.7,18.6,100.0,104.0,2000,Rex Chapman-2000,0.0,Not Selected,Guard,PHO,0.044575273338940284
1999-00,Calbert Cheaney,cheanca01,SG,28,BOS,67,19,1309,4.7,10.6,0.44,0.7,2.1,0.33299999999999996,4.0,8.5,0.466,0.3,0.8,0.429,0.9,4.5,5.3,3.1,1.7,0.5,1.8,6.1,10.4,96.0,107.0,2000,Calbert Cheaney-2000,0.0,Not Selected,Guard,BOS,0.02943650126156434
1999-00,Pete Chilcutt,chilcpe01,PF,31,TOT,56,2,601,4.6,11.0,0.41700000000000004,0.5,2.2,0.231,4.1,8.7,0.465,0.7,0.7,1.0,4.0,7.3,11.3,2.3,1.3,0.9,1.7,6.3,10.4,101.0,107.0,2000,Pete Chilcutt-2000,0.0,Not Selected,Forward,TOT,0.03333333333333334
1999-00,Chris Childs,childch01,PG,32,NYK,71,2,1675,4.7,11.5,0.409,1.2,3.3,0.35600000000000004,3.5,8.1,0.431,1.5,1.9,0.797,0.5,4.2,4.7,9.2,1.2,0.1,3.4,7.7,12.1,98.0,104.0,2000,Chris Childs-2000,0.0,Not Selected,Guard,NYK,0.04205214465937763
1999-00,Doug Christie,chrisdo01,SG,29,TOR,73,73,2264,7.1,17.5,0.40700000000000003,2.3,6.3,0.36,4.9,11.2,0.434,4.2,5.0,0.843,1.4,5.1,6.5,7.4,2.3,1.0,3.3,3.8,20.7,107.0,105.0,2000,Doug Christie-2000,0.0,Not Selected,Guard,TOR,0.03784693019343986
1999-00,Keon Clark,clarkke01,C,24,DEN,81,20,1850,7.8,14.5,0.542,0.0,0.2,0.125,7.8,14.2,0.5479999999999999,3.3,4.8,0.688,4.4,9.4,13.8,1.9,1.2,3.1,3.4,6.3,19.0,106.0,103.0,2000,Keon Clark-2000,0.0,Not Selected,Center,DEN,0.02943650126156434
1999-00,Keith Closs,closske01,C,23,LAC,57,6,820,6.0,12.3,0.48700000000000004,0.0,0.2,0.0,6.0,12.1,0.495,2.9,4.9,0.59,4.1,7.1,11.2,1.6,0.8,4.5,2.1,5.0,14.8,104.0,108.0,2000,Keith Closs-2000,0.0,Not Selected,Center,LAC,0.012615643397813289
1999-00,Derrick Coleman,colemde01,PF,32,CHH,74,64,2347,9.7,21.3,0.456,1.1,3.1,0.36200000000000004,8.6,18.2,0.47100000000000003,6.4,8.2,0.785,2.7,11.1,13.8,3.8,0.7,2.8,3.8,4.2,27.0,103.0,99.0,2000,Derrick Coleman-2000,0.0,Not Selected,Forward,CHO,0.04121110176619008
1999-00,Bimbo Coles,colesbi01,PG,31,ATL,80,54,1924,7.5,16.5,0.455,0.2,1.1,0.205,7.3,15.4,0.47200000000000003,2.3,2.8,0.8170000000000001,0.8,3.9,4.7,7.9,1.6,0.3,2.8,4.8,17.5,104.0,110.0,2000,Bimbo Coles-2000,0.0,Not Selected,Guard,ATL,0.023549201009251473
1999-00,Marty Conlon,conloma01,C,32,LAC,3,0,9,5.7,11.4,0.5,0.0,0.0,0.0,5.7,11.4,0.5,0.0,0.0,0.0,5.7,5.7,11.4,0.0,0.0,0.0,0.0,5.7,11.4,121.0,115.0,2000,Marty Conlon-2000,0.0,Not Selected,Center,LAC,0.012615643397813289
1999-00,Tyrone Corbin,corbity01,SF,37,SAC,54,5,941,4.5,12.7,0.35600000000000004,0.5,2.3,0.22699999999999998,4.0,10.4,0.384,1.7,2.0,0.846,2.1,6.4,8.5,3.1,1.8,0.3,1.5,5.1,11.3,94.0,103.0,2000,Tyrone Corbin-2000,0.0,Not Selected,Forward,SAC,0.03700588730025231
1999-00,Chris Crawford,crawfch01,PF,24,ATL,55,11,668,7.1,17.9,0.397,0.5,2.1,0.259,6.6,15.8,0.41600000000000004,4.9,6.3,0.778,4.0,3.8,7.8,2.6,1.3,1.3,2.9,6.5,19.7,101.0,110.0,2000,Chris Crawford-2000,0.0,Not Selected,Forward,ATL,0.023549201009251473
1999-00,Austin Croshere,croshau01,PF,24,IND,81,14,1885,7.9,17.9,0.441,1.7,4.8,0.36200000000000004,6.2,13.1,0.47,5.4,6.3,0.848,3.7,10.4,14.1,2.4,1.2,1.6,3.3,5.6,22.8,107.0,101.0,2000,Austin Croshere-2000,0.0,Not Selected,Forward,IND,0.04709840201850295
1999-00,John Crotty,crottjo01,PG,30,DET,69,0,937,5.7,13.4,0.42200000000000004,1.8,4.3,0.413,3.9,9.2,0.42700000000000005,4.3,5.0,0.86,0.9,3.1,4.0,6.9,1.4,0.3,2.9,5.6,17.4,111.0,109.0,2000,John Crotty-2000,0.0,Not Selected,Guard,DET,0.03532380151387721
1999-00,Terry Cummings,cummite01,PF,38,GSW,22,0,398,9.6,22.4,0.429,0.0,0.0,0.0,9.6,22.4,0.429,4.0,4.9,0.821,5.7,7.8,13.5,2.7,1.6,1.0,3.4,9.4,23.3,99.0,107.0,2000,Terry Cummings-2000,0.0,Not Selected,Forward,GSW,0.0159798149705635
1999-00,Vonteego Cummings,cummivo01,PG,23,GSW,75,11,1793,7.4,18.4,0.405,1.4,4.2,0.325,6.1,14.1,0.429,3.6,4.7,0.7509999999999999,1.6,3.6,5.2,6.9,2.6,0.4,3.7,4.9,19.8,99.0,109.0,2000,Vonteego Cummings-2000,0.0,Not Selected,Guard,GSW,0.0159798149705635
1999-00,Bill Curley,curlebi01,SF-PF,27,TOT,28,0,309,4.7,11.1,0.426,0.0,0.2,0.0,4.7,10.9,0.433,2.9,4.1,0.72,2.9,5.2,8.2,2.3,2.1,0.7,3.4,10.0,12.4,90.0,108.0,2000,Bill Curley-2000,0.0,Not Selected,Forward,TOT,0.03333333333333334
1999-00,Dell Curry,curryde01,SG,35,TOR,67,9,1095,9.2,21.5,0.42700000000000005,4.5,11.5,0.39299999999999996,4.7,10.1,0.467,1.1,1.5,0.75,0.5,4.2,4.7,4.2,1.5,0.4,1.9,3.1,24.0,109.0,108.0,2000,Dell Curry-2000,0.0,Not Selected,Guard,TOR,0.03784693019343986
1999-00,Michael Curry,currymi01,SG,31,DET,82,3,1611,5.7,11.8,0.48,0.0,0.2,0.2,5.6,11.6,0.484,4.4,5.2,0.8390000000000001,0.7,2.6,3.2,2.7,1.0,0.2,2.3,6.5,15.8,107.0,110.0,2000,Michael Curry-2000,0.0,Not Selected,Guard,DET,0.03532380151387721
1999-00,Erick Dampier,dampier01,C,24,GSW,21,12,495,7.1,17.6,0.405,0.0,0.0,0.0,7.1,17.6,0.405,2.7,5.2,0.529,4.9,8.7,13.6,1.9,0.8,1.5,2.9,7.6,17.0,90.0,108.0,2000,Erick Dampier-2000,0.0,Not Selected,Center,GSW,0.0159798149705635
1999-00,Antonio Daniels,daniean01,SG,24,SAS,68,1,1195,7.2,15.2,0.474,1.0,2.9,0.33299999999999996,6.2,12.3,0.507,3.2,4.5,0.713,0.7,3.1,3.8,7.8,2.4,0.2,2.6,3.2,18.6,110.0,101.0,2000,Antonio Daniels-2000,0.0,Not Selected,Guard,SAS,0.044575273338940284
1999-00,Kornél Dávid,davidko01,SF,28,TOT,32,5,474,7.6,17.7,0.42700000000000005,0.0,0.3,0.0,7.6,17.4,0.435,5.1,6.3,0.804,2.9,6.2,9.1,1.9,1.9,0.3,3.7,6.3,20.2,94.0,105.0,2000,Kornél Dávid-2000,0.0,Not Selected,Forward,TOT,0.03333333333333334
1999-00,Antonio Davis,davisan01,C,31,TOR,79,78,2479,6.6,14.9,0.44,0.0,0.0,0.0,6.6,14.9,0.44,5.9,7.8,0.765,4.9,9.7,14.6,2.2,0.8,2.1,2.5,5.6,19.1,109.0,104.0,2000,Antonio Davis-2000,0.0,Not Selected,Center,TOR,0.03784693019343986
1999-00,Baron Davis,davisba01,PG,20,CHH,82,0,1523,6.1,14.5,0.42,0.8,3.7,0.225,5.3,10.8,0.488,3.3,5.1,0.634,1.6,3.9,5.5,10.4,3.3,0.6,4.7,6.7,16.3,95.0,101.0,2000,Baron Davis-2000,0.0,Not Selected,Guard,CHO,0.04121110176619008
1999-00,Ben Davis,davisbe01,PF,27,PHO,5,0,22,4.6,13.9,0.33299999999999996,0.0,0.0,0.0,4.6,13.9,0.33299999999999996,0.0,0.0,0.0,7.0,13.9,20.9,4.6,2.3,2.3,7.0,4.6,9.3,70.0,92.0,2000,Ben Davis-2000,0.0,Not Selected,Forward,PHO,0.044575273338940284
1999-00,Dale Davis,davisda01,C,30,IND,74,72,2127,7.3,14.6,0.502,0.0,0.0,0.0,7.3,14.6,0.502,3.4,4.9,0.685,6.2,11.5,17.7,1.6,1.3,2.3,2.2,4.9,18.0,112.0,100.0,2000,Dale Davis-2000,0.0,Not Selected,Center,IND,0.04709840201850295
1999-00,Emanual Davis,davisem01,PG,31,SEA,54,2,701,5.9,16.1,0.364,2.3,7.6,0.301,3.6,8.6,0.419,1.9,2.8,0.684,1.1,6.2,7.3,5.1,2.8,0.4,3.2,5.3,15.9,92.0,103.0,2000,Emanual Davis-2000,0.0,Not Selected,Guard,OKC,0.03784693019343986
1999-00,Hubert Davis,davishu01,PG,29,DAL,79,15,1817,6.0,12.9,0.46799999999999997,2.3,4.6,0.491,3.8,8.3,0.455,1.9,2.1,0.87,0.5,3.3,3.7,3.9,0.7,0.1,1.9,3.0,16.2,112.0,112.0,2000,Hubert Davis-2000,0.0,Not Selected,Guard,DAL,0.0336417157275021
1999-00,Mark Davis,davisma02,SF,26,GSW,23,7,464,6.1,14.9,0.409,0.0,0.2,0.0,6.1,14.6,0.415,3.4,5.1,0.66,3.4,5.7,9.1,4.1,2.7,0.4,4.3,5.6,15.5,88.0,107.0,2000,Mark Davis-2000,0.0,Not Selected,Forward,GSW,0.0159798149705635
1999-00,Ricky Davis,davisri01,SG,20,CHH,48,4,570,8.4,16.8,0.503,0.0,0.4,0.0,8.4,16.4,0.514,3.5,4.6,0.765,2.6,4.8,7.4,5.6,2.7,0.7,4.1,3.5,20.4,100.0,102.0,2000,Ricky Davis-2000,0.0,Not Selected,Guard,CHO,0.04121110176619008
1999-00,Todd Day,dayto01,SG,30,PHO,58,1,941,7.1,17.9,0.39399999999999996,3.5,9.0,0.38799999999999996,3.6,9.0,0.4,3.9,5.9,0.667,1.7,5.3,7.0,3.5,2.4,1.2,2.7,6.9,21.5,104.0,99.0,2000,Todd Day-2000,0.0,Not Selected,Guard,PHO,0.044575273338940284
1999-00,Andrew DeClercq,declean01,C,26,CLE,82,31,1831,6.2,12.1,0.508,0.0,0.0,0.0,6.2,12.1,0.508,2.6,4.4,0.588,4.3,7.8,12.0,1.6,1.7,1.8,3.0,7.5,14.9,100.0,102.0,2000,Andrew DeClercq-2000,0.0,Not Selected,Center,CLE,0.02691337258200168
1999-00,Vinny Del Negro,delnevi01,PG,33,MIL,67,0,1211,6.5,13.9,0.47100000000000003,0.3,1.0,0.33299999999999996,6.2,12.9,0.48200000000000004,1.5,1.7,0.897,0.4,4.2,4.6,6.8,1.5,0.0,2.1,3.5,14.9,108.0,111.0,2000,Vinny Del Negro-2000,0.0,Not Selected,Guard,MIL,0.03532380151387721
1999-00,Tony Delk,delkto01,PG,26,SAC,46,1,682,8.5,19.8,0.43,0.6,2.8,0.225,7.9,16.9,0.46399999999999997,3.3,4.2,0.797,2.6,3.7,6.2,3.9,2.5,0.4,2.3,4.1,21.0,102.0,104.0,2000,Tony Delk-2000,0.0,Not Selected,Guard,SAC,0.03700588730025231
1999-00,Derrick Dial,dialde01,SG,24,SAS,8,0,95,9.5,25.6,0.37,1.7,6.7,0.25,7.8,18.9,0.41200000000000003,1.7,2.8,0.6,7.8,6.7,14.5,2.8,0.6,0.6,3.3,5.6,22.3,92.0,102.0,2000,Derrick Dial-2000,0.0,Not Selected,Guard,SAS,0.044575273338940284
1999-00,Michael Dickerson,dickemi01,SG,24,VAN,82,82,3103,9.4,21.6,0.436,2.0,4.9,0.409,7.4,16.6,0.444,4.6,5.5,0.83,1.3,3.4,4.7,3.5,2.0,0.8,2.8,3.8,25.4,107.0,110.0,2000,Michael Dickerson-2000,0.0,Not Selected,Guard,MEM,0.018502943650126155
1999-00,Vlade Divac,divacvl01,C,31,SAC,82,81,2374,7.8,15.6,0.503,0.1,0.5,0.26899999999999996,7.7,15.0,0.511,4.7,6.8,0.691,3.5,9.8,13.4,5.0,2.1,2.1,3.9,5.1,20.5,106.0,98.0,2000,Vlade Divac-2000,0.0,Not Selected,Center,SAC,0.03700588730025231
1999-00,Michael Doleac,doleami01,C,22,ORL,81,29,1335,8.9,19.8,0.452,0.0,0.1,0.5,8.9,19.7,0.452,3.0,3.5,0.8420000000000001,3.3,9.1,12.3,2.3,1.1,1.3,2.4,8.3,20.9,103.0,101.0,2000,Michael Doleac-2000,0.0,Not Selected,Center,ORL,0.034482758620689655
1999-00,Sherman Douglas,douglsh01,PG,33,NJN,20,2,309,7.6,15.1,0.5,0.8,2.7,0.313,6.7,12.4,0.541,4.2,4.7,0.893,2.2,2.7,4.9,5.7,2.9,0.0,4.0,4.4,20.2,109.0,108.0,2000,Sherman Douglas-2000,0.0,Not Selected,Guard,BRK,0.02607232968881413
1999-00,Bryce Drew,drewbr01,PG,25,HOU,72,5,1293,6.2,16.3,0.38299999999999995,2.3,6.4,0.36200000000000004,3.9,9.9,0.396,1.8,2.1,0.8490000000000001,0.9,3.2,4.1,6.4,1.6,0.0,2.6,3.1,16.6,102.0,109.0,2000,Bryce Drew-2000,0.0,Not Selected,Guard,HOU,0.028595458368376788
1999-00,Chris Dudley,dudlech02,C,34,NYK,47,3,459,2.7,7.9,0.34299999999999997,0.0,0.0,0.0,2.7,7.9,0.34299999999999997,1.1,3.2,0.33299999999999996,7.4,8.6,15.9,0.6,0.8,2.5,2.1,11.1,6.4,89.0,99.0,2000,Chris Dudley-2000,0.0,Not Selected,Center,NYK,0.04205214465937763
1999-00,Tim Duncan,duncati01,PF,23,SAS,74,74,2875,11.6,23.6,0.49,0.0,0.2,0.091,11.5,23.4,0.494,8.4,11.1,0.7609999999999999,4.8,12.1,16.9,4.3,1.2,3.0,4.5,3.9,31.6,109.0,95.0,2000,Tim Duncan-2000,1.0,1st,Forward,SAS,0.044575273338940284
1999-00,Howard Eisley,eisleho01,PG,27,UTA,82,5,2096,7.2,17.2,0.418,1.5,4.2,0.368,5.7,13.1,0.434,2.1,2.6,0.8240000000000001,0.6,3.8,4.3,8.9,1.5,0.2,3.4,5.7,18.1,101.0,106.0,2000,Howard Eisley-2000,0.0,Not Selected,Guard,UTA,0.04625735912531539
1999-00,Obinna Ekezie,ekeziob01,PF,24,VAN,39,0,351,6.2,13.2,0.466,0.0,0.0,0.0,6.2,13.2,0.466,6.5,9.6,0.672,5.1,8.7,13.8,1.2,1.4,0.6,3.9,9.2,18.8,102.0,107.0,2000,Obinna Ekezie-2000,0.0,Not Selected,Forward,MEM,0.018502943650126155
1999-00,Mario Elie,eliema01,SF,36,SAS,79,79,2217,4.7,10.9,0.42700000000000005,1.8,4.4,0.39799999999999996,2.9,6.5,0.446,3.0,3.6,0.846,1.1,4.8,5.9,4.6,1.7,0.2,3.1,3.7,14.1,104.0,101.0,2000,Mario Elie-2000,0.0,Not Selected,Forward,SAS,0.044575273338940284
1999-00,Sean Elliott,elliose01,SF,31,SAS,19,19,391,5.1,14.3,0.358,1.8,5.0,0.35100000000000003,3.4,9.3,0.36200000000000004,3.4,4.3,0.7809999999999999,0.8,5.5,6.4,3.8,1.6,0.3,2.6,4.6,15.4,95.0,101.0,2000,Sean Elliott-2000,0.0,Not Selected,Forward,SAS,0.044575273338940284
1999-00,Dale Ellis,ellisda01,SG,39,TOT,42,5,564,6.0,14.5,0.415,3.4,9.1,0.37,2.6,5.4,0.49200000000000005,0.8,1.2,0.6920000000000001,1.2,3.9,5.1,1.3,1.2,0.0,1.8,4.1,16.2,103.0,109.0,2000,Dale Ellis-2000,0.0,Not Selected,Guard,TOT,0.03333333333333334
1999-00,LaPhonso Ellis,ellisla01,PF,29,ATL,58,8,1309,8.4,18.5,0.45,0.1,0.8,0.14300000000000002,8.2,17.7,0.465,2.6,3.8,0.695,3.9,7.7,11.6,2.4,1.3,1.0,2.1,5.3,19.5,103.0,108.0,2000,LaPhonso Ellis-2000,0.0,Not Selected,Forward,ATL,0.023549201009251473
1999-00,Pervis Ellison,ellispe01,C,32,BOS,30,5,269,3.6,8.1,0.442,0.0,0.0,0.0,3.6,8.1,0.442,2.8,4.0,0.7140000000000001,5.5,7.2,12.6,2.5,1.9,1.5,2.5,12.6,10.0,107.0,104.0,2000,Pervis Ellison-2000,0.0,Not Selected,Center,BOS,0.02943650126156434
1999-00,Evan Eschmeyer,eschmev01,C,24,NJN,31,5,373,5.3,10.0,0.528,0.0,0.0,0.0,5.3,10.0,0.528,2.1,4.2,0.5,5.6,9.5,15.0,2.9,1.1,2.9,2.9,11.7,12.7,105.0,103.0,2000,Evan Eschmeyer-2000,0.0,Not Selected,Center,BRK,0.02607232968881413
1999-00,Patrick Ewing,ewingpa01,C,37,NYK,62,62,2035,9.5,20.5,0.466,0.0,0.1,0.0,9.5,20.4,0.467,5.5,7.5,0.731,3.7,12.3,16.0,1.5,1.0,2.2,3.8,5.2,24.6,99.0,97.0,2000,Patrick Ewing-2000,0.0,Not Selected,Center,NYK,0.04205214465937763
1999-00,Tony Farmer,farmeto01,PF,30,GSW,74,9,1199,5.3,13.1,0.40700000000000003,0.3,1.8,0.182,5.0,11.2,0.444,8.5,11.1,0.7659999999999999,5.0,7.4,12.4,3.1,2.8,0.7,3.4,7.0,19.5,109.0,106.0,2000,Tony Farmer-2000,0.0,Not Selected,Forward,GSW,0.0159798149705635
1999-00,Jamie Feick,feickja01,C,25,NJN,81,17,2241,4.2,9.8,0.428,0.1,0.1,1.0,4.1,9.7,0.424,2.2,3.1,0.7070000000000001,6.1,11.4,17.5,1.6,1.0,0.9,1.4,4.8,10.6,111.0,104.0,2000,Jamie Feick-2000,0.0,Not Selected,Center,BRK,0.02607232968881413
1999-00,Danny Ferry,ferryda01,PF,33,CLE,63,3,1326,7.1,14.4,0.49700000000000005,1.2,2.8,0.44,5.9,11.5,0.511,2.0,2.2,0.912,2.1,6.9,9.0,2.5,0.8,0.9,2.1,6.8,17.5,110.0,106.0,2000,Danny Ferry-2000,0.0,Not Selected,Forward,CLE,0.02691337258200168
1999-00,Michael Finley,finlemi01,SF,26,DAL,82,82,3464,10.9,23.9,0.457,1.4,3.6,0.401,9.5,20.3,0.467,3.8,4.6,0.82,1.8,5.8,7.6,6.4,1.6,0.5,2.9,2.5,27.1,108.0,108.0,2000,Michael Finley-2000,0.0,Not Selected,Forward,DAL,0.0336417157275021
1999-00,Derek Fisher,fishede01,PG,25,LAL,78,22,1803,4.8,13.8,0.34600000000000003,1.5,4.7,0.313,3.3,9.0,0.363,3.0,4.1,0.7240000000000001,0.6,3.5,4.1,6.2,2.3,0.1,2.1,4.3,14.0,99.0,101.0,2000,Derek Fisher-2000,0.0,Not Selected,Guard,LAL,0.056349873843566024
1999-00,Danny Fortson,fortsda01,PF,23,BOS,55,5,856,8.3,15.7,0.528,0.0,0.0,0.0,8.3,15.7,0.528,8.2,11.2,0.735,8.4,13.3,21.7,1.7,1.2,0.3,4.0,10.7,24.8,117.0,103.0,2000,Danny Fortson-2000,0.0,Not Selected,Forward,BOS,0.02943650126156434
1999-00,Greg Foster,fostegr01,PF,31,SEA,60,5,718,6.5,16.0,0.406,0.2,1.1,0.2,6.3,15.0,0.42100000000000004,1.3,2.0,0.643,1.1,6.5,7.7,2.9,0.7,1.3,2.0,7.5,14.5,89.0,106.0,2000,Greg Foster-2000,0.0,Not Selected,Forward,OKC,0.03784693019343986
1999-00,Jeff Foster,fosteje01,C,23,IND,19,0,86,7.8,13.8,0.565,0.0,0.6,0.0,7.8,13.2,0.591,10.2,15.0,0.68,7.2,12.0,19.2,3.0,3.0,0.6,1.2,10.8,25.8,138.0,97.0,2000,Jeff Foster-2000,0.0,Not Selected,Center,IND,0.04709840201850295
1999-00,Rick Fox,foxri01,SF,30,LAL,82,1,1473,7.2,17.4,0.414,2.1,6.3,0.326,5.1,11.1,0.46399999999999997,2.2,2.7,0.8079999999999999,2.2,4.7,6.9,4.8,1.8,0.9,3.0,7.1,18.6,101.0,100.0,2000,Rick Fox-2000,0.0,Not Selected,Forward,LAL,0.056349873843566024
1999-00,Adonal Foyle,foylead01,C,24,GSW,76,59,1654,5.9,11.6,0.508,0.0,0.0,0.0,5.9,11.6,0.508,1.0,2.7,0.37799999999999995,5.3,7.6,12.9,1.3,0.8,4.1,2.2,6.6,12.8,101.0,107.0,2000,Adonal Foyle-2000,0.0,Not Selected,Center,GSW,0.0159798149705635
1999-00,Steve Francis,francst01,PG,22,HOU,77,77,2776,9.1,20.5,0.445,2.0,5.7,0.345,7.2,14.8,0.483,5.3,6.7,0.7859999999999999,2.8,4.7,7.5,9.3,2.2,0.5,5.6,4.2,25.5,105.0,107.0,2000,Steve Francis-2000,0.0,Not Selected,Guard,HOU,0.028595458368376788
1999-00,Todd Fuller,fulleto02,C,25,CHH,41,2,399,6.5,15.6,0.418,0.0,0.0,0.0,6.5,15.6,0.418,4.1,6.8,0.604,4.6,9.5,14.1,0.6,1.2,1.0,3.5,5.9,17.2,89.0,101.0,2000,Todd Fuller-2000,0.0,Not Selected,Center,CHO,0.04121110176619008
1999-00,Lawrence Funderburke,fundela01,PF,29,SAC,75,1,1026,8.7,16.6,0.523,0.0,0.1,0.0,8.7,16.5,0.526,5.4,7.7,0.706,4.6,6.4,11.0,1.6,1.5,0.9,1.9,4.3,22.8,117.0,103.0,2000,Lawrence Funderburke-2000,0.0,Not Selected,Forward,SAC,0.03700588730025231
1999-00,Kevin Garnett,garneke01,PF,23,MIN,81,81,3243,12.2,24.6,0.49700000000000005,0.5,1.3,0.37,11.8,23.3,0.504,5.0,6.5,0.765,3.6,11.8,15.4,6.5,1.9,2.0,4.3,3.3,29.9,107.0,99.0,2000,Kevin Garnett-2000,1.0,1st,Forward,MIN,0.04205214465937763
1999-00,Dean Garrett,garrede01,C,33,MIN,56,23,604,4.2,9.4,0.444,0.0,0.0,0.0,4.2,9.4,0.444,1.6,2.3,0.6920000000000001,3.6,8.6,12.1,1.6,0.7,3.5,1.8,8.1,9.9,100.0,102.0,2000,Dean Garrett-2000,0.0,Not Selected,Center,MIN,0.04205214465937763
1999-00,Kiwane Lemorris Garris,garriki01,SG,25,ORL,3,0,23,4.3,21.4,0.2,0.0,2.1,0.0,4.3,19.3,0.222,0.0,0.0,0.0,0.0,2.1,2.1,4.3,0.0,0.0,2.1,0.0,8.6,52.0,110.0,2000,Kiwane Lemorris Garris-2000,0.0,Not Selected,Guard,ORL,0.034482758620689655
1999-00,Pat Garrity,garripa01,SF,23,ORL,82,1,1479,8.6,19.5,0.441,2.6,6.6,0.401,6.0,12.9,0.461,2.7,3.7,0.721,1.5,5.5,7.0,1.9,1.0,0.6,2.8,6.6,22.5,104.0,105.0,2000,Pat Garrity-2000,0.0,Not Selected,Forward,ORL,0.034482758620689655
1999-00,Chris Gatling,gatlich01,PF,32,TOT,85,0,1811,10.1,22.1,0.455,0.5,1.9,0.257,9.6,20.2,0.474,7.3,10.3,0.713,4.2,9.6,13.8,2.0,2.3,0.6,4.7,6.8,27.9,100.0,101.0,2000,Chris Gatling-2000,0.0,Not Selected,Forward,TOT,0.03333333333333334
1999-00,Matt Geiger,geigema01,C,30,PHI,65,20,1406,9.6,21.7,0.441,0.0,0.1,0.0,9.6,21.5,0.444,4.0,5.2,0.779,5.7,8.6,14.3,1.4,1.1,0.8,3.4,7.1,23.2,99.0,101.0,2000,Matt Geiger-2000,0.0,Not Selected,Center,PHI,0.04121110176619008
1999-00,Devean George,georgde01,SF,22,LAL,49,1,345,8.3,21.5,0.389,2.4,7.0,0.34,6.0,14.5,0.41200000000000003,4.0,6.1,0.659,4.3,6.9,11.2,1.8,1.5,0.6,3.1,8.0,23.1,98.0,99.0,2000,Devean George-2000,0.0,Not Selected,Forward,LAL,0.056349873843566024
1999-00,Kendall Gill,gillke01,SF,31,NJN,76,75,2355,8.7,21.1,0.414,0.4,1.7,0.256,8.3,19.3,0.428,4.0,5.6,0.71,1.8,4.4,6.2,4.6,3.1,0.9,2.0,4.6,21.9,101.0,105.0,2000,Kendall Gill-2000,0.0,Not Selected,Forward,BRK,0.02607232968881413
1999-00,Armen Gilliam,gilliar01,PF,35,UTA,50,0,782,9.1,20.9,0.436,0.0,0.1,0.0,9.1,20.8,0.43799999999999994,4.6,5.9,0.779,4.9,9.4,14.3,2.9,0.8,1.1,3.8,5.7,22.8,98.0,103.0,2000,Armen Gilliam-2000,0.0,Not Selected,Forward,UTA,0.04625735912531539
1999-00,Dion Glover,glovedi01,SG,21,ATL,30,1,446,7.7,20.1,0.386,1.4,5.3,0.267,6.3,14.8,0.429,6.0,8.2,0.7290000000000001,1.8,2.7,4.5,3.2,1.8,0.5,3.3,3.3,22.9,99.0,111.0,2000,Dion Glover-2000,0.0,Not Selected,Guard,ATL,0.023549201009251473
1999-00,Brian Grant,grantbr01,PF,27,POR,63,14,1322,7.0,14.2,0.491,0.0,0.1,0.5,6.9,14.1,0.491,4.5,6.7,0.675,4.9,9.0,13.9,2.6,1.3,1.1,3.4,6.7,18.5,106.0,100.0,2000,Brian Grant-2000,0.0,Not Selected,Forward,POR,0.0496215306980656
1999-00,Gary Grant,grantga01,PG,34,POR,3,0,24,13.4,31.2,0.429,0.0,0.0,0.0,13.4,31.2,0.429,0.0,0.0,0.0,0.0,6.7,6.7,2.2,2.2,0.0,4.5,6.7,26.7,79.0,101.0,2000,Gary Grant-2000,0.0,Not Selected,Guard,POR,0.0496215306980656
1999-00,Horace Grant,grantho01,PF,34,SEA,76,76,2688,5.1,11.5,0.444,0.0,0.1,0.0,5.1,11.4,0.447,1.5,2.1,0.721,3.2,8.1,11.3,3.6,1.1,1.1,1.2,3.7,11.7,109.0,105.0,2000,Horace Grant-2000,0.0,Not Selected,Forward,OKC,0.03784693019343986
1999-00,Devin Gray,grayde01,SF,27,HOU,21,2,124,6.2,15.2,0.405,0.0,0.0,0.0,6.2,15.2,0.405,7.8,11.9,0.655,4.5,5.8,10.3,2.1,2.1,1.2,1.6,9.0,20.1,110.0,105.0,2000,Devin Gray-2000,0.0,Not Selected,Forward,HOU,0.028595458368376788
1999-00,A.C. Green,greenac01,PF,36,LAL,82,82,1929,4.6,10.3,0.447,0.0,0.1,0.25,4.6,10.2,0.449,1.8,2.5,0.695,4.3,8.7,13.0,2.1,1.4,0.5,1.4,3.4,11.0,108.0,99.0,2000,A.C. Green-2000,0.0,Not Selected,Forward,LAL,0.056349873843566024
1999-00,Adrian Griffin,griffad01,SG,25,BOS,72,47,1927,4.6,10.9,0.424,0.4,1.5,0.281,4.2,9.4,0.447,3.1,4.2,0.753,3.4,6.4,9.8,4.7,3.1,0.4,2.4,5.8,12.8,107.0,104.0,2000,Adrian Griffin-2000,0.0,Not Selected,Guard,BOS,0.02943650126156434
1999-00,Tom Gugliotta,guglito01,PF,30,PHO,54,54,1767,9.0,18.6,0.48100000000000004,0.0,0.2,0.125,8.9,18.4,0.485,3.4,4.4,0.775,4.1,8.2,12.3,3.6,2.3,0.9,3.1,4.4,21.3,104.0,97.0,2000,Tom Gugliotta-2000,0.0,Not Selected,Forward,PHO,0.044575273338940284
1999-00,Darvin Ham,hamda01,SF,26,MIL,35,21,792,4.6,8.4,0.555,0.0,0.1,0.0,4.6,8.3,0.5589999999999999,2.3,5.1,0.449,5.6,5.7,11.2,2.7,1.9,1.9,1.9,6.7,11.6,115.0,107.0,2000,Darvin Ham-2000,0.0,Not Selected,Forward,MIL,0.03532380151387721
1999-00,Richard Hamilton,hamilri01,SG,21,WAS,71,12,1373,9.6,22.8,0.42,1.1,2.9,0.364,8.5,19.9,0.428,3.9,5.0,0.774,1.4,3.4,4.9,4.1,1.1,0.2,3.2,5.4,24.1,98.0,111.0,2000,Richard Hamilton-2000,0.0,Not Selected,Guard,WAS,0.024390243902439025
1999-00,Thomas Hamilton,hamilth01,C,24,HOU,22,7,273,6.5,14.7,0.44299999999999995,0.0,0.0,0.0,6.5,14.7,0.44299999999999995,2.2,4.3,0.522,5.8,11.0,16.8,2.8,0.7,2.6,5.2,4.7,15.3,87.0,103.0,2000,Thomas Hamilton-2000,0.0,Not Selected,Center,HOU,0.028595458368376788
1999-00,Tom Hammonds,hammoto01,PF,32,MIN,56,0,372,5.9,13.6,0.433,0.0,0.0,0.0,5.9,13.6,0.433,4.6,7.9,0.589,4.8,9.4,14.2,1.4,1.1,0.4,3.0,7.7,16.5,97.0,103.0,2000,Tom Hammonds-2000,0.0,Not Selected,Forward,MIN,0.04205214465937763
1999-00,Anfernee Hardaway,hardaan01,SG,28,PHO,60,60,2253,8.6,18.1,0.474,0.7,2.3,0.324,7.8,15.8,0.496,5.1,6.5,0.79,2.1,5.8,7.9,7.1,2.1,0.9,3.5,3.7,23.0,110.0,100.0,2000,Anfernee Hardaway-2000,0.0,Not Selected,Guard,PHO,0.044575273338940284
1999-00,Tim Hardaway,hardati01,PG,33,MIA,52,52,1672,7.9,20.4,0.386,3.0,8.2,0.36700000000000005,4.9,12.2,0.39799999999999996,3.5,4.3,0.8270000000000001,0.8,4.0,4.8,12.3,1.6,0.1,3.8,3.6,22.3,106.0,105.0,2000,Tim Hardaway-2000,0.0,Not Selected,Guard,MIA,0.04373423044575273
1999-00,Ron Harper,harpero01,PG,36,LAL,80,78,2042,5.3,13.4,0.39899999999999997,0.8,2.7,0.311,4.5,10.7,0.42100000000000004,2.5,3.7,0.68,2.4,6.1,8.5,6.8,2.1,1.0,3.3,4.1,14.0,98.0,98.0,2000,Ron Harper-2000,0.0,Not Selected,Guard,LAL,0.056349873843566024
1999-00,Matt Harpring,harprma01,SF,23,ORL,4,0,63,3.1,13.3,0.235,1.6,1.6,1.0,1.6,11.7,0.133,4.7,5.5,0.857,3.9,5.5,9.4,6.3,3.9,0.8,0.8,5.5,12.5,110.0,98.0,2000,Matt Harpring-2000,0.0,Not Selected,Forward,ORL,0.034482758620689655
1999-00,Al Harrington,harrial01,PF,19,IND,50,0,854,7.3,15.9,0.45799999999999996,0.5,2.1,0.235,6.8,13.9,0.491,4.7,6.7,0.703,2.8,6.8,9.6,2.3,1.5,0.5,3.9,7.8,19.8,97.0,104.0,2000,Al Harrington-2000,0.0,Not Selected,Forward,IND,0.04709840201850295
1999-00,Othella Harrington,harriot01,PF,26,VAN,82,82,2677,8.3,16.4,0.506,0.0,0.0,0.0,8.3,16.3,0.507,4.7,5.9,0.792,3.9,7.2,11.1,1.9,0.7,1.1,4.3,5.7,21.2,102.0,109.0,2000,Othella Harrington-2000,0.0,Not Selected,Forward,MEM,0.018502943650126155
1999-00,Lucious Harris,harrilu01,SG,29,NJN,77,11,1510,6.8,15.9,0.428,1.3,4.0,0.33,5.5,12.0,0.46,2.7,3.4,0.7979999999999999,1.8,4.6,6.4,3.4,2.2,0.2,1.4,3.4,17.6,108.0,107.0,2000,Lucious Harris-2000,0.0,Not Selected,Guard,BRK,0.02607232968881413
1999-00,Antonio Harvey,harvean01,PF,29,POR,19,0,137,6.6,11.7,0.5670000000000001,0.0,0.0,0.0,6.6,11.7,0.5670000000000001,2.7,4.7,0.583,3.1,9.7,12.9,1.9,0.4,2.3,4.7,7.8,16.0,94.0,100.0,2000,Antonio Harvey-2000,0.0,Not Selected,Forward,POR,0.0496215306980656
1999-00,Hersey Hawkins,hawkihe01,SG,33,CHI,61,49,1622,5.3,12.4,0.424,1.8,4.7,0.39,3.4,7.7,0.444,3.5,3.9,0.899,1.0,4.8,5.8,4.4,2.4,0.5,3.3,4.8,15.9,103.0,105.0,2000,Hersey Hawkins-2000,0.0,Not Selected,Guard,CHI,0.014297729184188394
1999-00,Michael Hawkins,hawkimi01,PG,27,CHH,12,0,36,4.3,18.5,0.231,1.4,7.1,0.2,2.8,11.4,0.25,1.4,2.8,0.5,0.0,9.9,9.9,18.5,0.0,0.0,4.3,2.8,11.4,80.0,105.0,2000,Michael Hawkins-2000,0.0,Not Selected,Guard,CHO,0.04121110176619008
1999-00,Alan Henderson,hendeal01,PF,27,ATL,82,82,2775,8.1,17.5,0.461,0.0,0.2,0.1,8.1,17.3,0.465,4.2,6.3,0.6709999999999999,5.0,5.8,10.8,1.5,1.5,1.0,2.6,4.4,20.4,105.0,108.0,2000,Alan Henderson-2000,0.0,Not Selected,Forward,ATL,0.023549201009251473
1999-00,Cedric Henderson,hendece02,SF,24,CLE,61,7,1107,5.8,14.8,0.396,0.0,0.7,0.067,5.8,14.1,0.41200000000000003,3.1,4.7,0.6629999999999999,1.5,4.8,6.3,2.5,1.8,0.8,3.1,4.5,14.9,86.0,106.0,2000,Cedric Henderson-2000,0.0,Not Selected,Forward,CLE,0.02691337258200168
1999-00,Mark Hendrickson,hendrma01,PF,25,TOT,15,0,71,3.6,5.7,0.625,0.0,0.0,0.0,3.6,5.7,0.625,2.1,2.9,0.75,2.1,7.1,9.3,4.3,1.4,0.7,2.1,5.7,9.3,117.0,105.0,2000,Mark Hendrickson-2000,0.0,Not Selected,Forward,TOT,0.03333333333333334
1999-00,Chris Herren,herrech01,PG,24,DEN,45,1,597,3.8,10.5,0.363,2.0,5.7,0.358,1.8,4.8,0.368,2.3,3.4,0.675,1.0,3.4,4.4,9.4,1.3,0.2,3.6,6.3,12.0,101.0,110.0,2000,Chris Herren-2000,0.0,Not Selected,Guard,DEN,0.02943650126156434
1999-00,Grant Hill,hillgr01,SF,27,DET,74,74,2776,12.6,25.7,0.489,0.6,1.8,0.34700000000000003,12.0,23.9,0.5,8.7,10.9,0.795,1.8,7.1,8.9,7.0,1.9,0.8,4.3,3.4,34.5,111.0,105.0,2000,Grant Hill-2000,2.0,2nd,Forward,DET,0.03532380151387721
1999-00,Tyrone Hill,hillty01,PF,31,PHI,68,65,2155,7.6,15.8,0.485,0.0,0.0,0.0,7.6,15.7,0.485,4.3,6.2,0.691,5.3,9.7,15.0,1.2,1.5,0.6,3.0,5.8,19.6,105.0,99.0,2000,Tyrone Hill-2000,0.0,Not Selected,Forward,PHI,0.04121110176619008
1999-00,Fred Hoiberg,hoibefr01,SG,27,CHI,31,11,845,5.7,14.6,0.387,2.0,6.0,0.34,3.6,8.6,0.419,4.4,4.8,0.9079999999999999,0.4,6.5,7.0,5.4,2.5,0.1,2.7,4.2,17.7,106.0,104.0,2000,Fred Hoiberg-2000,0.0,Not Selected,Guard,CHI,0.014297729184188394
1999-00,Derek Hood,hoodde01,PF,23,CHH,2,0,4,0.0,38.3,0.0,0.0,0.0,0.0,0.0,38.3,0.0,0.0,0.0,0.0,0.0,12.8,12.8,0.0,0.0,0.0,0.0,0.0,0.0,0.0,103.0,2000,Derek Hood-2000,0.0,Not Selected,Forward,CHO,0.04121110176619008
1999-00,Jeff Hornacek,hornaje01,SG,36,UTA,77,77,2133,9.0,18.3,0.49200000000000005,1.7,3.5,0.478,7.3,14.8,0.495,4.3,4.5,0.95,1.2,3.3,4.6,5.1,1.7,0.4,2.8,3.7,23.9,114.0,106.0,2000,Jeff Hornacek-2000,0.0,Not Selected,Guard,UTA,0.04625735912531539
1999-00,Robert Horry,horryro01,PF,29,LAL,76,0,1685,4.9,11.1,0.43799999999999994,0.9,2.9,0.309,4.0,8.2,0.483,2.7,3.4,0.7879999999999999,4.1,7.0,11.0,3.6,2.6,2.4,2.2,5.8,13.3,111.0,95.0,2000,Robert Horry-2000,0.0,Not Selected,Forward,LAL,0.056349873843566024
1999-00,Allan Houston,houstal01,SG,28,NYK,82,82,3169,10.4,21.6,0.483,1.8,4.1,0.436,8.6,17.5,0.494,4.8,5.7,0.838,0.6,4.0,4.6,3.8,1.1,0.2,3.2,3.7,27.4,108.0,105.0,2000,Allan Houston-2000,0.0,Not Selected,Guard,NYK,0.04205214465937763
1999-00,Juwan Howard,howarju01,PF,26,WAS,82,82,2909,9.1,19.7,0.45899999999999996,0.0,0.1,0.0,9.1,19.6,0.462,3.6,4.9,0.735,2.3,6.0,8.4,4.4,1.2,0.4,4.0,5.3,21.7,97.0,109.0,2000,Juwan Howard-2000,0.0,Not Selected,Forward,WAS,0.024390243902439025
1999-00,Troy Hudson,hudsotr01,PG,23,LAC,62,38,1592,6.5,17.4,0.377,1.9,6.2,0.311,4.6,11.2,0.414,2.5,3.0,0.8109999999999999,0.9,3.9,4.8,7.8,1.4,0.0,3.5,2.1,17.5,96.0,113.0,2000,Troy Hudson-2000,0.0,Not Selected,Guard,LAC,0.012615643397813289
1999-00,Larry Hughes,hughela01,SG,21,TOT,82,37,2324,10.1,25.1,0.4,0.6,2.7,0.23199999999999998,9.4,22.4,0.42100000000000004,6.1,8.3,0.74,2.5,5.2,7.7,4.5,2.5,0.6,4.3,4.2,26.9,95.0,105.0,2000,Larry Hughes-2000,0.0,Not Selected,Guard,TOT,0.03333333333333334
1999-00,Rick Hughes,hugheri02,PF,26,DAL,21,0,224,7.9,16.3,0.486,0.0,0.2,0.0,7.9,16.0,0.493,2.7,5.9,0.462,5.4,5.6,11.1,2.0,0.7,0.2,3.2,6.8,18.5,98.0,110.0,2000,Rick Hughes-2000,0.0,Not Selected,Forward,DAL,0.0336417157275021
1999-00,Lindsey Hunter,hunteli01,PG,29,DET,82,82,2919,6.5,15.3,0.425,2.9,6.7,0.43200000000000005,3.6,8.6,0.419,2.0,2.6,0.76,0.6,3.7,4.3,5.6,2.2,0.4,2.5,3.7,17.9,108.0,107.0,2000,Lindsey Hunter-2000,0.0,Not Selected,Guard,DET,0.03532380151387721
1999-00,Allen Iverson,iversal01,SG,24,PHI,70,70,2853,13.2,31.5,0.42100000000000004,1.6,4.7,0.341,11.6,26.7,0.435,8.0,11.3,0.713,1.3,3.6,4.8,6.0,2.6,0.1,4.2,2.9,36.1,101.0,102.0,2000,Allen Iverson-2000,2.0,2nd,Guard,PHI,0.04121110176619008
1999-00,Bobby Jackson,jacksbo01,PG,26,MIN,73,10,1034,7.1,17.5,0.405,0.7,2.3,0.28300000000000003,6.4,15.2,0.423,3.8,5.0,0.7759999999999999,2.5,5.2,7.7,8.7,2.4,0.4,2.9,5.8,18.7,104.0,104.0,2000,Bobby Jackson-2000,0.0,Not Selected,Guard,MIN,0.04205214465937763
1999-00,Jaren Jackson,jacksja01,SG,32,SAS,81,12,1691,5.8,15.3,0.381,3.4,9.6,0.353,2.4,5.7,0.429,1.0,1.6,0.647,1.1,4.6,5.7,3.7,1.7,0.2,2.1,4.9,16.0,101.0,102.0,2000,Jaren Jackson-2000,0.0,Not Selected,Guard,SAS,0.044575273338940284
1999-00,Jermaine Jackson,jacksje01,SG,23,DET,7,0,73,0.7,7.6,0.091,0.0,0.7,0.0,0.7,6.9,0.1,3.4,5.5,0.625,0.7,6.9,7.6,2.7,2.1,0.0,4.8,4.8,4.8,47.0,105.0,2000,Jermaine Jackson-2000,0.0,Not Selected,Guard,DET,0.03532380151387721
1999-00,Jim Jackson,jacksji01,SF,29,ATL,79,76,2767,9.6,23.4,0.41100000000000003,2.2,5.7,0.386,7.4,17.6,0.418,3.5,4.0,0.877,1.9,5.5,7.4,4.3,1.1,0.2,3.5,3.2,24.9,101.0,110.0,2000,Jim Jackson-2000,0.0,Not Selected,Forward,ATL,0.023549201009251473
1999-00,Mark Jackson,jacksma01,PG,34,IND,81,81,2190,5.8,13.4,0.43200000000000005,2.1,5.2,0.40299999999999997,3.7,8.2,0.45,1.9,2.3,0.8059999999999999,1.5,5.5,7.0,15.3,1.8,0.2,4.1,2.6,15.5,113.0,105.0,2000,Mark Jackson-2000,0.0,Not Selected,Guard,IND,0.04709840201850295
1999-00,Randell Jackson,jacksra02,PF,24,DAL,1,0,1,0.0,0.0,0.0,0.0,0.0,0.0,0.0,0.0,0.0,0.0,0.0,0.0,0.0,0.0,0.0,0.0,0.0,0.0,0.0,0.0,0.0,0.0,117.0,2000,Randell Jackson-2000,0.0,Not Selected,Forward,DAL,0.0336417157275021
1999-00,Sam Jacobson,jacobsa01,PG,24,TOT,52,5,681,8.0,15.7,0.509,0.7,1.8,0.375,7.3,13.9,0.527,2.2,3.0,0.732,1.8,3.4,5.2,2.4,2.2,0.2,2.4,8.4,18.8,106.0,110.0,2000,Sam Jacobson-2000,0.0,Not Selected,Guard,TOT,0.03333333333333334
1999-00,Tim James,jamesti01,SF,23,MIA,4,0,23,11.6,32.6,0.35700000000000004,0.0,0.0,0.0,11.6,32.6,0.35700000000000004,2.3,7.0,0.33299999999999996,7.0,2.3,9.3,4.7,0.0,7.0,4.7,2.3,25.6,80.0,102.0,2000,Tim James-2000,0.0,Not Selected,Forward,MIA,0.04373423044575273
1999-00,Antawn Jamison,jamisan01,SF,23,GSW,43,41,1556,11.5,24.4,0.47100000000000003,0.1,0.2,0.28600000000000003,11.4,24.2,0.473,4.1,6.7,0.611,5.6,6.0,11.6,2.9,1.0,0.5,3.7,3.7,27.2,100.0,111.0,2000,Antawn Jamison-2000,0.0,Not Selected,Forward,GSW,0.0159798149705635
1999-00,Harold Jamison,jamisha01,PF,23,MIA,12,0,74,5.1,14.5,0.35,0.0,0.0,0.0,5.1,14.5,0.35,2.9,13.0,0.222,11.6,3.6,15.2,2.9,1.4,0.7,2.9,12.3,13.0,86.0,104.0,2000,Harold Jamison-2000,0.0,Not Selected,Forward,MIA,0.04373423044575273
1999-00,Anthony Johnson,johnsan02,PG,25,TOT,56,6,637,5.0,13.2,0.37799999999999995,0.2,0.9,0.182,4.8,12.3,0.392,2.3,3.1,0.718,1.7,2.4,4.1,5.8,2.7,0.3,2.6,4.7,12.4,94.0,107.0,2000,Anthony Johnson-2000,0.0,Not Selected,Guard,TOT,0.03333333333333334
1999-00,Avery Johnson,johnsav01,PG,34,SAS,82,82,2571,8.3,17.5,0.473,0.0,0.2,0.111,8.2,17.3,0.47700000000000004,2.3,3.2,0.735,0.7,2.6,3.3,10.1,1.6,0.4,2.9,3.1,18.9,106.0,103.0,2000,Avery Johnson-2000,0.0,Not Selected,Guard,SAS,0.044575273338940284
1999-00,DeMarco Johnson,johnsde02,PF,24,NYK,5,0,37,4.4,13.1,0.33299999999999996,0.0,0.0,0.0,4.4,13.1,0.33299999999999996,0.0,0.0,0.0,4.4,5.8,10.2,0.0,1.5,0.0,4.4,7.3,8.7,64.0,103.0,2000,DeMarco Johnson-2000,0.0,Not Selected,Forward,NYK,0.04205214465937763
1999-00,Ervin Johnson,johnser02,C,32,MIL,80,74,2129,3.5,6.8,0.516,0.0,0.0,0.0,3.5,6.8,0.518,2.3,3.8,0.605,5.7,10.1,15.8,1.1,2.0,3.1,1.9,7.2,9.3,113.0,103.0,2000,Ervin Johnson-2000,0.0,Not Selected,Center,MIL,0.03532380151387721
1999-00,Kevin Johnson,johnske02,PG,33,PHO,6,0,113,7.2,12.7,0.5710000000000001,0.5,0.5,1.0,6.8,12.2,0.556,3.2,3.2,1.0,0.0,7.2,7.2,10.8,0.9,0.0,3.2,2.7,18.1,123.0,102.0,2000,Kevin Johnson-2000,0.0,Not Selected,Guard,PHO,0.044575273338940284
1999-00,Larry Johnson,johnsla02,PF,30,NYK,70,68,2281,6.7,15.4,0.433,1.4,4.1,0.33299999999999996,5.3,11.3,0.469,3.0,3.9,0.7659999999999999,2.1,6.9,9.0,4.1,1.0,0.2,2.2,4.8,17.7,105.0,103.0,2000,Larry Johnson-2000,0.0,Not Selected,Forward,NYK,0.04205214465937763
1999-00,Charles Jones,jonesch03,PG,24,LAC,56,0,662,5.1,15.5,0.32799999999999996,3.0,9.1,0.331,2.1,6.4,0.325,1.3,1.8,0.7390000000000001,1.3,3.5,4.8,7.3,2.3,0.4,2.2,3.6,14.5,100.0,111.0,2000,Charles Jones-2000,0.0,Not Selected,Guard,LAC,0.012615643397813289
1999-00,Damon Jones,jonesda01,PG,23,TOT,55,1,612,6.6,17.2,0.385,3.4,9.4,0.36,3.2,7.8,0.415,2.6,4.0,0.667,1.0,3.5,4.5,7.9,1.5,0.1,3.3,2.8,19.2,103.0,111.0,2000,Damon Jones-2000,0.0,Not Selected,Guard,TOT,0.03333333333333334
1999-00,Eddie Jones,jonesed02,SG,28,CHH,72,72,2807,8.7,20.4,0.42700000000000005,2.3,6.2,0.375,6.4,14.2,0.45,6.6,7.6,0.8640000000000001,1.5,4.8,6.2,5.6,3.5,0.9,2.9,3.2,26.3,110.0,100.0,2000,Eddie Jones-2000,3.0,3rd,Guard,CHO,0.04121110176619008
1999-00,Jumaine Jones,jonesju01,SF,20,PHI,33,0,138,8.3,21.8,0.379,0.8,1.5,0.5,7.5,20.3,0.37,4.1,6.8,0.611,6.0,8.3,14.3,1.9,2.3,1.9,5.3,3.8,21.4,85.0,98.0,2000,Jumaine Jones-2000,0.0,Not Selected,Forward,PHI,0.04121110176619008
1999-00,Popeye Jones,jonespo01,PF,29,DEN,40,1,330,6.8,16.0,0.423,0.3,0.5,0.667,6.4,15.5,0.41600000000000004,2.1,2.9,0.737,6.3,9.5,15.8,2.9,0.5,0.9,2.0,7.7,16.0,105.0,106.0,2000,Popeye Jones-2000,0.0,Not Selected,Forward,DEN,0.02943650126156434
1999-00,Reggie Jordan,jordare01,PG,32,WAS,36,0,243,3.6,11.3,0.321,0.0,0.2,0.0,3.6,11.1,0.327,1.5,2.8,0.5379999999999999,3.4,5.3,8.7,6.8,2.6,0.4,4.0,6.2,8.7,80.0,106.0,2000,Reggie Jordan-2000,0.0,Not Selected,Guard,WAS,0.024390243902439025
1999-00,Adam Keefe,keefead01,C,29,UTA,62,3,604,4.7,11.5,0.408,0.0,0.1,0.0,4.7,11.4,0.41100000000000003,2.6,3.2,0.8059999999999999,4.0,8.1,12.1,3.0,1.5,1.2,4.1,8.0,12.0,89.0,102.0,2000,Adam Keefe-2000,0.0,Not Selected,Center,UTA,0.04625735912531539
1999-00,Shawn Kemp,kempsh01,C,30,CLE,82,82,2492,9.7,23.3,0.41700000000000004,0.0,0.1,0.33299999999999996,9.7,23.2,0.418,9.9,12.8,0.7759999999999999,4.6,9.9,14.6,2.8,2.0,1.9,5.9,7.5,29.4,96.0,100.0,2000,Shawn Kemp-2000,0.0,Not Selected,Center,CLE,0.02691337258200168
1999-00,Steve Kerr,kerrst01,PG,34,SAS,32,0,268,6.3,14.6,0.43200000000000005,3.2,6.1,0.516,3.2,8.5,0.37200000000000005,1.8,2.2,0.818,0.6,3.2,3.7,2.4,0.8,0.0,1.4,2.8,17.6,112.0,105.0,2000,Steve Kerr-2000,0.0,Not Selected,Guard,SAS,0.044575273338940284
1999-00,Jerome Kersey,kerseje01,SF,37,SAS,72,18,1310,5.9,14.3,0.41200000000000003,0.0,0.4,0.0,5.9,13.9,0.423,1.2,1.7,0.7070000000000001,2.3,6.7,9.1,2.8,2.7,1.9,2.1,6.5,13.0,91.0,96.0,2000,Jerome Kersey-2000,0.0,Not Selected,Forward,SAS,0.044575273338940284
1999-00,Lari Ketner,ketnela01,PF,22,TOT,22,0,132,5.0,12.4,0.406,0.0,0.0,0.0,5.0,12.4,0.406,3.1,4.7,0.667,4.7,8.5,13.2,0.4,1.6,1.2,3.9,7.8,13.2,85.0,103.0,2000,Lari Ketner-2000,0.0,Not Selected,Forward,TOT,0.03333333333333334
1999-00,Jason Kidd,kiddja01,PG,26,PHO,67,67,2616,6.8,16.7,0.409,1.1,3.2,0.337,5.7,13.4,0.42700000000000005,4.0,4.8,0.8290000000000001,1.9,7.6,9.4,13.2,2.6,0.5,4.4,2.9,18.7,106.0,98.0,2000,Jason Kidd-2000,1.0,1st,Guard,PHO,0.044575273338940284
1999-00,Gerard King,kingge02,SF,27,WAS,62,28,1060,6.8,13.5,0.502,0.0,0.0,0.0,6.8,13.5,0.502,2.4,3.2,0.742,4.1,8.1,12.2,2.4,1.7,0.7,2.0,6.4,16.0,110.0,106.0,2000,Gerard King-2000,0.0,Not Selected,Forward,WAS,0.024390243902439025
1999-00,Kerry Kittles,kittlke01,SG,25,NJN,62,61,1896,8.3,19.1,0.43700000000000006,2.6,6.6,0.4,5.7,12.5,0.456,2.8,3.5,0.795,1.3,4.9,6.2,3.9,2.2,0.5,1.5,3.3,22.1,112.0,107.0,2000,Kerry Kittles-2000,0.0,Not Selected,Guard,BRK,0.02607232968881413
1999-00,Joe Kleine,kleinjo01,C,38,POR,7,0,31,6.9,19.0,0.364,0.0,0.0,0.0,6.9,19.0,0.364,5.2,5.2,1.0,0.0,10.3,10.3,3.4,1.7,0.0,3.4,12.1,19.0,89.0,99.0,2000,Joe Kleine-2000,0.0,Not Selected,Center,POR,0.0496215306980656
1999-00,Brevin Knight,knighbr01,PG,24,CLE,65,46,1754,6.6,16.0,0.41200000000000003,0.1,0.3,0.2,6.5,15.7,0.41600000000000004,4.0,5.3,0.7609999999999999,1.1,4.4,5.5,13.1,3.1,0.6,4.5,5.3,17.2,99.0,103.0,2000,Brevin Knight-2000,0.0,Not Selected,Guard,CLE,0.02691337258200168
1999-00,Travis Knight,knightr01,C,25,LAL,63,0,410,5.8,14.8,0.39,0.0,0.0,0.0,5.8,14.8,0.39,2.1,3.5,0.607,5.8,10.4,16.2,2.9,0.8,2.9,3.3,11.0,13.7,91.0,96.0,2000,Travis Knight-2000,0.0,Not Selected,Center,LAL,0.056349873843566024
1999-00,Toni Kukoč,kukocto01,SF,31,TOT,56,31,1784,8.8,21.5,0.408,1.3,5.0,0.262,7.5,16.5,0.452,5.7,7.8,0.725,2.2,5.8,8.1,7.8,2.3,0.8,4.3,3.3,24.5,100.0,102.0,2000,Toni Kukoč-2000,0.0,Not Selected,Forward,TOT,0.03333333333333334
1999-00,Christian Laettner,laettch01,C,30,DET,82,82,2443,7.8,16.5,0.473,0.1,0.5,0.292,7.6,16.0,0.479,4.9,6.0,0.812,3.6,7.8,11.4,3.8,1.7,0.9,3.8,6.7,20.6,104.0,104.0,2000,Christian Laettner-2000,0.0,Not Selected,Center,DET,0.03532380151387721
1999-00,Raef LaFrentz,lafrera01,C,23,DEN,81,80,2435,8.2,18.3,0.446,1.2,3.8,0.32799999999999996,6.9,14.5,0.47700000000000004,3.4,4.9,0.6859999999999999,3.5,9.8,13.3,2.0,0.9,3.7,2.0,6.1,20.9,106.0,103.0,2000,Raef LaFrentz-2000,0.0,Not Selected,Center,DEN,0.02943650126156434
1999-00,Andrew Lang,langan01,C,33,NYK,19,10,244,6.2,14.1,0.43799999999999994,0.0,0.0,0.0,6.2,14.1,0.43799999999999994,0.7,1.5,0.429,3.5,9.7,13.2,0.7,1.8,1.3,1.1,6.8,13.0,96.0,98.0,2000,Andrew Lang-2000,0.0,Not Selected,Center,NYK,0.04205214465937763
1999-00,Antonio Lang,langan02,SF,27,TOT,10,0,38,1.4,8.2,0.16699999999999998,0.0,0.0,0.0,1.4,8.2,0.16699999999999998,5.5,6.8,0.8,0.0,6.8,6.8,2.7,5.5,1.4,2.7,10.9,8.2,71.0,96.0,2000,Antonio Lang-2000,0.0,Not Selected,Forward,TOT,0.03333333333333334
1999-00,Trajan Langdon,langdtr01,SG,23,CLE,10,0,145,5.2,13.8,0.375,2.8,6.6,0.42100000000000004,2.4,7.3,0.33299999999999996,3.8,3.8,1.0,1.4,3.8,5.2,3.8,1.7,0.0,2.1,5.5,16.9,111.0,107.0,2000,Trajan Langdon-2000,0.0,Not Selected,Guard,CLE,0.02691337258200168
1999-00,Rusty LaRue,larueru01,PG,26,CHI,4,1,129,6.2,17.9,0.349,0.8,5.8,0.14300000000000002,5.4,12.1,0.44799999999999995,2.1,2.9,0.7140000000000001,0.4,3.7,4.2,4.6,2.9,0.0,2.9,3.7,15.4,83.0,105.0,2000,Rusty LaRue-2000,0.0,Not Selected,Guard,CHI,0.014297729184188394
1999-00,Tim Legler,legleti01,SG,33,GSW,23,4,284,5.0,13.8,0.359,1.2,3.7,0.33299999999999996,3.7,10.1,0.368,2.5,3.2,0.778,0.7,3.4,4.1,4.3,0.7,0.2,1.1,5.8,13.6,103.0,113.0,2000,Tim Legler-2000,0.0,Not Selected,Guard,GSW,0.0159798149705635
1999-00,Voshon Lenard,lenarvo01,SG,26,MIA,53,13,1434,8.5,20.9,0.40700000000000003,3.3,8.5,0.39,5.2,12.4,0.419,3.1,4.0,0.792,1.4,4.3,5.7,5.1,1.5,0.6,3.0,4.7,23.5,103.0,104.0,2000,Voshon Lenard-2000,0.0,Not Selected,Guard,MIA,0.04373423044575273
1999-00,Quincy Lewis,lewisqu01,SG,22,UTA,74,0,896,6.6,17.8,0.37200000000000005,1.4,3.8,0.365,5.3,14.0,0.374,2.3,3.1,0.731,2.7,4.0,6.8,2.4,1.4,0.9,2.7,9.4,16.9,91.0,105.0,2000,Quincy Lewis-2000,0.0,Not Selected,Guard,UTA,0.04625735912531539
1999-00,Rashard Lewis,lewisra02,SF,20,SEA,82,8,1575,9.0,18.5,0.486,1.3,3.9,0.33299999999999996,7.7,14.6,0.527,2.7,4.0,0.6829999999999999,4.1,6.8,11.0,2.3,2.0,1.2,2.5,5.3,22.0,108.0,104.0,2000,Rashard Lewis-2000,0.0,Not Selected,Forward,OKC,0.03784693019343986
1999-00,Randy Livingston,livinra01,PG,24,PHO,79,15,1081,7.3,17.6,0.41600000000000004,0.9,2.6,0.345,6.4,15.0,0.428,2.5,2.9,0.8390000000000001,1.2,5.0,6.1,8.0,2.3,0.6,4.3,6.1,18.0,94.0,100.0,2000,Randy Livingston-2000,0.0,Not Selected,Guard,PHO,0.044575273338940284
1999-00,Grant Long,longgr01,PF,33,VAN,42,1,920,4.2,9.6,0.44299999999999995,0.0,0.2,0.0,4.2,9.3,0.45399999999999996,3.2,4.1,0.775,4.9,8.5,13.4,2.5,2.6,0.6,2.8,6.2,11.6,103.0,105.0,2000,Grant Long-2000,0.0,Not Selected,Forward,MEM,0.018502943650126155
1999-00,Luc Longley,longllu01,C,31,PHO,72,68,1417,6.7,14.4,0.466,0.0,0.0,0.0,6.7,14.4,0.466,2.9,3.5,0.825,3.6,8.0,11.6,2.8,0.8,1.5,4.9,8.0,16.3,90.0,100.0,2000,Luc Longley-2000,0.0,Not Selected,Center,PHO,0.044575273338940284
1999-00,Felipe López,lopezfe01,SG,25,VAN,65,0,781,7.5,17.6,0.425,0.2,1.2,0.16699999999999998,7.3,16.4,0.444,4.5,7.4,0.615,4.0,4.4,8.4,3.0,2.2,1.1,3.6,6.4,19.7,95.0,108.0,2000,Felipe López-2000,0.0,Not Selected,Guard,MEM,0.018502943650126155
1999-00,Tyronn Lue,luety01,PG,22,LAL,8,0,146,6.7,13.7,0.48700000000000004,1.4,2.8,0.5,5.3,10.9,0.484,2.1,2.8,0.75,0.7,3.5,4.2,6.0,1.1,0.0,3.2,6.0,16.9,106.0,103.0,2000,Tyronn Lue-2000,0.0,Not Selected,Guard,LAL,0.056349873843566024
1999-00,George Lynch,lynchge01,SF,29,PHI,75,75,2416,6.4,13.8,0.461,0.3,0.8,0.41700000000000004,6.0,13.0,0.46399999999999997,2.4,3.9,0.617,4.6,7.8,12.5,2.9,2.6,0.8,2.6,5.0,15.5,103.0,98.0,2000,George Lynch-2000,0.0,Not Selected,Forward,PHI,0.04121110176619008
1999-00,Todd MacCulloch,maccuto01,C,24,PHI,56,6,528,8.7,15.8,0.5529999999999999,0.0,0.0,0.0,8.7,15.8,0.5529999999999999,2.7,5.3,0.519,4.7,9.6,14.3,1.3,1.1,3.6,2.6,9.2,20.2,108.0,97.0,2000,Todd MacCulloch-2000,0.0,Not Selected,Center,PHI,0.04121110176619008
1999-00,Sam Mack,macksa01,SF,29,GSW,23,5,333,5.6,18.4,0.303,3.2,9.7,0.32799999999999996,2.4,8.8,0.276,2.9,3.0,0.95,1.1,4.8,5.9,3.6,2.7,0.2,2.9,6.8,17.2,91.0,108.0,2000,Sam Mack-2000,0.0,Not Selected,Forward,GSW,0.0159798149705635
1999-00,Don MacLean,macledo01,PF,30,PHO,16,0,143,6.4,17.5,0.36700000000000005,0.7,2.1,0.33299999999999996,5.7,15.4,0.37200000000000005,1.4,2.1,0.667,2.1,6.1,8.2,2.9,0.7,0.4,2.9,8.6,15.0,84.0,103.0,2000,Don MacLean-2000,0.0,Not Selected,Forward,PHO,0.044575273338940284
1999-00,Corey Maggette,maggeco01,SF,20,ORL,77,5,1370,8.1,16.9,0.478,0.1,0.4,0.182,8.0,16.5,0.485,7.1,9.4,0.7509999999999999,4.4,6.5,10.9,2.2,0.9,0.9,5.0,6.1,23.3,102.0,104.0,2000,Corey Maggette-2000,0.0,Not Selected,Forward,ORL,0.034482758620689655
1999-00,Dan Majerle,majerda01,SG,34,MIA,69,69,2308,3.9,9.8,0.40299999999999997,2.6,7.1,0.36200000000000004,1.4,2.7,0.508,1.3,1.6,0.812,0.6,7.1,7.7,4.8,2.1,0.4,1.4,3.6,11.7,115.0,101.0,2000,Dan Majerle-2000,0.0,Not Selected,Guard,MIA,0.04373423044575273
1999-00,Karl Malone,malonka01,PF,36,UTA,82,82,2947,13.7,26.8,0.509,0.0,0.1,0.25,13.6,26.7,0.511,10.7,13.4,0.797,3.1,11.1,14.2,5.5,1.4,1.3,4.2,4.2,38.1,115.0,100.0,2000,Karl Malone-2000,2.0,2nd,Forward,UTA,0.04625735912531539
1999-00,Matt Maloney,malonma01,PG,28,CHI,51,12,1175,5.2,14.5,0.358,2.8,7.9,0.35600000000000004,2.4,6.6,0.361,1.7,2.1,0.8220000000000001,0.5,2.5,2.9,6.3,1.5,0.1,2.9,1.9,14.9,98.0,109.0,2000,Matt Maloney-2000,0.0,Not Selected,Guard,CHI,0.014297729184188394
1999-00,Danny Manning,mannida01,PF,33,MIL,72,0,1217,6.3,14.4,0.44,0.0,0.2,0.25,6.3,14.2,0.442,1.4,2.2,0.654,2.1,6.7,8.8,3.1,2.6,1.2,2.3,7.8,14.2,95.0,105.0,2000,Danny Manning-2000,0.0,Not Selected,Forward,MIL,0.03532380151387721
1999-00,Stephon Marbury,marbust01,PG,22,NJN,74,74,2881,10.2,23.7,0.43200000000000005,1.2,4.2,0.28300000000000003,9.1,19.5,0.46399999999999997,7.9,9.7,0.813,1.1,3.2,4.3,11.2,2.0,0.3,4.9,3.5,29.5,107.0,109.0,2000,Stephon Marbury-2000,3.0,3rd,Guard,BRK,0.02607232968881413
1999-00,Shawn Marion,mariosh01,SF,21,PHO,51,38,1260,9.0,19.1,0.47100000000000003,0.2,0.9,0.182,8.8,18.2,0.486,2.9,3.4,0.847,4.3,9.2,13.5,2.8,1.5,2.1,2.1,4.6,21.1,107.0,97.0,2000,Shawn Marion-2000,0.0,Not Selected,Forward,PHO,0.044575273338940284
1999-00,Sean Marks,marksse01,PF,24,TOR,5,0,12,8.7,26.0,0.33299999999999996,0.0,4.3,0.0,8.7,21.6,0.4,17.3,17.3,1.0,0.0,8.7,8.7,0.0,4.3,4.3,13.0,13.0,34.6,78.0,95.0,2000,Sean Marks-2000,0.0,Not Selected,Forward,TOR,0.03784693019343986
1999-00,Donny Marshall,marshdo02,SF,27,CLE,6,0,39,3.9,14.1,0.273,0.0,3.9,0.0,3.9,10.3,0.375,6.4,7.7,0.833,0.0,1.3,1.3,0.0,2.6,0.0,3.9,9.0,14.1,72.0,107.0,2000,Donny Marshall-2000,0.0,Not Selected,Forward,CLE,0.02691337258200168
1999-00,Donyell Marshall,marshdo01,PF,26,GSW,64,51,2071,8.0,20.4,0.39399999999999996,1.2,3.4,0.355,6.9,17.1,0.402,4.8,6.2,0.78,4.6,10.9,15.5,4.1,1.7,1.7,3.0,4.4,22.1,102.0,105.0,2000,Donyell Marshall-2000,0.0,Not Selected,Forward,GSW,0.0159798149705635
1999-00,Darrick Martin,martida01,PG,28,SAC,71,1,893,7.2,18.9,0.38,2.1,6.7,0.306,5.1,12.2,0.42,5.3,6.4,0.8240000000000001,0.4,2.0,2.4,6.6,1.5,0.1,3.4,4.8,21.8,101.0,107.0,2000,Darrick Martin-2000,0.0,Not Selected,Guard,SAC,0.03700588730025231
1999-00,Jamal Mashburn,mashbja01,SF,27,MIA,76,76,2828,9.7,21.9,0.445,2.1,5.3,0.40299999999999997,7.6,16.7,0.45799999999999996,3.5,4.5,0.778,1.2,6.0,7.2,5.6,1.5,0.3,3.4,4.1,25.1,104.0,103.0,2000,Jamal Mashburn-2000,0.0,Not Selected,Forward,MIA,0.04373423044575273
1999-00,Anthony Mason,masonan01,SF,33,CHH,82,81,3133,5.2,10.8,0.48,0.0,0.0,0.0,5.2,10.8,0.48,5.1,6.9,0.746,2.4,9.0,11.4,6.0,1.2,0.5,2.6,3.6,15.5,112.0,102.0,2000,Anthony Mason-2000,0.0,Not Selected,Forward,CHO,0.04121110176619008
1999-00,Tony Massenburg,masseto01,PF,32,HOU,10,0,109,7.5,16.8,0.444,0.0,0.0,0.0,7.5,16.8,0.444,6.5,7.5,0.875,3.3,9.3,12.6,1.4,0.9,2.3,4.2,6.1,21.5,100.0,104.0,2000,Tony Massenburg-2000,0.0,Not Selected,Forward,HOU,0.028595458368376788
1999-00,Vernon Maxwell,maxweve01,SG,34,SEA,47,0,989,8.8,25.5,0.345,3.5,11.6,0.3,5.3,13.9,0.382,5.6,7.7,0.73,0.8,3.3,4.1,3.9,2.0,0.5,2.8,4.3,26.7,96.0,107.0,2000,Vernon Maxwell-2000,0.0,Not Selected,Guard,OKC,0.03784693019343986
1999-00,Walter McCarty,mccarwa01,PF,25,BOS,61,5,879,4.5,13.3,0.33899999999999997,2.0,6.4,0.309,2.5,6.9,0.36700000000000005,2.3,3.1,0.722,1.9,4.4,6.4,4.0,1.4,1.3,3.9,4.8,13.2,87.0,107.0,2000,Walter McCarty-2000,0.0,Not Selected,Forward,BOS,0.02943650126156434
1999-00,George McCloud,mccloge01,SF,32,DEN,78,11,2118,6.4,15.3,0.41700000000000004,2.6,6.8,0.37799999999999995,3.8,8.5,0.44799999999999995,3.5,4.3,0.818,1.7,5.1,6.8,5.9,1.1,0.6,3.2,4.3,18.8,108.0,108.0,2000,George McCloud-2000,0.0,Not Selected,Forward,DEN,0.02943650126156434
1999-00,Jelani McCoy,mccoyje01,C,22,SEA,58,2,746,7.0,12.2,0.5760000000000001,0.0,0.0,0.0,7.0,12.2,0.5760000000000001,3.1,6.3,0.495,3.7,8.6,12.3,1.7,1.0,3.2,3.1,8.8,17.2,104.0,102.0,2000,Jelani McCoy-2000,0.0,Not Selected,Center,OKC,0.03784693019343986
1999-00,Antonio McDyess,mcdyean01,PF,25,DEN,81,81,2698,11.5,22.7,0.507,0.0,0.0,0.0,11.5,22.7,0.508,6.1,9.7,0.626,4.4,8.5,12.9,3.0,1.3,2.6,4.3,5.9,29.1,103.0,104.0,2000,Antonio McDyess-2000,0.0,Not Selected,Forward,DEN,0.02943650126156434
1999-00,Tracy McGrady,mcgratr01,SF,20,TOR,79,34,2462,9.7,21.5,0.451,0.4,1.4,0.27699999999999997,9.3,20.1,0.46299999999999997,5.8,8.3,0.7070000000000001,4.0,6.6,10.6,5.5,1.9,3.2,3.4,4.2,25.6,106.0,103.0,2000,Tracy McGrady-2000,0.0,Not Selected,Forward,TOR,0.03784693019343986
1999-00,Jim McIlvaine,mcilvji01,C,27,NJN,66,53,1048,3.2,7.6,0.41600000000000004,0.0,0.0,0.0,3.2,7.6,0.41600000000000004,1.4,2.8,0.518,5.2,6.1,11.4,1.8,1.3,5.8,1.9,10.2,7.8,100.0,103.0,2000,Jim McIlvaine-2000,0.0,Not Selected,Center,BRK,0.02607232968881413
1999-00,Jeff McInnis,mcinnje01,PG,25,LAC,25,10,597,6.8,15.9,0.43,0.6,1.8,0.33299999999999996,6.2,14.1,0.442,1.1,1.5,0.765,1.5,4.6,6.2,7.6,1.3,0.2,2.3,4.7,15.4,101.0,113.0,2000,Jeff McInnis-2000,0.0,Not Selected,Guard,LAC,0.012615643397813289
1999-00,Derrick McKey,mckeyde01,SF,33,IND,32,0,634,3.5,8.8,0.39799999999999996,0.8,1.9,0.435,2.7,6.9,0.38799999999999996,3.5,4.6,0.768,2.4,8.6,11.0,2.8,2.4,1.1,1.5,6.6,11.3,111.0,101.0,2000,Derrick McKey-2000,0.0,Not Selected,Forward,IND,0.04709840201850295
1999-00,Aaron McKie,mckieaa01,SG,27,PHI,82,14,1952,6.5,15.7,0.41100000000000003,1.2,3.2,0.364,5.3,12.5,0.424,3.2,3.9,0.8290000000000001,1.2,5.3,6.5,6.4,2.9,0.5,3.0,5.1,17.3,102.0,100.0,2000,Aaron McKie-2000,0.0,Not Selected,Guard,PHI,0.04121110176619008
1999-00,Roshown McLeod,mcleoro01,SF,24,ATL,44,20,860,8.0,20.2,0.395,0.1,0.8,0.154,7.8,19.4,0.40399999999999997,3.3,4.3,0.7709999999999999,2.5,5.9,8.4,3.2,1.0,0.3,3.6,5.1,19.3,90.0,110.0,2000,Roshown McLeod-2000,0.0,Not Selected,Forward,ATL,0.023549201009251473
1999-00,Ron Mercer,mercero01,SG,23,TOT,68,68,2377,9.7,22.8,0.426,0.3,1.0,0.313,9.4,21.8,0.431,4.5,5.7,0.789,1.3,3.9,5.3,3.3,1.6,0.5,3.2,3.2,24.2,96.0,107.0,2000,Ron Mercer-2000,0.0,Not Selected,Guard,TOT,0.03333333333333334
1999-00,Andre Miller,millean02,PG,23,CLE,82,36,2093,8.1,18.1,0.449,0.2,1.2,0.204,7.9,16.9,0.466,5.4,7.0,0.774,2.0,4.7,6.7,11.4,2.0,0.4,4.0,4.6,21.9,107.0,105.0,2000,Andre Miller-2000,0.0,Not Selected,Guard,CLE,0.02691337258200168
1999-00,Anthony Miller,millean01,PF,28,HOU,35,14,476,5.6,10.4,0.536,0.0,0.0,0.0,5.6,10.4,0.536,2.8,5.5,0.51,5.2,12.3,17.6,1.7,1.2,1.1,2.0,7.3,13.9,111.0,103.0,2000,Anthony Miller-2000,0.0,Not Selected,Forward,HOU,0.028595458368376788
1999-00,Brad Miller,millebr01,C,23,CHH,55,4,961,7.2,15.6,0.461,0.0,0.1,0.0,7.2,15.5,0.46399999999999997,8.1,10.4,0.785,6.0,9.6,15.6,2.4,1.2,1.9,2.6,5.9,22.5,115.0,100.0,2000,Brad Miller-2000,0.0,Not Selected,Center,CHO,0.04121110176619008
1999-00,Oliver Miller,milleol01,C,29,PHO,51,9,1088,6.4,10.9,0.588,0.0,0.0,0.0,6.4,10.9,0.588,2.3,3.4,0.6709999999999999,4.1,8.2,12.2,3.2,2.0,3.8,3.5,6.2,15.2,107.0,95.0,2000,Oliver Miller-2000,0.0,Not Selected,Center,PHO,0.044575273338940284
1999-00,Reggie Miller,millere01,SG,34,IND,81,81,2987,8.0,18.0,0.44799999999999995,2.8,7.0,0.408,5.2,11.0,0.473,6.4,7.0,0.919,0.9,3.3,4.1,3.2,1.5,0.4,2.2,2.2,25.4,118.0,107.0,2000,Reggie Miller-2000,0.0,Not Selected,Guard,IND,0.04709840201850295
1999-00,Chris Mills,millsch01,SF,30,GSW,20,11,649,9.5,22.6,0.42100000000000004,0.6,2.3,0.267,8.9,20.3,0.439,5.3,6.5,0.81,3.6,6.0,9.5,3.6,1.4,0.3,1.9,4.7,25.0,107.0,110.0,2000,Chris Mills-2000,0.0,Not Selected,Forward,GSW,0.0159798149705635
1999-00,Terry Mills,millste01,PF,32,DET,82,78,1842,5.8,13.3,0.439,2.6,6.6,0.39299999999999996,3.2,6.7,0.484,0.7,0.9,0.735,1.4,9.3,10.6,2.3,1.0,0.7,1.3,6.6,14.9,111.0,105.0,2000,Terry Mills-2000,0.0,Not Selected,Forward,DET,0.03532380151387721
1999-00,Jason Miskiri,miskija01,PG,24,CHH,1,0,3,0.0,17.0,0.0,0.0,17.0,0.0,0.0,0.0,0.0,0.0,0.0,0.0,0.0,0.0,0.0,17.0,0.0,0.0,0.0,34.1,0.0,49.0,109.0,2000,Jason Miskiri-2000,0.0,Not Selected,Guard,CHO,0.04121110176619008
1999-00,Sam Mitchell,mitchsa01,SF,36,MIN,66,24,1227,7.2,16.0,0.447,0.4,1.0,0.435,6.7,15.0,0.44799999999999995,3.5,3.9,0.88,1.2,4.7,5.9,4.7,1.2,0.6,1.9,4.9,18.2,107.0,106.0,2000,Sam Mitchell-2000,0.0,Not Selected,Forward,MIN,0.04205214465937763
1999-00,Cuttino Mobley,moblecu01,SG,24,HOU,81,8,2496,8.9,20.7,0.43,2.1,6.0,0.35600000000000004,6.8,14.8,0.46,6.1,7.2,0.847,1.2,4.7,5.9,4.2,1.8,0.7,3.8,3.5,26.1,106.0,107.0,2000,Cuttino Mobley-2000,0.0,Not Selected,Guard,HOU,0.028595458368376788
1999-00,Nazr Mohammed,mohamna01,C,22,PHI,28,3,190,5.7,14.7,0.389,0.0,0.0,0.0,5.7,14.7,0.389,3.3,6.0,0.545,4.4,9.3,13.6,0.5,1.1,3.3,4.9,7.9,14.7,78.0,98.0,2000,Nazr Mohammed-2000,0.0,Not Selected,Center,PHI,0.04121110176619008
1999-00,Eric Montross,montrer01,C,28,DET,51,0,332,2.6,8.3,0.309,0.0,0.0,0.0,2.6,8.3,0.309,0.9,1.8,0.5,2.7,8.2,10.9,1.1,0.9,1.4,3.3,12.2,6.0,66.0,105.0,2000,Eric Montross-2000,0.0,Not Selected,Center,DET,0.03532380151387721
1999-00,Mikki Moore,mooremi01,C,24,DET,29,0,488,8.9,14.4,0.621,0.0,0.0,0.0,8.9,14.4,0.621,5.6,7.0,0.794,4.5,7.0,11.5,1.7,0.9,3.2,2.4,10.7,23.4,128.0,104.0,2000,Mikki Moore-2000,0.0,Not Selected,Center,DET,0.03532380151387721
1999-00,Alonzo Mourning,mournal01,C,29,MIA,79,78,2748,12.7,23.1,0.551,0.0,0.1,0.0,12.7,23.0,0.5529999999999999,8.1,11.3,0.711,4.2,10.5,14.7,2.4,0.8,5.7,4.2,6.0,33.5,112.0,96.0,2000,Alonzo Mourning-2000,2.0,2nd,Center,MIA,0.04373423044575273
1999-00,Chris Mullin,mullich01,SG,36,IND,47,2,582,7.1,16.6,0.428,4.0,9.7,0.409,3.1,6.8,0.455,3.3,3.6,0.902,1.2,5.5,6.7,3.3,2.5,0.8,2.5,5.3,21.4,112.0,103.0,2000,Chris Mullin-2000,0.0,Not Selected,Guard,IND,0.04709840201850295
1999-00,Eric Murdock,murdoer01,PG,31,LAC,40,15,693,5.8,15.1,0.385,1.2,3.1,0.381,4.6,12.0,0.387,3.8,5.9,0.638,1.1,4.6,5.7,8.0,3.5,0.4,4.3,4.9,16.6,93.0,108.0,2000,Eric Murdock-2000,0.0,Not Selected,Guard,LAC,0.012615643397813289
1999-00,Gheorghe Mureșan,muresgh01,C,28,NJN,30,2,267,8.0,17.5,0.456,0.0,0.0,0.0,8.0,17.5,0.456,4.5,7.4,0.605,4.7,8.6,13.2,1.7,0.0,2.3,3.1,10.1,20.4,99.0,107.0,2000,Gheorghe Mureșan-2000,0.0,Not Selected,Center,BRK,0.02607232968881413
1999-00,Lamond Murray,murrala01,SF,26,CLE,74,72,2365,9.8,21.6,0.451,1.1,2.9,0.36700000000000005,8.7,18.7,0.465,4.3,5.7,0.7609999999999999,2.7,6.3,9.0,2.8,2.2,0.8,3.9,4.4,24.9,98.0,104.0,2000,Lamond Murray-2000,0.0,Not Selected,Forward,CLE,0.02691337258200168
1999-00,Tracy Murray,murratr01,SF,28,WAS,80,8,1831,8.2,18.9,0.433,3.2,7.4,0.43,5.0,11.5,0.435,3.4,4.0,0.851,1.8,5.9,7.7,2.0,1.3,0.7,2.4,5.2,23.0,110.0,108.0,2000,Tracy Murray-2000,0.0,Not Selected,Forward,WAS,0.024390243902439025
1999-00,Dikembe Mutombo,mutomdi01,C,33,ATL,82,82,2984,5.6,10.0,0.562,0.0,0.0,0.0,5.6,10.0,0.562,5.2,7.4,0.708,5.3,15.0,20.3,1.8,0.5,4.7,3.1,4.3,16.5,116.0,101.0,2000,Dikembe Mutombo-2000,0.0,Not Selected,Center,ATL,0.023549201009251473
1999-00,Steve Nash,nashst01,PG,25,DAL,56,27,1532,5.7,12.0,0.47700000000000004,2.0,4.9,0.40299999999999997,3.7,7.1,0.528,2.5,2.8,0.882,1.1,2.9,4.0,9.0,1.2,0.1,3.4,4.0,15.9,114.0,111.0,2000,Steve Nash-2000,0.0,Not Selected,Guard,DAL,0.0336417157275021
1999-00,Tyrone Nesby,nesbyty01,SG,24,LAC,73,39,2317,8.0,20.2,0.39799999999999996,2.1,6.2,0.335,6.0,14.0,0.426,3.3,4.2,0.7909999999999999,1.8,4.3,6.1,2.7,1.7,0.7,2.2,4.5,21.5,100.0,112.0,2000,Tyrone Nesby-2000,0.0,Not Selected,Guard,LAC,0.012615643397813289
1999-00,Rasho Nesterović,nestera01,C,23,MIN,82,55,1723,6.3,13.1,0.47600000000000003,0.0,0.1,0.0,6.3,13.1,0.478,1.8,3.1,0.573,4.1,7.4,11.5,2.8,0.6,2.6,2.2,8.0,14.3,102.0,103.0,2000,Rasho Nesterović-2000,0.0,Not Selected,Center,MIN,0.04205214465937763
1999-00,Johnny Newman,newmajo01,SF,36,NJN,82,9,1763,8.2,18.3,0.446,2.1,5.6,0.379,6.1,12.7,0.47600000000000003,5.7,6.7,0.838,1.1,3.4,4.5,1.9,1.6,0.3,2.6,6.1,24.1,109.0,110.0,2000,Johnny Newman-2000,0.0,Not Selected,Forward,BRK,0.02607232968881413
1999-00,Moochie Norris,norrimo01,PG,26,HOU,30,0,502,7.0,16.1,0.434,1.2,2.9,0.414,5.8,13.2,0.43799999999999994,5.8,7.4,0.7809999999999999,1.6,5.3,6.9,9.5,2.3,0.1,3.0,3.2,21.0,116.0,106.0,2000,Moochie Norris-2000,0.0,Not Selected,Guard,HOU,0.028595458368376788
1999-00,Dirk Nowitzki,nowitdi01,PF,21,DAL,82,81,2938,8.9,19.2,0.461,2.0,5.3,0.379,6.9,14.0,0.491,5.0,6.0,0.83,1.8,7.4,9.2,3.5,1.1,1.2,2.4,4.4,24.7,112.0,107.0,2000,Dirk Nowitzki-2000,0.0,Not Selected,Forward,DAL,0.0336417157275021
1999-00,Jermaine O'Neal,onealje01,C,21,POR,70,8,859,6.7,13.8,0.486,0.0,0.1,0.0,6.7,13.7,0.489,3.5,6.1,0.5820000000000001,6.0,8.2,14.2,1.1,0.7,3.4,2.9,7.9,17.0,104.0,100.0,2000,Jermaine O'Neal-2000,0.0,Not Selected,Center,POR,0.0496215306980656
1999-00,Shaquille O'Neal,onealsh01,C,27,LAL,79,79,3163,15.5,27.1,0.574,0.0,0.0,0.0,15.5,27.1,0.575,7.0,13.4,0.524,5.5,12.1,17.5,4.9,0.6,3.9,3.6,4.1,38.1,115.0,95.0,2000,Shaquille O'Neal-2000,1.0,1st,Center,LAL,0.056349873843566024
1999-00,Charles Oakley,oaklech01,PF,36,TOR,80,80,2431,5.0,12.0,0.418,0.3,0.9,0.341,4.7,11.1,0.424,1.4,1.8,0.7759999999999999,2.5,9.0,11.5,5.4,2.2,1.0,3.3,6.3,11.7,93.0,103.0,2000,Charles Oakley-2000,0.0,Not Selected,Forward,TOR,0.03784693019343986
1999-00,Lamar Odom,odomla01,SF,20,LAC,76,70,2767,8.3,18.9,0.43799999999999994,1.1,3.0,0.36,7.2,15.9,0.45299999999999996,5.6,7.8,0.7190000000000001,2.9,8.1,11.0,5.9,1.7,1.8,4.8,5.4,23.3,100.0,108.0,2000,Lamar Odom-2000,0.0,Not Selected,Forward,LAC,0.012615643397813289
1999-00,Hakeem Olajuwon,olajuha01,C,37,HOU,44,28,1049,9.4,20.5,0.45799999999999996,0.0,0.1,0.0,9.4,20.4,0.461,3.4,5.4,0.616,3.2,10.2,13.3,3.0,2.0,3.4,3.5,4.3,22.1,96.0,100.0,2000,Hakeem Olajuwon-2000,0.0,Not Selected,Center,HOU,0.028595458368376788
1999-00,Kevin Ollie,ollieke01,PG,27,PHI,40,0,290,3.9,8.8,0.449,0.0,0.0,0.0,3.9,8.8,0.449,5.0,6.6,0.757,0.7,4.8,5.5,8.2,1.8,0.0,1.8,4.8,12.9,120.0,103.0,2000,Kevin Ollie-2000,0.0,Not Selected,Guard,PHI,0.04121110176619008
1999-00,Michael Olowokandi,olowomi01,C,24,LAC,80,77,2493,6.8,15.5,0.43700000000000006,0.0,0.0,0.0,6.8,15.5,0.43700000000000006,2.5,3.9,0.6509999999999999,4.0,9.5,13.4,0.8,0.7,2.9,3.6,6.2,16.0,88.0,108.0,2000,Michael Olowokandi-2000,0.0,Not Selected,Center,LAC,0.012615643397813289
1999-00,Greg Ostertag,ostergr01,C,26,UTA,81,3,1606,4.1,8.9,0.46399999999999997,0.0,0.0,0.0,4.1,8.9,0.466,4.0,6.2,0.636,5.7,10.3,16.1,0.6,0.7,5.7,2.6,6.5,12.2,105.0,97.0,2000,Greg Ostertag-2000,0.0,Not Selected,Center,UTA,0.04625735912531539
1999-00,Bo Outlaw,outlabo01,PF,28,ORL,82,55,2326,4.3,7.2,0.602,0.0,0.1,0.0,4.3,7.1,0.607,1.7,3.4,0.506,4.3,6.8,11.1,5.2,2.4,3.1,2.8,4.3,10.4,112.0,99.0,2000,Bo Outlaw-2000,0.0,Not Selected,Forward,ORL,0.034482758620689655
1999-00,Doug Overton,overtdo01,PG,30,BOS,48,0,432,7.2,18.1,0.396,1.2,3.3,0.35700000000000004,6.0,14.8,0.405,2.3,2.5,0.9520000000000001,1.6,2.2,3.9,6.2,1.2,0.0,2.3,5.4,17.9,102.0,111.0,2000,Doug Overton-2000,0.0,Not Selected,Guard,BOS,0.02943650126156434
1999-00,Billy Owens,owensbi01,PF-SF,30,TOT,62,11,1305,5.9,14.1,0.419,0.4,1.3,0.324,5.5,12.7,0.429,2.5,4.2,0.594,3.9,7.9,11.8,3.8,1.3,0.8,3.3,6.5,14.7,94.0,103.0,2000,Billy Owens-2000,0.0,Not Selected,Forward,TOT,0.03333333333333334
1999-00,Robert Pack,packro01,PG,30,DAL,29,22,665,7.3,17.5,0.41700000000000004,0.3,0.8,0.364,7.0,16.7,0.42,4.8,5.9,0.8079999999999999,0.5,2.7,3.2,12.8,2.4,0.2,5.8,3.3,19.7,97.0,109.0,2000,Robert Pack-2000,0.0,Not Selected,Guard,DAL,0.0336417157275021
1999-00,Scott Padgett,padgesc01,PF,23,UTA,47,9,432,5.5,17.4,0.314,1.6,5.5,0.295,3.8,11.9,0.32299999999999995,2.4,3.3,0.7040000000000001,3.0,7.9,10.9,3.1,1.7,1.0,2.7,6.8,14.9,86.0,102.0,2000,Scott Padgett-2000,0.0,Not Selected,Forward,UTA,0.04625735912531539
1999-00,Milt Palacio,palacmi01,PG,21,VAN,53,0,394,5.8,13.1,0.439,0.0,0.3,0.0,5.8,12.9,0.44799999999999995,2.9,5.0,0.595,2.3,4.6,6.8,6.4,2.7,0.0,5.9,4.3,14.5,84.0,108.0,2000,Milt Palacio-2000,0.0,Not Selected,Guard,MEM,0.018502943650126155
1999-00,Anthony Parker,parkean01,SG,24,ORL,16,0,185,6.4,15.2,0.42100000000000004,0.3,3.7,0.071,6.1,11.5,0.535,2.1,2.9,0.727,1.3,5.9,7.2,2.7,2.1,1.1,2.9,3.5,15.2,91.0,102.0,2000,Anthony Parker-2000,0.0,Not Selected,Guard,ORL,0.034482758620689655
1999-00,Cherokee Parks,parksch02,C,27,VAN,56,14,808,4.7,9.5,0.49700000000000005,0.0,0.1,0.0,4.7,9.4,0.5,1.6,2.4,0.649,3.6,8.4,12.0,2.3,1.9,2.9,1.8,7.5,11.0,107.0,104.0,2000,Cherokee Parks-2000,0.0,Not Selected,Center,MEM,0.018502943650126155
1999-00,Andrae Patterson,pattean01,PF,24,MIN,5,0,20,7.8,10.5,0.75,0.0,0.0,0.0,7.8,10.5,0.75,0.0,0.0,0.0,2.6,2.6,5.2,2.6,2.6,0.0,2.6,10.5,15.7,120.0,105.0,2000,Andrae Patterson-2000,0.0,Not Selected,Forward,MIN,0.04205214465937763
1999-00,Ruben Patterson,patteru01,SF,24,SEA,81,74,2097,8.7,16.2,0.536,0.3,0.7,0.444,8.4,15.5,0.539,5.4,7.9,0.6920000000000001,5.3,5.3,10.6,3.1,2.3,1.0,3.5,4.7,23.1,113.0,104.0,2000,Ruben Patterson-2000,0.0,Not Selected,Forward,OKC,0.03784693019343986
1999-00,Gary Payton,paytoga01,PG,31,SEA,82,82,3425,11.2,25.0,0.44799999999999995,2.7,7.8,0.34,8.6,17.2,0.49700000000000005,4.7,6.3,0.735,1.5,6.4,7.9,11.0,2.3,0.3,3.4,2.7,29.8,114.0,104.0,2000,Gary Payton-2000,1.0,1st,Guard,OKC,0.03784693019343986
1999-00,Anthony Peeler,peelean01,SG,30,MIN,82,22,2073,8.0,18.3,0.436,2.1,6.4,0.33299999999999996,5.8,11.9,0.491,2.2,2.8,0.7979999999999999,1.5,4.4,5.9,4.9,1.6,0.3,2.1,4.3,20.3,106.0,106.0,2000,Anthony Peeler-2000,0.0,Not Selected,Guard,MIN,0.04205214465937763
1999-00,Will Perdue,perduwi01,C,34,CHI,67,15,1012,3.1,8.9,0.35100000000000003,0.0,0.0,0.0,3.1,8.9,0.35100000000000003,2.7,5.6,0.47600000000000003,4.7,9.2,13.9,3.4,0.7,2.2,4.1,6.7,8.9,78.0,104.0,2000,Will Perdue-2000,0.0,Not Selected,Center,CHI,0.014297729184188394
1999-00,Sam Perkins,perkisa01,PF,38,IND,81,0,1620,5.9,14.0,0.41700000000000004,2.8,6.9,0.408,3.0,7.1,0.426,2.5,3.1,0.825,2.0,7.2,9.2,2.2,1.0,1.1,2.0,4.3,17.1,108.0,105.0,2000,Sam Perkins-2000,0.0,Not Selected,Forward,IND,0.04709840201850295
1999-00,Elliot Perry,perryel01,PG,30,NJN,60,5,803,8.3,19.0,0.435,0.7,2.5,0.282,7.6,16.5,0.45899999999999996,3.2,4.0,0.8059999999999999,0.8,3.1,3.9,9.0,2.5,0.1,3.9,3.0,20.5,100.0,108.0,2000,Elliot Perry-2000,0.0,Not Selected,Guard,BRK,0.02607232968881413
1999-00,Chuck Person,persoch01,SF,35,SEA,37,0,340,5.6,18.6,0.301,3.6,14.4,0.253,2.0,4.2,0.46399999999999997,0.6,1.2,0.5,0.9,7.1,8.0,3.3,0.8,0.3,1.8,8.5,15.4,88.0,107.0,2000,Chuck Person-2000,0.0,Not Selected,Forward,OKC,0.03784693019343986
1999-00,Wesley Person,persowe01,SG,28,CLE,79,38,2056,6.8,16.0,0.428,2.6,6.1,0.424,4.2,9.9,0.431,1.5,1.9,0.792,1.1,5.4,6.5,3.6,1.0,0.5,1.5,2.9,17.7,108.0,107.0,2000,Wesley Person-2000,0.0,Not Selected,Guard,CLE,0.02691337258200168
1999-00,Bobby Phills,phillbo01,SG,30,CHH,28,9,825,9.4,20.8,0.45399999999999996,1.9,5.6,0.33,7.6,15.1,0.5,2.9,4.0,0.723,1.1,3.3,4.4,4.9,2.5,0.5,3.0,4.5,23.6,100.0,103.0,2000,Bobby Phills-2000,0.0,Not Selected,Guard,CHO,0.04121110176619008
1999-00,Eric Piatkowski,piatker01,SF,29,LAC,75,23,1712,7.1,17.1,0.415,2.8,7.3,0.38299999999999995,4.3,9.8,0.439,2.5,3.0,0.85,2.2,4.4,6.6,2.4,1.3,0.4,1.7,4.2,19.5,109.0,113.0,2000,Eric Piatkowski-2000,0.0,Not Selected,Forward,LAC,0.012615643397813289
1999-00,Paul Pierce,piercpa01,SF,22,BOS,73,72,2583,9.5,21.6,0.442,1.9,5.5,0.34299999999999997,7.7,16.1,0.47600000000000003,7.1,8.8,0.7979999999999999,1.6,6.1,7.8,4.3,3.0,1.2,3.5,4.7,28.0,109.0,103.0,2000,Paul Pierce-2000,0.0,Not Selected,Forward,BOS,0.02943650126156434
1999-00,Scottie Pippen,pippesc01,SF,34,POR,82,82,2749,7.5,16.7,0.451,1.7,5.1,0.327,5.9,11.6,0.506,3.1,4.3,0.7170000000000001,2.2,7.8,10.0,7.9,2.3,0.8,4.0,4.0,19.9,105.0,99.0,2000,Scottie Pippen-2000,0.0,Not Selected,Forward,POR,0.0496215306980656
1999-00,Scot Pollard,pollasc01,C,24,SAC,76,5,1336,5.4,10.2,0.527,0.0,0.0,0.0,5.4,10.2,0.527,4.1,5.8,0.7170000000000001,6.1,8.5,14.6,1.6,2.0,2.1,1.8,7.7,14.9,122.0,99.0,2000,Scot Pollard-2000,0.0,Not Selected,Center,SAC,0.03700588730025231
1999-00,Olden Polynice,polynol01,C,35,UTA,82,79,1819,6.0,11.7,0.51,0.0,0.1,0.5,5.9,11.7,0.51,0.8,2.6,0.311,4.9,8.4,13.3,1.1,0.9,2.5,2.1,7.7,12.8,101.0,101.0,2000,Olden Polynice-2000,0.0,Not Selected,Center,UTA,0.04625735912531539
1999-00,Terry Porter,portete01,PG,36,SAS,68,8,1613,6.8,15.2,0.447,3.0,6.8,0.435,3.8,8.4,0.457,4.5,5.6,0.8059999999999999,0.8,5.5,6.3,7.2,1.6,0.3,3.3,2.6,21.0,114.0,101.0,2000,Terry Porter-2000,0.0,Not Selected,Guard,SAS,0.044575273338940284
1999-00,James Posey,poseyja01,SF,23,DEN,81,77,2052,5.7,13.2,0.429,2.0,5.4,0.373,3.7,7.8,0.46799999999999997,3.0,3.7,0.8,2.1,5.7,7.8,3.6,2.4,0.8,2.3,5.1,16.3,109.0,105.0,2000,James Posey-2000,0.0,Not Selected,Forward,DEN,0.02943650126156434
1999-00,Vitaly Potapenko,potapvi01,C,24,BOS,79,72,1797,8.7,17.4,0.499,0.0,0.0,0.0,8.7,17.3,0.5,3.1,4.5,0.6809999999999999,5.1,9.0,14.1,2.2,1.2,0.8,4.1,6.7,20.4,100.0,106.0,2000,Vitaly Potapenko-2000,0.0,Not Selected,Center,BOS,0.02943650126156434
1999-00,Brent Price,pricebr01,PG,31,VAN,41,0,424,5.1,14.8,0.345,3.1,8.5,0.368,2.0,6.3,0.314,4.2,4.9,0.872,1.0,3.6,4.6,8.6,2.1,0.1,5.8,7.8,17.5,95.0,110.0,2000,Brent Price-2000,0.0,Not Selected,Guard,MEM,0.018502943650126155
1999-00,Laron Profit,profila01,SG,22,WAS,33,1,225,4.8,13.6,0.35600000000000004,0.7,3.9,0.17600000000000002,4.1,9.7,0.429,0.9,2.3,0.4,0.5,5.5,6.0,5.8,1.6,0.9,4.4,6.0,11.3,75.0,108.0,2000,Laron Profit-2000,0.0,Not Selected,Guard,WAS,0.024390243902439025
1999-00,Aleksandar Radojević,radojal01,C,23,TOR,3,0,24,4.3,15.1,0.28600000000000003,0.0,0.0,0.0,4.3,15.1,0.28600000000000003,6.5,13.0,0.5,4.3,13.0,17.3,2.2,4.3,2.2,10.8,10.8,15.1,59.0,94.0,2000,Aleksandar Radojević-2000,0.0,Not Selected,Center,TOR,0.03784693019343986
1999-00,Theo Ratliff,ratlith01,PF,26,PHI,57,56,1795,7.1,14.2,0.503,0.0,0.0,0.0,7.1,14.2,0.503,5.3,6.8,0.7709999999999999,4.0,8.5,12.6,1.0,0.9,4.9,3.1,5.3,19.5,108.0,97.0,2000,Theo Ratliff-2000,0.0,Not Selected,Forward,PHI,0.04121110176619008
1999-00,Eldridge Recasner,recasel01,PG,32,CHH,7,0,28,5.5,12.8,0.429,1.8,7.3,0.25,3.7,5.5,0.667,0.0,0.0,0.0,0.0,7.3,7.3,9.1,0.0,0.0,0.0,1.8,12.8,124.0,107.0,2000,Eldridge Recasner-2000,0.0,Not Selected,Guard,CHO,0.04121110176619008
1999-00,Bryant Reeves,reevebr01,C,26,VAN,69,67,1773,7.5,16.7,0.44799999999999995,0.0,0.1,0.0,7.5,16.6,0.452,3.2,4.9,0.648,3.8,7.9,11.6,2.4,1.0,1.1,3.5,7.3,18.2,95.0,108.0,2000,Bryant Reeves-2000,0.0,Not Selected,Center,MEM,0.018502943650126155
1999-00,Khalid Reeves,reevekh01,PG,27,CHI,3,0,48,3.4,13.4,0.25,0.0,3.4,0.0,3.4,10.1,0.33299999999999996,5.6,5.6,1.0,2.2,2.2,4.5,14.5,2.2,0.0,6.7,8.9,12.3,84.0,107.0,2000,Khalid Reeves-2000,0.0,Not Selected,Guard,CHI,0.014297729184188394
1999-00,Don Reid,reiddo01,PF,26,TOT,38,3,498,6.2,11.5,0.536,0.0,0.0,0.0,6.2,11.5,0.536,2.5,3.5,0.706,3.2,7.3,10.5,1.1,2.5,3.2,2.4,12.1,14.8,107.0,101.0,2000,Don Reid-2000,0.0,Not Selected,Forward,TOT,0.03333333333333334
1999-00,J.R. Reid,reidjr01,PF,31,MIL,34,7,602,4.6,10.9,0.41700000000000004,0.1,0.6,0.14300000000000002,4.5,10.3,0.433,3.7,4.8,0.768,2.5,7.6,10.1,1.5,1.6,0.4,1.7,7.0,12.9,104.0,108.0,2000,J.R. Reid-2000,0.0,Not Selected,Forward,MIL,0.03532380151387721
1999-00,Rodrick Rhodes,rhodero01,SF,26,DAL,1,0,8,0.0,19.0,0.0,0.0,0.0,0.0,0.0,19.0,0.0,0.0,0.0,0.0,6.3,0.0,6.3,0.0,12.6,0.0,12.6,0.0,0.0,14.0,90.0,2000,Rodrick Rhodes-2000,0.0,Not Selected,Forward,DAL,0.0336417157275021
1999-00,Glen Rice,ricegl01,SF,32,LAL,80,80,2530,8.6,19.9,0.43,1.7,4.7,0.36700000000000005,6.8,15.3,0.449,7.0,8.0,0.8740000000000001,1.1,5.5,6.6,3.6,1.0,0.2,2.3,3.6,25.9,113.0,102.0,2000,Glen Rice-2000,0.0,Not Selected,Forward,LAL,0.056349873843566024
1999-00,Mitch Richmond,richmmi01,SG,34,WAS,74,69,2397,9.7,22.7,0.426,2.0,5.2,0.386,7.6,17.4,0.43799999999999994,6.4,7.3,0.8759999999999999,0.8,3.8,4.6,4.0,2.4,0.3,3.3,4.1,27.7,107.0,108.0,2000,Mitch Richmond-2000,0.0,Not Selected,Guard,WAS,0.024390243902439025
1999-00,Isaiah Rider,rideris01,SG,28,ATL,60,47,2084,11.3,26.9,0.419,1.4,4.5,0.311,9.9,22.4,0.441,5.1,6.5,0.785,1.6,4.9,6.5,5.5,1.0,0.2,4.2,3.3,29.1,99.0,111.0,2000,Isaiah Rider-2000,0.0,Not Selected,Guard,ATL,0.023549201009251473
1999-00,Stanley Roberts,roberst01,C,29,PHI,5,1,51,5.1,16.2,0.313,0.0,1.0,0.0,5.1,15.2,0.33299999999999996,0.0,3.0,0.0,6.1,9.1,15.2,3.0,1.0,1.0,2.0,15.2,10.2,76.0,100.0,2000,Stanley Roberts-2000,0.0,Not Selected,Center,PHI,0.04121110176619008
1999-00,Ryan Robertson,roberry01,SG,23,SAC,1,0,25,3.9,11.6,0.33299999999999996,0.0,3.9,0.0,3.9,7.7,0.5,1.9,1.9,1.0,0.0,0.0,0.0,0.0,0.0,0.0,0.0,0.0,9.7,87.0,112.0,2000,Ryan Robertson-2000,0.0,Not Selected,Guard,SAC,0.03700588730025231
1999-00,Clifford Robinson,robincl02,SF,33,PHO,80,67,2839,9.5,20.5,0.46399999999999997,2.2,5.8,0.37,7.4,14.7,0.501,5.4,6.9,0.782,1.9,4.6,6.5,4.0,1.6,1.1,3.0,4.3,26.6,111.0,101.0,2000,Clifford Robinson-2000,0.0,Not Selected,Forward,PHO,0.044575273338940284
1999-00,David Robinson,robinda01,C,34,SAS,80,80,2557,10.9,21.3,0.512,0.0,0.0,0.0,10.9,21.3,0.513,7.7,10.6,0.726,4.0,11.9,15.9,2.9,2.0,3.8,3.4,5.1,29.5,112.0,92.0,2000,David Robinson-2000,3.0,3rd,Center,SAS,0.044575273338940284
1999-00,Eddie Robinson,robined01,SF,23,CHH,67,8,1112,9.7,17.7,0.5489999999999999,0.0,0.2,0.0,9.7,17.6,0.555,2.2,2.9,0.7340000000000001,2.5,6.0,8.5,1.5,2.2,1.1,1.8,3.1,21.6,109.0,102.0,2000,Eddie Robinson-2000,0.0,Not Selected,Forward,CHO,0.04121110176619008
1999-00,Glenn Robinson,robingl01,SF,27,MIL,81,81,2909,12.3,26.0,0.47200000000000003,1.5,4.2,0.363,10.7,21.8,0.493,4.0,5.0,0.802,1.9,6.7,8.6,3.4,1.4,0.7,4.0,3.8,30.1,103.0,109.0,2000,Glenn Robinson-2000,0.0,Not Selected,Forward,MIL,0.03532380151387721
1999-00,Dennis Rodman,rodmade01,PF,38,DAL,12,12,389,1.6,4.0,0.387,0.0,0.1,0.0,1.6,3.9,0.4,1.3,1.8,0.7140000000000001,6.2,16.0,22.2,1.8,0.3,0.1,2.5,5.3,4.4,102.0,103.0,2000,Dennis Rodman-2000,0.0,Not Selected,Forward,DAL,0.0336417157275021
1999-00,Carlos Rogers,rogerca01,C,28,HOU,53,15,1101,7.9,15.0,0.525,0.0,0.6,0.071,7.8,14.3,0.545,3.7,6.3,0.591,4.5,8.2,12.7,1.9,0.6,1.6,2.9,3.6,19.5,107.0,106.0,2000,Carlos Rogers-2000,0.0,Not Selected,Center,HOU,0.028595458368376788
1999-00,Rodney Rogers,rogerro01,PF,28,PHO,82,7,2286,9.6,19.7,0.486,2.6,5.9,0.439,7.0,13.8,0.506,3.6,5.6,0.639,3.1,6.9,10.0,3.8,2.1,1.0,3.6,6.5,25.2,107.0,99.0,2000,Rodney Rogers-2000,0.0,Not Selected,Forward,PHO,0.044575273338940284
1999-00,Roy Rogers,rogerro02,PF,26,DEN,40,0,355,5.0,12.6,0.39799999999999996,0.0,0.1,0.0,5.0,12.4,0.402,2.7,5.9,0.46299999999999997,4.7,6.7,11.4,1.3,0.3,5.4,1.4,5.1,12.7,96.0,104.0,2000,Roy Rogers-2000,0.0,Not Selected,Forward,DEN,0.02943650126156434
1999-00,Sean Rooks,rooksse01,C,30,DAL,71,13,1001,6.2,14.3,0.431,0.0,0.0,0.0,6.2,14.3,0.431,3.3,4.5,0.73,4.1,8.4,12.5,3.4,1.5,2.6,3.5,8.5,15.6,96.0,104.0,2000,Sean Rooks-2000,0.0,Not Selected,Center,DAL,0.0336417157275021
1999-00,Jalen Rose,roseja01,SF,27,IND,80,80,2978,9.7,20.7,0.47100000000000003,1.3,3.4,0.39299999999999996,8.4,17.3,0.486,4.4,5.3,0.8270000000000001,0.7,6.0,6.7,5.5,1.5,0.8,3.3,4.1,25.2,106.0,105.0,2000,Jalen Rose-2000,0.0,Not Selected,Forward,IND,0.04709840201850295
1999-00,Malik Rose,rosema01,PF,25,SAS,74,3,1341,6.9,15.2,0.457,0.0,0.1,0.33299999999999996,6.9,15.1,0.45799999999999996,5.6,7.8,0.722,5.2,8.0,13.2,1.9,1.4,2.1,3.9,9.2,19.6,101.0,98.0,2000,Malik Rose-2000,0.0,Not Selected,Forward,SAS,0.044575273338940284
1999-00,Michael Ruffin,ruffimi01,PF,23,CHI,71,6,975,3.2,7.6,0.42,0.0,0.0,0.0,3.2,7.6,0.42,2.4,4.8,0.489,6.4,7.3,13.8,2.4,1.4,1.4,3.2,9.4,8.8,91.0,104.0,2000,Michael Ruffin-2000,0.0,Not Selected,Forward,CHI,0.014297729184188394
1999-00,Bryon Russell,russebr01,SF,29,UTA,82,70,2900,7.5,16.9,0.446,2.0,4.9,0.396,5.6,11.9,0.467,4.4,5.8,0.75,1.8,6.1,7.9,2.9,2.4,0.4,1.9,4.7,21.4,112.0,102.0,2000,Bryon Russell-2000,0.0,Not Selected,Forward,UTA,0.04625735912531539
1999-00,Arvydas Sabonis,sabonar01,C,35,POR,66,61,1688,9.6,18.9,0.505,0.2,0.6,0.368,9.3,18.3,0.509,5.3,6.3,0.843,3.1,13.2,16.2,3.7,1.4,2.5,3.1,5.8,24.6,112.0,96.0,2000,Arvydas Sabonis-2000,0.0,Not Selected,Center,POR,0.0496215306980656
1999-00,John Salley,sallejo01,C,35,LAL,45,3,303,4.2,11.7,0.36200000000000004,0.0,0.0,0.0,4.2,11.7,0.36200000000000004,3.6,4.8,0.75,3.4,7.6,11.0,4.4,1.4,2.4,3.1,11.4,12.0,94.0,97.0,2000,John Salley-2000,0.0,Not Selected,Center,LAL,0.056349873843566024
1999-00,Detlef Schrempf,schrede01,SF,37,POR,77,6,1662,6.0,13.9,0.43200000000000005,0.7,1.7,0.40399999999999997,5.3,12.2,0.436,5.8,6.9,0.833,2.5,8.1,10.7,6.3,1.2,0.5,3.2,5.8,18.4,111.0,102.0,2000,Detlef Schrempf-2000,0.0,Not Selected,Forward,POR,0.0496215306980656
1999-00,Dennis Scott,scottde01,SF,31,VAN,66,0,1263,5.2,13.9,0.375,3.0,7.9,0.376,2.3,6.0,0.375,2.0,2.4,0.8420000000000001,0.7,3.8,4.4,2.9,1.2,0.4,1.3,4.3,15.4,109.0,112.0,2000,Dennis Scott-2000,0.0,Not Selected,Forward,MEM,0.018502943650126155
1999-00,Malik Sealy,sealyma01,SF,29,MIN,82,61,2392,8.1,17.1,0.47600000000000003,0.2,0.8,0.28600000000000003,7.9,16.3,0.485,3.9,4.8,0.812,2.6,5.1,7.7,4.3,1.7,0.4,2.4,4.3,20.3,108.0,105.0,2000,Malik Sealy-2000,0.0,Not Selected,Forward,MIN,0.04205214465937763
1999-00,Brian Shaw,shawbr01,SG,33,LAL,74,2,1249,5.1,13.3,0.382,0.7,2.4,0.31,4.3,10.9,0.39799999999999996,1.7,2.2,0.759,1.9,7.0,8.9,8.3,1.4,0.6,3.1,4.3,12.6,97.0,100.0,2000,Brian Shaw-2000,0.0,Not Selected,Guard,LAL,0.056349873843566024
1999-00,Dickey Simpkins,simpkdi01,PF,27,CHI,69,48,1651,3.6,8.9,0.405,0.0,0.0,0.0,3.6,8.9,0.40700000000000003,2.1,3.9,0.542,4.0,8.1,12.1,3.3,0.7,0.7,4.2,7.1,9.3,81.0,106.0,2000,Dickey Simpkins-2000,0.0,Not Selected,Forward,CHI,0.014297729184188394
1999-00,Brian Skinner,skinnbr01,PF,23,LAC,33,9,775,4.5,8.8,0.507,0.0,0.0,0.0,4.5,8.8,0.507,2.8,4.3,0.662,4.2,9.1,13.3,0.7,1.1,2.9,2.4,4.9,11.8,104.0,108.0,2000,Brian Skinner-2000,0.0,Not Selected,Forward,LAC,0.012615643397813289
1999-00,Joe Smith,smithjo02,C,24,MIN,78,9,1975,7.7,16.5,0.46399999999999997,0.0,0.0,1.0,7.6,16.5,0.46299999999999997,5.2,6.8,0.7559999999999999,4.9,7.9,12.8,2.3,1.2,2.3,3.2,8.0,20.5,105.0,102.0,2000,Joe Smith-2000,0.0,Not Selected,Center,MIN,0.04205214465937763
1999-00,Michael Smith,smithmi02,SF,27,WAS,46,46,1145,4.9,8.7,0.563,0.0,0.0,0.0,4.9,8.6,0.565,3.3,4.6,0.723,5.5,9.5,15.0,2.5,1.2,1.0,2.0,5.7,13.1,123.0,106.0,2000,Michael Smith-2000,0.0,Not Selected,Forward,WAS,0.024390243902439025
1999-00,Steve Smith,smithst01,SG,30,POR,82,81,2689,8.3,17.9,0.467,1.9,4.8,0.39799999999999996,6.4,13.1,0.49200000000000005,5.7,6.8,0.85,2.4,3.8,6.2,4.2,1.4,0.6,2.3,4.3,24.3,120.0,104.0,2000,Steve Smith-2000,0.0,Not Selected,Guard,POR,0.0496215306980656
1999-00,Rik Smits,smitsri01,C,33,IND,79,79,1852,12.0,24.8,0.484,0.0,0.0,0.0,12.0,24.8,0.485,4.3,5.9,0.7390000000000001,2.6,8.5,11.2,2.4,0.6,2.8,3.0,6.9,28.3,101.0,103.0,2000,Rik Smits-2000,0.0,Not Selected,Center,IND,0.04709840201850295
1999-00,Eric Snow,snower01,PG,26,PHI,82,80,2866,4.6,10.8,0.43,0.2,0.8,0.244,4.4,10.0,0.446,2.3,3.2,0.7120000000000001,0.8,4.0,4.7,11.3,2.5,0.1,2.9,4.4,11.8,105.0,102.0,2000,Eric Snow-2000,0.0,Not Selected,Guard,PHI,0.04121110176619008
1999-00,Felton Spencer,spencfe01,C,32,SAS,26,0,149,5.3,11.7,0.455,0.0,0.0,0.0,5.3,11.7,0.455,7.1,10.6,0.667,5.3,8.5,13.8,1.1,2.1,2.8,3.2,11.4,17.7,106.0,95.0,2000,Felton Spencer-2000,0.0,Not Selected,Center,SAS,0.044575273338940284
1999-00,Latrell Sprewell,sprewla01,SF,29,NYK,82,82,3276,9.3,21.4,0.435,0.7,2.1,0.34600000000000003,8.6,19.4,0.445,5.7,6.5,0.866,0.8,4.9,5.7,5.5,1.8,0.4,3.7,3.0,25.0,101.0,102.0,2000,Latrell Sprewell-2000,0.0,Not Selected,Forward,NYK,0.04205214465937763
1999-00,Ryan Stack,stackry01,PF,24,CLE,25,0,198,4.3,12.9,0.33299999999999996,0.0,0.3,0.0,4.3,12.7,0.34,4.6,6.8,0.667,3.8,7.6,11.4,1.3,1.0,2.8,4.3,11.9,13.2,79.0,103.0,2000,Ryan Stack-2000,0.0,Not Selected,Forward,CLE,0.02691337258200168
1999-00,Jerry Stackhouse,stackje01,SG,25,DET,82,82,3148,9.9,23.1,0.428,1.3,4.6,0.28800000000000003,8.5,18.5,0.462,9.9,12.1,0.815,1.9,3.1,5.0,5.8,1.6,0.6,5.0,3.0,30.9,106.0,108.0,2000,Jerry Stackhouse-2000,0.0,Not Selected,Guard,DET,0.03532380151387721
1999-00,John Starks,starkjo01,SG,34,TOT,37,30,1190,8.6,23.0,0.375,2.5,7.3,0.345,6.1,15.8,0.38799999999999996,2.1,2.5,0.847,0.4,3.9,4.3,7.7,1.8,0.2,2.8,4.3,21.9,98.0,111.0,2000,John Starks-2000,0.0,Not Selected,Guard,TOT,0.03333333333333334
1999-00,Vladimir Stepania,stepavl01,C,23,SEA,30,1,202,7.4,20.1,0.36700000000000005,0.0,1.5,0.0,7.4,18.6,0.397,4.3,9.2,0.47200000000000003,5.3,6.6,12.0,0.8,2.5,2.8,5.6,11.2,19.1,76.0,101.0,2000,Vladimir Stepania-2000,0.0,Not Selected,Center,OKC,0.03784693019343986
1999-00,Joe Stephens,stephjo01,SF,27,VAN,13,0,181,5.5,14.9,0.373,0.0,2.3,0.0,5.5,12.5,0.442,0.9,1.2,0.75,3.8,6.7,10.5,3.2,2.0,0.9,1.7,2.6,12.0,92.0,107.0,2000,Joe Stephens-2000,0.0,Not Selected,Forward,MEM,0.018502943650126155
1999-00,Michael Stewart,stewami01,C,24,TOR,42,1,389,2.7,7.1,0.377,0.0,0.0,0.0,2.7,7.1,0.377,2.4,4.3,0.563,4.4,8.1,12.5,0.8,0.7,2.5,2.3,10.8,7.7,91.0,105.0,2000,Michael Stewart-2000,0.0,Not Selected,Center,TOR,0.03784693019343986
1999-00,Bryant Stith,stithbr01,SG,29,DEN,45,6,691,6.3,13.9,0.455,1.2,4.1,0.304,5.1,9.8,0.519,4.7,5.6,0.831,1.7,4.5,6.2,4.5,1.3,0.9,2.4,4.1,18.6,113.0,108.0,2000,Bryant Stith-2000,0.0,Not Selected,Guard,DEN,0.02943650126156434
1999-00,John Stockton,stockjo01,PG,37,UTA,82,82,2432,8.0,16.0,0.501,0.9,2.7,0.355,7.0,13.3,0.53,4.9,5.7,0.86,1.0,3.7,4.7,15.5,3.1,0.3,3.9,4.2,21.8,121.0,102.0,2000,John Stockton-2000,0.0,Not Selected,Guard,UTA,0.04625735912531539
1999-00,Peja Stojaković,stojape01,SF,22,SAC,74,11,1749,8.9,19.8,0.44799999999999995,2.8,7.4,0.375,6.1,12.4,0.491,3.7,4.2,0.882,2.0,5.6,7.6,2.9,1.4,0.2,2.4,2.7,24.2,111.0,105.0,2000,Peja Stojaković-2000,0.0,Not Selected,Forward,SAC,0.03700588730025231
1999-00,Damon Stoudamire,stoudda01,PG,26,POR,78,78,2372,8.7,20.1,0.43200000000000005,1.8,4.8,0.377,6.9,15.4,0.449,2.7,3.3,0.841,1.4,4.1,5.5,9.1,1.7,0.0,3.4,3.9,21.9,107.0,104.0,2000,Damon Stoudamire-2000,0.0,Not Selected,Guard,POR,0.0496215306980656
1999-00,Erick Strickland,stricer01,SG,26,DAL,68,67,2025,7.9,18.2,0.433,1.8,4.6,0.392,6.1,13.6,0.447,4.0,4.9,0.831,1.7,6.3,8.1,5.3,2.6,0.3,2.5,4.7,21.7,108.0,105.0,2000,Erick Strickland-2000,0.0,Not Selected,Guard,DAL,0.0336417157275021
1999-00,Mark Strickland,stricma01,SF,29,MIA,58,5,663,9.9,18.1,0.545,0.0,0.0,0.0,9.9,18.1,0.545,3.2,4.5,0.7140000000000001,3.6,7.8,11.3,1.8,1.2,1.5,1.9,5.5,22.9,113.0,101.0,2000,Mark Strickland-2000,0.0,Not Selected,Forward,MIA,0.04373423044575273
1999-00,Rod Strickland,stricro02,PG,33,WAS,69,67,2188,7.7,18.0,0.429,0.0,0.5,0.048,7.7,17.5,0.44,5.1,7.2,0.7020000000000001,1.7,4.4,6.1,12.3,2.2,0.4,4.4,3.5,20.6,103.0,108.0,2000,Rod Strickland-2000,0.0,Not Selected,Guard,WAS,0.024390243902439025
1999-00,Derek Strong,stronde01,PF,31,ORL,20,0,148,7.0,16.0,0.43799999999999994,0.3,1.3,0.25,6.7,14.7,0.455,3.7,4.7,0.7859999999999999,3.7,11.0,14.7,1.3,1.7,0.7,4.0,5.0,18.0,94.0,99.0,2000,Derek Strong-2000,0.0,Not Selected,Forward,ORL,0.034482758620689655
1999-00,Bruno Šundov,sundobr01,C,19,DAL,14,0,61,9.9,25.7,0.387,0.0,0.0,0.0,9.9,25.7,0.387,1.7,1.7,1.0,4.1,5.8,9.9,1.7,1.7,1.7,3.3,13.3,21.6,84.0,106.0,2000,Bruno Šundov-2000,0.0,Not Selected,Center,DAL,0.0336417157275021
1999-00,Bob Sura,surabo01,SG,26,CLE,73,45,2216,8.1,18.4,0.43700000000000006,2.8,7.5,0.36700000000000005,5.3,10.9,0.484,4.0,5.7,0.6970000000000001,1.1,5.4,6.5,6.4,2.1,0.4,3.3,4.5,22.8,106.0,105.0,2000,Bob Sura-2000,0.0,Not Selected,Guard,CLE,0.02691337258200168
1999-00,Wally Szczerbiak,szczewa02,SF,22,MIN,73,53,2171,8.2,16.1,0.511,0.7,1.9,0.359,7.6,14.2,0.531,3.2,3.9,0.826,2.1,4.4,6.6,4.8,1.4,0.6,2.0,4.2,20.4,116.0,106.0,2000,Wally Szczerbiak-2000,0.0,Not Selected,Forward,MIN,0.04205214465937763
1999-00,Žan Tabak,tabakza01,C,29,IND,18,0,114,7.2,15.4,0.47100000000000003,0.0,0.0,0.0,7.2,15.4,0.47100000000000003,2.3,3.6,0.625,7.2,7.2,14.5,1.8,1.4,4.1,5.0,5.9,16.7,93.0,101.0,2000,Žan Tabak-2000,0.0,Not Selected,Center,IND,0.04709840201850295
1999-00,Johnny Taylor,taylojo01,SF,25,TOT,6,0,34,7.3,20.4,0.35700000000000004,1.5,1.5,1.0,5.8,18.9,0.308,0.0,0.0,0.0,2.9,5.8,8.7,1.5,1.5,1.5,2.9,7.3,16.0,81.0,103.0,2000,Johnny Taylor-2000,0.0,Not Selected,Forward,TOT,0.03333333333333334
1999-00,Maurice Taylor,tayloma01,PF,23,LAC,62,60,2227,10.5,22.7,0.46399999999999997,0.0,0.2,0.125,10.5,22.5,0.466,3.3,4.6,0.711,2.2,7.0,9.2,2.3,1.2,1.1,3.9,5.0,24.3,93.0,111.0,2000,Maurice Taylor-2000,0.0,Not Selected,Forward,LAC,0.012615643397813289
1999-00,Jason Terry,terryja01,PG,22,ATL,81,27,1888,6.9,16.6,0.415,1.3,4.4,0.293,5.6,12.3,0.45799999999999996,3.1,3.9,0.807,0.7,3.9,4.6,9.6,2.5,0.3,4.3,3.7,18.2,100.0,108.0,2000,Jason Terry-2000,0.0,Not Selected,Guard,ATL,0.023549201009251473
1999-00,Jamel Thomas,thomaja01,SF,26,TOT,7,0,46,8.8,19.8,0.444,0.0,3.3,0.0,8.8,16.5,0.5329999999999999,1.1,1.1,1.0,1.1,4.4,5.5,6.6,1.1,0.0,5.5,2.2,18.7,85.0,111.0,2000,Jamel Thomas-2000,0.0,Not Selected,Forward,TOT,0.03333333333333334
1999-00,John Thomas,thomajo02,C,24,TOR,55,6,477,5.3,11.6,0.45799999999999996,0.0,0.1,0.0,5.3,11.5,0.462,1.7,4.5,0.39,4.0,4.1,8.2,1.0,1.3,1.5,1.5,11.5,12.4,97.0,107.0,2000,John Thomas-2000,0.0,Not Selected,Center,TOR,0.03784693019343986
1999-00,Kenny Thomas,thomake01,PF,22,HOU,72,29,1797,6.0,15.1,0.39899999999999997,0.9,3.5,0.262,5.1,11.6,0.44,3.9,5.9,0.66,4.2,8.2,12.4,3.2,1.5,0.6,3.2,4.7,16.8,99.0,105.0,2000,Kenny Thomas-2000,0.0,Not Selected,Forward,HOU,0.028595458368376788
1999-00,Kurt Thomas,thomaku01,PF,27,NYK,80,21,1971,7.4,14.6,0.505,0.0,0.1,0.33299999999999996,7.3,14.5,0.506,2.7,3.5,0.7809999999999999,3.9,9.9,13.8,2.2,1.4,1.1,2.9,7.6,17.5,105.0,99.0,2000,Kurt Thomas-2000,0.0,Not Selected,Forward,NYK,0.04205214465937763
1999-00,Tim Thomas,thomati01,SF,22,MIL,80,1,2093,8.6,18.6,0.461,1.6,4.5,0.34600000000000003,7.0,14.1,0.49700000000000005,4.6,6.0,0.774,2.5,5.7,8.2,2.8,1.5,0.8,3.2,5.6,23.4,107.0,109.0,2000,Tim Thomas-2000,0.0,Not Selected,Forward,MIL,0.03532380151387721
1999-00,Otis Thorpe,thorpot01,PF,37,MIA,51,1,777,8.6,16.7,0.514,0.0,0.2,0.0,8.6,16.5,0.521,2.0,3.3,0.604,3.9,7.6,11.4,2.3,1.8,0.6,4.1,9.4,19.2,96.0,101.0,2000,Otis Thorpe-2000,0.0,Not Selected,Forward,MIA,0.04373423044575273
1999-00,Robert Traylor,traylro01,PF,22,MIL,44,16,447,6.7,14.1,0.475,0.0,0.5,0.0,6.7,13.7,0.49200000000000005,4.7,7.9,0.603,5.8,7.5,13.3,2.3,2.9,2.9,3.1,9.1,18.2,105.0,103.0,2000,Robert Traylor-2000,0.0,Not Selected,Forward,MIL,0.03532380151387721
1999-00,Gary Trent,trentga01,SF,25,DAL,11,11,301,11.8,23.9,0.493,0.0,0.3,0.0,11.8,23.5,0.5,1.8,3.5,0.524,3.4,5.4,8.7,3.7,1.3,0.5,4.2,4.7,25.4,95.0,109.0,2000,Gary Trent-2000,0.0,Not Selected,Forward,DAL,0.0336417157275021
1999-00,Mirsad Türkcan,turkcmi01,PF,23,TOT,17,0,90,8.1,22.1,0.368,0.0,3.5,0.0,8.1,18.6,0.43799999999999994,2.9,4.7,0.625,7.6,11.6,19.2,2.9,1.7,0.6,4.7,8.1,19.2,86.0,102.0,2000,Mirsad Türkcan-2000,0.0,Not Selected,Forward,TOT,0.03333333333333334
1999-00,Wayne Turner,turnewa01,PG,23,BOS,3,0,41,1.2,7.4,0.16699999999999998,0.0,0.0,0.0,1.2,7.4,0.16699999999999998,2.5,7.4,0.33299999999999996,1.2,2.5,3.7,6.2,0.0,0.0,3.7,5.0,5.0,60.0,113.0,2000,Wayne Turner-2000,0.0,Not Selected,Guard,BOS,0.02943650126156434
1999-00,Nick Van Exel,vanexni01,PG,28,DEN,79,79,2950,8.1,20.8,0.39,2.3,6.9,0.332,5.8,13.9,0.419,3.4,4.1,0.8170000000000001,0.6,4.8,5.3,12.3,1.2,0.2,3.8,2.5,21.9,104.0,109.0,2000,Nick Van Exel-2000,0.0,Not Selected,Guard,DEN,0.02943650126156434
1999-00,Keith Van Horn,vanhoke01,PF,24,NJN,80,80,2782,10.4,23.4,0.445,1.6,4.3,0.368,8.9,19.2,0.462,6.2,7.3,0.847,3.7,8.9,12.6,2.9,1.2,1.1,4.6,4.8,28.6,103.0,106.0,2000,Keith Van Horn-2000,0.0,Not Selected,Forward,BRK,0.02607232968881413
1999-00,Jacque Vaughn,vaughja01,PG,24,UTA,78,0,884,6.6,15.9,0.41600000000000004,0.8,2.1,0.41200000000000003,5.8,13.8,0.41700000000000004,3.5,4.6,0.75,0.7,3.3,3.9,7.3,1.9,0.0,4.7,5.6,17.5,92.0,105.0,2000,Jacque Vaughn-2000,0.0,Not Selected,Guard,UTA,0.04625735912531539
1999-00,Loy Vaught,vaughlo01,PF,31,DET,43,0,292,5.5,15.3,0.36,0.0,0.5,0.0,5.5,14.8,0.37200000000000005,1.9,2.7,0.688,4.5,11.2,15.6,1.9,1.0,0.7,1.9,7.7,12.9,90.0,104.0,2000,Loy Vaught-2000,0.0,Not Selected,Forward,DET,0.03532380151387721
1999-00,Fred Vinson,vinsofr01,SG,29,SEA,8,0,40,6.4,21.9,0.294,2.6,9.0,0.28600000000000003,3.9,12.9,0.3,1.3,2.6,0.5,0.0,1.3,1.3,0.0,3.9,0.0,5.1,2.6,16.7,62.0,105.0,2000,Fred Vinson-2000,0.0,Not Selected,Guard,OKC,0.03784693019343986
1999-00,Antoine Walker,walkean02,PF,23,BOS,82,82,3003,11.0,25.4,0.43,1.2,4.8,0.256,9.7,20.6,0.47100000000000003,5.3,7.5,0.6990000000000001,3.4,7.7,11.0,5.2,2.0,0.5,4.4,4.4,28.4,100.0,105.0,2000,Antoine Walker-2000,0.0,Not Selected,Forward,BOS,0.02943650126156434
1999-00,Samaki Walker,walkesa01,PF,23,SAS,71,7,980,7.4,16.5,0.449,0.0,0.0,0.0,7.4,16.5,0.449,4.6,6.8,0.6829999999999999,4.2,10.5,14.7,2.1,0.5,1.9,3.5,5.8,19.4,98.0,98.0,2000,Samaki Walker-2000,0.0,Not Selected,Forward,SAS,0.044575273338940284
1999-00,Ben Wallace,wallabe01,PF,25,ORL,81,81,1959,4.2,8.4,0.503,0.0,0.0,0.0,4.2,8.4,0.503,1.4,2.9,0.474,5.3,11.4,16.7,1.7,1.8,3.3,1.7,4.1,9.8,109.0,96.0,2000,Ben Wallace-2000,0.0,Not Selected,Forward,ORL,0.034482758620689655
1999-00,John Wallace,wallajo01,SF,25,NYK,60,0,798,10.5,22.4,0.467,0.0,0.2,0.0,10.5,22.2,0.47100000000000003,5.5,6.9,0.804,2.8,6.3,9.1,1.5,0.7,0.9,4.2,6.9,26.4,96.0,103.0,2000,John Wallace-2000,0.0,Not Selected,Forward,NYK,0.04205214465937763
1999-00,Rasheed Wallace,wallara01,PF,25,POR,81,77,2845,10.2,19.6,0.519,0.2,0.9,0.16,10.0,18.7,0.537,4.4,6.2,0.7040000000000001,2.4,8.2,10.6,2.7,1.6,2.0,2.9,4.1,24.9,108.0,99.0,2000,Rasheed Wallace-2000,0.0,Not Selected,Forward,POR,0.0496215306980656
1999-00,Rex Walters,waltere01,PG,29,MIA,33,0,389,5.2,12.5,0.418,0.7,2.8,0.25,4.5,9.8,0.465,1.7,2.2,0.75,1.1,3.9,5.0,8.9,0.8,0.0,4.0,6.1,12.8,95.0,106.0,2000,Rex Walters-2000,0.0,Not Selected,Guard,MIA,0.04373423044575273
1999-00,Charlie Ward,wardch01,PG,29,NYK,72,69,1986,5.1,12.1,0.423,2.8,7.2,0.386,2.4,5.0,0.475,1.3,1.6,0.828,0.6,5.6,6.2,8.1,2.6,0.4,2.8,4.8,14.3,109.0,100.0,2000,Charlie Ward-2000,0.0,Not Selected,Guard,NYK,0.04205214465937763
1999-00,Clarence Weatherspoon,weathcl01,PF,29,MIA,78,2,1615,7.1,13.9,0.513,0.0,0.0,0.0,7.1,13.9,0.513,4.5,6.1,0.738,4.2,10.6,14.9,3.1,1.7,1.6,3.3,5.5,18.7,108.0,98.0,2000,Clarence Weatherspoon-2000,0.0,Not Selected,Forward,MIA,0.04373423044575273
1999-00,Chris Webber,webbech01,PF,26,SAC,75,75,2880,12.6,26.0,0.483,0.5,1.6,0.284,12.1,24.4,0.496,5.2,6.9,0.7509999999999999,3.2,10.0,13.2,5.8,2.0,2.1,3.7,4.4,30.8,107.0,98.0,2000,Chris Webber-2000,3.0,3rd,Forward,SAC,0.03700588730025231
1999-00,Bonzi Wells,wellsbo01,SF,23,POR,66,0,1162,10.8,22.1,0.49200000000000005,0.9,2.4,0.377,9.9,19.6,0.506,4.0,5.9,0.682,3.6,4.8,8.4,4.5,3.2,0.6,4.5,7.0,26.7,103.0,100.0,2000,Bonzi Wells-2000,0.0,Not Selected,Forward,POR,0.0496215306980656
1999-00,Bill Wennington,wennibi01,C,36,SAC,7,0,57,5.1,16.1,0.316,0.0,0.0,0.0,5.1,16.1,0.316,1.7,1.7,1.0,4.2,11.9,16.1,0.8,1.7,1.7,0.8,11.0,11.9,87.0,98.0,2000,Bill Wennington-2000,0.0,Not Selected,Center,SAC,0.03700588730025231
1999-00,David Wesley,wesleda01,PG,29,CHH,82,82,2760,7.5,17.7,0.426,1.6,4.6,0.355,5.9,13.1,0.451,4.0,5.1,0.778,0.7,3.4,4.2,8.6,2.0,0.2,2.9,3.4,20.7,106.0,105.0,2000,David Wesley-2000,0.0,Not Selected,Guard,CHO,0.04121110176619008
1999-00,Doug West,westdo01,SG,32,VAN,38,0,581,5.4,13.2,0.40700000000000003,0.0,0.3,0.0,5.4,12.9,0.415,3.1,3.6,0.85,1.6,4.8,6.4,3.9,1.1,0.7,1.7,7.3,13.8,102.0,111.0,2000,Doug West-2000,0.0,Not Selected,Guard,MEM,0.018502943650126155
1999-00,Mark West,westma01,C,39,PHO,22,2,127,2.0,4.8,0.41700000000000004,0.0,0.0,0.0,2.0,4.8,0.41700000000000004,2.0,3.2,0.625,2.4,10.1,12.5,0.8,0.8,1.6,2.4,9.2,6.0,86.0,98.0,2000,Mark West-2000,0.0,Not Selected,Center,PHO,0.044575273338940284
1999-00,Jahidi White,whiteja01,C,23,WAS,80,59,1537,7.7,15.2,0.507,0.0,0.0,0.0,7.7,15.2,0.507,3.8,7.1,0.536,6.8,11.8,18.6,0.5,1.0,2.8,3.2,7.9,19.2,103.0,103.0,2000,Jahidi White-2000,0.0,Not Selected,Center,WAS,0.024390243902439025
1999-00,Chris Whitney,whitnch01,PG,28,WAS,82,15,1627,6.9,16.6,0.41700000000000004,3.1,8.1,0.376,3.8,8.5,0.455,3.6,4.2,0.848,0.6,3.6,4.3,10.0,1.7,0.2,3.4,5.3,20.4,113.0,109.0,2000,Chris Whitney-2000,0.0,Not Selected,Guard,WAS,0.024390243902439025
1999-00,Aaron Williams,williaa01,PF,28,WAS,81,0,1545,7.9,15.1,0.522,0.0,0.1,0.0,7.9,15.0,0.526,4.9,6.7,0.726,5.3,8.4,13.7,1.9,1.4,3.1,2.7,7.8,20.6,114.0,104.0,2000,Aaron Williams-2000,0.0,Not Selected,Forward,WAS,0.024390243902439025
1999-00,Alvin Williams,willial02,PG,25,TOR,55,28,779,7.6,19.1,0.397,1.1,3.7,0.29100000000000004,6.5,15.5,0.42200000000000004,3.2,4.3,0.738,1.8,3.9,5.7,8.4,2.3,0.7,3.1,5.2,19.5,100.0,106.0,2000,Alvin Williams-2000,0.0,Not Selected,Guard,TOR,0.03784693019343986
1999-00,Eric Williams,willier01,SF,27,BOS,68,17,1378,6.1,14.2,0.42700000000000005,0.9,2.7,0.34700000000000003,5.2,11.6,0.446,4.9,6.2,0.7929999999999999,2.0,3.7,5.7,3.4,1.6,0.6,2.4,6.1,18.0,108.0,108.0,2000,Eric Williams-2000,0.0,Not Selected,Forward,BOS,0.02943650126156434
1999-00,Jason Williams,willija02,PG,24,SAC,81,81,2760,6.4,17.0,0.373,2.5,8.8,0.287,3.8,8.2,0.466,2.2,3.0,0.753,0.4,3.6,4.0,10.3,2.0,0.1,5.2,2.5,17.5,93.0,105.0,2000,Jason Williams-2000,0.0,Not Selected,Guard,SAC,0.03700588730025231
1999-00,Jerome Williams,willije01,PF,26,DET,82,1,2102,6.1,10.9,0.564,0.0,0.1,0.0,6.1,10.8,0.5670000000000001,4.2,6.8,0.616,6.6,12.2,18.8,1.6,2.3,0.5,2.5,4.7,16.4,118.0,101.0,2000,Jerome Williams-2000,0.0,Not Selected,Forward,DET,0.03532380151387721
1999-00,Lorenzo Williams,willilo01,PF,30,WAS,8,0,76,4.8,6.1,0.778,0.0,0.0,0.0,4.8,6.1,0.778,0.0,0.0,0.0,8.2,8.9,17.0,0.7,2.0,4.1,2.0,8.9,9.5,134.0,101.0,2000,Lorenzo Williams-2000,0.0,Not Selected,Forward,WAS,0.024390243902439025
1999-00,Monty Williams,willimo01,SF,28,ORL,75,23,1501,8.6,17.7,0.489,0.1,0.2,0.4,8.6,17.5,0.49,4.0,5.5,0.741,3.2,5.1,8.2,3.5,1.5,0.6,3.6,6.1,21.4,104.0,104.0,2000,Monty Williams-2000,0.0,Not Selected,Forward,ORL,0.034482758620689655
1999-00,Scott Williams,willisc01,C,31,MIL,68,46,1488,7.4,14.8,0.5,0.0,0.0,0.0,7.4,14.8,0.5,3.3,4.5,0.7290000000000001,6.2,9.4,15.6,1.0,1.4,2.3,2.3,8.0,18.1,112.0,105.0,2000,Scott Williams-2000,0.0,Not Selected,Center,MIL,0.03532380151387721
1999-00,Shammond Williams,willish01,PG,24,SEA,43,5,517,8.4,22.4,0.373,2.4,8.1,0.29600000000000004,6.0,14.3,0.41700000000000004,3.3,5.1,0.647,1.2,4.0,5.2,7.8,1.8,0.0,4.0,3.9,22.4,94.0,107.0,2000,Shammond Williams-2000,0.0,Not Selected,Guard,OKC,0.03784693019343986
1999-00,Walt Williams,williwa02,SF,29,HOU,76,66,1859,8.6,18.7,0.45799999999999996,2.8,7.2,0.391,5.8,11.5,0.5,2.8,3.4,0.821,1.9,6.5,8.4,4.3,1.3,1.2,3.1,5.2,22.7,109.0,106.0,2000,Walt Williams-2000,0.0,Not Selected,Forward,HOU,0.028595458368376788
1999-00,Corliss Williamson,willico02,SF,26,SAC,76,76,1707,8.8,17.6,0.5,0.0,0.0,0.0,8.8,17.6,0.5,4.6,6.0,0.769,3.5,4.8,8.2,2.3,1.1,0.5,3.1,5.4,22.2,106.0,106.0,2000,Corliss Williamson-2000,0.0,Not Selected,Forward,SAC,0.03700588730025231
1999-00,Kevin Willis,willike02,PF,37,TOR,79,1,1679,7.3,17.6,0.415,0.0,0.1,0.33299999999999996,7.3,17.5,0.415,4.1,5.1,0.799,6.2,8.7,14.9,1.5,1.1,1.5,3.0,7.9,18.7,99.0,105.0,2000,Kevin Willis-2000,0.0,Not Selected,Forward,TOR,0.03784693019343986
1999-00,Dedric Willoughby,willode01,PG,25,CHI,25,1,508,6.4,18.9,0.341,3.1,10.4,0.29600000000000004,3.4,8.6,0.395,4.1,5.4,0.765,1.2,4.2,5.4,7.0,2.4,0.2,3.9,3.4,20.1,96.0,106.0,2000,Dedric Willoughby-2000,0.0,Not Selected,Guard,CHI,0.014297729184188394
1999-00,David Wingate,wingada01,SG,36,NYK,7,0,32,1.7,15.1,0.111,0.0,0.0,0.0,1.7,15.1,0.111,0.0,0.0,0.0,1.7,1.7,3.4,5.0,1.7,3.4,3.4,11.8,3.4,40.0,101.0,2000,David Wingate-2000,0.0,Not Selected,Guard,NYK,0.04205214465937763
1999-00,Haywoode Workman,workmha01,PG,34,TOT,36,2,350,4.6,13.3,0.344,2.1,6.4,0.326,2.5,7.0,0.36200000000000004,1.5,2.2,0.667,0.1,3.7,3.8,9.0,3.0,0.0,2.7,5.5,12.7,99.0,108.0,2000,Haywoode Workman-2000,0.0,Not Selected,Guard,TOT,0.03333333333333334
1999-00,Metta World Peace,artesro01,SF,20,CHI,72,63,2238,7.4,18.2,0.40700000000000003,1.4,4.6,0.314,6.0,13.6,0.43799999999999994,4.5,6.7,0.674,1.5,5.9,7.4,4.8,2.9,0.9,4.0,3.8,20.8,95.0,103.0,2000,Metta World Peace-2000,0.0,Not Selected,Forward,CHI,0.014297729184188394
1999-00,Lorenzen Wright,wrighlo02,C,24,ATL,75,0,1205,7.8,15.7,0.499,0.0,0.1,0.33299999999999996,7.8,15.5,0.5,3.8,5.9,0.644,5.1,8.2,13.2,0.9,1.3,1.7,2.9,8.8,19.5,106.0,106.0,2000,Lorenzen Wright-2000,0.0,Not Selected,Center,ATL,0.023549201009251473
1999-00,Tim Young,youngti01,C,23,GSW,25,0,137,4.8,14.3,0.33299999999999996,0.0,0.0,0.0,4.8,14.3,0.33299999999999996,10.3,13.2,0.778,4.8,8.1,12.9,1.8,0.7,0.4,3.3,6.6,19.8,103.0,110.0,2000,Tim Young-2000,0.0,Not Selected,Center,GSW,0.0159798149705635
2000-01,Mahmoud Abdul-Rauf,abdulma02,PG,31,VAN,41,0,486,12.9,26.5,0.488,0.4,1.5,0.28600000000000003,12.5,25.0,0.5,2.4,3.1,0.759,0.5,2.2,2.7,8.2,1.0,0.1,2.8,5.4,28.7,104.0,111.0,2001,Mahmoud Abdul-Rauf-2001,0.0,Not Selected,Guard,MEM,0.01934398654331371
2000-01,Tariq Abdul-Wahad,abdulta01,SG,26,DEN,29,12,420,5.3,13.7,0.387,0.5,1.2,0.4,4.8,12.5,0.386,2.6,4.4,0.583,1.7,5.6,7.3,2.7,1.7,1.6,4.2,6.7,13.7,79.0,106.0,2001,Tariq Abdul-Wahad-2001,0.0,Not Selected,Guard,DEN,0.0336417157275021
2000-01,Shareef Abdur-Rahim,abdursh01,SF,24,VAN,81,81,3241,9.8,20.7,0.47200000000000003,0.2,1.0,0.188,9.6,19.6,0.48700000000000004,7.2,8.6,0.8340000000000001,2.8,9.0,11.9,4.0,1.5,1.2,3.7,3.8,26.9,106.0,104.0,2001,Shareef Abdur-Rahim-2001,0.0,Not Selected,Forward,MEM,0.01934398654331371
2000-01,Cory Alexander,alexaco01,PG,27,ORL,26,0,227,4.1,12.7,0.321,0.9,3.6,0.25,3.2,9.1,0.35,2.7,4.1,0.667,0.0,5.7,5.7,8.2,3.6,0.0,5.7,6.6,11.8,77.0,100.0,2001,Cory Alexander-2001,0.0,Not Selected,Guard,ORL,0.03616484440706476
2000-01,Courtney Alexander,alexaco02,PG,23,TOT,65,24,1382,8.9,21.4,0.41700000000000004,0.6,1.7,0.37,8.3,19.7,0.42100000000000004,4.6,5.6,0.82,1.6,3.8,5.3,2.3,1.7,0.2,2.8,5.2,23.1,96.0,109.0,2001,Courtney Alexander-2001,0.0,Not Selected,Guard,TOT,0.03333333333333333
2000-01,Ray Allen,allenra02,SG,25,MIL,82,82,3129,10.5,21.8,0.48,3.4,7.8,0.433,7.1,14.0,0.506,5.8,6.5,0.888,1.7,5.4,7.1,6.2,2.1,0.3,3.4,3.2,30.1,119.0,106.0,2001,Ray Allen-2001,3.0,3rd,Guard,MIL,0.04373423044575273
2000-01,Rafer Alston,alstora01,PG,24,MIL,37,2,288,5.4,15.2,0.35700000000000004,1.4,5.4,0.267,4.0,9.8,0.40700000000000003,1.6,2.4,0.6920000000000001,0.7,4.9,5.6,12.3,2.4,0.0,3.6,4.9,13.9,98.0,106.0,2001,Rafer Alston-2001,0.0,Not Selected,Guard,MIL,0.04373423044575273
2000-01,John Amaechi,amaecjo01,C,30,ORL,82,36,1710,7.1,17.8,0.4,0.0,0.2,0.0,7.1,17.6,0.405,5.3,8.4,0.631,2.3,5.8,8.1,2.2,0.8,0.9,3.7,5.3,19.6,89.0,105.0,2001,John Amaechi-2001,0.0,Not Selected,Center,ORL,0.03616484440706476
2000-01,Derek Anderson,anderde01,SG,26,SAS,82,82,2859,7.7,18.6,0.41600000000000004,1.9,4.7,0.39899999999999997,5.8,13.9,0.42200000000000004,6.4,7.5,0.851,1.4,5.4,6.8,5.6,2.2,0.3,3.1,3.5,23.8,109.0,99.0,2001,Derek Anderson-2001,0.0,Not Selected,Guard,SAS,0.04878048780487805
2000-01,Kenny Anderson,anderke01,PG,30,BOS,33,28,849,5.4,13.9,0.38799999999999996,0.7,2.0,0.33299999999999996,4.7,11.8,0.397,3.6,4.3,0.831,1.0,3.5,4.5,8.2,2.7,0.1,3.2,3.8,15.0,100.0,105.0,2001,Kenny Anderson-2001,0.0,Not Selected,Guard,BOS,0.030277544154751892
2000-01,Nick Anderson,anderni01,SG,33,SAC,21,0,169,4.2,17.2,0.24600000000000002,3.0,11.7,0.256,1.2,5.4,0.222,0.0,0.0,0.0,0.9,6.6,7.5,3.9,3.0,1.2,2.1,3.9,11.4,76.0,98.0,2001,Nick Anderson-2001,0.0,Not Selected,Guard,SAC,0.04625735912531539
2000-01,Shandon Anderson,andersh01,SG,27,HOU,82,82,2396,5.8,13.1,0.446,1.0,3.8,0.271,4.8,9.3,0.517,3.1,4.2,0.7340000000000001,1.6,5.8,7.4,4.2,1.8,0.9,2.9,4.5,15.7,103.0,105.0,2001,Shandon Anderson-2001,0.0,Not Selected,Guard,HOU,0.03784693019343986
2000-01,Greg Anthony,anthogr01,PG,33,POR,58,0,856,6.1,15.9,0.38299999999999995,4.1,10.0,0.409,2.0,5.9,0.34,1.4,2.2,0.657,1.3,2.5,3.8,5.2,2.5,0.2,2.7,4.0,17.7,105.0,104.0,2001,Greg Anthony-2001,0.0,Not Selected,Guard,POR,0.04205214465937763
2000-01,Darrell Armstrong,armstda01,PG,32,ORL,75,75,2767,7.7,18.7,0.41200000000000003,2.7,7.5,0.355,5.0,11.2,0.451,4.1,4.6,0.884,1.8,4.6,6.4,9.8,2.5,0.2,3.7,2.9,22.1,110.0,103.0,2001,Darrell Armstrong-2001,0.0,Not Selected,Guard,ORL,0.03616484440706476
2000-01,Chucky Atkins,atkinch01,PG,26,DET,81,75,2363,8.1,20.4,0.39899999999999997,2.6,7.3,0.35700000000000004,5.6,13.1,0.423,1.9,2.8,0.6920000000000001,0.6,3.1,3.7,7.1,1.4,0.1,3.2,3.9,20.8,99.0,106.0,2001,Chucky Atkins-2001,0.0,Not Selected,Guard,DET,0.02691337258200168
2000-01,Stacey Augmon,augmost01,SG,32,POR,66,23,1182,5.8,12.1,0.47700000000000004,0.0,0.2,0.0,5.8,11.9,0.485,2.6,4.0,0.655,2.7,4.5,7.2,4.5,2.2,1.0,2.2,4.8,14.2,107.0,103.0,2001,Stacey Augmon-2001,0.0,Not Selected,Guard,POR,0.04205214465937763
2000-01,Isaac Austin,austiis01,C,31,VAN,52,16,845,5.9,16.7,0.35600000000000004,0.4,1.5,0.25,5.6,15.2,0.366,1.7,2.5,0.7,3.1,10.7,13.8,3.6,1.2,1.4,3.3,5.8,14.0,81.0,103.0,2001,Isaac Austin-2001,0.0,Not Selected,Center,MEM,0.01934398654331371
2000-01,William Avery,averywi01,PG,21,MIN,55,0,463,6.2,16.3,0.382,1.8,6.7,0.271,4.4,9.6,0.45899999999999996,3.2,4.1,0.778,0.6,2.7,3.3,8.5,1.5,0.5,5.1,5.4,17.4,91.0,108.0,2001,William Avery-2001,0.0,Not Selected,Guard,MIN,0.03952901597981497
2000-01,Dalibor Bagarić,bagarda01,C,20,CHI,35,0,259,3.5,13.5,0.262,0.0,0.2,0.0,3.5,13.3,0.266,2.7,5.8,0.46399999999999997,4.6,7.1,11.6,2.1,1.9,3.3,4.4,9.1,9.8,65.0,104.0,2001,Dalibor Bagarić-2001,0.0,Not Selected,Center,CHI,0.012615643397813289
2000-01,Vin Baker,bakervi01,PF,29,SEA,76,27,2129,8.5,20.2,0.42200000000000004,0.0,0.4,0.063,8.5,19.8,0.429,5.7,7.9,0.723,4.4,6.2,10.6,2.2,0.9,1.8,3.9,6.5,22.8,97.0,107.0,2001,Vin Baker-2001,0.0,Not Selected,Forward,OKC,0.03700588730025231
2000-01,Erick Barkley,barkler01,PG,22,POR,8,0,38,11.3,31.2,0.364,4.3,11.3,0.375,7.1,19.8,0.35700000000000004,0.0,0.0,0.0,0.0,4.3,4.3,8.5,2.8,0.0,7.1,2.8,26.9,82.0,103.0,2001,Erick Barkley-2001,0.0,Not Selected,Guard,POR,0.04205214465937763
2000-01,Dana Barros,barroda01,PG,33,DET,60,0,1079,8.6,19.3,0.444,2.1,4.9,0.419,6.5,14.4,0.45299999999999996,3.2,3.8,0.85,0.3,4.1,4.4,5.2,1.4,0.1,2.8,3.0,22.4,106.0,105.0,2001,Dana Barros-2001,0.0,Not Selected,Guard,DET,0.02691337258200168
2000-01,Brent Barry,barrybr01,SG,29,SEA,67,20,1778,5.8,11.8,0.494,3.2,6.8,0.47600000000000003,2.6,5.1,0.517,2.5,3.0,0.816,1.0,5.2,6.2,6.6,2.4,0.4,2.5,3.7,17.4,124.0,106.0,2001,Brent Barry-2001,0.0,Not Selected,Guard,OKC,0.03700588730025231
2000-01,Jon Barry,barryjo01,SG,31,SAC,62,2,1010,5.2,12.8,0.40399999999999997,2.3,6.6,0.348,2.9,6.2,0.46299999999999997,3.2,3.7,0.877,0.8,3.9,4.7,6.5,1.4,0.3,2.7,3.3,15.9,110.0,104.0,2001,Jon Barry-2001,0.0,Not Selected,Guard,SAC,0.04625735912531539
2000-01,Tony Battie,battito01,C,24,BOS,40,25,845,6.6,12.3,0.537,0.0,0.2,0.0,6.6,12.1,0.545,2.7,4.2,0.638,4.5,9.8,14.3,1.0,1.7,3.7,2.3,7.7,16.0,108.0,99.0,2001,Tony Battie-2001,0.0,Not Selected,Center,BOS,0.030277544154751892
2000-01,Raja Bell,bellra01,SG,24,PHI,5,0,30,3.5,12.4,0.28600000000000003,1.8,5.3,0.33299999999999996,1.8,7.1,0.25,0.0,0.0,0.0,0.0,1.8,1.8,0.0,1.8,0.0,3.5,1.8,8.8,59.0,104.0,2001,Raja Bell-2001,0.0,Not Selected,Guard,PHI,0.04709840201850295
2000-01,Jonathan Bender,bendejo01,SF,20,IND,59,7,574,6.2,17.4,0.355,1.0,3.8,0.268,5.1,13.6,0.379,4.7,6.4,0.735,1.3,5.6,6.9,3.0,0.7,2.6,3.9,6.8,18.1,85.0,104.0,2001,Jonathan Bender-2001,0.0,Not Selected,Forward,IND,0.034482758620689655
2000-01,Corey Benjamin,benjaco01,PG,22,CHI,65,5,857,7.2,18.9,0.381,1.3,5.1,0.259,5.9,13.9,0.425,3.5,5.2,0.675,2.4,3.9,6.3,4.3,1.8,1.0,4.0,8.0,19.3,88.0,109.0,2001,Corey Benjamin-2001,0.0,Not Selected,Guard,CHI,0.012615643397813289
2000-01,David Benoit,benoida01,SF,32,UTA,49,2,446,8.5,17.6,0.483,0.6,1.6,0.385,7.9,16.1,0.493,3.7,4.7,0.795,2.4,7.3,9.7,2.6,0.7,0.7,3.4,9.0,21.3,102.0,105.0,2001,David Benoit-2001,0.0,Not Selected,Forward,UTA,0.044575273338940284
2000-01,Travis Best,besttr01,PG,28,IND,77,21,2457,7.6,17.2,0.44,0.8,2.1,0.381,6.8,15.1,0.449,4.1,4.9,0.8270000000000001,0.8,4.0,4.9,10.3,2.4,0.2,2.8,5.4,20.1,110.0,104.0,2001,Travis Best-2001,0.0,Not Selected,Guard,IND,0.034482758620689655
2000-01,Mike Bibby,bibbymi01,PG,22,VAN,82,82,3190,8.6,19.0,0.45399999999999996,1.8,4.7,0.379,6.8,14.3,0.478,2.3,3.1,0.7609999999999999,0.8,4.2,5.0,11.2,1.8,0.2,4.1,2.4,21.4,104.0,108.0,2001,Mike Bibby-2001,0.0,Not Selected,Guard,MEM,0.01934398654331371
2000-01,Chauncey Billups,billuch01,SG,24,MIN,77,33,1790,7.2,17.1,0.42200000000000004,2.1,5.7,0.376,5.1,11.5,0.445,4.2,5.0,0.8420000000000001,0.9,3.7,4.6,7.6,1.5,0.3,3.2,5.2,20.8,107.0,107.0,2001,Chauncey Billups-2001,0.0,Not Selected,Guard,MIN,0.03952901597981497
2000-01,Mookie Blaylock,blaylmo01,PG,33,GSW,69,59,2352,6.9,17.4,0.396,1.6,4.9,0.324,5.3,12.5,0.424,1.1,1.6,0.6970000000000001,1.5,4.4,5.9,10.0,3.5,0.4,2.8,2.9,16.5,102.0,106.0,2001,Mookie Blaylock-2001,0.0,Not Selected,Guard,GSW,0.014297729184188394
2000-01,Corie Blount,blounco01,PF,32,TOT,68,6,1305,5.1,11.5,0.442,0.1,0.3,0.25,5.0,11.2,0.44799999999999995,2.0,3.3,0.614,7.1,8.6,15.7,2.3,1.6,0.9,2.9,6.5,12.3,99.0,104.0,2001,Corie Blount-2001,0.0,Not Selected,Forward,TOT,0.03333333333333333
2000-01,Mark Blount,blounma01,C,25,BOS,64,50,1098,4.8,9.4,0.505,0.0,0.0,0.0,4.8,9.4,0.505,2.2,3.1,0.6970000000000001,4.6,6.3,10.9,1.5,1.8,3.6,2.9,8.6,11.7,101.0,101.0,2001,Mark Blount-2001,0.0,Not Selected,Center,BOS,0.030277544154751892
2000-01,Muggsy Bogues,boguemu01,PG,36,TOR,3,0,34,0.0,3.1,0.0,0.0,1.6,0.0,0.0,1.6,0.0,0.0,0.0,0.0,0.0,4.7,4.7,7.8,3.1,0.0,6.2,4.7,0.0,36.0,103.0,2001,Muggsy Bogues-2001,0.0,Not Selected,Guard,TOR,0.03952901597981497
2000-01,Etdrick Bohannon,bohanet01,PF,27,CLE,6,0,19,5.5,11.1,0.5,0.0,0.0,0.0,5.5,11.1,0.5,11.1,11.1,1.0,8.3,11.1,19.4,0.0,0.0,5.5,2.8,11.1,22.2,136.0,101.0,2001,Etdrick Bohannon-2001,0.0,Not Selected,Forward,CLE,0.025231286795626577
2000-01,Calvin Booth,boothca01,C,24,TOT,55,29,933,6.6,14.0,0.47600000000000003,0.0,0.0,0.0,6.6,14.0,0.47600000000000003,2.9,4.3,0.679,4.3,9.4,13.6,2.3,1.6,6.2,2.9,8.1,16.2,101.0,99.0,2001,Calvin Booth-2001,0.0,Not Selected,Center,TOT,0.03333333333333333
2000-01,Cal Bowdler,bowdlca01,SF,23,ATL,44,0,375,7.4,15.9,0.465,0.1,0.7,0.2,7.2,15.2,0.47700000000000004,4.6,5.6,0.825,4.2,6.5,10.7,0.6,1.4,2.9,1.5,6.3,19.5,112.0,103.0,2001,Cal Bowdler-2001,0.0,Not Selected,Forward,ATL,0.021026072329688814
2000-01,Bruce Bowen,bowenbr01,SF,29,MIA,82,72,2685,4.3,11.9,0.363,2.1,6.3,0.336,2.2,5.6,0.39399999999999996,2.0,3.3,0.609,0.9,4.1,5.0,2.7,1.7,1.1,1.5,5.5,12.8,97.0,100.0,2001,Bruce Bowen-2001,0.0,Not Selected,Forward,MIA,0.04205214465937763
2000-01,Ryan Bowen,bowenry01,SF,25,DEN,57,0,696,6.0,10.7,0.556,0.3,0.8,0.364,5.7,9.9,0.5710000000000001,2.0,3.3,0.614,4.6,3.8,8.4,2.2,2.8,0.9,1.8,7.1,14.2,117.0,106.0,2001,Ryan Bowen-2001,0.0,Not Selected,Forward,DEN,0.0336417157275021
2000-01,Ira Bowman,bowmair01,PG,27,ATL,3,0,19,0.0,5.5,0.0,0.0,0.0,0.0,0.0,5.5,0.0,0.0,0.0,0.0,2.7,2.7,5.5,19.2,0.0,0.0,2.7,0.0,0.0,89.0,112.0,2001,Ira Bowman-2001,0.0,Not Selected,Guard,ATL,0.021026072329688814
2000-01,Earl Boykins,boykiea01,PG,24,LAC,10,0,149,9.0,22.6,0.397,0.4,2.9,0.125,8.6,19.8,0.436,5.0,6.1,0.8240000000000001,1.4,2.5,4.0,11.5,1.8,0.0,3.2,3.2,23.4,104.0,108.0,2001,Earl Boykins-2001,0.0,Not Selected,Guard,LAC,0.02607232968881413
2000-01,Shawn Bradley,bradlsh01,C,28,DAL,82,35,2001,5.6,11.5,0.49,0.0,0.2,0.16699999999999998,5.6,11.3,0.494,3.6,4.6,0.787,4.1,11.5,15.6,1.0,0.9,5.9,2.3,6.6,14.9,109.0,96.0,2001,Shawn Bradley-2001,0.0,Not Selected,Center,DAL,0.044575273338940284
2000-01,Elton Brand,brandel01,PF,21,CHI,74,74,2906,10.7,22.5,0.47600000000000003,0.0,0.0,0.0,10.7,22.4,0.47700000000000004,6.2,8.7,0.708,5.3,8.5,13.8,4.4,1.3,2.2,4.0,4.5,27.6,103.0,106.0,2001,Elton Brand-2001,0.0,Not Selected,Forward,CHI,0.012615643397813289
2000-01,Terrell Brandon,brandte01,PG,30,MIN,78,78,2821,9.5,21.0,0.451,0.6,1.7,0.363,8.9,19.3,0.45799999999999996,3.6,4.2,0.871,1.1,4.4,5.5,10.8,3.0,0.4,2.9,2.6,23.2,109.0,104.0,2001,Terrell Brandon-2001,0.0,Not Selected,Guard,MIN,0.03952901597981497
2000-01,Chucky Brown,brownch01,SF,32,TOT,26,2,339,6.2,14.6,0.42100000000000004,0.0,0.5,0.0,6.2,14.2,0.435,3.4,5.2,0.647,1.2,7.1,8.3,1.7,1.4,1.1,1.2,5.7,15.7,99.0,106.0,2001,Chucky Brown-2001,0.0,Not Selected,Forward,TOT,0.03333333333333333
2000-01,Dee Brown,brownde01,PG,32,ORL,7,0,155,5.3,14.6,0.364,4.0,10.6,0.375,1.3,4.0,0.33299999999999996,1.3,1.7,0.8,0.0,3.7,3.7,4.0,1.3,0.0,2.3,3.3,16.0,102.0,106.0,2001,Dee Brown-2001,0.0,Not Selected,Guard,ORL,0.03616484440706476
2000-01,P.J. Brown,brownpj01,C,31,CHH,80,79,2811,4.8,10.7,0.444,0.0,0.1,0.0,4.8,10.6,0.447,3.4,4.0,0.852,4.9,9.3,14.2,2.4,1.5,1.8,2.1,5.0,12.9,109.0,98.0,2001,P.J. Brown-2001,0.0,Not Selected,Center,CHO,0.03868797308662742
2000-01,Randy Brown,brownra02,PG,32,BOS,54,35,1238,4.2,9.9,0.42200000000000004,0.0,0.1,0.0,4.2,9.8,0.42700000000000005,1.0,1.7,0.575,1.0,3.2,4.1,6.4,2.6,0.4,2.3,5.5,9.3,94.0,105.0,2001,Randy Brown-2001,0.0,Not Selected,Guard,BOS,0.030277544154751892
2000-01,Rick Brunson,brunsri01,PG,28,TOT,22,0,208,4.6,13.7,0.33299999999999996,0.5,3.6,0.14300000000000002,4.1,10.2,0.4,2.0,3.8,0.5329999999999999,1.3,4.1,5.3,7.9,2.0,0.3,4.3,5.3,11.7,80.0,104.0,2001,Rick Brunson-2001,0.0,Not Selected,Guard,TOT,0.03333333333333333
2000-01,Kobe Bryant,bryanko01,SG,22,LAL,68,68,2783,13.2,28.4,0.46399999999999997,1.1,3.8,0.305,12.0,24.6,0.489,8.9,10.5,0.853,2.0,5.5,7.5,6.4,2.1,0.8,4.1,4.2,36.4,112.0,105.0,2001,Kobe Bryant-2001,2.0,2nd,Guard,LAL,0.04709840201850295
2000-01,Mark Bryant,bryanma01,PF,35,DAL,18,1,101,4.1,10.2,0.4,0.0,0.0,0.0,4.1,10.2,0.4,1.5,2.5,0.6,2.0,8.7,10.7,1.5,0.5,1.0,2.5,14.8,9.7,83.0,103.0,2001,Mark Bryant-2001,0.0,Not Selected,Forward,DAL,0.044575273338940284
2000-01,Greg Buckner,buckngr01,SG,24,DAL,37,9,820,5.3,12.1,0.43799999999999994,0.1,0.4,0.28600000000000003,5.1,11.6,0.44299999999999995,3.7,5.1,0.728,3.8,6.1,9.9,3.1,2.1,0.6,1.7,7.4,14.4,110.0,103.0,2001,Greg Buckner-2001,0.0,Not Selected,Guard,DAL,0.044575273338940284
2000-01,Jud Buechler,buechju01,SF,32,DET,57,3,737,5.2,11.3,0.46299999999999997,2.2,5.3,0.41600000000000004,3.0,6.0,0.506,0.6,0.8,0.75,1.4,5.1,6.5,2.7,1.4,0.7,1.7,5.7,13.3,110.0,104.0,2001,Jud Buechler-2001,0.0,Not Selected,Forward,DET,0.02691337258200168
2000-01,Rodney Buford,buforro01,SF,23,PHI,47,0,573,9.6,22.3,0.43200000000000005,1.5,3.5,0.42100000000000004,8.1,18.8,0.433,2.2,2.7,0.828,1.5,5.4,6.8,1.6,1.6,0.6,2.7,6.3,22.9,96.0,101.0,2001,Rodney Buford-2001,0.0,Not Selected,Forward,PHI,0.04709840201850295
2000-01,Matt Bullard,bullama01,PF,33,HOU,61,5,1000,6.8,16.2,0.423,4.6,11.3,0.40399999999999997,2.3,4.9,0.467,0.5,0.7,0.7140000000000001,1.2,5.7,6.9,2.2,0.5,0.5,0.6,4.0,18.8,120.0,108.0,2001,Matt Bullard-2001,0.0,Not Selected,Forward,HOU,0.03784693019343986
2000-01,Scott Burrell,burresc01,SF,30,CHH,4,0,41,9.2,19.6,0.467,2.6,7.9,0.33299999999999996,6.5,11.8,0.556,1.3,5.2,0.25,1.3,2.6,3.9,1.3,3.9,0.0,0.0,10.5,22.3,107.0,99.0,2001,Scott Burrell-2001,0.0,Not Selected,Forward,CHO,0.03868797308662742
2000-01,Jason Caffey,caffeja01,PF,27,MIL,70,33,1460,6.4,13.1,0.488,0.0,0.0,0.0,6.4,13.1,0.488,5.1,7.5,0.6729999999999999,4.8,7.8,12.6,1.9,1.4,0.9,2.7,6.6,17.8,109.0,105.0,2001,Jason Caffey-2001,0.0,Not Selected,Forward,MIL,0.04373423044575273
2000-01,Marcus Camby,cambyma01,C,26,NYK,63,63,2127,7.9,15.1,0.524,0.0,0.2,0.125,7.9,14.9,0.53,3.9,5.9,0.667,5.1,13.7,18.8,1.4,1.7,3.5,1.6,5.3,19.8,116.0,91.0,2001,Marcus Camby-2001,0.0,Not Selected,Center,NYK,0.040370058873002525
2000-01,Elden Campbell,campbel01,PF,32,CHH,78,78,2337,8.4,19.2,0.44,0.0,0.1,0.0,8.4,19.0,0.44299999999999995,6.6,9.3,0.7090000000000001,3.6,10.4,14.0,2.4,1.4,3.2,3.3,6.4,23.5,101.0,96.0,2001,Elden Campbell-2001,0.0,Not Selected,Forward,CHO,0.03868797308662742
2000-01,Brian Cardinal,cardibr01,PF,23,DET,15,0,126,4.0,12.5,0.32299999999999995,0.0,2.0,0.0,4.0,10.5,0.385,4.4,7.2,0.611,3.2,6.0,9.2,1.2,2.8,0.8,3.6,10.9,12.5,79.0,100.0,2001,Brian Cardinal-2001,0.0,Not Selected,Forward,DET,0.02691337258200168
2000-01,Chris Carr,carrch01,SG,26,BOS,35,0,309,8.9,18.8,0.473,2.9,6.2,0.45899999999999996,6.0,12.6,0.48,7.7,10.1,0.767,1.8,5.5,7.4,1.8,0.7,0.5,3.2,7.6,28.4,113.0,107.0,2001,Chris Carr-2001,0.0,Not Selected,Guard,BOS,0.030277544154751892
2000-01,Anthony Carter,cartean01,PG,25,MIA,72,6,1630,6.6,16.2,0.406,0.2,1.4,0.15,6.4,14.9,0.43,2.2,3.5,0.631,1.6,4.5,6.1,9.1,2.5,0.3,4.0,5.2,15.6,91.0,99.0,2001,Anthony Carter-2001,0.0,Not Selected,Guard,MIA,0.04205214465937763
2000-01,Vince Carter,cartevi01,SF,24,TOR,75,75,2979,13.5,29.3,0.46,2.9,7.0,0.408,10.6,22.3,0.47700000000000004,6.8,8.9,0.765,3.1,4.3,7.4,5.2,2.0,1.5,3.0,3.6,36.7,114.0,104.0,2001,Vince Carter-2001,2.0,2nd,Forward,TOR,0.03952901597981497
2000-01,Sam Cassell,cassesa01,PG,31,MIL,76,75,2709,10.3,21.8,0.474,0.6,1.9,0.306,9.7,19.9,0.49,5.3,6.2,0.858,0.9,4.7,5.6,11.2,1.7,0.2,4.2,4.1,26.6,111.0,107.0,2001,Sam Cassell-2001,0.0,Not Selected,Guard,MIL,0.04373423044575273
2000-01,Kelvin Cato,catoke01,C,26,HOU,35,13,624,5.4,9.4,0.5770000000000001,0.0,0.0,0.0,5.4,9.4,0.5770000000000001,3.1,4.9,0.649,4.0,8.0,12.0,0.9,1.1,2.6,2.1,7.6,14.0,115.0,103.0,2001,Kelvin Cato-2001,0.0,Not Selected,Center,HOU,0.03784693019343986
2000-01,Duane Causwell,causwdu01,C,32,MIA,31,14,384,4.6,12.2,0.376,0.0,0.0,0.0,4.6,12.2,0.376,1.7,3.6,0.48,3.3,8.6,11.9,0.7,1.1,2.6,3.3,9.6,10.9,76.0,97.0,2001,Duane Causwell-2001,0.0,Not Selected,Center,MIA,0.04205214465937763
2000-01,Cedric Ceballos,cebalce01,SF,31,TOT,40,0,559,9.7,22.0,0.441,2.1,7.0,0.301,7.6,15.0,0.506,3.6,4.1,0.86,3.3,6.9,10.2,1.9,1.5,0.7,3.1,5.9,25.1,102.0,100.0,2001,Cedric Ceballos-2001,0.0,Not Selected,Forward,TOT,0.03333333333333333
2000-01,Calbert Cheaney,cheanca01,SG,29,DEN,9,5,153,3.4,10.2,0.33299999999999996,0.0,0.0,0.0,3.4,10.2,0.33299999999999996,0.3,0.7,0.5,1.7,5.1,6.8,3.0,1.4,0.7,1.7,4.7,7.1,79.0,109.0,2001,Calbert Cheaney-2001,0.0,Not Selected,Guard,DEN,0.0336417157275021
2000-01,Chris Childs,childch01,PG,33,TOT,77,5,1859,4.0,9.8,0.40299999999999997,0.9,3.1,0.302,3.0,6.7,0.45,1.8,2.1,0.845,0.7,5.2,5.9,10.4,1.7,0.4,4.6,7.1,10.6,94.0,101.0,2001,Chris Childs-2001,0.0,Not Selected,Guard,TOT,0.03333333333333333
2000-01,Doug Christie,chrisdo01,SG,30,SAC,81,81,2939,5.4,13.6,0.395,1.6,4.3,0.376,3.8,9.3,0.40299999999999997,4.8,5.4,0.897,1.6,4.5,6.1,5.0,3.2,0.8,2.7,3.9,17.2,109.0,99.0,2001,Doug Christie-2001,0.0,Not Selected,Guard,SAC,0.04625735912531539
2000-01,Keon Clark,clarkke01,PF,25,TOT,81,3,1720,7.6,15.8,0.48,0.0,0.0,0.0,7.6,15.8,0.48100000000000004,4.3,7.3,0.5920000000000001,4.1,9.1,13.2,2.2,1.0,4.7,2.7,7.4,19.5,102.0,101.0,2001,Keon Clark-2001,0.0,Not Selected,Forward,TOT,0.03333333333333333
2000-01,Mateen Cleaves,cleavma01,PG,23,DET,78,8,1268,6.4,16.0,0.4,0.2,0.7,0.294,6.2,15.3,0.405,3.9,5.5,0.708,1.0,4.2,5.3,8.3,2.0,0.0,5.6,6.1,16.9,87.0,104.0,2001,Mateen Cleaves-2001,0.0,Not Selected,Guard,DET,0.02691337258200168
2000-01,John Coker,cokerjo01,C,29,GSW,6,0,32,1.6,12.8,0.125,0.0,0.0,0.0,1.6,12.8,0.125,0.0,0.0,0.0,4.8,3.2,8.0,3.2,1.6,0.0,3.2,6.4,3.2,47.0,111.0,2001,John Coker-2001,0.0,Not Selected,Center,GSW,0.014297729184188394
2000-01,Derrick Coleman,colemde01,PF,33,CHH,34,3,683,7.6,20.0,0.38,1.6,4.0,0.392,6.1,16.0,0.377,5.0,7.2,0.685,3.6,10.8,14.5,3.1,0.8,1.7,3.3,4.2,21.8,96.0,99.0,2001,Derrick Coleman-2001,0.0,Not Selected,Forward,CHO,0.03868797308662742
2000-01,Bimbo Coles,colesbi01,PG,32,CLE,47,0,804,6.0,15.6,0.381,0.1,1.0,0.125,5.8,14.6,0.39899999999999997,3.1,3.7,0.857,0.6,2.6,3.1,9.0,1.8,0.4,3.9,5.7,15.2,92.0,108.0,2001,Bimbo Coles-2001,0.0,Not Selected,Guard,CLE,0.025231286795626577
2000-01,Jason Collier,collija02,C,23,HOU,23,0,222,6.5,17.0,0.38,0.0,0.2,0.0,6.5,16.7,0.386,4.1,5.7,0.708,2.9,6.0,8.8,1.4,0.5,0.7,2.6,6.5,17.0,90.0,107.0,2001,Jason Collier-2001,0.0,Not Selected,Center,HOU,0.03784693019343986
2000-01,Sean Colson,colsose01,PG,25,TOT,13,0,44,7.2,28.8,0.25,1.2,6.0,0.2,6.0,22.8,0.263,2.4,4.8,0.5,2.4,4.8,7.2,12.0,1.2,0.0,2.4,7.2,18.0,80.0,107.0,2001,Sean Colson-2001,0.0,Not Selected,Guard,TOT,0.03333333333333333
2000-01,Tyrone Corbin,corbity01,SF,38,TOR,15,1,117,4.1,17.1,0.237,0.0,2.3,0.0,4.1,14.9,0.273,0.9,1.8,0.5,1.4,4.5,5.9,1.8,0.9,0.0,1.4,8.1,9.0,62.0,108.0,2001,Tyrone Corbin-2001,0.0,Not Selected,Forward,TOR,0.03952901597981497
2000-01,Chris Crawford,crawfch01,PF,25,ATL,47,22,901,7.1,15.6,0.452,0.3,1.3,0.273,6.7,14.4,0.46799999999999997,3.9,4.8,0.8190000000000001,1.6,4.8,6.4,2.1,1.2,0.9,3.6,6.8,18.4,96.0,107.0,2001,Chris Crawford-2001,0.0,Not Selected,Forward,ATL,0.021026072329688814
2000-01,Jamal Crawford,crawfja01,PG,20,CHI,61,8,1050,5.5,15.6,0.35200000000000004,2.1,6.0,0.35,3.4,9.6,0.353,1.4,1.7,0.794,0.5,4.1,4.6,7.2,2.2,0.7,4.4,3.5,14.4,84.0,108.0,2001,Jamal Crawford-2001,0.0,Not Selected,Guard,CHI,0.012615643397813289
2000-01,Austin Croshere,croshau01,PF,25,IND,81,23,1874,7.9,20.1,0.39399999999999996,2.0,5.9,0.33799999999999997,5.9,14.2,0.41700000000000004,5.7,6.6,0.866,3.5,7.6,11.1,2.6,1.0,1.4,3.9,5.2,23.6,99.0,103.0,2001,Austin Croshere-2001,0.0,Not Selected,Forward,IND,0.034482758620689655
2000-01,John Crotty,crottjo01,PG,31,UTA,31,0,264,4.5,13.2,0.33799999999999997,0.8,1.4,0.5710000000000001,3.6,11.7,0.31,3.4,3.8,0.895,2.6,3.0,5.7,6.9,1.2,0.0,3.8,6.5,13.2,94.0,107.0,2001,John Crotty-2001,0.0,Not Selected,Guard,UTA,0.044575273338940284
2000-01,Vonteego Cummings,cummivo01,PG,24,GSW,66,11,1495,6.1,17.6,0.344,1.6,4.9,0.336,4.4,12.8,0.348,2.7,4.0,0.6809999999999999,1.6,3.1,4.7,7.7,2.3,0.5,3.1,5.5,16.5,94.0,109.0,2001,Vonteego Cummings-2001,0.0,Not Selected,Guard,GSW,0.014297729184188394
2000-01,Bill Curley,curlebi01,PF,28,TOT,20,2,192,6.6,12.5,0.532,0.3,0.5,0.5,6.4,12.0,0.5329999999999999,3.2,5.1,0.632,5.6,4.3,9.8,0.8,1.9,2.4,4.3,12.0,16.7,97.0,107.0,2001,Bill Curley-2001,0.0,Not Selected,Forward,TOT,0.03333333333333333
2000-01,Dell Curry,curryde01,SG,36,TOR,71,1,956,8.9,21.1,0.424,3.4,8.0,0.428,5.5,13.1,0.42200000000000004,2.4,2.8,0.843,0.9,3.8,4.7,4.1,1.5,0.4,2.2,3.6,23.7,108.0,107.0,2001,Dell Curry-2001,0.0,Not Selected,Guard,TOR,0.03952901597981497
2000-01,Michael Curry,currymi01,SG,32,DET,68,58,1485,4.9,10.9,0.455,0.1,0.3,0.444,4.8,10.6,0.455,2.1,2.5,0.8490000000000001,0.7,3.4,4.1,4.5,0.9,0.1,2.1,5.9,12.1,102.0,107.0,2001,Michael Curry-2001,0.0,Not Selected,Guard,DET,0.02691337258200168
2000-01,Erick Dampier,dampier01,C,25,GSW,43,26,1038,6.2,15.4,0.401,0.0,0.1,0.0,6.2,15.3,0.40399999999999997,3.3,6.2,0.532,4.8,7.5,12.3,2.9,0.8,2.9,4.0,6.0,15.7,86.0,107.0,2001,Erick Dampier-2001,0.0,Not Selected,Center,GSW,0.014297729184188394
2000-01,Antonio Daniels,daniean01,PG,25,SAS,79,23,2060,7.2,15.3,0.46799999999999997,1.9,4.8,0.40399999999999997,5.2,10.5,0.496,3.1,4.1,0.7759999999999999,0.7,3.6,4.2,7.9,1.6,0.4,2.8,3.1,19.4,113.0,102.0,2001,Antonio Daniels-2001,0.0,Not Selected,Guard,SAS,0.04878048780487805
2000-01,Kornél Dávid,davidko01,SF,29,TOT,27,0,209,6.2,12.7,0.49,0.0,0.0,0.0,6.2,12.7,0.49,3.0,3.2,0.9229999999999999,3.7,9.2,13.0,1.7,1.5,1.0,2.7,7.0,15.4,105.0,102.0,2001,Kornél Dávid-2001,0.0,Not Selected,Forward,TOT,0.03333333333333333
2000-01,Antonio Davis,davisan01,C,32,TOR,78,77,2729,7.3,16.7,0.433,0.0,0.0,0.0,7.3,16.7,0.434,6.2,8.2,0.754,5.3,9.9,15.2,2.1,0.4,2.9,2.6,4.4,20.7,107.0,102.0,2001,Antonio Davis-2001,0.0,Not Selected,Center,TOR,0.03952901597981497
2000-01,Baron Davis,davisba01,PG,21,CHH,82,82,3192,6.9,16.1,0.42700000000000005,1.4,4.6,0.31,5.4,11.5,0.474,3.8,5.7,0.677,2.2,4.7,6.9,10.1,2.9,0.6,3.8,4.5,19.0,105.0,100.0,2001,Baron Davis-2001,0.0,Not Selected,Guard,CHO,0.03868797308662742
2000-01,Dale Davis,davisda01,C,31,POR,81,43,2162,6.0,12.1,0.49700000000000005,0.0,0.1,0.0,6.0,12.0,0.501,2.4,3.8,0.632,5.8,9.3,15.1,2.6,1.1,1.9,1.7,5.0,14.4,115.0,101.0,2001,Dale Davis-2001,0.0,Not Selected,Center,POR,0.04205214465937763
2000-01,Emanual Davis,davisem01,SG,32,SEA,62,39,1290,5.4,12.9,0.418,2.0,5.2,0.39399999999999996,3.4,7.8,0.435,1.8,2.2,0.818,1.1,5.1,6.3,5.6,2.6,0.5,3.1,4.1,14.7,102.0,105.0,2001,Emanual Davis-2001,0.0,Not Selected,Guard,OKC,0.03700588730025231
2000-01,Hubert Davis,davishu01,PG,30,TOT,66,18,1692,6.0,13.2,0.45299999999999996,2.4,5.2,0.456,3.6,8.0,0.45,1.6,1.9,0.871,0.9,3.4,4.2,3.4,1.1,0.0,2.5,3.7,16.0,106.0,109.0,2001,Hubert Davis-2001,0.0,Not Selected,Guard,TOT,0.03333333333333333
2000-01,Ricky Davis,davisri01,SG,21,MIA,7,0,70,9.5,22.8,0.414,0.8,0.8,1.0,8.7,22.1,0.39299999999999996,5.5,6.3,0.875,0.8,4.7,5.5,8.7,3.9,1.6,3.9,5.5,25.2,100.0,95.0,2001,Ricky Davis-2001,0.0,Not Selected,Guard,MIA,0.04205214465937763
2000-01,Terry Davis,daviste01,PF,33,DEN,19,1,228,2.7,5.7,0.48,0.0,0.0,0.0,2.7,5.7,0.48,2.0,5.0,0.409,5.5,6.6,12.0,1.6,0.2,0.2,1.1,7.7,7.5,111.0,110.0,2001,Terry Davis-2001,0.0,Not Selected,Forward,DEN,0.0336417157275021
2000-01,Todd Day,dayto01,SG,31,MIN,31,0,345,6.7,17.9,0.373,3.9,10.5,0.377,2.7,7.4,0.36700000000000005,2.7,3.5,0.7829999999999999,1.5,4.1,5.6,4.2,1.5,1.1,3.6,7.9,20.0,98.0,106.0,2001,Todd Day-2001,0.0,Not Selected,Guard,MIN,0.03952901597981497
2000-01,Andrew DeClercq,declean01,C,27,ORL,67,51,903,6.1,11.0,0.5539999999999999,0.0,0.0,0.0,6.1,11.0,0.5539999999999999,2.7,4.7,0.573,5.2,8.3,13.5,1.8,2.3,1.9,2.9,11.3,14.9,107.0,98.0,2001,Andrew DeClercq-2001,0.0,Not Selected,Center,ORL,0.03616484440706476
2000-01,Vinny Del Negro,delnevi01,PG,34,TOT,65,1,922,5.9,13.0,0.45299999999999996,0.1,0.7,0.077,5.8,12.3,0.475,2.3,2.4,0.932,0.7,3.9,4.6,7.0,1.4,0.2,1.9,4.3,14.1,107.0,106.0,2001,Vinny Del Negro-2001,0.0,Not Selected,Guard,TOT,0.03333333333333333
2000-01,Tony Delk,delkto01,SG,27,PHO,82,11,2288,8.6,20.8,0.415,1.2,3.8,0.321,7.4,17.0,0.436,4.2,5.3,0.787,1.7,4.2,5.9,3.6,1.7,0.4,2.3,3.9,22.6,100.0,101.0,2001,Tony Delk-2001,0.0,Not Selected,Guard,PHO,0.04289318755256518
2000-01,Derrick Dial,dialde01,SG,25,SAS,33,0,207,9.3,21.5,0.434,0.5,2.6,0.2,8.8,18.9,0.466,3.1,5.4,0.5710000000000001,3.1,6.7,9.8,5.4,1.0,1.6,3.1,5.7,22.3,97.0,99.0,2001,Derrick Dial-2001,0.0,Not Selected,Guard,SAS,0.04878048780487805
2000-01,Michael Dickerson,dickemi01,SG,25,VAN,70,69,2618,8.5,20.4,0.41700000000000004,1.7,4.6,0.374,6.8,15.8,0.429,4.1,5.4,0.763,1.4,3.2,4.6,4.7,1.2,0.5,3.2,4.1,22.8,98.0,109.0,2001,Michael Dickerson-2001,0.0,Not Selected,Guard,MEM,0.01934398654331371
2000-01,Vlade Divac,divacvl01,C,32,SAC,81,81,2420,7.6,15.9,0.48200000000000004,0.1,0.3,0.28600000000000003,7.6,15.6,0.486,5.1,7.4,0.691,4.3,9.8,14.1,4.9,1.8,2.0,4.0,5.1,20.5,105.0,97.0,2001,Vlade Divac-2001,0.0,Not Selected,Center,SAC,0.04625735912531539
2000-01,Michael Doleac,doleami01,C,23,ORL,77,21,1398,8.1,19.4,0.41700000000000004,0.0,0.1,0.0,8.1,19.3,0.42,1.8,2.2,0.847,2.6,7.5,10.1,2.4,1.4,1.5,2.2,8.8,18.1,93.0,102.0,2001,Michael Doleac-2001,0.0,Not Selected,Center,ORL,0.03616484440706476
2000-01,Keyon Dooling,doolike01,PG,20,LAC,76,1,1237,6.4,15.7,0.409,1.2,3.5,0.35,5.2,12.2,0.426,5.4,7.7,0.698,0.3,3.5,3.9,7.7,1.8,0.5,4.1,4.6,19.4,100.0,107.0,2001,Keyon Dooling-2001,0.0,Not Selected,Guard,LAC,0.02607232968881413
2000-01,Sherman Douglas,douglsh01,PG,34,NJN,59,7,1094,5.8,14.5,0.40299999999999997,0.4,1.9,0.2,5.4,12.6,0.433,4.1,5.5,0.748,1.0,2.5,3.5,6.9,1.7,0.2,3.8,4.4,16.1,94.0,109.0,2001,Sherman Douglas-2001,0.0,Not Selected,Guard,BRK,0.021867115222876366
2000-01,Bryce Drew,drewbr01,PG,26,CHI,48,41,1305,5.1,13.5,0.379,1.6,4.3,0.381,3.5,9.1,0.37799999999999995,0.6,0.8,0.737,0.5,2.3,2.8,7.6,1.3,0.1,2.8,4.1,12.4,92.0,112.0,2001,Bryce Drew-2001,0.0,Not Selected,Guard,CHI,0.012615643397813289
2000-01,Chris Dudley,dudlech02,C,35,PHO,53,33,613,2.4,6.1,0.397,0.0,0.0,0.0,2.4,6.1,0.397,1.2,3.0,0.389,5.4,10.0,15.4,1.5,1.2,2.4,2.2,9.3,6.1,90.0,96.0,2001,Chris Dudley-2001,0.0,Not Selected,Center,PHO,0.04289318755256518
2000-01,Tim Duncan,duncati01,PF,24,SAS,82,82,3174,11.9,23.7,0.499,0.1,0.5,0.259,11.7,23.3,0.504,6.9,11.2,0.618,4.4,12.5,16.8,4.1,1.2,3.2,4.1,4.2,30.7,106.0,94.0,2001,Tim Duncan-2001,1.0,1st,Forward,SAS,0.04878048780487805
2000-01,Tyus Edney,edneyty01,PG,27,IND,24,0,263,7.1,18.6,0.385,0.2,1.2,0.16699999999999998,6.9,17.4,0.4,7.1,8.0,0.897,1.0,3.9,4.9,11.0,3.5,0.0,5.1,3.5,21.6,99.0,102.0,2001,Tyus Edney-2001,0.0,Not Selected,Guard,IND,0.034482758620689655
2000-01,Kevin Edwards,edwarke01,SG,35,VAN,46,5,634,4.6,14.0,0.32899999999999996,0.4,1.6,0.263,4.2,12.5,0.33799999999999997,3.6,4.4,0.8109999999999999,1.9,4.9,6.8,4.3,2.4,0.7,3.1,3.8,13.2,86.0,106.0,2001,Kevin Edwards-2001,0.0,Not Selected,Guard,MEM,0.01934398654331371
2000-01,Howard Eisley,eisleho01,SG,28,DAL,82,40,2426,5.6,14.3,0.39299999999999996,2.3,5.7,0.39799999999999996,3.4,8.6,0.389,2.2,2.7,0.825,0.5,3.7,4.2,6.3,2.1,0.3,2.2,4.6,15.7,105.0,105.0,2001,Howard Eisley-2001,0.0,Not Selected,Guard,DAL,0.044575273338940284
2000-01,Obinna Ekezie,ekeziob01,PF,25,TOT,33,0,281,5.9,14.9,0.395,0.0,0.0,0.0,5.9,14.9,0.395,6.8,9.8,0.698,5.7,8.7,14.4,1.7,0.9,0.9,2.6,8.8,18.6,103.0,108.0,2001,Obinna Ekezie-2001,0.0,Not Selected,Forward,TOT,0.03333333333333333
2000-01,Khalid El-Amin,elamikh01,PG,21,CHI,50,14,936,6.6,17.9,0.37,1.6,4.8,0.33299999999999996,5.0,13.0,0.38299999999999995,3.2,4.1,0.778,1.2,3.4,4.7,8.3,2.8,0.1,3.1,5.7,18.0,97.0,108.0,2001,Khalid El-Amin-2001,0.0,Not Selected,Guard,CHI,0.012615643397813289
2000-01,Mario Elie,eliema01,SG,37,PHO,68,67,1506,3.6,8.4,0.423,1.2,3.4,0.36,2.3,5.0,0.466,1.9,2.4,0.797,1.3,4.0,5.3,4.5,2.0,0.4,2.1,3.8,10.2,105.0,101.0,2001,Mario Elie-2001,0.0,Not Selected,Guard,PHO,0.04289318755256518
2000-01,Sean Elliott,elliose01,SF,32,SAS,52,34,1229,6.4,14.8,0.434,2.4,5.6,0.426,4.0,9.2,0.43799999999999994,2.6,3.7,0.7140000000000001,0.7,6.7,7.4,3.5,1.0,1.1,2.2,3.5,17.8,106.0,100.0,2001,Sean Elliott-2001,0.0,Not Selected,Forward,SAS,0.04878048780487805
2000-01,LaPhonso Ellis,ellisla01,PF,30,MIN,82,5,1948,8.0,17.2,0.46399999999999997,0.2,0.6,0.318,7.8,16.6,0.469,4.5,5.7,0.79,5.3,7.9,13.3,2.5,1.8,2.0,2.9,7.8,20.7,107.0,102.0,2001,LaPhonso Ellis-2001,0.0,Not Selected,Forward,MIN,0.03952901597981497
2000-01,Pervis Ellison,ellispe01,C,33,SEA,9,0,40,2.6,9.2,0.28600000000000003,0.0,0.0,0.0,2.6,9.2,0.28600000000000003,2.6,2.6,1.0,2.6,13.1,15.7,3.9,0.0,2.6,3.9,17.0,7.9,78.0,102.0,2001,Pervis Ellison-2001,0.0,Not Selected,Center,OKC,0.03700588730025231
2000-01,Evan Eschmeyer,eschmev01,C,25,NJN,74,51,1331,3.6,7.9,0.46,0.0,0.0,0.0,3.6,7.9,0.46,2.6,4.0,0.657,5.3,9.1,14.4,1.6,1.6,2.3,2.1,8.6,9.9,106.0,103.0,2001,Evan Eschmeyer-2001,0.0,Not Selected,Center,BRK,0.021867115222876366
2000-01,Patrick Ewing,ewingpa01,C,38,SEA,79,79,2107,7.3,17.0,0.43,0.0,0.0,0.0,7.3,17.0,0.431,4.3,6.2,0.685,3.1,11.5,14.6,2.3,1.3,2.3,3.8,5.7,18.9,93.0,102.0,2001,Patrick Ewing-2001,0.0,Not Selected,Center,OKC,0.03700588730025231
2000-01,Jamie Feick,feickja01,C,26,NJN,6,0,149,2.8,8.1,0.348,0.0,0.0,0.0,2.8,8.1,0.348,2.1,4.2,0.5,4.2,15.4,19.6,1.8,2.8,1.1,2.5,5.3,7.7,84.0,97.0,2001,Jamie Feick-2001,0.0,Not Selected,Center,BRK,0.021867115222876366
2000-01,Danny Ferry,ferryda01,SF,34,SAS,80,29,1688,5.7,11.9,0.475,2.2,5.0,0.449,3.4,7.0,0.493,0.7,1.0,0.733,1.7,5.3,7.1,2.3,0.9,0.7,1.6,5.4,14.2,112.0,102.0,2001,Danny Ferry-2001,0.0,Not Selected,Forward,SAS,0.04878048780487805
2000-01,Michael Finley,finlemi01,SF,27,DAL,82,82,3443,10.6,23.2,0.45799999999999996,1.4,3.9,0.34600000000000003,9.3,19.3,0.48100000000000004,3.8,4.9,0.775,1.6,4.7,6.4,5.4,1.8,0.5,2.8,2.6,26.4,105.0,105.0,2001,Michael Finley-2001,0.0,Not Selected,Forward,DAL,0.044575273338940284
2000-01,Derek Fisher,fishede01,PG,26,LAL,20,20,709,5.7,13.8,0.41200000000000003,1.8,4.6,0.397,3.8,9.2,0.419,3.7,4.6,0.8059999999999999,0.4,4.0,4.4,6.4,2.9,0.1,2.1,3.7,16.9,113.0,105.0,2001,Derek Fisher-2001,0.0,Not Selected,Guard,LAL,0.04709840201850295
2000-01,Marcus Fizer,fizerma01,PF,22,CHI,72,13,1580,9.5,22.0,0.43,0.3,1.3,0.256,9.1,20.6,0.442,4.0,5.5,0.727,2.6,8.1,10.6,2.6,1.0,0.6,4.2,6.0,23.2,89.0,108.0,2001,Marcus Fizer-2001,0.0,Not Selected,Forward,CHI,0.012615643397813289
2000-01,Danny Fortson,fortsda01,PF,24,GSW,6,6,203,7.3,12.6,0.58,0.0,0.0,0.0,7.3,12.6,0.58,10.6,13.6,0.778,7.3,17.3,24.6,1.3,0.5,0.0,2.5,5.5,25.1,134.0,104.0,2001,Danny Fortson-2001,0.0,Not Selected,Forward,GSW,0.014297729184188394
2000-01,Greg Foster,fostegr01,C,32,LAL,62,8,451,6.5,15.4,0.42100000000000004,0.3,1.0,0.33299999999999996,6.1,14.4,0.42700000000000005,1.2,1.6,0.7140000000000001,3.4,9.6,13.0,3.7,1.0,1.4,2.9,8.8,14.5,94.0,104.0,2001,Greg Foster-2001,0.0,Not Selected,Center,LAL,0.04709840201850295
2000-01,Jeff Foster,fosteje01,C,24,IND,71,9,1152,4.7,9.9,0.469,0.1,0.3,0.28600000000000003,4.6,9.6,0.47600000000000003,2.2,4.2,0.516,6.7,11.4,18.1,1.5,1.8,1.3,2.4,7.1,11.6,103.0,98.0,2001,Jeff Foster-2001,0.0,Not Selected,Center,IND,0.034482758620689655
2000-01,Rick Fox,foxri01,SF,31,LAL,82,77,2291,6.6,14.8,0.444,2.7,6.9,0.39299999999999996,3.9,7.9,0.488,2.2,2.8,0.779,1.8,5.6,7.4,6.0,1.6,0.7,3.1,5.1,18.0,110.0,106.0,2001,Rick Fox-2001,0.0,Not Selected,Forward,LAL,0.04709840201850295
2000-01,Adonal Foyle,foylead01,C,25,GSW,58,37,1457,5.5,13.1,0.41600000000000004,0.0,0.0,0.0,5.5,13.1,0.41600000000000004,1.1,2.4,0.441,5.5,8.7,14.2,1.7,1.1,5.5,2.8,4.8,12.0,89.0,103.0,2001,Adonal Foyle-2001,0.0,Not Selected,Center,GSW,0.014297729184188394
2000-01,Steve Francis,francst01,PG,23,HOU,80,79,3194,9.1,20.3,0.451,2.2,5.6,0.396,6.9,14.7,0.47200000000000003,6.0,7.3,0.8170000000000001,3.2,6.0,9.2,8.6,2.3,0.5,4.4,4.6,26.4,113.0,104.0,2001,Steve Francis-2001,0.0,Not Selected,Guard,HOU,0.03784693019343986
2000-01,Todd Fuller,fulleto02,C,26,MIA,10,0,77,7.2,25.1,0.28600000000000003,0.0,0.0,0.0,7.2,25.1,0.28600000000000003,5.7,5.7,1.0,5.0,7.9,12.9,0.7,2.1,1.4,2.1,7.2,20.0,83.0,96.0,2001,Todd Fuller-2001,0.0,Not Selected,Center,MIA,0.04205214465937763
2000-01,Lawrence Funderburke,fundela01,PF,30,SAC,59,2,698,8.7,17.6,0.496,0.0,0.0,0.0,8.7,17.6,0.496,3.5,5.6,0.623,5.4,8.9,14.3,1.2,0.7,0.9,2.3,3.2,21.0,107.0,101.0,2001,Lawrence Funderburke-2001,0.0,Not Selected,Forward,SAC,0.04625735912531539
2000-01,Rubén Garcés,garceru01,PF,27,TOT,13,0,73,4.9,15.5,0.318,0.0,0.0,0.0,4.9,15.5,0.318,1.4,5.6,0.25,11.3,9.2,20.4,3.5,2.1,1.4,3.5,9.9,11.3,82.0,97.0,2001,Rubén Garcés-2001,0.0,Not Selected,Forward,TOT,0.03333333333333333
2000-01,Chris Garner,garnech01,PG,25,GSW,8,0,149,2.4,12.7,0.18899999999999997,0.0,2.4,0.0,2.4,10.3,0.233,1.7,2.1,0.833,0.7,3.4,4.1,6.2,2.4,0.3,3.1,6.2,6.5,62.0,109.0,2001,Chris Garner-2001,0.0,Not Selected,Guard,GSW,0.014297729184188394
2000-01,Kevin Garnett,garneke01,PF,24,MIN,81,81,3202,11.5,24.1,0.47700000000000004,0.3,1.1,0.28800000000000003,11.2,23.0,0.486,5.8,7.6,0.764,3.6,11.5,15.0,6.5,1.8,2.4,3.8,3.3,29.1,108.0,99.0,2001,Kevin Garnett-2001,2.0,2nd,Forward,MIN,0.03952901597981497
2000-01,Dean Garrett,garrede01,C,34,MIN,70,21,831,4.7,9.8,0.48100000000000004,0.0,0.0,0.0,4.7,9.8,0.48100000000000004,1.7,2.5,0.6920000000000001,4.1,9.6,13.6,1.5,1.6,3.1,1.6,5.8,11.1,107.0,100.0,2001,Dean Garrett-2001,0.0,Not Selected,Center,MIN,0.03952901597981497
2000-01,Pat Garrity,garripa01,SF,24,ORL,76,1,1579,7.3,18.8,0.387,3.2,7.3,0.433,4.1,11.5,0.358,2.8,3.2,0.867,1.7,5.2,6.9,1.7,1.3,0.5,2.2,7.9,20.5,101.0,104.0,2001,Pat Garrity-2001,0.0,Not Selected,Forward,ORL,0.03616484440706476
2000-01,Chris Gatling,gatlich01,PF,33,CLE,74,6,1670,10.4,23.1,0.449,0.9,2.9,0.304,9.5,20.2,0.47,4.9,7.2,0.684,3.1,9.2,12.3,1.9,1.6,0.9,3.8,5.8,26.5,98.0,104.0,2001,Chris Gatling-2001,0.0,Not Selected,Forward,CLE,0.025231286795626577
2000-01,Matt Geiger,geigema01,C,31,PHI,35,4,542,8.6,21.9,0.39299999999999996,0.0,0.2,0.0,8.6,21.7,0.396,3.6,5.3,0.685,4.9,8.7,13.6,1.4,1.2,0.8,2.4,7.1,20.8,94.0,99.0,2001,Matt Geiger-2001,0.0,Not Selected,Center,PHI,0.04709840201850295
2000-01,Devean George,georgde01,SF,23,LAL,59,1,593,5.6,18.3,0.309,1.3,6.0,0.221,4.3,12.3,0.353,3.4,4.9,0.7090000000000001,3.1,6.6,9.7,1.7,1.3,1.3,3.0,7.7,16.1,85.0,105.0,2001,Devean George-2001,0.0,Not Selected,Forward,LAL,0.04709840201850295
2000-01,Eddie Gill,gilled01,PG,22,NJN,8,0,152,5.5,14.1,0.39,1.0,3.1,0.33299999999999996,4.5,11.0,0.406,1.4,1.7,0.8,0.0,3.1,3.1,8.3,1.4,0.3,3.4,3.1,13.4,91.0,109.0,2001,Eddie Gill-2001,0.0,Not Selected,Guard,BRK,0.021867115222876366
2000-01,Kendall Gill,gillke01,SG,32,NJN,31,26,892,6.3,18.9,0.331,0.2,0.8,0.28600000000000003,6.0,18.1,0.33299999999999996,3.8,5.3,0.722,1.9,5.8,7.7,5.1,2.8,0.4,2.8,3.8,16.6,85.0,105.0,2001,Kendall Gill-2001,0.0,Not Selected,Guard,BRK,0.021867115222876366
2000-01,Dion Glover,glovedi01,SG,22,ATL,57,7,929,7.9,18.9,0.42,0.5,2.6,0.196,7.4,16.3,0.455,2.6,3.9,0.6809999999999999,2.2,5.2,7.4,3.9,2.8,0.6,3.0,5.2,19.0,94.0,104.0,2001,Dion Glover-2001,0.0,Not Selected,Guard,ATL,0.021026072329688814
2000-01,Anthony Goldwire,goldwan01,PG,29,DEN,20,0,201,7.7,20.6,0.375,2.3,8.8,0.265,5.4,11.9,0.457,3.4,4.4,0.765,0.3,2.8,3.1,8.8,2.3,0.0,3.9,3.4,21.1,96.0,109.0,2001,Anthony Goldwire-2001,0.0,Not Selected,Guard,DEN,0.0336417157275021
2000-01,Steve Goodrich,goodrst01,PF,24,CHI,12,0,133,2.8,7.3,0.389,0.4,1.2,0.33299999999999996,2.4,6.1,0.4,1.6,2.8,0.5710000000000001,2.8,5.7,8.5,2.4,0.8,0.4,3.2,5.7,7.7,82.0,110.0,2001,Steve Goodrich-2001,0.0,Not Selected,Forward,CHI,0.012615643397813289
2000-01,Brian Grant,grantbr01,C,28,MIA,82,79,2771,9.6,20.1,0.479,0.0,0.0,0.0,9.6,20.1,0.48,5.6,7.0,0.797,4.3,10.0,14.3,2.0,1.2,1.4,3.4,5.8,24.9,104.0,97.0,2001,Brian Grant-2001,0.0,Not Selected,Center,MIA,0.04205214465937763
2000-01,Gary Grant,grantga01,PG,35,POR,4,0,17,15.8,22.2,0.7140000000000001,0.0,0.0,0.0,15.8,22.2,0.7140000000000001,0.0,0.0,0.0,0.0,0.0,0.0,3.2,0.0,0.0,0.0,3.2,31.7,142.0,112.0,2001,Gary Grant-2001,0.0,Not Selected,Guard,POR,0.04205214465937763
2000-01,Horace Grant,grantho01,PF,35,LAL,77,77,2390,5.8,12.5,0.462,0.0,0.1,0.0,5.8,12.4,0.465,2.9,3.7,0.775,4.8,7.1,11.9,2.6,1.1,1.3,1.1,4.0,14.4,119.0,106.0,2001,Horace Grant-2001,0.0,Not Selected,Forward,LAL,0.04709840201850295
2000-01,A.C. Green,greenac01,PF,37,MIA,82,1,1411,5.6,12.7,0.444,0.0,0.2,0.0,5.6,12.4,0.45299999999999996,3.1,4.3,0.7120000000000001,4.2,8.0,12.2,1.5,1.2,0.3,1.8,4.6,14.3,104.0,99.0,2001,A.C. Green-2001,0.0,Not Selected,Forward,MIA,0.04205214465937763
2000-01,Adrian Griffin,griffad01,SF,26,BOS,44,0,377,4.5,13.3,0.34,1.2,3.6,0.34600000000000003,3.3,9.8,0.33799999999999997,2.5,3.3,0.75,3.7,8.3,12.0,3.7,2.5,0.7,2.5,6.2,12.8,94.0,102.0,2001,Adrian Griffin-2001,0.0,Not Selected,Forward,BOS,0.030277544154751892
2000-01,Tom Gugliotta,guglito01,PF,31,PHO,57,2,1159,6.6,16.9,0.392,0.1,0.5,0.25,6.5,16.4,0.397,2.7,3.4,0.792,3.4,8.0,11.3,2.4,2.1,0.9,2.3,4.9,16.1,93.0,97.0,2001,Tom Gugliotta-2001,0.0,Not Selected,Forward,PHO,0.04289318755256518
2000-01,A.J. Guyton,guytoaj01,PG,22,CHI,33,8,630,6.7,16.4,0.406,2.3,5.9,0.391,4.4,10.5,0.415,1.3,1.5,0.833,0.9,2.2,3.1,5.5,0.8,0.4,2.0,3.0,16.9,101.0,113.0,2001,A.J. Guyton-2001,0.0,Not Selected,Guard,CHI,0.012615643397813289
2000-01,Darvin Ham,hamda01,SF,27,MIL,29,13,540,3.8,7.7,0.488,0.2,0.3,0.667,3.6,7.4,0.48100000000000004,2.8,4.7,0.5920000000000001,5.4,6.3,11.7,2.4,1.6,2.0,3.2,8.2,10.5,104.0,104.0,2001,Darvin Ham-2001,0.0,Not Selected,Forward,MIL,0.04373423044575273
2000-01,Richard Hamilton,hamilri01,SF,22,WAS,78,42,2519,11.2,25.7,0.43799999999999994,0.8,3.0,0.27399999999999997,10.4,22.7,0.46,5.7,6.6,0.868,1.5,3.4,4.9,4.6,1.5,0.2,4.1,4.2,29.0,100.0,111.0,2001,Richard Hamilton-2001,0.0,Not Selected,Forward,WAS,0.0159798149705635
2000-01,Zendon Hamilton,hamilze01,C,25,LAC,3,0,19,5.6,25.4,0.222,0.0,0.0,0.0,5.6,25.4,0.222,14.1,22.5,0.625,8.5,14.1,22.5,0.0,0.0,0.0,5.6,11.3,25.4,79.0,103.0,2001,Zendon Hamilton-2001,0.0,Not Selected,Center,LAC,0.02607232968881413
2000-01,Tom Hammonds,hammoto01,PF,33,MIN,7,0,30,5.2,17.4,0.3,0.0,0.0,0.0,5.2,17.4,0.3,1.7,3.5,0.5,3.5,3.5,7.0,1.7,0.0,0.0,5.2,13.9,12.2,64.0,110.0,2001,Tom Hammonds-2001,0.0,Not Selected,Forward,MIN,0.03952901597981497
2000-01,Anfernee Hardaway,hardaan01,SG,29,PHO,4,4,112,6.9,16.6,0.41700000000000004,0.9,3.7,0.25,6.0,12.9,0.46399999999999997,3.2,5.1,0.636,2.3,6.0,8.3,6.9,2.8,0.5,1.4,2.8,17.9,109.0,98.0,2001,Anfernee Hardaway-2001,0.0,Not Selected,Guard,PHO,0.04289318755256518
2000-01,Tim Hardaway,hardati01,PG,34,MIA,77,77,2613,8.6,22.0,0.392,4.0,10.9,0.366,4.6,11.1,0.41700000000000004,3.1,3.8,0.8009999999999999,0.5,3.8,4.3,10.2,1.9,0.1,4.0,3.3,24.3,102.0,101.0,2001,Tim Hardaway-2001,0.0,Not Selected,Guard,MIA,0.04205214465937763
2000-01,Ron Harper,harpero01,PG,37,LAL,47,46,1139,5.8,12.4,0.469,0.9,3.3,0.264,5.0,9.1,0.5429999999999999,1.6,2.2,0.708,2.1,5.5,7.6,5.2,1.8,1.1,2.8,3.2,14.1,104.0,105.0,2001,Ron Harper-2001,0.0,Not Selected,Guard,LAL,0.04709840201850295
2000-01,Matt Harpring,harprma01,SG,24,CLE,56,55,1615,7.8,17.1,0.45399999999999996,0.4,1.7,0.25,7.3,15.4,0.47700000000000004,4.4,5.4,0.812,2.9,5.0,7.9,3.3,1.4,0.6,2.9,5.2,20.3,104.0,107.0,2001,Matt Harpring-2001,0.0,Not Selected,Guard,CLE,0.025231286795626577
2000-01,Al Harrington,harrial01,PF,20,IND,78,38,1892,6.8,15.4,0.444,0.0,0.2,0.14300000000000002,6.8,15.2,0.44799999999999995,2.9,4.5,0.6559999999999999,3.4,7.4,10.8,3.7,1.8,0.5,4.2,6.3,16.6,91.0,102.0,2001,Al Harrington-2001,0.0,Not Selected,Forward,IND,0.034482758620689655
2000-01,Othella Harrington,harriot01,C,27,TOT,74,45,1815,7.2,14.9,0.48700000000000004,0.0,0.1,0.0,7.2,14.8,0.49,5.0,6.6,0.763,4.1,7.3,11.4,1.6,1.0,1.3,4.3,7.0,19.5,98.0,104.0,2001,Othella Harrington-2001,0.0,Not Selected,Center,TOT,0.03333333333333333
2000-01,Lucious Harris,harrilu01,SG,30,NJN,73,50,2071,6.7,15.7,0.425,1.2,3.3,0.348,5.5,12.4,0.445,2.7,3.5,0.77,1.8,5.5,7.3,3.4,1.9,0.4,1.6,3.2,17.2,104.0,107.0,2001,Lucious Harris-2001,0.0,Not Selected,Guard,BRK,0.021867115222876366
2000-01,Jason Hart,hartja01,PG,22,MIL,1,0,10,5.2,5.2,1.0,0.0,0.0,0.0,5.2,5.2,1.0,0.0,0.0,0.0,0.0,0.0,0.0,5.2,0.0,0.0,10.4,0.0,10.4,64.0,114.0,2001,Jason Hart-2001,0.0,Not Selected,Guard,MIL,0.04373423044575273
2000-01,Antonio Harvey,harvean01,PF,30,POR,12,0,72,9.7,20.9,0.46399999999999997,0.0,0.0,0.0,9.7,20.9,0.46399999999999997,3.7,4.5,0.833,3.7,6.7,10.5,3.0,0.7,4.5,2.2,7.5,23.2,106.0,101.0,2001,Antonio Harvey-2001,0.0,Not Selected,Forward,POR,0.04205214465937763
2000-01,Donnell Harvey,harvedo01,PF,20,DAL,18,0,65,6.3,11.1,0.5710000000000001,0.0,0.0,0.0,6.3,11.1,0.5710000000000001,4.8,12.7,0.375,4.8,11.1,15.8,1.6,2.4,0.8,5.5,11.9,17.4,88.0,98.0,2001,Donnell Harvey-2001,0.0,Not Selected,Forward,DAL,0.044575273338940284
2000-01,Hersey Hawkins,hawkihe01,SG,34,CHH,59,0,681,4.4,10.8,0.409,1.3,3.6,0.37,3.1,7.2,0.429,4.3,5.0,0.857,1.3,5.0,6.3,5.7,2.6,0.7,1.5,3.5,14.4,120.0,100.0,2001,Hersey Hawkins-2001,0.0,Not Selected,Guard,CHO,0.03868797308662742
2000-01,Michael Hawkins,hawkimi01,PG,28,CLE,10,0,76,2.1,6.2,0.33299999999999996,1.4,2.8,0.5,0.7,3.5,0.2,0.0,0.0,0.0,1.4,2.1,3.5,9.0,1.4,0.0,4.2,9.0,5.5,85.0,110.0,2001,Michael Hawkins-2001,0.0,Not Selected,Guard,CLE,0.025231286795626577
2000-01,Alan Henderson,hendeal01,PF,28,ATL,73,42,1810,8.6,19.4,0.444,0.0,0.0,0.0,8.6,19.3,0.445,5.0,7.8,0.638,5.2,6.5,11.7,1.4,1.5,0.8,3.6,4.7,22.2,97.0,105.0,2001,Alan Henderson-2001,0.0,Not Selected,Forward,ATL,0.021026072329688814
2000-01,Cedric Henderson,hendece02,SF,25,CLE,55,10,961,5.6,14.3,0.389,0.1,0.4,0.125,5.5,13.9,0.39799999999999996,1.6,2.5,0.652,1.0,3.9,4.9,4.3,1.6,1.3,3.5,5.5,12.9,82.0,107.0,2001,Cedric Henderson-2001,0.0,Not Selected,Forward,CLE,0.025231286795626577
2000-01,Chris Herren,herrech01,PG,25,BOS,25,7,408,3.7,12.2,0.302,2.0,7.0,0.29100000000000004,1.7,5.2,0.317,1.1,1.5,0.75,0.5,2.2,2.7,7.1,1.8,0.0,2.5,5.5,10.5,90.0,108.0,2001,Chris Herren-2001,0.0,Not Selected,Guard,BOS,0.030277544154751892
2000-01,Grant Hill,hillgr01,SF,28,ORL,4,4,133,7.4,16.7,0.442,0.4,0.4,1.0,7.0,16.3,0.429,6.2,10.1,0.615,3.1,6.6,9.7,9.7,1.9,0.8,4.3,3.5,21.3,105.0,102.0,2001,Grant Hill-2001,0.0,Not Selected,Forward,ORL,0.03616484440706476
2000-01,Tyrone Hill,hillty01,PF,32,PHI,76,75,2363,6.2,13.2,0.474,0.0,0.0,0.0,6.2,13.1,0.474,3.9,6.1,0.63,5.4,10.0,15.4,1.1,0.8,0.6,2.8,5.4,16.3,103.0,99.0,2001,Tyrone Hill-2001,0.0,Not Selected,Forward,PHI,0.04709840201850295
2000-01,Fred Hoiberg,hoibefr01,SG,28,CHI,74,37,2247,5.2,11.8,0.43799999999999994,2.5,6.0,0.41200000000000003,2.7,5.9,0.465,3.3,3.8,0.866,0.5,6.9,7.4,6.3,2.3,0.3,1.8,3.7,16.1,119.0,107.0,2001,Fred Hoiberg-2001,0.0,Not Selected,Guard,CHI,0.012615643397813289
2000-01,Robert Horry,horryro01,PF,30,LAL,79,1,1587,4.8,12.5,0.387,1.8,5.1,0.34600000000000003,3.1,7.4,0.415,1.9,2.7,0.711,3.1,6.7,9.8,4.2,1.8,1.8,2.6,6.9,13.4,103.0,104.0,2001,Robert Horry-2001,0.0,Not Selected,Forward,LAL,0.04709840201850295
2000-01,Eddie House,houseed01,PG,22,MIA,50,0,550,10.4,24.8,0.42100000000000004,1.9,5.5,0.345,8.5,19.2,0.44299999999999995,2.4,3.5,0.6859999999999999,0.5,3.7,4.2,5.2,1.3,0.0,3.5,5.8,25.2,92.0,102.0,2001,Eddie House-2001,0.0,Not Selected,Guard,MIA,0.04205214465937763
2000-01,Allan Houston,houstal01,SG,29,NYK,78,78,2858,10.5,23.4,0.449,1.9,4.9,0.381,8.6,18.5,0.467,5.4,5.9,0.909,0.4,5.1,5.5,3.4,1.0,0.2,3.1,3.7,28.3,104.0,102.0,2001,Allan Houston-2001,0.0,Not Selected,Guard,NYK,0.040370058873002525
2000-01,Juwan Howard,howarju01,PF,27,TOT,81,81,2974,10.1,21.2,0.479,0.0,0.1,0.0,10.1,21.1,0.48,5.1,6.7,0.773,3.0,7.0,9.9,3.9,1.3,0.6,4.2,5.1,25.4,101.0,107.0,2001,Juwan Howard-2001,0.0,Not Selected,Forward,TOT,0.03333333333333333
2000-01,Troy Hudson,hudsotr01,PG,24,ORL,75,7,1008,6.4,19.0,0.336,1.1,5.6,0.20199999999999999,5.3,13.4,0.392,4.3,5.3,0.8170000000000001,1.9,3.4,5.4,8.3,1.9,0.2,4.7,4.2,18.2,90.0,105.0,2001,Troy Hudson-2001,0.0,Not Selected,Guard,ORL,0.03616484440706476
2000-01,Larry Hughes,hughela01,SG,22,GSW,50,45,1846,8.5,22.2,0.38299999999999995,0.4,2.1,0.187,8.1,20.2,0.40299999999999997,5.3,7.0,0.7659999999999999,2.1,5.5,7.6,6.2,2.7,0.8,4.2,4.1,22.7,93.0,107.0,2001,Larry Hughes-2001,0.0,Not Selected,Guard,GSW,0.014297729184188394
2000-01,Lindsey Hunter,hunteli01,PG,30,MIL,82,5,2002,7.8,20.4,0.381,4.0,10.6,0.373,3.8,9.8,0.38799999999999996,2.0,2.5,0.802,0.8,3.6,4.4,5.8,2.7,0.3,1.8,4.5,21.5,108.0,106.0,2001,Lindsey Hunter-2001,0.0,Not Selected,Guard,MIL,0.04373423044575273
2000-01,Zydrunas Ilgauskas,ilgauzy01,C,25,CLE,24,24,616,9.7,20.0,0.48700000000000004,0.0,0.2,0.0,9.7,19.8,0.491,4.5,6.7,0.679,5.6,8.1,13.7,1.5,1.3,3.2,5.1,6.7,24.0,96.0,103.0,2001,Zydrunas Ilgauskas-2001,0.0,Not Selected,Center,CLE,0.025231286795626577
2000-01,Allen Iverson,iversal01,SG,25,PHI,71,71,2979,13.6,32.2,0.42,1.7,5.4,0.32,11.8,26.8,0.441,10.4,12.8,0.8140000000000001,0.9,4.0,4.9,5.8,3.2,0.4,4.2,2.6,39.3,106.0,99.0,2001,Allen Iverson-2001,1.0,1st,Guard,PHI,0.04709840201850295
2000-01,Bobby Jackson,jacksbo01,PG,27,SAC,79,7,1648,7.1,16.2,0.439,1.2,3.2,0.375,5.9,13.0,0.455,2.0,2.7,0.7390000000000001,2.3,5.3,7.6,5.0,2.7,0.2,3.2,4.3,17.5,99.0,100.0,2001,Bobby Jackson-2001,0.0,Not Selected,Guard,SAC,0.04625735912531539
2000-01,Jaren Jackson,jacksja01,SG,33,SAS,16,0,114,7.5,18.8,0.4,3.3,8.5,0.389,4.2,10.3,0.409,0.0,0.9,0.0,0.5,5.2,5.6,3.3,2.4,0.0,1.4,6.1,18.3,98.0,99.0,2001,Jaren Jackson-2001,0.0,Not Selected,Guard,SAS,0.04878048780487805
2000-01,Jim Jackson,jacksji01,SF,30,TOT,56,40,1690,7.4,19.6,0.37799999999999995,0.8,2.5,0.325,6.6,17.1,0.386,4.3,5.2,0.8220000000000001,1.6,5.3,7.0,5.1,1.6,0.3,4.0,4.3,20.0,91.0,107.0,2001,Jim Jackson-2001,0.0,Not Selected,Forward,TOT,0.03333333333333333
2000-01,Marc Jackson,jacksma02,C,26,GSW,48,35,1410,8.6,18.4,0.467,0.2,0.8,0.217,8.4,17.5,0.478,5.6,6.9,0.802,4.3,8.8,13.1,2.1,1.2,1.0,3.4,5.0,22.9,105.0,107.0,2001,Marc Jackson-2001,0.0,Not Selected,Center,GSW,0.014297729184188394
2000-01,Mark Jackson,jacksma01,PG,35,TOT,83,82,2588,5.0,12.1,0.419,1.4,4.3,0.33799999999999997,3.6,7.8,0.46299999999999997,1.5,1.9,0.785,1.3,5.0,6.3,13.7,1.7,0.1,3.6,2.9,13.1,108.0,104.0,2001,Mark Jackson-2001,0.0,Not Selected,Guard,TOT,0.03333333333333333
2000-01,Stephen Jackson,jacksst02,SF,22,NJN,77,40,1660,7.7,18.0,0.425,1.6,4.9,0.335,6.0,13.1,0.45799999999999996,3.1,4.3,0.7190000000000001,1.3,5.3,6.5,4.4,2.7,0.4,4.1,5.2,20.0,93.0,105.0,2001,Stephen Jackson-2001,0.0,Not Selected,Forward,BRK,0.021867115222876366
2000-01,Sam Jacobson,jacobsa01,PG,25,MIN,14,0,59,8.0,15.9,0.5,0.0,0.0,0.0,8.0,15.9,0.5,1.8,2.7,0.667,2.7,2.7,5.3,3.5,2.7,0.0,0.0,16.8,17.7,120.0,105.0,2001,Sam Jacobson-2001,0.0,Not Selected,Guard,MIN,0.03952901597981497
2000-01,Tim James,jamesti01,SF,24,CHH,30,0,197,4.4,14.2,0.308,0.3,0.8,0.33299999999999996,4.1,13.4,0.306,3.3,3.8,0.857,4.1,5.4,9.5,2.2,0.5,1.4,2.2,7.4,12.3,89.0,103.0,2001,Tim James-2001,0.0,Not Selected,Forward,CHO,0.03868797308662742
2000-01,Antawn Jamison,jamisan01,SF,24,GSW,82,82,3394,12.0,27.2,0.442,0.9,3.1,0.302,11.1,24.2,0.45899999999999996,5.7,8.0,0.715,4.2,6.5,10.7,2.5,1.7,0.4,3.0,3.4,30.7,104.0,108.0,2001,Antawn Jamison-2001,0.0,Not Selected,Forward,GSW,0.014297729184188394
2000-01,Anthony Johnson,johnsan02,PG,26,TOT,53,0,511,5.4,15.6,0.349,0.1,0.5,0.2,5.3,15.1,0.354,2.4,3.4,0.6970000000000001,1.0,3.5,4.5,8.0,2.4,0.6,3.5,6.4,13.3,86.0,106.0,2001,Anthony Johnson-2001,0.0,Not Selected,Guard,TOT,0.03333333333333333
2000-01,Avery Johnson,johnsav01,PG,35,SAS,55,20,1290,5.6,12.5,0.447,0.0,0.2,0.16699999999999998,5.5,12.2,0.452,1.7,2.5,0.6829999999999999,0.9,2.7,3.5,9.8,1.4,0.2,2.5,3.7,12.9,105.0,103.0,2001,Avery Johnson-2001,0.0,Not Selected,Guard,SAS,0.04878048780487805
2000-01,DerMarr Johnson,johnsde03,SF,20,ATL,78,21,1313,5.8,15.5,0.374,1.6,5.0,0.32299999999999995,4.2,10.5,0.39899999999999997,2.5,3.5,0.736,2.2,4.9,7.1,2.5,1.7,1.2,3.7,5.3,15.8,88.0,106.0,2001,DerMarr Johnson-2001,0.0,Not Selected,Forward,ATL,0.021026072329688814
2000-01,Ervin Johnson,johnser02,C,33,MIL,82,19,1981,2.8,5.2,0.545,0.0,0.0,0.0,2.8,5.2,0.545,1.3,2.4,0.5379999999999999,5.4,10.7,16.1,1.1,1.2,2.6,1.2,6.8,7.0,122.0,101.0,2001,Ervin Johnson-2001,0.0,Not Selected,Center,MIL,0.04373423044575273
2000-01,Larry Johnson,johnsla02,PF,31,NYK,65,65,2105,6.5,15.7,0.41100000000000003,1.3,4.3,0.313,5.1,11.4,0.44799999999999995,2.7,3.4,0.797,2.4,7.2,9.5,3.3,1.0,0.8,2.6,5.5,17.0,99.0,99.0,2001,Larry Johnson-2001,0.0,Not Selected,Forward,NYK,0.040370058873002525
2000-01,Damon Jones,jonesda01,PG,24,VAN,71,10,1415,6.3,15.4,0.409,3.1,8.5,0.364,3.2,6.8,0.465,1.4,1.9,0.7120000000000001,0.6,4.0,4.6,8.3,1.3,0.0,2.8,2.1,17.1,104.0,109.0,2001,Damon Jones-2001,0.0,Not Selected,Guard,MEM,0.01934398654331371
2000-01,Eddie Jones,jonesed02,SG,29,MIA,63,58,2282,9.4,21.0,0.445,2.2,5.7,0.37799999999999995,7.2,15.3,0.47100000000000003,5.5,6.5,0.8440000000000001,1.8,5.2,7.1,4.1,2.7,1.4,3.3,4.4,26.4,106.0,97.0,2001,Eddie Jones-2001,0.0,Not Selected,Guard,MIA,0.04205214465937763
2000-01,Jumaine Jones,jonesju01,SF,21,PHI,65,0,866,7.5,16.8,0.444,1.2,3.7,0.33299999999999996,6.2,13.2,0.474,2.4,3.2,0.755,3.9,7.7,11.6,2.0,1.8,0.9,2.4,4.2,18.6,104.0,99.0,2001,Jumaine Jones-2001,0.0,Not Selected,Forward,PHI,0.04709840201850295
2000-01,Popeye Jones,jonespo01,PF,30,WAS,45,1,638,4.9,12.4,0.392,0.1,0.5,0.16699999999999998,4.8,11.9,0.401,3.3,4.5,0.745,6.7,11.1,17.9,2.5,1.5,0.6,1.7,7.7,13.2,108.0,105.0,2001,Popeye Jones-2001,0.0,Not Selected,Forward,WAS,0.0159798149705635
2000-01,Garth Joseph,josepga01,C,27,TOT,4,0,16,3.3,16.3,0.2,0.0,0.0,0.0,3.3,16.3,0.2,0.0,6.5,0.0,6.5,0.0,6.5,3.3,0.0,3.3,6.5,3.3,6.5,45.0,111.0,2001,Garth Joseph-2001,0.0,Not Selected,Center,TOT,0.03333333333333333
2000-01,Adam Keefe,keefead01,PF,30,GSW,67,13,836,3.9,9.7,0.40299999999999997,0.1,0.2,0.33299999999999996,3.8,9.5,0.40399999999999997,2.4,3.8,0.619,5.5,7.3,12.8,2.2,1.7,1.2,2.4,6.2,10.3,96.0,107.0,2001,Adam Keefe-2001,0.0,Not Selected,Forward,GSW,0.014297729184188394
2000-01,Shawn Kemp,kempsh01,PF,31,POR,68,3,1083,8.4,20.5,0.40700000000000003,0.2,0.5,0.364,8.2,20.0,0.408,5.0,6.5,0.7709999999999999,3.1,9.7,12.9,3.2,2.2,1.1,4.9,9.1,21.9,90.0,99.0,2001,Shawn Kemp-2001,0.0,Not Selected,Forward,POR,0.04205214465937763
2000-01,Steve Kerr,kerrst01,PG,35,SAS,55,1,650,5.5,13.1,0.42100000000000004,2.7,6.3,0.429,2.8,6.8,0.415,1.2,1.2,0.9329999999999999,0.5,2.4,2.9,4.7,1.3,0.1,1.7,2.5,14.9,110.0,104.0,2001,Steve Kerr-2001,0.0,Not Selected,Guard,SAS,0.04878048780487805
2000-01,Jerome Kersey,kerseje01,SF,38,MIL,22,2,243,6.9,14.8,0.46399999999999997,0.0,0.2,0.0,6.9,14.6,0.47100000000000003,1.7,3.4,0.5,1.7,7.9,9.6,3.2,3.0,1.7,1.3,7.7,15.4,102.0,100.0,2001,Jerome Kersey-2001,0.0,Not Selected,Forward,MIL,0.04373423044575273
2000-01,Lari Ketner,ketnela01,PF,23,IND,3,0,7,0.0,0.0,0.0,0.0,0.0,0.0,0.0,0.0,0.0,0.0,0.0,0.0,0.0,0.0,0.0,7.7,0.0,0.0,15.3,0.0,0.0,21.0,112.0,2001,Lari Ketner-2001,0.0,Not Selected,Forward,IND,0.034482758620689655
2000-01,Jason Kidd,kiddja01,PG,27,PHO,77,76,3065,7.6,18.4,0.41100000000000003,1.2,3.9,0.297,6.4,14.5,0.442,5.5,6.8,0.8140000000000001,1.5,6.8,8.3,12.7,2.8,0.4,4.8,2.9,21.8,104.0,97.0,2001,Jason Kidd-2001,1.0,1st,Guard,PHO,0.04289318755256518
2000-01,Gerard King,kingge02,SF,28,WAS,45,3,706,6.6,12.9,0.511,0.0,0.0,0.0,6.6,12.9,0.511,2.6,3.3,0.8,2.9,6.6,9.5,2.3,1.0,0.8,3.4,6.9,15.8,100.0,109.0,2001,Gerard King-2001,0.0,Not Selected,Forward,WAS,0.0159798149705635
2000-01,Brevin Knight,knighbr01,PG,25,TOT,53,43,1457,5.0,13.3,0.375,0.0,0.4,0.1,4.9,12.9,0.382,1.9,2.4,0.818,0.8,5.2,6.0,11.1,3.6,0.1,3.3,5.6,11.9,95.0,102.0,2001,Brevin Knight-2001,0.0,Not Selected,Guard,TOT,0.03333333333333333
2000-01,Travis Knight,knightr01,C,26,NYK,45,0,256,2.2,11.5,0.18899999999999997,0.0,0.2,0.0,2.2,11.2,0.192,1.9,3.9,0.5,4.1,7.4,11.5,1.1,1.1,2.4,2.2,10.2,6.3,63.0,97.0,2001,Travis Knight-2001,0.0,Not Selected,Center,NYK,0.040370058873002525
2000-01,Toni Kukoč,kukocto01,SF,32,TOT,65,19,1597,9.1,19.2,0.473,2.3,5.2,0.446,6.8,14.0,0.48200000000000004,3.3,5.3,0.631,2.2,6.4,8.5,6.6,1.6,0.4,3.7,3.2,23.8,108.0,103.0,2001,Toni Kukoč-2001,0.0,Not Selected,Forward,TOT,0.03333333333333333
2000-01,Christian Laettner,laettch01,C-PF,31,TOT,78,48,1663,8.6,17.1,0.503,0.1,0.4,0.308,8.5,16.7,0.507,5.3,6.3,0.833,3.7,7.7,11.3,3.8,2.2,1.4,4.3,7.5,22.6,106.0,102.0,2001,Christian Laettner-2001,0.0,Not Selected,Forward,TOT,0.03333333333333333
2000-01,Raef LaFrentz,lafrera01,C,24,DEN,78,74,2457,8.2,17.1,0.47700000000000004,1.1,2.9,0.36700000000000005,7.1,14.2,0.499,3.9,5.5,0.698,3.6,9.2,12.8,2.3,0.8,4.3,2.0,6.1,21.3,110.0,103.0,2001,Raef LaFrentz-2001,0.0,Not Selected,Center,DEN,0.0336417157275021
2000-01,Trajan Langdon,langdtr01,SG,24,CLE,65,5,1116,6.4,14.8,0.431,2.4,5.8,0.41100000000000003,4.0,8.9,0.444,3.2,3.6,0.895,0.6,3.6,4.2,3.8,1.8,0.4,2.5,5.4,18.3,109.0,108.0,2001,Trajan Langdon-2001,0.0,Not Selected,Guard,CLE,0.025231286795626577
2000-01,Dan Langhi,langhda01,SF,23,HOU,33,0,241,8.2,21.8,0.374,0.0,0.2,0.0,8.2,21.6,0.37799999999999995,3.5,6.4,0.552,2.9,6.2,9.0,0.9,1.5,0.2,1.8,3.5,19.8,87.0,106.0,2001,Dan Langhi-2001,0.0,Not Selected,Forward,HOU,0.03784693019343986
2000-01,Voshon Lenard,lenarvo01,SG,27,DEN,80,58,2331,7.5,18.8,0.397,3.3,8.5,0.385,4.2,10.3,0.40700000000000003,3.4,4.3,0.797,1.0,4.1,5.1,4.2,1.4,0.4,2.3,3.8,21.6,105.0,109.0,2001,Voshon Lenard-2001,0.0,Not Selected,Guard,DEN,0.0336417157275021
2000-01,Quincy Lewis,lewisqu01,SF,23,UTA,35,2,402,6.7,16.4,0.40700000000000003,1.2,3.3,0.36,5.5,13.0,0.418,2.0,2.8,0.7140000000000001,1.9,4.4,6.3,2.4,1.3,1.3,2.3,10.4,16.5,95.0,105.0,2001,Quincy Lewis-2001,0.0,Not Selected,Forward,UTA,0.044575273338940284
2000-01,Rashard Lewis,lewisra02,PF,21,SEA,78,78,2720,8.2,17.1,0.48,2.4,5.5,0.43200000000000005,5.8,11.6,0.503,3.4,4.1,0.826,2.8,7.7,10.4,2.4,1.8,0.9,2.5,3.7,22.2,114.0,105.0,2001,Rashard Lewis-2001,0.0,Not Selected,Forward,OKC,0.03700588730025231
2000-01,Randy Livingston,livinra01,PG,25,GSW,2,0,7,0.0,14.6,0.0,0.0,7.3,0.0,0.0,7.3,0.0,0.0,0.0,0.0,0.0,7.3,7.3,7.3,0.0,0.0,0.0,0.0,0.0,28.0,112.0,2001,Randy Livingston-2001,0.0,Not Selected,Guard,GSW,0.014297729184188394
2000-01,Art Long,longar01,SF,28,SAC,9,0,20,0.0,10.2,0.0,0.0,0.0,0.0,0.0,10.2,0.0,0.0,5.1,0.0,5.1,15.3,20.3,2.5,0.0,7.6,5.1,12.7,0.0,27.0,91.0,2001,Art Long-2001,0.0,Not Selected,Forward,SAC,0.04625735912531539
2000-01,Grant Long,longgr01,PF,34,VAN,66,27,1507,4.9,11.1,0.439,0.1,0.5,0.267,4.7,10.6,0.447,3.9,5.5,0.713,2.6,6.9,9.5,2.9,2.5,0.5,2.2,5.6,13.8,103.0,104.0,2001,Grant Long-2001,0.0,Not Selected,Forward,MEM,0.01934398654331371
2000-01,Luc Longley,longllu01,C,32,NYK,25,2,301,3.3,9.9,0.33299999999999996,0.0,0.0,0.0,3.3,9.9,0.33299999999999996,2.4,3.1,0.765,4.8,7.4,12.1,1.3,0.6,1.7,4.0,9.4,9.0,78.0,99.0,2001,Luc Longley-2001,0.0,Not Selected,Center,NYK,0.040370058873002525
2000-01,Felipe López,lopezfe01,SG-PG,26,TOT,70,48,1565,7.0,15.9,0.441,0.6,1.7,0.365,6.4,14.1,0.451,3.6,5.2,0.6990000000000001,1.8,5.9,7.8,3.6,2.1,1.0,2.8,5.2,18.2,100.0,106.0,2001,Felipe López-2001,0.0,Not Selected,Guard,TOT,0.03333333333333333
2000-01,Tyronn Lue,luety01,PG,23,LAL,38,1,468,5.6,13.1,0.42700000000000005,1.2,3.8,0.324,4.4,9.3,0.47,2.1,2.7,0.792,0.6,3.0,3.6,5.0,2.1,0.0,3.0,6.0,14.5,99.0,108.0,2001,Tyronn Lue-2001,0.0,Not Selected,Guard,LAL,0.04709840201850295
2000-01,George Lynch,lynchge01,SF,30,PHI,82,80,2649,5.5,12.3,0.445,0.3,1.1,0.263,5.2,11.2,0.46299999999999997,2.5,3.4,0.7190000000000001,4.0,7.8,11.8,2.8,2.0,0.6,2.2,4.4,13.7,105.0,99.0,2001,George Lynch-2001,0.0,Not Selected,Forward,PHI,0.04709840201850295
2000-01,Todd MacCulloch,maccuto01,C,25,PHI,63,3,597,9.7,16.4,0.589,0.0,0.0,0.0,9.7,16.4,0.589,3.7,5.9,0.636,6.1,8.8,14.9,0.9,0.6,1.7,2.4,8.5,23.1,119.0,100.0,2001,Todd MacCulloch-2001,0.0,Not Selected,Center,PHI,0.04709840201850295
2000-01,Don MacLean,macledo01,SF,31,MIA,8,1,76,7.3,14.5,0.5,1.5,1.5,1.0,5.8,13.1,0.444,6.5,8.7,0.75,5.1,8.0,13.1,2.9,3.6,0.7,7.3,6.5,22.5,97.0,94.0,2001,Don MacLean-2001,0.0,Not Selected,Forward,MIA,0.04205214465937763
2000-01,Mark Madsen,madsema01,PF,25,LAL,70,3,641,4.5,9.2,0.48700000000000004,0.1,0.1,1.0,4.4,9.1,0.48200000000000004,2.1,3.0,0.703,6.0,6.4,12.4,2.0,0.7,0.7,2.2,9.1,11.2,112.0,107.0,2001,Mark Madsen-2001,0.0,Not Selected,Forward,LAL,0.04709840201850295
2000-01,Corey Maggette,maggeco01,SF,21,LAC,69,9,1359,8.9,19.2,0.462,0.7,2.2,0.304,8.2,17.0,0.483,8.8,11.3,0.774,3.5,8.0,11.5,3.2,1.4,0.4,4.2,5.5,27.2,108.0,105.0,2001,Corey Maggette-2001,0.0,Not Selected,Forward,LAC,0.02607232968881413
2000-01,Jamaal Magloire,magloja01,C,22,CHH,74,0,1095,6.0,13.3,0.45,0.0,0.1,0.0,6.0,13.2,0.45399999999999996,4.7,7.1,0.655,5.0,9.4,14.5,1.3,0.9,3.8,3.0,6.8,16.6,100.0,97.0,2001,Jamaal Magloire-2001,0.0,Not Selected,Center,CHO,0.03868797308662742
2000-01,Dan Majerle,majerda01,SG,35,MIA,53,19,1306,3.7,10.9,0.336,2.4,7.6,0.315,1.3,3.3,0.385,1.5,1.9,0.818,0.8,6.2,7.0,3.7,2.2,0.6,1.5,4.1,11.3,100.0,98.0,2001,Dan Majerle-2001,0.0,Not Selected,Guard,MIA,0.04205214465937763
2000-01,Karl Malone,malonka01,PF,37,UTA,81,81,2895,12.4,24.8,0.498,0.0,0.1,0.4,12.3,24.8,0.499,9.9,12.5,0.7929999999999999,2.1,10.3,12.4,6.7,1.7,1.1,4.5,4.0,34.7,112.0,100.0,2001,Karl Malone-2001,3.0,3rd,Forward,UTA,0.044575273338940284
2000-01,Matt Maloney,malonma01,PG,29,ATL,55,27,1403,5.4,12.9,0.42,1.9,5.3,0.359,3.5,7.7,0.461,1.0,1.3,0.765,0.5,3.8,4.4,5.7,2.1,0.2,2.6,3.5,13.7,100.0,107.0,2001,Matt Maloney-2001,0.0,Not Selected,Guard,ATL,0.021026072329688814
2000-01,Danny Manning,mannida01,PF,34,UTA,82,0,1305,10.1,20.5,0.494,0.3,1.1,0.25,9.8,19.3,0.508,4.2,5.7,0.7290000000000001,2.7,6.1,8.8,3.8,1.9,1.2,3.9,9.0,24.7,101.0,102.0,2001,Danny Manning-2001,0.0,Not Selected,Forward,UTA,0.044575273338940284
2000-01,Stephon Marbury,marbust01,PG,23,NJN,67,67,2557,11.5,26.1,0.441,2.2,6.8,0.32799999999999996,9.3,19.3,0.48100000000000004,7.4,9.4,0.79,1.1,3.1,4.2,10.3,1.6,0.1,4.0,3.1,32.7,110.0,109.0,2001,Stephon Marbury-2001,0.0,Not Selected,Guard,BRK,0.021867115222876366
2000-01,Shawn Marion,mariosh01,SF,22,PHO,79,79,2857,10.0,20.9,0.48,0.4,1.5,0.256,9.7,19.4,0.49700000000000005,4.2,5.2,0.81,4.0,11.3,15.3,2.9,2.4,1.9,2.3,3.8,24.7,109.0,93.0,2001,Shawn Marion-2001,0.0,Not Selected,Forward,PHO,0.04289318755256518
2000-01,Donyell Marshall,marshdo01,SF,27,UTA,81,49,2326,9.8,19.5,0.503,0.9,2.9,0.32,8.9,16.6,0.535,4.7,6.3,0.7509999999999999,4.0,9.1,13.0,3.1,2.0,1.8,2.9,4.5,25.3,112.0,100.0,2001,Donyell Marshall-2001,0.0,Not Selected,Forward,UTA,0.044575273338940284
2000-01,Darrick Martin,martida01,PG,29,SAC,31,0,176,8.4,22.0,0.382,4.0,7.8,0.519,4.3,14.2,0.306,9.0,10.1,0.8859999999999999,0.6,4.0,4.6,4.0,2.0,0.0,2.9,7.8,29.8,113.0,103.0,2001,Darrick Martin-2001,0.0,Not Selected,Guard,SAC,0.04625735912531539
2000-01,Kenyon Martin,martike01,PF,23,NJN,68,68,2272,8.0,17.9,0.445,0.0,0.3,0.091,7.9,17.6,0.45,2.8,4.4,0.63,3.2,8.4,11.5,3.0,1.8,2.6,3.2,6.5,18.7,93.0,102.0,2001,Kenyon Martin-2001,0.0,Not Selected,Forward,BRK,0.021867115222876366
2000-01,Jamal Mashburn,mashbja01,SF,28,CHH,76,76,2989,10.3,24.9,0.413,1.8,5.2,0.35600000000000004,8.4,19.7,0.428,5.0,6.5,0.7659999999999999,1.7,8.7,10.3,7.4,1.5,0.2,3.8,3.3,27.4,101.0,100.0,2001,Jamal Mashburn-2001,0.0,Not Selected,Forward,CHO,0.03868797308662742
2000-01,Anthony Mason,masonan01,PF,34,MIA,80,80,3254,7.8,16.2,0.48200000000000004,0.0,0.0,0.0,7.8,16.2,0.48200000000000004,6.3,8.0,0.7809999999999999,2.9,10.2,13.0,4.2,1.4,0.4,3.0,3.9,21.9,109.0,98.0,2001,Anthony Mason-2001,0.0,Not Selected,Forward,MIA,0.04205214465937763
2000-01,Desmond Mason,masonde01,SF,23,SEA,78,14,1522,6.5,15.1,0.431,0.6,2.3,0.26899999999999996,5.9,12.8,0.46,2.3,3.1,0.736,2.5,6.1,8.6,2.2,1.3,0.7,1.8,5.0,15.9,101.0,107.0,2001,Desmond Mason-2001,0.0,Not Selected,Forward,OKC,0.03700588730025231
2000-01,Tony Massenburg,masseto01,PF,33,VAN,52,20,823,5.9,12.7,0.462,0.0,0.0,0.0,5.9,12.7,0.462,3.1,4.5,0.7,4.8,8.6,13.4,0.6,0.6,1.8,3.1,7.8,14.8,96.0,105.0,2001,Tony Massenburg-2001,0.0,Not Selected,Forward,MEM,0.01934398654331371
2000-01,Vernon Maxwell,maxweve01,PG,35,TOT,43,6,660,5.8,17.7,0.327,2.7,8.8,0.306,3.1,8.9,0.348,1.7,2.5,0.6559999999999999,0.3,4.9,5.2,3.9,1.7,0.2,2.8,5.1,15.9,86.0,103.0,2001,Vernon Maxwell-2001,0.0,Not Selected,Guard,TOT,0.03333333333333333
2000-01,Walter McCarty,mccarwa01,PF,26,BOS,60,3,478,4.9,13.7,0.35700000000000004,2.1,6.1,0.33899999999999997,2.8,7.6,0.371,2.4,3.0,0.7859999999999999,2.6,6.2,8.8,4.2,1.5,0.8,2.2,8.9,14.2,101.0,105.0,2001,Walter McCarty-2001,0.0,Not Selected,Forward,BOS,0.030277544154751892
2000-01,Dan McClintock,mcclida01,C,23,DEN,6,1,58,8.0,16.1,0.5,0.0,0.0,0.0,8.0,16.1,0.5,0.0,4.5,0.0,8.9,6.3,15.2,0.9,0.0,1.8,2.7,9.8,16.1,94.0,109.0,2001,Dan McClintock-2001,0.0,Not Selected,Center,DEN,0.0336417157275021
2000-01,George McCloud,mccloge01,SF,33,DEN,76,8,2007,6.5,16.9,0.382,2.0,6.0,0.32899999999999996,4.5,10.9,0.41100000000000003,3.9,4.7,0.84,1.4,4.4,5.8,7.2,1.4,0.7,3.0,4.3,18.8,103.0,109.0,2001,George McCloud-2001,0.0,Not Selected,Forward,DEN,0.0336417157275021
2000-01,Jelani McCoy,mccoyje01,C,23,SEA,70,44,1143,6.3,12.1,0.523,0.0,0.0,0.0,6.3,12.1,0.523,1.9,4.3,0.441,4.2,7.3,11.5,2.6,0.8,2.2,3.4,6.5,14.5,97.0,106.0,2001,Jelani McCoy-2001,0.0,Not Selected,Center,OKC,0.03700588730025231
2000-01,Antonio McDyess,mcdyean01,PF,26,DEN,70,70,2555,11.7,23.6,0.495,0.0,0.0,0.0,11.7,23.6,0.495,6.2,8.8,0.7,4.9,12.3,17.1,3.0,0.9,2.1,3.3,4.5,29.6,107.0,103.0,2001,Antonio McDyess-2001,0.0,Not Selected,Forward,DEN,0.0336417157275021
2000-01,Tracy McGrady,mcgratr01,SG,21,ORL,77,77,3087,13.2,28.8,0.457,1.0,2.8,0.355,12.2,26.0,0.46799999999999997,7.2,9.8,0.733,3.2,6.5,9.7,5.9,1.9,2.0,3.3,2.7,34.5,109.0,101.0,2001,Tracy McGrady-2001,2.0,2nd,Guard,ORL,0.03616484440706476
2000-01,Jim McIlvaine,mcilvji01,C,28,NJN,18,3,193,2.7,7.6,0.35700000000000004,0.0,0.0,0.0,2.7,7.6,0.35700000000000004,2.2,3.2,0.667,2.2,7.3,9.5,1.1,1.9,4.1,2.4,9.5,7.6,81.0,101.0,2001,Jim McIlvaine-2001,0.0,Not Selected,Center,BRK,0.021867115222876366
2000-01,Jeff McInnis,mcinnje01,PG,26,LAC,81,81,2831,8.2,17.6,0.46299999999999997,1.0,2.7,0.361,7.2,14.9,0.48200000000000004,2.5,3.0,0.807,0.8,3.4,4.2,8.5,1.4,0.1,2.1,3.8,19.8,112.0,108.0,2001,Jeff McInnis-2001,0.0,Not Selected,Guard,LAC,0.02607232968881413
2000-01,Derrick McKey,mckeyde01,SF,34,IND,66,20,987,3.3,7.4,0.441,0.2,1.1,0.2,3.0,6.3,0.483,1.1,1.5,0.778,2.7,6.9,9.6,4.0,2.6,0.7,2.6,7.4,7.9,97.0,101.0,2001,Derrick McKey-2001,0.0,Not Selected,Forward,IND,0.034482758620689655
2000-01,Aaron McKie,mckieaa01,SG,28,PHI,76,33,2394,7.5,15.8,0.473,1.2,3.8,0.312,6.3,12.0,0.524,3.3,4.3,0.768,0.7,6.2,6.9,8.3,2.3,0.2,4.5,3.9,19.4,103.0,100.0,2001,Aaron McKie-2001,0.0,Not Selected,Guard,PHI,0.04709840201850295
2000-01,Roshown McLeod,mcleoro01,SF,25,TOT,35,25,922,8.2,18.8,0.43700000000000006,0.1,1.2,0.091,8.1,17.6,0.461,2.5,2.9,0.882,2.2,4.6,6.8,3.3,1.3,0.5,3.3,5.1,19.1,94.0,107.0,2001,Roshown McLeod-2001,0.0,Not Selected,Forward,TOT,0.03333333333333333
2000-01,Paul McPherson,mcphepa01,PG,22,TOT,55,0,595,9.4,18.6,0.505,0.2,1.0,0.16699999999999998,9.2,17.6,0.525,3.6,5.0,0.7240000000000001,3.4,3.4,6.8,3.3,2.2,0.3,4.1,6.9,22.6,100.0,105.0,2001,Paul McPherson-2001,0.0,Not Selected,Guard,TOT,0.03333333333333333
2000-01,Stanislav Medvedenko,medvest01,PF,21,LAL,7,0,39,16.1,33.5,0.48,1.3,1.3,1.0,14.8,32.2,0.45799999999999996,9.4,16.1,0.583,1.3,10.7,12.1,2.7,1.3,1.3,4.0,12.1,42.9,102.0,102.0,2001,Stanislav Medvedenko-2001,0.0,Not Selected,Forward,LAL,0.04709840201850295
2000-01,Ron Mercer,mercero01,SG,24,CHI,61,61,2535,10.6,23.8,0.446,0.3,1.0,0.304,10.3,22.8,0.452,4.0,4.8,0.825,1.5,3.5,5.0,4.3,1.7,0.6,2.7,3.1,25.5,99.0,110.0,2001,Ron Mercer-2001,0.0,Not Selected,Guard,CHI,0.012615643397813289
2000-01,Chris Mihm,mihmch01,C,21,CLE,59,43,1166,7.8,17.6,0.442,0.0,0.0,0.0,7.8,17.6,0.444,4.5,5.7,0.794,4.8,7.9,12.6,0.7,0.9,2.4,3.6,7.0,20.1,97.0,105.0,2001,Chris Mihm-2001,0.0,Not Selected,Center,CLE,0.025231286795626577
2000-01,Darius Miles,milesda01,SF,19,LAC,81,21,2133,8.0,15.8,0.505,0.0,0.5,0.053,8.0,15.3,0.519,3.1,6.0,0.521,3.2,8.8,12.0,2.5,1.3,3.1,3.7,4.8,19.1,97.0,102.0,2001,Darius Miles-2001,0.0,Not Selected,Forward,LAC,0.02607232968881413
2000-01,Andre Miller,millean02,PG,24,CLE,82,82,2848,8.4,18.5,0.452,0.3,1.2,0.266,8.0,17.3,0.465,6.9,8.3,0.833,1.7,4.9,6.7,12.1,2.2,0.5,4.9,4.2,23.9,109.0,106.0,2001,Andre Miller-2001,0.0,Not Selected,Guard,CLE,0.025231286795626577
2000-01,Anthony Miller,millean01,PF,29,TOT,4,0,11,4.8,9.6,0.5,0.0,0.0,0.0,4.8,9.6,0.5,0.0,0.0,0.0,0.0,9.6,9.6,0.0,0.0,0.0,4.8,4.8,9.6,62.0,106.0,2001,Anthony Miller-2001,0.0,Not Selected,Forward,TOT,0.03333333333333333
2000-01,Brad Miller,millebr01,C,24,CHI,57,45,1434,6.3,14.5,0.435,0.0,0.2,0.2,6.3,14.3,0.43799999999999994,6.3,8.5,0.743,5.4,10.3,15.7,4.0,1.2,1.4,2.7,6.6,18.9,109.0,105.0,2001,Brad Miller-2001,0.0,Not Selected,Center,CHI,0.012615643397813289
2000-01,Mike Miller,millemi01,SF,20,ORL,82,62,2390,7.9,18.2,0.436,3.2,7.8,0.40700000000000003,4.7,10.4,0.457,2.0,2.8,0.711,1.4,5.6,7.0,3.0,1.1,0.4,2.1,4.3,21.0,108.0,105.0,2001,Mike Miller-2001,0.0,Not Selected,Forward,ORL,0.03616484440706476
2000-01,Reggie Miller,millere01,SG,35,IND,81,81,3181,8.7,19.8,0.44,2.9,7.8,0.366,5.9,12.0,0.48700000000000004,5.5,5.9,0.9279999999999999,0.6,4.2,4.8,4.4,1.4,0.3,2.2,2.7,25.8,115.0,106.0,2001,Reggie Miller-2001,0.0,Not Selected,Guard,IND,0.034482758620689655
2000-01,Chris Mills,millsch01,SF,31,GSW,15,8,493,7.3,19.8,0.37200000000000005,0.7,2.6,0.28,6.6,17.2,0.386,3.2,3.7,0.861,2.5,7.1,9.6,1.9,0.9,0.5,2.1,4.4,18.6,94.0,109.0,2001,Chris Mills-2001,0.0,Not Selected,Forward,GSW,0.014297729184188394
2000-01,Terry Mills,millste01,PF,33,IND,14,0,113,5.2,16.2,0.324,1.4,8.1,0.17600000000000002,3.8,8.1,0.47100000000000003,0.0,0.0,0.0,1.9,8.1,10.0,2.4,1.4,0.5,4.8,9.5,11.9,67.0,102.0,2001,Terry Mills-2001,0.0,Not Selected,Forward,IND,0.034482758620689655
2000-01,Sam Mitchell,mitchsa01,SF,37,MIN,82,4,983,6.3,15.4,0.408,0.5,2.3,0.209,5.8,13.1,0.44299999999999995,2.1,2.9,0.727,1.5,5.1,6.5,3.0,1.4,0.5,1.9,6.2,15.2,95.0,106.0,2001,Sam Mitchell-2001,0.0,Not Selected,Forward,MIN,0.03952901597981497
2000-01,Cuttino Mobley,moblecu01,SG,25,HOU,79,49,3002,9.3,21.5,0.434,1.6,4.5,0.35700000000000004,7.7,17.0,0.45399999999999996,7.0,8.4,0.831,1.5,5.6,7.0,3.4,1.5,0.5,2.9,3.0,27.2,109.0,106.0,2001,Cuttino Mobley-2001,0.0,Not Selected,Guard,HOU,0.03784693019343986
2000-01,Nazr Mohammed,mohamna01,C,23,TOT,58,22,912,10.1,21.2,0.47700000000000004,0.0,0.1,0.0,10.1,21.1,0.478,5.1,7.2,0.706,6.6,11.0,17.6,1.1,1.7,2.0,3.7,6.5,25.3,103.0,99.0,2001,Nazr Mohammed-2001,0.0,Not Selected,Center,TOT,0.03333333333333333
2000-01,Jérôme Moïso,moisoje01,C,22,BOS,24,0,135,4.6,11.5,0.4,0.0,0.4,0.0,4.6,11.1,0.414,4.2,10.0,0.423,4.6,11.5,16.1,1.2,1.2,1.5,6.9,11.1,13.4,70.0,101.0,2001,Jérôme Moïso-2001,0.0,Not Selected,Center,BOS,0.030277544154751892
2000-01,Eric Montross,montrer01,C,29,TOT,54,21,649,4.4,10.8,0.406,0.0,0.0,0.0,4.4,10.8,0.406,0.6,2.4,0.258,4.1,9.5,13.6,1.5,0.9,2.0,3.2,9.0,9.4,79.0,101.0,2001,Eric Montross-2001,0.0,Not Selected,Center,TOT,0.03333333333333333
2000-01,Mikki Moore,mooremi01,C,25,DET,81,2,1154,5.8,11.8,0.493,0.0,0.0,0.0,5.8,11.7,0.494,4.2,5.7,0.731,5.3,8.6,13.9,1.4,1.1,2.7,3.2,8.9,15.8,105.0,100.0,2001,Mikki Moore-2001,0.0,Not Selected,Center,DET,0.02691337258200168
2000-01,Hanno Möttölä,mottoha01,SF,24,ATL,73,3,989,6.5,14.6,0.444,0.0,0.2,0.0,6.5,14.5,0.449,3.9,4.8,0.8109999999999999,2.6,6.6,9.2,1.3,0.6,0.5,3.5,8.6,16.8,93.0,107.0,2001,Hanno Möttölä-2001,0.0,Not Selected,Forward,ATL,0.021026072329688814
2000-01,Alonzo Mourning,mournal01,C,30,MIA,13,3,306,13.2,25.4,0.518,0.0,0.2,0.0,13.2,25.2,0.521,5.6,9.9,0.564,6.3,11.9,18.2,2.2,0.7,5.6,5.0,4.3,31.9,99.0,93.0,2001,Alonzo Mourning-2001,0.0,Not Selected,Center,MIA,0.04205214465937763
2000-01,Chris Mullin,mullich01,SF,37,GSW,20,8,374,4.9,14.5,0.34,2.6,7.1,0.365,2.3,7.4,0.315,3.3,3.8,0.857,1.4,4.2,5.6,2.6,2.2,1.4,2.6,3.8,15.7,98.0,108.0,2001,Chris Mullin-2001,0.0,Not Selected,Forward,GSW,0.014297729184188394
2000-01,Lamond Murray,murrala01,SF,27,CLE,78,46,2225,9.2,21.9,0.423,1.4,3.9,0.37,7.8,18.0,0.434,3.7,5.0,0.735,2.5,5.6,8.0,2.9,2.0,0.6,3.3,4.1,23.6,97.0,106.0,2001,Lamond Murray-2001,0.0,Not Selected,Forward,CLE,0.025231286795626577
2000-01,Tracy Murray,murratr01,SF,29,TOT,51,1,588,8.4,22.2,0.379,3.2,9.2,0.35,5.2,13.0,0.4,2.9,3.8,0.7859999999999999,2.0,5.3,7.2,2.1,1.1,0.6,2.3,4.7,23.0,98.0,107.0,2001,Tracy Murray-2001,0.0,Not Selected,Forward,TOT,0.03333333333333333
2000-01,Dikembe Mutombo,mutomdi01,C,34,TOT,75,75,2591,5.4,11.3,0.484,0.0,0.0,0.0,5.4,11.3,0.484,4.3,5.9,0.725,6.2,14.3,20.6,1.5,0.6,4.1,2.9,4.1,15.2,108.0,97.0,2001,Dikembe Mutombo-2001,2.0,2nd,Center,TOT,0.03333333333333333
2000-01,Mamadou N'Diaye,ndiayma02,C,25,TOR,3,0,10,5.3,21.1,0.25,0.0,0.0,0.0,5.3,21.1,0.25,10.6,10.6,1.0,5.3,5.3,10.6,0.0,0.0,0.0,0.0,15.8,21.1,106.0,109.0,2001,Mamadou N'Diaye-2001,0.0,Not Selected,Center,TOR,0.03952901597981497
2000-01,Lee Nailon,nailole01,SF,25,CHH,42,0,469,7.6,15.6,0.485,0.0,0.1,0.0,7.6,15.5,0.489,3.7,4.9,0.7440000000000001,3.3,7.2,10.5,2.7,1.0,0.6,3.1,6.9,18.8,102.0,102.0,2001,Lee Nailon-2001,0.0,Not Selected,Forward,CHO,0.03868797308662742
2000-01,Eduardo Nájera,najered01,PF,24,DAL,40,4,431,6.9,13.3,0.523,0.1,0.4,0.33299999999999996,6.8,12.9,0.528,1.7,3.9,0.424,4.9,6.5,11.4,3.2,1.6,1.0,2.0,5.7,15.7,110.0,103.0,2001,Eduardo Nájera-2001,0.0,Not Selected,Forward,DAL,0.044575273338940284
2000-01,Steve Nash,nashst01,PG,26,DAL,70,70,2387,8.3,17.1,0.48700000000000004,1.9,4.7,0.406,6.4,12.4,0.518,5.0,5.6,0.895,1.0,3.8,4.8,11.0,1.6,0.1,4.4,3.4,23.6,115.0,106.0,2001,Steve Nash-2001,0.0,Not Selected,Guard,DAL,0.044575273338940284
2000-01,Tyrone Nesby,nesbyty01,SF-SG,25,TOT,62,34,1556,6.3,17.8,0.35700000000000004,1.6,6.0,0.272,4.7,11.7,0.4,2.8,3.6,0.802,1.7,4.1,5.8,2.5,1.7,0.7,2.2,5.2,17.2,94.0,109.0,2001,Tyrone Nesby-2001,0.0,Not Selected,Forward,TOT,0.03333333333333333
2000-01,Rasho Nesterović,nestera01,C,24,MIN,73,39,1233,6.2,13.5,0.461,0.0,0.0,0.0,6.2,13.5,0.462,1.4,2.8,0.523,4.2,7.9,12.1,1.9,1.1,2.7,2.3,8.0,13.9,97.0,103.0,2001,Rasho Nesterović-2001,0.0,Not Selected,Center,MIN,0.03952901597981497
2000-01,Ira Newble,newblir01,SF,26,SAS,27,6,184,6.1,16.0,0.382,1.2,2.6,0.444,5.0,13.4,0.37,2.3,4.7,0.5,3.8,6.4,10.2,1.7,0.6,1.2,2.0,5.2,15.7,93.0,101.0,2001,Ira Newble-2001,0.0,Not Selected,Forward,SAS,0.04878048780487805
2000-01,Johnny Newman,newmajo01,SG,37,NJN,82,17,2049,7.4,17.7,0.419,1.5,4.5,0.335,5.9,13.2,0.447,6.5,7.6,0.855,0.9,3.6,4.5,2.9,1.6,0.3,2.7,5.8,22.8,106.0,109.0,2001,Johnny Newman-2001,0.0,Not Selected,Guard,BRK,0.021867115222876366
2000-01,Moochie Norris,norrimo01,PG,27,HOU,82,6,1654,5.9,13.3,0.446,0.8,2.9,0.281,5.1,10.4,0.491,4.8,6.2,0.778,1.4,4.9,6.4,9.1,2.2,0.1,3.4,2.7,17.5,111.0,105.0,2001,Moochie Norris-2001,0.0,Not Selected,Guard,HOU,0.03784693019343986
2000-01,Dirk Nowitzki,nowitdi01,PF,22,DAL,82,82,3125,9.7,20.5,0.474,2.5,6.4,0.387,7.3,14.1,0.513,7.4,8.9,0.838,2.0,10.5,12.4,2.9,1.3,1.7,2.6,4.0,29.4,118.0,100.0,2001,Dirk Nowitzki-2001,3.0,3rd,Forward,DAL,0.044575273338940284
2000-01,Jermaine O'Neal,onealje01,C,22,IND,81,80,2641,8.2,17.6,0.465,0.0,0.1,0.0,8.2,17.5,0.46799999999999997,4.7,7.9,0.601,5.1,11.1,16.1,2.0,1.0,4.6,3.3,5.7,21.2,100.0,97.0,2001,Jermaine O'Neal-2001,0.0,Not Selected,Center,IND,0.034482758620689655
2000-01,Shaquille O'Neal,onealsh01,C,28,LAL,74,74,2924,14.5,25.4,0.5720000000000001,0.0,0.0,0.0,14.5,25.4,0.573,8.9,17.4,0.513,5.2,11.6,16.8,5.0,0.8,3.7,3.9,4.6,38.0,114.0,101.0,2001,Shaquille O'Neal-2001,1.0,1st,Center,LAL,0.04709840201850295
2000-01,Charles Oakley,oaklech01,PF,37,TOR,78,77,2767,5.8,15.0,0.38799999999999996,0.2,0.9,0.22399999999999998,5.6,14.1,0.39899999999999997,2.4,2.9,0.836,2.7,11.4,14.1,5.0,1.4,0.9,2.7,4.9,14.3,96.0,101.0,2001,Charles Oakley-2001,0.0,Not Selected,Forward,TOR,0.03952901597981497
2000-01,Lamar Odom,odomla01,PF,21,LAC,76,74,2836,9.1,19.7,0.46,1.5,4.8,0.316,7.6,15.0,0.506,4.9,7.3,0.679,2.1,9.1,11.2,7.4,1.4,2.3,5.0,4.5,24.6,102.0,102.0,2001,Lamar Odom-2001,0.0,Not Selected,Forward,LAC,0.02607232968881413
2000-01,Hakeem Olajuwon,olajuha01,C,38,HOU,58,55,1545,9.7,19.5,0.498,0.0,0.0,0.0,9.7,19.5,0.499,4.2,6.8,0.621,4.3,10.6,14.8,2.5,2.4,3.0,2.8,4.8,23.7,106.0,98.0,2001,Hakeem Olajuwon-2001,0.0,Not Selected,Center,HOU,0.03784693019343986
2000-01,Kevin Ollie,ollieke01,PG,28,TOT,70,4,925,4.3,11.0,0.396,0.1,0.2,0.33299999999999996,4.3,10.8,0.397,3.6,5.1,0.708,0.9,4.5,5.4,8.3,1.7,0.1,2.8,4.8,12.3,100.0,103.0,2001,Kevin Ollie-2001,0.0,Not Selected,Guard,TOT,0.03333333333333333
2000-01,Michael Olowokandi,olowomi01,C,25,LAC,82,82,2127,7.8,17.8,0.435,0.0,0.0,0.0,7.8,17.8,0.435,2.1,3.9,0.545,4.2,9.0,13.2,1.2,0.8,2.7,4.3,6.3,17.6,85.0,103.0,2001,Michael Olowokandi-2001,0.0,Not Selected,Center,LAC,0.02607232968881413
2000-01,Greg Ostertag,ostergr01,C,27,UTA,81,3,1491,5.0,10.1,0.495,0.0,0.1,0.5,4.9,10.0,0.495,3.0,5.4,0.556,5.9,9.0,14.9,0.8,0.8,5.1,2.3,7.7,13.0,106.0,99.0,2001,Greg Ostertag-2001,0.0,Not Selected,Center,UTA,0.044575273338940284
2000-01,Bo Outlaw,outlabo01,PF,29,ORL,80,69,2534,4.6,7.5,0.614,0.0,0.0,0.5,4.6,7.4,0.615,2.6,4.6,0.573,4.3,8.3,12.6,4.6,2.1,2.8,2.9,4.9,11.8,115.0,99.0,2001,Bo Outlaw-2001,0.0,Not Selected,Forward,ORL,0.03616484440706476
2000-01,Doug Overton,overtdo01,PG,31,TOT,21,10,475,5.7,15.3,0.374,1.2,4.0,0.306,4.5,11.3,0.39799999999999996,1.1,1.8,0.625,0.4,3.8,4.3,7.9,0.9,0.0,3.4,4.1,13.7,88.0,110.0,2001,Doug Overton-2001,0.0,Not Selected,Guard,TOT,0.03333333333333333
2000-01,Billy Owens,owensbi01,PF,31,DET,45,14,793,5.6,14.7,0.38299999999999995,0.2,1.3,0.15,5.4,13.4,0.405,1.2,2.6,0.475,5.4,7.7,13.1,3.5,2.0,0.8,2.5,5.9,12.7,91.0,101.0,2001,Billy Owens-2001,0.0,Not Selected,Forward,DET,0.02691337258200168
2000-01,Olumide Oyedeji,oyedeol01,C,19,SEA,30,1,221,4.3,8.8,0.486,0.0,0.0,0.0,4.3,8.8,0.486,2.1,2.8,0.75,5.7,10.2,15.9,0.5,1.7,2.4,2.6,9.5,10.7,104.0,102.0,2001,Olumide Oyedeji-2001,0.0,Not Selected,Center,OKC,0.03700588730025231
2000-01,Robert Pack,packro01,PG,31,DEN,74,11,1260,7.4,17.5,0.425,0.5,1.3,0.387,6.9,16.2,0.428,4.3,5.6,0.7659999999999999,1.2,4.4,5.6,12.0,2.7,0.0,5.6,4.7,19.7,97.0,107.0,2001,Robert Pack-2001,0.0,Not Selected,Guard,DEN,0.0336417157275021
2000-01,Scott Padgett,padgesc01,PF,24,UTA,27,0,127,7.6,18.1,0.419,2.1,3.8,0.556,5.5,14.3,0.382,6.3,8.4,0.75,8.0,8.4,16.4,2.1,2.5,1.3,4.2,8.8,23.6,107.0,99.0,2001,Scott Padgett-2001,0.0,Not Selected,Forward,UTA,0.044575273338940284
2000-01,Milt Palacio,palacmi01,PG,22,BOS,58,6,1141,5.7,12.1,0.47200000000000003,0.5,1.6,0.33299999999999996,5.2,10.5,0.494,3.5,4.2,0.848,1.1,3.5,4.6,6.9,2.2,0.0,3.6,3.8,15.5,104.0,106.0,2001,Milt Palacio-2001,0.0,Not Selected,Guard,BOS,0.030277544154751892
2000-01,Andy Panko,pankoan01,SF,23,ATL,1,0,1,0.0,0.0,0.0,0.0,0.0,0.0,0.0,0.0,0.0,0.0,0.0,0.0,0.0,0.0,0.0,0.0,0.0,0.0,0.0,0.0,0.0,0.0,114.0,2001,Andy Panko-2001,0.0,Not Selected,Forward,ATL,0.021026072329688814
2000-01,Cherokee Parks,parksch02,C,28,TOT,65,31,1054,6.8,13.8,0.489,0.0,0.3,0.0,6.8,13.5,0.5,1.6,2.2,0.705,3.6,8.0,11.6,2.3,1.3,1.8,2.1,6.2,15.1,104.0,104.0,2001,Cherokee Parks-2001,0.0,Not Selected,Center,TOT,0.03333333333333333
2000-01,Ruben Patterson,patteru01,SF,25,SEA,76,22,2059,9.4,19.1,0.494,0.1,0.9,0.055999999999999994,9.4,18.2,0.516,6.3,9.2,0.6809999999999999,4.7,5.1,9.7,4.1,2.6,1.1,3.9,4.5,25.2,107.0,105.0,2001,Ruben Patterson-2001,0.0,Not Selected,Forward,OKC,0.03700588730025231
2000-01,Gary Payton,paytoga01,PG,32,SEA,79,79,3244,11.7,25.7,0.456,1.6,4.4,0.375,10.1,21.3,0.47200000000000003,4.4,5.7,0.7659999999999999,1.2,4.7,5.8,10.4,2.1,0.4,3.4,3.0,29.5,111.0,107.0,2001,Gary Payton-2001,3.0,3rd,Guard,OKC,0.03700588730025231
2000-01,Anthony Peeler,peelean01,SG,31,MIN,75,41,2126,7.6,18.0,0.42100000000000004,2.5,6.3,0.391,5.1,11.7,0.43700000000000006,1.8,2.1,0.862,1.1,3.6,4.7,4.7,2.2,0.4,2.6,4.1,19.4,102.0,106.0,2001,Anthony Peeler-2001,0.0,Not Selected,Guard,MIN,0.03952901597981497
2000-01,Mike Penberthy,penbemi01,PG,26,LAL,53,0,851,5.7,13.6,0.414,3.4,8.5,0.396,2.3,5.1,0.446,1.7,1.9,0.903,0.6,3.3,3.9,4.4,1.4,0.1,2.1,3.5,16.4,113.0,109.0,2001,Mike Penberthy-2001,0.0,Not Selected,Guard,LAL,0.04709840201850295
2000-01,Will Perdue,perduwi01,C,35,POR,13,0,58,5.6,8.4,0.667,0.0,0.0,0.0,5.6,8.4,0.667,1.9,3.7,0.5,5.6,11.1,16.7,1.9,2.8,1.9,0.0,7.4,13.0,150.0,96.0,2001,Will Perdue-2001,0.0,Not Selected,Center,POR,0.04205214465937763
2000-01,Sam Perkins,perkisa01,PF,39,IND,64,41,999,4.6,12.1,0.381,2.0,5.9,0.345,2.6,6.2,0.414,1.7,2.0,0.8420000000000001,1.7,7.3,9.0,2.2,1.8,1.0,1.0,3.3,13.0,107.0,102.0,2001,Sam Perkins-2001,0.0,Not Selected,Forward,IND,0.034482758620689655
2000-01,Elliot Perry,perryel01,PG,31,TOT,49,6,499,6.7,14.5,0.46399999999999997,0.1,0.5,0.2,6.6,13.9,0.474,1.7,2.3,0.727,0.9,3.8,4.8,8.2,2.3,0.1,3.9,3.0,15.2,95.0,101.0,2001,Elliot Perry-2001,0.0,Not Selected,Guard,TOT,0.03333333333333333
2000-01,Wesley Person,persowe01,SG,29,CLE,44,22,958,7.0,16.0,0.43799999999999994,1.9,4.6,0.405,5.2,11.4,0.452,1.3,1.6,0.8,0.6,6.5,7.1,3.5,1.5,0.6,2.2,3.4,17.2,101.0,106.0,2001,Wesley Person-2001,0.0,Not Selected,Guard,CLE,0.025231286795626577
2000-01,Morris Peterson,petermo01,SG,23,TOR,80,49,1809,8.5,19.6,0.431,1.8,4.8,0.382,6.6,14.8,0.447,3.0,4.2,0.7170000000000001,3.3,4.3,7.6,3.1,1.8,0.6,2.3,4.8,21.8,105.0,105.0,2001,Morris Peterson-2001,0.0,Not Selected,Guard,TOR,0.03952901597981497
2000-01,Eric Piatkowski,piatker01,SG,30,LAC,81,40,2144,7.3,16.8,0.433,3.0,7.4,0.40399999999999997,4.3,9.4,0.456,3.9,4.5,0.873,1.3,4.7,6.0,2.4,1.1,0.5,1.9,3.1,21.5,115.0,108.0,2001,Eric Piatkowski-2001,0.0,Not Selected,Guard,LAC,0.02607232968881413
2000-01,Paul Pierce,piercpa01,SF,23,BOS,82,82,3120,11.4,25.1,0.45399999999999996,2.4,6.4,0.38299999999999995,9.0,18.8,0.478,9.1,12.3,0.745,1.6,7.1,8.7,4.2,2.3,1.1,4.4,4.2,34.4,107.0,102.0,2001,Paul Pierce-2001,0.0,Not Selected,Forward,BOS,0.030277544154751892
2000-01,Scottie Pippen,pippesc01,SF,35,POR,64,60,2133,6.8,15.0,0.451,1.6,4.7,0.344,5.2,10.4,0.5,3.0,4.1,0.7390000000000001,1.8,6.6,8.4,7.4,2.4,0.9,3.9,4.0,18.2,104.0,101.0,2001,Scottie Pippen-2001,0.0,Not Selected,Forward,POR,0.04205214465937763
2000-01,Scot Pollard,pollasc01,C,25,SAC,77,8,1658,5.7,12.1,0.46799999999999997,0.0,0.1,0.0,5.7,12.1,0.47100000000000003,3.9,5.2,0.7490000000000001,5.3,9.0,14.3,1.4,1.5,3.0,2.0,6.3,15.3,111.0,97.0,2001,Scot Pollard-2001,0.0,Not Selected,Center,SAC,0.04625735912531539
2000-01,Olden Polynice,polynol01,C,36,UTA,81,79,1619,6.8,13.7,0.496,0.0,0.0,0.0,6.8,13.7,0.498,0.6,2.1,0.262,5.2,7.3,12.5,1.0,0.9,2.5,2.6,8.0,14.2,96.0,102.0,2001,Olden Polynice-2001,0.0,Not Selected,Center,UTA,0.044575273338940284
2000-01,Mark Pope,popema01,PF,28,MIL,63,45,942,3.4,7.9,0.43700000000000006,0.3,1.3,0.20800000000000002,3.2,6.5,0.483,1.2,1.9,0.629,3.1,5.0,8.1,2.1,0.9,1.4,0.9,7.7,8.4,111.0,107.0,2001,Mark Pope-2001,0.0,Not Selected,Forward,MIL,0.04373423044575273
2000-01,Chris Porter,portech01,SF,22,GSW,51,35,1147,7.7,19.8,0.389,0.0,0.2,0.0,7.7,19.6,0.39299999999999996,4.2,6.3,0.667,4.0,4.4,8.4,2.7,2.0,0.3,2.6,4.9,19.6,94.0,109.0,2001,Chris Porter-2001,0.0,Not Selected,Forward,GSW,0.014297729184188394
2000-01,Terry Porter,portete01,PG,37,SAS,80,42,1678,6.3,14.1,0.44799999999999995,2.8,6.5,0.424,3.5,7.5,0.46799999999999997,2.9,3.7,0.7929999999999999,0.8,5.7,6.4,8.0,1.7,0.4,3.3,2.8,18.3,112.0,100.0,2001,Terry Porter-2001,0.0,Not Selected,Guard,SAS,0.04878048780487805
2000-01,James Posey,poseyja01,SF,24,DEN,82,82,2255,5.6,13.6,0.41200000000000003,1.5,5.0,0.3,4.1,8.6,0.47700000000000004,2.6,3.2,0.816,2.9,7.0,9.9,3.7,2.1,0.9,2.3,5.2,15.3,104.0,105.0,2001,James Posey-2001,0.0,Not Selected,Forward,DEN,0.0336417157275021
2000-01,Lavor Postell,postela01,SG,22,NYK,26,0,169,5.6,17.7,0.315,1.0,3.6,0.273,4.6,14.1,0.326,7.2,8.8,0.815,2.6,5.6,8.2,1.6,1.3,0.7,5.6,3.9,19.3,82.0,100.0,2001,Lavor Postell-2001,0.0,Not Selected,Guard,NYK,0.040370058873002525
2000-01,Vitaly Potapenko,potapvi01,C,25,BOS,82,7,1901,6.8,14.2,0.47600000000000003,0.0,0.0,0.0,6.8,14.2,0.47600000000000003,3.1,4.3,0.728,5.6,7.9,13.5,1.7,1.4,0.6,2.9,6.2,16.7,103.0,104.0,2001,Vitaly Potapenko-2001,0.0,Not Selected,Center,BOS,0.030277544154751892
2000-01,Brent Price,pricebr01,PG,32,VAN,6,0,30,5.2,19.2,0.273,1.7,7.0,0.25,3.5,12.2,0.28600000000000003,10.5,12.2,0.857,1.7,5.2,7.0,8.7,3.5,0.0,7.0,14.0,22.7,89.0,103.0,2001,Brent Price-2001,0.0,Not Selected,Guard,MEM,0.01934398654331371
2000-01,Laron Profit,profila01,PG,23,WAS,35,12,605,4.8,12.2,0.39399999999999996,0.6,2.2,0.26899999999999996,4.2,9.9,0.42200000000000004,2.8,3.9,0.733,1.5,3.9,5.5,7.6,3.1,0.9,3.9,3.7,13.0,94.0,107.0,2001,Laron Profit-2001,0.0,Not Selected,Guard,WAS,0.0159798149705635
2000-01,Joel Przybilla,przybjo01,C,21,MIL,33,13,270,2.3,6.8,0.34299999999999997,0.0,0.0,0.0,2.3,6.8,0.34299999999999997,0.6,2.1,0.273,5.6,8.1,13.7,0.4,0.6,5.8,2.5,10.8,5.2,81.0,101.0,2001,Joel Przybilla-2001,0.0,Not Selected,Center,MIL,0.04373423044575273
2000-01,Theo Ratliff,ratlith01,C,27,PHI,50,50,1800,6.7,13.5,0.499,0.0,0.0,0.0,6.7,13.5,0.499,4.9,6.4,0.76,3.7,8.5,12.2,1.7,0.9,5.5,3.7,4.9,18.3,103.0,96.0,2001,Theo Ratliff-2001,0.0,Not Selected,Center,PHI,0.04709840201850295
2000-01,Eldridge Recasner,recasel01,PG,33,CHH,43,0,403,5.1,15.2,0.33299999999999996,1.7,5.2,0.33299999999999996,3.3,10.0,0.33299999999999996,1.9,2.4,0.778,1.7,4.9,6.7,5.2,0.8,0.1,3.6,4.0,13.7,86.0,104.0,2001,Eldridge Recasner-2001,0.0,Not Selected,Guard,CHO,0.03868797308662742
2000-01,Michael Redd,reddmi01,SG,21,MIL,6,0,35,7.4,28.3,0.263,0.0,4.5,0.0,7.4,23.8,0.313,4.5,8.9,0.5,4.5,1.5,6.0,1.5,1.5,0.0,1.5,3.0,19.3,74.0,110.0,2001,Michael Redd-2001,0.0,Not Selected,Guard,MIL,0.04373423044575273
2000-01,Bryant Reeves,reevebr01,C,27,VAN,75,48,1832,7.3,15.8,0.46,0.0,0.1,0.25,7.2,15.7,0.462,3.2,4.1,0.7959999999999999,3.8,9.1,12.9,2.3,1.2,1.5,2.6,6.9,17.8,101.0,104.0,2001,Bryant Reeves-2001,0.0,Not Selected,Center,MEM,0.01934398654331371
2000-01,Don Reid,reiddo01,PF,27,ORL,65,7,764,5.5,9.8,0.5660000000000001,0.0,0.0,0.0,5.5,9.8,0.5660000000000001,3.1,5.1,0.613,5.7,10.7,16.3,1.4,1.6,3.6,3.2,12.8,14.2,107.0,97.0,2001,Don Reid-2001,0.0,Not Selected,Forward,ORL,0.03616484440706476
2000-01,J.R. Reid,reidjr01,PF,32,CLE,6,0,39,2.7,6.7,0.4,0.0,0.0,0.0,2.7,6.7,0.4,8.1,10.8,0.75,6.7,4.0,10.8,1.3,2.7,1.3,1.3,5.4,13.5,131.0,105.0,2001,J.R. Reid-2001,0.0,Not Selected,Forward,CLE,0.025231286795626577
2000-01,Glen Rice,ricegl01,SF,33,NYK,75,25,2212,8.3,18.8,0.44,2.1,5.3,0.389,6.2,13.5,0.46,3.9,4.6,0.852,1.5,6.2,7.7,2.2,1.0,0.3,2.4,4.5,22.5,105.0,101.0,2001,Glen Rice-2001,0.0,Not Selected,Forward,NYK,0.040370058873002525
2000-01,Quentin Richardson,richaqu01,SG,20,LAC,76,28,1358,9.1,20.7,0.442,2.0,6.0,0.331,7.2,14.7,0.48700000000000004,3.9,6.2,0.627,4.1,6.0,10.1,2.4,1.7,0.3,2.5,3.9,24.2,106.0,106.0,2001,Quentin Richardson-2001,0.0,Not Selected,Guard,LAC,0.02607232968881413
2000-01,Mitch Richmond,richmmi01,SG,35,WAS,37,30,1216,8.7,21.5,0.40700000000000003,1.9,5.7,0.33799999999999997,6.8,15.8,0.431,6.1,6.8,0.894,0.6,4.0,4.6,4.7,1.8,0.3,3.6,3.7,25.5,103.0,110.0,2001,Mitch Richmond-2001,0.0,Not Selected,Guard,WAS,0.0159798149705635
2000-01,Isaiah Rider,rideris01,SG,29,LAL,67,6,1206,8.7,20.5,0.426,1.5,4.0,0.37,7.2,16.5,0.439,3.1,3.6,0.855,1.9,4.9,6.8,4.8,1.2,0.3,4.3,4.6,22.0,97.0,108.0,2001,Isaiah Rider-2001,0.0,Not Selected,Guard,LAL,0.04709840201850295
2000-01,Terrance Roberson,roberte01,SF,24,CHH,3,0,13,0.0,8.3,0.0,0.0,4.1,0.0,0.0,4.1,0.0,0.0,0.0,0.0,0.0,4.1,4.1,4.1,0.0,0.0,8.3,12.4,0.0,13.0,106.0,2001,Terrance Roberson-2001,0.0,Not Selected,Forward,CHO,0.03868797308662742
2000-01,Clifford Robinson,robincl02,PF,34,PHO,82,82,2751,9.4,22.2,0.42200000000000004,1.7,4.7,0.361,7.7,17.6,0.439,4.7,6.7,0.7090000000000001,2.0,4.3,6.3,4.4,1.6,1.5,3.5,4.8,25.2,99.0,100.0,2001,Clifford Robinson-2001,0.0,Not Selected,Forward,PHO,0.04289318755256518
2000-01,David Robinson,robinda01,C,35,SAS,80,80,2371,9.0,18.6,0.486,0.0,0.0,0.0,9.0,18.6,0.48700000000000004,7.9,10.6,0.747,4.7,10.9,15.6,2.6,1.8,4.5,2.8,4.8,26.0,114.0,92.0,2001,David Robinson-2001,3.0,3rd,Center,SAS,0.04878048780487805
2000-01,Eddie Robinson,robined01,SF,24,CHH,67,6,1201,9.7,18.2,0.531,0.1,0.2,0.5,9.6,18.0,0.531,2.9,3.9,0.727,2.7,6.2,8.8,2.6,2.2,1.4,1.9,2.9,22.3,111.0,99.0,2001,Eddie Robinson-2001,0.0,Not Selected,Forward,CHO,0.03868797308662742
2000-01,Glenn Robinson,robingl01,SF,28,MIL,76,74,2813,12.7,27.0,0.46799999999999997,1.0,3.4,0.299,11.6,23.6,0.493,4.6,5.7,0.82,2.3,7.4,9.7,4.7,1.6,1.1,4.1,3.5,31.0,103.0,104.0,2001,Glenn Robinson-2001,0.0,Not Selected,Forward,MIL,0.04373423044575273
2000-01,Jamal Robinson,robinja03,SF,27,MIA,6,0,72,2.3,16.8,0.136,0.0,1.5,0.0,2.3,15.3,0.15,0.0,0.0,0.0,2.3,6.1,8.4,1.5,4.6,0.0,2.3,5.4,4.6,39.0,94.0,2001,Jamal Robinson-2001,0.0,Not Selected,Forward,MIA,0.04205214465937763
2000-01,James Robinson,robinja02,PG,30,ORL,6,0,50,4.1,11.3,0.364,2.1,5.2,0.4,2.1,6.2,0.33299999999999996,0.0,0.0,0.0,0.0,8.2,8.2,0.0,4.1,1.0,4.1,5.2,10.3,65.0,96.0,2001,James Robinson-2001,0.0,Not Selected,Guard,ORL,0.03616484440706476
2000-01,Larry Robinson,robinla01,PG-SG,33,TOT,34,1,632,5.5,15.2,0.364,3.6,9.6,0.379,1.9,5.6,0.33799999999999997,1.7,2.0,0.875,1.9,5.3,7.2,3.0,2.3,0.2,2.1,3.8,16.4,105.0,105.0,2001,Larry Robinson-2001,0.0,Not Selected,Guard,TOT,0.03333333333333333
2000-01,Carlos Rogers,rogerca01,C,29,HOU,39,0,544,7.3,10.7,0.682,0.0,0.1,0.0,7.3,10.6,0.688,2.8,5.1,0.5579999999999999,4.7,8.9,13.6,0.9,1.0,1.8,1.7,3.2,17.5,129.0,103.0,2001,Carlos Rogers-2001,0.0,Not Selected,Center,HOU,0.03784693019343986
2000-01,Rodney Rogers,rogerro01,SF,29,PHO,82,3,2183,8.9,20.7,0.43,1.3,4.5,0.29600000000000004,7.6,16.2,0.467,4.4,5.8,0.7609999999999999,2.2,6.3,8.5,4.3,2.3,1.1,3.7,6.4,23.6,98.0,98.0,2001,Rodney Rogers-2001,0.0,Not Selected,Forward,PHO,0.04289318755256518
2000-01,Sean Rooks,rooksse01,C,31,LAC,82,0,1553,5.8,13.6,0.428,0.0,0.1,0.5,5.8,13.5,0.42700000000000005,3.7,4.9,0.748,3.1,7.3,10.4,2.7,1.2,2.2,2.5,6.8,15.4,100.0,104.0,2001,Sean Rooks-2001,0.0,Not Selected,Center,LAC,0.02607232968881413
2000-01,Jalen Rose,roseja01,SF,28,IND,72,72,2943,10.3,22.7,0.457,1.1,3.2,0.33899999999999997,9.3,19.5,0.47600000000000003,5.2,6.3,0.828,0.7,5.9,6.5,7.9,1.2,0.8,3.8,4.2,27.0,105.0,104.0,2001,Jalen Rose-2001,0.0,Not Selected,Forward,IND,0.034482758620689655
2000-01,Malik Rose,rosema01,PF,26,SAS,57,9,1219,7.0,16.2,0.435,0.1,0.7,0.17600000000000002,6.9,15.4,0.447,5.0,7.0,0.713,4.2,9.4,13.5,2.1,2.6,1.8,3.3,6.5,19.2,99.0,94.0,2001,Malik Rose-2001,0.0,Not Selected,Forward,SAS,0.04878048780487805
2000-01,Michael Ruffin,ruffimi01,PF,24,CHI,45,16,879,2.4,5.5,0.444,0.0,0.0,0.0,2.4,5.5,0.444,2.4,4.7,0.506,6.2,9.8,16.0,2.4,1.8,2.3,2.8,8.0,7.3,97.0,103.0,2001,Michael Ruffin-2001,0.0,Not Selected,Forward,CHI,0.012615643397813289
2000-01,Bryon Russell,russebr01,SF,30,UTA,78,46,2473,6.7,15.1,0.44,2.1,5.0,0.413,4.6,10.2,0.45299999999999996,4.8,6.2,0.779,2.0,5.1,7.1,3.5,2.1,0.4,2.4,5.0,20.2,112.0,104.0,2001,Bryon Russell-2001,0.0,Not Selected,Forward,UTA,0.044575273338940284
2000-01,Arvydas Sabonis,sabonar01,C,36,POR,61,42,1299,10.2,21.4,0.479,0.0,0.6,0.067,10.2,20.8,0.491,5.0,6.5,0.7759999999999999,2.1,11.6,13.7,3.8,1.7,2.6,3.5,5.7,25.5,103.0,97.0,2001,Arvydas Sabonis-2001,0.0,Not Selected,Center,POR,0.04205214465937763
2000-01,Soumaila Samake,samakso01,C,22,NJN,34,0,226,4.2,11.1,0.375,0.0,0.0,0.0,4.2,11.1,0.375,2.3,5.6,0.41700000000000004,5.1,7.2,12.3,0.2,0.5,3.2,0.9,5.3,10.6,93.0,106.0,2001,Soumaila Samake-2001,0.0,Not Selected,Center,BRK,0.021867115222876366
2000-01,Pepe Sánchez,sanchpe01,PG,23,TOT,29,0,150,3.2,9.9,0.321,0.0,0.4,0.0,3.2,9.5,0.33299999999999996,0.7,0.7,1.0,1.1,4.2,5.3,14.4,3.9,0.4,2.1,7.4,7.0,102.0,98.0,2001,Pepe Sánchez-2001,0.0,Not Selected,Guard,TOT,0.03333333333333333
2000-01,Daniel Santiago,santida01,C,24,PHO,54,2,581,5.7,11.9,0.478,0.0,0.0,0.0,5.7,11.9,0.478,3.7,5.4,0.6890000000000001,3.1,5.9,9.0,1.0,1.5,1.9,4.2,9.0,15.1,90.0,99.0,2001,Daniel Santiago-2001,0.0,Not Selected,Center,PHO,0.04289318755256518
2000-01,Detlef Schrempf,schrede01,SF,38,POR,26,0,397,5.3,12.9,0.41100000000000003,0.4,1.1,0.375,4.9,11.8,0.414,3.1,3.7,0.852,2.3,8.3,10.6,6.0,0.9,0.4,3.8,5.8,14.1,97.0,103.0,2001,Detlef Schrempf-2001,0.0,Not Selected,Forward,POR,0.04205214465937763
2000-01,Shawnelle Scott,scottsh01,C,28,SAS,27,1,144,6.3,15.3,0.415,0.0,0.0,0.0,6.3,15.3,0.415,3.3,8.2,0.409,8.6,10.0,18.6,1.5,1.9,2.2,4.1,8.6,16.0,90.0,95.0,2001,Shawnelle Scott-2001,0.0,Not Selected,Center,SAS,0.04878048780487805
2000-01,Brian Shaw,shawbr01,SG,34,LAL,80,28,1833,4.7,11.7,0.39899999999999997,1.2,3.9,0.311,3.5,7.9,0.442,1.5,1.8,0.797,1.4,7.3,8.7,7.4,1.4,0.8,2.8,4.5,12.0,102.0,105.0,2001,Brian Shaw-2001,0.0,Not Selected,Guard,LAL,0.04709840201850295
2000-01,Brian Skinner,skinnbr01,PF,24,LAC,39,23,584,5.9,14.8,0.39799999999999996,0.0,0.0,0.0,5.9,14.8,0.39799999999999996,2.9,5.4,0.542,5.0,10.4,15.4,1.7,1.3,1.0,2.9,5.6,14.7,90.0,103.0,2001,Brian Skinner-2001,0.0,Not Selected,Forward,LAC,0.02607232968881413
2000-01,Reggie Slater,slatere01,PF,30,MIN,55,16,686,6.9,13.3,0.514,0.0,0.0,0.0,6.9,13.3,0.514,5.6,8.4,0.6729999999999999,5.9,8.2,14.2,2.0,1.4,0.7,3.3,9.6,19.4,110.0,104.0,2001,Reggie Slater-2001,0.0,Not Selected,Forward,MIN,0.03952901597981497
2000-01,Jabari Smith,smithja01,C,23,SAC,9,0,66,8.5,16.9,0.5,0.0,0.0,0.0,8.5,16.9,0.5,3.1,4.6,0.667,0.8,5.4,6.2,4.6,3.1,0.0,2.3,5.4,20.0,105.0,100.0,2001,Jabari Smith-2001,0.0,Not Selected,Center,SAC,0.04625735912531539
2000-01,Joe Smith,smithjo02,PF,25,DET,69,59,1941,8.0,20.0,0.40299999999999997,0.0,0.1,0.0,8.0,19.8,0.405,6.0,7.5,0.805,4.2,8.6,12.8,2.1,1.2,1.3,2.3,6.7,22.1,102.0,101.0,2001,Joe Smith-2001,0.0,Not Selected,Forward,DET,0.02691337258200168
2000-01,Michael Smith,smithmi02,PF,28,WAS,79,29,1610,3.4,7.0,0.486,0.0,0.0,0.0,3.4,7.0,0.488,2.9,5.0,0.578,5.5,12.5,18.1,3.2,1.8,1.2,2.0,5.0,9.7,113.0,103.0,2001,Michael Smith-2001,0.0,Not Selected,Forward,WAS,0.0159798149705635
2000-01,Mike Smith,smithmi03,SF,24,WAS,17,0,180,5.5,17.0,0.322,0.9,5.2,0.16699999999999998,4.6,11.8,0.39,2.9,4.6,0.625,2.9,3.5,6.3,2.9,1.4,0.9,2.0,2.3,14.7,88.0,110.0,2001,Mike Smith-2001,0.0,Not Selected,Forward,WAS,0.0159798149705635
2000-01,Steve Smith,smithst01,SG,31,POR,81,36,2542,7.6,16.7,0.456,1.7,4.9,0.33899999999999997,6.0,11.8,0.504,6.5,7.4,0.89,1.8,3.9,5.8,4.5,1.0,0.5,2.9,4.3,23.4,116.0,106.0,2001,Steve Smith-2001,0.0,Not Selected,Guard,POR,0.04205214465937763
2000-01,Tony Smith,smithto02,SG,32,ATL,6,0,78,5.4,15.4,0.348,0.0,1.3,0.0,5.4,14.1,0.381,0.7,1.3,0.5,1.3,0.7,2.0,6.7,4.7,0.0,6.0,8.0,11.4,68.0,103.0,2001,Tony Smith-2001,0.0,Not Selected,Guard,ATL,0.021026072329688814
2000-01,Eric Snow,snower01,PG,27,PHI,50,50,1740,5.5,13.2,0.418,0.2,0.6,0.263,5.4,12.7,0.425,3.7,4.7,0.792,0.8,4.2,5.1,11.2,2.3,0.2,3.8,3.7,15.0,103.0,101.0,2001,Eric Snow-2001,0.0,Not Selected,Guard,PHI,0.04709840201850295
2000-01,Felton Spencer,spencfe01,C,33,NYK,18,0,113,5.9,9.8,0.6,0.0,0.0,0.0,5.9,9.8,0.6,7.3,12.2,0.6,7.8,9.3,17.1,1.0,1.0,1.0,5.4,11.8,19.1,106.0,97.0,2001,Felton Spencer-2001,0.0,Not Selected,Center,NYK,0.040370058873002525
2000-01,Latrell Sprewell,sprewla01,SF,30,NYK,77,77,3017,9.6,22.4,0.43,0.8,2.5,0.304,8.9,19.9,0.446,5.0,6.4,0.7829999999999999,0.9,5.5,6.4,4.9,1.9,0.5,4.0,2.9,25.0,96.0,99.0,2001,Latrell Sprewell-2001,0.0,Not Selected,Forward,NYK,0.040370058873002525
2000-01,Jerry Stackhouse,stackje01,SG,26,DET,80,80,3215,12.2,30.4,0.402,2.6,7.5,0.35100000000000003,9.6,22.9,0.418,10.5,12.8,0.8220000000000001,1.6,3.4,5.0,6.5,1.5,0.9,5.1,2.5,37.5,104.0,105.0,2001,Jerry Stackhouse-2001,0.0,Not Selected,Guard,DET,0.02691337258200168
2000-01,John Starks,starkjo01,SG,35,UTA,75,64,2122,6.9,17.3,0.39799999999999996,1.6,4.6,0.35200000000000004,5.3,12.7,0.415,2.2,2.8,0.802,0.7,3.1,3.9,4.5,1.8,0.3,2.4,5.5,17.6,98.0,106.0,2001,John Starks-2001,0.0,Not Selected,Guard,UTA,0.044575273338940284
2000-01,Vladimir Stepania,stepavl01,C,24,NJN,29,0,280,5.2,16.4,0.318,0.2,0.7,0.25,5.0,15.7,0.321,4.7,6.3,0.735,6.5,13.8,20.3,3.0,1.9,2.1,3.5,8.8,15.3,88.0,99.0,2001,Vladimir Stepania-2001,0.0,Not Selected,Center,BRK,0.021867115222876366
2000-01,DeShawn Stevenson,stevede01,SG,19,UTA,40,2,293,5.7,16.6,0.341,0.2,2.2,0.083,5.5,14.4,0.38,4.7,6.9,0.684,1.6,3.5,5.1,3.3,1.8,0.4,5.1,5.3,16.2,78.0,105.0,2001,DeShawn Stevenson-2001,0.0,Not Selected,Guard,UTA,0.044575273338940284
2000-01,Michael Stewart,stewami01,C,25,TOR,26,0,123,4.7,14.6,0.324,0.0,0.0,0.0,4.7,14.6,0.324,4.7,7.7,0.611,6.9,5.6,12.4,0.9,1.7,1.3,2.1,8.2,14.2,93.0,104.0,2001,Michael Stewart-2001,0.0,Not Selected,Center,TOR,0.03952901597981497
2000-01,Bryant Stith,stithbr01,SG,30,BOS,78,74,2504,5.1,12.7,0.401,1.9,5.0,0.376,3.2,7.6,0.41700000000000004,3.6,4.3,0.845,1.3,4.5,5.9,3.5,1.9,0.3,1.9,3.8,15.7,109.0,106.0,2001,Bryant Stith-2001,0.0,Not Selected,Guard,BOS,0.030277544154751892
2000-01,John Stockton,stockjo01,PG,38,UTA,82,82,2397,7.3,14.5,0.504,1.4,2.9,0.462,6.0,11.6,0.514,5.1,6.2,0.8170000000000001,1.2,3.9,5.1,15.9,2.9,0.5,4.5,4.3,21.1,120.0,103.0,2001,John Stockton-2001,0.0,Not Selected,Guard,UTA,0.044575273338940284
2000-01,Peja Stojaković,stojape01,SF,23,SAC,75,75,2905,9.8,20.8,0.47,2.5,6.3,0.4,7.3,14.5,0.501,4.7,5.5,0.856,1.6,6.0,7.6,2.9,1.6,0.2,2.6,2.5,26.8,113.0,102.0,2001,Peja Stojaković-2001,0.0,Not Selected,Forward,SAC,0.04625735912531539
2000-01,Damon Stoudamire,stoudda01,PG,27,POR,82,82,2655,8.2,19.0,0.434,1.7,4.4,0.374,6.6,14.5,0.45299999999999996,3.5,4.2,0.831,1.4,4.7,6.1,9.5,2.1,0.2,3.9,4.1,21.6,106.0,104.0,2001,Damon Stoudamire-2001,0.0,Not Selected,Guard,POR,0.04205214465937763
2000-01,Erick Strickland,stricer01,PG,27,TOT,50,0,830,5.3,17.3,0.303,1.9,6.2,0.316,3.3,11.2,0.297,4.4,5.1,0.861,1.2,7.1,8.3,6.2,2.9,0.1,3.1,5.7,16.9,91.0,100.0,2001,Erick Strickland-2001,0.0,Not Selected,Guard,TOT,0.03333333333333333
2000-01,Mark Strickland,stricma01,SF,30,TOT,55,2,719,7.4,17.3,0.431,0.1,0.1,0.5,7.4,17.1,0.43,3.3,5.1,0.643,3.9,7.7,11.6,1.7,1.2,1.6,2.5,5.2,18.2,96.0,106.0,2001,Mark Strickland-2001,0.0,Not Selected,Forward,TOT,0.03333333333333333
2000-01,Rod Strickland,stricro02,PG,34,TOT,54,28,1371,6.9,16.4,0.424,0.2,0.6,0.235,6.8,15.7,0.43200000000000005,5.0,6.6,0.7509999999999999,1.4,4.0,5.3,11.6,2.0,0.2,4.1,2.9,19.0,104.0,108.0,2001,Rod Strickland-2001,0.0,Not Selected,Guard,TOT,0.03333333333333333
2000-01,Derek Strong,stronde01,PF,32,LAC,28,8,491,4.9,12.8,0.385,0.0,0.1,0.0,4.9,12.6,0.38799999999999996,3.1,4.0,0.757,3.7,8.1,11.8,0.8,1.5,0.1,2.4,3.3,12.9,92.0,105.0,2001,Derek Strong-2001,0.0,Not Selected,Forward,LAC,0.02607232968881413
2000-01,Bruno Šundov,sundobr01,C,20,IND,11,4,120,8.9,18.3,0.488,0.0,1.8,0.0,8.9,16.6,0.541,1.3,2.2,0.6,1.8,8.5,10.3,0.9,0.9,1.8,1.3,9.4,19.2,99.0,102.0,2001,Bruno Šundov-2001,0.0,Not Selected,Center,IND,0.034482758620689655
2000-01,Bob Sura,surabo01,SG,27,GSW,53,42,1684,6.1,15.7,0.39,1.4,5.2,0.273,4.7,10.5,0.44799999999999995,4.1,5.7,0.7140000000000001,1.6,5.2,6.9,7.3,1.6,0.2,4.8,3.8,17.7,93.0,109.0,2001,Bob Sura-2001,0.0,Not Selected,Guard,GSW,0.014297729184188394
2000-01,Stromile Swift,swiftst01,PF,21,VAN,80,6,1312,6.1,13.5,0.451,0.0,0.2,0.0,6.1,13.4,0.457,3.4,5.6,0.603,4.3,7.0,11.3,1.1,2.5,3.3,2.6,6.4,15.6,97.0,101.0,2001,Stromile Swift-2001,0.0,Not Selected,Forward,MEM,0.01934398654331371
2000-01,Wally Szczerbiak,szczewa02,SF,23,MIN,82,82,2856,8.6,16.8,0.51,0.5,1.4,0.33799999999999997,8.1,15.4,0.526,3.3,3.8,0.87,2.4,5.7,8.2,4.8,1.1,0.6,2.5,4.1,21.0,112.0,106.0,2001,Wally Szczerbiak-2001,0.0,Not Selected,Forward,MIN,0.03952901597981497
2000-01,Žan Tabak,tabakza01,C,30,IND,55,14,777,6.8,12.9,0.527,0.0,0.0,0.0,6.8,12.9,0.527,1.4,3.2,0.426,4.5,10.2,14.7,2.3,0.7,2.1,3.9,8.6,14.9,93.0,101.0,2001,Žan Tabak-2001,0.0,Not Selected,Center,IND,0.034482758620689655
2000-01,Dragan Tarlać,tarladr01,C,27,CHI,43,12,598,3.5,8.9,0.39399999999999996,0.0,0.0,0.0,3.5,8.9,0.39399999999999996,2.2,3.0,0.758,3.3,7.6,11.0,2.8,0.6,1.7,3.4,8.5,9.3,85.0,108.0,2001,Dragan Tarlać-2001,0.0,Not Selected,Center,CHI,0.012615643397813289
2000-01,Maurice Taylor,tayloma01,SF,24,HOU,69,69,1972,10.5,21.5,0.489,0.0,0.1,0.0,10.5,21.4,0.49200000000000005,3.2,4.4,0.735,2.9,7.2,10.2,2.8,0.8,1.0,3.4,5.6,24.2,101.0,106.0,2001,Maurice Taylor-2001,0.0,Not Selected,Forward,HOU,0.03784693019343986
2000-01,Jason Terry,terryja01,SG,23,ATL,82,77,3089,10.1,23.1,0.436,2.1,5.3,0.395,8.0,17.8,0.44799999999999995,5.1,6.1,0.846,0.7,3.8,4.5,6.8,1.8,0.2,4.0,3.4,27.4,105.0,107.0,2001,Jason Terry-2001,0.0,Not Selected,Guard,ATL,0.021026072329688814
2000-01,Jamel Thomas,thomaja01,SF,27,NJN,5,0,56,5.6,17.7,0.316,0.9,2.8,0.33299999999999996,4.7,14.9,0.313,0.0,0.0,0.0,3.7,4.7,8.4,0.0,2.8,0.0,5.6,5.6,12.1,61.0,106.0,2001,Jamel Thomas-2001,0.0,Not Selected,Forward,BRK,0.021867115222876366
2000-01,Kenny Thomas,thomake01,PF,23,HOU,74,21,1820,6.0,13.6,0.44299999999999995,0.7,2.7,0.272,5.3,10.9,0.485,2.7,3.7,0.722,3.6,8.6,12.2,2.2,1.2,1.3,3.4,5.2,15.4,97.0,104.0,2001,Kenny Thomas-2001,0.0,Not Selected,Forward,HOU,0.03784693019343986
2000-01,Kurt Thomas,thomaku01,PF,28,NYK,77,29,2125,8.2,16.0,0.511,0.0,0.1,0.33299999999999996,8.2,15.9,0.512,4.5,5.5,0.8140000000000001,4.5,8.9,13.4,1.6,1.6,1.8,2.6,7.5,20.8,111.0,96.0,2001,Kurt Thomas-2001,0.0,Not Selected,Forward,NYK,0.040370058873002525
2000-01,Tim Thomas,thomati01,PF,23,MIL,76,16,2086,8.1,18.9,0.43,2.7,6.5,0.41200000000000003,5.5,12.4,0.44,4.9,6.3,0.7709999999999999,2.0,5.8,7.8,3.4,1.9,1.1,2.8,4.8,23.8,109.0,105.0,2001,Tim Thomas-2001,0.0,Not Selected,Forward,MIL,0.04373423044575273
2000-01,Otis Thorpe,thorpot01,PF,38,CHH,49,4,647,4.9,10.9,0.45,0.0,0.0,0.0,4.9,10.9,0.45,1.7,2.0,0.833,4.1,7.9,12.0,2.4,1.0,0.6,2.7,9.0,11.4,97.0,101.0,2001,Otis Thorpe-2001,0.0,Not Selected,Forward,CHO,0.03868797308662742
2000-01,Robert Traylor,traylro01,C,23,CLE,70,7,1212,7.0,14.1,0.49700000000000005,0.0,0.1,0.0,7.0,14.0,0.5,3.5,6.1,0.5670000000000001,5.4,7.6,13.0,2.7,2.1,3.3,4.3,8.9,17.5,97.0,101.0,2001,Robert Traylor-2001,0.0,Not Selected,Center,CLE,0.025231286795626577
2000-01,Gary Trent,trentga01,PF,26,DAL,33,4,319,9.2,21.0,0.43799999999999994,0.0,0.2,0.0,9.2,20.8,0.442,3.1,5.8,0.528,6.3,8.6,14.9,1.6,2.1,1.3,3.6,8.4,21.5,93.0,100.0,2001,Gary Trent-2001,0.0,Not Selected,Forward,DAL,0.044575273338940284
2000-01,Jake Tsakalidis,tsakaja01,C,21,PHO,57,39,947,5.5,11.7,0.47,0.0,0.0,0.0,5.5,11.7,0.47,2.9,5.0,0.593,4.5,8.7,13.2,1.0,0.5,3.0,3.6,7.5,13.9,92.0,98.0,2001,Jake Tsakalidis-2001,0.0,Not Selected,Center,PHO,0.04289318755256518
2000-01,Hedo Türkoğlu,turkohe01,SF,21,SAC,74,7,1245,5.6,13.7,0.41200000000000003,1.1,3.5,0.326,4.5,10.2,0.442,3.6,4.6,0.777,2.0,6.6,8.6,2.8,2.1,1.0,2.2,5.7,16.0,103.0,100.0,2001,Hedo Türkoğlu-2001,0.0,Not Selected,Forward,SAC,0.04625735912531539
2000-01,Nick Van Exel,vanexni01,PG,29,DEN,71,70,2688,8.9,21.4,0.414,2.6,6.9,0.377,6.3,14.5,0.431,3.9,4.8,0.8190000000000001,0.8,3.8,4.6,11.6,1.2,0.3,3.2,2.1,24.3,110.0,110.0,2001,Nick Van Exel-2001,0.0,Not Selected,Guard,DEN,0.0336417157275021
2000-01,Keith Van Horn,vanhoke01,SF,25,NJN,49,47,1733,9.3,21.4,0.435,2.0,5.1,0.382,7.3,16.2,0.452,4.5,5.6,0.8059999999999999,2.4,8.1,10.5,2.5,1.2,0.6,3.1,4.5,25.1,102.0,106.0,2001,Keith Van Horn-2001,0.0,Not Selected,Forward,BRK,0.021867115222876366
2000-01,David Vanterpool,vanteda01,PG,27,WAS,22,0,411,5.8,13.9,0.418,0.0,0.8,0.0,5.8,13.1,0.442,3.8,6.3,0.6,1.9,2.8,4.7,8.3,2.9,0.4,4.7,5.5,15.4,92.0,108.0,2001,David Vanterpool-2001,0.0,Not Selected,Guard,WAS,0.0159798149705635
2000-01,Jacque Vaughn,vaughja01,PG,25,UTA,82,0,1620,5.6,13.0,0.433,1.0,2.6,0.385,4.6,10.4,0.444,4.2,5.4,0.78,0.6,4.4,5.0,10.7,1.6,0.1,4.3,4.8,16.4,105.0,106.0,2001,Jacque Vaughn-2001,0.0,Not Selected,Guard,UTA,0.044575273338940284
2000-01,Loy Vaught,vaughlo01,PF,32,TOT,51,1,549,7.5,15.9,0.473,0.0,0.0,0.0,7.5,15.9,0.473,0.8,0.9,0.8,4.8,11.5,16.3,2.2,2.0,0.7,2.4,7.0,15.8,100.0,100.0,2001,Loy Vaught-2001,0.0,Not Selected,Forward,TOT,0.03333333333333333
2000-01,Jake Voskuhl,voskuja01,C,23,CHI,16,2,143,4.1,9.4,0.44,0.0,0.0,0.0,4.1,9.4,0.44,3.0,5.3,0.5710000000000001,4.5,8.3,12.8,1.9,1.9,2.3,4.5,14.3,11.3,84.0,104.0,2001,Jake Voskuhl-2001,0.0,Not Selected,Center,CHI,0.012615643397813289
2000-01,Antoine Walker,walkean02,PF,24,BOS,81,81,3396,10.9,26.3,0.413,3.4,9.2,0.36700000000000005,7.5,17.1,0.439,3.8,5.3,0.716,2.3,8.7,11.0,6.8,2.1,0.7,4.6,3.8,28.9,99.0,102.0,2001,Antoine Walker-2001,0.0,Not Selected,Forward,BOS,0.030277544154751892
2000-01,Samaki Walker,walkesa01,PF,24,SAS,61,1,963,6.7,14.0,0.48,0.1,0.2,0.33299999999999996,6.7,13.9,0.48200000000000004,4.3,6.9,0.629,3.7,9.8,13.5,1.6,0.6,2.3,3.8,5.7,17.9,97.0,98.0,2001,Samaki Walker-2001,0.0,Not Selected,Forward,SAS,0.04878048780487805
2000-01,Ben Wallace,wallabe01,C,26,DET,80,80,2760,3.9,8.1,0.49,0.0,0.1,0.25,3.9,8.0,0.49200000000000005,1.5,4.4,0.336,5.6,13.8,19.3,2.3,2.0,3.4,2.1,3.5,9.4,100.0,94.0,2001,Ben Wallace-2001,0.0,Not Selected,Center,DET,0.02691337258200168
2000-01,John Wallace,wallajo01,SF,26,DET,40,0,527,9.6,22.7,0.424,0.2,1.4,0.133,9.4,21.2,0.44299999999999995,3.4,4.3,0.778,2.4,5.6,8.0,2.2,1.2,1.5,3.5,6.9,22.8,91.0,103.0,2001,John Wallace-2001,0.0,Not Selected,Forward,DET,0.02691337258200168
2000-01,Rasheed Wallace,wallara01,PF,26,POR,77,75,2940,10.8,21.6,0.501,1.0,3.0,0.321,9.9,18.6,0.53,4.5,5.9,0.7659999999999999,2.7,8.3,11.0,3.9,1.6,2.5,2.9,3.8,27.1,111.0,100.0,2001,Rasheed Wallace-2001,0.0,Not Selected,Forward,POR,0.04205214465937763
2000-01,Charlie Ward,wardch01,PG,30,NYK,61,33,1492,5.8,13.8,0.41600000000000004,2.5,6.5,0.38299999999999995,3.3,7.3,0.444,2.1,2.6,0.8,1.2,4.7,5.9,10.1,2.6,0.4,4.2,4.9,16.1,103.0,98.0,2001,Charlie Ward-2001,0.0,Not Selected,Guard,NYK,0.040370058873002525
2000-01,Clarence Weatherspoon,weathcl01,PF,30,CLE,82,82,2774,6.6,13.1,0.501,0.0,0.0,0.0,6.6,13.1,0.501,4.4,5.5,0.79,4.2,10.9,15.1,2.0,1.6,2.0,2.1,3.2,17.5,114.0,101.0,2001,Clarence Weatherspoon-2001,0.0,Not Selected,Forward,CLE,0.025231286795626577
2000-01,Chris Webber,webbech01,PF,27,SAC,70,70,2836,14.1,29.3,0.48100000000000004,0.0,0.5,0.071,14.1,28.8,0.488,5.8,8.3,0.703,3.2,10.7,13.9,5.3,1.7,2.1,3.5,4.1,34.0,105.0,97.0,2001,Chris Webber-2001,1.0,1st,Forward,SAC,0.04625735912531539
2000-01,Bonzi Wells,wellsbo01,SF,24,POR,75,46,1995,10.4,19.6,0.5329999999999999,0.5,1.3,0.34,10.0,18.2,0.547,4.3,6.5,0.6629999999999999,3.2,6.7,9.9,5.6,2.5,0.5,4.6,5.5,25.6,106.0,101.0,2001,Bonzi Wells-2001,0.0,Not Selected,Forward,POR,0.04205214465937763
2000-01,David Wesley,wesleda01,SG,30,CHH,82,82,3106,9.0,21.4,0.42200000000000004,1.7,4.5,0.376,7.4,17.0,0.434,4.7,5.9,0.799,1.1,2.8,3.9,6.2,2.2,0.3,3.0,3.8,24.4,104.0,103.0,2001,David Wesley-2001,0.0,Not Selected,Guard,CHO,0.03868797308662742
2000-01,Doug West,westdo01,SG,33,VAN,15,6,171,3.4,11.6,0.289,0.0,0.6,0.0,3.4,11.0,0.306,1.8,2.1,0.857,1.2,3.4,4.6,4.3,0.9,1.2,1.2,6.4,8.6,83.0,109.0,2001,Doug West-2001,0.0,Not Selected,Guard,MEM,0.01934398654331371
2000-01,Jahidi White,whiteja01,C,24,WAS,68,56,1609,6.5,13.1,0.498,0.0,0.0,0.0,6.5,13.1,0.499,5.7,10.0,0.5670000000000001,5.7,11.0,16.8,0.6,1.0,3.6,4.4,6.8,18.8,97.0,103.0,2001,Jahidi White-2001,0.0,Not Selected,Center,WAS,0.0159798149705635
2000-01,Chris Whitney,whitnch01,PG,29,WAS,59,31,1532,6.2,15.9,0.387,3.1,8.4,0.375,3.0,7.5,0.401,3.4,3.8,0.894,0.4,3.2,3.6,8.4,1.9,0.1,3.5,5.1,18.9,107.0,110.0,2001,Chris Whitney-2001,0.0,Not Selected,Guard,WAS,0.0159798149705635
2000-01,Aaron Williams,williaa01,PF,29,NJN,82,25,2336,6.6,14.5,0.457,0.0,0.0,0.0,6.6,14.5,0.45799999999999996,5.5,6.9,0.787,4.7,8.5,13.2,2.0,1.3,2.5,3.0,7.1,18.8,106.0,103.0,2001,Aaron Williams-2001,0.0,Not Selected,Forward,BRK,0.021867115222876366
2000-01,Alvin Williams,willial02,SG,26,TOR,82,34,2394,7.3,16.9,0.43,0.7,2.4,0.306,6.5,14.5,0.451,2.4,3.2,0.752,1.1,3.6,4.7,9.0,2.7,0.6,2.3,3.8,17.7,107.0,104.0,2001,Alvin Williams-2001,0.0,Not Selected,Guard,TOR,0.03952901597981497
2000-01,Eric Williams,willier01,SF,28,BOS,81,11,1745,4.8,13.3,0.36200000000000004,1.4,4.1,0.331,3.4,9.2,0.375,4.9,6.9,0.7140000000000001,1.9,4.2,6.2,3.3,1.9,0.4,2.3,5.3,15.9,100.0,106.0,2001,Eric Williams-2001,0.0,Not Selected,Forward,BOS,0.030277544154751892
2000-01,Jason Williams,willija02,PG,25,SAC,77,77,2290,6.2,15.3,0.40700000000000003,2.2,6.9,0.315,4.1,8.4,0.483,1.3,1.7,0.789,0.4,3.7,4.1,9.2,2.1,0.2,3.6,2.5,16.0,100.0,103.0,2001,Jason Williams-2001,0.0,Not Selected,Guard,SAC,0.04625735912531539
2000-01,Jerome Williams,willije01,PF,27,TOT,59,2,1182,5.9,12.8,0.46299999999999997,0.0,0.1,0.0,5.9,12.6,0.467,4.3,5.9,0.741,5.8,10.8,16.6,2.0,2.5,0.9,2.7,5.4,16.2,107.0,98.0,2001,Jerome Williams-2001,0.0,Not Selected,Forward,TOT,0.03333333333333333
2000-01,Monty Williams,willimo01,SF,29,ORL,82,0,1211,6.9,15.5,0.445,0.0,0.6,0.077,6.9,14.9,0.45899999999999996,3.6,5.7,0.639,3.7,6.7,10.3,3.4,1.2,0.7,3.6,5.8,17.4,96.0,103.0,2001,Monty Williams-2001,0.0,Not Selected,Forward,ORL,0.03616484440706476
2000-01,Scott Williams,willisc01,C,32,MIL,66,31,1272,7.0,14.8,0.474,0.0,0.2,0.25,7.0,14.6,0.47600000000000003,2.5,2.9,0.857,4.0,10.9,14.9,1.4,2.0,1.3,1.7,7.3,16.5,109.0,101.0,2001,Scott Williams-2001,0.0,Not Selected,Center,MIL,0.04373423044575273
2000-01,Shammond Williams,willish01,PG,25,SEA,69,6,1238,6.8,15.6,0.43799999999999994,2.6,5.6,0.45899999999999996,4.2,10.0,0.426,3.6,4.1,0.875,1.4,4.1,5.6,8.0,1.3,0.2,3.5,3.5,19.8,113.0,109.0,2001,Shammond Williams-2001,0.0,Not Selected,Guard,OKC,0.03700588730025231
2000-01,Walt Williams,williwa02,SF,30,HOU,72,31,1583,6.8,17.2,0.39399999999999996,3.3,8.3,0.395,3.5,8.9,0.392,3.3,4.2,0.77,1.0,7.2,8.2,3.3,1.0,0.9,2.4,5.1,20.1,105.0,105.0,2001,Walt Williams-2001,0.0,Not Selected,Forward,HOU,0.03784693019343986
2000-01,Corliss Williamson,willico02,SF,27,TOT,69,40,1686,10.0,19.9,0.502,0.0,0.1,0.0,10.0,19.8,0.504,4.6,7.3,0.637,3.4,6.5,9.9,1.9,1.5,0.6,3.4,5.7,24.6,102.0,104.0,2001,Corliss Williamson-2001,0.0,Not Selected,Forward,TOT,0.03333333333333333
2000-01,Kevin Willis,willike02,C,38,TOT,78,22,1830,8.7,19.7,0.441,0.0,0.2,0.16699999999999998,8.6,19.5,0.44299999999999995,3.2,4.2,0.769,5.1,10.1,15.2,1.4,1.6,1.5,2.5,6.2,20.6,100.0,103.0,2001,Kevin Willis-2001,0.0,Not Selected,Center,TOT,0.03333333333333333
2000-01,David Wingate,wingada01,SG,37,SEA,1,0,9,17.5,17.5,1.0,0.0,0.0,0.0,17.5,17.5,1.0,0.0,0.0,0.0,0.0,0.0,0.0,11.6,0.0,0.0,0.0,5.8,34.9,203.0,115.0,2001,David Wingate-2001,0.0,Not Selected,Guard,OKC,0.03700588730025231
2000-01,Rubén Wolkowyski,wolkoru01,PF,27,SEA,34,1,305,4.3,13.6,0.316,0.0,0.3,0.0,4.3,13.2,0.325,4.3,5.8,0.735,2.1,5.8,7.9,0.5,1.0,3.1,2.1,6.5,12.9,85.0,106.0,2001,Rubén Wolkowyski-2001,0.0,Not Selected,Forward,OKC,0.03700588730025231
2000-01,Metta World Peace,artesro01,SF,21,CHI,76,74,2363,7.4,18.5,0.401,1.0,3.4,0.29100000000000004,6.5,15.2,0.426,4.8,6.4,0.75,1.3,5.3,6.7,5.2,3.5,1.0,3.6,5.8,20.6,94.0,104.0,2001,Metta World Peace-2001,0.0,Not Selected,Forward,CHI,0.012615643397813289
2000-01,Lorenzen Wright,wrighlo02,C,25,ATL,71,46,1988,9.5,21.3,0.44799999999999995,0.0,0.1,0.0,9.5,21.2,0.449,4.1,5.7,0.718,4.7,9.3,14.0,2.3,1.1,1.7,3.3,6.1,23.1,99.0,103.0,2001,Lorenzen Wright-2001,0.0,Not Selected,Center,ATL,0.021026072329688814
2000-01,Wang Zhizhi,zhizhwa01,C,23,DAL,5,0,38,10.8,25.7,0.42100000000000004,0.0,2.7,0.0,10.8,23.0,0.47100000000000003,10.8,13.6,0.8,1.4,8.1,9.5,0.0,0.0,0.0,1.4,10.8,32.5,106.0,106.0,2001,Wang Zhizhi-2001,0.0,Not Selected,Center,DAL,0.044575273338940284
2001-02,Tariq Abdul-Wahad,abdulta01,SG,27,TOT,24,12,441,6.6,17.7,0.374,0.1,0.2,0.5,6.5,17.4,0.37200000000000005,2.9,4.0,0.727,4.9,5.2,10.1,2.9,2.4,1.2,3.2,6.7,16.2,90.0,107.0,2002,Tariq Abdul-Wahad-2002,0.0,Not Selected,Guard,TOT,0.03333333333333333
2001-02,Shareef Abdur-Rahim,abdursh01,PF,25,ATL,77,77,2980,10.5,22.7,0.461,0.4,1.2,0.3,10.1,21.5,0.47,7.3,9.2,0.8009999999999999,3.5,8.7,12.2,4.2,1.7,1.4,4.4,3.8,28.7,105.0,105.0,2002,Shareef Abdur-Rahim-2002,0.0,Not Selected,Forward,ATL,0.027754415475189236
2001-02,Courtney Alexander,alexaco02,SG,24,WAS,56,28,1325,9.1,19.4,0.47,0.2,0.7,0.278,8.9,18.7,0.478,4.0,5.0,0.81,1.8,4.3,6.1,3.5,1.4,0.3,2.5,4.6,22.5,106.0,109.0,2002,Courtney Alexander-2002,0.0,Not Selected,Guard,WAS,0.031118587047939444
2001-02,Victor Alexander,alexavi01,C,32,DET,15,0,97,9.9,28.0,0.353,0.0,1.1,0.0,9.9,26.9,0.36700000000000005,2.2,4.4,0.5,3.8,12.1,15.9,3.3,0.0,0.5,2.7,3.3,22.0,80.0,103.0,2002,Victor Alexander-2002,0.0,Not Selected,Center,DET,0.04205214465937763
2001-02,Malik Allen,allenma01,PF,23,MIA,12,2,161,7.5,17.4,0.431,0.0,0.3,0.0,7.5,17.1,0.44,2.7,3.4,0.8,5.1,7.8,13.0,1.7,1.0,2.7,0.7,5.5,17.7,108.0,99.0,2002,Malik Allen-2002,0.0,Not Selected,Forward,MIA,0.030277544154751892
2001-02,Ray Allen,allenra02,SG,26,MIL,69,67,2525,11.2,24.2,0.462,4.8,11.1,0.434,6.3,13.1,0.485,4.5,5.2,0.873,1.7,4.9,6.6,5.7,1.9,0.4,3.4,3.3,31.7,116.0,109.0,2002,Ray Allen-2002,0.0,Not Selected,Guard,MIL,0.034482758620689655
2001-02,Rafer Alston,alstora01,PG,25,MIL,50,7,600,5.9,16.9,0.34600000000000003,2.4,6.3,0.38,3.5,10.6,0.325,1.6,2.6,0.621,0.9,5.5,6.4,12.7,2.8,0.2,3.5,3.7,15.7,99.0,106.0,2002,Rafer Alston-2002,0.0,Not Selected,Guard,MIL,0.034482758620689655
2001-02,John Amaechi,amaecjo01,PF,31,UTA,54,0,586,4.9,15.1,0.325,0.0,0.0,0.0,4.9,15.1,0.325,6.1,9.5,0.638,4.7,5.2,9.9,2.6,0.6,0.9,5.0,5.8,15.9,83.0,109.0,2002,John Amaechi-2002,0.0,Not Selected,Forward,UTA,0.03700588730025231
2001-02,Chris Andersen,anderch01,C,23,DEN,24,1,262,5.1,15.0,0.33799999999999997,0.0,0.8,0.0,5.1,14.2,0.35700000000000004,4.5,5.7,0.7859999999999999,7.7,7.7,15.4,1.4,1.4,5.7,2.6,7.1,14.6,96.0,103.0,2002,Chris Andersen-2002,0.0,Not Selected,Center,DEN,0.022708158116063918
2001-02,Derek Anderson,anderde01,SG,27,POR,70,27,1860,7.1,17.7,0.40399999999999997,2.5,6.6,0.373,4.7,11.1,0.42200000000000004,5.1,6.0,0.856,1.4,4.1,5.5,6.2,2.0,0.2,2.5,3.3,21.9,114.0,107.0,2002,Derek Anderson-2002,0.0,Not Selected,Guard,POR,0.04121110176619008
2001-02,Kenny Anderson,anderke01,PG,31,BOS,76,76,2430,6.7,15.3,0.436,0.2,0.7,0.273,6.5,14.6,0.444,2.1,2.8,0.742,1.2,4.7,5.9,8.6,3.0,0.2,2.5,4.5,15.6,103.0,101.0,2002,Kenny Anderson-2002,0.0,Not Selected,Guard,BOS,0.04121110176619008
2001-02,Nick Anderson,anderni01,SG,34,MEM,15,0,219,5.1,18.3,0.276,3.1,11.5,0.271,1.9,6.7,0.28600000000000003,1.2,2.2,0.556,0.2,7.7,7.9,3.4,1.4,1.4,3.4,4.1,14.4,74.0,106.0,2002,Nick Anderson-2002,0.0,Not Selected,Guard,MEM,0.01934398654331371
2001-02,Shandon Anderson,andersh01,SG,28,NYK,82,6,1596,5.0,12.5,0.39899999999999997,1.3,4.7,0.27699999999999997,3.7,7.8,0.474,2.5,3.6,0.6920000000000001,1.9,6.4,8.3,2.5,1.6,0.5,3.3,4.5,13.8,90.0,106.0,2002,Shandon Anderson-2002,0.0,Not Selected,Guard,NYK,0.025231286795626577
2001-02,Greg Anthony,anthogr01,PG,34,TOT,60,38,1514,6.4,16.7,0.385,1.7,5.7,0.294,4.7,10.9,0.433,2.1,3.2,0.659,0.8,3.9,4.6,9.9,2.7,0.2,3.3,4.0,16.6,97.0,108.0,2002,Greg Anthony-2002,0.0,Not Selected,Guard,TOT,0.03333333333333333
2001-02,Gilbert Arenas,arenagi01,PG,20,GSW,47,30,1155,7.7,16.9,0.45299999999999996,1.7,5.0,0.345,5.9,11.9,0.498,5.5,7.0,0.775,1.8,4.0,5.8,7.7,3.0,0.5,4.3,5.1,22.5,110.0,108.0,2002,Gilbert Arenas-2002,0.0,Not Selected,Guard,GSW,0.017661900756938603
2001-02,Brandon Armstrong,armstbr01,SG,21,NJN,35,0,196,7.2,22.7,0.318,1.3,4.5,0.294,5.9,18.1,0.324,1.3,2.7,0.5,2.7,1.6,4.3,2.1,1.9,0.3,2.1,6.9,17.1,79.0,104.0,2002,Brandon Armstrong-2002,0.0,Not Selected,Guard,BRK,0.04373423044575273
2001-02,Darrell Armstrong,armstda01,PG,33,ORL,82,79,2730,6.5,15.6,0.419,2.6,7.5,0.349,3.9,8.1,0.484,3.4,3.9,0.888,1.6,4.5,6.0,8.5,3.0,0.2,3.3,3.1,19.1,112.0,105.0,2002,Darrell Armstrong-2002,0.0,Not Selected,Guard,ORL,0.03700588730025231
2001-02,Carlos Arroyo,arroyca01,PG,22,TOT,37,1,371,7.0,16.0,0.441,0.0,0.3,0.0,7.0,15.7,0.45,1.9,2.6,0.722,1.7,4.0,5.8,10.1,1.6,0.1,3.3,4.3,16.0,101.0,110.0,2002,Carlos Arroyo-2002,0.0,Not Selected,Guard,TOT,0.03333333333333333
2001-02,Chucky Atkins,atkinch01,PG,27,DET,79,62,2285,8.6,18.4,0.466,3.2,7.8,0.41100000000000003,5.4,10.6,0.507,1.9,2.8,0.6920000000000001,0.7,3.0,3.7,6.1,1.7,0.3,3.0,4.1,22.3,108.0,106.0,2002,Chucky Atkins-2002,0.0,Not Selected,Guard,DET,0.04205214465937763
2001-02,Stacey Augmon,augmost01,SG,33,CHH,77,3,1319,5.7,13.3,0.42700000000000005,0.0,0.1,0.0,5.7,13.2,0.431,3.1,4.1,0.762,2.4,6.7,9.1,4.2,2.3,0.5,2.2,4.7,14.5,102.0,103.0,2002,Stacey Augmon-2002,0.0,Not Selected,Guard,CHO,0.03700588730025231
2001-02,Isaac Austin,austiis01,C,32,MEM,21,8,307,6.2,15.8,0.391,0.0,0.5,0.0,6.2,15.3,0.40399999999999997,0.7,0.7,1.0,1.9,10.3,12.2,2.2,1.5,0.9,1.9,6.2,13.0,85.0,104.0,2002,Isaac Austin-2002,0.0,Not Selected,Center,MEM,0.01934398654331371
2001-02,William Avery,averywi01,PG,22,MIN,28,0,258,5.3,18.5,0.289,1.2,7.2,0.171,4.1,11.3,0.364,2.7,3.9,0.684,0.8,4.1,4.9,7.4,1.4,0.0,3.9,3.5,14.6,81.0,108.0,2002,William Avery-2002,0.0,Not Selected,Guard,MIN,0.04205214465937763
2001-02,Dalibor Bagarić,bagarda01,C,21,CHI,50,0,638,6.0,14.8,0.40399999999999997,0.0,0.1,0.0,6.0,14.7,0.40700000000000003,3.4,5.8,0.586,4.6,8.9,13.5,1.9,1.4,2.0,3.8,9.0,15.4,86.0,105.0,2002,Dalibor Bagarić-2002,0.0,Not Selected,Center,CHI,0.017661900756938603
2001-02,Vin Baker,bakervi01,C,30,SEA,55,41,1710,9.9,20.5,0.485,0.0,0.3,0.125,9.9,20.2,0.49,4.5,7.1,0.633,5.3,5.7,11.0,2.3,0.7,1.1,4.0,6.2,24.4,101.0,109.0,2002,Vin Baker-2002,0.0,Not Selected,Center,OKC,0.03784693019343986
2001-02,Erick Barkley,barkler01,PG,23,POR,19,4,228,5.7,16.0,0.353,0.2,1.6,0.14300000000000002,5.4,14.4,0.377,2.1,2.4,0.9,1.2,3.1,4.2,8.0,4.0,0.2,2.8,6.8,13.7,93.0,103.0,2002,Erick Barkley-2002,0.0,Not Selected,Guard,POR,0.04121110176619008
2001-02,Dana Barros,barroda01,PG,34,DET,29,20,582,6.8,17.6,0.385,2.2,6.5,0.33799999999999997,4.6,11.1,0.413,1.9,2.5,0.778,0.1,5.1,5.2,7.1,1.3,0.2,3.0,3.4,17.7,96.0,106.0,2002,Dana Barros-2002,0.0,Not Selected,Guard,DET,0.04205214465937763
2001-02,Brent Barry,barrybr01,SG,30,SEA,81,81,3040,7.1,14.0,0.508,2.9,6.9,0.424,4.2,7.1,0.588,3.5,4.1,0.846,1.0,6.8,7.8,7.6,2.6,0.7,2.9,3.2,20.6,124.0,104.0,2002,Brent Barry-2002,0.0,Not Selected,Guard,OKC,0.03784693019343986
2001-02,Jon Barry,barryjo01,SG,32,DET,82,6,1985,6.8,14.0,0.489,3.3,6.9,0.469,3.6,7.1,0.508,2.9,3.1,0.9309999999999999,1.1,5.2,6.3,7.4,2.5,0.5,3.0,3.6,19.9,120.0,103.0,2002,Jon Barry-2002,0.0,Not Selected,Guard,DET,0.04205214465937763
2001-02,Mengke Bateer,bateeme01,C,26,DEN,27,10,408,6.9,17.2,0.402,0.5,1.6,0.33299999999999996,6.4,15.6,0.408,3.8,4.8,0.784,4.2,8.3,12.5,2.9,1.3,0.7,4.2,12.2,18.1,92.0,107.0,2002,Mengke Bateer-2002,0.0,Not Selected,Center,DEN,0.022708158116063918
2001-02,Tony Battie,battito01,C,25,BOS,74,73,1819,6.0,11.1,0.541,0.0,0.1,0.0,6.0,11.1,0.544,2.5,3.7,0.677,5.2,8.5,13.7,1.0,1.7,1.9,1.5,6.2,14.6,118.0,99.0,2002,Tony Battie-2002,0.0,Not Selected,Center,BOS,0.04121110176619008
2001-02,Shane Battier,battish01,SF,23,MEM,78,78,3097,7.0,16.3,0.429,1.8,4.7,0.373,5.3,11.7,0.451,3.4,4.8,0.7,3.1,4.0,7.1,3.7,2.1,1.4,2.6,3.7,19.1,104.0,107.0,2002,Shane Battier-2002,0.0,Not Selected,Forward,MEM,0.01934398654331371
2001-02,Charlie Bell,bellch01,SG,22,TOT,7,0,44,3.6,13.1,0.273,0.0,7.2,0.0,3.6,6.0,0.6,2.4,2.4,1.0,2.4,3.6,6.0,2.4,0.0,0.0,6.0,3.6,9.5,61.0,111.0,2002,Charlie Bell-2002,0.0,Not Selected,Guard,TOT,0.03333333333333333
2001-02,Raja Bell,bellra01,SG,25,PHI,74,12,890,6.2,14.6,0.429,0.7,2.7,0.273,5.5,11.9,0.46399999999999997,2.2,2.9,0.75,1.9,4.9,6.7,4.3,1.3,0.2,2.9,6.6,15.4,97.0,104.0,2002,Raja Bell-2002,0.0,Not Selected,Guard,PHI,0.03616484440706476
2001-02,Jonathan Bender,bendejo01,SF,21,IND,78,17,1647,6.3,14.6,0.43,1.4,4.0,0.36,4.9,10.6,0.457,4.4,5.7,0.773,2.0,5.7,7.7,2.0,0.6,1.6,3.0,4.7,18.4,101.0,107.0,2002,Jonathan Bender-2002,0.0,Not Selected,Forward,IND,0.03532380151387721
2001-02,Travis Best,besttr01,PG,29,TOT,74,21,1747,6.9,15.6,0.44,0.6,1.8,0.35600000000000004,6.2,13.8,0.451,3.1,3.5,0.897,0.6,3.9,4.5,9.8,2.7,0.2,3.0,5.2,17.5,106.0,106.0,2002,Travis Best-2002,0.0,Not Selected,Guard,TOT,0.03333333333333333
2001-02,Mike Bibby,bibbymi01,PG,23,SAC,80,80,2659,8.4,18.6,0.45299999999999996,1.0,2.6,0.37,7.5,16.0,0.466,2.9,3.6,0.8029999999999999,0.7,3.5,4.2,7.6,1.6,0.3,2.5,2.5,20.7,107.0,105.0,2002,Mike Bibby-2002,0.0,Not Selected,Guard,SAC,0.051303616484440706
2001-02,Chauncey Billups,billuch01,PG,25,MIN,82,54,2355,7.8,18.5,0.423,2.8,7.1,0.39399999999999996,5.0,11.4,0.441,4.7,5.3,0.885,0.8,4.3,5.1,10.1,1.5,0.4,3.1,3.8,23.1,116.0,108.0,2002,Chauncey Billups-2002,0.0,Not Selected,Guard,MIN,0.04205214465937763
2001-02,Mookie Blaylock,blaylmo01,PG,34,GSW,35,0,599,4.2,12.4,0.342,1.3,3.6,0.35700000000000004,3.0,8.8,0.337,0.3,0.7,0.5,0.7,3.7,4.4,9.7,2.0,0.3,3.1,1.7,10.1,92.0,111.0,2002,Mookie Blaylock-2002,0.0,Not Selected,Guard,GSW,0.017661900756938603
2001-02,Corie Blount,blounco01,PF,33,PHI,72,21,1426,4.4,9.5,0.45799999999999996,0.0,0.0,0.0,4.4,9.5,0.46,1.1,1.7,0.644,5.6,8.3,13.9,1.7,1.9,1.0,2.0,6.7,9.8,103.0,100.0,2002,Corie Blount-2002,0.0,Not Selected,Forward,PHI,0.03616484440706476
2001-02,Mark Blount,blounma01,C,26,BOS,44,0,415,4.0,9.5,0.42100000000000004,0.0,0.0,0.0,4.0,9.5,0.42100000000000004,3.8,4.6,0.8109999999999999,3.3,7.4,10.6,1.3,2.0,2.4,2.9,7.4,11.8,96.0,99.0,2002,Mark Blount-2002,0.0,Not Selected,Center,BOS,0.04121110176619008
2001-02,Calvin Booth,boothca01,C,25,SEA,15,15,279,6.8,15.8,0.42700000000000005,0.0,0.0,0.0,6.8,15.8,0.42700000000000005,4.4,4.6,0.958,3.9,6.6,10.4,3.1,1.2,2.5,3.1,9.1,18.0,103.0,105.0,2002,Calvin Booth-2002,0.0,Not Selected,Center,OKC,0.03784693019343986
2001-02,Ruben Boumtje-Boumtje,boumtru01,C,23,POR,33,1,245,2.9,7.0,0.406,0.0,0.0,0.0,2.9,7.0,0.406,2.9,5.5,0.52,4.6,7.5,12.1,0.9,0.7,3.5,3.1,8.3,8.6,88.0,103.0,2002,Ruben Boumtje-Boumtje-2002,0.0,Not Selected,Center,POR,0.04121110176619008
2001-02,Cal Bowdler,bowdlca01,PF,24,ATL,52,0,585,5.4,15.5,0.35100000000000003,0.1,0.4,0.2,5.4,15.1,0.355,3.5,4.2,0.83,3.4,6.4,9.8,1.0,1.6,1.3,1.0,5.7,14.5,96.0,106.0,2002,Cal Bowdler-2002,0.0,Not Selected,Forward,ATL,0.027754415475189236
2001-02,Bruce Bowen,bowenbr01,SF,30,SAS,59,59,1699,4.9,12.5,0.389,1.8,4.6,0.37799999999999995,3.1,7.8,0.396,1.4,3.0,0.479,1.3,3.8,5.1,2.8,1.9,0.8,2.1,3.6,12.9,94.0,102.0,2002,Bruce Bowen-2002,0.0,Not Selected,Forward,SAS,0.04878048780487805
2001-02,Ryan Bowen,bowenry01,SF,26,DEN,75,21,1686,4.6,9.7,0.479,0.0,0.4,0.083,4.6,9.3,0.495,2.2,2.9,0.75,4.2,5.2,9.4,1.6,2.4,1.3,1.3,5.4,11.5,113.0,107.0,2002,Ryan Bowen-2002,0.0,Not Selected,Forward,DEN,0.022708158116063918
2001-02,Ira Bowman,bowmair01,SG,28,PHI,3,0,29,9.3,13.0,0.7140000000000001,0.0,1.9,0.0,9.3,11.2,0.833,0.0,0.0,0.0,0.0,1.9,1.9,1.9,3.7,0.0,0.0,5.6,18.6,147.0,101.0,2002,Ira Bowman-2002,0.0,Not Selected,Guard,PHI,0.03616484440706476
2001-02,Earl Boykins,boykiea01,PG,25,LAC,68,2,761,7.7,19.3,0.4,0.9,2.9,0.31,6.8,16.3,0.41600000000000004,3.3,4.3,0.77,1.9,1.9,3.8,10.2,1.4,0.1,3.1,3.1,19.6,105.0,111.0,2002,Earl Boykins-2002,0.0,Not Selected,Guard,LAC,0.03280067283431455
2001-02,Michael Bradley,bradlmi01,PF,22,TOR,26,0,118,6.0,11.5,0.52,0.0,0.9,0.0,6.0,10.5,0.565,1.8,3.7,0.5,3.2,7.8,11.0,1.4,0.0,2.7,2.7,4.6,13.7,97.0,105.0,2002,Michael Bradley-2002,0.0,Not Selected,Forward,TOR,0.03532380151387721
2001-02,Shawn Bradley,bradlsh01,C,29,DAL,53,16,757,5.3,11.1,0.479,0.0,0.1,0.0,5.3,11.1,0.48100000000000004,4.0,4.4,0.922,3.6,8.4,12.0,1.4,1.9,4.4,1.7,8.7,14.7,116.0,102.0,2002,Shawn Bradley-2002,0.0,Not Selected,Center,DAL,0.0479394449116905
2001-02,Elton Brand,brandel01,PF,22,LAC,80,80,3020,9.4,17.8,0.527,0.0,0.0,0.0,9.4,17.8,0.527,6.9,9.2,0.742,7.0,9.3,16.3,3.4,1.4,2.9,3.1,4.5,25.6,120.0,103.0,2002,Elton Brand-2002,0.0,Not Selected,Forward,LAC,0.03280067283431455
2001-02,Terrell Brandon,brandte01,PG,31,MIN,32,28,962,8.5,20.1,0.425,0.2,1.3,0.174,8.3,18.9,0.442,4.6,4.6,0.988,0.9,4.2,5.1,14.6,2.9,0.3,2.4,2.7,21.9,117.0,105.0,2002,Terrell Brandon-2002,0.0,Not Selected,Guard,MIN,0.04205214465937763
2001-02,Jamison Brewer,breweja01,SG,21,IND,13,0,43,2.4,6.1,0.4,0.0,1.2,0.0,2.4,4.9,0.5,0.0,0.0,0.0,2.4,7.3,9.7,10.9,2.4,0.0,3.6,3.6,4.9,95.0,103.0,2002,Jamison Brewer-2002,0.0,Not Selected,Guard,IND,0.03532380151387721
2001-02,Primož Brezec,brezepr01,C,22,IND,22,4,160,4.6,9.5,0.483,0.0,0.0,0.0,4.6,9.5,0.483,4.9,8.2,0.6,5.2,3.9,9.1,2.0,0.0,2.3,2.0,9.1,14.0,113.0,108.0,2002,Primož Brezec-2002,0.0,Not Selected,Center,IND,0.03532380151387721
2001-02,Chucky Brown,brownch01,SF,33,SAC,18,0,92,5.5,14.7,0.37,0.0,0.0,0.0,5.5,14.7,0.37,0.5,1.1,0.5,5.5,12.6,18.0,3.3,1.1,2.2,2.7,6.6,11.5,88.0,98.0,2002,Chucky Brown-2002,0.0,Not Selected,Forward,SAC,0.051303616484440706
2001-02,Damone Brown,brownda02,SF,22,PHI,17,0,67,6.4,16.9,0.381,0.0,0.8,0.0,6.4,16.1,0.4,5.6,6.4,0.875,1.6,1.6,3.2,1.6,0.8,0.8,7.3,8.9,18.5,76.0,107.0,2002,Damone Brown-2002,0.0,Not Selected,Forward,PHI,0.03616484440706476
2001-02,Dee Brown,brownde01,PG,33,ORL,7,0,65,2.4,15.8,0.15,0.8,9.5,0.083,1.6,6.3,0.25,0.0,0.0,0.0,0.0,7.1,7.1,1.6,2.4,0.8,3.2,3.2,5.5,37.0,104.0,2002,Dee Brown-2002,0.0,Not Selected,Guard,ORL,0.03700588730025231
2001-02,Ernest Brown,browner01,C,22,MIA,3,0,21,2.6,15.7,0.16699999999999998,0.0,0.0,0.0,2.6,15.7,0.16699999999999998,2.6,10.5,0.25,2.6,13.1,15.7,0.0,0.0,2.6,7.8,10.5,7.8,35.0,98.0,2002,Ernest Brown-2002,0.0,Not Selected,Center,MIA,0.030277544154751892
2001-02,Kedrick Brown,brownke01,SF,20,BOS,29,5,245,4.9,14.8,0.32899999999999996,1.1,5.7,0.185,3.8,9.1,0.419,2.5,4.2,0.6,2.3,8.3,10.6,3.2,3.8,1.5,1.5,3.8,13.3,90.0,96.0,2002,Kedrick Brown-2002,0.0,Not Selected,Forward,BOS,0.04121110176619008
2001-02,Kwame Brown,brownkw01,PF,19,WAS,57,3,817,6.3,16.2,0.387,0.0,0.1,0.0,6.3,16.1,0.38799999999999996,4.7,6.6,0.7070000000000001,4.2,9.0,13.2,2.9,1.1,1.7,2.9,7.0,17.2,96.0,105.0,2002,Kwame Brown-2002,0.0,Not Selected,Forward,WAS,0.031118587047939444
2001-02,P.J. Brown,brownpj01,C,32,CHH,80,80,2563,5.2,11.0,0.474,0.0,0.0,0.0,5.2,11.0,0.474,3.5,4.1,0.858,5.7,10.7,16.4,2.2,1.2,1.6,1.8,4.6,14.0,118.0,101.0,2002,P.J. Brown-2002,0.0,Not Selected,Center,CHO,0.03700588730025231
2001-02,Randy Brown,brownra02,PG,33,BOS,1,0,6,0.0,8.6,0.0,0.0,0.0,0.0,0.0,8.6,0.0,0.0,0.0,0.0,0.0,0.0,0.0,17.3,0.0,8.6,0.0,8.6,0.0,84.0,102.0,2002,Randy Brown-2002,0.0,Not Selected,Guard,BOS,0.04121110176619008
2001-02,Tierre Brown,brownti01,SG,22,HOU,40,1,403,6.6,15.5,0.426,0.5,1.6,0.33299999999999996,6.1,13.9,0.43700000000000006,2.8,3.8,0.75,1.6,4.1,5.7,9.5,2.6,0.4,5.4,3.5,16.6,94.0,109.0,2002,Tierre Brown-2002,0.0,Not Selected,Guard,HOU,0.023549201009251473
2001-02,Rick Brunson,brunsri01,PG,29,POR,59,2,520,4.6,11.7,0.39799999999999996,0.6,1.1,0.545,4.0,10.5,0.382,3.0,4.2,0.7070000000000001,2.4,4.6,7.0,11.8,2.6,0.2,4.9,5.3,12.9,99.0,105.0,2002,Rick Brunson-2002,0.0,Not Selected,Guard,POR,0.04121110176619008
2001-02,Kobe Bryant,bryanko01,SG,23,LAL,80,80,3063,12.7,27.2,0.469,0.6,2.2,0.25,12.2,24.9,0.489,8.3,10.0,0.8290000000000001,1.9,5.6,7.5,7.5,2.0,0.6,3.8,3.9,34.4,112.0,103.0,2002,Kobe Bryant-2002,1.0,1st,Guard,LAL,0.04878048780487805
2001-02,Mark Bryant,bryanma01,PF,36,SAS,30,3,206,6.5,14.2,0.455,0.0,0.0,0.0,6.5,14.2,0.455,1.6,2.1,0.75,6.5,4.9,11.4,2.6,1.8,0.5,1.6,9.8,14.5,111.0,102.0,2002,Mark Bryant-2002,0.0,Not Selected,Forward,SAS,0.04878048780487805
2001-02,Greg Buckner,buckngr01,SG,25,DAL,44,16,885,6.1,11.6,0.525,0.3,0.9,0.313,5.8,10.6,0.544,2.3,3.4,0.69,3.9,6.2,10.1,2.8,1.8,1.1,1.6,7.2,14.8,119.0,107.0,2002,Greg Buckner-2002,0.0,Not Selected,Guard,DAL,0.0479394449116905
2001-02,Jud Buechler,buechju01,SF,33,TOT,66,2,684,3.3,8.9,0.373,1.6,4.5,0.35,1.7,4.4,0.397,0.2,0.3,0.5,2.2,6.6,8.7,2.4,1.6,0.6,1.1,4.0,8.4,102.0,106.0,2002,Jud Buechler-2002,0.0,Not Selected,Forward,TOT,0.03333333333333333
2001-02,Rodney Buford,buforro01,SG,24,MEM,63,21,1769,7.7,17.7,0.435,0.5,2.1,0.243,7.2,15.6,0.461,1.7,2.4,0.725,1.5,6.6,8.1,2.1,1.3,0.4,1.9,3.3,17.6,95.0,108.0,2002,Rodney Buford-2002,0.0,Not Selected,Guard,MEM,0.01934398654331371
2001-02,Matt Bullard,bullama01,PF,34,CHH,31,0,350,6.0,17.6,0.33899999999999997,2.4,8.7,0.281,3.5,8.9,0.397,1.7,1.8,0.917,1.5,5.7,7.2,2.4,0.3,0.3,1.8,4.4,16.1,94.0,108.0,2002,Matt Bullard-2002,0.0,Not Selected,Forward,CHO,0.03700588730025231
2001-02,Mitchell Butler,butlemi02,SG,31,POR,11,0,90,6.0,13.7,0.435,0.6,1.8,0.33299999999999996,5.4,11.9,0.45,4.8,7.2,0.667,3.6,4.8,8.4,3.0,0.0,0.6,3.0,6.0,17.3,104.0,110.0,2002,Mitchell Butler-2002,0.0,Not Selected,Guard,POR,0.04121110176619008
2001-02,Jason Caffey,caffeja01,PF,28,MIL,23,0,283,6.8,13.5,0.5,0.0,0.2,0.0,6.8,13.3,0.507,5.1,8.1,0.628,4.5,4.9,9.4,2.3,0.8,0.9,3.6,7.3,18.6,104.0,110.0,2002,Jason Caffey-2002,0.0,Not Selected,Forward,MIL,0.034482758620689655
2001-02,Marcus Camby,cambyma01,C,27,NYK,29,29,1007,6.9,15.4,0.44799999999999995,0.0,0.1,0.0,6.9,15.4,0.45,3.3,5.3,0.626,4.7,12.4,17.1,1.8,1.8,2.7,2.2,5.7,17.1,100.0,100.0,2002,Marcus Camby-2002,0.0,Not Selected,Center,NYK,0.025231286795626577
2001-02,Elden Campbell,campbel01,PF,33,CHH,77,74,2156,9.5,19.7,0.484,0.0,0.0,0.0,9.5,19.7,0.485,7.6,9.5,0.797,3.3,9.9,13.2,2.5,1.5,3.4,3.4,6.6,26.7,109.0,100.0,2002,Elden Campbell-2002,0.0,Not Selected,Forward,CHO,0.03700588730025231
2001-02,Brian Cardinal,cardibr01,PF,24,DET,8,0,43,7.4,16.1,0.462,3.7,8.7,0.429,3.7,7.4,0.5,2.5,2.5,1.0,2.5,5.0,7.4,2.5,1.2,0.0,0.0,6.2,21.1,134.0,106.0,2002,Brian Cardinal-2002,0.0,Not Selected,Forward,DET,0.04205214465937763
2001-02,Anthony Carter,cartean01,PG,26,MIA,46,18,1050,4.7,13.6,0.342,0.1,1.0,0.053,4.6,12.6,0.365,1.0,1.9,0.528,1.0,5.1,6.1,11.2,2.6,0.2,3.8,4.4,10.4,84.0,100.0,2002,Anthony Carter-2002,0.0,Not Selected,Guard,MIA,0.030277544154751892
2001-02,Vince Carter,cartevi01,SG,25,TOR,60,60,2385,12.7,29.6,0.428,2.7,7.1,0.387,9.9,22.5,0.441,5.6,7.0,0.7979999999999999,3.1,4.0,7.1,5.4,2.1,1.0,3.5,4.3,33.6,107.0,105.0,2002,Vince Carter-2002,0.0,Not Selected,Guard,TOR,0.03532380151387721
2001-02,Sam Cassell,cassesa01,PG,32,MIL,74,73,2605,11.3,24.4,0.46299999999999997,1.5,4.2,0.348,9.9,20.3,0.486,5.8,6.7,0.86,1.1,5.3,6.4,10.1,1.8,0.2,3.6,4.2,29.8,112.0,109.0,2002,Sam Cassell-2002,0.0,Not Selected,Guard,MIL,0.034482758620689655
2001-02,Kelvin Cato,catoke01,C,27,HOU,75,73,1917,5.4,9.3,0.583,0.0,0.0,0.0,5.4,9.2,0.585,3.2,5.5,0.5820000000000001,5.0,9.9,14.9,0.8,1.1,2.7,1.5,5.9,14.0,122.0,106.0,2002,Kelvin Cato-2002,0.0,Not Selected,Center,HOU,0.023549201009251473
2001-02,Tyson Chandler,chandty01,C,19,CHI,71,31,1389,5.8,11.6,0.49700000000000005,0.0,0.0,0.0,5.8,11.6,0.49700000000000005,5.1,8.5,0.604,4.4,8.7,13.1,2.1,1.1,3.5,3.8,6.8,16.6,99.0,105.0,2002,Tyson Chandler-2002,0.0,Not Selected,Center,CHI,0.017661900756938603
2001-02,Calbert Cheaney,cheanca01,SG,30,DEN,68,47,1631,7.3,15.2,0.48100000000000004,0.0,0.1,0.0,7.3,15.0,0.485,1.5,2.2,0.687,1.9,6.0,7.8,3.6,1.1,0.7,2.3,5.1,16.1,100.0,110.0,2002,Calbert Cheaney-2002,0.0,Not Selected,Guard,DEN,0.022708158116063918
2001-02,Chris Childs,childch01,PG,34,TOR,69,4,1576,3.3,10.2,0.32799999999999996,1.1,4.1,0.275,2.2,6.0,0.364,2.0,2.4,0.8170000000000001,0.6,4.7,5.3,12.0,1.9,0.2,4.2,6.1,9.8,94.0,105.0,2002,Chris Childs-2002,0.0,Not Selected,Guard,TOR,0.03532380151387721
2001-02,Doug Christie,chrisdo01,SG,31,SAC,81,81,2798,6.1,13.2,0.46,1.6,4.6,0.35200000000000004,4.5,8.6,0.518,3.7,4.3,0.851,1.3,5.4,6.7,6.1,2.9,0.4,2.9,3.8,17.4,112.0,101.0,2002,Doug Christie-2002,0.0,Not Selected,Guard,SAC,0.051303616484440706
2001-02,Keon Clark,clarkke01,C,26,TOR,81,31,2185,9.4,19.2,0.49,0.0,0.1,0.0,9.4,19.1,0.494,3.8,5.7,0.674,4.5,10.4,14.9,2.2,1.4,3.0,3.5,6.4,22.6,102.0,99.0,2002,Keon Clark-2002,0.0,Not Selected,Center,TOR,0.03532380151387721
2001-02,Speedy Claxton,claxtsp01,PG,23,PHI,67,18,1528,6.4,16.0,0.4,0.1,1.2,0.121,6.3,14.8,0.42200000000000004,4.0,4.8,0.838,1.6,4.0,5.7,7.0,3.4,0.2,3.4,5.1,17.0,98.0,100.0,2002,Speedy Claxton-2002,0.0,Not Selected,Guard,PHI,0.03616484440706476
2001-02,Mateen Cleaves,cleavma01,PG,24,SAC,32,0,153,9.8,22.3,0.441,0.7,2.6,0.25,9.2,19.7,0.467,2.6,3.0,0.889,0.3,2.3,2.6,8.2,2.3,0.0,8.9,3.0,23.0,81.0,105.0,2002,Mateen Cleaves-2002,0.0,Not Selected,Guard,SAC,0.051303616484440706
2001-02,Derrick Coleman,colemde01,PF,34,PHI,58,58,2080,8.6,19.1,0.45,0.7,2.2,0.337,7.9,16.9,0.465,4.8,5.9,0.815,4.3,8.9,13.2,2.5,1.1,1.3,3.1,4.1,22.7,106.0,101.0,2002,Derrick Coleman-2002,0.0,Not Selected,Forward,PHI,0.03616484440706476
2001-02,Bimbo Coles,colesbi01,PG,33,CLE,47,1,693,4.3,11.2,0.384,0.3,1.5,0.2,4.0,9.7,0.413,2.5,2.8,0.892,0.9,3.3,4.2,8.2,1.0,0.3,2.4,4.5,11.4,102.0,113.0,2002,Bimbo Coles-2002,0.0,Not Selected,Guard,CLE,0.024390243902439025
2001-02,Jason Collier,collija02,C,24,HOU,25,2,365,6.1,14.2,0.43200000000000005,0.0,0.1,0.0,6.1,14.0,0.436,3.6,4.8,0.75,4.6,7.6,12.2,1.3,0.9,0.6,1.9,6.0,15.8,105.0,110.0,2002,Jason Collier-2002,0.0,Not Selected,Center,HOU,0.023549201009251473
2001-02,Jarron Collins,collija03,C,23,UTA,70,68,1440,5.8,12.7,0.461,0.0,0.0,0.0,5.8,12.6,0.462,4.9,6.7,0.74,5.1,5.8,10.9,2.1,1.1,0.8,2.1,8.6,16.6,113.0,107.0,2002,Jarron Collins-2002,0.0,Not Selected,Center,UTA,0.03700588730025231
2001-02,Jason Collins,collija04,C,23,NJN,77,9,1407,4.3,10.3,0.42100000000000004,0.0,0.1,0.5,4.3,10.3,0.42,4.3,6.1,0.701,4.9,6.3,11.2,3.0,1.1,1.7,2.7,6.4,13.0,104.0,101.0,2002,Jason Collins-2002,0.0,Not Selected,Center,BRK,0.04373423044575273
2001-02,Chris Crawford,crawfch01,PF,26,ATL,7,4,131,8.4,17.9,0.467,0.0,0.4,0.0,8.4,17.5,0.47700000000000004,4.4,6.0,0.733,3.6,6.4,10.0,2.0,0.8,2.0,4.0,8.4,21.1,96.0,107.0,2002,Chris Crawford-2002,0.0,Not Selected,Forward,ATL,0.027754415475189236
2001-02,Jamal Crawford,crawfja01,PG,21,CHI,23,6,481,9.8,20.6,0.47600000000000003,2.9,6.4,0.44799999999999995,6.9,14.2,0.488,1.1,1.4,0.769,0.6,3.2,3.7,6.1,2.0,0.6,3.5,2.0,23.6,102.0,110.0,2002,Jamal Crawford-2002,0.0,Not Selected,Guard,CHI,0.017661900756938603
2001-02,Joe Crispin,crispjo01,PG,22,TOT,21,0,156,8.7,22.9,0.382,5.0,13.1,0.385,3.7,9.7,0.379,4.0,4.4,0.9229999999999999,0.7,3.0,3.7,8.7,1.7,0.0,3.4,3.4,26.6,111.0,108.0,2002,Joe Crispin-2002,0.0,Not Selected,Guard,TOT,0.03333333333333333
2001-02,Austin Croshere,croshau01,PF,26,IND,76,1,1286,7.5,18.2,0.413,2.0,5.9,0.33799999999999997,5.5,12.3,0.449,3.9,4.6,0.851,3.0,8.9,11.9,3.1,1.1,1.2,2.7,4.3,20.9,104.0,104.0,2002,Austin Croshere-2002,0.0,Not Selected,Forward,IND,0.03532380151387721
2001-02,John Crotty,crottjo01,PG,32,UTA,41,0,802,6.5,13.8,0.47100000000000003,2.1,4.6,0.449,4.4,9.2,0.48200000000000004,3.8,4.4,0.8640000000000001,1.1,3.9,5.0,9.4,1.3,0.1,3.4,5.1,18.8,117.0,109.0,2002,John Crotty-2002,0.0,Not Selected,Guard,UTA,0.03700588730025231
2001-02,Vonteego Cummings,cummivo01,PG,25,PHI,58,1,501,8.4,20.2,0.41700000000000004,1.3,5.0,0.261,7.1,15.2,0.46799999999999997,2.6,3.4,0.75,1.5,4.1,5.6,6.5,1.9,0.5,3.9,5.7,20.7,96.0,103.0,2002,Vonteego Cummings-2002,0.0,Not Selected,Guard,PHI,0.03616484440706476
2001-02,Dell Curry,curryde01,SG,37,TOR,56,4,886,8.6,21.2,0.406,2.7,8.0,0.344,5.9,13.2,0.444,2.0,2.3,0.892,1.4,3.5,4.9,3.7,1.3,0.4,2.5,3.1,22.0,101.0,107.0,2002,Dell Curry-2002,0.0,Not Selected,Guard,TOR,0.03532380151387721
2001-02,Eddy Curry,curryed01,C,19,CHI,72,31,1150,8.7,17.4,0.501,0.0,0.0,0.0,8.7,17.4,0.501,4.8,7.4,0.6559999999999999,5.1,7.4,12.5,1.2,0.7,2.4,3.2,8.0,22.3,103.0,107.0,2002,Eddy Curry-2002,0.0,Not Selected,Center,CHI,0.017661900756938603
2001-02,Michael Curry,currymi01,SG,33,DET,82,75,1912,3.5,7.7,0.45299999999999996,0.2,0.7,0.26899999999999996,3.3,7.0,0.47200000000000003,2.0,2.5,0.7909999999999999,0.4,4.3,4.7,3.5,1.3,0.3,1.7,5.8,9.2,102.0,106.0,2002,Michael Curry-2002,0.0,Not Selected,Guard,DET,0.04205214465937763
2001-02,Samuel Dalembert,dalemsa01,C,20,PHI,34,0,177,6.7,15.3,0.44,0.0,0.0,0.0,6.7,15.3,0.44,2.1,5.5,0.389,7.6,13.1,20.7,1.5,1.8,4.0,4.3,9.2,15.6,88.0,93.0,2002,Samuel Dalembert-2002,0.0,Not Selected,Center,PHI,0.03616484440706476
2001-02,Erick Dampier,dampier01,C,26,GSW,73,46,1740,6.1,14.0,0.435,0.0,0.0,0.0,6.1,14.0,0.435,4.0,6.2,0.645,4.9,6.4,11.3,2.5,0.5,4.9,4.6,6.9,16.2,92.0,108.0,2002,Erick Dampier-2002,0.0,Not Selected,Center,GSW,0.017661900756938603
2001-02,Antonio Daniels,daniean01,SG,26,SAS,82,13,2175,6.6,15.0,0.44,1.4,4.8,0.29100000000000004,5.2,10.2,0.51,3.9,5.1,0.752,0.6,3.8,4.3,5.6,1.2,0.3,1.7,2.5,18.5,113.0,104.0,2002,Antonio Daniels-2002,0.0,Not Selected,Guard,SAS,0.04878048780487805
2001-02,Antonio Davis,davisan01,PF,33,TOR,77,77,2978,7.4,17.5,0.426,0.0,0.0,0.0,7.4,17.5,0.426,5.3,6.5,0.818,4.6,8.8,13.4,2.8,1.0,1.5,2.9,4.1,20.2,104.0,103.0,2002,Antonio Davis-2002,0.0,Not Selected,Forward,TOR,0.03532380151387721
2001-02,Baron Davis,davisba01,PG,22,CHH,82,82,3318,9.0,21.6,0.41700000000000004,2.7,7.7,0.35600000000000004,6.3,13.9,0.451,3.2,5.5,0.58,1.5,4.1,5.6,11.3,2.8,0.8,4.0,3.9,23.9,105.0,104.0,2002,Baron Davis-2002,0.0,Not Selected,Guard,CHO,0.03700588730025231
2001-02,Dale Davis,davisda01,C,32,POR,78,77,2447,6.5,12.7,0.51,0.0,0.0,0.0,6.5,12.7,0.51,3.3,4.7,0.708,5.8,9.4,15.1,2.1,1.4,1.8,1.4,4.2,16.3,122.0,103.0,2002,Dale Davis-2002,0.0,Not Selected,Center,POR,0.04121110176619008
2001-02,Emanual Davis,davisem01,PG,33,ATL,28,20,774,4.7,13.4,0.354,2.0,5.7,0.341,2.8,7.6,0.363,1.1,1.2,0.889,1.3,3.7,5.0,4.6,1.8,0.3,3.5,4.6,12.5,87.0,109.0,2002,Emanual Davis-2002,0.0,Not Selected,Guard,ATL,0.027754415475189236
2001-02,Hubert Davis,davishu01,SG,31,WAS,51,17,1231,6.4,14.4,0.44799999999999995,2.5,5.6,0.452,3.9,8.8,0.445,0.7,0.9,0.762,0.3,3.1,3.4,4.7,1.2,0.1,1.9,2.6,16.1,109.0,111.0,2002,Hubert Davis-2002,0.0,Not Selected,Guard,WAS,0.031118587047939444
2001-02,Ricky Davis,davisri01,SF,22,CLE,82,8,1954,10.2,21.3,0.48100000000000004,0.3,1.0,0.314,9.9,20.3,0.489,5.3,6.7,0.79,1.7,4.9,6.6,4.8,1.9,0.6,4.0,3.9,26.1,103.0,109.0,2002,Ricky Davis-2002,0.0,Not Selected,Forward,CLE,0.024390243902439025
2001-02,Andrew DeClercq,declean01,C,28,ORL,61,14,633,5.5,12.1,0.45,0.0,0.0,0.0,5.5,12.1,0.45,2.3,4.1,0.56,6.0,7.2,13.3,1.8,1.9,2.0,2.8,10.6,13.2,100.0,103.0,2002,Andrew DeClercq-2002,0.0,Not Selected,Center,ORL,0.03700588730025231
2001-02,Vinny Del Negro,delnevi01,PG,35,PHO,2,0,6,8.7,35.0,0.25,0.0,0.0,0.0,8.7,35.0,0.25,0.0,0.0,0.0,0.0,0.0,0.0,17.5,0.0,0.0,0.0,0.0,17.5,81.0,114.0,2002,Vinny Del Negro-2002,0.0,Not Selected,Guard,PHO,0.030277544154751892
2001-02,Tony Delk,delkto01,SG,28,TOT,63,17,1447,8.2,21.2,0.384,2.4,7.7,0.313,5.7,13.5,0.425,2.8,3.5,0.804,2.1,5.2,7.3,4.8,1.9,0.4,2.1,3.5,21.6,102.0,105.0,2002,Tony Delk-2002,0.0,Not Selected,Guard,TOT,0.03333333333333333
2001-02,Derrick Dial,dialde01,SG,26,TOT,32,0,299,7.2,21.1,0.342,0.2,1.9,0.091,7.0,19.2,0.36700000000000005,3.2,4.2,0.75,2.5,7.4,9.8,6.2,1.8,0.7,2.8,2.3,17.8,88.0,101.0,2002,Derrick Dial-2002,0.0,Not Selected,Guard,TOT,0.03333333333333333
2001-02,Michael Dickerson,dickemi01,SG,26,MEM,4,4,124,6.4,20.4,0.313,3.4,8.9,0.381,3.0,11.5,0.259,2.1,2.5,0.833,1.3,3.8,5.1,3.8,1.3,0.4,3.4,5.1,18.3,85.0,110.0,2002,Michael Dickerson-2002,0.0,Not Selected,Guard,MEM,0.01934398654331371
2001-02,DeSagana Diop,diopde01,C,20,CLE,18,1,109,5.9,14.1,0.414,0.0,0.0,0.0,5.9,14.1,0.414,0.5,2.4,0.2,2.4,5.9,8.3,2.4,0.5,4.9,5.9,9.3,12.2,67.0,107.0,2002,DeSagana Diop-2002,0.0,Not Selected,Center,CLE,0.024390243902439025
2001-02,Vlade Divac,divacvl01,C,33,SAC,80,80,2420,7.0,14.9,0.47200000000000003,0.1,0.3,0.231,7.0,14.6,0.47700000000000004,4.3,7.1,0.615,4.3,9.7,13.9,6.2,1.6,2.0,3.3,4.8,18.4,107.0,99.0,2002,Vlade Divac-2002,0.0,Not Selected,Center,SAC,0.051303616484440706
2001-02,Michael Doleac,doleami01,C,24,CLE,42,15,705,5.9,14.1,0.41700000000000004,0.0,0.0,0.0,5.9,14.1,0.41700000000000004,2.9,3.5,0.826,3.5,9.1,12.7,1.9,1.1,0.8,2.8,7.4,14.6,95.0,108.0,2002,Michael Doleac-2002,0.0,Not Selected,Center,CLE,0.024390243902439025
2001-02,Keyon Dooling,doolike01,PG,21,LAC,14,0,155,7.6,19.6,0.386,1.4,4.8,0.28600000000000003,6.2,14.8,0.419,3.4,4.1,0.833,0.0,1.0,1.0,4.1,1.4,1.0,3.4,6.9,19.9,92.0,111.0,2002,Keyon Dooling-2002,0.0,Not Selected,Guard,LAC,0.03280067283431455
2001-02,Bryce Drew,drewbr01,PG,27,CHH,61,0,774,5.4,12.6,0.429,2.1,5.0,0.425,3.3,7.5,0.431,1.6,2.0,0.7929999999999999,1.0,4.0,5.0,7.0,2.2,0.1,2.3,3.4,14.5,111.0,106.0,2002,Bryce Drew-2002,0.0,Not Selected,Guard,CHO,0.03700588730025231
2001-02,Predrag Drobnjak,drobnpr01,C,26,SEA,64,12,1174,8.8,19.0,0.461,0.0,0.1,0.0,8.8,18.9,0.46399999999999997,2.5,3.4,0.753,3.4,6.6,10.1,2.3,0.9,1.4,2.3,5.0,20.1,102.0,107.0,2002,Predrag Drobnjak-2002,0.0,Not Selected,Center,OKC,0.03784693019343986
2001-02,Chris Dudley,dudlech02,C,36,POR,43,2,327,3.3,8.2,0.4,0.0,0.3,0.0,3.3,7.9,0.41700000000000004,1.3,2.5,0.5329999999999999,4.4,8.7,13.1,2.1,0.5,2.3,2.3,6.9,7.9,93.0,104.0,2002,Chris Dudley-2002,0.0,Not Selected,Center,POR,0.04121110176619008
2001-02,Tim Duncan,duncati01,PF,25,SAS,82,82,3329,12.2,24.1,0.508,0.0,0.2,0.1,12.2,23.9,0.511,9.0,11.2,0.799,4.3,12.4,16.7,4.9,1.0,3.3,4.2,3.5,33.5,114.0,96.0,2002,Tim Duncan-2002,1.0,1st,Forward,SAS,0.04878048780487805
2001-02,Howard Eisley,eisleho01,PG,29,NYK,39,0,609,5.2,15.4,0.337,1.2,5.1,0.24100000000000002,4.0,10.3,0.385,3.4,4.3,0.7959999999999999,0.8,3.5,4.3,8.8,2.1,0.3,4.7,4.8,15.0,87.0,108.0,2002,Howard Eisley-2002,0.0,Not Selected,Guard,NYK,0.025231286795626577
2001-02,Obinna Ekezie,ekeziob01,PF,26,LAC,29,1,152,4.6,13.7,0.33299999999999996,0.0,0.0,0.0,4.6,13.7,0.33299999999999996,9.8,14.0,0.7,4.2,7.7,11.9,1.1,0.7,2.1,3.5,5.6,18.9,98.0,106.0,2002,Obinna Ekezie-2002,0.0,Not Selected,Forward,LAC,0.03280067283431455
2001-02,LaPhonso Ellis,ellisla01,SF,31,MIA,66,14,1684,6.2,14.7,0.418,1.2,4.0,0.306,4.9,10.7,0.46,1.7,2.7,0.631,3.5,5.9,9.4,1.8,1.0,1.2,2.4,6.4,15.3,96.0,102.0,2002,LaPhonso Ellis-2002,0.0,Not Selected,Forward,MIA,0.030277544154751892
2001-02,Evan Eschmeyer,eschmev01,C,26,DAL,31,6,299,3.6,8.6,0.42,0.0,0.0,0.0,3.6,8.6,0.42,3.5,5.7,0.606,6.1,10.9,16.9,1.6,1.7,1.6,2.8,10.4,10.7,102.0,103.0,2002,Evan Eschmeyer-2002,0.0,Not Selected,Center,DAL,0.0479394449116905
2001-02,Maurice Evans,evansma01,SG,23,MIN,10,0,45,10.6,22.4,0.474,0.0,3.5,0.0,10.6,18.9,0.563,3.5,4.7,0.75,3.5,1.2,4.7,4.7,0.0,0.0,2.4,10.6,24.7,108.0,113.0,2002,Maurice Evans-2002,0.0,Not Selected,Guard,MIN,0.04205214465937763
2001-02,Patrick Ewing,ewingpa01,C,39,ORL,65,4,901,8.5,19.0,0.444,0.0,0.1,0.0,8.5,19.0,0.446,5.4,7.7,0.701,3.4,11.6,15.0,2.0,1.3,2.6,3.7,7.4,22.3,96.0,101.0,2002,Patrick Ewing-2002,0.0,Not Selected,Center,ORL,0.03700588730025231
2001-02,Danny Ferry,ferryda01,SF,35,SAS,50,2,799,5.1,11.8,0.429,2.9,6.6,0.434,2.2,5.2,0.423,2.3,2.4,0.9440000000000001,1.0,5.0,6.0,3.2,1.1,0.6,1.5,4.7,15.3,119.0,103.0,2002,Danny Ferry-2002,0.0,Not Selected,Forward,SAS,0.04878048780487805
2001-02,Michael Finley,finlemi01,SF,28,DAL,69,69,2754,10.7,23.1,0.46299999999999997,1.4,4.2,0.33899999999999997,9.3,18.8,0.491,3.9,4.7,0.8370000000000001,1.7,5.1,6.8,4.3,1.2,0.5,2.2,2.7,26.7,110.0,110.0,2002,Michael Finley-2002,0.0,Not Selected,Forward,DAL,0.0479394449116905
2001-02,Derek Fisher,fishede01,PG,27,LAL,70,35,1974,7.2,17.6,0.41100000000000003,3.8,9.2,0.413,3.4,8.4,0.41,2.5,2.9,0.847,0.4,3.5,3.9,4.8,1.7,0.2,1.6,3.2,20.8,114.0,105.0,2002,Derek Fisher-2002,0.0,Not Selected,Guard,LAL,0.04878048780487805
2001-02,Marcus Fizer,fizerma01,PF,23,CHI,76,20,1963,10.0,22.9,0.43799999999999994,0.2,1.1,0.171,9.8,21.8,0.451,5.1,7.6,0.6679999999999999,3.5,8.1,11.5,3.2,1.3,0.6,3.5,5.0,25.3,95.0,108.0,2002,Marcus Fizer-2002,0.0,Not Selected,Forward,CHI,0.017661900756938603
2001-02,Isaac Fontaine,fontais01,SG,26,MEM,6,0,75,2.1,9.8,0.214,0.7,3.5,0.2,1.4,6.3,0.222,2.8,4.2,0.667,0.0,3.5,3.5,2.8,0.0,0.0,2.8,4.2,7.7,66.0,113.0,2002,Isaac Fontaine-2002,0.0,Not Selected,Guard,MEM,0.01934398654331371
2001-02,Alton Ford,fordal02,PF,20,PHO,53,0,452,7.1,13.7,0.517,0.0,0.0,0.0,7.1,13.7,0.517,4.9,6.6,0.737,3.7,8.7,12.4,0.8,0.7,0.8,3.7,11.5,19.0,103.0,105.0,2002,Alton Ford-2002,0.0,Not Selected,Forward,PHO,0.030277544154751892
2001-02,Joseph Forte,fortejo01,SG,20,BOS,8,0,39,1.3,16.0,0.083,0.0,4.0,0.0,1.3,12.0,0.111,5.3,5.3,1.0,1.3,6.7,8.0,8.0,2.7,0.0,4.0,1.3,8.0,60.0,101.0,2002,Joseph Forte-2002,0.0,Not Selected,Guard,BOS,0.04121110176619008
2001-02,Danny Fortson,fortsda01,PF,25,GSW,77,76,2216,7.1,16.5,0.428,0.0,0.1,0.25,7.1,16.5,0.429,5.6,7.1,0.795,6.6,14.0,20.6,2.9,1.0,0.4,3.7,5.8,19.8,105.0,105.0,2002,Danny Fortson-2002,0.0,Not Selected,Forward,GSW,0.017661900756938603
2001-02,Greg Foster,fostegr01,PF,33,MIL,6,0,24,4.4,20.0,0.222,0.0,8.9,0.0,4.4,11.1,0.4,6.7,8.9,0.75,0.0,17.7,17.7,2.2,0.0,0.0,0.0,8.9,15.5,79.0,103.0,2002,Greg Foster-2002,0.0,Not Selected,Forward,MIL,0.034482758620689655
2001-02,Jeff Foster,fosteje01,C,25,IND,82,48,1786,5.2,11.5,0.449,0.1,0.4,0.133,5.1,11.1,0.462,3.2,5.3,0.61,6.0,10.2,16.3,2.0,2.1,1.1,2.3,6.8,13.7,105.0,101.0,2002,Jeff Foster-2002,0.0,Not Selected,Center,IND,0.03532380151387721
2001-02,Antonis Fotsis,fotsian01,PF,20,MEM,28,1,320,6.9,17.1,0.40399999999999997,1.2,3.8,0.304,5.8,13.3,0.43200000000000005,2.8,3.3,0.85,4.1,6.1,10.2,1.6,1.5,1.8,3.5,3.6,17.8,93.0,107.0,2002,Antonis Fotsis-2002,0.0,Not Selected,Forward,MEM,0.01934398654331371
2001-02,Tremaine Fowlkes,fowlktr01,SF,25,LAC,22,17,343,3.9,9.9,0.391,0.0,0.0,0.0,3.9,9.9,0.391,3.7,4.8,0.774,5.0,5.0,9.9,2.6,1.7,0.2,2.0,6.1,11.5,107.0,108.0,2002,Tremaine Fowlkes-2002,0.0,Not Selected,Forward,LAC,0.03280067283431455
2001-02,Rick Fox,foxri01,SF,32,LAL,82,82,2289,5.8,13.8,0.42100000000000004,1.5,4.7,0.313,4.3,9.0,0.479,1.6,1.9,0.8240000000000001,2.0,6.8,8.9,6.4,1.5,0.5,3.0,5.6,14.7,103.0,103.0,2002,Rick Fox-2002,0.0,Not Selected,Forward,LAL,0.04878048780487805
2001-02,Adonal Foyle,foylead01,C,26,GSW,79,36,1485,5.8,13.2,0.444,0.0,0.0,0.0,5.8,13.2,0.444,1.3,3.2,0.39799999999999996,5.1,8.0,13.1,1.4,1.2,5.7,2.6,6.1,13.0,93.0,104.0,2002,Adonal Foyle-2002,0.0,Not Selected,Center,GSW,0.017661900756938603
2001-02,Steve Francis,francst01,PG,24,HOU,57,56,2343,9.8,23.4,0.41700000000000004,1.6,4.9,0.324,8.2,18.5,0.442,7.6,9.8,0.773,2.4,6.9,9.3,8.4,1.6,0.6,5.1,4.0,28.7,104.0,109.0,2002,Steve Francis-2002,0.0,Not Selected,Guard,HOU,0.023549201009251473
2001-02,Lawrence Funderburke,fundela01,PF,31,SAC,56,1,722,8.0,17.0,0.469,0.0,0.2,0.0,8.0,16.8,0.475,2.4,3.9,0.607,5.3,8.5,13.8,2.2,0.8,1.3,2.3,4.5,18.4,104.0,102.0,2002,Lawrence Funderburke-2002,0.0,Not Selected,Forward,SAC,0.051303616484440706
2001-02,Kevin Garnett,garneke01,PF,25,MIN,81,81,3175,11.0,23.4,0.47,0.6,1.9,0.319,10.4,21.5,0.484,6.0,7.5,0.8009999999999999,4.1,12.3,16.4,7.0,1.6,2.1,3.8,3.1,28.6,111.0,101.0,2002,Kevin Garnett-2002,2.0,2nd,Forward,MIN,0.04205214465937763
2001-02,Dean Garrett,garrede01,C,35,TOT,34,0,183,5.2,15.8,0.327,0.0,0.0,0.0,5.2,15.8,0.327,0.0,0.9,0.0,4.6,11.8,16.4,1.4,2.0,2.9,2.9,9.2,10.4,74.0,99.0,2002,Dean Garrett-2002,0.0,Not Selected,Center,TOT,0.03333333333333333
2001-02,Pat Garrity,garripa01,PF,25,ORL,80,43,2406,7.0,16.4,0.426,3.6,8.5,0.42700000000000005,3.4,7.9,0.426,1.3,1.6,0.836,1.6,5.6,7.2,2.1,1.3,0.6,1.5,4.9,18.9,111.0,107.0,2002,Pat Garrity-2002,0.0,Not Selected,Forward,ORL,0.03700588730025231
2001-02,Pau Gasol,gasolpa01,C,21,MEM,82,79,3007,9.7,18.6,0.518,0.0,0.1,0.2,9.6,18.6,0.519,5.9,8.4,0.7090000000000001,4.2,8.6,12.8,3.9,0.7,3.0,3.9,3.4,25.2,108.0,105.0,2002,Pau Gasol-2002,0.0,Not Selected,Center,MEM,0.01934398654331371
2001-02,Chris Gatling,gatlich01,PF,34,MIA,54,1,809,8.9,19.9,0.447,0.1,0.5,0.125,8.8,19.3,0.456,5.6,7.9,0.701,4.8,9.2,14.0,1.7,1.2,0.7,3.9,7.4,23.4,97.0,100.0,2002,Chris Gatling-2002,0.0,Not Selected,Forward,MIA,0.030277544154751892
2001-02,Matt Geiger,geigema01,C,32,PHI,4,0,36,1.5,12.0,0.125,0.0,0.0,0.0,1.5,12.0,0.125,1.5,3.0,0.5,4.5,4.5,9.0,0.0,0.0,3.0,3.0,3.0,4.5,48.0,104.0,2002,Matt Geiger-2002,0.0,Not Selected,Center,PHI,0.03616484440706476
2001-02,Devean George,georgde01,SF,24,LAL,82,1,1759,6.4,15.5,0.41100000000000003,2.0,5.3,0.371,4.4,10.2,0.43200000000000005,2.5,3.7,0.675,2.3,6.7,9.0,3.3,2.1,1.2,2.0,5.6,17.2,105.0,101.0,2002,Devean George-2002,0.0,Not Selected,Forward,LAL,0.04878048780487805
2001-02,Eddie Gill,gilled01,PG,23,MEM,23,5,384,5.4,12.6,0.424,1.0,3.0,0.318,4.4,9.6,0.457,4.3,5.4,0.795,1.0,2.9,3.8,6.7,1.5,0.4,4.7,5.2,15.9,95.0,110.0,2002,Eddie Gill-2002,0.0,Not Selected,Guard,MEM,0.01934398654331371
2001-02,Kendall Gill,gillke01,SG,33,MIA,65,49,1410,6.3,16.4,0.384,0.2,1.7,0.136,6.1,14.7,0.413,1.6,2.4,0.677,1.1,6.0,7.2,3.9,1.7,0.3,2.1,5.5,14.5,87.0,101.0,2002,Kendall Gill-2002,0.0,Not Selected,Guard,MIA,0.030277544154751892
2001-02,Dion Glover,glovedi01,SG,23,ATL,55,25,1156,8.7,20.6,0.42100000000000004,1.4,4.1,0.33,7.3,16.5,0.444,3.5,4.7,0.757,1.6,6.0,7.6,3.8,2.0,0.6,3.4,4.0,22.2,96.0,107.0,2002,Dion Glover-2002,0.0,Not Selected,Guard,ATL,0.027754415475189236
2001-02,Steve Goodrich,goodrst01,SF,25,NJN,9,0,50,2.1,10.5,0.2,0.0,0.0,0.0,2.1,10.5,0.2,1.0,2.1,0.5,1.0,4.2,5.2,5.2,1.0,2.1,3.1,10.5,5.2,59.0,102.0,2002,Steve Goodrich-2002,0.0,Not Selected,Forward,BRK,0.04373423044575273
2001-02,Brian Grant,grantbr01,PF,29,MIA,72,72,2256,7.0,14.8,0.469,0.0,0.0,0.0,7.0,14.8,0.47,2.5,2.9,0.8490000000000001,4.1,9.9,14.0,3.3,1.2,0.8,3.0,5.7,16.4,101.0,100.0,2002,Brian Grant-2002,0.0,Not Selected,Forward,MIA,0.030277544154751892
2001-02,Horace Grant,grantho01,C,36,ORL,76,76,2210,6.2,12.0,0.513,0.0,0.0,0.0,6.2,12.0,0.513,1.9,2.6,0.721,3.7,7.5,11.2,2.4,1.3,1.1,1.2,2.8,14.2,117.0,105.0,2002,Horace Grant-2002,0.0,Not Selected,Center,ORL,0.03700588730025231
2001-02,Adrian Griffin,griffad01,SG,27,DAL,58,34,1383,6.7,13.4,0.499,0.6,2.0,0.29600000000000004,6.1,11.4,0.534,1.5,1.8,0.8370000000000001,2.5,6.0,8.6,4.0,2.8,0.4,1.6,5.3,15.5,115.0,106.0,2002,Adrian Griffin-2002,0.0,Not Selected,Guard,DAL,0.0479394449116905
2001-02,Eddie Griffin,griffed01,PF,19,HOU,73,24,1896,7.0,19.1,0.366,2.6,7.8,0.33,4.4,11.3,0.392,1.8,2.5,0.7440000000000001,3.4,8.6,11.9,1.5,0.5,3.8,1.3,3.4,18.4,101.0,107.0,2002,Eddie Griffin-2002,0.0,Not Selected,Forward,HOU,0.023549201009251473
2001-02,Tom Gugliotta,guglito01,PF,32,PHO,44,40,1129,5.9,14.0,0.42200000000000004,0.1,0.4,0.33299999999999996,5.8,13.6,0.425,1.3,1.7,0.757,2.7,7.5,10.3,3.6,1.8,1.4,2.8,5.4,13.3,92.0,103.0,2002,Tom Gugliotta-2002,0.0,Not Selected,Forward,PHO,0.030277544154751892
2001-02,A.J. Guyton,guytoaj01,PG,23,CHI,45,6,607,7.7,21.3,0.361,4.0,10.7,0.374,3.7,10.6,0.34700000000000003,1.9,2.4,0.815,1.0,2.8,3.8,7.1,0.9,0.6,3.2,2.0,21.3,97.0,112.0,2002,A.J. Guyton-2002,0.0,Not Selected,Guard,CHI,0.017661900756938603
2001-02,Darvin Ham,hamda01,SF,28,MIL,70,2,1208,5.3,9.3,0.569,0.0,0.3,0.14300000000000002,5.2,9.0,0.583,2.7,5.4,0.504,4.0,4.9,8.9,3.2,1.1,1.6,3.7,7.7,13.3,102.0,109.0,2002,Darvin Ham-2002,0.0,Not Selected,Forward,MIL,0.034482758620689655
2001-02,Richard Hamilton,hamilri01,SG,23,WAS,63,57,2203,11.6,26.7,0.435,0.4,1.0,0.381,11.2,25.7,0.43799999999999994,7.4,8.3,0.89,1.8,3.5,5.3,4.2,0.9,0.3,3.3,3.4,31.1,105.0,111.0,2002,Richard Hamilton-2002,0.0,Not Selected,Guard,WAS,0.031118587047939444
2001-02,Tang Hamilton,hamilta01,SF,23,MIA,9,2,98,5.6,10.6,0.526,0.0,0.6,0.0,5.6,10.1,0.556,0.0,0.6,0.0,3.4,6.7,10.1,2.8,2.2,0.0,1.1,5.6,11.2,110.0,100.0,2002,Tang Hamilton-2002,0.0,Not Selected,Forward,MIA,0.030277544154751892
2001-02,Zendon Hamilton,hamilze01,PF,26,DEN,54,15,848,6.5,15.3,0.42,0.0,0.0,0.0,6.5,15.3,0.42,7.4,11.3,0.652,6.9,9.0,15.8,0.9,1.3,1.1,3.8,6.5,20.3,100.0,107.0,2002,Zendon Hamilton-2002,0.0,Not Selected,Forward,DEN,0.022708158116063918
2001-02,Anfernee Hardaway,hardaan01,SG,30,PHO,80,55,2462,8.3,19.9,0.418,0.5,1.8,0.27699999999999997,7.8,18.1,0.43200000000000005,3.4,4.2,0.81,2.1,5.4,7.5,6.9,2.6,0.7,4.0,3.9,20.4,96.0,104.0,2002,Anfernee Hardaway-2002,0.0,Not Selected,Guard,PHO,0.030277544154751892
2001-02,Tim Hardaway,hardati01,PG,35,TOT,68,16,1601,7.3,20.1,0.365,4.0,11.5,0.34700000000000003,3.3,8.6,0.387,2.5,3.1,0.794,0.5,3.6,4.0,9.0,1.9,0.3,3.6,3.5,21.2,102.0,110.0,2002,Tim Hardaway-2002,0.0,Not Selected,Guard,TOT,0.03333333333333333
2001-02,Matt Harpring,harprma01,SF,25,PHI,81,81,2541,8.2,17.8,0.461,0.4,1.5,0.304,7.8,16.3,0.475,3.5,4.7,0.743,4.3,7.9,12.2,2.3,1.5,0.1,2.7,4.3,20.4,105.0,102.0,2002,Matt Harpring-2002,0.0,Not Selected,Forward,PHI,0.03616484440706476
2001-02,Al Harrington,harrial01,PF,21,IND,44,1,1313,9.1,19.2,0.475,0.0,0.1,0.33299999999999996,9.1,19.1,0.47600000000000003,4.6,5.7,0.799,3.8,7.2,11.0,2.1,1.6,0.8,3.1,6.6,22.9,103.0,104.0,2002,Al Harrington-2002,0.0,Not Selected,Forward,IND,0.03532380151387721
2001-02,Othella Harrington,harriot01,PF,28,NYK,77,4,1563,8.1,15.4,0.527,0.0,0.1,0.0,8.1,15.3,0.529,4.2,5.9,0.7090000000000001,4.3,7.7,11.9,1.3,1.0,1.2,3.3,8.6,20.4,105.0,106.0,2002,Othella Harrington-2002,0.0,Not Selected,Forward,NYK,0.025231286795626577
2001-02,Lucious Harris,harrilu01,SG,31,NJN,74,0,1553,8.4,18.1,0.46399999999999997,1.5,4.0,0.373,6.9,14.1,0.489,4.5,5.3,0.8420000000000001,1.6,5.3,7.0,3.9,1.8,0.2,2.1,3.3,22.7,113.0,102.0,2002,Lucious Harris-2002,0.0,Not Selected,Guard,BRK,0.04373423044575273
2001-02,Jason Hart,hartja01,PG,23,SAS,10,0,92,5.8,11.0,0.526,0.0,1.2,0.0,5.8,9.9,0.588,3.5,3.5,1.0,2.3,5.2,7.5,7.0,4.1,0.6,4.6,9.3,15.1,106.0,97.0,2002,Jason Hart-2002,0.0,Not Selected,Guard,SAS,0.04878048780487805
2001-02,Antonio Harvey,harvean01,PF,31,SEA,5,3,47,4.6,13.8,0.33299999999999996,0.0,0.0,0.0,4.6,13.8,0.33299999999999996,1.1,2.3,0.5,5.7,4.6,10.3,5.7,1.1,3.4,3.4,9.2,10.3,87.0,106.0,2002,Antonio Harvey-2002,0.0,Not Selected,Forward,OKC,0.03784693019343986
2001-02,Donnell Harvey,harvedo01,PF,21,TOT,47,4,841,6.8,13.6,0.498,0.0,0.0,0.0,6.8,13.6,0.498,3.4,5.7,0.6,5.0,9.2,14.3,2.3,1.3,1.5,2.1,7.2,17.0,110.0,106.0,2002,Donnell Harvey-2002,0.0,Not Selected,Forward,TOT,0.03333333333333333
2001-02,Trenton Hassell,hassetr01,SG,22,CHI,78,47,2237,6.3,14.9,0.425,1.4,3.9,0.364,4.9,11.0,0.447,2.1,2.7,0.763,1.5,4.5,6.0,4.1,1.3,1.0,2.4,4.4,16.1,99.0,110.0,2002,Trenton Hassell-2002,0.0,Not Selected,Guard,CHI,0.017661900756938603
2001-02,Kirk Haston,hastoki01,PF,22,CHH,15,0,77,7.6,27.1,0.282,0.0,2.1,0.0,7.6,25.0,0.306,2.8,5.6,0.5,3.5,10.4,13.9,3.5,0.0,0.7,2.1,6.3,18.1,75.0,105.0,2002,Kirk Haston-2002,0.0,Not Selected,Forward,CHO,0.03700588730025231
2001-02,Brendan Haywood,haywobr01,C,22,WAS,62,2,1266,4.7,9.5,0.493,0.0,0.0,0.0,4.7,9.5,0.493,4.2,6.9,0.606,6.1,7.7,13.8,1.2,0.9,3.9,2.1,6.8,13.5,112.0,104.0,2002,Brendan Haywood-2002,0.0,Not Selected,Center,WAS,0.031118587047939444
2001-02,Alan Henderson,hendeal01,PF,29,ATL,26,1,422,7.3,14.4,0.509,0.1,0.1,1.0,7.2,14.2,0.504,3.0,5.6,0.5329999999999999,3.8,8.2,12.0,1.4,1.4,1.9,2.6,5.0,17.7,102.0,105.0,2002,Alan Henderson-2002,0.0,Not Selected,Forward,ATL,0.027754415475189236
2001-02,Cedric Henderson,hendece02,SF,26,GSW,12,0,70,10.9,22.5,0.484,1.5,2.9,0.5,9.4,19.6,0.48100000000000004,2.9,5.1,0.5710000000000001,0.7,1.5,2.2,2.9,4.4,1.5,5.8,2.9,26.1,91.0,107.0,2002,Cedric Henderson-2002,0.0,Not Selected,Forward,GSW,0.017661900756938603
2001-02,Grant Hill,hillgr01,SF,29,ORL,14,14,512,8.3,19.6,0.426,0.0,0.2,0.0,8.3,19.4,0.43,6.9,8.0,0.863,2.9,9.7,12.6,6.4,0.8,0.4,3.7,4.0,23.6,105.0,106.0,2002,Grant Hill-2002,0.0,Not Selected,Forward,ORL,0.03700588730025231
2001-02,Tyrone Hill,hillty01,PF,33,CLE,26,26,810,4.7,11.9,0.39,0.0,0.1,0.0,4.7,11.9,0.392,4.4,6.8,0.65,5.2,12.8,18.0,1.5,1.1,0.9,3.2,6.7,13.7,94.0,106.0,2002,Tyrone Hill-2002,0.0,Not Selected,Forward,CLE,0.024390243902439025
2001-02,Fred Hoiberg,hoibefr01,SG,29,CHI,79,8,1408,4.6,11.0,0.41600000000000004,0.9,3.5,0.261,3.7,7.5,0.48700000000000004,3.0,3.5,0.84,0.7,7.2,7.9,5.1,2.3,0.2,1.2,3.3,13.0,112.0,107.0,2002,Fred Hoiberg-2002,0.0,Not Selected,Guard,CHI,0.017661900756938603
2001-02,Robert Horry,horryro01,PF,31,LAL,81,23,2140,4.5,11.2,0.39799999999999996,1.9,4.9,0.374,2.6,6.3,0.41600000000000004,2.6,3.4,0.7829999999999999,3.2,8.5,11.7,5.7,1.9,2.2,2.1,5.1,13.4,114.0,99.0,2002,Robert Horry-2002,0.0,Not Selected,Forward,LAL,0.04878048780487805
2001-02,Eddie House,houseed01,PG,23,MIA,64,3,1230,9.3,23.4,0.39899999999999997,2.4,7.0,0.344,6.9,16.4,0.42200000000000004,1.9,2.2,0.857,0.8,4.2,4.9,5.5,1.9,0.2,3.6,4.4,22.9,92.0,103.0,2002,Eddie House-2002,0.0,Not Selected,Guard,MIA,0.030277544154751892
2001-02,Allan Houston,houstal01,SG,30,NYK,77,77,2914,10.4,23.9,0.43700000000000006,2.5,6.4,0.39299999999999996,7.9,17.5,0.452,5.4,6.2,0.87,0.7,3.9,4.6,3.5,1.0,0.2,3.1,3.3,28.8,104.0,110.0,2002,Allan Houston-2002,0.0,Not Selected,Guard,NYK,0.025231286795626577
2001-02,Juwan Howard,howarju01,PF,28,TOT,81,72,2635,9.2,19.9,0.46,0.0,0.0,0.0,9.2,19.9,0.461,5.2,6.8,0.7609999999999999,4.4,7.7,12.1,3.3,0.9,0.9,3.0,5.3,23.5,106.0,108.0,2002,Juwan Howard-2002,0.0,Not Selected,Forward,TOT,0.03333333333333333
2001-02,Troy Hudson,hudsotr01,PG,25,ORL,81,4,1854,9.8,22.6,0.434,1.8,5.2,0.353,8.0,17.4,0.45899999999999996,4.9,5.6,0.8759999999999999,0.8,3.2,4.0,7.1,1.6,0.2,4.5,3.3,26.4,101.0,109.0,2002,Troy Hudson-2002,0.0,Not Selected,Guard,ORL,0.03700588730025231
2001-02,Larry Hughes,hughela01,SG,23,GSW,73,56,2049,8.5,20.1,0.423,0.4,2.3,0.19399999999999998,8.1,17.8,0.45299999999999996,4.7,6.4,0.737,2.1,4.0,6.1,7.8,2.8,0.6,4.2,3.7,22.2,101.0,109.0,2002,Larry Hughes-2002,0.0,Not Selected,Guard,GSW,0.017661900756938603
2001-02,Lindsey Hunter,hunteli01,PG,31,LAL,82,47,1616,6.0,15.8,0.382,2.5,6.7,0.38,3.5,9.1,0.38299999999999995,0.6,1.3,0.5,0.6,3.3,3.9,4.2,2.1,0.6,1.8,3.9,15.3,98.0,104.0,2002,Lindsey Hunter-2002,0.0,Not Selected,Guard,LAL,0.04878048780487805
2001-02,Steven Hunter,huntest01,C,20,ORL,53,21,516,6.7,14.7,0.456,0.0,0.0,0.0,6.7,14.7,0.456,5.5,9.4,0.585,4.0,5.7,9.7,0.5,0.5,4.3,1.6,8.1,18.9,106.0,105.0,2002,Steven Hunter-2002,0.0,Not Selected,Center,ORL,0.03700588730025231
2001-02,Zydrunas Ilgauskas,ilgauzy01,C,26,CLE,62,23,1329,9.6,22.7,0.425,0.0,0.2,0.0,9.6,22.5,0.429,8.3,11.0,0.754,5.4,7.9,13.4,2.8,0.7,3.4,3.8,7.5,27.6,103.0,107.0,2002,Zydrunas Ilgauskas-2002,0.0,Not Selected,Center,CLE,0.024390243902439025
2001-02,Allen Iverson,iversal01,SG,26,PHI,60,59,2622,13.7,34.4,0.39799999999999996,1.6,5.5,0.29100000000000004,12.1,28.9,0.419,9.8,12.0,0.812,0.9,4.6,5.5,6.8,3.5,0.3,4.9,2.1,38.8,101.0,100.0,2002,Allen Iverson-2002,2.0,2nd,Guard,PHI,0.03616484440706476
2001-02,Bobby Jackson,jacksbo01,PG,28,SAC,81,3,1750,9.6,21.6,0.44299999999999995,2.3,6.3,0.361,7.3,15.4,0.47700000000000004,4.3,5.3,0.81,2.4,4.9,7.2,4.7,2.1,0.3,2.7,4.2,25.7,109.0,103.0,2002,Bobby Jackson-2002,0.0,Not Selected,Guard,SAC,0.051303616484440706
2001-02,Jaren Jackson,jacksja01,SG,34,ORL,9,0,144,5.4,13.2,0.405,2.5,7.2,0.35,2.9,6.1,0.47100000000000003,0.7,1.4,0.5,0.4,5.7,6.1,2.9,1.8,0.0,2.9,4.6,13.9,91.0,107.0,2002,Jaren Jackson-2002,0.0,Not Selected,Guard,ORL,0.03700588730025231
2001-02,Jermaine Jackson,jacksje01,SG,25,TOR,24,0,280,3.9,8.1,0.47600000000000003,0.2,0.4,0.5,3.7,7.7,0.475,3.1,4.6,0.667,0.6,4.6,5.2,11.0,1.7,0.2,2.7,4.6,11.0,114.0,106.0,2002,Jermaine Jackson-2002,0.0,Not Selected,Guard,TOR,0.03532380151387721
2001-02,Jim Jackson,jacksji01,SF,31,MIA,55,19,1825,7.2,16.2,0.442,1.1,2.4,0.469,6.0,13.7,0.43799999999999994,2.3,2.6,0.862,1.6,7.1,8.7,4.2,1.3,0.4,3.2,4.4,17.7,97.0,102.0,2002,Jim Jackson-2002,0.0,Not Selected,Forward,MIA,0.030277544154751892
2001-02,Marc Jackson,jacksma02,C,27,TOT,39,0,495,6.3,17.3,0.366,0.0,0.1,0.0,6.3,17.2,0.368,7.0,8.4,0.825,5.1,8.4,13.5,1.5,1.2,0.6,3.2,7.3,19.6,100.0,107.0,2002,Marc Jackson-2002,0.0,Not Selected,Center,TOT,0.03333333333333333
2001-02,Mark Jackson,jacksma01,PG,36,NYK,82,82,2367,5.9,13.4,0.439,1.8,4.4,0.405,4.1,9.0,0.456,2.0,2.5,0.7909999999999999,1.3,5.7,7.0,13.7,1.7,0.0,3.4,3.7,15.5,113.0,107.0,2002,Mark Jackson-2002,0.0,Not Selected,Guard,NYK,0.025231286795626577
2001-02,Stephen Jackson,jacksst02,SF,23,SAS,23,1,227,8.0,21.4,0.374,2.1,8.5,0.25,5.9,12.9,0.455,2.8,4.0,0.706,0.7,5.4,6.1,2.6,3.5,0.7,5.4,6.8,20.9,80.0,98.0,2002,Stephen Jackson-2002,0.0,Not Selected,Forward,SAS,0.04878048780487805
2001-02,Jerome James,jamesje01,C,26,SEA,56,40,949,7.6,15.5,0.491,0.0,0.0,0.0,7.6,15.5,0.491,1.7,3.4,0.5,5.1,8.1,13.2,1.4,1.4,4.9,4.2,9.9,16.9,92.0,102.0,2002,Jerome James-2002,0.0,Not Selected,Center,OKC,0.03784693019343986
2001-02,Mike James,jamesmi01,PG,26,MIA,15,0,119,6.9,19.8,0.349,3.7,9.7,0.381,3.2,10.2,0.318,1.8,3.2,0.5710000000000001,0.9,5.5,6.5,8.8,2.8,0.5,6.0,7.8,19.4,86.0,99.0,2002,Mike James-2002,0.0,Not Selected,Guard,MIA,0.030277544154751892
2001-02,Tim James,jamesti01,SF,25,PHI,9,0,41,6.6,17.1,0.385,0.0,0.0,0.0,6.6,17.1,0.385,2.6,7.9,0.33299999999999996,6.6,2.6,9.2,1.3,0.0,1.3,4.0,6.6,15.8,81.0,107.0,2002,Tim James-2002,0.0,Not Selected,Forward,PHI,0.03616484440706476
2001-02,Antawn Jamison,jamisan01,SF,25,GSW,82,82,3033,10.3,23.0,0.447,1.1,3.5,0.324,9.1,19.5,0.469,5.4,7.4,0.7340000000000001,3.5,5.8,9.3,2.7,1.2,0.8,2.7,3.1,27.1,109.0,111.0,2002,Antawn Jamison-2002,0.0,Not Selected,Forward,GSW,0.017661900756938603
2001-02,Harold Jamison,jamisha01,PF,25,LAC,25,2,176,6.7,13.0,0.512,0.0,0.0,0.0,6.7,13.0,0.512,3.0,4.5,0.667,7.3,4.5,11.8,1.8,1.5,0.3,1.8,7.0,16.3,118.0,108.0,2002,Harold Jamison-2002,0.0,Not Selected,Forward,LAC,0.03280067283431455
2001-02,Richard Jefferson,jefferi01,SF,21,NJN,79,9,1917,7.4,16.1,0.457,0.4,1.5,0.23199999999999998,7.0,14.6,0.48,5.2,7.2,0.713,2.3,5.7,8.0,3.8,1.7,1.3,2.9,5.8,20.2,104.0,101.0,2002,Richard Jefferson-2002,0.0,Not Selected,Forward,BRK,0.04373423044575273
2001-02,Anthony Johnson,johnsan02,SG,27,NJN,34,0,366,5.3,12.9,0.41100000000000003,0.6,1.7,0.33299999999999996,4.7,11.1,0.423,2.3,3.6,0.64,1.4,2.7,4.1,6.9,4.4,0.1,2.9,4.3,13.4,97.0,98.0,2002,Anthony Johnson-2002,0.0,Not Selected,Guard,BRK,0.04373423044575273
2001-02,Avery Johnson,johnsav01,PG,36,TOT,68,13,1352,8.1,16.9,0.479,0.0,0.2,0.0,8.1,16.7,0.485,4.7,6.4,0.742,0.5,2.2,2.7,11.2,1.6,0.4,3.0,3.4,21.0,113.0,112.0,2002,Avery Johnson-2002,0.0,Not Selected,Guard,TOT,0.03333333333333333
2001-02,DerMarr Johnson,johnsde03,SF,21,ATL,72,46,1727,6.5,16.3,0.396,2.7,7.5,0.36,3.8,8.9,0.42700000000000005,2.6,3.2,0.81,1.8,5.7,7.5,2.5,1.9,1.7,3.1,4.9,18.2,97.0,106.0,2002,DerMarr Johnson-2002,0.0,Not Selected,Forward,ATL,0.027754415475189236
2001-02,Ervin Johnson,johnser02,C,34,MIL,81,9,1660,2.9,6.2,0.461,0.0,0.0,0.0,2.9,6.2,0.46399999999999997,1.0,2.1,0.455,4.6,10.4,14.9,0.9,1.2,2.6,1.7,7.0,6.7,101.0,104.0,2002,Ervin Johnson-2002,0.0,Not Selected,Center,MIL,0.034482758620689655
2001-02,Joe Johnson,johnsjo02,SG,20,TOT,77,60,1916,6.8,15.9,0.43,1.0,3.5,0.292,5.8,12.4,0.469,1.1,1.4,0.774,2.0,5.0,7.0,4.9,1.6,0.5,1.9,3.1,15.8,102.0,105.0,2002,Joe Johnson-2002,0.0,Not Selected,Guard,TOT,0.03333333333333333
2001-02,Alvin Jones,jonesal01,C,23,PHI,23,2,126,3.4,8.6,0.4,0.0,0.0,0.0,3.4,8.6,0.4,4.3,8.6,0.5,5.6,9.9,15.4,1.3,1.3,3.9,4.7,15.0,11.1,82.0,96.0,2002,Alvin Jones-2002,0.0,Not Selected,Center,PHI,0.03616484440706476
2001-02,Damon Jones,jonesda01,PG,25,DET,67,0,1083,5.6,14.0,0.401,3.4,9.2,0.371,2.2,4.8,0.45899999999999996,2.1,2.9,0.7290000000000001,0.6,4.4,5.1,6.9,1.1,0.0,3.0,4.1,16.7,106.0,107.0,2002,Damon Jones-2002,0.0,Not Selected,Guard,DET,0.04205214465937763
2001-02,Eddie Jones,jonesed02,SG,30,MIA,81,81,3156,9.0,20.8,0.43200000000000005,2.6,6.6,0.39,6.4,14.2,0.451,5.2,6.2,0.8370000000000001,1.1,5.5,6.6,4.6,2.0,1.3,2.6,4.5,25.7,109.0,100.0,2002,Eddie Jones-2002,0.0,Not Selected,Guard,MIA,0.030277544154751892
2001-02,Jumaine Jones,jonesju01,PF,22,CLE,81,36,2142,7.1,15.9,0.44799999999999995,1.3,4.2,0.31,5.8,11.7,0.498,1.1,1.7,0.662,3.1,9.1,12.2,2.9,1.9,1.1,2.0,4.6,16.7,104.0,106.0,2002,Jumaine Jones-2002,0.0,Not Selected,Forward,CLE,0.024390243902439025
2001-02,Popeye Jones,jonespo01,PF,31,WAS,79,40,1920,6.3,14.4,0.43700000000000006,0.1,0.3,0.364,6.2,14.1,0.439,3.0,3.7,0.815,6.6,9.8,16.4,3.6,1.4,0.5,2.5,5.9,15.7,108.0,105.0,2002,Popeye Jones-2002,0.0,Not Selected,Forward,WAS,0.031118587047939444
2001-02,Michael Jordan,jordami01,SF,38,WAS,60,53,2093,14.3,34.4,0.41600000000000004,0.3,1.4,0.18899999999999997,14.0,33.0,0.426,6.8,8.6,0.79,1.3,7.5,8.8,8.0,2.2,0.7,4.2,3.1,35.7,99.0,105.0,2002,Michael Jordan-2002,0.0,Not Selected,Forward,WAS,0.031118587047939444
2001-02,Shawn Kemp,kempsh01,PF,32,POR,75,5,1232,7.6,17.7,0.43,0.0,0.2,0.0,7.6,17.6,0.434,4.5,5.7,0.794,3.9,8.6,12.6,2.3,1.9,1.4,3.5,8.0,19.8,98.0,102.0,2002,Shawn Kemp-2002,0.0,Not Selected,Forward,POR,0.04121110176619008
2001-02,Steve Kerr,kerrst01,PG,36,POR,65,0,775,7.1,15.0,0.47,1.8,4.6,0.39399999999999996,5.3,10.5,0.503,2.7,2.8,0.975,0.4,3.7,4.2,4.4,0.9,0.1,1.7,3.4,18.6,118.0,109.0,2002,Steve Kerr-2002,0.0,Not Selected,Guard,POR,0.04121110176619008
2001-02,Jason Kidd,kiddja01,PG,28,NJN,82,82,3056,7.6,19.5,0.391,2.0,6.2,0.321,5.6,13.2,0.424,3.4,4.2,0.8140000000000001,2.2,8.0,10.2,13.8,3.0,0.3,4.9,2.3,20.7,103.0,98.0,2002,Jason Kidd-2002,1.0,1st,Guard,BRK,0.04373423044575273
2001-02,Andrei Kirilenko,kirilan01,SF,20,UTA,82,40,2151,7.0,15.7,0.45,0.6,2.5,0.25,6.4,13.2,0.488,7.0,9.2,0.768,3.7,6.3,9.9,2.3,2.9,3.9,2.7,3.9,21.8,113.0,100.0,2002,Andrei Kirilenko-2002,0.0,Not Selected,Forward,UTA,0.03700588730025231
2001-02,Kerry Kittles,kittlke01,SG,27,NJN,82,82,2601,8.8,18.9,0.466,2.0,4.9,0.405,6.8,14.0,0.48700000000000004,2.6,3.5,0.7440000000000001,1.4,4.2,5.5,4.3,2.6,0.6,2.2,2.2,22.2,109.0,101.0,2002,Kerry Kittles-2002,0.0,Not Selected,Guard,BRK,0.04373423044575273
2001-02,Brevin Knight,knighbr01,PG,26,MEM,53,11,1151,6.5,15.3,0.42200000000000004,0.1,0.4,0.25,6.4,14.9,0.426,4.0,5.3,0.757,0.5,4.5,5.0,13.8,3.6,0.3,5.1,6.2,17.0,98.0,105.0,2002,Brevin Knight-2002,0.0,Not Selected,Guard,MEM,0.01934398654331371
2001-02,Travis Knight,knightr01,C,27,NYK,49,0,429,5.1,14.1,0.363,0.0,0.0,0.0,5.1,14.1,0.363,2.0,2.6,0.762,6.0,7.0,13.0,1.0,1.4,1.2,3.4,11.8,12.2,84.0,105.0,2002,Travis Knight-2002,0.0,Not Selected,Center,NYK,0.025231286795626577
2001-02,Toni Kukoč,kukocto01,SF,33,ATL,59,9,1494,7.4,17.6,0.419,1.9,6.0,0.31,5.5,11.6,0.474,3.8,5.4,0.7120000000000001,1.5,6.1,7.6,7.3,1.7,0.6,4.0,3.2,20.4,101.0,107.0,2002,Toni Kukoč-2002,0.0,Not Selected,Forward,ATL,0.027754415475189236
2001-02,Christian Laettner,laettch01,PF,32,WAS,57,48,1441,6.3,13.7,0.46399999999999997,0.1,0.4,0.2,6.3,13.3,0.47200000000000003,2.5,2.9,0.868,2.8,8.6,11.4,5.7,2.3,0.9,3.2,4.9,15.2,103.0,104.0,2002,Christian Laettner-2002,0.0,Not Selected,Forward,WAS,0.031118587047939444
2001-02,Raef LaFrentz,lafrera01,C,25,TOT,78,76,2455,9.0,19.7,0.45799999999999996,2.2,5.7,0.38799999999999996,6.8,14.0,0.486,2.3,3.2,0.695,3.8,8.6,12.4,1.9,1.2,4.6,2.0,6.0,22.5,109.0,104.0,2002,Raef LaFrentz-2002,0.0,Not Selected,Center,TOT,0.03333333333333333
2001-02,Trajan Langdon,langdtr01,SG,25,CLE,44,0,477,7.8,19.6,0.39799999999999996,3.0,8.2,0.365,4.8,11.4,0.42200000000000004,4.7,5.1,0.9129999999999999,1.4,4.7,6.1,6.7,1.4,0.6,4.5,5.5,23.3,102.0,110.0,2002,Trajan Langdon-2002,0.0,Not Selected,Guard,CLE,0.024390243902439025
2001-02,Dan Langhi,langhda01,SF,24,HOU,34,8,434,6.1,15.7,0.392,0.1,0.5,0.25,6.0,15.2,0.397,1.0,1.4,0.727,2.8,5.6,8.4,1.8,1.0,0.6,1.1,3.1,13.4,94.0,111.0,2002,Dan Langhi-2002,0.0,Not Selected,Forward,HOU,0.023549201009251473
2001-02,Rusty LaRue,larueru01,PG,28,UTA,33,0,542,7.2,18.2,0.395,1.7,4.9,0.34,5.5,13.2,0.415,2.9,3.4,0.857,1.1,3.7,4.8,7.0,1.7,0.7,4.2,5.7,18.9,96.0,108.0,2002,Rusty LaRue-2002,0.0,Not Selected,Guard,UTA,0.03700588730025231
2001-02,Voshon Lenard,lenarvo01,SG,28,DEN,71,19,1665,10.1,24.5,0.41,2.8,7.7,0.371,7.2,16.9,0.42700000000000005,3.0,3.8,0.7829999999999999,1.2,4.6,5.8,4.1,1.9,0.8,2.9,3.4,25.9,100.0,109.0,2002,Voshon Lenard-2002,0.0,Not Selected,Guard,DEN,0.022708158116063918
2001-02,Quincy Lewis,lewisqu01,SG,24,UTA,36,19,490,6.9,15.5,0.44799999999999995,0.3,2.0,0.16699999999999998,6.6,13.6,0.488,1.4,2.2,0.65,1.1,3.6,4.7,3.9,2.5,1.0,3.5,9.7,15.6,90.0,106.0,2002,Quincy Lewis-2002,0.0,Not Selected,Guard,UTA,0.03700588730025231
2001-02,Rashard Lewis,lewisra02,SF,22,SEA,71,70,2585,9.5,20.3,0.46799999999999997,2.6,6.6,0.389,6.9,13.7,0.506,3.4,4.2,0.81,2.9,7.5,10.4,2.6,2.2,0.8,2.0,3.6,24.9,115.0,104.0,2002,Rashard Lewis-2002,0.0,Not Selected,Forward,OKC,0.03784693019343986
2001-02,Randy Livingston,livinra01,PG,26,SEA,13,0,176,4.6,16.5,0.278,0.3,2.5,0.125,4.3,14.1,0.304,3.1,3.4,0.909,2.8,4.9,7.7,8.0,2.8,0.6,0.6,3.4,12.6,100.0,105.0,2002,Randy Livingston-2002,0.0,Not Selected,Guard,OKC,0.03784693019343986
2001-02,Art Long,longar01,PF,29,SEA,63,27,989,6.5,13.3,0.49200000000000005,0.0,0.0,0.0,6.5,13.3,0.49200000000000005,2.5,4.6,0.529,5.8,7.8,13.7,2.2,1.2,1.5,3.4,9.8,15.5,100.0,105.0,2002,Art Long-2002,0.0,Not Selected,Forward,OKC,0.03784693019343986
2001-02,Grant Long,longgr01,PF,35,MEM,66,56,1868,4.6,10.9,0.426,0.1,0.5,0.17600000000000002,4.5,10.4,0.43799999999999994,2.4,3.5,0.6990000000000001,0.9,5.6,6.5,3.8,1.8,0.3,2.9,3.5,11.8,90.0,108.0,2002,Grant Long-2002,0.0,Not Selected,Forward,MEM,0.01934398654331371
2001-02,Felipe López,lopezfe01,SG,27,MIN,67,0,581,5.4,14.2,0.37799999999999995,1.3,3.0,0.424,4.1,11.2,0.366,3.4,5.0,0.6729999999999999,2.6,4.7,7.3,3.6,1.6,0.1,3.3,6.7,15.4,95.0,107.0,2002,Felipe López-2002,0.0,Not Selected,Guard,MIN,0.04205214465937763
2001-02,Tyronn Lue,luety01,PG,24,WAS,71,0,1458,8.3,19.4,0.42700000000000005,2.3,5.3,0.447,5.9,14.1,0.42,1.8,2.3,0.762,0.5,4.0,4.5,9.2,1.8,0.0,3.6,4.5,20.7,103.0,109.0,2002,Tyronn Lue-2002,0.0,Not Selected,Guard,WAS,0.031118587047939444
2001-02,George Lynch,lynchge01,SF,31,CHH,45,18,893,4.4,11.9,0.369,0.1,0.4,0.16699999999999998,4.3,11.5,0.375,1.5,2.4,0.625,4.2,7.0,11.2,3.2,2.4,0.8,2.5,4.5,10.3,90.0,102.0,2002,George Lynch-2002,0.0,Not Selected,Forward,CHO,0.03700588730025231
2001-02,Todd MacCulloch,maccuto01,C,26,NJN,62,61,1502,8.6,16.2,0.531,0.0,0.0,0.0,8.6,16.2,0.531,3.8,5.7,0.6709999999999999,5.5,7.7,13.2,2.7,0.8,3.1,2.3,6.3,21.0,114.0,99.0,2002,Todd MacCulloch-2002,0.0,Not Selected,Center,BRK,0.04373423044575273
2001-02,Sam Mack,macksa01,SF,31,MIA,12,1,159,4.8,16.9,0.28600000000000003,2.4,9.7,0.25,2.4,7.3,0.33299999999999996,1.7,2.4,0.7140000000000001,0.7,4.1,4.8,1.4,1.7,0.3,2.4,5.9,13.8,76.0,103.0,2002,Sam Mack-2002,0.0,Not Selected,Forward,MIA,0.030277544154751892
2001-02,Mark Madsen,madsema01,PF,26,LAL,59,5,650,5.3,11.7,0.452,0.0,0.2,0.0,5.3,11.5,0.45799999999999996,2.8,4.3,0.648,7.1,5.9,13.0,3.5,1.3,1.0,1.8,8.3,13.4,116.0,104.0,2002,Mark Madsen-2002,0.0,Not Selected,Forward,LAL,0.04878048780487805
2001-02,Corey Maggette,maggeco01,SG,22,LAC,63,52,1615,7.8,17.5,0.44299999999999995,1.5,4.6,0.331,6.2,12.9,0.483,6.6,8.3,0.8009999999999999,1.8,5.8,7.6,3.7,1.4,0.6,3.8,5.1,23.7,107.0,108.0,2002,Corey Maggette-2002,0.0,Not Selected,Guard,LAC,0.03280067283431455
2001-02,Jamaal Magloire,magloja01,C,23,CHH,82,8,1549,7.9,14.3,0.551,0.0,0.0,0.0,7.9,14.3,0.552,8.4,11.5,0.73,5.3,10.6,15.9,1.1,0.9,3.0,4.1,6.9,24.2,114.0,101.0,2002,Jamaal Magloire-2002,0.0,Not Selected,Center,CHO,0.03700588730025231
2001-02,Dan Majerle,majerda01,SG,36,PHO,65,1,1180,4.4,12.9,0.34299999999999997,3.5,10.5,0.336,0.9,2.4,0.37,1.0,1.7,0.59,1.2,6.6,7.8,4.0,2.1,0.7,1.6,4.6,13.3,105.0,104.0,2002,Dan Majerle-2002,0.0,Not Selected,Guard,PHO,0.030277544154751892
2001-02,Karl Malone,malonka01,PF,38,UTA,80,80,3040,11.1,24.5,0.45399999999999996,0.2,0.4,0.36,11.0,24.0,0.456,8.9,11.2,0.797,2.5,9.5,12.0,6.0,2.7,1.0,4.6,4.0,31.3,107.0,101.0,2002,Karl Malone-2002,0.0,Not Selected,Forward,UTA,0.03700588730025231
2001-02,Danny Manning,mannida01,PF,35,DAL,41,10,552,6.7,14.0,0.47700000000000004,0.1,0.7,0.14300000000000002,6.6,13.3,0.493,2.1,3.1,0.667,2.3,7.8,10.1,2.8,2.0,2.0,2.3,7.5,15.5,101.0,105.0,2002,Danny Manning-2002,0.0,Not Selected,Forward,DAL,0.0479394449116905
2001-02,Stephon Marbury,marbust01,PG,24,PHO,82,80,3187,10.3,23.3,0.442,1.2,4.1,0.28600000000000003,9.1,19.2,0.47600000000000003,5.8,7.4,0.7809999999999999,1.2,3.1,4.4,11.0,1.3,0.2,4.7,3.1,27.6,106.0,109.0,2002,Stephon Marbury-2002,0.0,Not Selected,Guard,PHO,0.030277544154751892
2001-02,Shawn Marion,mariosh01,SF,23,PHO,81,81,3109,11.0,23.6,0.469,0.8,2.1,0.39299999999999996,10.2,21.5,0.47600000000000003,3.2,3.8,0.845,3.6,10.0,13.6,2.7,2.5,1.5,2.4,3.6,26.1,107.0,100.0,2002,Shawn Marion-2002,0.0,Not Selected,Forward,PHO,0.030277544154751892
2001-02,Sean Marks,marksse01,C,26,MIA,21,6,319,6.5,15.1,0.43200000000000005,0.0,0.0,0.0,6.5,15.1,0.43200000000000005,3.4,5.9,0.588,3.3,9.6,12.9,1.4,0.9,1.7,3.3,6.9,16.5,89.0,99.0,2002,Sean Marks-2002,0.0,Not Selected,Center,MIA,0.030277544154751892
2001-02,Donny Marshall,marshdo02,SF,29,NJN,20,0,118,3.5,12.9,0.276,0.9,1.8,0.5,2.7,11.1,0.24,5.3,8.0,0.667,3.5,5.8,9.3,2.2,1.3,0.0,0.9,6.2,13.3,100.0,103.0,2002,Donny Marshall-2002,0.0,Not Selected,Forward,BRK,0.04373423044575273
2001-02,Donyell Marshall,marshdo01,SF,28,UTA,58,42,1750,10.4,20.1,0.519,0.4,1.3,0.31,10.0,18.8,0.5329999999999999,4.9,6.9,0.708,4.8,8.7,13.5,3.1,1.5,2.0,3.8,4.6,26.1,109.0,103.0,2002,Donyell Marshall-2002,0.0,Not Selected,Forward,UTA,0.03700588730025231
2001-02,Darrick Martin,martida01,PG,30,DAL,3,0,22,0.0,23.5,0.0,0.0,4.7,0.0,0.0,18.8,0.0,2.4,4.7,0.5,0.0,2.4,2.4,7.1,4.7,0.0,2.4,9.4,2.4,26.0,105.0,2002,Darrick Martin-2002,0.0,Not Selected,Guard,DAL,0.0479394449116905
2001-02,Kenyon Martin,martike01,PF,24,NJN,73,73,2504,9.3,20.1,0.46299999999999997,0.3,1.4,0.22399999999999998,9.0,18.7,0.48,3.8,5.6,0.6779999999999999,2.4,5.7,8.1,4.0,1.9,2.5,3.6,5.5,22.7,98.0,99.0,2002,Kenyon Martin-2002,0.0,Not Selected,Forward,BRK,0.04373423044575273
2001-02,Jamal Mashburn,mashbja01,SF,29,CHH,40,40,1601,10.1,24.9,0.40700000000000003,1.4,3.7,0.366,8.8,21.1,0.415,7.1,8.1,0.8759999999999999,1.0,7.1,8.1,5.7,1.5,0.2,3.7,2.7,28.7,103.0,105.0,2002,Jamal Mashburn-2002,0.0,Not Selected,Forward,CHO,0.03700588730025231
2001-02,Anthony Mason,masonan01,PF,35,MIL,82,82,3143,5.3,10.6,0.505,0.0,0.0,1.0,5.3,10.6,0.504,2.6,3.7,0.6970000000000001,2.1,8.8,10.9,5.9,1.0,0.4,2.2,3.2,13.3,113.0,108.0,2002,Anthony Mason-2002,0.0,Not Selected,Forward,MIL,0.034482758620689655
2001-02,Desmond Mason,masonde01,SF,24,SEA,75,20,2420,8.0,17.1,0.46399999999999997,0.4,1.3,0.271,7.6,15.8,0.48,4.5,5.3,0.848,2.0,5.8,7.8,2.3,1.5,0.6,2.3,3.8,20.7,108.0,107.0,2002,Desmond Mason-2002,0.0,Not Selected,Forward,OKC,0.03784693019343986
2001-02,Tony Massenburg,masseto01,PF,34,MEM,73,31,1247,6.7,14.7,0.456,0.0,0.0,1.0,6.7,14.7,0.45399999999999996,3.5,4.9,0.718,4.2,9.5,13.7,1.1,1.3,1.3,2.7,7.4,17.0,99.0,105.0,2002,Tony Massenburg-2002,0.0,Not Selected,Forward,MEM,0.01934398654331371
2001-02,Walter McCarty,mccarwa01,PF,27,BOS,56,0,718,5.8,13.0,0.444,2.8,7.2,0.39399999999999996,3.0,5.9,0.506,0.9,1.4,0.684,2.3,6.9,9.3,3.0,1.3,0.5,1.6,6.0,15.3,112.0,103.0,2002,Walter McCarty-2002,0.0,Not Selected,Forward,BOS,0.04121110176619008
2001-02,Amal McCaskill,mccasam01,C,28,SAS,27,0,153,7.0,17.1,0.408,0.0,0.0,0.0,7.0,17.1,0.408,4.2,9.1,0.462,5.6,7.0,12.5,1.4,2.1,3.5,4.9,8.0,18.1,84.0,97.0,2002,Amal McCaskill-2002,0.0,Not Selected,Center,SAS,0.04878048780487805
2001-02,George McCloud,mccloge01,SF,34,DEN,69,26,1830,6.0,16.7,0.358,1.7,6.4,0.27,4.2,10.3,0.41200000000000003,3.8,4.7,0.81,1.9,5.3,7.3,5.9,1.7,0.6,4.2,5.1,17.5,93.0,109.0,2002,George McCloud-2002,0.0,Not Selected,Forward,DEN,0.022708158116063918
2001-02,Jelani McCoy,mccoyje01,C,24,LAL,21,0,104,6.0,10.5,0.5710000000000001,0.0,0.0,0.0,6.0,10.5,0.5710000000000001,1.0,4.0,0.25,4.0,8.5,12.5,3.5,0.0,2.5,4.0,7.0,13.0,94.0,103.0,2002,Jelani McCoy-2002,0.0,Not Selected,Center,LAL,0.04878048780487805
2001-02,Antonio McDyess,mcdyean01,PF,27,DEN,10,10,236,9.7,16.9,0.573,0.0,0.0,0.0,9.7,16.9,0.573,6.1,7.4,0.818,4.1,8.3,12.4,4.1,2.3,1.8,4.5,4.5,25.4,113.0,105.0,2002,Antonio McDyess-2002,0.0,Not Selected,Forward,DEN,0.022708158116063918
2001-02,Tracy McGrady,mcgratr01,SG,22,ORL,76,76,2912,12.6,28.1,0.451,1.8,5.0,0.364,10.8,23.0,0.47,7.3,9.8,0.748,2.7,7.9,10.6,7.1,2.1,1.3,3.3,2.5,34.5,111.0,103.0,2002,Tracy McGrady-2002,1.0,1st,Forward,ORL,0.03700588730025231
2001-02,Jeff McInnis,mcinnje01,PG,27,LAC,81,80,3030,8.1,19.7,0.413,1.3,4.1,0.321,6.8,15.6,0.43700000000000006,3.2,3.9,0.836,0.8,3.0,3.7,8.8,1.1,0.1,2.6,3.6,20.8,107.0,111.0,2002,Jeff McInnis-2002,0.0,Not Selected,Guard,LAC,0.03280067283431455
2001-02,Derrick McKey,mckeyde01,SF,35,PHI,41,1,784,3.6,8.4,0.426,0.3,0.8,0.41700000000000004,3.2,7.6,0.42700000000000005,0.7,1.0,0.7140000000000001,3.3,5.4,8.7,3.1,2.8,0.3,1.5,6.2,8.2,104.0,100.0,2002,Derrick McKey-2002,0.0,Not Selected,Forward,PHI,0.03616484440706476
2001-02,Aaron McKie,mckieaa01,SG,29,PHI,48,16,1471,8.1,18.0,0.449,1.9,4.7,0.39799999999999996,6.2,13.3,0.467,3.5,4.5,0.787,1.0,6.1,7.0,6.6,2.1,0.5,3.4,2.7,21.6,106.0,101.0,2002,Aaron McKie-2002,0.0,Not Selected,Guard,PHI,0.03616484440706476
2001-02,Stanislav Medvedenko,medvest01,C,22,LAL,71,6,729,10.4,21.7,0.47700000000000004,0.0,0.3,0.0,10.4,21.4,0.483,2.9,4.4,0.6609999999999999,6.1,5.2,11.3,3.1,2.1,0.8,3.0,8.5,23.7,104.0,103.0,2002,Stanislav Medvedenko-2002,0.0,Not Selected,Center,LAL,0.04878048780487805
2001-02,Ron Mercer,mercero01,SG,25,TOT,53,41,1716,9.6,24.2,0.397,0.6,1.9,0.29,9.0,22.3,0.406,2.9,3.7,0.7979999999999999,1.5,3.9,5.5,3.9,1.0,0.4,2.7,3.3,22.7,90.0,111.0,2002,Ron Mercer-2002,0.0,Not Selected,Guard,TOT,0.03333333333333333
2001-02,Chris Mihm,mihmch01,C,22,CLE,74,60,1659,7.1,16.9,0.42,0.1,0.2,0.429,7.0,16.6,0.42,4.0,5.7,0.693,4.3,8.3,12.6,0.8,0.6,2.9,3.1,8.3,18.2,94.0,107.0,2002,Chris Mihm-2002,0.0,Not Selected,Center,CLE,0.024390243902439025
2001-02,Darius Miles,milesda01,SF,20,LAC,82,6,2227,7.4,15.4,0.48100000000000004,0.1,0.5,0.158,7.3,14.9,0.491,3.8,6.1,0.62,2.6,8.2,10.8,4.4,1.7,2.5,3.8,4.4,18.6,99.0,104.0,2002,Darius Miles-2002,0.0,Not Selected,Forward,LAC,0.03280067283431455
2001-02,Andre Miller,millean02,PG,25,CLE,81,81,3023,8.3,18.4,0.45399999999999996,0.4,1.5,0.253,7.9,16.8,0.47200000000000003,6.4,7.9,0.8170000000000001,1.9,4.8,6.7,15.5,2.2,0.6,4.3,4.0,23.5,115.0,109.0,2002,Andre Miller-2002,0.0,Not Selected,Guard,CLE,0.024390243902439025
2001-02,Brad Miller,millebr01,C,25,TOT,76,75,2263,8.5,17.1,0.499,0.1,0.2,0.429,8.5,16.9,0.5,6.9,8.9,0.775,5.9,8.6,14.5,3.5,1.8,1.0,2.7,5.7,24.0,117.0,105.0,2002,Brad Miller-2002,0.0,Not Selected,Center,TOT,0.03333333333333333
2001-02,Mike Miller,millemi01,SF,21,ORL,63,53,2123,8.5,19.5,0.43799999999999994,2.8,7.4,0.38299999999999995,5.7,12.1,0.47100000000000003,3.3,4.4,0.762,1.2,5.4,6.6,4.8,1.1,0.6,2.6,3.5,23.2,108.0,108.0,2002,Mike Miller-2002,0.0,Not Selected,Forward,ORL,0.03700588730025231
2001-02,Reggie Miller,millere01,SG,36,IND,79,79,2889,7.5,16.5,0.45299999999999996,3.3,8.0,0.406,4.2,8.5,0.498,5.3,5.9,0.9109999999999999,0.4,3.5,4.0,4.6,1.6,0.2,2.2,2.6,23.6,121.0,108.0,2002,Reggie Miller-2002,0.0,Not Selected,Guard,IND,0.03532380151387721
2001-02,Chris Mills,millsch01,SF,32,GSW,66,0,1237,7.3,17.5,0.41700000000000004,2.0,5.2,0.37799999999999995,5.3,12.3,0.433,3.5,4.4,0.794,2.1,5.7,7.8,3.0,1.3,0.5,2.3,4.9,20.1,108.0,111.0,2002,Chris Mills-2002,0.0,Not Selected,Forward,GSW,0.017661900756938603
2001-02,Sam Mitchell,mitchsa01,SF,38,MIN,74,10,726,7.2,16.6,0.43200000000000005,0.7,2.6,0.28600000000000003,6.4,14.0,0.45799999999999996,2.8,3.6,0.7759999999999999,1.3,4.7,6.0,3.3,0.9,0.3,1.9,5.8,17.8,103.0,109.0,2002,Sam Mitchell-2002,0.0,Not Selected,Forward,MIN,0.04205214465937763
2001-02,Cuttino Mobley,moblecu01,SG,26,HOU,74,74,3116,10.4,23.7,0.43799999999999994,2.6,6.6,0.395,7.8,17.1,0.455,4.7,5.5,0.85,1.1,4.1,5.2,3.3,1.9,0.6,3.1,3.3,28.0,106.0,110.0,2002,Cuttino Mobley-2002,0.0,Not Selected,Guard,HOU,0.023549201009251473
2001-02,Nazr Mohammed,mohamna01,C,24,ATL,82,73,2168,7.9,17.2,0.461,0.0,0.0,0.0,7.9,17.2,0.462,3.3,5.3,0.617,5.8,9.9,15.7,0.8,1.5,1.5,2.8,6.1,19.2,100.0,104.0,2002,Nazr Mohammed-2002,0.0,Not Selected,Center,ATL,0.027754415475189236
2001-02,Jérôme Moïso,moisoje01,C,23,CHH,15,0,76,5.6,14.1,0.4,0.0,0.0,0.0,5.6,14.1,0.4,0.0,0.0,0.0,2.8,14.8,17.6,2.8,2.1,1.4,5.6,8.5,11.3,69.0,97.0,2002,Jérôme Moïso-2002,0.0,Not Selected,Center,CHO,0.03700588730025231
2001-02,Eric Montross,montrer01,C,30,TOR,49,24,655,4.4,10.9,0.402,0.0,0.1,0.0,4.4,10.8,0.405,0.8,2.6,0.32299999999999995,3.0,8.6,11.6,1.3,1.0,1.9,2.1,7.6,9.6,83.0,103.0,2002,Eric Montross-2002,0.0,Not Selected,Center,TOR,0.03532380151387721
2001-02,Mikki Moore,mooremi01,C,26,DET,30,0,217,7.1,15.0,0.475,0.2,0.5,0.5,6.9,14.5,0.475,4.9,6.4,0.769,5.4,7.6,13.0,2.7,1.7,2.2,3.4,8.6,19.4,107.0,101.0,2002,Mikki Moore-2002,0.0,Not Selected,Center,DET,0.04205214465937763
2001-02,Terence Morris,morrite01,SF,23,HOU,68,12,1110,5.4,14.2,0.384,0.7,3.8,0.192,4.7,10.3,0.455,0.9,1.4,0.643,3.8,6.6,10.3,3.1,1.0,1.3,2.2,3.5,12.5,94.0,110.0,2002,Terence Morris-2002,0.0,Not Selected,Forward,HOU,0.023549201009251473
2001-02,Hanno Möttölä,mottoha01,C,25,ATL,82,14,1371,6.4,14.6,0.44,0.0,0.5,0.077,6.4,14.1,0.45299999999999996,2.2,2.9,0.75,3.1,7.1,10.2,1.9,0.8,0.7,2.7,6.6,15.1,94.0,108.0,2002,Hanno Möttölä-2002,0.0,Not Selected,Center,ATL,0.027754415475189236
2001-02,Alonzo Mourning,mournal01,C,31,MIA,75,74,2455,10.0,19.4,0.516,0.0,0.1,0.33299999999999996,10.0,19.3,0.517,6.3,9.6,0.657,4.1,10.1,14.1,1.9,0.6,4.2,4.1,5.8,26.3,104.0,97.0,2002,Alonzo Mourning-2002,0.0,Not Selected,Center,MIA,0.030277544154751892
2001-02,Troy Murphy,murphtr01,PF,21,GSW,82,4,1448,6.2,14.8,0.42100000000000004,0.1,0.3,0.33299999999999996,6.1,14.5,0.423,4.2,5.5,0.7759999999999999,3.5,7.8,11.3,2.5,1.3,0.7,2.9,7.6,16.8,101.0,109.0,2002,Troy Murphy-2002,0.0,Not Selected,Forward,GSW,0.017661900756938603
2001-02,Lamond Murray,murrala01,SF,28,CLE,71,68,2312,9.9,22.7,0.436,2.3,5.5,0.424,7.6,17.2,0.44,4.9,6.0,0.8170000000000001,1.9,6.7,8.6,3.6,1.6,1.0,3.2,3.4,27.0,105.0,109.0,2002,Lamond Murray-2002,0.0,Not Selected,Forward,CLE,0.024390243902439025
2001-02,Tracy Murray,murratr01,SF,30,TOR,40,3,473,9.7,23.7,0.41100000000000003,4.6,11.9,0.385,5.1,11.8,0.43700000000000006,1.9,2.4,0.81,2.1,4.0,6.1,2.2,1.3,0.9,2.9,4.3,26.0,103.0,107.0,2002,Tracy Murray-2002,0.0,Not Selected,Forward,TOR,0.03532380151387721
2001-02,Dikembe Mutombo,mutomdi01,C,35,PHI,80,80,2907,6.0,11.9,0.501,0.0,0.0,0.0,6.0,11.9,0.501,5.2,6.8,0.764,4.7,11.3,16.0,1.5,0.5,3.5,2.9,4.5,17.1,111.0,98.0,2002,Dikembe Mutombo-2002,3.0,3rd,Center,PHI,0.03616484440706476
2001-02,Mamadou N'Diaye,ndiayma02,C,26,TOR,5,0,46,7.1,11.8,0.6,0.0,0.0,0.0,7.1,11.8,0.6,9.4,11.8,0.8,7.1,5.9,12.9,0.0,0.0,2.4,1.2,7.1,23.5,145.0,106.0,2002,Mamadou N'Diaye-2002,0.0,Not Selected,Center,TOR,0.03532380151387721
2001-02,Lee Nailon,nailole01,SF,26,CHH,79,41,1912,10.3,21.4,0.483,0.0,0.1,0.5,10.3,21.3,0.483,3.1,4.2,0.747,2.9,5.3,8.1,2.6,1.7,0.5,2.7,4.9,23.8,103.0,106.0,2002,Lee Nailon-2002,0.0,Not Selected,Forward,CHO,0.03700588730025231
2001-02,Eduardo Nájera,najered01,PF,25,DAL,62,11,1357,5.7,11.4,0.5,0.0,0.1,0.0,5.7,11.4,0.503,3.8,5.6,0.6759999999999999,5.7,7.4,13.0,1.4,2.1,1.1,1.5,5.9,15.2,119.0,106.0,2002,Eduardo Nájera-2002,0.0,Not Selected,Forward,DAL,0.0479394449116905
2001-02,Steve Nash,nashst01,PG,27,DAL,82,82,2837,9.6,19.8,0.483,2.8,6.3,0.455,6.7,13.6,0.495,4.7,5.3,0.887,0.9,3.7,4.6,11.6,1.0,0.1,4.2,3.0,26.7,118.0,112.0,2002,Steve Nash-2002,3.0,3rd,Guard,DAL,0.0479394449116905
2001-02,Tyrone Nesby,nesbyty01,SF,26,WAS,70,9,1498,6.6,15.3,0.435,0.5,1.7,0.27699999999999997,6.2,13.6,0.455,2.3,3.4,0.688,3.8,7.7,11.5,3.3,2.2,0.8,1.8,5.9,16.1,105.0,104.0,2002,Tyrone Nesby-2002,0.0,Not Selected,Forward,WAS,0.031118587047939444
2001-02,Rasho Nesterović,nestera01,C,25,MIN,82,82,2218,7.7,15.7,0.493,0.0,0.0,0.0,7.7,15.7,0.494,0.9,1.7,0.5489999999999999,4.8,8.0,12.8,1.8,1.1,2.6,2.2,6.3,16.4,104.0,104.0,2002,Rasho Nesterović-2002,0.0,Not Selected,Center,MIN,0.04205214465937763
2001-02,Ira Newble,newblir01,SF,27,ATL,42,35,1273,5.4,10.8,0.498,0.0,0.3,0.14300000000000002,5.3,10.5,0.508,3.1,3.6,0.852,3.3,5.8,9.1,1.8,1.6,0.8,2.0,4.8,13.9,111.0,107.0,2002,Ira Newble-2002,0.0,Not Selected,Forward,ATL,0.027754415475189236
2001-02,Johnny Newman,newmajo01,SF,38,DAL,47,17,724,4.8,10.6,0.45299999999999996,1.6,4.1,0.386,3.2,6.5,0.495,3.0,4.1,0.7240000000000001,0.6,2.9,3.5,1.0,2.1,0.3,1.5,6.3,14.1,109.0,110.0,2002,Johnny Newman-2002,0.0,Not Selected,Forward,DAL,0.0479394449116905
2001-02,Moochie Norris,norrimo01,PG,28,HOU,82,26,2249,6.1,15.3,0.39799999999999996,0.9,3.2,0.26899999999999996,5.2,12.0,0.433,3.1,4.1,0.7509999999999999,1.8,4.2,6.0,9.8,2.0,0.1,3.8,3.1,16.1,101.0,111.0,2002,Moochie Norris-2002,0.0,Not Selected,Guard,HOU,0.023549201009251473
2001-02,Dirk Nowitzki,nowitdi01,C,23,DAL,76,76,2891,10.7,22.5,0.47700000000000004,2.5,6.3,0.397,8.2,16.2,0.508,7.9,9.2,0.853,2.1,11.4,13.5,3.3,1.5,1.4,2.6,4.0,31.8,120.0,104.0,2002,Dirk Nowitzki-2002,2.0,2nd,Center,DAL,0.0479394449116905
2001-02,Jermaine O'Neal,onealje01,PF,23,IND,72,72,2707,10.5,21.9,0.479,0.0,0.3,0.071,10.5,21.6,0.484,5.5,8.0,0.688,3.6,11.0,14.6,2.3,0.9,3.2,3.4,5.2,26.4,102.0,101.0,2002,Jermaine O'Neal-2002,3.0,3rd,Forward,IND,0.03532380151387721
2001-02,Shaquille O'Neal,onealsh01,C,29,LAL,67,66,2422,15.3,26.4,0.579,0.0,0.0,0.0,15.3,26.4,0.58,8.6,15.4,0.555,5.1,10.3,15.4,4.3,0.9,2.9,3.7,4.3,39.2,116.0,99.0,2002,Shaquille O'Neal-2002,1.0,1st,Center,LAL,0.04878048780487805
2001-02,Charles Oakley,oaklech01,PF,38,CHI,57,36,1383,3.7,10.1,0.369,0.0,0.2,0.16699999999999998,3.7,9.9,0.374,0.8,1.1,0.75,2.8,10.4,13.1,4.4,1.9,0.4,3.3,6.7,8.3,80.0,105.0,2002,Charles Oakley-2002,0.0,Not Selected,Forward,CHI,0.017661900756938603
2001-02,Lamar Odom,odomla01,SF,22,LAC,29,25,999,8.1,19.2,0.419,0.9,4.5,0.19,7.2,14.7,0.489,3.3,5.0,0.6559999999999999,1.7,7.7,9.4,9.1,1.2,1.9,5.2,4.9,20.2,94.0,105.0,2002,Lamar Odom-2002,0.0,Not Selected,Forward,LAC,0.03280067283431455
2001-02,Hakeem Olajuwon,olajuha01,C,39,TOR,61,37,1378,7.6,16.4,0.46399999999999997,0.0,0.1,0.0,7.6,16.3,0.466,1.8,3.3,0.56,3.8,10.5,14.4,2.6,2.9,3.5,3.8,5.8,17.1,91.0,96.0,2002,Hakeem Olajuwon-2002,0.0,Not Selected,Center,TOR,0.03532380151387721
2001-02,Dean Oliver,olivede01,PG,23,GSW,20,0,139,6.2,16.8,0.37,0.7,4.7,0.154,5.5,12.1,0.455,2.2,3.3,0.667,0.0,2.9,2.9,7.7,1.1,0.0,4.0,5.8,15.3,88.0,114.0,2002,Dean Oliver-2002,0.0,Not Selected,Guard,GSW,0.017661900756938603
2001-02,Kevin Ollie,ollieke01,PG,29,TOT,81,17,1723,4.2,10.8,0.38799999999999996,0.0,0.1,0.5,4.2,10.7,0.387,5.7,6.9,0.8240000000000001,0.8,4.9,5.6,8.9,1.9,0.1,3.2,3.0,14.1,104.0,108.0,2002,Kevin Ollie-2002,0.0,Not Selected,Guard,TOT,0.03333333333333333
2001-02,Michael Olowokandi,olowomi01,C,26,LAC,80,79,2568,8.0,18.4,0.433,0.0,0.0,0.0,8.0,18.4,0.433,2.4,3.9,0.622,3.4,11.3,14.8,1.9,1.1,3.0,3.6,4.5,18.4,90.0,102.0,2002,Michael Olowokandi-2002,0.0,Not Selected,Center,LAC,0.03280067283431455
2001-02,Greg Ostertag,ostergr01,C,28,UTA,74,14,1107,4.4,9.7,0.45299999999999996,0.0,0.0,0.0,4.4,9.7,0.45299999999999996,3.0,6.2,0.485,6.0,9.0,15.0,2.4,0.7,5.2,2.5,7.3,11.8,102.0,102.0,2002,Greg Ostertag-2002,0.0,Not Selected,Center,UTA,0.03700588730025231
2001-02,Bo Outlaw,outlabo01,PF,30,TOT,83,36,1928,4.5,8.1,0.555,0.0,0.1,0.5,4.5,8.1,0.556,1.2,2.8,0.42200000000000004,4.0,5.9,9.9,3.5,1.9,2.5,2.6,5.6,10.2,104.0,103.0,2002,Bo Outlaw-2002,0.0,Not Selected,Forward,TOT,0.03333333333333333
2001-02,Doug Overton,overtdo01,PG,32,LAC,18,0,130,5.7,18.0,0.318,2.9,11.1,0.259,2.9,7.0,0.41200000000000003,1.6,2.9,0.5710000000000001,0.4,4.5,4.9,5.3,1.2,0.4,4.9,4.1,16.0,80.0,109.0,2002,Doug Overton-2002,0.0,Not Selected,Guard,LAC,0.03280067283431455
2001-02,Olumide Oyedeji,oyedeol01,C,20,SEA,36,1,221,5.4,10.0,0.537,0.0,0.0,0.0,5.4,10.0,0.537,2.7,4.4,0.611,6.6,12.7,19.3,1.0,1.0,0.5,3.4,8.8,13.4,105.0,103.0,2002,Olumide Oyedeji-2002,0.0,Not Selected,Center,OKC,0.03784693019343986
2001-02,Robert Pack,packro01,PG,32,MIN,16,0,252,5.3,14.3,0.368,0.2,0.8,0.25,5.0,13.5,0.375,2.3,3.2,0.733,1.5,3.4,4.8,10.3,2.7,0.0,4.2,6.7,13.0,92.0,106.0,2002,Robert Pack-2002,0.0,Not Selected,Guard,MIN,0.04205214465937763
2001-02,Scott Padgett,padgesc01,PF,25,UTA,75,1,1295,7.7,16.2,0.47600000000000003,2.0,4.6,0.434,5.7,11.6,0.493,3.1,4.2,0.735,4.6,7.1,11.7,3.4,1.8,0.5,2.8,5.7,20.5,113.0,105.0,2002,Scott Padgett-2002,0.0,Not Selected,Forward,UTA,0.03700588730025231
2001-02,Milt Palacio,palacmi01,PG-SG,23,TOT,69,1,790,5.4,14.1,0.38299999999999995,0.9,2.7,0.317,4.6,11.4,0.39899999999999997,3.6,4.9,0.73,0.7,4.1,4.8,5.5,2.0,0.3,2.6,4.0,15.2,97.0,105.0,2002,Milt Palacio-2002,0.0,Not Selected,Guard,TOT,0.03333333333333333
2001-02,Tony Parker,parketo01,PG,19,SAS,77,72,2267,6.3,15.0,0.419,1.4,4.4,0.32299999999999995,4.9,10.6,0.46,2.5,3.8,0.675,0.8,3.9,4.6,7.9,2.1,0.2,3.6,3.9,16.6,99.0,103.0,2002,Tony Parker-2002,0.0,Not Selected,Guard,SAS,0.04878048780487805
2001-02,Cherokee Parks,parksch02,C,29,SAS,42,1,234,6.8,18.9,0.361,0.0,0.0,0.0,6.8,18.9,0.361,0.7,1.8,0.375,5.5,7.7,13.2,2.3,1.6,1.8,3.2,7.7,14.4,82.0,99.0,2002,Cherokee Parks-2002,0.0,Not Selected,Center,SAS,0.04878048780487805
2001-02,Ruben Patterson,patteru01,SF,26,POR,75,13,1765,9.7,18.8,0.515,0.3,1.1,0.25,9.4,17.7,0.532,5.8,8.3,0.701,4.7,4.4,9.1,3.3,2.4,1.1,3.5,4.3,25.5,112.0,104.0,2002,Ruben Patterson-2002,0.0,Not Selected,Forward,POR,0.04121110176619008
2001-02,Gary Payton,paytoga01,PG,33,SEA,82,82,3301,12.0,25.8,0.467,1.2,3.9,0.314,10.8,21.9,0.494,4.4,5.5,0.797,1.3,5.2,6.5,12.0,2.1,0.4,3.4,2.9,29.6,114.0,107.0,2002,Gary Payton-2002,2.0,2nd,Guard,OKC,0.03784693019343986
2001-02,Anthony Peeler,peelean01,SG,32,MIN,82,0,2060,7.4,17.6,0.42100000000000004,2.9,7.3,0.392,4.6,10.3,0.441,1.3,1.5,0.862,1.0,4.4,5.3,4.6,1.6,0.3,2.0,3.5,19.0,108.0,108.0,2002,Anthony Peeler-2002,0.0,Not Selected,Guard,MIN,0.04205214465937763
2001-02,Mike Penberthy,penbemi01,PG,27,LAL,3,0,12,4.3,8.7,0.5,0.0,0.0,0.0,4.3,8.7,0.5,13.0,17.4,0.75,0.0,8.7,8.7,8.7,8.7,0.0,0.0,0.0,21.7,156.0,87.0,2002,Mike Penberthy-2002,0.0,Not Selected,Guard,LAL,0.04878048780487805
2001-02,Elliot Perry,perryel01,PG,32,MEM,2,0,48,5.5,11.0,0.5,0.0,0.0,0.0,5.5,11.0,0.5,1.1,2.2,0.5,0.0,4.4,4.4,7.7,3.3,0.0,7.7,6.6,12.1,73.0,106.0,2002,Elliot Perry-2002,0.0,Not Selected,Guard,MEM,0.01934398654331371
2001-02,Wesley Person,persowe01,SG,30,CLE,78,78,2793,8.9,18.0,0.495,2.7,6.1,0.444,6.2,11.8,0.521,1.9,2.4,0.7979999999999999,1.0,4.6,5.6,3.3,1.5,0.7,1.4,1.8,22.4,118.0,111.0,2002,Wesley Person-2002,0.0,Not Selected,Guard,CLE,0.024390243902439025
2001-02,Morris Peterson,petermo01,SF,24,TOR,63,56,1988,9.1,20.9,0.43799999999999994,2.3,6.3,0.364,6.9,14.6,0.469,3.5,4.6,0.7509999999999999,2.5,3.6,6.1,4.2,2.0,0.3,2.3,4.7,24.0,109.0,106.0,2002,Morris Peterson-2002,0.0,Not Selected,Forward,TOR,0.03532380151387721
2001-02,Eric Piatkowski,piatker01,SG,31,LAC,71,64,1718,6.4,14.6,0.439,3.4,7.4,0.466,3.0,7.2,0.41200000000000003,3.1,3.5,0.894,1.3,4.4,5.7,3.5,1.3,0.4,2.0,3.4,19.4,120.0,109.0,2002,Eric Piatkowski-2002,0.0,Not Selected,Guard,LAC,0.03280067283431455
2001-02,Paul Pierce,piercpa01,SG,24,BOS,82,82,3302,11.1,25.1,0.442,3.3,8.2,0.40399999999999997,7.8,16.9,0.461,8.2,10.1,0.809,1.3,7.6,8.9,4.1,2.4,1.4,3.8,3.7,33.7,109.0,99.0,2002,Paul Pierce-2002,3.0,3rd,Guard,BOS,0.04121110176619008
2001-02,Scottie Pippen,pippesc01,SF,36,POR,62,60,1996,6.6,16.1,0.41100000000000003,1.5,4.8,0.305,5.2,11.4,0.455,3.0,3.9,0.774,2.1,6.6,8.6,9.8,2.7,0.9,4.6,4.4,17.7,101.0,102.0,2002,Scottie Pippen-2002,0.0,Not Selected,Forward,POR,0.04121110176619008
2001-02,Scot Pollard,pollasc01,C,26,SAC,80,29,1881,5.3,9.6,0.55,0.0,0.0,0.0,5.3,9.6,0.55,3.1,4.4,0.693,5.0,10.1,15.1,1.4,1.9,2.0,1.8,5.4,13.6,120.0,98.0,2002,Scot Pollard-2002,0.0,Not Selected,Center,SAC,0.051303616484440706
2001-02,Mark Pope,popema01,PF,29,MIL,45,12,426,4.5,11.4,0.396,0.5,3.1,0.16,4.0,8.2,0.485,1.4,2.6,0.524,2.5,6.6,9.1,2.1,1.4,1.4,1.9,5.9,10.9,92.0,107.0,2002,Mark Pope-2002,0.0,Not Selected,Forward,MIL,0.034482758620689655
2001-02,Terry Porter,portete01,PG,38,SAS,72,0,1294,5.6,13.2,0.424,2.4,5.9,0.415,3.2,7.4,0.43,2.8,3.4,0.8190000000000001,0.5,6.3,6.8,8.4,1.9,0.7,3.5,3.7,16.4,108.0,101.0,2002,Terry Porter-2002,0.0,Not Selected,Guard,SAS,0.04878048780487805
2001-02,James Posey,poseyja01,SF,25,DEN,73,63,2238,6.6,17.5,0.376,1.6,5.6,0.28300000000000003,5.0,11.8,0.42100000000000004,3.8,4.8,0.7929999999999999,2.6,7.6,10.2,4.3,2.7,0.9,3.0,5.3,18.6,98.0,105.0,2002,James Posey-2002,0.0,Not Selected,Forward,DEN,0.022708158116063918
2001-02,Lavor Postell,postela01,SG,23,NYK,23,0,179,8.4,25.1,0.33299999999999996,1.8,7.8,0.231,6.6,17.3,0.379,9.3,12.3,0.7559999999999999,0.6,4.2,4.8,1.5,1.8,0.0,3.3,2.1,27.8,90.0,108.0,2002,Lavor Postell-2002,0.0,Not Selected,Guard,NYK,0.025231286795626577
2001-02,Vitaly Potapenko,potapvi01,C,26,BOS,79,9,1343,5.3,11.6,0.455,0.0,0.0,0.0,5.3,11.6,0.455,3.4,4.6,0.742,6.5,7.0,13.4,1.2,1.4,0.7,2.4,6.7,14.0,107.0,102.0,2002,Vitaly Potapenko-2002,0.0,Not Selected,Center,BOS,0.04121110176619008
2001-02,Brent Price,pricebr01,PG,33,SAC,20,0,89,5.1,15.2,0.33299999999999996,2.3,8.5,0.267,2.8,6.8,0.41700000000000004,5.1,7.3,0.6920000000000001,2.3,2.3,4.5,5.1,1.7,0.6,5.6,7.3,17.5,87.0,105.0,2002,Brent Price-2002,0.0,Not Selected,Guard,SAC,0.051303616484440706
2001-02,Joel Przybilla,przybjo01,C,22,MIL,71,62,1128,3.6,6.7,0.535,0.0,0.0,0.0,3.6,6.7,0.539,1.8,4.2,0.42200000000000004,3.7,9.7,13.3,1.0,0.9,5.6,2.0,9.4,9.0,101.0,102.0,2002,Joel Przybilla-2002,0.0,Not Selected,Center,MIL,0.034482758620689655
2001-02,Vladimir Radmanović,radmavl01,PF,21,SEA,61,16,1230,6.4,15.5,0.41200000000000003,2.9,6.9,0.42,3.5,8.6,0.406,2.1,3.2,0.6809999999999999,2.0,8.1,10.1,3.6,2.5,1.1,3.2,5.2,17.8,101.0,103.0,2002,Vladimir Radmanović-2002,0.0,Not Selected,Forward,OKC,0.03784693019343986
2001-02,Zach Randolph,randoza01,PF,20,POR,41,0,238,10.8,24.2,0.449,0.0,0.0,0.0,10.8,24.2,0.449,4.1,6.1,0.667,7.0,8.6,15.6,2.9,1.6,0.9,3.4,6.5,25.7,102.0,104.0,2002,Zach Randolph-2002,0.0,Not Selected,Forward,POR,0.04121110176619008
2001-02,Theo Ratliff,ratlith01,C,28,ATL,3,2,82,6.4,12.7,0.5,0.0,0.0,0.0,6.4,12.7,0.5,3.8,7.0,0.545,3.2,7.0,10.2,0.6,0.6,5.1,4.5,5.1,16.6,89.0,104.0,2002,Theo Ratliff-2002,0.0,Not Selected,Center,ATL,0.027754415475189236
2001-02,Željko Rebrača,rebraze01,C,29,DET,74,4,1179,8.5,16.9,0.505,0.0,0.0,0.0,8.5,16.9,0.505,6.1,7.9,0.7709999999999999,3.8,9.3,13.1,1.7,1.3,3.3,3.8,8.7,23.2,105.0,100.0,2002,Željko Rebrača-2002,0.0,Not Selected,Center,DET,0.04205214465937763
2001-02,Eldridge Recasner,recasel01,PG-SG,34,TOT,6,0,33,3.2,9.7,0.33299999999999996,0.0,1.6,0.0,3.2,8.1,0.4,1.6,1.6,1.0,0.0,0.0,0.0,8.1,1.6,0.0,1.6,6.5,8.1,98.0,112.0,2002,Eldridge Recasner-2002,0.0,Not Selected,Guard,TOT,0.03333333333333333
2001-02,Michael Redd,reddmi01,SG,22,MIL,67,8,1417,11.0,22.9,0.483,3.3,7.4,0.444,7.7,15.4,0.501,3.4,4.3,0.7909999999999999,2.9,5.5,8.4,3.4,1.6,0.3,2.1,3.6,28.8,116.0,109.0,2002,Michael Redd-2002,0.0,Not Selected,Guard,MIL,0.034482758620689655
2001-02,Don Reid,reiddo01,PF,28,ORL,68,5,714,6.5,13.7,0.474,0.0,0.0,0.0,6.5,13.7,0.474,3.2,4.9,0.647,4.7,8.0,12.7,1.9,1.4,3.2,3.9,13.0,16.2,96.0,102.0,2002,Don Reid-2002,0.0,Not Selected,Forward,ORL,0.03700588730025231
2001-02,Glen Rice,ricegl01,SF,34,HOU,20,20,606,5.8,15.0,0.389,1.6,5.7,0.281,4.2,9.3,0.456,2.2,2.7,0.8,0.4,3.8,4.2,2.8,1.1,0.3,2.2,3.1,15.4,96.0,113.0,2002,Glen Rice-2002,0.0,Not Selected,Forward,HOU,0.023549201009251473
2001-02,Jason Richardson,richaja01,SG,21,GSW,80,75,2629,9.0,21.1,0.426,1.6,4.8,0.33299999999999996,7.4,16.3,0.45299999999999996,2.7,4.1,0.6709999999999999,2.4,4.2,6.6,4.6,2.0,0.6,3.1,3.8,22.2,102.0,110.0,2002,Jason Richardson-2002,0.0,Not Selected,Guard,GSW,0.017661900756938603
2001-02,Norm Richardson,richano01,SG,22,TOT,11,0,67,7.9,20.6,0.385,3.2,6.3,0.5,4.7,14.2,0.33299999999999996,4.7,7.1,0.667,2.4,4.0,6.3,1.6,0.0,0.0,2.4,4.0,23.7,98.0,114.0,2002,Norm Richardson-2002,0.0,Not Selected,Guard,TOT,0.03333333333333333
2001-02,Quentin Richardson,richaqu01,SG,21,LAC,81,0,2152,9.9,22.9,0.43200000000000005,3.3,8.6,0.381,6.6,14.3,0.46299999999999997,3.5,4.6,0.765,2.8,5.5,8.3,3.2,1.9,0.5,2.5,3.5,26.6,110.0,107.0,2002,Quentin Richardson-2002,0.0,Not Selected,Guard,LAC,0.03280067283431455
2001-02,Mitch Richmond,richmmi01,SG,36,LAL,64,2,709,7.4,18.2,0.405,1.3,4.6,0.29,6.0,13.6,0.44299999999999995,3.1,3.2,0.955,1.0,5.9,6.9,4.2,1.3,0.4,2.9,4.5,19.1,98.0,104.0,2002,Mitch Richmond-2002,0.0,Not Selected,Guard,LAL,0.04878048780487805
2001-02,Isaiah Rider,rideris01,SG,30,DEN,10,1,173,11.4,24.9,0.457,1.8,4.6,0.4,9.5,20.3,0.47,4.0,5.2,0.765,3.1,7.1,10.1,3.7,0.9,0.6,4.3,3.4,28.6,100.0,110.0,2002,Isaiah Rider-2002,0.0,Not Selected,Guard,DEN,0.022708158116063918
2001-02,Clifford Robinson,robincl02,PF,35,DET,80,80,2855,8.5,20.0,0.425,2.1,5.7,0.37799999999999995,6.3,14.3,0.44299999999999995,2.7,3.8,0.6940000000000001,1.5,5.7,7.2,3.8,1.7,1.8,2.8,4.5,21.8,98.0,103.0,2002,Clifford Robinson-2002,0.0,Not Selected,Forward,DET,0.04205214465937763
2001-02,David Robinson,robinda01,C,36,SAS,78,78,2303,7.9,15.6,0.507,0.0,0.0,0.0,7.9,15.6,0.507,6.2,9.1,0.6809999999999999,4.4,10.6,15.0,2.2,2.0,3.2,2.4,4.5,22.0,114.0,95.0,2002,David Robinson-2002,0.0,Not Selected,Center,SAS,0.04878048780487805
2001-02,Eddie Robinson,robined01,SF,25,CHI,29,12,653,9.1,20.1,0.45299999999999996,0.2,0.4,0.4,8.9,19.6,0.455,2.9,3.9,0.75,1.9,4.4,6.3,3.0,1.9,0.9,2.9,2.8,21.3,95.0,109.0,2002,Eddie Robinson-2002,0.0,Not Selected,Forward,CHI,0.017661900756938603
2001-02,Glenn Robinson,robingl01,SF,29,MIL,66,63,2346,12.2,26.0,0.467,1.3,4.0,0.326,10.8,22.0,0.493,5.4,6.4,0.8370000000000001,1.6,7.6,9.2,3.8,2.2,0.9,3.9,3.9,31.0,103.0,106.0,2002,Glenn Robinson-2002,0.0,Not Selected,Forward,MIL,0.034482758620689655
2001-02,Larry Robinson,robinla01,SG,34,NYK,2,0,10,5.4,21.4,0.25,5.4,10.7,0.5,0.0,10.7,0.0,0.0,0.0,0.0,0.0,10.7,10.7,0.0,0.0,0.0,0.0,5.4,16.1,81.0,107.0,2002,Larry Robinson-2002,0.0,Not Selected,Guard,NYK,0.025231286795626577
2001-02,Carlos Rogers,rogerca01,C,30,IND,22,1,168,7.5,13.4,0.5579999999999999,0.3,1.9,0.16699999999999998,7.1,11.5,0.622,3.1,5.9,0.526,4.4,7.5,11.8,0.9,1.6,1.9,1.6,5.3,18.3,115.0,103.0,2002,Carlos Rogers-2002,0.0,Not Selected,Center,IND,0.03532380151387721
2001-02,Rodney Rogers,rogerro01,SF,30,TOT,77,8,1880,9.9,21.0,0.47100000000000003,2.4,6.5,0.374,7.5,14.5,0.514,3.3,4.1,0.785,3.6,6.1,9.7,3.1,1.8,0.8,3.0,6.3,25.5,109.0,104.0,2002,Rodney Rogers-2002,0.0,Not Selected,Forward,TOT,0.03333333333333333
2001-02,Sean Rooks,rooksse01,C,32,LAC,61,2,728,5.9,14.2,0.418,0.0,0.0,0.0,5.9,14.2,0.418,1.5,2.1,0.7240000000000001,2.3,6.7,9.1,1.8,0.9,1.5,1.5,8.3,13.4,97.0,107.0,2002,Sean Rooks-2002,0.0,Not Selected,Center,LAC,0.03280067283431455
2001-02,Jalen Rose,roseja01,SF,29,TOT,83,83,3153,11.0,24.3,0.455,1.5,4.1,0.36200000000000004,9.6,20.2,0.474,4.7,5.6,0.8390000000000001,0.7,5.5,6.2,5.9,1.3,0.7,3.3,4.2,28.3,103.0,107.0,2002,Jalen Rose-2002,0.0,Not Selected,Forward,TOT,0.03333333333333333
2001-02,Malik Rose,rosema01,PF,27,SAS,82,1,1725,9.1,19.6,0.46299999999999997,0.0,0.4,0.083,9.0,19.2,0.47,5.7,7.9,0.72,5.3,9.9,15.2,1.9,2.2,1.3,4.3,6.4,23.9,100.0,97.0,2002,Malik Rose-2002,0.0,Not Selected,Forward,SAS,0.04878048780487805
2001-02,Michael Ruffin,ruffimi01,PF,25,PHI,15,0,169,2.2,8.3,0.26899999999999996,0.0,0.0,0.0,2.2,8.3,0.26899999999999996,0.6,2.6,0.25,7.3,8.9,16.3,1.6,1.6,2.6,3.5,7.3,5.1,71.0,98.0,2002,Michael Ruffin-2002,0.0,Not Selected,Forward,PHI,0.03616484440706476
2001-02,Bryon Russell,russebr01,SG,31,UTA,66,40,1998,5.9,15.5,0.38,2.0,6.0,0.341,3.9,9.5,0.405,3.1,3.7,0.821,2.1,5.7,7.9,3.6,1.7,0.5,2.9,5.5,16.9,100.0,107.0,2002,Bryon Russell-2002,0.0,Not Selected,Guard,UTA,0.03700588730025231
2001-02,Daniel Santiago,santida01,C,25,PHO,3,0,24,8.7,17.5,0.5,0.0,0.0,0.0,8.7,17.5,0.5,0.0,0.0,0.0,0.0,15.3,15.3,4.4,0.0,2.2,4.4,8.7,17.5,87.0,100.0,2002,Daniel Santiago-2002,0.0,Not Selected,Center,PHO,0.030277544154751892
2001-02,Jeryl Sasser,sasseje01,SG,22,ORL,7,0,36,4.3,20.0,0.214,0.0,0.0,0.0,4.3,20.0,0.214,5.7,7.2,0.8,4.3,5.7,10.0,2.9,4.3,0.0,2.9,4.3,14.3,75.0,101.0,2002,Jeryl Sasser-2002,0.0,Not Selected,Guard,ORL,0.03700588730025231
2001-02,Kenny Satterfield,satteke01,PG,20,DEN,36,4,560,6.9,18.9,0.36700000000000005,0.7,2.6,0.259,6.3,16.3,0.384,3.4,4.4,0.7829999999999999,1.6,3.3,4.9,10.2,2.9,0.1,5.0,4.1,17.9,90.0,108.0,2002,Kenny Satterfield-2002,0.0,Not Selected,Guard,DEN,0.022708158116063918
2001-02,Brian Scalabrine,scalabr01,PF,23,NJN,28,0,290,4.1,12.1,0.34299999999999997,0.5,1.8,0.3,3.6,10.3,0.35100000000000003,2.0,2.7,0.733,2.2,7.0,9.2,3.8,1.6,0.4,4.3,7.0,10.8,77.0,101.0,2002,Brian Scalabrine-2002,0.0,Not Selected,Forward,BRK,0.04373423044575273
2001-02,Shawnelle Scott,scottsh01,C,29,DEN,21,10,252,7.8,15.8,0.493,0.0,0.0,0.0,7.8,15.8,0.493,1.7,4.2,0.4,11.2,10.5,21.7,1.7,0.6,1.3,3.2,10.3,17.3,104.0,107.0,2002,Shawnelle Scott-2002,0.0,Not Selected,Center,DEN,0.022708158116063918
2001-02,Ansu Sesay,sesayan01,SF,25,SEA,9,0,142,8.4,16.7,0.5,0.0,0.0,0.0,8.4,16.7,0.5,5.3,7.6,0.7,2.7,4.9,7.6,3.0,1.1,0.8,0.8,6.8,22.0,122.0,108.0,2002,Ansu Sesay-2002,0.0,Not Selected,Forward,OKC,0.03784693019343986
2001-02,Brian Shaw,shawbr01,PG,35,LAL,58,0,631,5.0,14.3,0.353,2.4,7.3,0.33,2.6,7.0,0.376,1.5,2.1,0.6920000000000001,1.6,7.7,9.3,7.4,2.1,0.2,2.6,3.6,14.0,101.0,102.0,2002,Brian Shaw-2002,0.0,Not Selected,Guard,LAL,0.04878048780487805
2001-02,Bobby Simmons,simmobo01,SF,21,WAS,30,3,343,6.8,15.0,0.45299999999999996,0.6,2.2,0.28600000000000003,6.2,12.8,0.48100000000000004,3.5,4.8,0.733,4.0,4.3,8.2,2.7,2.1,0.8,2.2,4.9,17.7,108.0,107.0,2002,Bobby Simmons-2002,0.0,Not Selected,Forward,WAS,0.031118587047939444
2001-02,Dickey Simpkins,simpkdi01,PF,29,ATL,1,0,3,0.0,0.0,0.0,0.0,0.0,0.0,0.0,0.0,0.0,0.0,0.0,0.0,0.0,0.0,0.0,17.4,0.0,0.0,0.0,0.0,0.0,215.0,116.0,2002,Dickey Simpkins-2002,0.0,Not Selected,Forward,ATL,0.027754415475189236
2001-02,Brian Skinner,skinnbr01,PF,25,CLE,65,8,1107,4.2,7.8,0.5429999999999999,0.0,0.0,0.0,4.2,7.8,0.5429999999999999,2.3,3.8,0.608,4.5,9.0,13.5,0.8,1.2,2.9,2.0,6.2,10.8,110.0,106.0,2002,Brian Skinner-2002,0.0,Not Selected,Forward,CLE,0.024390243902439025
2001-02,Reggie Slater,slatere01,PF,31,TOT,8,0,47,7.8,16.7,0.467,0.0,0.0,0.0,7.8,16.7,0.467,7.8,11.1,0.7,5.6,4.4,10.0,1.1,1.1,1.1,1.1,3.3,23.3,117.0,108.0,2002,Reggie Slater-2002,0.0,Not Selected,Forward,TOT,0.03333333333333333
2001-02,Charles Smith,smithch04,SG,26,SAS,60,22,1141,8.5,20.0,0.425,1.6,6.1,0.267,6.9,13.9,0.495,2.0,3.0,0.6459999999999999,1.6,4.6,6.2,3.7,2.4,2.1,2.8,5.3,20.6,97.0,99.0,2002,Charles Smith-2002,0.0,Not Selected,Guard,SAS,0.04878048780487805
2001-02,Jabari Smith,smithja01,C,24,TOT,23,0,181,7.5,18.3,0.413,0.0,0.9,0.0,7.5,17.4,0.433,6.1,9.3,0.6559999999999999,2.3,5.8,8.1,3.2,1.7,1.7,1.4,9.0,21.2,104.0,101.0,2002,Jabari Smith-2002,0.0,Not Selected,Center,TOT,0.03333333333333333
2001-02,Joe Smith,smithjo02,C,26,MIN,72,63,1922,8.2,16.0,0.511,0.1,0.1,0.667,8.1,15.9,0.51,4.7,5.7,0.83,4.2,8.3,12.5,2.3,1.1,1.6,2.4,6.9,21.2,116.0,105.0,2002,Joe Smith-2002,0.0,Not Selected,Center,MIN,0.04205214465937763
2001-02,Leon Smith,smithle01,C,21,ATL,14,0,100,5.2,13.6,0.385,0.0,0.0,0.0,5.2,13.6,0.385,5.7,8.9,0.647,5.2,11.0,16.2,1.6,2.6,0.5,1.6,6.3,16.2,105.0,102.0,2002,Leon Smith-2002,0.0,Not Selected,Center,ATL,0.027754415475189236
2001-02,Steve Smith,smithst01,SG,32,SAS,77,76,2211,7.5,16.4,0.455,2.8,5.9,0.47200000000000003,4.7,10.5,0.445,3.8,4.4,0.878,1.1,3.6,4.7,3.6,1.3,0.4,2.6,3.8,21.6,113.0,104.0,2002,Steve Smith-2002,0.0,Not Selected,Guard,SAS,0.04878048780487805
2001-02,Eric Snow,snower01,PG,28,PHI,61,61,2225,6.7,15.1,0.442,0.1,0.7,0.111,6.6,14.5,0.457,4.4,5.5,0.8059999999999999,0.8,4.4,5.2,9.7,2.3,0.2,3.3,4.1,17.9,106.0,102.0,2002,Eric Snow-2002,0.0,Not Selected,Guard,PHI,0.03616484440706476
2001-02,Will Solomon,solomwi01,SG,23,MEM,62,4,872,6.8,20.0,0.341,2.8,9.8,0.284,4.0,10.2,0.396,3.0,4.4,0.6709999999999999,0.7,3.4,4.1,5.6,2.1,0.4,3.7,4.6,19.4,88.0,109.0,2002,Will Solomon-2002,0.0,Not Selected,Guard,MEM,0.01934398654331371
2001-02,Felton Spencer,spencfe01,C,34,NYK,32,8,248,1.3,5.6,0.231,0.0,0.0,0.0,1.3,5.6,0.231,3.7,7.1,0.515,3.5,7.3,10.8,0.6,1.5,1.7,2.6,15.7,6.3,75.0,104.0,2002,Felton Spencer-2002,0.0,Not Selected,Center,NYK,0.025231286795626577
2001-02,Latrell Sprewell,sprewla01,SF,31,NYK,81,81,3326,9.2,22.8,0.40399999999999997,2.3,6.5,0.36,6.9,16.3,0.42100000000000004,4.6,5.6,0.821,0.9,3.8,4.8,5.0,1.5,0.2,3.6,2.6,25.3,98.0,109.0,2002,Latrell Sprewell-2002,0.0,Not Selected,Forward,NYK,0.025231286795626577
2001-02,Jerry Stackhouse,stackje01,SF,27,DET,76,76,2685,10.4,26.2,0.397,1.7,6.0,0.287,8.7,20.2,0.43,9.8,11.5,0.858,1.5,4.7,6.3,8.0,1.5,0.7,5.3,3.2,32.4,102.0,105.0,2002,Jerry Stackhouse-2002,0.0,Not Selected,Forward,DET,0.04205214465937763
2001-02,John Starks,starkjo01,SG,36,UTA,66,1,929,6.5,17.7,0.368,1.7,5.4,0.305,4.9,12.3,0.395,1.9,2.3,0.805,0.9,3.0,3.9,4.0,1.9,0.0,3.0,7.2,16.6,90.0,108.0,2002,John Starks-2002,0.0,Not Selected,Guard,UTA,0.03700588730025231
2001-02,Vladimir Stepania,stepavl01,C,25,MIA,67,4,884,7.3,15.5,0.47,0.1,0.1,0.5,7.2,15.3,0.47,3.1,6.5,0.48100000000000004,6.2,10.6,16.8,1.0,1.5,2.7,3.2,6.4,17.7,95.0,96.0,2002,Vladimir Stepania-2002,0.0,Not Selected,Center,MIA,0.030277544154751892
2001-02,DeShawn Stevenson,stevede01,SG,20,UTA,67,23,1134,6.7,17.4,0.385,0.1,1.2,0.08,6.6,16.2,0.408,1.7,2.5,0.698,2.1,4.1,6.1,5.4,1.4,1.1,3.2,3.8,15.2,89.0,108.0,2002,DeShawn Stevenson-2002,0.0,Not Selected,Guard,UTA,0.03700588730025231
2001-02,Michael Stewart,stewami01,C,26,TOR,11,0,93,4.7,13.4,0.348,0.0,0.0,0.0,4.7,13.4,0.348,3.5,6.4,0.545,7.0,7.6,14.5,1.7,2.3,1.7,2.3,12.8,12.8,93.0,101.0,2002,Michael Stewart-2002,0.0,Not Selected,Center,TOR,0.03532380151387721
2001-02,Bryant Stith,stithbr01,SG,31,CLE,50,5,665,5.6,15.0,0.37200000000000005,1.9,5.4,0.353,3.7,9.6,0.38299999999999995,3.5,4.2,0.846,1.6,5.2,6.8,3.4,2.3,0.5,2.4,3.4,16.6,101.0,109.0,2002,Bryant Stith-2002,0.0,Not Selected,Guard,CLE,0.024390243902439025
2001-02,John Stockton,stockjo01,PG,39,UTA,82,82,2566,8.3,16.1,0.517,0.5,1.6,0.321,7.8,14.4,0.539,5.7,6.7,0.857,1.2,4.2,5.5,14.0,3.2,0.5,4.3,4.3,22.8,120.0,105.0,2002,John Stockton-2002,0.0,Not Selected,Guard,UTA,0.03700588730025231
2001-02,Peja Stojaković,stojape01,SF,24,SAC,71,71,2649,10.4,21.4,0.484,2.4,5.9,0.41600000000000004,7.9,15.5,0.51,5.4,6.1,0.8759999999999999,1.4,5.7,7.1,3.3,1.5,0.3,2.7,2.3,28.6,115.0,104.0,2002,Peja Stojaković-2002,0.0,Not Selected,Forward,SAC,0.051303616484440706
2001-02,Damon Stoudamire,stoudda01,PG,28,POR,75,71,2796,7.1,17.6,0.402,2.0,5.7,0.353,5.1,12.0,0.425,3.3,3.8,0.888,1.5,4.1,5.6,9.4,1.3,0.1,2.9,2.9,19.5,111.0,108.0,2002,Damon Stoudamire-2002,0.0,Not Selected,Guard,POR,0.04121110176619008
2001-02,Erick Strickland,stricer01,PG,28,BOS,79,4,1643,6.0,15.4,0.389,3.0,7.8,0.385,3.0,7.6,0.39399999999999996,4.1,4.9,0.845,0.7,6.0,6.7,5.8,1.8,0.0,3.0,4.6,19.1,106.0,103.0,2002,Erick Strickland-2002,0.0,Not Selected,Guard,BOS,0.04121110176619008
2001-02,Mark Strickland,stricma01,SF,31,ATL,46,10,654,7.3,16.3,0.446,0.1,0.3,0.25,7.2,16.0,0.45,2.0,3.5,0.568,3.3,7.2,10.5,1.6,1.5,1.4,2.2,3.8,16.6,95.0,106.0,2002,Mark Strickland-2002,0.0,Not Selected,Forward,ATL,0.027754415475189236
2001-02,Rod Strickland,stricro02,PG,35,MIA,76,64,2294,7.6,17.1,0.44299999999999995,0.2,0.6,0.308,7.4,16.5,0.44799999999999995,3.7,4.8,0.7659999999999999,1.2,4.4,5.6,11.1,2.0,0.3,3.8,2.7,19.0,102.0,102.0,2002,Rod Strickland-2002,0.0,Not Selected,Guard,MIA,0.030277544154751892
2001-02,Bruno Šundov,sundobr01,C,21,IND,22,0,88,9.5,23.7,0.4,0.0,0.6,0.0,9.5,23.1,0.41,0.0,1.2,0.0,4.2,8.3,12.5,1.8,1.8,1.8,2.4,9.5,19.0,83.0,102.0,2002,Bruno Šundov-2002,0.0,Not Selected,Center,IND,0.03532380151387721
2001-02,Bob Sura,surabo01,PG,28,GSW,78,5,1780,7.1,16.8,0.424,1.2,3.8,0.316,5.9,13.0,0.455,6.7,9.4,0.72,2.5,4.8,7.3,7.8,2.5,0.5,3.8,4.6,22.2,110.0,109.0,2002,Bob Sura-2002,0.0,Not Selected,Guard,GSW,0.017661900756938603
2001-02,Stromile Swift,swiftst01,PF,22,MEM,68,14,1805,8.6,17.8,0.48,0.0,0.1,0.0,8.6,17.7,0.48200000000000004,6.3,8.9,0.711,4.7,7.9,12.5,1.5,1.5,3.3,3.6,5.2,23.4,103.0,104.0,2002,Stromile Swift-2002,0.0,Not Selected,Forward,MEM,0.01934398654331371
2001-02,Wally Szczerbiak,szczewa02,SF,24,MIN,82,82,3117,10.4,20.4,0.508,1.5,3.2,0.455,8.9,17.2,0.517,3.8,4.6,0.831,2.0,4.6,6.7,4.4,1.1,0.4,3.1,3.2,26.0,113.0,108.0,2002,Wally Szczerbiak-2002,0.0,Not Selected,Forward,MIN,0.04205214465937763
2001-02,Jason Terry,terryja01,SG,24,ATL,78,78,2967,9.2,21.5,0.43,3.0,7.8,0.387,6.2,13.6,0.45399999999999996,5.0,6.0,0.835,0.7,4.0,4.8,7.8,2.5,0.2,3.2,2.7,26.5,111.0,107.0,2002,Jason Terry-2002,0.0,Not Selected,Guard,ATL,0.027754415475189236
2001-02,Etan Thomas,thomaet01,C,23,WAS,47,0,618,7.1,13.3,0.536,0.0,0.0,0.0,7.1,13.3,0.536,3.6,6.5,0.5539999999999999,4.8,11.1,15.9,0.5,1.5,3.1,2.3,6.7,17.8,109.0,101.0,2002,Etan Thomas-2002,0.0,Not Selected,Center,WAS,0.031118587047939444
2001-02,Kenny Thomas,thomake01,PF,24,HOU,72,71,2484,8.7,18.2,0.478,0.0,0.4,0.0,8.7,17.8,0.48700000000000004,4.9,7.4,0.664,3.5,7.8,11.3,3.0,1.9,1.4,3.1,4.3,22.2,104.0,107.0,2002,Kenny Thomas-2002,0.0,Not Selected,Forward,HOU,0.023549201009251473
2001-02,Kurt Thomas,thomaku01,C,29,NYK,82,82,2771,8.9,18.1,0.494,0.0,0.1,0.16699999999999998,8.9,18.0,0.496,4.2,5.1,0.815,4.1,10.3,14.4,1.7,1.4,1.5,3.0,6.6,22.1,105.0,103.0,2002,Kurt Thomas-2002,0.0,Not Selected,Center,NYK,0.025231286795626577
2001-02,Tim Thomas,thomati01,SF,24,MIL,74,22,1987,8.5,20.2,0.42,2.5,7.8,0.326,5.9,12.4,0.478,3.8,4.8,0.7929999999999999,1.7,6.3,8.0,2.8,1.7,0.9,3.4,5.4,23.3,99.0,107.0,2002,Tim Thomas-2002,0.0,Not Selected,Forward,MIL,0.034482758620689655
2001-02,Jamaal Tinsley,tinslja01,PG,23,IND,80,78,2442,6.2,16.2,0.38,0.9,3.7,0.24,5.3,12.5,0.42200000000000004,2.8,4.0,0.7040000000000001,1.7,4.7,6.4,13.8,3.0,0.9,5.8,5.3,16.1,93.0,103.0,2002,Jamaal Tinsley-2002,0.0,Not Selected,Guard,IND,0.03532380151387721
2001-02,Óscar Torres,torreos01,SG,25,HOU,65,13,1075,6.8,17.3,0.396,1.9,6.4,0.294,5.0,10.9,0.456,4.2,5.3,0.7809999999999999,2.4,3.8,6.2,2.0,1.3,0.5,2.5,3.2,19.7,102.0,112.0,2002,Óscar Torres-2002,0.0,Not Selected,Guard,HOU,0.023549201009251473
2001-02,Robert Traylor,traylro01,PF,24,CHH,61,1,678,6.9,16.1,0.426,0.1,0.1,1.0,6.8,16.0,0.424,4.2,6.6,0.631,5.3,9.5,14.8,2.9,1.9,2.9,3.6,10.0,18.0,97.0,99.0,2002,Robert Traylor-2002,0.0,Not Selected,Forward,CHO,0.03700588730025231
2001-02,Gary Trent,trentga01,PF,27,MIN,64,10,1140,9.0,17.7,0.507,0.0,0.1,0.0,9.0,17.6,0.509,4.3,6.7,0.639,4.8,7.7,12.6,2.8,1.0,1.3,2.7,7.4,22.2,110.0,105.0,2002,Gary Trent-2002,0.0,Not Selected,Forward,MIN,0.04205214465937763
2001-02,Jeff Trepagnier,trepaje01,SG,22,CLE,12,0,77,4.8,15.9,0.304,0.0,0.7,0.0,4.8,15.2,0.318,2.8,4.8,0.5710000000000001,2.1,6.2,8.3,8.3,5.5,2.8,7.6,5.5,12.4,68.0,99.0,2002,Jeff Trepagnier-2002,0.0,Not Selected,Guard,CLE,0.024390243902439025
2001-02,Jake Tsakalidis,tsakaja01,C,22,PHO,67,47,1582,6.3,13.3,0.475,0.0,0.0,0.0,6.3,13.2,0.47600000000000003,3.7,5.3,0.698,4.3,8.1,12.4,0.8,0.8,2.3,2.6,6.4,16.3,103.0,104.0,2002,Jake Tsakalidis-2002,0.0,Not Selected,Center,PHO,0.030277544154751892
2001-02,Hedo Türkoğlu,turkohe01,SF,22,SAC,80,10,1970,7.4,17.5,0.42200000000000004,1.6,4.4,0.368,5.8,13.2,0.44,4.3,5.9,0.726,1.6,7.6,9.3,4.2,1.5,0.8,2.1,4.7,20.7,107.0,102.0,2002,Hedo Türkoğlu-2002,0.0,Not Selected,Forward,SAC,0.051303616484440706
2001-02,Nick Van Exel,vanexni01,PG-SG,30,TOT,72,46,2496,10.6,25.9,0.409,2.5,7.4,0.34,8.1,18.5,0.436,4.2,5.3,0.8009999999999999,0.6,4.8,5.4,10.1,0.9,0.2,3.3,2.2,27.9,106.0,112.0,2002,Nick Van Exel-2002,0.0,Not Selected,Guard,TOT,0.03333333333333333
2001-02,Keith Van Horn,vanhoke01,SF,26,NJN,81,81,2465,10.0,23.1,0.433,2.1,6.2,0.345,7.8,16.9,0.465,3.3,4.1,0.8,2.9,10.0,12.9,3.5,1.3,0.9,3.1,4.7,25.4,102.0,99.0,2002,Keith Van Horn-2002,0.0,Not Selected,Forward,BRK,0.04373423044575273
2001-02,Ratko Varda,vardara01,C,22,DET,1,0,6,17.8,26.7,0.667,0.0,0.0,0.0,17.8,26.7,0.667,8.9,8.9,1.0,0.0,8.9,8.9,0.0,0.0,0.0,8.9,26.7,44.4,102.0,105.0,2002,Ratko Varda-2002,0.0,Not Selected,Center,DET,0.04205214465937763
2001-02,Jacque Vaughn,vaughja01,PG,26,ATL,82,16,1856,5.8,12.3,0.47,0.7,1.5,0.444,5.1,10.8,0.474,2.9,3.5,0.825,0.5,4.2,4.7,9.8,1.8,0.1,3.2,5.2,15.2,110.0,109.0,2002,Jacque Vaughn-2002,0.0,Not Selected,Guard,ATL,0.027754415475189236
2001-02,Jake Voskuhl,voskuja01,C,24,PHO,59,34,900,6.2,11.3,0.5539999999999999,0.0,0.0,0.0,6.2,11.3,0.5539999999999999,4.8,6.4,0.752,6.0,8.6,14.6,1.0,0.6,1.3,2.8,8.1,17.3,117.0,105.0,2002,Jake Voskuhl-2002,0.0,Not Selected,Center,PHO,0.030277544154751892
2001-02,Antoine Walker,walkean02,PF,25,BOS,81,81,3406,10.1,25.7,0.39399999999999996,3.4,9.8,0.344,6.8,15.9,0.425,3.7,4.9,0.741,2.3,8.6,10.9,6.2,1.9,0.6,3.8,3.6,27.3,99.0,101.0,2002,Antoine Walker-2002,0.0,Not Selected,Forward,BOS,0.04121110176619008
2001-02,Samaki Walker,walkesa01,PF,25,LAL,69,63,1655,5.9,11.5,0.512,0.0,0.0,0.0,5.9,11.5,0.512,2.7,4.1,0.667,4.1,11.1,15.1,2.0,0.9,2.8,1.7,5.4,14.5,114.0,99.0,2002,Samaki Walker-2002,0.0,Not Selected,Forward,LAL,0.04878048780487805
2001-02,Ben Wallace,wallabe01,C,27,DET,80,80,2921,4.7,8.8,0.531,0.0,0.1,0.0,4.7,8.7,0.535,1.8,4.3,0.423,5.8,13.2,19.0,2.1,2.5,5.1,1.3,3.2,11.1,117.0,93.0,2002,Ben Wallace-2002,3.0,3rd,Forward,DET,0.04205214465937763
2001-02,Gerald Wallace,wallage01,SF,19,SAC,54,1,430,8.8,20.4,0.429,0.0,0.8,0.0,8.8,19.6,0.446,2.7,5.4,0.5,5.7,4.7,10.4,3.2,2.2,0.7,2.6,5.4,20.2,97.0,102.0,2002,Gerald Wallace-2002,0.0,Not Selected,Forward,SAC,0.051303616484440706
2001-02,John Wallace,wallajo01,SF,27,PHO,46,0,490,10.0,22.9,0.435,0.5,1.4,0.385,9.4,21.5,0.43799999999999994,4.3,4.9,0.87,2.9,6.2,9.1,3.1,1.2,1.0,3.1,6.4,24.7,100.0,106.0,2002,John Wallace-2002,0.0,Not Selected,Forward,PHO,0.030277544154751892
2001-02,Rasheed Wallace,wallara01,PF,27,POR,79,79,2963,10.9,23.3,0.469,2.1,5.7,0.36,8.9,17.6,0.504,3.6,5.0,0.7340000000000001,2.5,9.2,11.7,2.8,1.8,1.8,2.4,3.8,27.6,110.0,102.0,2002,Rasheed Wallace-2002,0.0,Not Selected,Forward,POR,0.04121110176619008
2001-02,Charlie Ward,wardch01,PG,31,NYK,63,0,1058,5.7,15.3,0.373,2.7,8.3,0.32299999999999995,3.0,7.0,0.43200000000000005,2.4,2.9,0.81,0.8,5.7,6.4,10.3,3.4,0.7,3.8,5.1,16.5,101.0,103.0,2002,Charlie Ward-2002,0.0,Not Selected,Guard,NYK,0.025231286795626577
2001-02,Earl Watson,watsoea01,PG,22,SEA,64,0,964,5.4,11.9,0.45299999999999996,0.9,2.5,0.364,4.5,9.4,0.47600000000000003,1.3,2.0,0.639,1.7,2.9,4.6,7.0,3.4,0.3,2.9,5.2,12.9,104.0,106.0,2002,Earl Watson-2002,0.0,Not Selected,Guard,OKC,0.03784693019343986
2001-02,Clarence Weatherspoon,weathcl01,PF,31,NYK,56,41,1728,5.9,14.0,0.418,0.0,0.0,0.0,5.9,14.0,0.418,3.6,4.5,0.795,4.6,9.6,14.2,1.9,1.1,1.5,1.5,4.1,15.3,106.0,104.0,2002,Clarence Weatherspoon-2002,0.0,Not Selected,Forward,NYK,0.025231286795626577
2001-02,Chris Webber,webbech01,PF,28,SAC,54,54,2071,12.9,26.1,0.495,0.1,0.5,0.263,12.8,25.6,0.499,6.1,8.2,0.7490000000000001,3.6,9.6,13.2,6.3,2.2,1.8,3.8,4.4,32.1,109.0,98.0,2002,Chris Webber-2002,2.0,2nd,Forward,SAC,0.051303616484440706
2001-02,Bonzi Wells,wellsbo01,SG,25,POR,74,69,2348,11.1,23.8,0.469,1.5,3.9,0.384,9.6,19.8,0.486,4.9,6.6,0.741,2.8,7.4,10.2,4.7,2.6,0.6,4.4,4.8,28.7,104.0,103.0,2002,Bonzi Wells-2002,0.0,Not Selected,Guard,POR,0.04121110176619008
2001-02,David Wesley,wesleda01,SG,31,CHH,67,63,2487,7.8,19.6,0.4,1.8,5.5,0.332,6.0,14.1,0.42700000000000005,3.0,4.0,0.7340000000000001,0.9,2.1,3.1,5.1,1.6,0.3,2.6,3.2,20.5,100.0,108.0,2002,David Wesley-2002,0.0,Not Selected,Guard,CHO,0.03700588730025231
2001-02,Jahidi White,whiteja01,C,25,WAS,71,69,1346,6.1,11.3,0.5379999999999999,0.0,0.0,0.0,6.1,11.3,0.5379999999999999,3.4,6.2,0.539,6.4,11.5,17.9,0.7,1.0,3.0,2.6,6.6,15.5,109.0,102.0,2002,Jahidi White-2002,0.0,Not Selected,Center,WAS,0.031118587047939444
2001-02,Rodney White,whitero02,SF,21,DET,16,0,129,8.7,24.8,0.35,0.8,3.7,0.222,7.9,21.1,0.373,5.0,5.8,0.857,0.8,6.6,7.4,5.0,3.7,0.8,5.8,2.5,23.1,80.0,99.0,2002,Rodney White-2002,0.0,Not Selected,Forward,DET,0.04205214465937763
2001-02,Chris Whitney,whitnch01,PG,30,WAS,82,81,2171,6.9,16.4,0.418,3.3,8.1,0.406,3.6,8.3,0.429,3.9,4.4,0.88,0.3,3.5,3.8,7.9,1.8,0.2,2.1,4.6,20.8,119.0,109.0,2002,Chris Whitney-2002,0.0,Not Selected,Guard,WAS,0.031118587047939444
2001-02,Aaron Williams,williaa01,PF,30,NJN,82,13,1546,7.8,14.8,0.526,0.0,0.1,0.0,7.8,14.8,0.529,4.4,6.3,0.6990000000000001,3.9,7.6,11.5,2.6,1.0,2.6,2.7,7.2,20.0,111.0,100.0,2002,Aaron Williams-2002,0.0,Not Selected,Forward,BRK,0.04373423044575273
2001-02,Alvin Williams,willial02,PG,27,TOR,82,82,2927,7.4,17.9,0.415,1.1,3.6,0.321,6.3,14.4,0.43799999999999994,1.9,2.6,0.736,1.1,4.1,5.2,8.6,2.5,0.5,2.8,3.5,17.9,102.0,104.0,2002,Alvin Williams-2002,0.0,Not Selected,Guard,TOR,0.03532380151387721
2001-02,Eric Williams,willier01,SF,29,BOS,74,30,1747,4.3,11.4,0.374,0.7,2.6,0.27899999999999997,3.6,8.9,0.401,4.8,6.5,0.731,1.7,4.8,6.6,3.2,2.3,0.2,2.8,5.3,14.0,96.0,103.0,2002,Eric Williams-2002,0.0,Not Selected,Forward,BOS,0.04121110176619008
2001-02,Jason Williams,willija02,PG,26,MEM,65,65,2236,8.9,23.2,0.382,3.0,10.1,0.295,5.9,13.1,0.449,1.9,2.4,0.792,0.5,4.1,4.6,12.2,2.6,0.2,5.0,2.4,22.6,95.0,107.0,2002,Jason Williams-2002,0.0,Not Selected,Guard,MEM,0.01934398654331371
2001-02,Jerome Williams,willije01,PF,28,TOR,68,32,1641,6.3,12.8,0.49,0.0,0.0,0.0,6.3,12.8,0.49,4.5,6.7,0.6759999999999999,5.4,7.3,12.7,2.5,2.6,0.8,2.2,5.0,17.1,113.0,102.0,2002,Jerome Williams-2002,0.0,Not Selected,Forward,TOR,0.03532380151387721
2001-02,Monty Williams,willimo01,SF,30,ORL,68,19,1284,7.9,14.5,0.547,0.0,0.2,0.0,7.9,14.4,0.5529999999999999,3.5,5.4,0.657,3.2,6.2,9.4,3.9,2.0,0.7,3.4,5.4,19.4,108.0,105.0,2002,Monty Williams-2002,0.0,Not Selected,Forward,ORL,0.03700588730025231
2001-02,Scott Williams,willisc01,PF,33,DEN,41,16,737,6.2,15.6,0.396,0.0,0.1,0.0,6.2,15.5,0.4,2.2,3.0,0.732,5.9,9.2,15.1,0.9,1.2,2.4,2.5,7.1,14.6,93.0,106.0,2002,Scott Williams-2002,0.0,Not Selected,Forward,DEN,0.022708158116063918
2001-02,Shammond Williams,willish01,SG,26,SEA,50,2,603,7.2,17.3,0.42,2.5,6.7,0.373,4.7,10.5,0.449,2.8,3.5,0.795,1.4,4.2,5.6,7.4,1.9,0.2,3.1,3.1,19.8,108.0,108.0,2002,Shammond Williams-2002,0.0,Not Selected,Guard,OKC,0.03784693019343986
2001-02,Walt Williams,williwa02,SF,31,HOU,48,25,1117,8.1,19.3,0.419,3.8,8.9,0.426,4.3,10.4,0.413,1.9,2.5,0.784,1.8,6.1,7.9,3.4,0.9,0.5,2.6,5.2,21.9,107.0,111.0,2002,Walt Williams-2002,0.0,Not Selected,Forward,HOU,0.023549201009251473
2001-02,Corliss Williamson,willico02,SF,28,DET,78,7,1701,12.9,25.3,0.51,0.0,0.2,0.2,12.9,25.1,0.512,7.5,9.3,0.805,3.7,6.3,10.0,2.9,1.5,0.8,4.3,7.1,33.3,107.0,104.0,2002,Corliss Williamson-2002,0.0,Not Selected,Forward,DET,0.04205214465937763
2001-02,Kevin Willis,willike02,PF,39,HOU,52,5,865,7.9,17.9,0.44,0.0,0.1,0.0,7.9,17.8,0.442,4.1,5.5,0.747,6.6,12.2,18.8,0.9,1.6,1.4,2.6,6.2,19.8,104.0,104.0,2002,Kevin Willis-2002,0.0,Not Selected,Forward,HOU,0.023549201009251473
2001-02,Loren Woods,woodslo01,C,23,MIN,60,0,516,3.4,9.9,0.344,0.0,0.2,0.0,3.4,9.7,0.35100000000000003,4.5,6.2,0.733,4.7,7.8,12.5,2.3,1.7,3.5,3.7,6.2,11.3,91.0,101.0,2002,Loren Woods-2002,0.0,Not Selected,Center,MIN,0.04205214465937763
2001-02,Metta World Peace,artesro01,SF,22,TOT,55,50,1642,8.6,20.4,0.423,1.7,5.4,0.312,6.9,14.9,0.46399999999999997,4.4,6.5,0.667,2.3,6.3,8.7,4.1,4.5,1.2,3.8,7.0,23.3,96.0,100.0,2002,Metta World Peace-2002,0.0,Not Selected,Forward,TOT,0.03333333333333333
2001-02,Lorenzen Wright,wrighlo02,C,26,MEM,43,33,1251,9.4,20.5,0.45899999999999996,0.0,0.1,0.0,9.4,20.4,0.461,2.9,5.2,0.569,5.5,11.6,17.1,1.9,1.3,1.0,3.0,5.3,21.7,96.0,104.0,2002,Lorenzen Wright-2002,0.0,Not Selected,Center,MEM,0.01934398654331371
2001-02,Wang Zhizhi,zhizhwa01,C,24,DAL,55,0,600,9.4,21.4,0.44,4.1,10.0,0.414,5.3,11.4,0.462,3.6,4.9,0.737,1.6,7.9,9.6,1.9,0.9,1.6,2.2,7.2,26.5,110.0,107.0,2002,Wang Zhizhi-2002,0.0,Not Selected,Center,DAL,0.0479394449116905
2002-03,Tariq Abdul-Wahad,abdulta01,SG,28,DAL,14,0,204,6.9,14.7,0.466,0.0,0.3,0.0,6.9,14.5,0.474,0.8,1.5,0.5,3.6,6.6,10.2,5.3,1.5,0.8,1.8,6.6,14.5,106.0,103.0,2003,Tariq Abdul-Wahad-2003,0.0,Not Selected,Guard,DAL,0.050462573591253154
2002-03,Shareef Abdur-Rahim,abdursh01,PF,26,ATL,81,81,3087,9.7,20.2,0.478,0.4,1.0,0.35,9.3,19.2,0.485,7.8,9.2,0.841,3.0,8.6,11.6,4.1,1.5,0.6,3.6,4.1,27.5,111.0,106.0,2003,Shareef Abdur-Rahim-2003,0.0,Not Selected,Forward,ATL,0.02943650126156434
2002-03,Courtney Alexander,alexaco02,PG,25,NOH,66,7,1360,7.6,19.9,0.382,0.8,2.3,0.33299999999999996,6.9,17.7,0.38799999999999996,4.7,5.8,0.8079999999999999,1.5,3.1,4.7,3.1,1.2,0.2,2.7,4.9,20.7,96.0,106.0,2003,Courtney Alexander-2003,0.0,Not Selected,Guard,NOP,0.03952901597981497
2002-03,Malik Allen,allenma01,PF,24,MIA,80,73,2318,7.9,18.6,0.424,0.0,0.1,0.0,7.9,18.5,0.426,2.3,2.9,0.802,3.2,6.9,10.0,1.3,0.9,1.8,3.0,5.5,18.1,89.0,103.0,2003,Malik Allen-2003,0.0,Not Selected,Forward,MIA,0.021026072329688814
2002-03,Ray Allen,allenra02,SG,27,TOT,76,75,2880,11.1,25.4,0.439,3.7,9.9,0.377,7.4,15.5,0.478,5.9,6.4,0.9159999999999999,1.8,5.3,7.1,6.2,1.9,0.3,3.7,4.1,31.9,111.0,108.0,2003,Ray Allen-2003,0.0,Not Selected,Guard,TOT,0.03333333333333333
2002-03,Rafer Alston,alstora01,PG,26,TOR,47,4,980,7.6,18.3,0.415,2.8,7.1,0.392,4.8,11.2,0.429,2.0,2.9,0.685,1.1,4.7,5.8,10.5,2.1,0.8,4.7,6.5,19.9,100.0,108.0,2003,Rafer Alston-2003,0.0,Not Selected,Guard,TOR,0.020185029436501262
2002-03,John Amaechi,amaecjo01,C,32,UTA,50,1,474,4.2,13.4,0.314,0.0,0.0,0.0,4.2,13.4,0.314,2.8,5.9,0.48100000000000004,2.9,5.8,8.7,2.4,1.6,0.8,3.9,5.7,11.2,73.0,105.0,2003,John Amaechi-2003,0.0,Not Selected,Center,UTA,0.03952901597981497
2002-03,Chris Andersen,anderch01,C,24,DEN,59,3,907,6.6,16.6,0.4,0.0,0.1,0.0,6.6,16.5,0.401,4.5,8.1,0.55,6.3,9.6,15.9,1.9,1.7,3.5,3.5,5.2,17.7,91.0,97.0,2003,Chris Andersen-2003,0.0,Not Selected,Center,DEN,0.014297729184188394
2002-03,Derek Anderson,anderde01,PG,28,POR,76,76,2556,7.5,17.5,0.42700000000000005,2.4,7.0,0.35,5.0,10.5,0.47700000000000004,4.9,5.7,0.8590000000000001,1.1,4.4,5.5,6.8,1.9,0.3,2.7,3.0,22.2,115.0,105.0,2003,Derek Anderson-2003,0.0,Not Selected,Guard,POR,0.04205214465937763
2002-03,Kenny Anderson,anderke01,PG,32,TOT,61,2,1135,7.8,18.2,0.42700000000000005,0.0,0.3,0.14300000000000002,7.7,17.9,0.43200000000000005,2.1,2.7,0.789,1.5,4.8,6.3,9.5,2.8,0.2,3.6,5.1,17.8,98.0,103.0,2003,Kenny Anderson-2003,0.0,Not Selected,Guard,TOT,0.03333333333333333
2002-03,Shandon Anderson,andersh01,SF,29,NYK,82,9,1731,7.6,16.4,0.462,1.6,4.3,0.371,6.0,12.1,0.494,4.2,5.8,0.732,2.0,5.8,7.8,2.7,2.2,0.6,3.5,5.4,21.0,101.0,105.0,2003,Shandon Anderson-2003,0.0,Not Selected,Forward,NYK,0.031118587047939444
2002-03,Robert Archibald,archiro01,PF,22,MEM,12,0,72,4.3,14.4,0.3,0.0,0.0,0.0,4.3,14.4,0.3,5.0,12.9,0.389,4.3,7.9,12.2,2.2,0.0,2.2,5.0,6.5,13.7,69.0,109.0,2003,Robert Archibald-2003,0.0,Not Selected,Forward,MEM,0.023549201009251473
2002-03,Gilbert Arenas,arenagi01,PG,21,GSW,82,82,2866,9.0,21.0,0.431,1.9,5.6,0.348,7.1,15.4,0.461,6.6,8.3,0.7909999999999999,1.7,5.1,6.9,9.1,2.2,0.3,5.2,4.6,26.6,108.0,110.0,2003,Gilbert Arenas-2003,0.0,Not Selected,Guard,GSW,0.031959629941127
2002-03,Brandon Armstrong,armstbr01,SG,22,NJN,17,0,69,6.8,20.5,0.33299999999999996,0.8,4.6,0.16699999999999998,6.1,16.0,0.381,3.8,4.6,0.833,0.0,3.0,3.0,1.5,2.3,0.8,3.8,6.1,18.2,76.0,100.0,2003,Brandon Armstrong-2003,0.0,Not Selected,Guard,BRK,0.04121110176619008
2002-03,Darrell Armstrong,armstda01,PG,34,ORL,82,23,2350,5.8,14.1,0.409,1.7,5.1,0.336,4.1,9.0,0.45,3.6,4.1,0.878,2.0,4.5,6.5,7.1,3.0,0.3,3.5,3.7,16.9,106.0,104.0,2003,Darrell Armstrong-2003,0.0,Not Selected,Guard,ORL,0.03532380151387721
2002-03,Carlos Arroyo,arroyca01,PG,23,UTA,44,0,287,9.4,20.4,0.45899999999999996,0.6,1.3,0.429,8.8,19.1,0.461,3.4,4.1,0.818,2.1,2.8,4.9,9.9,2.2,0.2,5.6,5.2,22.7,98.0,106.0,2003,Carlos Arroyo-2003,0.0,Not Selected,Guard,UTA,0.03952901597981497
2002-03,Chucky Atkins,atkinch01,PG,28,DET,65,7,1398,6.6,18.4,0.361,3.4,9.6,0.355,3.2,8.8,0.368,1.6,1.9,0.816,0.8,3.0,3.8,6.9,1.1,0.2,3.0,4.3,18.3,97.0,105.0,2003,Chucky Atkins-2003,0.0,Not Selected,Guard,DET,0.04205214465937763
2002-03,Stacey Augmon,augmost01,SG,34,NOH,70,3,862,4.9,12.0,0.41100000000000003,0.0,0.4,0.0,4.9,11.5,0.42700000000000005,3.4,4.5,0.75,1.6,5.8,7.4,4.3,1.7,0.6,2.5,5.0,13.2,99.0,103.0,2003,Stacey Augmon-2003,0.0,Not Selected,Guard,NOP,0.03952901597981497
2002-03,Dalibor Bagarić,bagarda01,C,22,CHI,10,0,76,5.4,17.6,0.308,0.0,0.0,0.0,5.4,17.6,0.308,2.0,2.7,0.75,4.7,8.8,13.5,2.7,2.0,2.0,3.4,7.4,12.8,77.0,102.0,2003,Dalibor Bagarić-2003,0.0,Not Selected,Center,CHI,0.025231286795626577
2002-03,Vin Baker,bakervi01,C,31,BOS,52,9,942,5.6,11.6,0.478,0.0,0.2,0.0,5.6,11.4,0.488,4.0,6.0,0.6729999999999999,5.0,6.1,11.1,1.6,1.2,1.7,3.4,8.2,15.1,101.0,102.0,2003,Vin Baker-2003,0.0,Not Selected,Center,BOS,0.03700588730025231
2002-03,Brent Barry,barrybr01,SG,31,SEA,75,68,2480,5.8,12.7,0.45799999999999996,2.6,6.4,0.40299999999999997,3.2,6.2,0.514,2.8,3.5,0.795,1.1,5.6,6.6,8.4,2.5,0.3,3.1,4.4,17.0,115.0,104.0,2003,Brent Barry-2003,0.0,Not Selected,Guard,OKC,0.0336417157275021
2002-03,Jon Barry,barryjo01,SG,33,DET,80,0,1473,7.2,15.9,0.45,3.3,8.0,0.40700000000000003,3.9,7.9,0.495,3.2,3.8,0.86,1.2,5.5,6.8,7.7,2.4,0.5,3.0,3.9,20.8,116.0,100.0,2003,Jon Barry-2003,0.0,Not Selected,Guard,DET,0.04205214465937763
2002-03,Maceo Baston,bastoma01,PF,27,TOR,16,0,106,7.6,12.6,0.6,0.0,0.0,0.0,7.6,12.6,0.6,5.0,6.0,0.833,2.0,9.6,11.6,0.0,2.0,5.5,3.0,8.1,20.2,113.0,100.0,2003,Maceo Baston-2003,0.0,Not Selected,Forward,TOR,0.020185029436501262
2002-03,Mengke Bateer,bateeme01,C,27,SAS,12,0,46,4.6,19.7,0.235,1.2,3.5,0.33299999999999996,3.5,16.2,0.214,0.0,2.3,0.0,2.3,9.3,11.6,4.6,0.0,0.0,7.0,16.2,10.4,53.0,102.0,2003,Mengke Bateer-2003,0.0,Not Selected,Center,SAS,0.050462573591253154
2002-03,Mike Batiste,batismi01,PF,25,MEM,75,2,1248,8.2,19.4,0.42200000000000004,0.7,3.4,0.222,7.4,16.0,0.46399999999999997,2.9,3.7,0.784,3.4,7.3,10.7,2.2,1.7,0.7,2.9,5.0,20.0,96.0,107.0,2003,Mike Batiste-2003,0.0,Not Selected,Forward,MEM,0.023549201009251473
2002-03,Tony Battie,battito01,C,26,BOS,67,62,1683,6.2,11.6,0.539,0.0,0.2,0.2,6.2,11.4,0.544,2.8,3.7,0.746,4.6,8.9,13.6,1.5,1.0,2.5,1.5,6.2,15.3,119.0,100.0,2003,Tony Battie-2003,0.0,Not Selected,Center,BOS,0.03700588730025231
2002-03,Shane Battier,battish01,SF,24,MEM,78,47,2383,6.0,12.4,0.483,1.9,4.7,0.39799999999999996,4.1,7.7,0.535,2.6,3.2,0.828,2.8,4.7,7.5,2.3,2.2,1.9,1.5,4.5,16.4,120.0,107.0,2003,Shane Battier-2003,0.0,Not Selected,Forward,MEM,0.023549201009251473
2002-03,Lonny Baxter,baxtelo01,C,24,CHI,55,0,682,7.2,15.5,0.466,0.0,0.2,0.0,7.2,15.3,0.47100000000000003,5.3,7.7,0.68,4.9,7.5,12.4,1.2,0.7,1.7,3.5,10.2,19.7,100.0,106.0,2003,Lonny Baxter-2003,0.0,Not Selected,Center,CHI,0.025231286795626577
2002-03,Raja Bell,bellra01,SG,26,DAL,75,32,1173,4.1,9.3,0.441,0.9,2.3,0.41200000000000003,3.2,7.1,0.45,1.0,1.5,0.6759999999999999,2.1,4.3,6.4,2.5,2.3,0.4,1.9,5.9,10.2,101.0,104.0,2003,Raja Bell-2003,0.0,Not Selected,Guard,DAL,0.050462573591253154
2002-03,Jonathan Bender,bendejo01,SF,22,IND,46,2,819,7.2,16.3,0.441,1.2,3.4,0.358,6.0,12.9,0.46299999999999997,3.8,5.4,0.7140000000000001,2.7,5.8,8.5,2.7,0.5,3.6,2.7,5.5,19.4,103.0,102.0,2003,Jonathan Bender-2003,0.0,Not Selected,Forward,IND,0.040370058873002525
2002-03,Corey Benjamin,benjaco01,SG,24,ATL,9,0,152,4.5,14.9,0.302,0.7,4.5,0.154,3.8,10.4,0.36700000000000005,4.2,5.6,0.75,3.5,7.3,10.8,3.5,0.3,0.7,2.1,6.9,13.9,93.0,109.0,2003,Corey Benjamin-2003,0.0,Not Selected,Guard,ATL,0.02943650126156434
2002-03,Travis Best,besttr01,PG,30,MIA,72,52,1807,7.0,17.6,0.396,1.1,3.3,0.33,5.9,14.3,0.41100000000000003,3.2,3.7,0.8540000000000001,0.8,3.7,4.4,7.7,1.3,0.2,3.2,5.3,18.2,97.0,106.0,2003,Travis Best-2003,0.0,Not Selected,Guard,MIA,0.021026072329688814
2002-03,Mike Bibby,bibbymi01,PG,24,SAC,55,55,1835,9.0,19.2,0.47,1.5,3.8,0.409,7.5,15.4,0.485,4.4,5.1,0.861,0.9,3.1,4.0,7.8,2.0,0.2,3.5,2.6,24.0,109.0,103.0,2003,Mike Bibby-2003,0.0,Not Selected,Guard,SAC,0.0496215306980656
2002-03,Chauncey Billups,billuch01,PG,26,DET,74,74,2327,8.7,20.7,0.42100000000000004,3.5,9.0,0.392,5.2,11.6,0.44299999999999995,7.6,8.6,0.878,0.9,5.6,6.5,6.8,1.5,0.4,3.2,3.2,28.5,116.0,102.0,2003,Chauncey Billups-2003,0.0,Not Selected,Guard,DET,0.04205214465937763
2002-03,Corie Blount,blounco01,C,34,CHI,50,3,836,4.0,8.2,0.485,0.0,0.0,0.0,4.0,8.2,0.485,1.2,2.1,0.5710000000000001,4.2,8.4,12.6,3.1,2.0,1.2,2.6,7.4,9.2,99.0,103.0,2003,Corie Blount-2003,0.0,Not Selected,Center,CHI,0.025231286795626577
2002-03,Mark Blount,blounma01,C,27,TOT,81,31,1403,5.6,13.1,0.43200000000000005,0.0,0.0,0.0,5.6,13.1,0.43200000000000005,3.8,5.2,0.727,4.2,7.4,11.6,2.1,1.6,2.6,3.9,7.0,15.1,93.0,100.0,2003,Mark Blount-2003,0.0,Not Selected,Center,TOT,0.03333333333333333
2002-03,Calvin Booth,boothca01,C,26,SEA,47,0,575,4.9,11.3,0.43700000000000006,0.0,0.2,0.0,4.9,11.1,0.444,3.2,4.5,0.723,3.0,7.3,10.3,1.1,1.0,3.1,2.1,7.0,13.1,99.0,103.0,2003,Calvin Booth-2003,0.0,Not Selected,Center,OKC,0.0336417157275021
2002-03,Carlos Boozer,boozeca01,PF,21,CLE,81,54,2049,8.3,15.4,0.536,0.0,0.0,0.0,8.3,15.4,0.536,3.7,4.8,0.7709999999999999,5.0,10.1,15.2,2.6,1.5,1.2,2.6,5.6,20.2,114.0,105.0,2003,Carlos Boozer-2003,0.0,Not Selected,Forward,CLE,0.014297729184188394
2002-03,Ruben Boumtje-Boumtje,boumtru01,C,24,POR,2,0,5,0.0,10.7,0.0,0.0,0.0,0.0,0.0,10.7,0.0,0.0,0.0,0.0,10.7,0.0,10.7,10.7,10.7,0.0,0.0,0.0,0.0,90.0,90.0,2003,Ruben Boumtje-Boumtje-2003,0.0,Not Selected,Center,POR,0.04205214465937763
2002-03,Bruce Bowen,bowenbr01,SF,31,SAS,82,82,2566,4.6,10.0,0.466,2.1,4.8,0.441,2.5,5.2,0.488,0.7,1.8,0.40399999999999997,1.2,3.7,5.0,2.3,1.4,0.9,1.5,4.1,12.1,110.0,103.0,2003,Bruce Bowen-2003,0.0,Not Selected,Forward,SAS,0.050462573591253154
2002-03,Ryan Bowen,bowenry01,SG,27,DEN,62,31,996,5.1,10.4,0.49200000000000005,0.1,0.4,0.28600000000000003,5.0,10.1,0.5,1.4,2.2,0.659,4.1,4.2,8.3,2.9,3.4,1.5,2.3,4.3,11.8,103.0,99.0,2003,Ryan Bowen-2003,0.0,Not Selected,Guard,DEN,0.014297729184188394
2002-03,Earl Boykins,boykiea01,PG,26,GSW,68,0,1321,7.7,17.9,0.429,1.1,3.0,0.377,6.6,14.9,0.439,6.7,7.7,0.865,1.3,2.0,3.4,8.5,1.5,0.2,2.8,2.9,23.1,118.0,114.0,2003,Earl Boykins-2003,0.0,Not Selected,Guard,GSW,0.031959629941127
2002-03,Michael Bradley,bradlmi01,PF,23,TOR,67,11,1314,6.1,12.8,0.48100000000000004,0.0,0.2,0.16699999999999998,6.1,12.5,0.48700000000000004,1.4,2.7,0.522,6.6,10.0,16.6,2.7,0.7,1.3,3.1,5.1,13.7,100.0,107.0,2003,Michael Bradley-2003,0.0,Not Selected,Forward,TOR,0.020185029436501262
2002-03,Shawn Bradley,bradlsh01,C,30,DAL,81,39,1731,6.0,11.2,0.536,0.0,0.0,0.0,6.0,11.2,0.537,4.2,5.2,0.8059999999999999,4.5,9.7,14.3,1.6,1.9,5.1,2.0,7.3,16.3,121.0,96.0,2003,Shawn Bradley-2003,0.0,Not Selected,Center,DAL,0.050462573591253154
2002-03,Elton Brand,brandel01,PF,23,LAC,62,61,2454,9.7,19.3,0.502,0.0,0.0,0.0,9.7,19.2,0.502,5.2,7.6,0.685,6.1,9.0,15.1,3.4,1.5,3.4,3.4,4.4,24.5,109.0,103.0,2003,Elton Brand-2003,0.0,Not Selected,Forward,LAC,0.022708158116063918
2002-03,J.R. Bremer,bremejr01,PG,22,BOS,64,41,1503,6.0,16.3,0.369,3.5,10.1,0.353,2.5,6.3,0.39299999999999996,3.0,3.9,0.7659999999999999,0.6,4.5,5.1,5.8,1.3,0.1,2.1,2.8,18.6,106.0,105.0,2003,J.R. Bremer-2003,0.0,Not Selected,Guard,BOS,0.03700588730025231
2002-03,Jamison Brewer,breweja01,PG,22,IND,10,0,80,5.9,11.1,0.529,0.0,1.3,0.0,5.9,9.8,0.6,2.6,5.9,0.444,3.3,2.6,5.9,11.8,1.3,0.7,3.9,7.2,14.4,108.0,105.0,2003,Jamison Brewer-2003,0.0,Not Selected,Guard,IND,0.040370058873002525
2002-03,Primož Brezec,brezepr01,C,23,IND,22,1,111,7.1,17.9,0.395,0.0,0.5,0.0,7.1,17.5,0.405,5.7,9.4,0.6,6.1,4.7,10.9,1.9,0.9,1.9,3.3,7.6,19.8,95.0,103.0,2003,Primož Brezec-2003,0.0,Not Selected,Center,IND,0.040370058873002525
2002-03,Damone Brown,brownda02,PF,23,TOR,5,3,115,5.1,16.3,0.314,0.0,0.9,0.0,5.1,15.3,0.33299999999999996,2.8,3.7,0.75,1.4,5.6,7.0,1.4,0.5,0.0,2.8,6.5,13.0,74.0,111.0,2003,Damone Brown-2003,0.0,Not Selected,Forward,TOR,0.020185029436501262
2002-03,Devin Brown,brownde02,SG,24,TOT,10,2,93,6.8,19.9,0.34299999999999997,0.0,0.6,0.0,6.8,19.3,0.353,3.4,4.5,0.75,4.5,5.7,10.2,4.0,2.3,0.6,5.1,8.0,17.1,80.0,101.0,2003,Devin Brown-2003,0.0,Not Selected,Guard,TOT,0.03333333333333333
2002-03,Kedrick Brown,brownke01,SF,21,BOS,51,5,666,4.8,13.6,0.35700000000000004,0.2,3.1,0.077,4.6,10.5,0.439,1.6,2.5,0.625,3.6,7.5,11.1,1.6,2.7,1.0,1.8,5.4,11.5,86.0,99.0,2003,Kedrick Brown-2003,0.0,Not Selected,Forward,BOS,0.03700588730025231
2002-03,Kwame Brown,brownkw01,C,20,WAS,80,20,1773,6.9,15.4,0.446,0.0,0.1,0.0,6.9,15.3,0.449,4.5,6.7,0.6679999999999999,3.9,9.2,13.1,1.8,1.5,2.5,3.4,4.9,18.2,96.0,102.0,2003,Kwame Brown-2003,0.0,Not Selected,Center,WAS,0.031118587047939444
2002-03,P.J. Brown,brownpj01,PF,33,NOH,78,78,2609,6.6,12.4,0.531,0.0,0.1,0.0,6.6,12.3,0.5329999999999999,4.0,4.8,0.836,5.0,9.4,14.4,3.0,1.4,1.6,2.0,4.2,17.1,122.0,100.0,2003,P.J. Brown-2003,0.0,Not Selected,Forward,NOP,0.03952901597981497
2002-03,Randy Brown,brownra02,PG,34,PHO,32,0,262,3.2,8.6,0.37200000000000005,0.0,0.0,0.0,3.2,8.6,0.37200000000000005,1.8,2.4,0.75,0.6,4.6,5.2,7.0,3.4,0.4,3.4,7.2,8.2,86.0,101.0,2003,Randy Brown-2003,0.0,Not Selected,Guard,PHO,0.03700588730025231
2002-03,Tierre Brown,brownti01,PG,23,CLE,15,0,168,8.2,17.9,0.45799999999999996,0.0,0.3,0.0,8.2,17.6,0.466,3.3,4.3,0.7859999999999999,2.4,6.7,9.1,11.9,4.0,0.0,6.7,2.7,19.8,94.0,103.0,2003,Tierre Brown-2003,0.0,Not Selected,Guard,CLE,0.014297729184188394
2002-03,Rick Brunson,brunsri01,PG,30,CHI,17,0,196,6.0,13.1,0.46,1.0,1.6,0.667,5.0,11.5,0.43200000000000005,2.6,3.1,0.833,1.0,3.9,5.0,9.4,2.6,0.8,4.5,5.2,15.7,102.0,106.0,2003,Rick Brunson-2003,0.0,Not Selected,Guard,CHI,0.025231286795626577
2002-03,Kobe Bryant,bryanko01,SG,24,LAL,82,82,3401,13.2,29.4,0.451,1.9,4.9,0.38299999999999995,11.4,24.4,0.465,9.2,10.9,0.843,1.6,7.0,8.6,7.3,2.8,1.0,4.4,3.3,37.6,111.0,103.0,2003,Kobe Bryant-2003,1.0,1st,Guard,LAL,0.04205214465937763
2002-03,Mark Bryant,bryanma01,PF,37,TOT,16,0,100,2.6,10.0,0.263,0.0,0.0,0.0,2.6,10.0,0.263,1.6,2.1,0.75,4.2,6.3,10.5,2.1,0.5,0.5,3.7,9.5,6.8,69.0,106.0,2003,Mark Bryant-2003,0.0,Not Selected,Forward,TOT,0.03333333333333333
2002-03,Greg Buckner,buckngr01,SG,26,PHI,75,5,1514,6.4,13.8,0.465,0.5,1.9,0.273,5.9,11.9,0.496,2.3,2.8,0.802,2.5,5.0,7.5,3.3,2.5,0.6,2.1,7.0,15.6,106.0,103.0,2003,Greg Buckner-2003,0.0,Not Selected,Guard,PHI,0.040370058873002525
2002-03,Pat Burke,burkepa01,C,29,ORL,62,8,783,7.4,19.5,0.382,0.1,0.5,0.14300000000000002,7.4,19.0,0.38799999999999996,2.6,3.8,0.69,3.8,5.9,9.6,1.5,1.3,1.6,3.1,6.5,17.6,86.0,106.0,2003,Pat Burke-2003,0.0,Not Selected,Center,ORL,0.03532380151387721
2002-03,Caron Butler,butleca01,SF,22,MIA,78,78,2858,8.2,19.7,0.41600000000000004,0.7,2.0,0.318,7.6,17.7,0.42700000000000005,5.9,7.2,0.8240000000000001,2.6,5.0,7.6,4.1,2.6,0.6,3.7,4.4,23.0,99.0,102.0,2003,Caron Butler-2003,0.0,Not Selected,Forward,MIA,0.021026072329688814
2002-03,Rasual Butler,butlera01,SG,23,MIA,72,28,1514,7.5,20.6,0.36200000000000004,1.8,6.2,0.292,5.7,14.5,0.392,2.7,3.8,0.731,1.0,5.7,6.7,3.4,0.8,1.6,2.8,3.8,19.5,88.0,104.0,2003,Rasual Butler-2003,0.0,Not Selected,Guard,MIA,0.021026072329688814
2002-03,Jason Caffey,caffeja01,PF,29,MIL,51,16,894,6.7,14.7,0.456,0.0,0.0,0.0,6.7,14.7,0.456,4.1,6.3,0.6509999999999999,4.0,6.4,10.5,2.3,1.1,0.9,3.3,7.2,17.5,98.0,110.0,2003,Jason Caffey-2003,0.0,Not Selected,Forward,MIL,0.03532380151387721
2002-03,Marcus Camby,cambyma01,C,28,DEN,29,9,616,8.0,19.4,0.41,0.2,0.4,0.4,7.8,19.0,0.41,2.8,4.3,0.66,6.4,11.4,17.8,4.0,1.7,3.4,2.3,5.9,18.9,99.0,96.0,2003,Marcus Camby-2003,0.0,Not Selected,Center,DEN,0.014297729184188394
2002-03,Elden Campbell,campbel01,C,34,TOT,56,1,869,7.3,18.3,0.397,0.0,0.1,0.0,7.3,18.2,0.39799999999999996,6.8,8.4,0.8009999999999999,2.9,8.3,11.2,3.2,2.0,2.4,3.1,8.0,21.3,100.0,99.0,2003,Elden Campbell-2003,0.0,Not Selected,Center,TOT,0.03333333333333333
2002-03,Brian Cardinal,cardibr01,PF,25,WAS,5,0,15,3.6,14.5,0.25,0.0,3.6,0.0,3.6,10.9,0.33299999999999996,7.3,7.3,1.0,10.9,7.3,18.1,3.6,0.0,0.0,3.6,0.0,14.5,100.0,109.0,2003,Brian Cardinal-2003,0.0,Not Selected,Forward,WAS,0.031118587047939444
2002-03,Anthony Carter,cartean01,PG,27,MIA,49,26,912,5.0,14.0,0.35600000000000004,0.0,0.5,0.0,5.0,13.5,0.369,2.0,3.0,0.66,0.7,4.3,5.0,12.2,2.7,0.3,4.9,4.2,11.9,84.0,103.0,2003,Anthony Carter-2003,0.0,Not Selected,Guard,MIA,0.021026072329688814
2002-03,Vince Carter,cartevi01,SG,26,TOR,43,42,1471,12.9,27.6,0.467,1.6,4.8,0.344,11.3,22.8,0.493,4.7,5.8,0.8059999999999999,2.1,4.7,6.8,5.2,1.7,1.5,2.7,4.4,32.1,109.0,108.0,2003,Vince Carter-2003,0.0,Not Selected,Guard,TOR,0.020185029436501262
2002-03,Sam Cassell,cassesa01,PG,33,MIL,78,77,2700,10.7,22.9,0.47,1.2,3.2,0.36200000000000004,9.6,19.6,0.48700000000000004,7.6,8.8,0.861,1.1,5.6,6.7,8.9,1.7,0.3,3.5,4.2,30.2,115.0,110.0,2003,Sam Cassell-2003,0.0,Not Selected,Guard,MIL,0.03532380151387721
2002-03,Kelvin Cato,catoke01,C,28,HOU,73,5,1247,5.8,11.1,0.52,0.0,0.2,0.0,5.8,10.9,0.528,2.9,5.4,0.532,5.7,12.8,18.6,0.9,1.6,3.7,2.4,7.6,14.4,107.0,96.0,2003,Kelvin Cato-2003,0.0,Not Selected,Center,HOU,0.03616484440706476
2002-03,Tyson Chandler,chandty01,C,20,CHI,75,68,1827,7.2,13.6,0.531,0.0,0.0,0.0,7.2,13.6,0.531,5.0,8.2,0.608,4.7,9.7,14.4,2.1,1.0,3.0,3.8,6.2,19.4,104.0,103.0,2003,Tyson Chandler-2003,0.0,Not Selected,Center,CHI,0.025231286795626577
2002-03,Calbert Cheaney,cheanca01,SG,31,UTA,81,74,2351,7.4,14.9,0.499,0.2,0.6,0.4,7.2,14.3,0.503,0.9,1.6,0.58,1.7,4.8,6.5,3.7,1.5,0.3,2.5,5.1,16.0,100.0,106.0,2003,Calbert Cheaney-2003,0.0,Not Selected,Guard,UTA,0.03952901597981497
2002-03,Chris Childs,childch01,PG,35,NJN,12,0,106,3.0,9.9,0.3,0.5,3.0,0.16699999999999998,2.5,6.9,0.35700000000000004,1.0,1.5,0.667,1.5,1.0,2.5,7.9,4.0,0.5,3.0,8.4,7.4,84.0,98.0,2003,Chris Childs-2003,0.0,Not Selected,Guard,BRK,0.04121110176619008
2002-03,Doug Christie,chrisdo01,SG,32,SAC,80,80,2710,5.0,10.3,0.479,1.4,3.4,0.395,3.6,6.9,0.522,2.6,3.2,0.81,1.1,5.2,6.4,7.0,3.3,0.7,2.7,3.5,13.9,113.0,98.0,2003,Doug Christie-2003,0.0,Not Selected,Guard,SAC,0.0496215306980656
2002-03,Keon Clark,clarkke01,C,27,SAC,80,11,1780,6.4,12.8,0.501,0.0,0.1,0.0,6.4,12.6,0.506,2.4,3.6,0.6559999999999999,3.9,8.9,12.8,2.3,1.1,4.2,2.7,6.4,15.2,103.0,97.0,2003,Keon Clark-2003,0.0,Not Selected,Center,SAC,0.0496215306980656
2002-03,Speedy Claxton,claxtsp01,PG,24,SAS,30,0,471,7.6,16.4,0.462,0.0,1.2,0.0,7.6,15.2,0.5,4.4,6.5,0.684,2.5,3.8,6.3,8.5,2.5,0.8,4.0,4.9,19.6,105.0,101.0,2003,Speedy Claxton-2003,0.0,Not Selected,Guard,SAS,0.050462573591253154
2002-03,Mateen Cleaves,cleavma01,PG,25,SAC,12,0,55,5.5,21.0,0.261,0.9,0.9,1.0,4.6,20.1,0.22699999999999998,2.7,3.7,0.75,0.9,6.4,7.3,9.2,1.8,0.0,12.8,5.5,14.6,55.0,101.0,2003,Mateen Cleaves-2003,0.0,Not Selected,Guard,SAC,0.0496215306980656
2002-03,Derrick Coleman,colemde01,C,35,PHI,64,35,1742,6.7,15.0,0.44799999999999995,0.7,2.0,0.32799999999999996,6.1,13.0,0.466,4.0,5.2,0.784,4.6,9.0,13.6,2.6,1.6,2.1,2.9,5.2,18.1,106.0,101.0,2003,Derrick Coleman-2003,0.0,Not Selected,Center,PHI,0.040370058873002525
2002-03,Bimbo Coles,colesbi01,PG,34,TOT,35,11,691,4.2,12.5,0.33299999999999996,0.5,2.4,0.21899999999999997,3.7,10.1,0.36,2.6,3.1,0.833,0.8,3.6,4.4,5.4,1.3,0.3,2.1,4.5,11.5,92.0,109.0,2003,Bimbo Coles-2003,0.0,Not Selected,Guard,TOT,0.03333333333333333
2002-03,Jason Collier,collija02,C,25,HOU,13,3,104,8.8,18.7,0.47200000000000003,0.0,0.0,0.0,8.8,18.7,0.47200000000000003,1.0,1.0,1.0,6.2,8.8,15.1,0.5,1.0,0.5,1.0,5.2,18.7,110.0,104.0,2003,Jason Collier-2003,0.0,Not Selected,Center,HOU,0.03616484440706476
2002-03,Jarron Collins,collija03,C,24,UTA,22,7,421,4.9,11.0,0.442,0.0,0.1,0.0,4.9,10.9,0.447,5.6,7.9,0.71,4.1,3.6,7.7,1.8,0.6,0.8,2.4,8.9,15.3,108.0,108.0,2003,Jarron Collins-2003,0.0,Not Selected,Center,UTA,0.03952901597981497
2002-03,Jason Collins,collija04,C,24,NJN,81,66,1900,3.9,9.3,0.414,0.0,0.1,0.0,3.9,9.2,0.419,5.0,6.5,0.763,3.8,6.4,10.2,2.4,1.3,1.2,2.3,7.0,12.7,107.0,99.0,2003,Jason Collins-2003,0.0,Not Selected,Center,BRK,0.04121110176619008
2002-03,Chris Crawford,crawfch01,PF,27,ATL,5,0,38,11.1,18.1,0.615,1.4,4.2,0.33299999999999996,9.7,13.9,0.7,9.7,11.1,0.875,4.2,5.6,9.7,1.4,2.8,4.2,2.8,9.7,33.3,136.0,102.0,2003,Chris Crawford-2003,0.0,Not Selected,Forward,ATL,0.02943650126156434
2002-03,Jamal Crawford,crawfja01,PG,22,CHI,80,31,1992,8.6,20.8,0.413,2.2,6.2,0.355,6.4,14.6,0.43799999999999994,2.7,3.3,0.8059999999999999,0.5,4.2,4.8,8.6,2.0,0.6,3.5,3.2,22.1,101.0,107.0,2003,Jamal Crawford-2003,0.0,Not Selected,Guard,CHI,0.025231286795626577
2002-03,Austin Croshere,croshau01,PF,27,IND,49,0,633,7.1,17.3,0.41100000000000003,2.2,5.7,0.391,4.9,11.6,0.42100000000000004,4.4,5.4,0.815,3.3,9.5,12.8,4.6,0.5,1.1,2.3,4.0,20.9,111.0,102.0,2003,Austin Croshere-2003,0.0,Not Selected,Forward,IND,0.040370058873002525
2002-03,John Crotty,crottjo01,PG,33,DEN,12,0,180,4.1,12.0,0.341,1.2,3.8,0.308,2.9,8.2,0.35700000000000004,2.6,4.4,0.6,0.3,4.1,4.4,8.5,0.9,0.0,2.6,4.7,12.0,95.0,106.0,2003,John Crotty-2003,0.0,Not Selected,Guard,DEN,0.014297729184188394
2002-03,Eddy Curry,curryed01,C,20,CHI,81,48,1571,10.9,18.7,0.585,0.0,0.0,0.0,10.9,18.7,0.585,5.8,9.4,0.624,3.8,7.7,11.5,1.2,0.6,2.0,4.5,7.4,27.7,106.0,106.0,2003,Eddy Curry-2003,0.0,Not Selected,Center,CHI,0.025231286795626577
2002-03,Michael Curry,currymi01,SF,34,DET,78,77,1555,3.3,8.1,0.402,0.6,1.9,0.29600000000000004,2.7,6.2,0.434,1.3,1.6,0.8,0.6,3.9,4.5,3.7,1.6,0.1,1.5,5.8,8.4,98.0,103.0,2003,Michael Curry-2003,0.0,Not Selected,Forward,DET,0.04205214465937763
2002-03,Erick Dampier,dampier01,C,27,GSW,82,82,1978,6.7,13.4,0.496,0.0,0.1,0.0,6.7,13.4,0.498,4.0,5.7,0.698,6.4,7.6,14.0,1.5,0.7,4.0,2.9,6.2,17.3,111.0,108.0,2003,Erick Dampier-2003,0.0,Not Selected,Center,GSW,0.031959629941127
2002-03,Antonio Daniels,daniean01,SG,27,POR,67,2,872,5.2,11.5,0.452,1.1,3.6,0.305,4.1,7.8,0.52,4.0,4.7,0.855,0.7,3.8,4.4,5.2,2.0,0.6,2.0,2.6,15.5,117.0,105.0,2003,Antonio Daniels-2003,0.0,Not Selected,Guard,POR,0.04205214465937763
2002-03,Antonio Davis,davisan01,C,34,TOR,53,52,1894,7.4,18.1,0.40700000000000003,0.0,0.0,0.0,7.4,18.1,0.40700000000000003,6.1,7.9,0.7709999999999999,3.7,8.7,12.3,3.7,0.6,1.7,3.3,4.2,20.8,99.0,107.0,2003,Antonio Davis-2003,0.0,Not Selected,Center,TOR,0.020185029436501262
2002-03,Baron Davis,davisba01,PG,23,NOH,50,47,1889,9.4,22.7,0.41600000000000004,2.8,8.0,0.35,6.6,14.6,0.452,2.6,3.7,0.71,1.6,3.7,5.3,9.1,2.6,0.6,4.0,4.2,24.3,103.0,102.0,2003,Baron Davis-2003,0.0,Not Selected,Guard,NOP,0.03952901597981497
2002-03,Dale Davis,davisda01,C,33,POR,78,78,2282,5.6,10.3,0.541,0.0,0.0,0.0,5.6,10.3,0.541,2.5,3.9,0.633,5.5,7.8,13.3,2.2,1.2,1.6,1.7,4.4,13.6,119.0,103.0,2003,Dale Davis-2003,0.0,Not Selected,Center,POR,0.04205214465937763
2002-03,Emanual Davis,davisem01,SG,34,ATL,24,1,340,5.0,13.7,0.364,1.1,4.5,0.24100000000000002,3.9,9.2,0.424,2.6,3.4,0.773,0.8,5.9,6.7,5.6,1.9,0.3,3.9,4.3,13.7,87.0,107.0,2003,Emanual Davis-2003,0.0,Not Selected,Guard,ATL,0.02943650126156434
2002-03,Hubert Davis,davishu01,SG,32,DET,43,1,328,5.2,13.3,0.392,2.0,6.1,0.33299999999999996,3.2,7.3,0.442,0.8,1.0,0.833,1.0,5.1,6.1,4.9,0.8,0.0,1.9,3.9,13.3,101.0,104.0,2003,Hubert Davis-2003,0.0,Not Selected,Guard,DET,0.04205214465937763
2002-03,Ricky Davis,davisri01,SG,23,CLE,79,76,3131,9.8,24.0,0.41,1.2,3.3,0.363,8.6,20.7,0.41700000000000004,5.7,7.6,0.748,1.6,4.8,6.4,7.1,2.0,0.6,4.5,2.9,26.5,98.0,108.0,2003,Ricky Davis-2003,0.0,Not Selected,Guard,CLE,0.014297729184188394
2002-03,Andrew DeClercq,declean01,C,29,ORL,77,21,1327,5.8,10.8,0.534,0.0,0.0,0.0,5.8,10.8,0.534,2.6,4.0,0.644,5.5,7.7,13.2,2.0,1.5,1.4,3.3,10.0,14.2,106.0,104.0,2003,Andrew DeClercq-2003,0.0,Not Selected,Center,ORL,0.03532380151387721
2002-03,Tony Delk,delkto01,PG,29,BOS,67,39,1873,6.6,15.8,0.41600000000000004,3.4,8.6,0.395,3.2,7.2,0.441,1.9,2.5,0.782,1.2,5.4,6.5,4.1,2.0,0.3,1.9,3.5,18.4,108.0,103.0,2003,Tony Delk-2003,0.0,Not Selected,Guard,BOS,0.03700588730025231
2002-03,Dan Dickau,dickada01,PG,24,ATL,50,0,515,7.2,17.4,0.41200000000000003,2.3,6.3,0.361,4.9,11.2,0.44,2.2,2.7,0.8079999999999999,0.9,3.5,4.4,8.7,1.4,0.2,5.4,6.8,18.8,94.0,110.0,2003,Dan Dickau-2003,0.0,Not Selected,Guard,ATL,0.02943650126156434
2002-03,Michael Dickerson,dickemi01,SG,27,MEM,6,1,87,6.0,14.3,0.41700000000000004,2.4,6.5,0.364,3.6,7.7,0.462,3.0,3.0,1.0,0.6,3.0,3.6,4.8,3.0,0.6,3.6,9.5,17.3,101.0,108.0,2003,Michael Dickerson-2003,0.0,Not Selected,Guard,MEM,0.023549201009251473
2002-03,DeSagana Diop,diopde01,PF,21,CLE,80,1,943,2.9,8.3,0.35100000000000003,0.0,0.0,0.0,2.9,8.3,0.35100000000000003,0.6,1.6,0.36700000000000005,3.4,8.2,11.6,2.3,1.8,4.4,3.0,8.0,6.4,74.0,102.0,2003,DeSagana Diop-2003,0.0,Not Selected,Forward,CLE,0.014297729184188394
2002-03,Vlade Divac,divacvl01,C,34,SAC,80,80,2384,6.4,13.8,0.466,0.1,0.5,0.24,6.3,13.3,0.475,3.8,5.3,0.713,3.3,8.8,12.1,5.8,1.8,2.2,3.2,5.0,16.8,105.0,97.0,2003,Vlade Divac-2003,0.0,Not Selected,Center,SAC,0.0496215306980656
2002-03,Juan Dixon,dixonju01,PG,24,WAS,42,3,647,8.8,22.8,0.384,2.1,7.1,0.298,6.6,15.7,0.42200000000000004,3.1,3.9,0.804,1.1,5.0,6.1,3.4,2.2,0.3,3.5,4.5,22.7,90.0,105.0,2003,Juan Dixon-2003,0.0,Not Selected,Guard,WAS,0.031118587047939444
2002-03,Michael Doleac,doleami01,C,25,NYK,75,0,1041,7.4,17.4,0.426,0.0,0.0,0.0,7.4,17.4,0.426,1.8,2.3,0.7829999999999999,3.3,7.8,11.1,2.1,0.8,0.8,2.5,7.6,16.7,92.0,107.0,2003,Michael Doleac-2003,0.0,Not Selected,Center,NYK,0.031118587047939444
2002-03,Keyon Dooling,doolike01,SG,22,LAC,55,1,969,6.9,17.8,0.389,2.7,7.5,0.36,4.2,10.3,0.41100000000000003,2.4,3.1,0.772,0.5,3.4,3.9,4.8,1.3,0.3,3.3,5.0,19.0,97.0,111.0,2003,Keyon Dooling-2003,0.0,Not Selected,Guard,LAC,0.022708158116063918
2002-03,Bryce Drew,drewbr01,PG,28,NOH,13,0,79,5.4,18.4,0.29600000000000004,2.0,4.8,0.429,3.4,13.6,0.25,0.0,0.0,0.0,2.7,6.1,8.8,7.5,1.4,0.0,2.0,1.4,12.9,90.0,104.0,2003,Bryce Drew-2003,0.0,Not Selected,Guard,NOP,0.03952901597981497
2002-03,Predrag Drobnjak,drobnpr01,C,27,SEA,82,69,1984,8.9,21.7,0.41200000000000003,0.8,2.3,0.353,8.1,19.3,0.419,2.5,3.2,0.7909999999999999,3.1,5.7,8.8,2.4,1.3,1.0,1.8,4.9,21.2,98.0,106.0,2003,Predrag Drobnjak-2003,0.0,Not Selected,Center,OKC,0.0336417157275021
2002-03,Chris Dudley,dudlech02,C,37,POR,3,0,11,0.0,4.9,0.0,0.0,0.0,0.0,0.0,4.9,0.0,0.0,0.0,0.0,9.8,0.0,9.8,0.0,0.0,0.0,0.0,14.6,0.0,95.0,112.0,2003,Chris Dudley-2003,0.0,Not Selected,Center,POR,0.04205214465937763
2002-03,Tim Duncan,duncati01,PF,26,SAS,81,81,3181,12.0,23.3,0.513,0.1,0.4,0.273,11.9,23.0,0.517,7.5,10.6,0.71,4.3,13.1,17.5,5.3,0.9,4.0,4.2,3.9,31.6,112.0,94.0,2003,Tim Duncan-2003,1.0,1st,Forward,SAS,0.050462573591253154
2002-03,Mike Dunleavy,dunlemi02,SF,22,GSW,82,3,1305,6.6,16.3,0.40299999999999997,2.0,5.9,0.34700000000000003,4.5,10.4,0.434,3.0,3.9,0.78,2.6,5.8,8.4,4.1,2.1,0.7,3.4,4.7,18.2,103.0,109.0,2003,Mike Dunleavy-2003,0.0,Not Selected,Forward,GSW,0.031959629941127
2002-03,Howard Eisley,eisleho01,PG,30,NYK,82,76,2243,6.2,14.8,0.41700000000000004,3.1,7.9,0.389,3.1,6.9,0.45,2.1,2.5,0.848,0.6,3.8,4.4,10.5,1.7,0.2,3.5,5.2,17.5,109.0,108.0,2003,Howard Eisley-2003,0.0,Not Selected,Guard,NYK,0.031118587047939444
2002-03,LaPhonso Ellis,ellisla01,PF,32,MIA,55,3,784,7.0,18.3,0.382,1.9,7.5,0.252,5.1,10.8,0.47100000000000003,3.5,4.6,0.758,3.1,7.9,10.9,1.0,1.0,1.0,2.2,6.1,19.3,97.0,103.0,2003,LaPhonso Ellis-2003,0.0,Not Selected,Forward,MIA,0.021026072329688814
2002-03,Melvin Ely,elyme01,C,24,LAC,52,7,802,6.0,12.2,0.495,0.0,0.0,0.0,6.0,12.2,0.495,3.4,4.8,0.703,4.2,7.2,11.4,1.0,0.7,2.1,3.3,6.2,15.5,100.0,107.0,2003,Melvin Ely-2003,0.0,Not Selected,Center,LAC,0.022708158116063918
2002-03,Evan Eschmeyer,eschmev01,C,27,DAL,17,3,135,2.7,7.3,0.368,0.0,0.0,0.0,2.7,7.3,0.368,1.2,1.5,0.75,3.8,7.3,11.1,2.3,3.8,2.7,2.3,13.4,6.5,92.0,95.0,2003,Evan Eschmeyer-2003,0.0,Not Selected,Center,DAL,0.050462573591253154
2002-03,Reggie Evans,evansre01,PF,22,SEA,67,60,1365,2.6,5.6,0.47100000000000003,0.0,0.0,0.0,2.6,5.6,0.47100000000000003,3.2,6.2,0.519,6.7,11.1,17.8,1.4,1.5,0.4,2.1,6.9,8.5,109.0,102.0,2003,Reggie Evans-2003,0.0,Not Selected,Forward,OKC,0.0336417157275021
2002-03,Danny Ferry,ferryda01,SF,36,SAS,64,1,601,3.9,11.0,0.355,1.9,5.3,0.35,2.0,5.7,0.359,0.9,1.2,0.769,1.8,4.9,6.7,1.9,0.6,0.8,2.4,4.9,10.6,90.0,104.0,2003,Danny Ferry-2003,0.0,Not Selected,Forward,SAS,0.050462573591253154
2002-03,Michael Finley,finlemi01,SF,29,DAL,69,69,2642,10.0,23.4,0.425,2.3,6.3,0.37,7.6,17.1,0.445,3.9,4.5,0.861,2.1,5.8,7.9,4.0,1.5,0.4,2.2,2.1,26.1,107.0,104.0,2003,Michael Finley-2003,0.0,Not Selected,Forward,DAL,0.050462573591253154
2002-03,Derek Fisher,fishede01,PG,28,LAL,82,82,2829,6.2,14.2,0.43700000000000006,1.6,3.9,0.401,4.7,10.3,0.451,1.8,2.3,0.8,0.7,3.7,4.4,5.5,1.7,0.3,1.7,3.6,15.8,110.0,108.0,2003,Derek Fisher-2003,0.0,Not Selected,Guard,LAL,0.04205214465937763
2002-03,Marcus Fizer,fizerma01,PF,24,CHI,38,0,809,11.3,24.3,0.465,0.1,0.4,0.16699999999999998,11.2,23.9,0.469,5.6,8.5,0.657,5.1,8.6,13.7,3.0,0.9,1.1,3.6,5.6,28.2,101.0,106.0,2003,Marcus Fizer-2003,0.0,Not Selected,Forward,CHI,0.025231286795626577
2002-03,Alton Ford,fordal02,PF,21,PHO,11,0,31,5.1,15.2,0.33299999999999996,0.0,0.0,0.0,5.1,15.2,0.33299999999999996,1.7,5.1,0.33299999999999996,0.0,10.1,10.1,1.7,0.0,0.0,3.4,11.8,11.8,64.0,104.0,2003,Alton Ford-2003,0.0,Not Selected,Forward,PHO,0.03700588730025231
2002-03,Joseph Forte,fortejo01,SG,21,SEA,17,0,86,6.3,22.2,0.28600000000000003,0.0,1.9,0.0,6.3,20.3,0.313,2.5,3.8,0.667,2.5,4.4,7.0,7.0,2.5,0.0,6.3,3.8,15.2,68.0,105.0,2003,Joseph Forte-2003,0.0,Not Selected,Guard,OKC,0.0336417157275021
2002-03,Danny Fortson,fortsda01,PF,26,GSW,17,0,223,4.6,12.3,0.37,0.0,0.2,0.0,4.6,12.1,0.377,4.3,6.6,0.655,6.4,10.3,16.7,2.7,2.1,0.0,3.4,9.8,13.5,97.0,106.0,2003,Danny Fortson-2003,0.0,Not Selected,Forward,GSW,0.031959629941127
2002-03,Greg Foster,fostegr01,C,34,TOR,29,9,539,4.7,12.1,0.385,0.1,0.4,0.25,4.6,11.7,0.39,2.6,3.2,0.813,3.0,7.1,10.1,1.3,0.1,0.9,3.0,8.1,12.0,87.0,110.0,2003,Greg Foster-2003,0.0,Not Selected,Center,TOR,0.020185029436501262
2002-03,Jeff Foster,fosteje01,C,26,IND,77,2,802,4.2,11.6,0.36,0.0,0.1,0.0,4.2,11.5,0.364,2.2,4.1,0.54,7.7,10.5,18.2,3.3,1.8,1.4,2.2,6.7,10.6,99.0,98.0,2003,Jeff Foster-2003,0.0,Not Selected,Center,IND,0.040370058873002525
2002-03,Tremaine Fowlkes,fowlktr01,SF,26,LAC,37,10,573,5.1,11.7,0.43799999999999994,0.2,0.8,0.222,5.0,10.9,0.45399999999999996,4.6,5.4,0.847,3.8,5.7,9.4,2.1,2.3,0.2,1.8,5.8,15.0,113.0,107.0,2003,Tremaine Fowlkes-2003,0.0,Not Selected,Forward,LAC,0.022708158116063918
2002-03,Rick Fox,foxri01,SF,33,LAL,76,75,2181,6.2,14.8,0.42200000000000004,2.5,6.7,0.375,3.7,8.1,0.46,1.2,1.6,0.754,1.5,6.2,7.7,6.0,1.6,0.3,2.9,5.1,16.2,105.0,106.0,2003,Rick Fox-2003,0.0,Not Selected,Forward,LAL,0.04205214465937763
2002-03,Adonal Foyle,foylead01,C,27,GSW,82,0,1787,5.3,9.8,0.536,0.0,0.0,0.0,5.3,9.8,0.5379999999999999,2.0,3.0,0.6729999999999999,5.0,8.9,14.0,1.1,1.1,5.8,2.1,6.1,12.5,113.0,104.0,2003,Adonal Foyle-2003,0.0,Not Selected,Center,GSW,0.031959629941127
2002-03,Steve Francis,francst01,PG,25,HOU,81,81,3318,9.3,21.4,0.435,1.4,3.9,0.354,7.9,17.5,0.45299999999999996,7.8,9.7,0.8,2.6,5.5,8.1,8.2,2.3,0.7,4.9,4.1,27.8,109.0,103.0,2003,Steve Francis-2003,0.0,Not Selected,Guard,HOU,0.03616484440706476
2002-03,Lawrence Funderburke,fundela01,PF,32,SAC,27,0,229,7.0,15.8,0.444,0.0,0.0,0.0,7.0,15.8,0.444,2.2,3.7,0.588,3.7,8.4,12.1,1.8,0.2,2.4,1.3,5.5,16.3,101.0,100.0,2003,Lawrence Funderburke-2003,0.0,Not Selected,Forward,SAC,0.0496215306980656
2002-03,Dan Gadzuric,gadzuda01,C,24,MIL,49,30,760,4.9,10.1,0.483,0.0,0.1,0.0,4.9,10.1,0.486,2.0,3.9,0.518,4.6,9.2,13.8,0.6,1.5,3.6,1.9,8.7,11.8,103.0,104.0,2003,Dan Gadzuric-2003,0.0,Not Selected,Center,MIL,0.03532380151387721
2002-03,Kevin Garnett,garneke01,PF,26,MIN,82,82,3321,11.7,23.3,0.502,0.3,1.1,0.282,11.4,22.2,0.513,5.9,7.9,0.7509999999999999,3.8,13.5,17.3,7.8,1.8,2.0,3.6,3.1,29.6,113.0,98.0,2003,Kevin Garnett-2003,1.0,1st,Forward,MIN,0.04289318755256518
2002-03,Pat Garrity,garripa01,PF,26,ORL,81,53,2584,6.2,14.8,0.419,3.2,8.1,0.396,3.0,6.7,0.44799999999999995,1.7,2.0,0.83,1.4,4.7,6.1,2.4,1.2,0.4,1.5,5.1,17.3,111.0,108.0,2003,Pat Garrity-2003,0.0,Not Selected,Forward,ORL,0.03532380151387721
2002-03,Pau Gasol,gasolpa01,PF,22,MEM,82,82,2948,10.0,19.6,0.51,0.0,0.2,0.1,10.0,19.4,0.514,7.3,9.9,0.736,3.4,9.3,12.6,4.0,0.6,2.6,3.7,3.9,27.3,110.0,106.0,2003,Pau Gasol-2003,0.0,Not Selected,Forward,MEM,0.023549201009251473
2002-03,Devean George,georgde01,SF,25,LAL,71,7,1613,5.8,14.8,0.39,1.6,4.2,0.371,4.2,10.6,0.39799999999999996,2.7,3.4,0.79,2.9,6.3,9.2,3.0,1.8,1.2,2.1,5.8,15.8,103.0,105.0,2003,Devean George-2003,0.0,Not Selected,Forward,LAL,0.04205214465937763
2002-03,Kendall Gill,gillke01,SG,34,MIN,82,34,2068,7.2,17.1,0.42200000000000004,0.5,1.5,0.322,6.7,15.6,0.43200000000000005,3.1,4.1,0.764,1.3,5.0,6.3,3.9,2.0,0.4,2.7,4.4,18.0,96.0,105.0,2003,Kendall Gill-2003,0.0,Not Selected,Guard,MIN,0.04289318755256518
2002-03,Manu Ginóbili,ginobma01,SG,25,SAS,69,5,1431,6.5,14.8,0.43799999999999994,1.9,5.5,0.345,4.6,9.3,0.494,4.7,6.4,0.737,1.8,4.2,6.0,5.1,3.6,0.6,3.7,6.3,19.6,106.0,98.0,2003,Manu Ginóbili-2003,0.0,Not Selected,Guard,SAS,0.050462573591253154
2002-03,Gordan Giriček,giricgo01,SG-SF,25,TOT,76,62,2148,8.4,19.3,0.436,2.0,6.0,0.341,6.4,13.3,0.478,3.6,4.4,0.82,0.9,4.9,5.7,3.3,1.3,0.2,3.5,3.8,22.5,99.0,109.0,2003,Gordan Giriček-2003,0.0,Not Selected,Forward,TOT,0.03333333333333333
2002-03,Dion Glover,glovedi01,SG,24,ATL,76,42,1890,7.7,18.1,0.42700000000000005,1.6,4.4,0.354,6.2,13.7,0.451,3.5,4.5,0.784,1.7,6.1,7.9,3.9,2.0,0.4,3.0,4.1,20.6,101.0,107.0,2003,Dion Glover-2003,0.0,Not Selected,Guard,ATL,0.02943650126156434
2002-03,Anthony Goldwire,goldwan01,PG,31,TOT,15,0,85,5.7,15.8,0.36,1.9,5.7,0.33299999999999996,3.8,10.1,0.375,2.5,4.4,0.5710000000000001,0.0,3.8,3.8,2.5,1.9,0.0,3.8,3.8,15.8,80.0,105.0,2003,Anthony Goldwire-2003,0.0,Not Selected,Guard,TOT,0.03333333333333333
2002-03,Drew Gooden,goodedr01,SF-PF,21,TOT,70,47,1873,9.8,21.5,0.457,0.4,1.3,0.292,9.4,20.1,0.46799999999999997,4.2,5.9,0.7120000000000001,4.5,8.1,12.6,2.3,1.5,1.0,4.1,4.7,24.2,97.0,106.0,2003,Drew Gooden-2003,0.0,Not Selected,Forward,TOT,0.03333333333333333
2002-03,Brian Grant,grantbr01,C,30,MIA,82,82,2641,7.1,14.0,0.509,0.0,0.0,0.0,7.1,14.0,0.509,3.3,4.2,0.7709999999999999,5.0,12.3,17.3,2.2,1.3,1.0,2.7,6.2,17.5,108.0,99.0,2003,Brian Grant-2003,0.0,Not Selected,Center,MIA,0.021026072329688814
2002-03,Horace Grant,grantho01,PF,37,ORL,5,1,85,7.9,15.2,0.52,0.0,0.0,0.0,7.9,15.2,0.52,0.0,0.0,0.0,1.2,3.6,4.9,4.2,1.8,0.0,0.6,3.0,15.8,115.0,108.0,2003,Horace Grant-2003,0.0,Not Selected,Forward,ORL,0.03532380151387721
2002-03,Adrian Griffin,griffad01,SG,28,DAL,74,48,1373,5.5,12.7,0.433,0.2,0.9,0.25,5.3,11.8,0.447,1.0,1.2,0.8440000000000001,3.3,6.6,10.0,4.0,2.9,0.2,1.8,5.9,12.3,103.0,101.0,2003,Adrian Griffin-2003,0.0,Not Selected,Guard,DAL,0.050462573591253154
2002-03,Eddie Griffin,griffed01,PF,20,HOU,77,66,1890,7.8,19.4,0.4,1.8,5.5,0.33299999999999996,5.9,13.9,0.426,1.7,2.7,0.617,3.9,9.2,13.2,2.5,1.5,3.2,2.2,3.9,19.0,100.0,100.0,2003,Eddie Griffin-2003,0.0,Not Selected,Forward,HOU,0.03616484440706476
2002-03,Tom Gugliotta,guglito01,PF,33,PHO,27,11,447,7.0,15.5,0.455,0.0,0.1,0.0,7.0,15.4,0.45799999999999996,1.1,1.1,1.0,2.9,8.8,11.7,3.6,1.6,0.6,3.6,4.1,15.1,92.0,102.0,2003,Tom Gugliotta-2003,0.0,Not Selected,Forward,PHO,0.03700588730025231
2002-03,A.J. Guyton,guytoaj01,PG,24,GSW,2,0,9,0.0,22.6,0.0,0.0,5.7,0.0,0.0,17.0,0.0,0.0,0.0,0.0,0.0,0.0,0.0,11.3,5.7,0.0,5.7,0.0,0.0,24.0,107.0,2003,A.J. Guyton-2003,0.0,Not Selected,Guard,GSW,0.031959629941127
2002-03,Marcus Haislip,haislma01,PF,22,MIL,39,8,441,7.9,18.4,0.431,0.4,1.4,0.25,7.6,17.0,0.447,3.1,4.6,0.684,2.5,3.9,6.4,1.1,0.8,2.2,2.5,6.6,19.4,94.0,111.0,2003,Marcus Haislip-2003,0.0,Not Selected,Forward,MIL,0.03532380151387721
2002-03,Darvin Ham,hamda01,SG,29,ATL,75,1,926,4.0,9.1,0.447,0.0,0.2,0.0,4.0,8.9,0.455,2.2,4.5,0.48100000000000004,4.2,4.6,8.7,2.2,0.9,1.1,3.7,7.2,10.3,87.0,109.0,2003,Darvin Ham-2003,0.0,Not Selected,Guard,ATL,0.02943650126156434
2002-03,Richard Hamilton,hamilri01,SG,24,DET,82,82,2640,11.9,26.9,0.44299999999999995,0.7,2.5,0.26899999999999996,11.3,24.5,0.461,9.2,11.1,0.833,1.8,4.8,6.7,4.4,1.3,0.3,4.2,5.2,33.8,104.0,103.0,2003,Richard Hamilton-2003,0.0,Not Selected,Guard,DET,0.04205214465937763
2002-03,Zendon Hamilton,hamilze01,C,27,TOR,3,0,12,8.9,22.3,0.4,0.0,0.0,0.0,8.9,22.3,0.4,8.9,8.9,1.0,4.5,13.4,17.8,0.0,4.5,0.0,4.5,8.9,26.7,98.0,97.0,2003,Zendon Hamilton-2003,0.0,Not Selected,Center,TOR,0.020185029436501262
2002-03,Anfernee Hardaway,hardaan01,SG,31,PHO,58,51,1777,7.6,16.9,0.447,0.8,2.2,0.35600000000000004,6.8,14.8,0.46,2.3,2.9,0.794,1.9,5.7,7.6,6.9,1.9,0.8,4.3,4.4,18.1,97.0,103.0,2003,Anfernee Hardaway-2003,0.0,Not Selected,Guard,PHO,0.03700588730025231
2002-03,Tim Hardaway,hardati01,PG,36,IND,10,0,127,7.4,20.2,0.36700000000000005,4.5,12.8,0.355,2.9,7.4,0.389,0.8,1.7,0.5,0.4,5.8,6.2,9.9,3.7,0.0,4.5,3.3,20.2,96.0,99.0,2003,Tim Hardaway-2003,0.0,Not Selected,Guard,IND,0.040370058873002525
2002-03,Matt Harpring,harprma01,SF,26,UTA,78,69,2557,11.0,21.4,0.511,1.4,3.4,0.413,9.6,18.1,0.529,5.5,7.0,0.792,4.0,6.8,10.8,2.8,1.5,0.4,3.4,4.6,28.8,113.0,104.0,2003,Matt Harpring-2003,0.0,Not Selected,Forward,UTA,0.03952901597981497
2002-03,Adam Harrington,harriad01,SG,22,TOT,19,0,111,5.2,17.5,0.297,2.4,6.6,0.35700000000000004,2.8,10.9,0.261,1.4,1.9,0.75,0.5,3.3,3.8,5.7,0.9,0.5,0.9,3.8,14.2,92.0,107.0,2003,Adam Harrington-2003,0.0,Not Selected,Guard,TOT,0.03333333333333333
2002-03,Al Harrington,harrial01,SF,22,IND,82,37,2467,8.3,19.0,0.434,0.3,1.0,0.28300000000000003,8.0,18.1,0.442,4.5,5.8,0.77,3.4,7.5,10.9,2.7,1.5,0.7,3.5,6.0,21.3,97.0,102.0,2003,Al Harrington-2003,0.0,Not Selected,Forward,IND,0.040370058873002525
2002-03,Junior Harrington,harriju01,PG,22,DEN,82,51,2003,4.4,12.3,0.36200000000000004,0.2,0.7,0.25,4.3,11.6,0.369,1.9,2.9,0.652,1.2,5.4,6.6,7.3,2.1,0.4,4.1,6.6,11.0,81.0,102.0,2003,Junior Harrington-2003,0.0,Not Selected,Guard,DEN,0.014297729184188394
2002-03,Othella Harrington,harriot01,PF,29,NYK,74,64,1850,6.4,12.7,0.508,0.0,0.0,0.0,6.4,12.7,0.508,3.5,4.3,0.82,4.7,8.9,13.6,1.8,0.3,0.7,2.6,6.6,16.4,110.0,107.0,2003,Othella Harrington-2003,0.0,Not Selected,Forward,NYK,0.031118587047939444
2002-03,Lucious Harris,harrilu01,SG,32,NJN,77,25,1973,7.9,19.2,0.413,1.2,3.6,0.34600000000000003,6.7,15.5,0.429,4.0,5.0,0.804,1.7,4.5,6.2,4.1,1.4,0.2,1.9,2.5,21.1,105.0,102.0,2003,Lucious Harris-2003,0.0,Not Selected,Guard,BRK,0.04121110176619008
2002-03,Antonio Harvey,harvean01,PF,32,ATL,4,0,32,3.3,8.2,0.4,0.0,0.0,0.0,3.3,8.2,0.4,0.0,0.0,0.0,1.6,8.2,9.9,0.0,1.6,6.6,4.9,11.5,6.6,55.0,100.0,2003,Antonio Harvey-2003,0.0,Not Selected,Forward,ATL,0.02943650126156434
2002-03,Donnell Harvey,harvedo01,SF,22,DEN,77,27,1613,8.0,18.0,0.446,0.0,0.2,0.14300000000000002,8.0,17.8,0.45,3.9,5.8,0.67,4.1,9.3,13.4,3.3,1.6,0.9,4.0,6.6,20.0,94.0,100.0,2003,Donnell Harvey-2003,0.0,Not Selected,Forward,DEN,0.014297729184188394
2002-03,Trenton Hassell,hassetr01,SG,23,CHI,82,53,1999,3.7,10.1,0.36700000000000005,0.3,1.0,0.325,3.4,9.0,0.37200000000000005,1.1,1.4,0.745,0.9,5.6,6.5,3.9,1.2,1.6,2.1,5.1,8.8,86.0,107.0,2003,Trenton Hassell-2003,0.0,Not Selected,Guard,CHI,0.025231286795626577
2002-03,Kirk Haston,hastoki01,SF,23,NOH,12,0,57,1.9,16.0,0.11800000000000001,0.0,2.8,0.0,1.9,13.2,0.14300000000000002,1.9,3.8,0.5,0.0,6.6,6.6,2.8,0.0,4.7,6.6,9.4,5.7,33.0,102.0,2003,Kirk Haston-2003,0.0,Not Selected,Forward,NOP,0.03952901597981497
2002-03,Juaquin Hawkins,hawkiju01,SG,29,HOU,58,10,685,4.5,11.7,0.385,0.8,1.9,0.41700000000000004,3.7,9.8,0.379,0.8,1.6,0.5,1.3,4.9,6.2,3.7,2.3,0.5,2.3,4.5,10.6,90.0,104.0,2003,Juaquin Hawkins-2003,0.0,Not Selected,Guard,HOU,0.03616484440706476
2002-03,Brendan Haywood,haywobr01,C,23,WAS,81,69,1930,4.9,9.6,0.51,0.0,0.0,0.0,4.9,9.6,0.51,4.4,6.9,0.633,5.4,6.0,11.4,0.8,0.9,3.4,1.8,6.3,14.1,115.0,104.0,2003,Brendan Haywood-2003,0.0,Not Selected,Center,WAS,0.031118587047939444
2002-03,Alan Henderson,hendeal01,C,30,ATL,82,3,1494,5.4,11.6,0.46799999999999997,0.0,0.1,0.0,5.4,11.5,0.47100000000000003,3.1,4.9,0.638,5.5,8.5,14.1,1.4,1.2,1.1,2.2,5.9,13.9,106.0,106.0,2003,Alan Henderson-2003,0.0,Not Selected,Center,ATL,0.02943650126156434
2002-03,Nenê,hilarne01,C,20,DEN,80,53,2258,7.5,14.5,0.519,0.0,0.1,0.0,7.5,14.4,0.521,4.6,8.0,0.578,4.9,6.6,11.5,3.5,3.0,1.5,4.2,6.9,19.6,100.0,99.0,2003,Nenê-2003,0.0,Not Selected,Center,DEN,0.014297729184188394
2002-03,Grant Hill,hillgr01,SF,30,ORL,29,29,843,9.2,18.8,0.49200000000000005,0.1,0.2,0.25,9.2,18.5,0.495,7.2,8.8,0.8190000000000001,2.4,10.2,12.6,7.5,1.7,0.8,5.1,2.8,25.8,107.0,103.0,2003,Grant Hill-2003,0.0,Not Selected,Forward,ORL,0.03532380151387721
2002-03,Tyrone Hill,hillty01,PF,34,TOT,56,43,1351,4.9,11.7,0.42200000000000004,0.0,0.0,0.0,4.9,11.7,0.42200000000000004,2.1,3.1,0.675,4.8,10.1,14.9,1.6,1.8,1.0,2.6,6.6,11.9,95.0,103.0,2003,Tyrone Hill-2003,0.0,Not Selected,Forward,TOT,0.03333333333333333
2002-03,Fred Hoiberg,hoibefr01,SG,30,CHI,63,0,784,3.2,8.2,0.389,0.3,1.4,0.23800000000000002,2.9,6.9,0.419,2.7,3.3,0.82,0.7,8.2,9.0,4.6,2.6,0.3,1.6,3.9,9.4,103.0,103.0,2003,Fred Hoiberg-2003,0.0,Not Selected,Guard,CHI,0.025231286795626577
2002-03,Robert Horry,horryro01,PF,32,LAL,80,26,2343,4.1,10.5,0.387,1.1,3.9,0.28800000000000003,2.9,6.6,0.445,2.3,3.0,0.769,4.0,7.4,11.4,5.2,2.1,1.4,2.5,5.5,11.6,107.0,103.0,2003,Robert Horry-2003,0.0,Not Selected,Forward,LAL,0.04205214465937763
2002-03,Eddie House,houseed01,SG,24,MIA,55,7,1025,9.2,23.7,0.387,1.9,6.4,0.3,7.3,17.3,0.42,1.7,1.9,0.861,0.9,4.5,5.4,4.6,2.3,0.1,2.5,3.9,21.9,93.0,103.0,2003,Eddie House-2003,0.0,Not Selected,Guard,MIA,0.021026072329688814
2002-03,Allan Houston,houstal01,SG,31,NYK,82,82,3108,11.1,24.9,0.445,3.0,7.7,0.396,8.1,17.3,0.467,6.2,6.7,0.919,0.4,3.5,3.9,3.7,0.9,0.1,3.0,3.3,31.4,109.0,110.0,2003,Allan Houston-2003,0.0,Not Selected,Guard,NYK,0.031118587047939444
2002-03,Juwan Howard,howarju01,PF,29,DEN,77,77,2730,11.0,24.4,0.45,0.0,0.1,0.5,10.9,24.3,0.449,5.4,6.8,0.8029999999999999,3.5,7.8,11.3,4.5,1.5,0.5,3.7,4.6,27.4,102.0,102.0,2003,Juwan Howard-2003,0.0,Not Selected,Forward,DEN,0.014297729184188394
2002-03,Troy Hudson,hudsotr01,PG,26,MIN,79,74,2600,8.2,19.2,0.428,1.9,5.3,0.365,6.3,13.9,0.452,4.2,4.6,0.9,0.8,2.8,3.7,9.1,1.2,0.1,3.7,3.2,22.6,106.0,108.0,2003,Troy Hudson-2003,0.0,Not Selected,Guard,MIN,0.04289318755256518
2002-03,Nate Huffman,huffmna01,C,27,TOR,7,0,76,6.3,17.6,0.36,0.0,0.0,0.0,6.3,17.6,0.36,3.5,5.6,0.625,6.3,9.8,16.2,3.5,0.7,2.1,2.1,9.1,16.2,96.0,106.0,2003,Nate Huffman-2003,0.0,Not Selected,Center,TOR,0.020185029436501262
2002-03,Larry Hughes,hughela01,PG,24,WAS,67,56,2137,8.8,18.9,0.467,0.7,2.0,0.36700000000000005,8.1,16.9,0.479,3.5,4.7,0.731,1.7,6.1,7.8,5.2,2.2,0.6,3.5,3.8,21.8,101.0,104.0,2003,Larry Hughes-2003,0.0,Not Selected,Guard,WAS,0.031118587047939444
2002-03,Ryan Humphrey,humphry01,PF,23,TOT,48,1,444,4.1,14.0,0.292,0.0,0.0,0.0,4.1,14.0,0.292,2.7,4.5,0.59,4.0,7.6,11.5,1.3,1.0,2.1,2.7,8.7,10.8,76.0,105.0,2003,Ryan Humphrey-2003,0.0,Not Selected,Forward,TOT,0.03333333333333333
2002-03,Lindsey Hunter,hunteli01,PG,32,TOR,29,0,673,8.4,24.0,0.35100000000000003,2.7,8.5,0.318,5.7,15.5,0.369,2.7,3.7,0.723,1.2,3.5,4.7,5.6,2.8,0.4,4.5,4.0,22.2,86.0,107.0,2003,Lindsey Hunter-2003,0.0,Not Selected,Guard,TOR,0.020185029436501262
2002-03,Steven Hunter,huntest01,C,21,ORL,33,5,447,6.5,11.9,0.544,0.0,0.0,0.0,6.5,11.9,0.544,2.1,5.1,0.409,4.4,6.3,10.7,0.7,1.0,4.2,1.7,6.5,15.0,107.0,103.0,2003,Steven Hunter-2003,0.0,Not Selected,Center,ORL,0.03532380151387721
2002-03,Zydrunas Ilgauskas,ilgauzy01,C,27,CLE,81,81,2432,10.4,23.6,0.441,0.0,0.1,0.0,10.4,23.5,0.44299999999999995,8.4,10.8,0.7809999999999999,5.0,7.8,12.8,2.7,1.2,3.2,4.4,5.8,29.2,102.0,105.0,2003,Zydrunas Ilgauskas-2003,0.0,Not Selected,Center,CLE,0.014297729184188394
2002-03,Allen Iverson,iversal01,SG,27,PHI,82,82,3485,12.1,29.2,0.414,1.3,4.6,0.27699999999999997,10.8,24.7,0.44,8.6,11.1,0.774,1.0,4.2,5.2,6.8,3.4,0.2,4.3,2.2,34.1,103.0,102.0,2003,Allen Iverson-2003,2.0,2nd,Guard,PHI,0.040370058873002525
2002-03,Bobby Jackson,jacksbo01,PG,29,SAC,59,26,1676,10.2,22.0,0.46399999999999997,2.7,7.1,0.379,7.5,14.9,0.505,3.8,4.5,0.846,1.7,4.9,6.6,5.5,2.1,0.1,3.2,3.8,26.9,109.0,101.0,2003,Bobby Jackson-2003,0.0,Not Selected,Guard,SAC,0.0496215306980656
2002-03,Jermaine Jackson,jacksje01,SG,26,TOT,53,1,559,3.8,10.4,0.364,0.1,0.9,0.1,3.7,9.5,0.39,3.8,5.2,0.727,1.8,3.6,5.4,7.0,1.8,0.6,3.2,4.8,11.5,95.0,109.0,2003,Jermaine Jackson-2003,0.0,Not Selected,Guard,TOT,0.03333333333333333
2002-03,Jim Jackson,jacksji01,SF,32,SAC,63,0,1309,7.8,17.8,0.442,1.2,2.7,0.451,6.6,15.0,0.44,1.8,2.1,0.855,3.2,6.8,10.1,4.5,1.2,0.2,3.1,5.1,18.7,100.0,102.0,2003,Jim Jackson-2003,0.0,Not Selected,Forward,SAC,0.0496215306980656
2002-03,Marc Jackson,jacksma02,C,28,MIN,77,0,1041,7.7,17.5,0.43799999999999994,0.1,0.1,1.0,7.6,17.5,0.43700000000000006,5.7,7.5,0.765,4.3,7.0,11.3,1.9,1.2,1.5,3.0,6.9,21.1,103.0,104.0,2003,Marc Jackson-2003,0.0,Not Selected,Center,MIN,0.04289318755256518
2002-03,Mark Jackson,jacksma01,PG,37,UTA,82,0,1467,5.4,13.5,0.39799999999999996,1.0,3.5,0.284,4.4,10.0,0.43799999999999994,2.2,2.9,0.763,1.2,5.2,6.4,13.7,1.8,0.1,5.6,3.3,14.0,95.0,105.0,2003,Mark Jackson-2003,0.0,Not Selected,Guard,UTA,0.03952901597981497
2002-03,Stephen Jackson,jacksst02,SG,24,SAS,80,58,2254,8.4,19.4,0.435,2.2,7.0,0.32,6.2,12.3,0.501,3.3,4.3,0.76,1.6,5.2,6.8,4.3,3.0,0.7,4.2,4.8,22.4,99.0,99.0,2003,Stephen Jackson-2003,0.0,Not Selected,Guard,SAS,0.050462573591253154
2002-03,Casey Jacobsen,jacobca01,SF,21,PHO,72,0,1147,5.6,14.9,0.373,2.4,7.5,0.315,3.2,7.4,0.43200000000000005,3.3,4.8,0.6859999999999999,1.3,2.5,3.8,3.3,1.6,0.3,2.5,4.1,16.8,100.0,107.0,2003,Casey Jacobsen-2003,0.0,Not Selected,Forward,PHO,0.03700588730025231
2002-03,Jerome James,jamesje01,C,27,SEA,51,16,766,7.9,16.5,0.478,0.0,0.0,0.0,7.9,16.5,0.478,3.8,6.5,0.5870000000000001,5.6,9.8,15.4,1.9,0.9,5.8,5.3,11.8,19.6,91.0,98.0,2003,Jerome James-2003,0.0,Not Selected,Center,OKC,0.0336417157275021
2002-03,Mike James,jamesmi01,PG,27,MIA,78,8,1722,6.9,18.6,0.373,2.1,7.2,0.294,4.8,11.3,0.423,3.3,4.5,0.732,0.8,3.9,4.7,7.8,2.0,0.2,3.4,5.6,19.3,96.0,104.0,2003,Mike James-2003,0.0,Not Selected,Guard,MIA,0.021026072329688814
2002-03,Antawn Jamison,jamisan01,SF,26,GSW,82,82,3226,10.9,23.2,0.47,1.0,3.3,0.311,9.9,19.9,0.496,5.9,7.5,0.789,3.1,6.0,9.1,2.5,1.2,0.7,2.8,3.1,28.8,113.0,111.0,2003,Antawn Jamison-2003,0.0,Not Selected,Forward,GSW,0.031959629941127
2002-03,Marko Jarić,jaricma01,SF,24,LAC,66,12,1379,6.8,17.0,0.401,2.0,6.3,0.319,4.8,10.7,0.45,3.0,4.0,0.752,1.3,4.8,6.1,7.4,3.7,0.4,3.9,4.8,18.7,99.0,104.0,2003,Marko Jarić-2003,0.0,Not Selected,Forward,LAC,0.022708158116063918
2002-03,Chris Jefferies,jeffech01,SF,22,TOR,51,10,666,6.0,15.6,0.387,1.4,4.3,0.33299999999999996,4.6,11.2,0.40700000000000003,2.3,3.4,0.674,1.3,3.4,4.7,1.8,1.5,1.3,3.6,4.5,15.8,85.0,109.0,2003,Chris Jefferies-2003,0.0,Not Selected,Forward,TOR,0.020185029436501262
2002-03,Richard Jefferson,jefferi01,SF,22,NJN,80,80,2879,8.3,16.6,0.501,0.1,0.4,0.25,8.2,16.2,0.507,5.9,7.9,0.743,2.7,6.6,9.4,3.7,1.5,0.8,2.8,3.9,22.6,111.0,100.0,2003,Richard Jefferson-2003,0.0,Not Selected,Forward,BRK,0.04121110176619008
2002-03,Jared Jeffries,jeffrja01,SF,21,WAS,20,1,292,5.6,11.7,0.47600000000000003,0.6,1.1,0.5,5.0,10.6,0.474,3.0,5.4,0.552,4.8,6.0,10.8,3.0,1.5,0.9,3.9,5.2,14.7,97.0,105.0,2003,Jared Jeffries-2003,0.0,Not Selected,Forward,WAS,0.031118587047939444
2002-03,Anthony Johnson,johnsan02,PG,28,NJN,66,2,842,6.4,14.4,0.446,0.8,2.2,0.371,5.6,12.2,0.45899999999999996,3.2,4.6,0.6890000000000001,0.8,4.0,4.9,5.4,2.3,0.3,2.6,5.8,16.8,102.0,100.0,2003,Anthony Johnson-2003,0.0,Not Selected,Guard,BRK,0.04121110176619008
2002-03,Avery Johnson,johnsav01,PG,37,DAL,48,0,430,7.6,18.1,0.42,0.0,0.2,0.0,7.6,17.9,0.426,3.6,4.7,0.769,1.2,2.5,3.7,7.7,1.8,0.1,3.5,3.1,18.8,97.0,106.0,2003,Avery Johnson-2003,0.0,Not Selected,Guard,DAL,0.050462573591253154
2002-03,Ervin Johnson,johnser02,C,35,MIL,69,17,1170,2.8,6.1,0.452,0.0,0.0,0.0,2.8,6.1,0.452,1.4,2.0,0.682,5.3,8.0,13.3,1.1,1.5,2.9,1.5,8.1,6.9,111.0,106.0,2003,Ervin Johnson-2003,0.0,Not Selected,Center,MIL,0.03532380151387721
2002-03,Joe Johnson,johnsjo02,SG,21,PHO,82,34,2255,7.3,18.5,0.397,1.7,4.8,0.366,5.6,13.7,0.408,2.2,2.9,0.774,1.3,4.8,6.1,4.9,1.4,0.4,2.5,3.3,18.7,99.0,105.0,2003,Joe Johnson-2003,0.0,Not Selected,Guard,PHO,0.03700588730025231
2002-03,Ken Johnson,johnske03,C,24,MIA,16,0,156,5.3,13.0,0.405,0.0,0.0,0.0,5.3,13.0,0.405,0.7,2.1,0.33299999999999996,1.4,9.8,11.2,0.0,0.4,4.2,2.1,7.0,11.2,76.0,100.0,2003,Ken Johnson-2003,0.0,Not Selected,Center,MIA,0.021026072329688814
2002-03,Damon Jones,jonesda01,PG,26,SAC,49,1,709,5.7,14.9,0.381,3.1,8.6,0.364,2.6,6.3,0.40399999999999997,1.4,1.9,0.741,0.8,4.2,5.0,5.7,1.3,0.3,1.6,3.0,15.9,107.0,104.0,2003,Damon Jones-2003,0.0,Not Selected,Guard,SAC,0.0496215306980656
2002-03,Eddie Jones,jonesed02,SG,31,MIA,47,47,1789,8.9,21.0,0.423,3.0,7.4,0.40700000000000003,5.9,13.7,0.43200000000000005,5.8,7.0,0.8220000000000001,1.1,5.8,6.9,5.3,2.0,0.9,2.6,4.2,26.5,111.0,102.0,2003,Eddie Jones-2003,0.0,Not Selected,Guard,MIA,0.021026072329688814
2002-03,Fred Jones,jonesfr01,SG,23,IND,19,1,115,4.1,10.9,0.375,0.9,3.2,0.28600000000000003,3.2,7.7,0.41200000000000003,1.4,1.8,0.75,1.8,2.3,4.1,2.3,2.7,0.5,2.7,5.9,10.5,86.0,103.0,2003,Fred Jones-2003,0.0,Not Selected,Guard,IND,0.040370058873002525
2002-03,Jumaine Jones,jonesju01,SF,23,CLE,80,12,2204,7.1,16.5,0.434,2.6,7.3,0.354,4.6,9.2,0.49700000000000005,1.3,1.9,0.687,2.5,6.9,9.4,2.6,1.6,0.5,2.5,4.1,18.2,103.0,108.0,2003,Jumaine Jones-2003,0.0,Not Selected,Forward,CLE,0.014297729184188394
2002-03,Popeye Jones,jonespo01,PF,32,DAL,26,0,222,5.6,14.5,0.387,0.0,0.0,0.0,5.6,14.5,0.387,1.2,2.6,0.455,6.8,7.0,13.8,1.9,1.2,0.2,3.5,7.2,12.4,88.0,104.0,2003,Popeye Jones-2003,0.0,Not Selected,Forward,DAL,0.050462573591253154
2002-03,Michael Jordan,jordami01,SF,39,WAS,82,67,3031,12.2,27.4,0.445,0.3,1.0,0.29100000000000004,11.9,26.4,0.45,4.8,5.8,0.821,1.3,7.7,8.9,5.6,2.2,0.7,3.1,3.1,29.5,101.0,103.0,2003,Michael Jordan-2003,0.0,Not Selected,Forward,WAS,0.031118587047939444
2002-03,Shawn Kemp,kempsh01,C,33,ORL,79,55,1633,6.7,15.9,0.418,0.0,0.0,0.0,6.7,15.9,0.419,3.6,4.9,0.742,4.6,9.6,14.2,1.7,2.1,1.0,3.2,7.5,17.0,95.0,102.0,2003,Shawn Kemp-2003,0.0,Not Selected,Center,ORL,0.03532380151387721
2002-03,Steve Kerr,kerrst01,PG,37,SAS,75,0,952,6.2,14.3,0.43,2.7,6.9,0.395,3.4,7.4,0.462,1.7,1.9,0.882,0.7,2.7,3.4,3.9,1.5,0.2,2.0,2.7,16.7,111.0,105.0,2003,Steve Kerr-2003,0.0,Not Selected,Guard,SAS,0.050462573591253154
2002-03,Jason Kidd,kiddja01,PG,29,NJN,80,80,2989,9.0,21.8,0.414,2.2,6.5,0.341,6.8,15.3,0.445,5.9,7.1,0.841,1.9,6.9,8.8,12.5,3.1,0.4,5.2,2.2,26.2,106.0,96.0,2003,Jason Kidd-2003,2.0,2nd,Guard,BRK,0.04121110176619008
2002-03,Andrei Kirilenko,kirilan01,SF,21,UTA,80,11,2213,7.7,15.6,0.491,0.9,2.8,0.325,6.8,12.8,0.527,7.2,9.0,0.8,3.6,6.6,10.2,3.4,2.9,4.3,3.3,4.5,23.4,116.0,98.0,2003,Andrei Kirilenko-2003,0.0,Not Selected,Forward,UTA,0.03952901597981497
2002-03,Kerry Kittles,kittlke01,SG,28,NJN,65,57,1951,8.9,19.1,0.467,2.1,5.9,0.35600000000000004,6.8,13.2,0.516,2.8,3.6,0.785,1.4,5.4,6.8,4.6,2.7,0.8,1.5,3.0,22.8,115.0,98.0,2003,Kerry Kittles-2003,0.0,Not Selected,Guard,BRK,0.04121110176619008
2002-03,Brevin Knight,knighbr01,PG,27,MEM,55,4,928,5.4,12.7,0.425,0.1,0.4,0.25,5.3,12.3,0.43200000000000005,1.1,2.1,0.541,0.8,3.7,4.5,13.0,3.9,0.1,5.2,6.9,12.1,90.0,106.0,2003,Brevin Knight-2003,0.0,Not Selected,Guard,MEM,0.023549201009251473
2002-03,Travis Knight,knightr01,C,28,NYK,32,0,287,4.6,12.0,0.385,0.0,0.2,0.0,4.6,11.8,0.391,1.8,2.4,0.769,3.3,8.1,11.4,2.6,1.5,1.7,1.8,8.1,11.1,94.0,104.0,2003,Travis Knight-2003,0.0,Not Selected,Center,NYK,0.031118587047939444
2002-03,Toni Kukoč,kukocto01,PF,34,MIL,63,0,1704,7.8,18.0,0.43200000000000005,3.0,8.2,0.361,4.8,9.8,0.49,4.3,6.0,0.706,2.1,6.2,8.3,7.2,2.5,0.9,3.8,4.2,22.8,108.0,107.0,2003,Toni Kukoč-2003,0.0,Not Selected,Forward,MIL,0.03532380151387721
2002-03,Christian Laettner,laettch01,PF,33,WAS,76,66,2215,6.3,12.7,0.494,0.0,0.4,0.125,6.2,12.3,0.506,2.9,3.5,0.833,2.8,9.5,12.3,5.8,2.0,1.0,2.1,5.1,15.5,113.0,102.0,2003,Christian Laettner-2003,0.0,Not Selected,Forward,WAS,0.031118587047939444
2002-03,Raef LaFrentz,lafrera01,C,26,DAL,69,43,1611,8.6,16.5,0.518,1.5,3.7,0.405,7.1,12.8,0.55,1.9,2.8,0.682,4.0,6.6,10.6,1.7,1.1,2.9,1.5,8.5,20.6,118.0,102.0,2003,Raef LaFrentz-2003,0.0,Not Selected,Center,DAL,0.050462573591253154
2002-03,Sean Lampley,lamplse01,SF,23,MIA,35,0,487,6.3,14.5,0.434,0.0,0.4,0.0,6.3,14.0,0.44799999999999995,6.4,9.2,0.695,2.9,6.4,9.3,3.5,0.8,0.3,2.8,4.8,19.0,103.0,105.0,2003,Sean Lampley-2003,0.0,Not Selected,Forward,MIA,0.021026072329688814
2002-03,Dan Langhi,langhda01,SF,25,PHO,60,0,541,7.9,19.6,0.401,0.9,3.0,0.29,7.0,16.6,0.42100000000000004,1.2,1.9,0.6,1.8,6.6,8.4,2.0,1.5,0.6,1.6,5.6,17.7,93.0,104.0,2003,Dan Langhi-2003,0.0,Not Selected,Forward,PHO,0.03700588730025231
2002-03,Voshon Lenard,lenarvo01,SG,29,TOR,63,24,1929,9.0,22.4,0.402,2.5,7.0,0.365,6.5,15.4,0.418,4.3,5.4,0.804,1.3,4.5,5.9,4.0,1.6,0.6,2.9,4.3,24.9,102.0,109.0,2003,Voshon Lenard-2003,0.0,Not Selected,Guard,TOR,0.020185029436501262
2002-03,Rashard Lewis,lewisra02,SF,23,SEA,77,77,3044,9.3,20.6,0.452,1.3,3.9,0.34600000000000003,8.0,16.7,0.47600000000000003,5.1,6.2,0.82,2.7,6.3,9.0,2.4,1.8,0.6,2.6,3.7,25.0,108.0,105.0,2003,Rashard Lewis-2003,0.0,Not Selected,Forward,OKC,0.0336417157275021
2002-03,Randy Livingston,livinra01,PG,27,NOH,2,0,12,9.0,17.9,0.5,0.0,0.0,0.0,9.0,17.9,0.5,9.0,9.0,1.0,0.0,0.0,0.0,4.5,0.0,0.0,0.0,0.0,26.9,141.0,111.0,2003,Randy Livingston-2003,0.0,Not Selected,Guard,NOP,0.03952901597981497
2002-03,Art Long,longar01,SF,30,TOT,26,0,211,7.0,18.8,0.373,0.5,0.8,0.667,6.5,18.0,0.361,0.5,2.5,0.2,5.3,9.8,15.0,1.5,1.3,2.8,5.0,8.8,15.0,74.0,102.0,2003,Art Long-2003,0.0,Not Selected,Forward,TOT,0.03333333333333333
2002-03,Grant Long,longgr01,PF,36,BOS,41,1,488,2.9,7.6,0.386,0.0,0.3,0.0,2.9,7.3,0.40299999999999997,1.9,2.5,0.7829999999999999,2.6,6.4,9.0,2.7,1.0,0.1,2.1,6.7,7.8,94.0,104.0,2003,Grant Long-2003,0.0,Not Selected,Forward,BOS,0.03700588730025231
2002-03,Tyronn Lue,luety01,PG,25,WAS,75,24,1986,6.8,15.7,0.433,1.6,4.8,0.341,5.2,10.9,0.474,2.5,2.9,0.875,0.6,3.5,4.1,7.2,1.3,0.0,2.1,4.1,17.7,109.0,108.0,2003,Tyronn Lue-2003,0.0,Not Selected,Guard,WAS,0.031118587047939444
2002-03,George Lynch,lynchge01,SG,32,NOH,81,32,1497,5.3,12.9,0.409,1.0,2.8,0.354,4.3,10.0,0.425,1.5,2.7,0.5539999999999999,5.0,7.7,12.7,3.7,2.4,0.7,1.9,4.9,13.0,106.0,100.0,2003,George Lynch-2003,0.0,Not Selected,Guard,NOP,0.03952901597981497
2002-03,Todd MacCulloch,maccuto01,C,27,PHI,42,35,812,8.0,15.4,0.517,0.0,0.0,0.0,8.0,15.4,0.517,3.4,5.1,0.6709999999999999,4.3,8.4,12.7,1.3,1.2,2.1,2.3,6.9,19.3,109.0,102.0,2003,Todd MacCulloch-2003,0.0,Not Selected,Center,PHI,0.040370058873002525
2002-03,Tito Maddox,maddoti01,SG,21,HOU,9,0,35,4.6,18.5,0.25,0.0,4.6,0.0,4.6,13.9,0.33299999999999996,7.7,12.4,0.625,1.5,9.3,10.8,7.7,4.6,1.5,4.6,6.2,17.0,80.0,95.0,2003,Tito Maddox-2003,0.0,Not Selected,Guard,HOU,0.03616484440706476
2002-03,Mark Madsen,madsema01,PF,27,LAL,54,22,781,4.6,10.8,0.423,0.0,0.0,0.0,4.6,10.8,0.423,2.4,4.1,0.59,5.7,4.9,10.6,2.5,1.0,1.3,1.8,7.7,11.6,106.0,107.0,2003,Mark Madsen-2003,0.0,Not Selected,Forward,LAL,0.04205214465937763
2002-03,Corey Maggette,maggeco01,SG,23,LAC,64,57,2006,9.0,20.3,0.444,1.6,4.6,0.35,7.4,15.6,0.47100000000000003,8.5,10.6,0.802,2.0,6.4,8.4,3.2,1.4,0.4,3.9,5.1,28.1,109.0,108.0,2003,Corey Maggette-2003,0.0,Not Selected,Guard,LAC,0.022708158116063918
2002-03,Jamaal Magloire,magloja01,C,24,NOH,82,82,2443,6.7,14.0,0.48,0.0,0.1,0.0,6.7,13.9,0.483,5.1,7.1,0.7170000000000001,5.7,10.2,15.9,1.9,1.1,2.4,3.5,6.1,18.5,106.0,99.0,2003,Jamaal Magloire-2003,0.0,Not Selected,Center,NOP,0.03952901597981497
2002-03,Karl Malone,malonka01,PF,39,UTA,81,81,2936,10.9,23.6,0.462,0.1,0.3,0.214,10.8,23.3,0.46399999999999997,8.7,11.4,0.763,2.1,9.4,11.5,6.9,2.5,0.6,3.8,3.7,30.5,109.0,100.0,2003,Karl Malone-2003,0.0,Not Selected,Forward,UTA,0.03952901597981497
2002-03,Matt Maloney,malonma01,PG,31,ATL,14,0,103,4.1,12.8,0.32,2.6,7.7,0.33299999999999996,1.5,5.1,0.3,1.5,2.6,0.6,0.5,3.1,3.6,8.7,2.0,0.0,2.6,4.6,12.3,99.0,109.0,2003,Matt Maloney-2003,0.0,Not Selected,Guard,ATL,0.02943650126156434
2002-03,Danny Manning,mannida01,PF,36,DET,13,0,89,8.1,19.9,0.406,1.9,5.0,0.375,6.2,14.9,0.41700000000000004,3.1,3.7,0.833,4.4,6.8,11.2,4.4,5.6,1.9,4.4,6.8,21.1,96.0,91.0,2003,Danny Manning-2003,0.0,Not Selected,Forward,DET,0.04205214465937763
2002-03,Stephon Marbury,marbust01,PG,25,PHO,81,81,3240,10.9,24.8,0.439,1.4,4.8,0.301,9.4,20.0,0.47200000000000003,6.1,7.6,0.8029999999999999,0.9,3.4,4.3,10.6,1.7,0.3,4.3,3.2,29.2,108.0,106.0,2003,Stephon Marbury-2003,3.0,3rd,Guard,PHO,0.03700588730025231
2002-03,Shawn Marion,mariosh01,SF,24,PHO,81,81,3373,10.3,22.8,0.452,2.2,5.7,0.387,8.1,17.1,0.473,3.9,4.6,0.851,3.1,8.9,12.0,3.1,2.9,1.5,2.4,3.2,26.7,111.0,98.0,2003,Shawn Marion-2003,0.0,Not Selected,Forward,PHO,0.03700588730025231
2002-03,Sean Marks,marksse01,PF,27,MIA,23,0,223,5.4,14.5,0.373,0.0,0.2,0.0,5.4,14.2,0.379,2.5,3.7,0.667,2.0,6.6,8.6,0.7,1.2,1.5,3.4,9.1,13.2,76.0,103.0,2003,Sean Marks-2003,0.0,Not Selected,Forward,MIA,0.021026072329688814
2002-03,Donny Marshall,marshdo02,SF,30,NJN,3,0,6,0.0,26.2,0.0,0.0,8.7,0.0,0.0,17.5,0.0,0.0,0.0,0.0,0.0,26.2,26.2,0.0,0.0,0.0,8.7,0.0,0.0,0.0,90.0,2003,Donny Marshall-2003,0.0,Not Selected,Forward,BRK,0.04121110176619008
2002-03,Donyell Marshall,marshdo01,PF,29,CHI,78,53,2378,9.1,19.8,0.45899999999999996,0.7,1.9,0.379,8.4,17.9,0.467,3.6,4.8,0.7559999999999999,5.0,10.0,15.1,3.0,2.0,1.8,2.9,5.0,22.5,105.0,102.0,2003,Donyell Marshall-2003,0.0,Not Selected,Forward,CHI,0.025231286795626577
2002-03,Kenyon Martin,martike01,PF,25,NJN,77,77,2628,10.2,21.6,0.47,0.2,0.9,0.209,10.0,20.7,0.48100000000000004,5.1,7.8,0.653,3.3,9.5,12.8,3.7,2.0,1.4,3.8,5.9,25.6,100.0,96.0,2003,Kenyon Martin-2003,0.0,Not Selected,Forward,BRK,0.04121110176619008
2002-03,Jamal Mashburn,mashbja01,SF,30,NOH,82,81,3321,10.8,25.7,0.42200000000000004,1.9,4.9,0.389,8.9,20.7,0.43,5.1,6.0,0.848,1.1,7.0,8.1,7.5,1.3,0.3,3.7,3.2,28.7,105.0,103.0,2003,Jamal Mashburn-2003,3.0,3rd,Forward,NOP,0.03952901597981497
2002-03,Anthony Mason,masonan01,C,36,MIL,65,58,2119,4.8,9.8,0.486,0.0,0.0,0.0,4.8,9.8,0.48700000000000004,2.1,2.9,0.718,2.3,8.2,10.4,5.2,0.8,0.3,2.0,3.7,11.7,111.0,110.0,2003,Anthony Mason-2003,0.0,Not Selected,Center,MIL,0.03532380151387721
2002-03,Desmond Mason,masonde01,SF,25,TOT,80,40,2763,8.9,19.9,0.449,0.4,1.4,0.292,8.5,18.5,0.461,4.1,5.5,0.7490000000000001,3.0,7.2,10.2,3.2,1.3,0.6,2.2,4.1,22.4,105.0,106.0,2003,Desmond Mason-2003,0.0,Not Selected,Forward,TOT,0.03333333333333333
2002-03,Roger Mason,masonro01,SF,22,CHI,17,0,113,5.0,14.1,0.355,2.7,8.2,0.33299999999999996,2.3,5.9,0.385,0.9,0.9,1.0,0.9,4.5,5.4,5.4,1.8,0.0,2.3,9.1,13.6,98.0,108.0,2003,Roger Mason-2003,0.0,Not Selected,Forward,CHI,0.025231286795626577
2002-03,Tony Massenburg,masseto01,C,35,UTA,58,1,792,7.1,15.7,0.44799999999999995,0.0,0.0,0.0,7.1,15.7,0.44799999999999995,4.4,5.7,0.774,4.0,6.6,10.6,1.2,1.2,1.3,3.4,9.8,18.5,98.0,104.0,2003,Tony Massenburg-2003,0.0,Not Selected,Center,UTA,0.03952901597981497
2002-03,Walter McCarty,mccarwa01,SF,28,BOS,82,8,1949,4.7,11.3,0.414,2.5,6.7,0.36700000000000005,2.2,4.6,0.48200000000000004,1.7,2.7,0.622,1.7,6.1,7.8,2.9,2.1,0.8,1.8,5.1,13.5,106.0,102.0,2003,Walter McCarty-2003,0.0,Not Selected,Forward,BOS,0.03700588730025231
2002-03,Amal McCaskill,mccasam01,C,29,ATL,11,0,70,3.0,12.8,0.235,0.0,0.0,0.0,3.0,12.8,0.235,2.3,3.0,0.75,5.3,11.3,16.6,3.8,2.3,0.8,1.5,9.8,8.3,85.0,102.0,2003,Amal McCaskill-2003,0.0,Not Selected,Center,ATL,0.02943650126156434
2002-03,Jelani McCoy,mccoyje01,C,25,TOR,67,25,1367,7.6,15.4,0.491,0.0,0.0,0.0,7.6,15.4,0.491,2.7,4.9,0.5479999999999999,3.7,10.2,13.9,1.7,1.1,2.3,3.8,6.3,17.9,94.0,104.0,2003,Jelani McCoy-2003,0.0,Not Selected,Center,TOR,0.020185029436501262
2002-03,Tracy McGrady,mcgratr01,SG,23,ORL,75,74,2954,14.5,31.6,0.457,3.0,7.8,0.386,11.5,23.8,0.48100000000000004,10.1,12.7,0.7929999999999999,2.1,6.4,8.5,7.2,2.2,1.0,3.4,2.7,42.0,116.0,104.0,2003,Tracy McGrady-2003,1.0,1st,Guard,ORL,0.03532380151387721
2002-03,Jeff McInnis,mcinnje01,PG,28,POR,75,1,1311,7.7,17.3,0.444,0.2,1.4,0.171,7.5,15.9,0.469,2.0,2.7,0.746,0.9,3.1,4.0,7.0,0.9,0.1,3.1,4.8,17.7,99.0,108.0,2003,Jeff McInnis-2003,0.0,Not Selected,Guard,POR,0.04205214465937763
2002-03,Aaron McKie,mckieaa01,SF,30,PHI,80,40,2374,6.3,14.7,0.429,0.8,2.5,0.33,5.5,12.3,0.449,2.5,3.0,0.836,1.3,6.4,7.7,6.1,2.9,0.2,2.4,3.9,15.9,104.0,102.0,2003,Aaron McKie-2003,0.0,Not Selected,Forward,PHI,0.040370058873002525
2002-03,Stanislav Medvedenko,medvest01,PF,23,LAL,58,10,620,9.4,21.6,0.434,0.0,0.2,0.0,9.4,21.4,0.43799999999999994,2.6,3.6,0.721,5.5,6.3,11.8,1.5,0.9,0.7,3.1,9.9,21.3,96.0,107.0,2003,Stanislav Medvedenko-2003,0.0,Not Selected,Forward,LAL,0.04205214465937763
2002-03,Ron Mercer,mercero01,SG,26,IND,72,3,1671,7.7,18.7,0.409,0.1,0.5,0.188,7.6,18.2,0.415,2.0,2.5,0.802,1.0,3.8,4.8,3.5,1.5,0.4,1.7,3.9,17.4,94.0,104.0,2003,Ron Mercer-2003,0.0,Not Selected,Guard,IND,0.040370058873002525
2002-03,Chris Mihm,mihmch01,C,23,CLE,52,0,809,7.3,18.1,0.40399999999999997,0.0,0.2,0.0,7.3,17.9,0.408,4.8,6.6,0.7240000000000001,5.9,8.7,14.6,1.8,1.1,2.4,3.0,7.8,19.4,97.0,105.0,2003,Chris Mihm-2003,0.0,Not Selected,Center,CLE,0.014297729184188394
2002-03,Darius Miles,milesda01,SF,21,CLE,67,62,2008,6.7,16.3,0.41,0.0,0.4,0.0,6.7,16.0,0.419,2.3,3.9,0.594,2.9,6.4,9.2,4.5,1.7,1.8,4.5,4.0,15.7,84.0,106.0,2003,Darius Miles-2003,0.0,Not Selected,Forward,CLE,0.014297729184188394
2002-03,Andre Miller,millean02,PG,26,LAC,80,80,2913,6.8,16.7,0.406,0.4,1.9,0.213,6.4,14.8,0.43200000000000005,5.6,7.1,0.795,1.5,4.2,5.7,9.7,1.8,0.2,3.7,3.7,19.6,105.0,109.0,2003,Andre Miller-2003,0.0,Not Selected,Guard,LAC,0.022708158116063918
2002-03,Brad Miller,millebr01,C,26,IND,73,72,2270,7.6,15.4,0.493,0.1,0.4,0.313,7.5,15.0,0.498,6.7,8.2,0.818,4.3,9.7,13.9,4.5,1.5,1.0,2.7,4.7,22.1,118.0,100.0,2003,Brad Miller-2003,0.0,Not Selected,Center,IND,0.040370058873002525
2002-03,Mike Miller,millemi01,SF,22,TOT,65,52,2186,8.8,20.3,0.434,2.6,7.1,0.363,6.2,13.2,0.47200000000000003,3.7,4.4,0.8390000000000001,1.1,7.0,8.0,4.0,1.0,0.5,3.0,4.1,23.9,105.0,107.0,2003,Mike Miller-2003,0.0,Not Selected,Forward,TOT,0.03333333333333333
2002-03,Reggie Miller,millere01,SG,37,IND,70,70,2117,7.0,15.8,0.441,2.8,7.9,0.355,4.2,7.9,0.527,5.1,5.7,0.9,0.5,3.7,4.3,4.2,1.5,0.1,1.6,2.2,21.8,122.0,105.0,2003,Reggie Miller-2003,0.0,Not Selected,Guard,IND,0.040370058873002525
2002-03,Chris Mills,millsch01,PF,33,GSW,21,0,262,7.6,20.6,0.368,1.4,4.9,0.28,6.2,15.7,0.395,3.1,3.5,0.889,3.7,6.0,9.7,4.3,1.4,0.6,1.9,5.6,19.6,104.0,111.0,2003,Chris Mills-2003,0.0,Not Selected,Forward,GSW,0.031959629941127
2002-03,Yao Ming,mingya01,C,22,HOU,82,72,2382,9.1,18.3,0.498,0.0,0.0,0.5,9.1,18.2,0.498,6.8,8.4,0.8109999999999999,4.4,10.9,15.3,3.1,0.7,3.3,3.9,5.2,25.1,111.0,100.0,2003,Yao Ming-2003,0.0,Not Selected,Center,HOU,0.03616484440706476
2002-03,Cuttino Mobley,moblecu01,SG,27,HOU,73,73,3044,8.2,19.0,0.434,2.0,5.6,0.35200000000000004,6.2,13.3,0.469,4.3,5.0,0.858,1.2,4.1,5.4,3.7,1.7,0.6,2.9,3.3,22.7,107.0,105.0,2003,Cuttino Mobley-2003,0.0,Not Selected,Guard,HOU,0.03616484440706476
2002-03,Nazr Mohammed,mohamna01,C,25,ATL,35,0,445,7.9,18.9,0.42100000000000004,0.0,0.0,0.0,7.9,18.9,0.42100000000000004,3.1,4.9,0.634,5.6,9.7,15.3,0.7,1.9,2.5,3.0,9.4,19.0,93.0,102.0,2003,Nazr Mohammed-2003,0.0,Not Selected,Center,ATL,0.02943650126156434
2002-03,Jérôme Moïso,moisoje01,C,24,NOH,51,1,644,7.4,14.3,0.52,0.0,0.0,0.0,7.4,14.3,0.52,2.3,3.4,0.659,4.9,9.9,14.8,1.8,1.6,3.7,3.8,7.3,17.1,99.0,97.0,2003,Jérôme Moïso-2003,0.0,Not Selected,Center,NOP,0.03952901597981497
2002-03,Mikki Moore,mooremi01,C,27,TOT,8,0,43,6.1,16.0,0.385,0.0,0.0,0.0,6.1,16.0,0.385,9.8,12.3,0.8,7.4,2.5,9.8,3.7,0.0,4.9,2.5,8.6,22.1,116.0,108.0,2003,Mikki Moore-2003,0.0,Not Selected,Center,TOT,0.03333333333333333
2002-03,Terence Morris,morrite01,SF,24,HOU,49,0,632,7.0,15.1,0.466,0.6,2.7,0.21899999999999997,6.4,12.3,0.521,0.9,1.2,0.7859999999999999,3.4,7.5,11.0,2.1,0.7,1.5,2.5,3.0,15.6,101.0,104.0,2003,Terence Morris-2003,0.0,Not Selected,Forward,HOU,0.03616484440706476
2002-03,Troy Murphy,murphtr01,PF,22,GSW,79,79,2510,6.9,15.2,0.451,0.1,0.3,0.214,6.8,14.9,0.456,5.0,5.9,0.841,4.6,11.7,16.4,2.2,1.3,0.6,2.3,5.0,18.7,113.0,107.0,2003,Troy Murphy-2003,0.0,Not Selected,Forward,GSW,0.031959629941127
2002-03,Ronald Murray,murraro01,SG,23,TOT,14,0,62,9.5,26.8,0.355,0.0,4.3,0.0,9.5,22.5,0.423,4.3,6.9,0.625,0.0,3.5,3.5,4.3,3.5,0.0,6.9,0.0,23.3,71.0,107.0,2003,Ronald Murray-2003,0.0,Not Selected,Guard,TOT,0.03333333333333333
2002-03,Tracy Murray,murratr01,SF,31,LAL,31,0,193,6.2,19.1,0.324,2.2,10.2,0.21100000000000002,4.0,8.9,0.455,1.9,2.4,0.778,1.3,4.8,6.2,3.2,1.3,0.8,3.8,5.9,16.4,81.0,107.0,2003,Tracy Murray-2003,0.0,Not Selected,Forward,LAL,0.04205214465937763
2002-03,Dikembe Mutombo,mutomdi01,C,36,NJN,24,16,514,5.0,13.4,0.374,0.0,0.0,0.0,5.0,13.4,0.374,4.1,5.6,0.727,5.5,10.1,15.6,1.9,0.4,3.8,3.5,5.5,14.1,92.0,96.0,2003,Dikembe Mutombo-2003,0.0,Not Selected,Center,BRK,0.04121110176619008
2002-03,Mamadou N'Diaye,ndiayma02,C,27,TOR,22,8,364,6.3,14.1,0.44799999999999995,0.0,0.0,0.0,6.3,14.1,0.44799999999999995,5.0,6.9,0.723,4.3,7.8,12.0,1.0,1.2,4.7,3.1,8.5,17.6,100.0,103.0,2003,Mamadou N'Diaye-2003,0.0,Not Selected,Center,TOR,0.020185029436501262
2002-03,Boštjan Nachbar,nachbbo01,SF,22,HOU,14,1,77,7.7,21.8,0.355,1.4,7.0,0.2,6.3,14.7,0.429,3.5,7.0,0.5,2.1,5.6,7.7,2.1,1.4,1.4,4.2,9.1,20.4,81.0,104.0,2003,Boštjan Nachbar-2003,0.0,Not Selected,Forward,HOU,0.03616484440706476
2002-03,Lee Nailon,nailole01,SF,27,NYK,38,0,405,11.0,24.8,0.442,0.0,0.1,0.0,11.0,24.7,0.444,5.5,6.7,0.8240000000000001,4.2,5.0,9.1,3.4,0.8,0.4,4.2,6.0,27.4,97.0,109.0,2003,Lee Nailon-2003,0.0,Not Selected,Forward,NYK,0.031118587047939444
2002-03,Eduardo Nájera,najered01,SF,26,DAL,48,12,1103,6.1,10.9,0.5579999999999999,0.0,0.0,0.0,6.1,10.8,0.561,2.9,4.3,0.6809999999999999,4.2,6.3,10.5,2.2,1.9,1.0,1.1,6.1,15.0,127.0,102.0,2003,Eduardo Nájera-2003,0.0,Not Selected,Forward,DAL,0.050462573591253154
2002-03,Steve Nash,nashst01,PG,28,DAL,82,82,2711,9.9,21.3,0.465,2.1,5.1,0.413,7.8,16.2,0.48200000000000004,5.9,6.5,0.909,1.2,3.3,4.5,11.4,1.6,0.1,3.7,2.6,27.8,118.0,106.0,2003,Steve Nash-2003,3.0,3rd,Guard,DAL,0.050462573591253154
2002-03,Rasho Nesterović,nestera01,C,26,MIN,77,77,2337,8.9,17.0,0.525,0.0,0.0,0.0,8.9,17.0,0.526,1.4,2.1,0.642,3.3,8.0,11.3,2.5,0.9,2.6,2.2,5.7,19.2,106.0,103.0,2003,Rasho Nesterović-2003,0.0,Not Selected,Center,MIN,0.04289318755256518
2002-03,Ira Newble,newblir01,SF,28,ATL,73,45,1931,6.3,12.8,0.495,0.9,2.3,0.381,5.4,10.5,0.52,1.9,2.5,0.778,2.4,5.1,7.4,2.7,1.4,0.7,1.9,4.8,15.4,111.0,109.0,2003,Ira Newble-2003,0.0,Not Selected,Forward,ATL,0.02943650126156434
2002-03,Moochie Norris,norrimo01,PG,29,HOU,82,3,1375,5.3,13.0,0.406,0.4,1.8,0.244,4.8,11.2,0.43200000000000005,3.1,4.5,0.684,1.5,4.8,6.3,7.7,2.2,0.2,3.4,2.8,14.0,99.0,104.0,2003,Moochie Norris-2003,0.0,Not Selected,Guard,HOU,0.03616484440706476
2002-03,Dirk Nowitzki,nowitdi01,PF,24,DAL,80,80,3117,11.5,24.8,0.46299999999999997,2.5,6.5,0.379,9.0,18.3,0.493,8.0,9.1,0.8809999999999999,1.3,11.8,13.2,4.0,1.8,1.4,2.5,3.4,33.5,117.0,98.0,2003,Dirk Nowitzki-2003,2.0,2nd,Forward,DAL,0.050462573591253154
2002-03,Jermaine O'Neal,onealje01,PF,24,IND,77,76,2864,11.2,23.1,0.484,0.1,0.4,0.33299999999999996,11.0,22.7,0.48700000000000004,6.8,9.3,0.731,3.7,10.9,14.6,2.8,1.2,3.3,3.3,5.1,29.3,107.0,97.0,2003,Jermaine O'Neal-2003,3.0,3rd,Center,IND,0.040370058873002525
2002-03,Shaquille O'Neal,onealsh01,C,30,LAL,67,66,2535,14.2,24.8,0.574,0.0,0.0,0.0,14.2,24.8,0.574,9.2,14.8,0.622,5.3,9.9,15.2,4.2,0.8,3.3,4.0,4.7,37.7,117.0,102.0,2003,Shaquille O'Neal-2003,1.0,1st,Center,LAL,0.04205214465937763
2002-03,Charles Oakley,oaklech01,C,39,WAS,42,1,514,2.4,5.8,0.418,0.0,0.0,0.0,2.4,5.8,0.418,3.0,3.6,0.8240000000000001,3.9,7.4,11.3,4.2,1.4,0.6,2.2,9.5,7.8,110.0,105.0,2003,Charles Oakley-2003,0.0,Not Selected,Center,WAS,0.031118587047939444
2002-03,Lamar Odom,odomla01,SF,23,LAC,49,47,1679,8.4,19.1,0.439,1.3,4.0,0.326,7.1,15.1,0.469,4.3,5.5,0.777,1.8,8.4,10.2,5.6,1.3,1.3,4.4,5.7,22.3,99.0,106.0,2003,Lamar Odom-2003,0.0,Not Selected,Forward,LAC,0.022708158116063918
2002-03,Mehmet Okur,okurme01,PF,23,DET,72,9,1366,7.3,17.1,0.426,1.5,4.5,0.33899999999999997,5.8,12.6,0.457,3.9,5.3,0.733,4.7,8.8,13.6,2.9,1.0,1.6,2.7,6.8,20.0,106.0,99.0,2003,Mehmet Okur-2003,0.0,Not Selected,Forward,DET,0.04205214465937763
2002-03,Dean Oliver,olivede01,PG,24,GSW,15,0,93,3.8,15.9,0.24100000000000002,0.5,3.3,0.16699999999999998,3.3,12.6,0.261,3.8,4.4,0.875,4.4,4.4,8.8,12.6,3.8,0.0,5.5,4.9,12.0,87.0,107.0,2003,Dean Oliver-2003,0.0,Not Selected,Guard,GSW,0.031959629941127
2002-03,Kevin Ollie,ollieke01,PG,30,TOT,82,5,1897,5.6,12.5,0.451,0.1,0.2,0.33299999999999996,5.6,12.3,0.45299999999999996,3.8,5.0,0.753,0.7,4.4,5.1,8.2,2.0,0.1,2.0,3.5,15.1,112.0,109.0,2003,Kevin Ollie-2003,0.0,Not Selected,Guard,TOT,0.03333333333333333
2002-03,Michael Olowokandi,olowomi01,C,27,LAC,36,36,1369,7.1,16.7,0.42700000000000005,0.0,0.0,0.0,7.1,16.7,0.42700000000000005,2.6,4.0,0.657,2.2,10.4,12.6,1.8,0.7,3.0,3.8,4.2,16.9,86.0,104.0,2003,Michael Olowokandi-2003,0.0,Not Selected,Center,LAC,0.022708158116063918
2002-03,Greg Ostertag,ostergr01,C,29,UTA,81,74,1926,4.7,9.1,0.518,0.0,0.0,0.0,4.7,9.1,0.518,2.8,5.5,0.51,5.0,9.0,14.0,1.5,0.6,4.1,2.9,6.6,12.2,101.0,101.0,2003,Greg Ostertag-2003,0.0,Not Selected,Center,UTA,0.03952901597981497
2002-03,Bo Outlaw,outlabo01,C,31,PHO,80,20,1800,4.5,8.1,0.55,0.0,0.1,0.0,4.5,8.0,0.5539999999999999,2.1,3.4,0.621,3.9,6.8,10.7,3.3,1.5,2.1,2.2,5.7,11.0,113.0,102.0,2003,Bo Outlaw-2003,0.0,Not Selected,Center,PHO,0.03700588730025231
2002-03,Chris Owens,owensch01,SF,23,MEM,1,0,6,17.3,25.9,0.667,0.0,0.0,0.0,17.3,25.9,0.667,0.0,0.0,0.0,8.6,0.0,8.6,0.0,0.0,0.0,8.6,0.0,34.5,95.0,117.0,2003,Chris Owens-2003,0.0,Not Selected,Forward,MEM,0.023549201009251473
2002-03,Olumide Oyedeji,oyedeol01,C,21,ORL,27,3,145,3.6,8.2,0.435,0.0,0.0,0.0,3.6,8.2,0.435,2.5,3.9,0.636,3.6,14.2,17.8,1.8,1.8,1.1,1.8,10.7,9.6,103.0,99.0,2003,Olumide Oyedeji-2003,0.0,Not Selected,Center,ORL,0.03532380151387721
2002-03,Robert Pack,packro01,PG,33,NOH,28,4,440,6.3,15.7,0.40299999999999997,0.0,0.6,0.0,6.3,15.1,0.419,5.0,6.7,0.745,1.3,4.9,6.2,9.9,3.1,0.0,4.9,4.3,17.7,96.0,101.0,2003,Robert Pack-2003,0.0,Not Selected,Guard,NOP,0.03952901597981497
2002-03,Scott Padgett,padgesc01,PF,26,UTA,82,2,1321,6.9,17.2,0.402,1.8,5.4,0.33799999999999997,5.1,11.8,0.431,3.3,4.4,0.757,3.4,7.7,11.1,3.5,1.7,1.0,2.8,6.0,19.0,102.0,103.0,2003,Scott Padgett-2003,0.0,Not Selected,Forward,UTA,0.03952901597981497
2002-03,Milt Palacio,palacmi01,PG,24,CLE,80,46,1976,4.2,10.0,0.418,0.2,1.0,0.21600000000000003,4.0,9.1,0.439,1.7,2.2,0.747,1.2,4.8,6.1,6.7,1.8,0.4,3.4,4.3,10.3,92.0,109.0,2003,Milt Palacio-2003,0.0,Not Selected,Guard,CLE,0.014297729184188394
2002-03,Jannero Pargo,pargoja01,PG,23,LAL,34,0,342,5.6,14.1,0.39799999999999996,1.1,3.6,0.292,4.6,10.5,0.435,0.6,0.6,1.0,1.4,4.2,5.6,5.9,2.0,0.3,3.5,6.8,12.9,90.0,107.0,2003,Jannero Pargo-2003,0.0,Not Selected,Guard,LAL,0.04205214465937763
2002-03,Smush Parker,parkesm01,PG,21,CLE,66,18,1103,6.3,15.7,0.402,1.8,5.5,0.322,4.5,10.2,0.445,4.5,5.5,0.831,1.3,4.2,5.5,7.5,2.2,0.6,6.2,4.9,18.9,92.0,108.0,2003,Smush Parker-2003,0.0,Not Selected,Guard,CLE,0.014297729184188394
2002-03,Tony Parker,parketo01,PG,20,SAS,82,82,2774,9.3,20.1,0.46399999999999997,1.6,4.7,0.337,7.7,15.4,0.503,4.2,5.6,0.755,0.6,3.5,4.2,8.3,1.4,0.1,3.8,3.3,24.4,108.0,104.0,2003,Tony Parker-2003,0.0,Not Selected,Guard,SAS,0.050462573591253154
2002-03,Cherokee Parks,parksch02,PF,30,LAC,30,18,648,6.7,13.2,0.503,0.1,0.2,0.5,6.6,13.1,0.503,1.9,3.1,0.605,3.7,7.0,10.7,1.7,1.3,1.6,1.5,4.2,15.2,110.0,107.0,2003,Cherokee Parks-2003,0.0,Not Selected,Forward,LAC,0.022708158116063918
2002-03,Ruben Patterson,patteru01,SF,27,POR,78,17,1655,8.2,16.7,0.49200000000000005,0.1,0.6,0.15,8.1,16.1,0.506,4.5,7.1,0.627,3.9,4.7,8.6,3.3,2.4,0.9,3.8,5.2,21.1,102.0,103.0,2003,Ruben Patterson-2003,0.0,Not Selected,Forward,POR,0.04205214465937763
2002-03,Gary Payton,paytoga01,PG,34,TOT,80,80,3208,11.2,24.7,0.45399999999999996,0.9,3.1,0.297,10.3,21.6,0.47600000000000003,4.2,5.9,0.71,1.3,4.3,5.6,11.2,2.2,0.3,3.1,3.0,27.5,108.0,107.0,2003,Gary Payton-2003,0.0,Not Selected,Guard,TOT,0.03333333333333333
2002-03,Anthony Peeler,peelean01,SG,33,MIN,82,39,2245,5.9,14.2,0.414,2.0,4.9,0.41,3.8,9.2,0.41600000000000004,0.9,1.2,0.78,0.9,4.7,5.6,5.7,1.7,0.3,1.9,3.7,14.7,104.0,106.0,2003,Anthony Peeler-2003,0.0,Not Selected,Guard,MIN,0.04289318755256518
2002-03,Wesley Person,persowe01,SG,31,MEM,66,44,1941,7.3,16.0,0.456,2.7,6.2,0.433,4.6,9.9,0.47,2.1,2.6,0.8140000000000001,0.6,4.5,5.1,3.0,1.1,0.5,1.5,1.7,19.4,112.0,111.0,2003,Wesley Person-2003,0.0,Not Selected,Guard,MEM,0.023549201009251473
2002-03,Morris Peterson,petermo01,SF,25,TOR,82,80,2949,7.6,19.4,0.392,2.1,6.2,0.337,5.5,13.2,0.418,3.5,4.5,0.789,1.8,4.8,6.6,3.4,1.6,0.6,2.3,4.2,20.9,101.0,109.0,2003,Morris Peterson-2003,0.0,Not Selected,Forward,TOR,0.020185029436501262
2002-03,Eric Piatkowski,piatker01,SG,32,LAC,62,26,1360,8.1,17.2,0.47100000000000003,3.1,7.8,0.39799999999999996,5.0,9.5,0.531,3.9,4.7,0.828,1.7,4.3,6.0,2.7,1.3,0.3,2.2,3.6,23.2,118.0,110.0,2003,Eric Piatkowski-2003,0.0,Not Selected,Guard,LAC,0.022708158116063918
2002-03,Paul Pierce,piercpa01,SG,25,BOS,79,79,3096,11.3,27.2,0.41600000000000004,2.0,6.7,0.302,9.3,20.5,0.45399999999999996,10.3,12.8,0.802,1.8,8.1,9.9,6.0,2.4,1.1,4.9,3.9,34.9,104.0,100.0,2003,Paul Pierce-2003,3.0,3rd,Forward,BOS,0.03700588730025231
2002-03,Scottie Pippen,pippesc01,SF,37,POR,64,58,1911,7.4,16.8,0.444,1.1,3.7,0.28600000000000003,6.4,13.0,0.489,3.4,4.2,0.818,1.6,6.2,7.8,8.0,3.0,0.7,4.6,4.2,19.4,100.0,101.0,2003,Scottie Pippen-2003,0.0,Not Selected,Forward,POR,0.04205214465937763
2002-03,Scot Pollard,pollasc01,C,27,SAC,23,0,325,6.2,13.5,0.46,0.0,0.0,0.0,6.2,13.5,0.46,3.6,5.9,0.605,7.1,9.3,16.4,0.9,2.0,2.3,2.3,7.7,16.0,106.0,96.0,2003,Scot Pollard-2003,0.0,Not Selected,Center,SAC,0.0496215306980656
2002-03,James Posey,poseyja01,SF,26,TOT,83,71,2518,6.6,16.0,0.41100000000000003,1.5,4.9,0.306,5.1,11.1,0.457,4.4,5.2,0.833,1.9,7.2,9.1,3.9,2.3,0.3,3.1,4.2,19.0,103.0,102.0,2003,James Posey-2003,0.0,Not Selected,Forward,TOT,0.03333333333333333
2002-03,Lavor Postell,postela01,SG,24,NYK,12,0,98,7.6,20.5,0.368,1.1,3.8,0.28600000000000003,6.5,16.7,0.387,7.0,8.1,0.867,0.5,1.6,2.2,1.6,1.1,0.0,3.8,4.9,23.2,90.0,111.0,2003,Lavor Postell-2003,0.0,Not Selected,Guard,NYK,0.031118587047939444
2002-03,Vitaly Potapenko,potapvi01,C,27,SEA,26,2,403,5.5,12.6,0.441,0.0,0.0,0.0,5.5,12.6,0.441,3.0,3.9,0.759,3.4,8.7,12.0,0.5,1.2,1.1,3.4,6.2,14.1,90.0,104.0,2003,Vitaly Potapenko-2003,0.0,Not Selected,Center,OKC,0.0336417157275021
2002-03,Tayshaun Prince,princta01,SF,22,DET,42,5,435,6.7,15.0,0.449,2.5,6.0,0.426,4.2,9.0,0.465,1.4,2.2,0.647,0.6,5.1,5.7,3.1,1.3,1.8,2.7,3.2,17.4,100.0,101.0,2003,Tayshaun Prince-2003,0.0,Not Selected,Forward,DET,0.04205214465937763
2002-03,Joel Przybilla,przybjo01,C,23,MIL,32,17,546,1.8,4.5,0.391,0.0,0.0,0.0,1.8,4.5,0.391,1.2,2.3,0.5,4.7,9.4,14.1,1.2,1.0,4.4,1.8,8.3,4.7,98.0,104.0,2003,Joel Przybilla-2003,0.0,Not Selected,Center,MIL,0.03532380151387721
2002-03,Vladimir Radmanović,radmavl01,PF,22,SEA,72,16,1910,7.8,19.1,0.41,3.0,8.4,0.355,4.9,10.7,0.45299999999999996,2.1,2.9,0.706,2.2,7.1,9.2,2.8,1.8,0.6,2.9,3.9,20.7,99.0,104.0,2003,Vladimir Radmanović-2003,0.0,Not Selected,Forward,OKC,0.0336417157275021
2002-03,Igor Rakočević,rakocig01,PG,24,MIN,42,0,244,4.7,12.4,0.379,1.1,2.6,0.41700000000000004,3.6,9.8,0.37,6.2,7.7,0.8059999999999999,0.9,2.8,3.6,7.1,0.9,0.0,4.9,5.3,16.7,96.0,109.0,2003,Igor Rakočević-2003,0.0,Not Selected,Guard,MIN,0.04289318755256518
2002-03,Zach Randolph,randoza01,PF,21,POR,77,11,1301,10.9,21.3,0.513,0.0,0.2,0.0,10.9,21.0,0.518,5.0,6.6,0.758,5.7,8.4,14.2,1.7,1.7,0.6,2.6,5.8,26.8,113.0,102.0,2003,Zach Randolph-2003,0.0,Not Selected,Forward,POR,0.04205214465937763
2002-03,Theo Ratliff,ratlith01,C,29,ATL,81,81,2518,5.8,12.5,0.46399999999999997,0.0,0.0,0.0,5.8,12.5,0.46399999999999997,3.2,4.5,0.72,3.2,9.5,12.7,1.5,1.2,5.5,2.9,5.7,14.8,98.0,101.0,2003,Theo Ratliff-2003,0.0,Not Selected,Center,ATL,0.02943650126156434
2002-03,Željko Rebrača,rebraze01,C,30,DET,30,12,488,9.1,16.4,0.552,0.0,0.0,0.0,9.1,16.4,0.552,4.3,5.4,0.792,3.1,7.4,10.4,1.0,0.7,1.9,3.3,9.0,22.4,107.0,101.0,2003,Željko Rebrača-2003,0.0,Not Selected,Center,DET,0.04205214465937763
2002-03,Michael Redd,reddmi01,SG,23,MIL,82,14,2316,10.4,22.3,0.469,4.2,9.5,0.43799999999999994,6.3,12.7,0.49200000000000005,3.4,4.2,0.805,2.2,6.3,8.5,2.7,2.3,0.3,1.7,3.3,28.5,118.0,108.0,2003,Michael Redd-2003,0.0,Not Selected,Guard,MIL,0.03532380151387721
2002-03,Don Reid,reiddo01,PF,29,DET,1,0,10,0.0,16.6,0.0,0.0,0.0,0.0,0.0,16.6,0.0,5.5,11.1,0.5,0.0,0.0,0.0,0.0,0.0,0.0,0.0,22.1,5.5,32.0,108.0,2003,Don Reid-2003,0.0,Not Selected,Forward,DET,0.04205214465937763
2002-03,Efthimis Rentzias,rentzef01,C,27,PHI,35,0,144,7.3,21.5,0.33899999999999997,1.5,2.9,0.5,5.8,18.6,0.314,2.9,3.3,0.889,3.6,5.8,9.5,2.6,2.2,0.7,1.5,7.7,19.0,96.0,103.0,2003,Efthimis Rentzias-2003,0.0,Not Selected,Center,PHI,0.040370058873002525
2002-03,Glen Rice,ricegl01,SF,35,HOU,62,26,1532,6.9,16.1,0.429,3.6,9.0,0.39799999999999996,3.4,7.2,0.46799999999999997,2.2,2.9,0.759,1.0,4.4,5.4,2.3,0.8,0.2,1.9,3.5,19.6,112.0,108.0,2003,Glen Rice-2003,0.0,Not Selected,Forward,HOU,0.03616484440706476
2002-03,Jason Richardson,richaja01,SG,22,GSW,82,82,2698,9.0,21.9,0.41,2.3,6.3,0.368,6.7,15.6,0.42700000000000005,3.9,5.1,0.764,2.1,5.0,7.1,4.7,1.7,0.4,3.4,3.8,24.2,105.0,111.0,2003,Jason Richardson-2003,0.0,Not Selected,Guard,GSW,0.031959629941127
2002-03,Quentin Richardson,richaqu01,SG,22,LAC,59,13,1368,7.8,21.0,0.37200000000000005,2.3,7.6,0.308,5.5,13.4,0.408,3.3,4.8,0.685,3.8,7.0,10.8,2.0,1.3,0.4,2.5,3.5,21.2,97.0,108.0,2003,Quentin Richardson-2003,0.0,Not Selected,Guard,LAC,0.022708158116063918
2002-03,Antoine Rigaudeau,rigauan01,SG,31,DAL,11,0,91,4.6,19.9,0.22899999999999998,0.6,2.8,0.2,4.0,17.1,0.233,0.0,0.0,0.0,2.3,2.3,4.6,3.4,1.7,0.0,3.4,6.3,9.7,58.0,107.0,2003,Antoine Rigaudeau-2003,0.0,Not Selected,Guard,DAL,0.050462573591253154
2002-03,Clifford Robinson,robincl02,PF,36,DET,81,69,2825,7.3,18.3,0.39799999999999996,1.7,5.1,0.336,5.6,13.2,0.42200000000000004,3.2,4.7,0.6759999999999999,1.6,4.6,6.2,5.2,1.7,1.7,3.1,5.1,19.4,97.0,101.0,2003,Clifford Robinson-2003,0.0,Not Selected,Forward,DET,0.04205214465937763
2002-03,David Robinson,robinda01,C,37,SAS,64,64,1676,6.3,13.4,0.469,0.0,0.0,0.0,6.3,13.4,0.469,4.8,6.8,0.71,5.2,11.0,16.2,1.9,1.7,3.5,2.6,4.0,17.4,109.0,95.0,2003,David Robinson-2003,0.0,Not Selected,Center,SAS,0.050462573591253154
2002-03,Eddie Robinson,robined01,SF,26,CHI,64,18,1355,5.9,11.9,0.49200000000000005,0.1,0.5,0.214,5.8,11.4,0.505,1.9,2.4,0.81,2.9,4.7,7.6,2.5,2.3,0.5,2.0,4.5,13.8,106.0,106.0,2003,Eddie Robinson-2003,0.0,Not Selected,Forward,CHI,0.025231286795626577
2002-03,Glenn Robinson,robingl01,SF,30,ATL,69,68,2591,11.0,25.4,0.43200000000000005,1.8,5.4,0.342,9.1,20.1,0.456,5.5,6.2,0.8759999999999999,1.8,7.6,9.3,4.2,1.9,0.5,5.1,3.7,29.2,98.0,106.0,2003,Glenn Robinson-2003,0.0,Not Selected,Forward,ATL,0.02943650126156434
2002-03,Rodney Rogers,rogerro01,PF,31,NJN,68,0,1303,7.4,18.3,0.402,1.8,5.3,0.33299999999999996,5.6,13.0,0.43,2.7,3.6,0.7559999999999999,2.5,8.1,10.6,4.3,2.0,1.2,3.7,7.7,19.2,94.0,97.0,2003,Rodney Rogers-2003,0.0,Not Selected,Forward,BRK,0.04121110176619008
2002-03,Sean Rooks,rooksse01,C,33,LAC,70,38,1344,4.9,11.6,0.42100000000000004,0.0,0.0,0.0,4.9,11.6,0.42200000000000004,1.8,2.3,0.81,2.1,6.4,8.4,2.7,1.3,1.7,2.6,6.8,11.6,92.0,107.0,2003,Sean Rooks-2003,0.0,Not Selected,Center,LAC,0.022708158116063918
2002-03,Jalen Rose,roseja01,SF,30,CHI,82,82,3351,9.8,24.2,0.406,2.0,5.5,0.37,7.8,18.7,0.41600000000000004,6.1,7.2,0.8540000000000001,1.0,4.3,5.4,6.0,1.1,0.4,4.4,4.1,27.8,100.0,109.0,2003,Jalen Rose-2003,0.0,Not Selected,Forward,CHI,0.025231286795626577
2002-03,Malik Rose,rosema01,PF,28,SAS,79,13,1933,8.0,17.4,0.45899999999999996,0.1,0.1,0.4,7.9,17.2,0.45899999999999996,6.7,8.4,0.7909999999999999,4.1,9.9,14.0,3.4,1.6,1.1,4.7,5.7,22.7,102.0,98.0,2003,Malik Rose-2003,0.0,Not Selected,Forward,SAS,0.050462573591253154
2002-03,Guy Rucker,ruckegu01,PF,25,GSW,3,0,4,0.0,0.0,0.0,0.0,0.0,0.0,0.0,0.0,0.0,0.0,0.0,0.0,0.0,12.7,12.7,12.7,0.0,0.0,0.0,12.7,0.0,214.0,109.0,2003,Guy Rucker-2003,0.0,Not Selected,Forward,GSW,0.031959629941127
2002-03,Kareem Rush,rushka01,PG,22,LAL,76,0,872,5.7,14.5,0.39299999999999996,1.1,4.0,0.27899999999999997,4.6,10.5,0.43799999999999994,1.0,1.4,0.696,1.5,4.0,5.6,4.0,0.6,0.7,3.7,4.2,13.5,85.0,110.0,2003,Kareem Rush-2003,0.0,Not Selected,Guard,LAL,0.04205214465937763
2002-03,Bryon Russell,russebr01,SF,32,WAS,70,23,1388,4.2,12.0,0.353,1.8,5.5,0.32899999999999996,2.4,6.5,0.373,2.1,2.7,0.768,1.7,6.5,8.2,2.8,2.7,0.3,2.2,5.1,12.4,95.0,103.0,2003,Bryon Russell-2003,0.0,Not Selected,Forward,WAS,0.031118587047939444
2002-03,Arvydas Sabonis,sabonar01,C,38,POR,78,1,1209,7.6,16.0,0.47600000000000003,0.1,0.3,0.5,7.5,15.8,0.47600000000000003,5.7,7.3,0.787,3.9,11.0,14.9,6.3,2.7,2.2,3.3,6.3,21.1,113.0,97.0,2003,Arvydas Sabonis-2003,0.0,Not Selected,Center,POR,0.04205214465937763
2002-03,John Salmons,salmojo01,PG,23,PHI,64,1,504,5.0,12.1,0.414,1.0,3.2,0.32299999999999995,4.0,8.9,0.447,2.7,3.6,0.743,1.7,4.5,6.1,4.9,1.8,0.6,3.0,5.5,13.7,99.0,105.0,2003,John Salmons-2003,0.0,Not Selected,Guard,PHI,0.040370058873002525
2002-03,Soumaila Samake,samakso01,C,24,LAL,13,1,77,6.7,16.2,0.41700000000000004,0.0,0.0,0.0,6.7,16.2,0.41700000000000004,1.3,1.3,1.0,6.7,8.8,15.5,2.7,0.0,3.4,1.3,8.8,14.8,107.0,105.0,2003,Soumaila Samake-2003,0.0,Not Selected,Center,LAL,0.04205214465937763
2002-03,Jamal Sampson,sampsja01,PF,19,MIL,5,0,8,0.0,13.3,0.0,0.0,0.0,0.0,0.0,13.3,0.0,0.0,0.0,0.0,6.6,6.6,13.3,6.6,6.6,0.0,0.0,0.0,0.0,59.0,99.0,2003,Jamal Sampson-2003,0.0,Not Selected,Forward,MIL,0.03532380151387721
2002-03,Pepe Sánchez,sanchpe01,PG,25,DET,9,0,37,0.0,7.5,0.0,0.0,0.0,0.0,0.0,7.5,0.0,0.0,0.0,0.0,6.0,3.0,9.0,12.0,7.5,0.0,3.0,4.5,0.0,74.0,92.0,2003,Pepe Sánchez-2003,0.0,Not Selected,Guard,DET,0.04205214465937763
2002-03,Jeryl Sasser,sasseje01,SG,23,ORL,75,4,1025,3.2,10.4,0.309,0.7,2.2,0.295,2.6,8.2,0.313,2.7,3.9,0.679,3.2,6.0,9.3,3.3,2.3,0.6,2.0,4.6,9.8,93.0,105.0,2003,Jeryl Sasser-2003,0.0,Not Selected,Guard,ORL,0.03532380151387721
2002-03,Kenny Satterfield,satteke01,PG,21,TOT,39,6,502,5.8,19.2,0.301,0.5,2.9,0.179,5.2,16.3,0.32299999999999995,1.8,2.6,0.68,1.7,2.8,4.5,7.1,2.1,0.2,4.5,3.8,13.9,74.0,105.0,2003,Kenny Satterfield-2003,0.0,Not Selected,Guard,TOT,0.03333333333333333
2002-03,Predrag Savović,savovpr01,SG,26,DEN,27,0,256,6.0,19.2,0.312,0.8,5.4,0.154,5.1,13.8,0.373,4.3,6.0,0.7240000000000001,1.9,3.3,5.1,4.5,2.9,0.2,4.3,6.8,17.1,80.0,102.0,2003,Predrag Savović-2003,0.0,Not Selected,Guard,DEN,0.014297729184188394
2002-03,Brian Scalabrine,scalabr01,PF,24,NJN,59,7,724,4.9,12.2,0.402,1.0,2.8,0.359,3.9,9.4,0.415,2.2,2.6,0.833,2.9,7.3,10.2,3.3,1.2,1.3,3.3,5.6,13.0,93.0,99.0,2003,Brian Scalabrine-2003,0.0,Not Selected,Forward,BRK,0.04121110176619008
2002-03,Ansu Sesay,sesayan01,SF,26,SEA,45,4,448,5.0,13.0,0.38299999999999995,0.0,0.0,0.0,5.0,13.0,0.38299999999999995,1.5,2.6,0.5710000000000001,4.1,4.7,8.9,2.8,1.7,0.6,3.0,7.5,11.4,86.0,106.0,2003,Ansu Sesay-2003,0.0,Not Selected,Forward,OKC,0.0336417157275021
2002-03,Brian Shaw,shawbr01,PG,36,LAL,72,0,900,5.8,15.1,0.387,2.2,6.3,0.349,3.6,8.8,0.414,0.6,0.9,0.667,1.2,5.7,6.9,5.9,1.8,0.7,3.1,3.6,14.4,95.0,106.0,2003,Brian Shaw-2003,0.0,Not Selected,Guard,LAL,0.04205214465937763
2002-03,Paul Shirley,shirlpa01,PF,25,ATL,2,0,5,0.0,42.2,0.0,0.0,0.0,0.0,0.0,42.2,0.0,0.0,0.0,0.0,0.0,10.6,10.6,0.0,0.0,0.0,0.0,0.0,0.0,0.0,108.0,2003,Paul Shirley-2003,0.0,Not Selected,Forward,ATL,0.02943650126156434
2002-03,Bobby Simmons,simmobo01,SG,22,WAS,36,2,378,6.3,16.1,0.39299999999999996,0.0,0.7,0.0,6.3,15.4,0.41100000000000003,4.6,5.0,0.914,4.8,6.3,11.1,2.9,1.4,0.4,1.2,7.3,17.3,110.0,106.0,2003,Bobby Simmons-2003,0.0,Not Selected,Guard,WAS,0.031118587047939444
2002-03,Brian Skinner,skinnbr01,PF,26,PHI,77,9,1381,6.9,12.6,0.55,0.0,0.0,0.0,6.9,12.6,0.55,3.7,6.1,0.602,5.2,8.7,13.9,0.7,1.8,2.0,2.4,6.7,17.5,112.0,101.0,2003,Brian Skinner-2003,0.0,Not Selected,Forward,PHI,0.040370058873002525
2002-03,Reggie Slater,slatere01,PF,32,MIN,26,0,141,10.0,18.5,0.54,0.0,0.0,0.0,10.0,18.5,0.54,10.0,16.7,0.6,6.7,4.8,11.5,1.5,2.2,0.4,3.3,11.5,30.0,114.0,104.0,2003,Reggie Slater-2003,0.0,Not Selected,Forward,MIN,0.04289318755256518
2002-03,Tamar Slay,slayta01,SG,22,NJN,36,0,274,7.5,19.7,0.379,1.3,4.8,0.28,6.1,14.9,0.41,1.3,1.9,0.7,1.5,4.4,5.9,2.7,2.7,0.6,3.8,5.9,17.6,81.0,99.0,2003,Tamar Slay-2003,0.0,Not Selected,Guard,BRK,0.04121110176619008
2002-03,Charles Smith,smithch04,SG,27,POR,3,0,13,4.1,16.5,0.25,0.0,4.1,0.0,4.1,12.4,0.33299999999999996,12.4,16.5,0.75,0.0,0.0,0.0,4.1,4.1,0.0,4.1,12.4,20.7,89.0,103.0,2003,Charles Smith-2003,0.0,Not Selected,Guard,POR,0.04205214465937763
2002-03,Joe Smith,smithjo02,SF,27,MIN,54,21,1117,7.1,15.3,0.46,0.0,0.1,0.0,7.1,15.2,0.46299999999999997,4.8,6.1,0.779,5.2,7.4,12.6,1.8,0.7,2.6,2.0,8.0,18.9,111.0,104.0,2003,Joe Smith-2003,0.0,Not Selected,Forward,MIN,0.04289318755256518
2002-03,Steve Smith,smithst01,SG,33,SAS,53,18,1032,5.8,15.0,0.38799999999999996,2.0,6.1,0.331,3.8,8.9,0.428,4.9,5.9,0.833,1.1,4.0,5.1,3.6,1.4,0.5,2.2,4.1,18.6,109.0,103.0,2003,Steve Smith-2003,0.0,Not Selected,Guard,SAS,0.050462573591253154
2002-03,Eric Snow,snower01,PG,29,PHI,82,82,3108,6.1,13.5,0.452,0.1,0.5,0.21899999999999997,6.0,13.0,0.462,5.5,6.4,0.858,1.2,3.9,5.1,9.2,2.2,0.2,3.3,4.0,17.8,112.0,105.0,2003,Eric Snow-2003,0.0,Not Selected,Guard,PHI,0.040370058873002525
2002-03,Latrell Sprewell,sprewla01,SF,32,NYK,74,73,2859,8.4,20.9,0.40299999999999997,2.5,6.7,0.37200000000000005,5.9,14.2,0.41700000000000004,3.2,4.0,0.794,0.8,4.4,5.3,6.1,1.9,0.4,3.2,2.5,22.5,99.0,107.0,2003,Latrell Sprewell-2003,0.0,Not Selected,Forward,NYK,0.031118587047939444
2002-03,Jerry Stackhouse,stackje01,SG,28,WAS,70,70,2747,9.7,23.8,0.409,1.4,4.9,0.29,8.3,18.9,0.439,9.0,10.3,0.878,1.2,3.9,5.1,6.3,1.3,0.6,3.8,2.6,29.9,106.0,108.0,2003,Jerry Stackhouse-2003,0.0,Not Selected,Guard,WAS,0.031118587047939444
2002-03,Vladimir Stepania,stepavl01,C,26,MIA,79,6,1594,6.3,14.6,0.433,0.0,0.0,0.0,6.3,14.6,0.433,2.4,4.6,0.53,7.2,11.8,19.0,0.8,1.5,1.4,2.4,5.8,15.1,97.0,99.0,2003,Vladimir Stepania-2003,0.0,Not Selected,Center,MIA,0.021026072329688814
2002-03,DeShawn Stevenson,stevede01,SG,21,UTA,61,8,760,8.1,20.1,0.401,0.3,0.8,0.33299999999999996,7.8,19.2,0.40399999999999997,3.3,4.8,0.691,1.6,4.5,6.0,2.8,1.6,0.6,3.5,4.0,19.7,88.0,106.0,2003,DeShawn Stevenson-2003,0.0,Not Selected,Guard,UTA,0.03952901597981497
2002-03,Michael Stewart,stewami01,PF,27,CLE,47,0,251,2.8,7.5,0.37799999999999995,0.0,0.0,0.0,2.8,7.5,0.37799999999999995,1.6,2.4,0.667,3.9,7.3,11.2,1.2,0.4,3.1,2.0,8.5,7.3,90.0,107.0,2003,Michael Stewart-2003,0.0,Not Selected,Forward,CLE,0.014297729184188394
2002-03,John Stockton,stockjo01,PG,40,UTA,82,82,2275,7.3,15.1,0.483,0.7,1.9,0.363,6.6,13.2,0.5,5.6,6.8,0.826,1.2,3.5,4.7,14.9,3.2,0.4,4.3,4.3,20.9,117.0,103.0,2003,John Stockton-2003,0.0,Not Selected,Guard,UTA,0.03952901597981497
2002-03,Peja Stojaković,stojape01,SF,25,SAC,72,72,2450,10.2,21.2,0.48100000000000004,3.2,8.3,0.382,7.0,12.9,0.545,4.7,5.4,0.875,1.3,6.9,8.2,2.9,1.5,0.1,2.1,2.9,28.4,117.0,101.0,2003,Peja Stojaković-2003,0.0,Not Selected,Forward,SAC,0.0496215306980656
2002-03,Damon Stoudamire,stoudda01,PG,29,POR,59,27,1315,6.4,16.9,0.376,1.8,4.7,0.386,4.6,12.3,0.37200000000000005,2.2,2.7,0.7909999999999999,1.6,4.7,6.3,8.3,1.6,0.2,3.3,2.7,16.7,99.0,106.0,2003,Damon Stoudamire-2003,0.0,Not Selected,Guard,POR,0.04205214465937763
2002-03,Amar'e Stoudemire,stoudam01,PF,20,PHO,82,71,2570,8.0,16.9,0.47200000000000003,0.0,0.2,0.2,8.0,16.7,0.47600000000000003,6.5,9.9,0.6609999999999999,5.1,9.6,14.7,1.6,1.3,1.8,3.9,5.5,22.6,103.0,101.0,2003,Amar'e Stoudemire-2003,0.0,Not Selected,Forward,PHO,0.03700588730025231
2002-03,Erick Strickland,stricer01,SG,29,IND,71,10,1275,6.7,15.6,0.429,2.5,6.6,0.38799999999999996,4.2,9.0,0.45899999999999996,2.9,3.6,0.805,0.9,5.0,6.0,8.6,1.6,0.3,4.0,4.6,18.8,104.0,104.0,2003,Erick Strickland-2003,0.0,Not Selected,Guard,IND,0.040370058873002525
2002-03,Mark Strickland,stricma01,SF,32,DAL,4,0,13,8.0,19.9,0.4,0.0,0.0,0.0,8.0,19.9,0.4,0.0,0.0,0.0,19.9,8.0,27.9,0.0,0.0,0.0,4.0,4.0,16.0,104.0,106.0,2003,Mark Strickland-2003,0.0,Not Selected,Forward,DAL,0.050462573591253154
2002-03,Rod Strickland,stricro02,PG,36,MIN,47,8,956,6.6,15.2,0.43200000000000005,0.1,0.6,0.091,6.5,14.6,0.446,4.3,5.8,0.738,1.1,4.1,5.2,11.7,2.5,0.3,4.2,3.0,17.5,102.0,105.0,2003,Rod Strickland-2003,0.0,Not Selected,Guard,MIN,0.04289318755256518
2002-03,Bruno Šundov,sundobr01,C,22,BOS,26,0,138,5.4,21.4,0.25,1.5,6.1,0.25,3.8,15.3,0.25,0.0,0.8,0.0,3.1,7.7,10.7,2.7,2.3,1.1,3.4,9.2,12.2,63.0,100.0,2003,Bruno Šundov-2003,0.0,Not Selected,Center,BOS,0.03700588730025231
2002-03,Bob Sura,surabo01,SG,29,GSW,55,0,1130,6.1,14.8,0.41200000000000003,1.3,3.8,0.32899999999999996,4.8,11.0,0.44,4.6,6.7,0.696,2.6,4.9,7.5,8.0,2.0,0.1,3.7,4.9,18.1,107.0,111.0,2003,Bob Sura-2003,0.0,Not Selected,Guard,GSW,0.031959629941127
2002-03,Stromile Swift,swiftst01,PF,23,MEM,67,26,1478,8.2,17.1,0.48100000000000004,0.0,0.1,0.0,8.2,17.1,0.483,6.2,8.6,0.722,4.0,9.5,13.5,1.6,1.9,3.6,3.5,5.3,22.7,104.0,103.0,2003,Stromile Swift-2003,0.0,Not Selected,Forward,MEM,0.023549201009251473
2002-03,Wally Szczerbiak,szczewa02,SF,25,MIN,52,42,1836,10.0,20.7,0.48100000000000004,1.7,4.1,0.42100000000000004,8.2,16.6,0.49700000000000005,4.3,4.9,0.867,1.5,5.3,6.9,3.9,1.3,0.6,2.5,3.5,26.0,112.0,106.0,2003,Wally Szczerbiak-2003,0.0,Not Selected,Forward,MIN,0.04289318755256518
2002-03,Maurice Taylor,tayloma01,PF,26,HOU,67,9,1377,9.1,21.0,0.43200000000000005,0.0,0.1,0.0,9.1,20.9,0.433,3.9,5.4,0.725,3.7,5.6,9.3,2.6,0.9,0.9,3.9,5.9,22.1,94.0,106.0,2003,Maurice Taylor-2003,0.0,Not Selected,Forward,HOU,0.03616484440706476
2002-03,Jason Terry,terryja01,PG,25,ATL,81,81,3081,8.4,19.5,0.428,2.7,7.4,0.371,5.6,12.2,0.462,4.4,5.0,0.887,0.6,4.1,4.8,10.3,2.2,0.2,4.3,3.0,23.9,109.0,108.0,2003,Jason Terry-2003,0.0,Not Selected,Guard,ATL,0.02943650126156434
2002-03,Etan Thomas,thomaet01,PF,24,WAS,38,0,513,6.5,13.2,0.49200000000000005,0.0,0.0,0.0,6.5,13.2,0.49200000000000005,6.4,10.0,0.638,7.4,10.1,17.5,0.3,0.8,2.4,3.5,7.0,19.3,107.0,102.0,2003,Etan Thomas-2003,0.0,Not Selected,Forward,WAS,0.031118587047939444
2002-03,Kenny Thomas,thomake01,PF,25,TOT,66,42,1978,7.0,15.0,0.465,0.0,0.0,0.0,7.0,15.0,0.465,3.9,5.3,0.746,5.0,9.2,14.2,3.0,1.7,0.7,3.1,4.5,17.9,105.0,102.0,2003,Kenny Thomas-2003,0.0,Not Selected,Forward,TOT,0.03333333333333333
2002-03,Kurt Thomas,thomaku01,C,30,NYK,81,81,2577,10.2,21.1,0.483,0.0,0.1,0.667,10.2,21.0,0.483,2.8,3.8,0.75,3.3,9.8,13.1,3.3,1.7,2.0,2.8,7.1,23.3,102.0,102.0,2003,Kurt Thomas-2003,0.0,Not Selected,Center,NYK,0.031118587047939444
2002-03,Tim Thomas,thomati01,SF,25,MIL,80,70,2358,9.3,20.9,0.44299999999999995,2.2,6.0,0.366,7.1,15.0,0.474,3.3,4.2,0.78,2.2,6.6,8.8,2.3,1.6,1.1,3.0,5.8,24.0,101.0,108.0,2003,Tim Thomas-2003,0.0,Not Selected,Forward,MIL,0.03532380151387721
2002-03,Jamaal Tinsley,tinslja01,PG,24,IND,73,69,2237,5.2,13.0,0.396,1.1,3.9,0.27699999999999997,4.1,9.1,0.446,1.9,2.6,0.7140000000000001,1.4,4.7,6.1,12.8,2.9,0.4,4.5,4.7,13.3,98.0,101.0,2003,Jamaal Tinsley-2003,0.0,Not Selected,Guard,IND,0.040370058873002525
2002-03,Óscar Torres,torreos01,SG,26,GSW,17,0,109,7.5,16.8,0.444,3.3,6.1,0.5379999999999999,4.2,10.7,0.391,6.5,9.3,0.7,1.4,4.2,5.6,1.4,1.9,0.9,3.7,4.2,24.8,110.0,111.0,2003,Óscar Torres-2003,0.0,Not Selected,Guard,GSW,0.031959629941127
2002-03,Robert Traylor,traylro01,C,25,NOH,69,0,851,6.6,15.0,0.44299999999999995,0.1,0.2,0.33299999999999996,6.6,14.8,0.444,3.6,5.6,0.648,6.8,9.7,16.5,3.2,2.8,2.3,3.3,9.7,16.9,102.0,96.0,2003,Robert Traylor-2003,0.0,Not Selected,Center,NOP,0.03952901597981497
2002-03,Gary Trent,trentga01,SF,28,MIN,80,22,1222,8.9,16.6,0.535,0.0,0.1,0.0,8.9,16.5,0.537,2.6,4.3,0.594,4.5,7.9,12.4,3.3,1.4,1.0,2.5,6.1,20.3,110.0,104.0,2003,Gary Trent-2003,0.0,Not Selected,Forward,MIN,0.04289318755256518
2002-03,Jeff Trepagnier,trepaje01,SG,23,DEN,8,0,97,9.2,21.7,0.425,2.2,4.3,0.5,7.1,17.4,0.406,3.8,3.8,1.0,4.3,4.3,8.7,3.3,4.3,0.0,4.3,2.7,24.5,99.0,99.0,2003,Jeff Trepagnier-2003,0.0,Not Selected,Guard,DEN,0.014297729184188394
2002-03,Cezary Trybański,trybace01,C,23,MEM,15,0,86,3.0,12.0,0.25,0.0,0.0,0.0,3.0,12.0,0.25,2.4,6.0,0.4,3.6,4.8,8.4,0.6,0.0,3.6,4.8,7.8,8.4,57.0,110.0,2003,Cezary Trybański-2003,0.0,Not Selected,Center,MEM,0.023549201009251473
2002-03,Jake Tsakalidis,tsakaja01,C,23,PHO,33,27,543,5.9,13.0,0.452,0.0,0.0,0.0,5.9,13.0,0.452,3.8,5.6,0.672,4.3,7.4,11.8,1.3,0.6,1.6,2.5,7.7,15.5,102.0,104.0,2003,Jake Tsakalidis-2003,0.0,Not Selected,Center,PHO,0.03700588730025231
2002-03,Nikoloz Tskitishvili,tskitni01,SF,19,DEN,81,16,1320,4.6,15.7,0.293,1.5,6.1,0.243,3.1,9.6,0.324,1.9,2.6,0.738,2.6,4.7,7.2,3.6,1.2,1.2,3.4,5.4,12.6,79.0,104.0,2003,Nikoloz Tskitishvili-2003,0.0,Not Selected,Forward,DEN,0.014297729184188394
2002-03,Hedo Türkoğlu,turkohe01,SF,23,SAC,67,11,1175,7.1,16.7,0.42200000000000004,1.2,3.3,0.37200000000000005,5.8,13.4,0.435,3.8,4.7,0.8,1.5,6.6,8.1,3.7,1.1,0.5,2.1,5.4,19.1,104.0,102.0,2003,Hedo Türkoğlu-2003,0.0,Not Selected,Forward,SAC,0.0496215306980656
2002-03,Nick Van Exel,vanexni01,SG,31,DAL,73,1,2026,8.8,21.3,0.41200000000000003,3.0,8.0,0.37799999999999995,5.7,13.3,0.43200000000000005,2.8,3.7,0.764,0.9,4.4,5.3,8.0,1.1,0.1,3.1,2.2,23.3,104.0,107.0,2003,Nick Van Exel-2003,0.0,Not Selected,Guard,DAL,0.050462573591253154
2002-03,Keith Van Horn,vanhoke01,PF,27,PHI,74,73,2337,10.3,21.4,0.48200000000000004,1.5,4.0,0.369,8.9,17.4,0.508,4.3,5.4,0.804,3.6,8.2,11.8,2.1,1.4,0.7,3.4,5.6,26.4,107.0,103.0,2003,Keith Van Horn-2003,0.0,Not Selected,Forward,PHI,0.040370058873002525
2002-03,Jacque Vaughn,vaughja01,PG,27,ORL,80,48,1686,5.6,12.6,0.44799999999999995,0.2,1.0,0.235,5.4,11.5,0.467,3.0,3.8,0.7759999999999999,0.8,2.8,3.6,7.1,2.0,0.1,3.0,5.2,14.5,103.0,108.0,2003,Jacque Vaughn-2003,0.0,Not Selected,Guard,ORL,0.03532380151387721
2002-03,Jake Voskuhl,voskuja01,C,25,PHO,65,1,947,5.1,9.0,0.564,0.0,0.0,0.0,5.1,9.0,0.564,3.5,5.3,0.667,5.4,7.1,12.5,2.0,1.0,1.6,2.7,9.5,13.7,115.0,103.0,2003,Jake Voskuhl-2003,0.0,Not Selected,Center,PHO,0.03700588730025231
2002-03,Dajuan Wagner,wagneda02,SG,19,CLE,47,24,1385,8.2,22.3,0.369,2.0,6.4,0.316,6.2,15.9,0.39,4.7,5.9,0.8,0.7,2.3,3.0,4.8,1.4,0.3,3.1,3.9,23.2,96.0,111.0,2003,Dajuan Wagner-2003,0.0,Not Selected,Guard,CLE,0.014297729184188394
2002-03,Antoine Walker,walkean02,PF,26,BOS,78,78,3235,9.8,25.4,0.38799999999999996,3.1,9.5,0.32299999999999995,6.8,15.9,0.42700000000000005,2.9,4.7,0.615,1.6,7.6,9.2,6.1,1.9,0.5,4.2,3.6,25.6,92.0,101.0,2003,Antoine Walker-2003,0.0,Not Selected,Forward,BOS,0.03700588730025231
2002-03,Samaki Walker,walkesa01,C,26,LAL,67,39,1243,4.8,11.4,0.42,0.0,0.0,0.0,4.8,11.4,0.42100000000000004,2.8,4.2,0.653,4.8,10.6,15.4,2.7,0.8,2.3,2.3,6.0,12.4,101.0,103.0,2003,Samaki Walker-2003,0.0,Not Selected,Center,LAL,0.04205214465937763
2002-03,Ben Wallace,wallabe01,C,28,DET,73,73,2873,4.0,8.4,0.48100000000000004,0.0,0.1,0.16699999999999998,4.0,8.3,0.485,1.6,3.6,0.45,5.6,16.0,21.7,2.3,2.0,4.4,1.7,3.4,9.7,108.0,90.0,2003,Ben Wallace-2003,2.0,2nd,Center,DET,0.04205214465937763
2002-03,Gerald Wallace,wallage01,SF,20,SAC,47,7,571,7.9,16.1,0.49200000000000005,0.1,0.4,0.25,7.8,15.8,0.49700000000000005,3.4,6.5,0.527,3.3,7.9,11.3,2.0,2.1,1.3,3.9,6.0,19.4,94.0,98.0,2003,Gerald Wallace-2003,0.0,Not Selected,Forward,SAC,0.0496215306980656
2002-03,Rasheed Wallace,wallara01,PF,28,POR,74,74,2684,10.3,21.9,0.47100000000000003,2.2,6.1,0.358,8.1,15.7,0.515,4.0,5.4,0.735,2.3,8.7,11.0,3.1,1.4,1.5,2.8,4.5,26.8,109.0,102.0,2003,Rasheed Wallace-2003,0.0,Not Selected,Forward,POR,0.04205214465937763
2002-03,Charlie Ward,wardch01,PG,32,NYK,66,6,1465,6.0,14.9,0.39899999999999997,3.6,9.6,0.37799999999999995,2.3,5.3,0.435,1.5,1.9,0.774,0.9,5.5,6.4,11.0,2.8,0.4,3.4,5.3,17.0,109.0,105.0,2003,Charlie Ward-2003,0.0,Not Selected,Guard,NYK,0.031118587047939444
2002-03,Earl Watson,watsoea01,PG,23,MEM,79,2,1366,6.4,14.8,0.435,1.2,3.5,0.341,5.3,11.4,0.46299999999999997,2.4,3.3,0.721,1.7,4.5,6.2,8.5,3.4,0.5,3.3,5.2,16.4,103.0,106.0,2003,Earl Watson-2003,0.0,Not Selected,Guard,MEM,0.023549201009251473
2002-03,Clarence Weatherspoon,weathcl01,PF,32,NYK,79,19,2024,4.9,10.8,0.449,0.0,0.0,0.0,4.9,10.8,0.449,3.9,5.1,0.768,5.6,10.1,15.7,1.8,1.8,0.9,1.6,4.5,13.6,114.0,103.0,2003,Clarence Weatherspoon-2003,0.0,Not Selected,Forward,NYK,0.031118587047939444
2002-03,Chris Webber,webbech01,PF,29,SAC,67,67,2622,12.7,27.5,0.461,0.1,0.4,0.23800000000000002,12.6,27.1,0.465,4.1,6.8,0.607,3.1,10.4,13.5,7.0,2.0,1.7,4.1,3.9,29.6,99.0,96.0,2003,Chris Webber-2003,2.0,2nd,Forward,SAC,0.0496215306980656
2002-03,Bonzi Wells,wellsbo01,SG,26,POR,75,65,2396,9.8,22.2,0.441,0.9,2.9,0.292,8.9,19.3,0.46399999999999997,5.1,7.0,0.722,2.2,6.6,8.8,5.5,2.8,0.4,4.8,4.9,25.5,98.0,101.0,2003,Bonzi Wells-2003,0.0,Not Selected,Guard,POR,0.04205214465937763
2002-03,Jiří Welsch,welscji01,SF,23,GSW,37,0,234,4.1,16.3,0.253,0.2,0.9,0.25,3.9,15.5,0.254,4.8,6.3,0.759,2.6,3.5,6.1,5.9,1.7,0.4,4.1,7.0,13.3,81.0,112.0,2003,Jiří Welsch-2003,0.0,Not Selected,Forward,GSW,0.031959629941127
2002-03,David Wesley,wesleda01,SG,32,NOH,73,73,2710,8.9,20.6,0.433,2.7,6.3,0.424,6.2,14.3,0.43700000000000006,3.7,4.7,0.7809999999999999,0.8,2.7,3.5,5.0,2.2,0.2,2.6,3.4,24.1,109.0,105.0,2003,David Wesley-2003,0.0,Not Selected,Guard,NOP,0.03952901597981497
2002-03,Jahidi White,whiteja01,C,26,WAS,16,8,230,5.9,12.5,0.47200000000000003,0.0,0.0,0.0,5.9,12.5,0.47200000000000003,4.0,5.9,0.68,8.8,8.5,17.3,0.5,0.2,2.8,2.1,7.8,15.9,113.0,104.0,2003,Jahidi White-2003,0.0,Not Selected,Center,WAS,0.031118587047939444
2002-03,Rodney White,whitero02,SG,22,DEN,72,19,1563,8.8,21.5,0.408,1.1,4.5,0.239,7.7,17.0,0.452,3.3,4.2,0.784,1.5,5.7,7.2,4.1,1.5,1.1,5.3,4.5,21.9,86.0,103.0,2003,Rodney White-2003,0.0,Not Selected,Guard,DEN,0.014297729184188394
2002-03,Chris Whitney,whitnch01,PG,31,TOT,51,21,1052,6.2,17.4,0.355,2.5,8.2,0.305,3.7,9.2,0.4,2.8,3.4,0.826,0.1,3.2,3.3,7.2,1.4,0.1,3.5,4.6,17.7,95.0,107.0,2003,Chris Whitney-2003,0.0,Not Selected,Guard,TOT,0.03333333333333333
2002-03,Chris Wilcox,wilcoch01,PF,20,LAC,46,3,479,8.0,15.4,0.521,0.0,0.0,0.0,8.0,15.4,0.521,2.7,5.5,0.5,3.5,7.9,11.4,2.3,0.8,1.3,2.9,7.1,18.8,102.0,107.0,2003,Chris Wilcox-2003,0.0,Not Selected,Forward,LAC,0.022708158116063918
2002-03,Mike Wilks,wilksmi01,PG-SG,23,TOT,46,7,688,3.8,11.3,0.33799999999999997,0.8,2.7,0.28600000000000003,3.1,8.6,0.354,2.8,3.6,0.787,1.5,3.9,5.4,7.0,2.1,0.3,2.1,5.3,11.2,100.0,107.0,2003,Mike Wilks-2003,0.0,Not Selected,Guard,TOT,0.03333333333333333
2002-03,Aaron Williams,williaa01,C,31,NJN,81,0,1597,6.5,14.4,0.45299999999999996,0.0,0.0,0.0,6.5,14.4,0.45399999999999996,3.3,4.3,0.785,4.5,6.4,10.9,2.9,0.9,1.9,2.8,6.8,16.4,103.0,100.0,2003,Aaron Williams-2003,0.0,Not Selected,Center,BRK,0.04121110176619008
2002-03,Alvin Williams,willial02,PG,28,TOR,78,78,2638,8.0,18.3,0.43799999999999994,1.0,3.0,0.32899999999999996,7.0,15.4,0.45799999999999996,3.8,4.8,0.782,1.1,3.8,5.0,8.4,2.2,0.4,2.6,3.4,20.8,108.0,108.0,2003,Alvin Williams-2003,0.0,Not Selected,Guard,TOR,0.020185029436501262
2002-03,Brandon Williams,willibr01,SF,27,ATL,6,0,19,2.8,19.4,0.14300000000000002,0.0,2.8,0.0,2.8,16.7,0.16699999999999998,0.0,0.0,0.0,5.6,0.0,5.6,0.0,5.6,0.0,8.3,11.1,5.6,34.0,104.0,2003,Brandon Williams-2003,0.0,Not Selected,Forward,ATL,0.02943650126156434
2002-03,Eric Williams,willier01,SF,30,BOS,82,79,2350,5.7,12.9,0.442,0.8,2.5,0.336,4.9,10.5,0.467,4.5,6.0,0.75,3.2,5.4,8.6,3.1,1.9,0.4,2.2,5.3,16.8,110.0,103.0,2003,Eric Williams-2003,0.0,Not Selected,Forward,BOS,0.03700588730025231
2002-03,Frank Williams,willifr02,PG,22,NYK,21,0,167,2.9,10.5,0.273,1.9,5.1,0.375,1.0,5.4,0.17600000000000002,1.3,1.9,0.667,1.0,4.8,5.7,10.8,2.2,0.6,5.4,6.3,8.9,81.0,106.0,2003,Frank Williams-2003,0.0,Not Selected,Guard,NYK,0.031118587047939444
2002-03,Jason Williams,willija02,PG,27,MEM,76,76,2407,7.2,18.5,0.38799999999999996,3.1,8.7,0.354,4.1,9.8,0.418,2.4,2.8,0.84,0.5,4.0,4.6,13.6,2.0,0.2,3.6,2.8,19.8,108.0,110.0,2003,Jason Williams-2003,0.0,Not Selected,Guard,MEM,0.023549201009251473
2002-03,Jay Williams,willija03,PG,21,CHI,75,54,1961,7.1,17.9,0.39899999999999997,1.7,5.3,0.322,5.4,12.6,0.431,2.7,4.2,0.64,0.7,4.4,5.1,9.2,2.3,0.4,4.5,4.7,18.7,94.0,107.0,2003,Jay Williams-2003,0.0,Not Selected,Guard,CHI,0.025231286795626577
2002-03,Jerome Williams,willije01,PF,29,TOR,71,63,2346,6.1,12.2,0.499,0.0,0.1,0.16699999999999998,6.1,12.0,0.503,3.6,6.4,0.555,5.3,9.5,14.8,2.2,2.6,0.6,2.2,4.5,15.7,108.0,103.0,2003,Jerome Williams-2003,0.0,Not Selected,Forward,TOR,0.020185029436501262
2002-03,Monty Williams,willimo01,SF,31,PHI,21,2,276,6.5,15.2,0.425,0.0,0.4,0.0,6.5,14.8,0.436,4.6,6.1,0.75,2.3,6.3,8.6,4.9,2.3,1.0,3.2,6.3,17.5,99.0,102.0,2003,Monty Williams-2003,0.0,Not Selected,Forward,PHI,0.040370058873002525
2002-03,Scott Williams,willisc01,C,34,PHO,69,33,872,7.2,17.6,0.41100000000000003,0.0,0.1,0.0,7.2,17.4,0.414,2.0,2.5,0.7859999999999999,4.3,7.3,11.6,1.3,1.6,1.3,1.9,9.6,16.4,96.0,102.0,2003,Scott Williams-2003,0.0,Not Selected,Center,PHO,0.03700588730025231
2002-03,Shammond Williams,willish01,PG,27,TOT,78,11,1881,6.4,16.2,0.39399999999999996,2.6,7.3,0.35600000000000004,3.8,8.9,0.425,2.2,2.9,0.765,0.7,4.1,4.8,7.5,2.2,0.2,3.2,3.9,17.6,100.0,104.0,2003,Shammond Williams-2003,0.0,Not Selected,Guard,TOT,0.03333333333333333
2002-03,Walt Williams,williwa02,SF,32,DAL,66,1,1161,6.0,15.2,0.39299999999999996,2.9,7.6,0.374,3.1,7.6,0.41200000000000003,1.4,2.2,0.62,2.4,6.9,9.2,2.6,1.9,1.2,1.6,6.3,16.2,105.0,102.0,2003,Walt Williams-2003,0.0,Not Selected,Forward,DAL,0.050462573591253154
2002-03,Corliss Williamson,willico02,SF,29,DET,82,1,2061,10.0,22.2,0.45299999999999996,0.1,0.3,0.182,10.0,21.9,0.456,6.4,8.1,0.79,3.9,5.7,9.6,2.8,1.2,0.7,3.4,6.4,26.5,103.0,102.0,2003,Corliss Williamson-2003,0.0,Not Selected,Forward,DET,0.04205214465937763
2002-03,Kevin Willis,willike02,C,40,SAS,71,6,840,7.8,16.3,0.479,0.0,0.1,0.0,7.8,16.2,0.48200000000000004,3.2,5.3,0.614,5.3,9.1,14.3,1.5,1.3,1.3,3.8,7.6,18.9,98.0,99.0,2003,Kevin Willis-2003,0.0,Not Selected,Center,SAS,0.050462573591253154
2002-03,Rubén Wolkowyski,wolkoru01,PF,29,BOS,7,0,24,4.4,8.8,0.5,0.0,2.2,0.0,4.4,6.6,0.667,2.2,8.8,0.25,0.0,2.2,2.2,2.2,0.0,0.0,2.2,6.6,11.0,79.0,110.0,2003,Rubén Wolkowyski-2003,0.0,Not Selected,Forward,BOS,0.03700588730025231
2002-03,Loren Woods,woodslo01,C,24,MIN,38,11,353,4.3,11.2,0.382,0.1,0.4,0.33299999999999996,4.1,10.8,0.384,3.1,4.0,0.778,4.0,10.1,14.1,2.8,1.5,1.9,3.4,5.5,11.8,91.0,101.0,2003,Loren Woods-2003,0.0,Not Selected,Center,MIN,0.04289318755256518
2002-03,Qyntel Woods,woodsqy01,PF,21,POR,53,0,334,9.5,19.0,0.5,0.5,1.4,0.33299999999999996,9.0,17.5,0.514,1.1,3.2,0.35,2.4,6.1,8.5,1.9,2.4,0.2,3.7,5.8,20.6,92.0,103.0,2003,Qyntel Woods-2003,0.0,Not Selected,Forward,POR,0.04205214465937763
2002-03,Metta World Peace,artesro01,SF,23,IND,69,67,2317,8.2,19.1,0.428,1.6,4.8,0.336,6.6,14.4,0.45799999999999996,6.2,8.4,0.736,2.3,5.9,8.2,4.5,3.6,1.1,3.3,5.5,24.2,105.0,98.0,2003,Metta World Peace-2003,0.0,Not Selected,Forward,IND,0.040370058873002525
2002-03,Lorenzen Wright,wrighlo02,C,27,MEM,70,49,1982,8.5,18.7,0.45399999999999996,0.0,0.1,0.0,8.5,18.6,0.457,3.8,5.8,0.659,4.4,9.4,13.8,2.1,1.3,1.4,2.9,5.5,20.8,99.0,106.0,2003,Lorenzen Wright-2003,0.0,Not Selected,Center,MEM,0.023549201009251473
2002-03,Vincent Yarbrough,yarbrvi01,SG,21,DEN,59,39,1381,6.4,16.3,0.39299999999999996,0.8,3.0,0.26899999999999996,5.6,13.4,0.42,1.9,2.4,0.79,1.4,4.8,6.2,5.0,2.2,1.3,3.1,5.5,15.5,90.0,102.0,2003,Vincent Yarbrough-2003,0.0,Not Selected,Guard,DEN,0.014297729184188394
2002-03,Wang Zhizhi,zhizhwa01,C,25,LAC,41,1,412,7.9,20.7,0.38299999999999995,2.0,6.0,0.34,5.9,14.7,0.4,5.4,7.4,0.7240000000000001,3.3,6.5,9.8,1.3,1.0,1.3,4.0,5.2,23.2,94.0,108.0,2003,Wang Zhizhi-2003,0.0,Not Selected,Center,LAC,0.022708158116063918
2003-04,Shareef Abdur-Rahim,abdursh01,PF,27,TOT,85,56,2684,10.0,21.0,0.475,0.2,0.7,0.265,9.8,20.4,0.48200000000000004,7.4,8.6,0.8690000000000001,3.8,9.0,12.8,3.5,1.4,0.7,3.7,4.4,27.6,110.0,105.0,2004,Shareef Abdur-Rahim-2004,0.0,Not Selected,Forward,TOT,0.03333333333333333
2003-04,Malik Allen,allenma01,PF,25,MIA,45,6,616,7.4,17.5,0.419,0.0,0.0,0.0,7.4,17.5,0.419,2.2,2.9,0.758,3.7,6.8,10.5,1.4,1.1,2.5,2.4,7.2,16.9,93.0,101.0,2004,Malik Allen-2004,0.0,Not Selected,Forward,MIA,0.03532380151387721
2003-04,Ray Allen,allenra02,SG,28,SEA,56,56,2152,11.1,25.2,0.44,3.7,9.4,0.392,7.4,15.8,0.46799999999999997,6.1,6.7,0.904,1.7,5.4,7.1,6.6,1.8,0.3,3.9,3.3,31.9,112.0,110.0,2004,Ray Allen-2004,0.0,Not Selected,Guard,OKC,0.031118587047939444
2003-04,Rafer Alston,alstora01,PG,27,MIA,82,28,2581,6.1,16.2,0.376,3.4,9.2,0.371,2.7,7.0,0.382,2.2,2.8,0.769,0.5,4.2,4.8,7.9,2.4,0.4,2.7,4.5,17.7,105.0,102.0,2004,Rafer Alston-2004,0.0,Not Selected,Guard,MIA,0.03532380151387721
2003-04,Chris Andersen,anderch01,PF,25,DEN,71,0,1029,4.5,10.1,0.44299999999999995,0.0,0.0,0.0,4.5,10.1,0.446,3.1,5.3,0.589,4.4,10.4,14.9,1.7,1.7,5.7,2.4,5.9,12.1,100.0,96.0,2004,Chris Andersen-2004,0.0,Not Selected,Forward,DEN,0.03616484440706476
2003-04,Derek Anderson,anderde01,SG,29,POR,51,46,1810,7.1,18.8,0.376,2.4,8.0,0.305,4.6,10.9,0.428,4.8,5.8,0.8240000000000001,0.8,4.8,5.6,7.0,2.0,0.1,2.8,2.4,21.3,107.0,107.0,2004,Derek Anderson-2004,0.0,Not Selected,Guard,POR,0.034482758620689655
2003-04,Kenny Anderson,anderke01,PG,33,IND,44,31,905,6.8,15.5,0.441,0.1,0.2,0.25,6.8,15.3,0.444,2.1,2.9,0.7290000000000001,1.2,3.8,4.9,7.6,1.6,0.3,3.0,4.4,15.9,98.0,101.0,2004,Kenny Anderson-2004,0.0,Not Selected,Guard,IND,0.051303616484440706
2003-04,Shandon Anderson,andersh01,SG,30,NYK,80,37,1974,6.5,15.3,0.42200000000000004,1.0,3.5,0.281,5.5,11.8,0.46299999999999997,3.3,4.4,0.764,1.4,4.6,6.0,3.3,1.8,0.5,3.2,4.9,17.2,96.0,105.0,2004,Shandon Anderson-2004,0.0,Not Selected,Guard,NYK,0.03280067283431455
2003-04,Carmelo Anthony,anthoca01,SF,19,DEN,82,82,2995,10.7,25.2,0.426,1.2,3.7,0.322,9.5,21.5,0.444,7.0,9.0,0.777,3.1,5.4,8.6,3.9,1.7,0.7,4.2,3.9,29.6,102.0,105.0,2004,Carmelo Anthony-2004,0.0,Not Selected,Forward,DEN,0.03616484440706476
2003-04,Robert Archibald,archiro01,C-PF,23,TOT,32,3,256,1.9,7.1,0.273,0.0,0.0,0.0,1.9,7.1,0.273,3.0,6.7,0.452,4.5,6.7,11.2,2.8,3.0,0.6,2.2,10.8,6.9,84.0,98.0,2004,Robert Archibald-2004,0.0,Not Selected,Forward,TOT,0.03333333333333333
2003-04,Gilbert Arenas,arenagi01,PG,22,WAS,55,52,2066,9.0,23.0,0.392,3.1,8.4,0.375,5.9,14.6,0.401,6.0,8.0,0.748,1.4,5.0,6.4,6.9,2.6,0.3,5.7,4.4,27.1,98.0,105.0,2004,Gilbert Arenas-2004,0.0,Not Selected,Guard,WAS,0.021026072329688814
2003-04,Brandon Armstrong,armstbr01,SG,23,NJN,56,0,434,8.0,21.6,0.371,2.3,6.4,0.365,5.7,15.2,0.374,0.2,0.5,0.5,1.5,3.8,5.3,1.7,1.5,0.2,3.0,6.1,18.7,80.0,102.0,2004,Brandon Armstrong-2004,0.0,Not Selected,Guard,BRK,0.03952901597981497
2003-04,Darrell Armstrong,armstda01,PG,35,NOH,79,22,2247,7.0,17.6,0.395,3.2,10.3,0.315,3.7,7.4,0.508,2.9,3.5,0.8540000000000001,1.5,3.9,5.4,7.5,3.2,0.4,3.7,3.5,20.1,105.0,102.0,2004,Darrell Armstrong-2004,0.0,Not Selected,Guard,NOP,0.034482758620689655
2003-04,Carlos Arroyo,arroyca01,PG,24,UTA,71,71,2008,9.4,21.2,0.441,1.0,3.2,0.325,8.3,18.0,0.462,5.0,6.2,0.804,1.1,4.0,5.1,9.8,1.7,0.1,4.3,4.6,24.8,106.0,106.0,2004,Carlos Arroyo-2004,0.0,Not Selected,Guard,UTA,0.03532380151387721
2003-04,Chucky Atkins,atkinch01,PG,29,TOT,64,24,1544,6.6,16.6,0.397,2.8,8.3,0.336,3.8,8.3,0.457,2.5,3.3,0.753,0.3,2.9,3.2,7.7,1.5,0.1,3.2,3.5,18.5,103.0,105.0,2004,Chucky Atkins-2004,0.0,Not Selected,Guard,TOT,0.03333333333333333
2003-04,Stacey Augmon,augmost01,SF,35,NOH,69,24,1416,5.4,13.2,0.41200000000000003,0.0,0.3,0.14300000000000002,5.4,12.9,0.418,4.2,5.3,0.7909999999999999,2.0,4.6,6.6,3.2,2.1,0.6,2.9,4.3,15.1,97.0,104.0,2004,Stacey Augmon-2004,0.0,Not Selected,Forward,NOP,0.034482758620689655
2003-04,Vin Baker,bakervi01,PF,32,TOT,54,33,1313,8.2,17.1,0.48100000000000004,0.0,0.1,0.33299999999999996,8.2,17.0,0.483,4.5,6.2,0.726,4.4,6.7,11.1,2.6,1.1,1.3,3.0,6.3,21.0,105.0,105.0,2004,Vin Baker-2004,0.0,Not Selected,Forward,TOT,0.03333333333333333
2003-04,Marcus Banks,banksma01,PG,22,BOS,81,2,1385,6.6,16.4,0.4,1.0,3.2,0.314,5.6,13.2,0.42100000000000004,3.7,4.9,0.7559999999999999,1.1,3.8,4.9,6.5,3.3,0.5,4.6,6.4,17.9,91.0,103.0,2004,Marcus Banks-2004,0.0,Not Selected,Guard,BOS,0.030277544154751892
2003-04,Leandro Barbosa,barbole01,PG,21,PHO,70,46,1500,7.3,16.2,0.447,2.9,7.3,0.395,4.4,9.0,0.488,1.6,2.1,0.77,0.8,3.5,4.2,5.7,3.2,0.2,4.1,6.4,19.0,100.0,106.0,2004,Leandro Barbosa-2004,0.0,Not Selected,Guard,PHO,0.024390243902439025
2003-04,Matt Barnes,barnema02,SF,23,LAC,38,9,724,4.6,10.1,0.457,0.1,0.9,0.154,4.4,9.1,0.488,3.1,4.4,0.705,3.9,7.1,11.0,3.5,2.0,0.2,3.2,5.5,12.5,101.0,108.0,2004,Matt Barnes-2004,0.0,Not Selected,Forward,LAC,0.023549201009251473
2003-04,Dana Barros,barroda01,SG,36,BOS,1,0,11,9.4,14.1,0.667,0.0,0.0,0.0,9.4,14.1,0.667,9.4,9.4,1.0,0.0,0.0,0.0,0.0,0.0,0.0,0.0,9.4,28.1,162.0,113.0,2004,Dana Barros-2004,0.0,Not Selected,Guard,BOS,0.030277544154751892
2003-04,Brent Barry,barrybr01,SG,32,SEA,59,53,1803,6.4,12.6,0.504,3.4,7.5,0.452,3.0,5.2,0.5770000000000001,2.7,3.3,0.8270000000000001,0.6,5.4,6.0,10.1,2.5,0.5,4.1,3.6,18.8,120.0,108.0,2004,Brent Barry-2004,0.0,Not Selected,Guard,OKC,0.031118587047939444
2003-04,Jon Barry,barryjo01,SG,34,DEN,57,9,1101,5.6,13.9,0.40399999999999997,2.4,6.4,0.37,3.2,7.4,0.434,2.8,3.3,0.845,1.2,4.6,5.7,6.9,2.7,0.4,2.5,3.1,16.4,111.0,104.0,2004,Jon Barry-2004,0.0,Not Selected,Guard,DEN,0.03616484440706476
2003-04,Mengke Bateer,bateeme01,C,28,TOR,7,0,40,5.5,9.7,0.5710000000000001,0.0,0.0,0.0,5.5,9.7,0.5710000000000001,0.0,0.0,0.0,6.9,4.1,11.1,1.4,1.4,0.0,2.8,13.8,11.1,107.0,104.0,2004,Mengke Bateer-2004,0.0,Not Selected,Center,TOR,0.027754415475189236
2003-04,Tony Battie,battito01,C,27,TOT,73,7,1478,6.0,13.6,0.44299999999999995,0.1,0.3,0.222,6.0,13.3,0.44799999999999995,2.3,3.2,0.742,4.2,8.5,12.7,2.1,0.9,2.4,2.2,5.6,14.5,101.0,103.0,2004,Tony Battie-2004,0.0,Not Selected,Center,TOT,0.03333333333333333
2003-04,Shane Battier,battish01,SF,25,MEM,79,1,1947,6.5,14.7,0.446,1.8,5.0,0.349,4.8,9.6,0.496,3.2,4.4,0.732,2.8,5.4,8.2,2.7,2.7,1.6,1.5,5.0,18.1,114.0,102.0,2004,Shane Battier-2004,0.0,Not Selected,Forward,MEM,0.04205214465937763
2003-04,Lonny Baxter,baxtelo01,C-PF,25,TOT,62,5,766,7.3,14.8,0.493,0.1,0.2,0.33299999999999996,7.2,14.5,0.495,3.1,5.4,0.579,4.5,8.7,13.2,1.4,1.2,2.0,2.7,8.7,17.7,100.0,100.0,2004,Lonny Baxter-2004,0.0,Not Selected,Forward,TOT,0.03333333333333333
2003-04,Jerome Beasley,beaslje01,PF,23,MIA,2,0,5,10.9,32.7,0.33299999999999996,0.0,0.0,0.0,10.9,32.7,0.33299999999999996,0.0,0.0,0.0,0.0,10.9,10.9,0.0,0.0,0.0,0.0,0.0,21.8,72.0,104.0,2004,Jerome Beasley-2004,0.0,Not Selected,Forward,MIA,0.03532380151387721
2003-04,Raja Bell,bellra01,SG,27,UTA,82,4,2020,9.0,22.1,0.409,1.7,4.6,0.373,7.3,17.5,0.418,5.4,6.8,0.7859999999999999,1.6,5.0,6.6,2.9,1.7,0.4,3.0,7.2,25.1,103.0,105.0,2004,Raja Bell-2004,0.0,Not Selected,Guard,UTA,0.03532380151387721
2003-04,Troy Bell,belltr01,PG,23,MEM,6,0,34,6.2,27.8,0.222,0.0,6.2,0.0,6.2,21.6,0.28600000000000003,4.6,4.6,1.0,4.6,1.5,6.2,6.2,1.5,0.0,9.3,9.3,17.0,61.0,108.0,2004,Troy Bell-2004,0.0,Not Selected,Guard,MEM,0.04205214465937763
2003-04,Jonathan Bender,bendejo01,SF,23,IND,21,0,271,10.1,21.5,0.47200000000000003,1.8,4.5,0.409,8.3,17.0,0.488,7.9,9.5,0.83,1.8,6.3,8.1,1.8,1.0,2.2,6.7,4.7,30.0,96.0,99.0,2004,Jonathan Bender-2004,0.0,Not Selected,Forward,IND,0.051303616484440706
2003-04,Travis Best,besttr01,PG,31,DAL,61,1,762,4.3,11.6,0.37200000000000005,0.2,1.4,0.15,4.1,10.3,0.401,2.7,3.1,0.87,1.1,3.4,4.6,7.6,2.1,0.3,2.2,4.5,11.6,103.0,110.0,2004,Travis Best-2004,0.0,Not Selected,Guard,DAL,0.04373423044575273
2003-04,Mike Bibby,bibbymi01,PG,25,SAC,82,82,2980,9.1,20.3,0.45,2.6,6.6,0.392,6.6,13.7,0.479,5.3,6.5,0.815,1.2,3.6,4.8,7.7,1.9,0.3,3.0,2.5,26.1,113.0,108.0,2004,Mike Bibby-2004,0.0,Not Selected,Guard,SAC,0.04625735912531539
2003-04,Chauncey Billups,billuch01,PG,27,DET,78,78,2758,7.8,19.7,0.39399999999999996,2.6,6.6,0.38799999999999996,5.2,13.1,0.396,8.0,9.1,0.878,0.7,4.8,5.5,8.8,1.7,0.2,3.7,3.5,26.1,112.0,99.0,2004,Chauncey Billups-2004,0.0,Not Selected,Guard,DET,0.045416316232127836
2003-04,Steve Blake,blakest01,PG,23,WAS,75,14,1392,5.9,15.2,0.386,2.8,7.6,0.371,3.1,7.7,0.4,2.1,2.5,0.821,0.7,3.7,4.4,7.8,2.1,0.3,4.8,3.7,16.6,95.0,107.0,2004,Steve Blake-2004,0.0,Not Selected,Guard,WAS,0.021026072329688814
2003-04,Corie Blount,blounco01,PF-C,35,TOT,62,3,1050,5.8,12.8,0.455,0.0,0.2,0.0,5.8,12.6,0.46,0.8,1.4,0.556,4.9,8.9,13.9,2.8,2.5,1.2,2.2,6.8,12.4,98.0,99.0,2004,Corie Blount-2004,0.0,Not Selected,Forward,TOT,0.03333333333333333
2003-04,Mark Blount,blounma01,C,28,BOS,82,73,2402,7.3,13.0,0.5660000000000001,0.0,0.0,0.0,7.3,13.0,0.5660000000000001,3.4,4.7,0.7190000000000001,4.4,8.2,12.6,1.6,1.7,2.3,3.2,5.4,18.1,110.0,102.0,2004,Mark Blount-2004,0.0,Not Selected,Center,BOS,0.030277544154751892
2003-04,Keith Bogans,boganke01,SF,23,ORL,73,36,1787,5.4,13.4,0.40299999999999997,2.0,5.5,0.358,3.4,7.9,0.434,1.9,3.0,0.631,3.1,6.2,9.4,2.9,1.4,0.3,2.2,3.8,14.7,103.0,111.0,2004,Keith Bogans-2004,0.0,Not Selected,Forward,ORL,0.017661900756938603
2003-04,Calvin Booth,boothca01,C,27,SEA,71,35,1206,6.0,12.8,0.466,0.0,0.1,0.0,6.0,12.7,0.469,3.3,4.2,0.7979999999999999,3.8,8.6,12.4,1.2,0.8,4.5,2.0,6.6,15.3,107.0,105.0,2004,Calvin Booth-2004,0.0,Not Selected,Center,OKC,0.031118587047939444
2003-04,Carlos Boozer,boozeca01,PF,22,CLE,75,75,2592,9.6,18.3,0.523,0.0,0.1,0.16699999999999998,9.6,18.2,0.526,4.5,5.8,0.768,4.7,12.8,17.5,3.0,1.5,1.1,2.7,4.1,23.7,113.0,101.0,2004,Carlos Boozer-2004,0.0,Not Selected,Forward,CLE,0.02943650126156434
2003-04,Curtis Borchardt,borchcu01,C,23,UTA,16,0,258,4.7,12.0,0.39299999999999996,0.0,0.2,0.0,4.7,11.8,0.4,3.0,3.9,0.778,2.8,8.8,11.6,3.2,0.9,3.0,3.9,8.6,12.5,88.0,102.0,2004,Curtis Borchardt-2004,0.0,Not Selected,Center,UTA,0.03532380151387721
2003-04,Chris Bosh,boshch01,C,19,TOR,75,63,2510,7.2,15.7,0.45899999999999996,0.1,0.3,0.35700000000000004,7.1,15.4,0.461,4.5,6.3,0.701,4.2,8.1,12.3,1.7,1.3,2.3,2.4,4.7,19.0,103.0,99.0,2004,Chris Bosh-2004,0.0,Not Selected,Center,TOR,0.027754415475189236
2003-04,Ruben Boumtje-Boumtje,boumtru01,C,25,POR,9,0,26,2.1,10.7,0.2,0.0,0.0,0.0,2.1,10.7,0.2,4.3,4.3,1.0,0.0,2.1,2.1,2.1,0.0,2.1,0.0,4.3,8.6,90.0,111.0,2004,Ruben Boumtje-Boumtje-2004,0.0,Not Selected,Center,POR,0.034482758620689655
2003-04,Bruce Bowen,bowenbr01,SF,32,SAS,82,82,2624,4.3,10.3,0.42,1.6,4.3,0.363,2.7,5.9,0.462,1.4,2.3,0.579,0.9,4.3,5.2,2.3,1.7,0.7,1.8,3.4,11.6,99.0,97.0,2004,Bruce Bowen-2004,0.0,Not Selected,Forward,SAS,0.0479394449116905
2003-04,Ryan Bowen,bowenry01,PF,28,DEN,52,1,392,2.4,7.0,0.34,0.0,0.0,0.0,2.4,7.0,0.34,1.3,1.6,0.833,5.1,6.3,11.4,2.4,2.4,2.1,0.8,6.2,6.0,109.0,101.0,2004,Ryan Bowen-2004,0.0,Not Selected,Forward,DEN,0.03616484440706476
2003-04,Earl Boykins,boykiea01,SG,27,DEN,82,3,1849,8.9,21.3,0.419,1.5,4.8,0.322,7.4,16.5,0.447,3.9,4.5,0.877,1.2,2.8,4.0,8.2,1.4,0.1,2.8,2.3,23.3,107.0,108.0,2004,Earl Boykins-2004,0.0,Not Selected,Guard,DEN,0.03616484440706476
2003-04,Michael Bradley,bradlmi01,C-PF,24,TOT,16,1,98,3.8,8.2,0.467,0.0,0.0,0.0,3.8,8.2,0.467,0.5,1.1,0.5,3.3,9.3,12.6,0.5,1.6,0.0,3.8,7.7,8.2,76.0,103.0,2004,Michael Bradley-2004,0.0,Not Selected,Forward,TOT,0.03333333333333333
2003-04,Shawn Bradley,bradlsh01,C,31,DAL,66,5,773,5.9,12.5,0.473,0.0,0.1,0.0,5.9,12.5,0.47600000000000003,2.7,3.3,0.8370000000000001,4.8,6.7,11.5,1.3,2.2,4.9,1.1,8.7,14.6,118.0,102.0,2004,Shawn Bradley-2004,0.0,Not Selected,Center,DAL,0.04373423044575273
2003-04,Torraye Braggs,braggto01,PF,27,TOT,15,0,154,5.6,11.6,0.485,0.0,0.0,0.0,5.6,11.6,0.485,2.8,4.2,0.667,6.3,7.4,13.7,2.5,1.4,0.7,4.6,10.2,14.1,96.0,100.0,2004,Torraye Braggs-2004,0.0,Not Selected,Forward,TOT,0.03333333333333333
2003-04,Elton Brand,brandel01,PF,24,LAC,69,68,2670,9.6,19.4,0.493,0.0,0.0,0.0,9.6,19.4,0.493,8.1,10.5,0.773,5.3,8.8,14.1,4.5,1.3,3.0,3.8,4.5,27.3,114.0,106.0,2004,Elton Brand-2004,0.0,Not Selected,Forward,LAC,0.023549201009251473
2003-04,J.R. Bremer,bremejr01,PG,23,TOT,36,2,443,5.1,18.9,0.272,2.3,8.8,0.257,2.9,10.0,0.28600000000000003,1.6,2.4,0.65,1.1,3.2,4.3,6.1,2.1,0.5,2.9,3.8,14.1,81.0,107.0,2004,J.R. Bremer-2004,0.0,Not Selected,Guard,TOT,0.03333333333333333
2003-04,Jamison Brewer,breweja01,PG,23,IND,13,1,160,4.5,12.0,0.371,1.7,4.8,0.35700000000000004,2.7,7.2,0.381,0.3,2.1,0.16699999999999998,0.7,3.1,3.8,5.8,2.4,0.0,3.4,3.1,11.0,83.0,100.0,2004,Jamison Brewer-2004,0.0,Not Selected,Guard,IND,0.051303616484440706
2003-04,Primož Brezec,brezepr01,C,24,IND,18,0,72,9.1,19.8,0.462,0.0,0.0,0.0,9.1,19.8,0.462,3.0,4.6,0.667,3.8,7.6,11.4,2.3,0.0,2.3,4.6,9.9,21.3,90.0,100.0,2004,Primož Brezec-2004,0.0,Not Selected,Center,IND,0.051303616484440706
2003-04,Damone Brown,brownda02,PF,24,NJN,3,0,17,3.2,31.6,0.1,0.0,0.0,0.0,3.2,31.6,0.1,3.2,6.3,0.5,9.5,6.3,15.8,0.0,6.3,0.0,3.2,6.3,9.5,45.0,90.0,2004,Damone Brown-2004,0.0,Not Selected,Forward,BRK,0.03952901597981497
2003-04,Devin Brown,brownde02,SG,25,SAS,58,0,627,7.3,16.8,0.434,0.3,1.2,0.28600000000000003,7.0,15.6,0.445,5.1,6.4,0.8109999999999999,3.3,7.9,11.2,2.8,1.3,0.3,3.3,5.2,20.1,102.0,96.0,2004,Devin Brown-2004,0.0,Not Selected,Guard,SAS,0.0479394449116905
2003-04,Kedrick Brown,brownke01,SF,22,TOT,55,26,969,6.3,13.7,0.461,2.0,5.3,0.384,4.3,8.4,0.51,0.9,1.5,0.63,2.2,5.7,7.9,3.5,1.6,0.4,1.6,4.3,15.6,112.0,106.0,2004,Kedrick Brown-2004,0.0,Not Selected,Forward,TOT,0.03333333333333333
2003-04,Kwame Brown,brownkw01,PF,21,WAS,74,57,2239,6.7,13.7,0.489,0.0,0.0,0.5,6.7,13.6,0.489,5.3,7.8,0.6829999999999999,4.1,8.6,12.8,2.6,1.5,1.2,3.3,3.3,18.7,106.0,104.0,2004,Kwame Brown-2004,0.0,Not Selected,Forward,WAS,0.021026072329688814
2003-04,P.J. Brown,brownpj01,PF,34,NOH,80,80,2753,6.6,13.9,0.47600000000000003,0.0,0.0,0.0,6.6,13.9,0.47700000000000004,3.1,3.6,0.8540000000000001,4.6,8.9,13.5,3.0,1.5,1.4,2.0,4.0,16.4,113.0,101.0,2004,P.J. Brown-2004,0.0,Not Selected,Forward,NOP,0.034482758620689655
2003-04,Tierre Brown,brownti01,PG,24,NOH,3,0,17,6.3,12.7,0.5,0.0,0.0,0.0,6.3,12.7,0.5,6.3,12.7,0.5,0.0,3.2,3.2,6.3,0.0,0.0,22.2,3.2,19.0,50.0,110.0,2004,Tierre Brown-2004,0.0,Not Selected,Guard,NOP,0.034482758620689655
2003-04,Rick Brunson,brunsri01,PG,31,TOT,40,0,412,5.1,13.3,0.381,1.4,2.9,0.478,3.7,10.4,0.354,3.4,3.9,0.871,1.1,3.5,4.7,10.4,3.2,0.4,4.2,5.6,14.9,100.0,103.0,2004,Rick Brunson-2004,0.0,Not Selected,Guard,TOT,0.03333333333333333
2003-04,Kobe Bryant,bryanko01,SG,25,LAL,65,64,2447,11.0,25.0,0.43799999999999994,1.5,4.6,0.327,9.5,20.4,0.46299999999999997,9.7,11.3,0.852,2.2,5.4,7.6,7.0,2.4,0.6,3.6,3.7,33.1,112.0,102.0,2004,Kobe Bryant-2004,1.0,1st,Guard,LAL,0.04709840201850295
2003-04,Greg Buckner,buckngr01,SG,27,PHI,53,3,703,5.1,13.6,0.377,0.9,3.4,0.273,4.2,10.2,0.41200000000000003,1.6,2.1,0.741,2.2,5.8,8.0,3.5,1.6,0.3,2.6,6.0,12.7,90.0,104.0,2004,Greg Buckner-2004,0.0,Not Selected,Guard,PHI,0.027754415475189236
2003-04,Rodney Buford,buforro01,SF,26,SAC,22,0,141,7.0,20.5,0.33899999999999997,0.0,0.7,0.0,7.0,19.8,0.35200000000000004,1.1,2.2,0.5,2.2,3.3,5.5,2.6,2.2,0.4,1.5,3.3,15.0,79.0,107.0,2004,Rodney Buford-2004,0.0,Not Selected,Forward,SAC,0.04625735912531539
2003-04,Caron Butler,butleca01,SF,23,MIA,68,56,2030,6.5,17.0,0.38,0.3,1.1,0.23800000000000002,6.2,15.8,0.39,3.6,4.7,0.7559999999999999,2.5,6.3,8.8,3.4,2.0,0.3,2.4,4.4,16.7,94.0,102.0,2004,Caron Butler-2004,0.0,Not Selected,Forward,MIA,0.03532380151387721
2003-04,Mitchell Butler,butlemi02,SG,33,WAS,41,4,552,5.1,11.7,0.435,1.0,2.8,0.36700000000000005,4.1,8.9,0.457,1.4,2.3,0.625,2.3,4.4,6.7,3.0,2.1,0.4,2.3,5.1,12.6,100.0,107.0,2004,Mitchell Butler-2004,0.0,Not Selected,Guard,WAS,0.021026072329688814
2003-04,Rasual Butler,butlera01,SF,24,MIA,45,0,675,9.6,20.2,0.47600000000000003,4.0,8.7,0.46299999999999997,5.6,11.5,0.486,1.3,1.7,0.762,0.3,4.6,4.9,1.9,0.8,1.1,2.3,5.8,24.6,108.0,105.0,2004,Rasual Butler-2004,0.0,Not Selected,Forward,MIA,0.03532380151387721
2003-04,Žarko Čabarkapa,cabarza01,PF,22,PHO,49,4,570,7.4,17.9,0.41100000000000003,0.5,2.9,0.188,6.8,15.0,0.455,3.2,4.8,0.66,2.4,6.6,9.0,3.6,0.9,1.2,4.9,6.8,18.5,85.0,107.0,2004,Žarko Čabarkapa-2004,0.0,Not Selected,Forward,PHO,0.024390243902439025
2003-04,Marcus Camby,cambyma01,C,29,DEN,72,72,2162,6.2,13.1,0.47700000000000004,0.0,0.0,0.0,6.2,13.0,0.479,2.3,3.2,0.721,5.0,12.3,17.3,3.1,2.0,4.4,2.3,5.7,14.8,108.0,95.0,2004,Marcus Camby-2004,0.0,Not Selected,Center,DEN,0.03616484440706476
2003-04,Elden Campbell,campbel01,C,35,DET,65,27,892,8.5,19.2,0.439,0.0,0.0,0.0,8.5,19.2,0.439,5.2,7.6,0.685,3.2,9.6,12.8,2.8,1.3,3.1,3.9,8.4,22.1,96.0,93.0,2004,Elden Campbell-2004,0.0,Not Selected,Center,DET,0.045416316232127836
2003-04,Brian Cardinal,cardibr01,PF,26,GSW,76,11,1634,7.2,15.2,0.47200000000000003,1.8,4.1,0.444,5.4,11.2,0.48200000000000004,7.8,8.9,0.878,3.3,7.1,10.4,3.4,2.2,0.7,2.7,6.7,24.0,123.0,103.0,2004,Brian Cardinal-2004,0.0,Not Selected,Forward,GSW,0.031118587047939444
2003-04,Matt Carroll,carroma01,SG,23,TOT,16,0,70,5.5,12.6,0.43799999999999994,0.8,2.4,0.33299999999999996,4.7,10.2,0.462,3.1,4.7,0.667,0.8,3.9,4.7,1.6,0.8,0.0,4.7,6.3,14.9,82.0,107.0,2004,Matt Carroll-2004,0.0,Not Selected,Guard,TOT,0.03333333333333333
2003-04,Anthony Carter,cartean01,PG,28,SAS,5,2,87,6.8,22.9,0.297,0.0,1.9,0.0,6.8,21.0,0.324,0.0,0.0,0.0,1.2,5.6,6.8,7.4,2.5,0.0,7.4,5.6,13.6,60.0,95.0,2004,Anthony Carter-2004,0.0,Not Selected,Guard,SAS,0.0479394449116905
2003-04,Maurice Carter,cartema01,SG,27,TOT,10,0,110,5.3,16.9,0.314,1.9,5.3,0.364,3.4,11.6,0.292,7.7,9.6,0.8,1.0,4.3,5.3,1.9,0.0,0.0,4.3,4.8,20.2,90.0,109.0,2004,Maurice Carter-2004,0.0,Not Selected,Guard,TOT,0.03333333333333333
2003-04,Vince Carter,cartevi01,SG,27,TOR,73,73,2785,12.1,28.9,0.41700000000000004,1.8,4.8,0.38299999999999995,10.2,24.1,0.424,6.7,8.3,0.8059999999999999,1.9,5.0,6.9,6.9,1.7,1.3,4.4,4.2,32.7,99.0,102.0,2004,Vince Carter-2004,0.0,Not Selected,Guard,TOR,0.027754415475189236
2003-04,Sam Cassell,cassesa01,PG,34,MIN,81,81,2838,11.8,24.1,0.488,1.4,3.5,0.39799999999999996,10.4,20.6,0.504,5.5,6.3,0.873,0.8,4.3,5.2,11.3,1.9,0.3,4.2,4.7,30.5,113.0,102.0,2004,Sam Cassell-2004,2.0,2nd,Guard,MIN,0.04878048780487805
2003-04,Kelvin Cato,catoke01,PF,29,HOU,69,67,1743,5.0,11.3,0.447,0.0,0.0,0.0,5.0,11.3,0.447,3.0,4.5,0.6759999999999999,4.8,10.0,14.8,2.3,1.6,3.0,2.6,6.4,13.1,101.0,95.0,2004,Kelvin Cato-2004,0.0,Not Selected,Forward,HOU,0.03784693019343986
2003-04,Tyson Chandler,chandty01,PF,21,CHI,35,8,782,4.5,10.5,0.424,0.0,0.1,0.0,4.5,10.5,0.42700000000000005,5.3,7.9,0.669,5.5,12.5,18.0,1.5,1.1,2.9,2.5,5.8,14.2,104.0,99.0,2004,Tyson Chandler-2004,0.0,Not Selected,Forward,CHI,0.01934398654331371
2003-04,Calbert Cheaney,cheanca01,SF,32,GSW,79,7,2067,7.2,14.9,0.48100000000000004,0.0,0.3,0.0,7.2,14.7,0.489,1.2,2.0,0.61,2.0,4.7,6.7,3.5,1.6,0.3,2.2,4.8,15.6,100.0,106.0,2004,Calbert Cheaney-2004,0.0,Not Selected,Forward,GSW,0.031118587047939444
2003-04,Doug Christie,chrisdo01,SG,33,SAC,82,82,2780,5.9,12.8,0.461,0.9,2.6,0.345,5.0,10.2,0.491,2.8,3.2,0.86,1.3,4.8,6.1,6.5,2.8,0.8,2.9,3.5,15.5,107.0,104.0,2004,Doug Christie-2004,0.0,Not Selected,Guard,SAC,0.04625735912531539
2003-04,Keon Clark,clarkke01,PF,28,UTA,2,0,27,4.1,12.3,0.33299999999999996,0.0,0.0,0.0,4.1,12.3,0.33299999999999996,0.0,0.0,0.0,2.1,12.3,14.4,2.1,2.1,0.0,0.0,2.1,8.2,91.0,100.0,2004,Keon Clark-2004,0.0,Not Selected,Forward,UTA,0.03532380151387721
2003-04,Speedy Claxton,claxtsp01,PG,25,GSW,60,29,1595,7.5,17.6,0.42700000000000005,0.1,0.7,0.182,7.4,16.8,0.43799999999999994,6.1,7.5,0.813,1.3,4.0,5.2,8.9,3.3,0.3,3.4,4.9,21.3,107.0,103.0,2004,Speedy Claxton-2004,0.0,Not Selected,Guard,GSW,0.031118587047939444
2003-04,Mateen Cleaves,cleavma01,PG,26,CLE,4,2,92,4.0,13.2,0.304,0.0,0.6,0.0,4.0,12.6,0.318,0.6,1.1,0.5,0.6,3.4,4.0,10.9,2.3,1.1,2.9,7.5,8.6,82.0,105.0,2004,Mateen Cleaves-2004,0.0,Not Selected,Guard,CLE,0.02943650126156434
2003-04,Derrick Coleman,colemde01,C,36,PHI,34,30,843,6.9,16.8,0.413,0.5,2.3,0.222,6.4,14.4,0.444,3.2,4.2,0.754,2.9,9.5,12.4,3.0,1.5,1.7,3.7,5.1,17.5,91.0,100.0,2004,Derrick Coleman-2004,0.0,Not Selected,Center,PHI,0.027754415475189236
2003-04,Bimbo Coles,colesbi01,PG,35,MIA,22,1,170,3.9,10.9,0.353,0.0,0.0,0.0,3.9,10.9,0.353,1.3,1.9,0.667,0.6,2.6,3.2,4.8,1.0,0.0,2.9,8.7,9.0,79.0,107.0,2004,Bimbo Coles-2004,0.0,Not Selected,Guard,MIA,0.03532380151387721
2003-04,Jason Collier,collija02,C,26,ATL,20,16,545,7.7,16.0,0.479,0.1,0.4,0.25,7.6,15.6,0.484,6.5,8.2,0.7879999999999999,3.5,7.3,10.8,1.6,1.1,1.1,3.0,6.9,21.9,109.0,107.0,2004,Jason Collier-2004,0.0,Not Selected,Center,ATL,0.023549201009251473
2003-04,Jarron Collins,collija03,C,25,UTA,81,31,1732,4.7,9.4,0.498,0.0,0.0,0.0,4.7,9.4,0.5,6.0,8.4,0.718,3.7,6.4,10.1,2.5,0.8,0.6,2.5,8.2,15.4,115.0,106.0,2004,Jarron Collins-2004,0.0,Not Selected,Center,UTA,0.03532380151387721
2003-04,Jason Collins,collija04,C,25,NJN,78,78,2220,3.9,9.3,0.424,0.0,0.0,0.0,3.9,9.2,0.42700000000000005,3.3,4.4,0.7390000000000001,3.5,6.2,9.7,3.7,1.6,1.4,2.3,6.1,11.2,102.0,99.0,2004,Jason Collins-2004,0.0,Not Selected,Center,BRK,0.03952901597981497
2003-04,Brian Cook,cookbr01,C,23,LAL,35,2,442,7.9,16.6,0.475,0.0,0.6,0.0,7.9,16.0,0.493,2.5,3.3,0.75,3.6,8.2,11.9,2.4,1.9,1.9,2.0,7.5,18.2,104.0,99.0,2004,Brian Cook-2004,0.0,Not Selected,Center,LAL,0.04709840201850295
2003-04,Omar Cook,cookom01,PG,22,POR,17,0,139,2.8,10.8,0.259,0.0,0.4,0.0,2.8,10.4,0.26899999999999996,0.0,0.0,0.0,1.2,1.2,2.4,9.6,4.0,0.0,4.0,5.6,5.6,71.0,105.0,2004,Omar Cook-2004,0.0,Not Selected,Guard,POR,0.034482758620689655
2003-04,Chris Crawford,crawfch01,PF,28,ATL,56,25,1207,9.2,20.6,0.44799999999999995,1.9,4.9,0.389,7.3,15.7,0.466,4.5,5.2,0.866,2.5,5.1,7.7,2.0,1.6,0.9,2.4,5.7,24.9,109.0,108.0,2004,Chris Crawford-2004,0.0,Not Selected,Forward,ATL,0.023549201009251473
2003-04,Jamal Crawford,crawfja01,SG,23,CHI,80,73,2811,9.4,24.4,0.386,3.1,9.7,0.317,6.4,14.8,0.43200000000000005,3.7,4.4,0.833,0.9,4.4,5.2,7.5,2.1,0.5,3.6,3.0,25.6,99.0,105.0,2004,Jamal Crawford-2004,0.0,Not Selected,Guard,CHI,0.01934398654331371
2003-04,Austin Croshere,croshau01,PF,28,IND,77,0,1051,6.2,16.0,0.38799999999999996,2.9,7.5,0.389,3.3,8.5,0.387,4.9,5.4,0.894,3.1,9.6,12.7,2.7,1.3,0.7,2.9,5.3,20.2,108.0,98.0,2004,Austin Croshere-2004,0.0,Not Selected,Forward,IND,0.051303616484440706
2003-04,Eddy Curry,curryed01,PF,21,CHI,73,63,2154,10.1,20.3,0.496,0.0,0.0,1.0,10.1,20.3,0.496,5.7,8.5,0.6709999999999999,3.5,7.4,10.9,1.6,0.6,2.0,4.3,6.2,25.9,98.0,104.0,2004,Eddy Curry-2004,0.0,Not Selected,Forward,CHI,0.01934398654331371
2003-04,Michael Curry,currymi01,SF,35,TOR,70,15,1229,3.4,8.8,0.38799999999999996,0.1,0.7,0.2,3.3,8.1,0.40299999999999997,2.2,2.6,0.845,1.0,2.9,3.9,2.4,1.0,0.2,2.2,6.9,9.2,88.0,105.0,2004,Michael Curry-2004,0.0,Not Selected,Forward,TOR,0.027754415475189236
2003-04,Samuel Dalembert,dalemsa01,C,22,PHI,82,53,2197,6.7,12.4,0.541,0.0,0.0,0.0,6.7,12.4,0.542,2.8,4.3,0.644,4.8,10.7,15.5,0.5,1.1,4.7,2.1,6.8,16.2,110.0,97.0,2004,Samuel Dalembert-2004,0.0,Not Selected,Center,PHI,0.027754415475189236
2003-04,Erick Dampier,dampier01,C,28,GSW,74,74,2403,7.7,14.5,0.535,0.0,0.0,0.0,7.7,14.4,0.537,4.8,7.4,0.654,7.7,12.1,19.7,1.3,0.7,3.0,2.9,5.1,20.3,114.0,100.0,2004,Erick Dampier-2004,0.0,Not Selected,Center,GSW,0.031118587047939444
2003-04,Antonio Daniels,daniean01,PG,28,SEA,71,32,1512,6.6,14.0,0.47,1.5,4.1,0.36200000000000004,5.1,10.0,0.514,5.5,6.5,0.8420000000000001,0.8,4.2,5.0,10.5,1.6,0.2,2.2,2.3,20.2,129.0,111.0,2004,Antonio Daniels-2004,0.0,Not Selected,Guard,OKC,0.031118587047939444
2003-04,Marquis Daniels,daniema01,SG,23,DAL,56,15,1039,10.1,20.4,0.494,0.5,1.8,0.306,9.5,18.6,0.512,3.0,3.9,0.769,3.3,4.0,7.2,5.7,2.6,0.6,2.2,2.5,23.6,115.0,108.0,2004,Marquis Daniels-2004,0.0,Not Selected,Guard,DAL,0.04373423044575273
2003-04,Antonio Davis,davisan01,C,35,TOT,80,79,2570,5.5,13.5,0.40299999999999997,0.0,0.0,0.0,5.5,13.5,0.40299999999999997,3.6,4.7,0.765,4.2,9.5,13.8,2.8,0.8,1.3,2.3,4.2,14.5,99.0,103.0,2004,Antonio Davis-2004,0.0,Not Selected,Center,TOT,0.03333333333333333
2003-04,Baron Davis,davisba01,PG,24,NOH,67,66,2686,11.1,28.1,0.395,3.8,11.7,0.321,7.4,16.4,0.44799999999999995,4.8,7.1,0.6729999999999999,1.3,4.4,5.8,10.0,3.2,0.5,4.3,3.6,30.7,103.0,102.0,2004,Baron Davis-2004,3.0,3rd,Guard,NOP,0.034482758620689655
2003-04,Dale Davis,davisda01,C,34,POR,76,37,1682,4.4,9.3,0.473,0.0,0.0,0.0,4.4,9.3,0.473,2.2,3.5,0.613,5.2,7.9,13.2,2.4,1.4,2.1,1.3,5.1,11.0,115.0,104.0,2004,Dale Davis-2004,0.0,Not Selected,Center,POR,0.034482758620689655
2003-04,Hubert Davis,davishu01,SG,33,TOT,17,0,78,0.7,7.6,0.091,0.0,0.7,0.0,0.7,6.9,0.1,1.4,1.4,1.0,1.4,4.1,5.5,2.8,1.4,0.0,2.1,8.3,2.8,51.0,101.0,2004,Hubert Davis-2004,0.0,Not Selected,Guard,TOT,0.03333333333333333
2003-04,Josh Davis,davisjo02,PF,23,ATL,4,1,23,4.6,11.5,0.4,0.0,4.6,0.0,4.6,6.9,0.667,2.3,2.3,1.0,2.3,9.2,11.5,0.0,0.0,0.0,4.6,6.9,11.5,74.0,109.0,2004,Josh Davis-2004,0.0,Not Selected,Forward,ATL,0.023549201009251473
2003-04,Ricky Davis,davisri01,SF-SG,24,TOT,79,27,2474,9.4,19.9,0.469,1.1,2.9,0.371,8.3,17.0,0.486,4.1,5.7,0.718,1.6,5.9,7.5,5.4,2.0,0.5,4.0,3.6,23.9,101.0,105.0,2004,Ricky Davis-2004,0.0,Not Selected,Forward,TOT,0.03333333333333333
2003-04,Andrew DeClercq,declean01,C,30,ORL,71,53,1211,4.1,8.5,0.47700000000000004,0.0,0.0,0.0,4.1,8.5,0.47700000000000004,1.9,2.4,0.815,5.7,8.1,13.8,1.9,2.1,1.4,2.4,9.5,10.0,108.0,107.0,2004,Andrew DeClercq-2004,0.0,Not Selected,Center,ORL,0.017661900756938603
2003-04,Tony Delk,delkto01,SG,30,DAL,33,11,509,7.1,18.6,0.38,2.0,6.7,0.303,5.1,11.9,0.424,3.7,4.5,0.841,1.6,4.4,6.0,2.8,2.7,0.7,1.7,4.7,19.9,105.0,107.0,2004,Tony Delk-2004,0.0,Not Selected,Guard,DAL,0.04373423044575273
2003-04,Derrick Dial,dialde01,SG,28,ORL,9,0,86,5.5,17.2,0.321,1.2,5.5,0.222,4.3,11.7,0.368,3.7,4.9,0.75,3.1,4.9,8.0,1.2,3.7,0.0,0.6,3.7,16.0,98.0,108.0,2004,Derrick Dial-2004,0.0,Not Selected,Guard,ORL,0.017661900756938603
2003-04,Boris Diaw,diawbo01,SG,21,ATL,76,37,1919,3.9,8.6,0.447,0.2,0.7,0.231,3.7,7.9,0.467,1.5,2.6,0.602,3.1,6.4,9.4,5.0,1.6,1.0,3.5,5.3,9.4,93.0,107.0,2004,Boris Diaw-2004,0.0,Not Selected,Guard,ATL,0.023549201009251473
2003-04,Dan Dickau,dickada01,PG,25,TOT,43,0,294,6.8,18.1,0.37799999999999995,1.8,5.5,0.33299999999999996,5.0,12.6,0.397,2.0,2.6,0.7859999999999999,1.3,3.5,4.8,7.0,3.1,0.0,4.8,8.1,17.5,89.0,106.0,2004,Dan Dickau-2004,0.0,Not Selected,Guard,TOT,0.03333333333333333
2003-04,Kaniel Dickens,dickeka01,PF,25,POR,3,0,12,13.9,13.9,1.0,0.0,0.0,0.0,13.9,13.9,1.0,4.6,9.3,0.5,9.3,0.0,9.3,0.0,0.0,0.0,4.6,13.9,32.5,133.0,114.0,2004,Kaniel Dickens-2004,0.0,Not Selected,Forward,POR,0.034482758620689655
2003-04,DeSagana Diop,diopde01,C,22,CLE,56,3,730,4.1,10.6,0.38799999999999996,0.0,0.0,0.0,4.1,10.6,0.38799999999999996,0.9,1.4,0.6,5.2,9.2,14.4,2.5,1.9,3.7,2.1,8.4,9.1,93.0,100.0,2004,DeSagana Diop-2004,0.0,Not Selected,Center,CLE,0.02943650126156434
2003-04,Vlade Divac,divacvl01,C,35,SAC,81,81,2317,7.0,14.9,0.47,0.0,0.3,0.154,7.0,14.6,0.47600000000000003,3.8,5.8,0.654,3.0,7.3,10.3,9.6,1.3,1.7,3.9,5.0,17.9,106.0,105.0,2004,Vlade Divac-2004,0.0,Not Selected,Center,SAC,0.04625735912531539
2003-04,Juan Dixon,dixonju01,SG,25,WAS,71,16,1478,8.7,22.4,0.38799999999999996,2.1,7.0,0.298,6.6,15.5,0.428,3.9,4.9,0.799,1.1,4.2,5.2,4.8,2.9,0.1,3.7,3.9,23.4,96.0,105.0,2004,Juan Dixon-2004,0.0,Not Selected,Guard,WAS,0.021026072329688814
2003-04,Michael Doleac,doleami01,C,26,TOT,72,0,1029,7.2,16.5,0.435,0.0,0.0,0.0,7.2,16.5,0.435,2.3,2.7,0.865,4.5,9.1,13.6,2.3,1.2,1.8,2.5,7.3,16.7,99.0,102.0,2004,Michael Doleac-2004,0.0,Not Selected,Center,TOT,0.03333333333333333
2003-04,Keyon Dooling,doolike01,PG,23,LAC,58,24,1137,6.4,16.3,0.389,0.4,2.1,0.174,6.0,14.2,0.42200000000000004,3.6,4.4,0.83,0.8,2.9,3.7,6.0,2.1,0.3,3.0,5.0,16.7,97.0,111.0,2004,Keyon Dooling-2004,0.0,Not Selected,Guard,LAC,0.023549201009251473
2003-04,Bryce Drew,drewbr01,PG,29,NOH,15,0,78,2.8,12.4,0.222,0.7,4.8,0.14300000000000002,2.1,7.6,0.273,2.1,2.1,1.0,0.0,4.1,4.1,9.0,2.8,0.0,5.5,0.7,8.3,67.0,104.0,2004,Bryce Drew-2004,0.0,Not Selected,Guard,NOP,0.034482758620689655
2003-04,Predrag Drobnjak,drobnpr01,C,28,LAC,61,14,949,8.3,21.1,0.39299999999999996,0.6,2.0,0.306,7.7,19.1,0.402,4.1,4.8,0.8490000000000001,3.0,7.9,10.9,2.2,1.2,1.3,2.7,4.7,21.2,97.0,108.0,2004,Predrag Drobnjak-2004,0.0,Not Selected,Center,LAC,0.023549201009251473
2003-04,Tim Duncan,duncati01,PF,27,SAS,69,68,2527,12.6,25.1,0.501,0.0,0.3,0.16699999999999998,12.6,24.9,0.505,7.5,12.5,0.599,4.8,13.5,18.3,4.5,1.3,3.9,3.9,3.5,32.8,107.0,89.0,2004,Tim Duncan-2004,1.0,1st,Forward,SAS,0.0479394449116905
2003-04,Mike Dunleavy,dunlemi02,SF,23,GSW,75,69,2336,7.4,16.5,0.449,2.2,5.8,0.37,5.2,10.7,0.491,3.1,4.2,0.741,2.0,8.1,10.1,5.0,1.6,0.3,3.3,3.9,20.1,106.0,104.0,2004,Mike Dunleavy-2004,0.0,Not Selected,Forward,GSW,0.031118587047939444
2003-04,Ronald Dupree,duprero01,SF,23,CHI,47,8,893,6.5,16.4,0.39399999999999996,0.2,0.5,0.444,6.2,15.9,0.392,3.8,6.1,0.629,3.2,6.5,9.7,3.2,1.9,1.0,3.0,7.8,17.0,91.0,103.0,2004,Ronald Dupree-2004,0.0,Not Selected,Forward,CHI,0.01934398654331371
2003-04,Ndudi Ebi,ebind01,SF,19,MIN,17,0,32,10.1,23.6,0.429,0.0,0.0,0.0,10.1,23.6,0.429,1.7,6.7,0.25,3.4,1.7,5.1,5.1,0.0,6.7,5.1,10.1,21.9,81.0,102.0,2004,Ndudi Ebi-2004,0.0,Not Selected,Forward,MIN,0.04878048780487805
2003-04,Howard Eisley,eisleho01,PG,31,TOT,67,23,1457,6.0,16.3,0.368,1.9,5.9,0.319,4.1,10.4,0.396,2.7,3.2,0.8540000000000001,0.7,3.9,4.7,9.9,2.0,0.2,3.5,5.0,16.6,99.0,107.0,2004,Howard Eisley-2004,0.0,Not Selected,Guard,TOT,0.03333333333333333
2003-04,Francisco Elson,elsonfr01,C,27,DEN,62,14,875,5.5,11.7,0.47200000000000003,0.0,0.1,0.0,5.5,11.6,0.475,1.8,2.6,0.667,3.8,8.1,11.9,1.9,2.1,2.3,2.1,8.5,12.8,103.0,100.0,2004,Francisco Elson-2004,0.0,Not Selected,Center,DEN,0.03616484440706476
2003-04,Melvin Ely,elyme01,PF,25,LAC,42,2,510,6.8,15.8,0.431,0.0,0.1,0.0,6.8,15.7,0.434,2.6,4.3,0.595,5.0,5.5,10.5,2.3,0.9,1.8,2.1,7.0,16.2,101.0,110.0,2004,Melvin Ely-2004,0.0,Not Selected,Forward,LAC,0.023549201009251473
2003-04,Reggie Evans,evansre01,PF,23,SEA,75,27,1280,2.8,6.9,0.406,0.0,0.1,0.0,2.8,6.8,0.414,3.5,6.2,0.561,6.5,10.5,17.0,1.4,2.3,0.4,2.7,7.3,9.0,101.0,104.0,2004,Reggie Evans-2004,0.0,Not Selected,Forward,OKC,0.031118587047939444
2003-04,Desmond Ferguson,fergude01,SF,26,POR,7,0,32,8.7,20.9,0.41700000000000004,5.2,13.9,0.375,3.5,7.0,0.5,0.0,3.5,0.0,0.0,7.0,7.0,1.7,0.0,0.0,1.7,0.0,22.6,97.0,110.0,2004,Desmond Ferguson-2004,0.0,Not Selected,Forward,POR,0.034482758620689655
2003-04,Michael Finley,finlemi01,SG,30,DAL,72,72,2778,9.5,21.5,0.44299999999999995,2.8,6.9,0.405,6.7,14.6,0.461,3.0,3.6,0.85,1.4,4.6,6.0,3.9,1.6,0.7,1.5,2.2,24.9,115.0,110.0,2004,Michael Finley-2004,0.0,Not Selected,Guard,DAL,0.04373423044575273
2003-04,Derek Fisher,fishede01,SG,29,LAL,82,3,1769,6.0,16.9,0.35200000000000004,1.5,5.3,0.29100000000000004,4.4,11.7,0.38,3.6,4.5,0.797,0.9,3.6,4.5,5.5,3.0,0.1,2.3,3.4,17.1,97.0,102.0,2004,Derek Fisher-2004,0.0,Not Selected,Guard,LAL,0.04709840201850295
2003-04,Marcus Fizer,fizerma01,SF,25,CHI,46,2,738,9.5,24.7,0.38299999999999995,0.1,1.2,0.11800000000000001,9.3,23.5,0.396,6.4,8.5,0.75,4.3,9.9,14.3,3.0,1.1,0.6,3.6,6.8,25.4,92.0,103.0,2004,Marcus Fizer-2004,0.0,Not Selected,Forward,CHI,0.01934398654331371
2003-04,Alton Ford,fordal02,PF,22,HOU,9,0,41,8.0,14.7,0.545,0.0,0.0,0.0,8.0,14.7,0.545,4.0,8.0,0.5,4.0,10.7,14.7,4.0,0.0,1.3,4.0,12.0,20.0,102.0,99.0,2004,Alton Ford-2004,0.0,Not Selected,Forward,HOU,0.03784693019343986
2003-04,T.J. Ford,fordtj01,PG,20,MIL,55,55,1472,5.4,14.2,0.384,0.2,0.7,0.23800000000000002,5.3,13.4,0.39299999999999996,2.8,3.5,0.816,1.3,5.0,6.3,12.7,2.1,0.1,4.9,4.4,13.9,93.0,106.0,2004,T.J. Ford-2004,0.0,Not Selected,Guard,MIL,0.034482758620689655
2003-04,Danny Fortson,fortsda01,C,27,DAL,56,20,625,5.8,11.5,0.511,0.0,0.0,0.0,5.8,11.5,0.511,6.2,7.6,0.815,9.4,11.2,20.6,0.7,1.0,0.9,3.0,12.2,17.9,123.0,105.0,2004,Danny Fortson-2004,0.0,Not Selected,Center,DAL,0.04373423044575273
2003-04,Jeff Foster,fosteje01,C,27,IND,82,79,1961,5.5,10.1,0.544,0.0,0.1,0.0,5.5,10.0,0.55,2.9,4.3,0.669,6.9,10.1,17.1,1.8,2.0,0.8,1.7,5.3,13.9,122.0,96.0,2004,Jeff Foster-2004,0.0,Not Selected,Center,IND,0.051303616484440706
2003-04,Tremaine Fowlkes,fowlktr01,SF,27,DET,36,0,261,3.1,10.0,0.313,0.2,1.7,0.125,2.9,8.4,0.35,2.7,3.8,0.722,3.8,7.3,11.1,2.9,1.9,0.6,2.5,7.7,9.2,88.0,96.0,2004,Tremaine Fowlkes-2004,0.0,Not Selected,Forward,DET,0.045416316232127836
2003-04,Rick Fox,foxri01,SF,34,LAL,38,34,846,4.5,11.4,0.392,0.9,3.8,0.24600000000000002,3.6,7.7,0.46399999999999997,1.4,1.8,0.733,1.8,4.5,6.3,6.0,1.8,0.2,3.0,6.1,11.3,94.0,104.0,2004,Rick Fox-2004,0.0,Not Selected,Forward,LAL,0.04709840201850295
2003-04,Adonal Foyle,foylead01,C,28,GSW,44,8,572,5.5,12.2,0.45399999999999996,0.0,0.0,0.0,5.5,12.2,0.45399999999999996,1.8,3.3,0.5429999999999999,5.0,10.6,15.6,1.6,0.6,4.3,2.0,6.4,12.8,101.0,100.0,2004,Adonal Foyle-2004,0.0,Not Selected,Center,GSW,0.031118587047939444
2003-04,Richie Frahm,frahmri01,SF,26,SEA,54,0,469,7.2,15.8,0.45299999999999996,3.9,10.5,0.37,3.3,5.3,0.617,2.6,3.0,0.885,1.4,5.0,6.4,2.7,1.8,0.5,0.8,5.7,20.8,127.0,110.0,2004,Richie Frahm-2004,0.0,Not Selected,Forward,OKC,0.031118587047939444
2003-04,Steve Francis,francst01,PG,26,HOU,79,79,3194,7.7,19.1,0.40299999999999997,1.2,4.3,0.292,6.5,14.8,0.435,5.8,7.4,0.775,2.0,5.4,7.4,8.4,2.4,0.6,5.0,4.4,22.4,99.0,99.0,2004,Steve Francis-2004,0.0,Not Selected,Guard,HOU,0.03784693019343986
2003-04,Hiram Fuller,fullehi01,PF,22,ATL,4,0,43,3.7,9.8,0.375,0.0,0.0,0.0,3.7,9.8,0.375,2.5,7.4,0.33299999999999996,4.9,8.6,13.5,2.5,0.0,1.2,4.9,6.1,9.8,73.0,108.0,2004,Hiram Fuller-2004,0.0,Not Selected,Forward,ATL,0.023549201009251473
2003-04,Dan Gadzuric,gadzuda01,C,25,MIL,75,0,1260,7.6,14.5,0.524,0.0,0.0,0.0,7.6,14.5,0.526,2.4,4.9,0.49200000000000005,5.2,9.2,14.4,1.2,2.1,4.4,1.9,7.7,17.6,108.0,99.0,2004,Dan Gadzuric-2004,0.0,Not Selected,Center,MIL,0.034482758620689655
2003-04,Reece Gaines,gainere01,PG,23,ORL,38,1,364,3.6,12.5,0.29100000000000004,0.4,1.5,0.3,3.2,11.0,0.289,2.3,3.6,0.64,1.2,4.5,5.7,5.8,1.6,0.3,2.6,3.2,10.0,82.0,112.0,2004,Reece Gaines-2004,0.0,Not Selected,Guard,ORL,0.017661900756938603
2003-04,Alex Garcia,garcial01,SG,23,SAS,2,0,13,4.1,29.0,0.14300000000000002,0.0,0.0,0.0,4.1,29.0,0.14300000000000002,4.1,8.3,0.5,0.0,0.0,0.0,0.0,8.3,0.0,4.1,0.0,12.4,40.0,87.0,2004,Alex Garcia-2004,0.0,Not Selected,Guard,SAS,0.0479394449116905
2003-04,Kevin Garnett,garneke01,PF,27,MIN,82,82,3231,13.4,26.9,0.499,0.2,0.7,0.256,13.2,26.2,0.506,6.1,7.8,0.7909999999999999,4.1,14.9,19.0,6.8,2.0,3.0,3.5,3.4,33.2,112.0,92.0,2004,Kevin Garnett-2004,1.0,1st,Forward,MIN,0.04878048780487805
2003-04,Pat Garrity,garripa01,PF,27,ORL,2,0,22,2.4,7.2,0.33299999999999996,0.0,0.0,0.0,2.4,7.2,0.33299999999999996,0.0,0.0,0.0,0.0,0.0,0.0,2.4,0.0,0.0,0.0,4.8,4.8,87.0,119.0,2004,Pat Garrity-2004,0.0,Not Selected,Forward,ORL,0.017661900756938603
2003-04,Pau Gasol,gasolpa01,PF,23,MEM,78,78,2458,10.8,22.4,0.48200000000000004,0.1,0.3,0.267,10.7,22.1,0.485,7.8,10.9,0.7140000000000001,4.4,8.4,12.8,4.2,0.9,2.8,4.0,4.0,29.5,108.0,102.0,2004,Pau Gasol-2004,0.0,Not Selected,Forward,MEM,0.04205214465937763
2003-04,Devean George,georgde01,SF,26,LAL,82,48,1951,6.2,15.2,0.408,1.7,5.0,0.349,4.5,10.3,0.436,1.9,2.6,0.76,2.3,6.5,8.9,3.0,2.2,1.0,2.3,5.0,16.1,99.0,101.0,2004,Devean George-2004,0.0,Not Selected,Forward,LAL,0.04709840201850295
2003-04,Eddie Gill,gilled01,PG,25,POR,22,0,157,5.3,12.8,0.41700000000000004,1.1,2.8,0.375,4.3,9.9,0.429,6.0,7.1,0.85,1.4,4.6,6.0,5.7,3.2,0.4,4.3,5.7,17.7,104.0,104.0,2004,Eddie Gill-2004,0.0,Not Selected,Guard,POR,0.034482758620689655
2003-04,Kendall Gill,gillke01,SG,35,CHI,56,35,1411,7.9,20.2,0.392,0.3,1.4,0.237,7.6,18.8,0.40399999999999997,3.7,5.0,0.735,2.3,4.8,7.0,3.3,2.4,0.6,3.1,3.9,19.9,90.0,104.0,2004,Kendall Gill-2004,0.0,Not Selected,Guard,CHI,0.01934398654331371
2003-04,Manu Ginóbili,ginobma01,SG,26,SAS,77,38,2260,7.9,18.8,0.418,2.1,5.8,0.359,5.8,13.0,0.445,5.7,7.1,0.802,2.0,6.1,8.2,6.9,3.2,0.4,3.8,4.3,23.5,107.0,93.0,2004,Manu Ginóbili-2004,0.0,Not Selected,Guard,SAS,0.0479394449116905
2003-04,Gordan Giriček,giricgo01,SF-SG,26,TOT,73,43,2041,8.3,19.0,0.436,1.6,4.0,0.395,6.7,15.0,0.44799999999999995,3.5,4.1,0.8540000000000001,1.3,4.6,5.9,3.2,1.5,0.4,2.7,3.8,21.7,104.0,111.0,2004,Gordan Giriček-2004,0.0,Not Selected,Forward,TOT,0.03333333333333333
2003-04,Dion Glover,glovedi01,SG,25,TOT,69,30,1643,7.4,19.0,0.39,1.3,3.8,0.336,6.1,15.2,0.40399999999999997,3.9,5.0,0.769,1.9,6.7,8.6,4.2,1.6,0.6,3.3,4.0,20.0,95.0,106.0,2004,Dion Glover-2004,0.0,Not Selected,Guard,TOT,0.03333333333333333
2003-04,Anthony Goldwire,goldwan01,PG,32,TOT,11,0,85,4.4,13.9,0.318,1.3,5.1,0.25,3.2,8.9,0.35700000000000004,0.6,0.6,1.0,0.6,3.8,4.4,7.0,3.2,0.0,1.9,3.2,10.8,89.0,100.0,2004,Anthony Goldwire-2004,0.0,Not Selected,Guard,TOT,0.03333333333333333
2003-04,Drew Gooden,goodedr01,PF,22,ORL,79,17,2134,9.1,20.5,0.445,0.2,1.0,0.214,8.9,19.5,0.457,4.1,6.5,0.637,4.0,8.8,12.8,2.2,1.5,1.8,3.1,4.9,22.6,98.0,108.0,2004,Drew Gooden-2004,0.0,Not Selected,Forward,ORL,0.017661900756938603
2003-04,Brian Grant,grantbr01,C,31,MIA,76,76,2303,6.8,14.5,0.47100000000000003,0.0,0.0,0.0,6.8,14.5,0.47200000000000003,2.0,2.6,0.782,4.1,8.3,12.4,1.6,1.2,0.8,1.9,6.0,15.7,104.0,102.0,2004,Brian Grant-2004,0.0,Not Selected,Center,MIA,0.03532380151387721
2003-04,Horace Grant,grantho01,PF,38,LAL,55,10,1106,4.3,10.5,0.41100000000000003,0.0,0.0,0.0,4.3,10.5,0.413,1.8,2.5,0.722,3.7,7.2,11.0,3.3,1.1,1.0,1.4,3.3,10.5,104.0,103.0,2004,Horace Grant-2004,0.0,Not Selected,Forward,LAL,0.04709840201850295
2003-04,Paul Grant,grantpa01,C,30,UTA,10,0,98,6.2,13.0,0.478,0.0,0.0,0.0,6.2,13.0,0.478,1.7,4.5,0.375,4.0,5.7,9.6,1.7,0.6,0.6,4.0,9.6,14.1,86.0,107.0,2004,Paul Grant-2004,0.0,Not Selected,Center,UTA,0.03532380151387721
2003-04,Willie Green,greenwi01,SG,22,PHI,53,0,767,10.2,25.4,0.401,1.4,4.3,0.311,8.8,21.0,0.419,4.2,5.8,0.728,1.1,3.5,4.6,3.8,1.8,0.4,4.2,5.9,25.9,89.0,105.0,2004,Willie Green-2004,0.0,Not Selected,Guard,PHI,0.027754415475189236
2003-04,Adrian Griffin,griffad01,SG,29,HOU,19,1,133,2.1,7.4,0.278,0.4,0.8,0.5,1.6,6.6,0.25,0.0,1.6,0.0,0.4,7.4,7.8,4.1,2.9,0.8,1.2,7.0,4.5,72.0,96.0,2004,Adrian Griffin-2004,0.0,Not Selected,Guard,HOU,0.03784693019343986
2003-04,Tom Gugliotta,guglito01,PF,34,TOT,55,27,819,4.6,13.4,0.345,0.1,0.3,0.25,4.6,13.1,0.34700000000000003,1.3,1.8,0.7140000000000001,4.3,8.1,12.3,4.2,2.0,0.8,2.6,5.3,10.6,87.0,103.0,2004,Tom Gugliotta-2004,0.0,Not Selected,Forward,TOT,0.03333333333333333
2003-04,Marcus Haislip,haislma01,PF,23,MIL,31,0,263,7.2,14.7,0.486,0.2,0.4,0.5,7.0,14.3,0.486,4.0,5.6,0.7140000000000001,4.2,6.4,10.6,0.8,1.2,2.4,1.8,5.0,18.5,110.0,105.0,2004,Marcus Haislip-2004,0.0,Not Selected,Forward,MIL,0.034482758620689655
2003-04,Darvin Ham,hamda01,SF,30,DET,54,2,484,4.2,8.5,0.493,0.1,0.2,0.5,4.1,8.2,0.493,2.4,4.0,0.6,5.3,5.2,10.5,1.8,1.5,0.9,3.5,7.1,10.8,97.0,98.0,2004,Darvin Ham-2004,0.0,Not Selected,Forward,DET,0.045416316232127836
2003-04,Richard Hamilton,hamilri01,SG,25,DET,78,78,2772,10.4,23.0,0.455,0.4,1.3,0.265,10.1,21.6,0.466,5.9,6.7,0.868,1.5,4.0,5.5,6.1,2.0,0.3,4.1,4.4,27.1,103.0,99.0,2004,Richard Hamilton-2004,0.0,Not Selected,Guard,DET,0.045416316232127836
2003-04,Zendon Hamilton,hamilze01,C,28,PHI,46,0,473,5.9,11.0,0.537,0.0,0.0,0.0,5.9,11.0,0.537,7.7,11.1,0.698,5.6,11.2,16.8,1.5,0.9,0.9,3.1,8.5,19.5,117.0,100.0,2004,Zendon Hamilton-2004,0.0,Not Selected,Center,PHI,0.027754415475189236
2003-04,Ben Handlogten,handlbe01,C,30,UTA,17,0,172,8.1,15.1,0.532,0.0,0.0,0.0,8.1,15.1,0.532,5.8,8.7,0.667,7.1,10.6,17.7,1.9,1.0,1.3,3.2,10.3,21.9,114.0,102.0,2004,Ben Handlogten-2004,0.0,Not Selected,Center,UTA,0.03532380151387721
2003-04,Travis Hansen,hansetr01,SF,25,ATL,41,4,507,4.8,13.6,0.354,0.9,3.1,0.3,3.9,10.4,0.37,2.3,2.8,0.815,3.1,4.2,7.3,2.0,1.0,0.9,1.6,7.0,12.8,97.0,109.0,2004,Travis Hansen-2004,0.0,Not Selected,Forward,ATL,0.023549201009251473
2003-04,Anfernee Hardaway,hardaan01,SG,32,TOT,76,14,2095,7.0,17.1,0.41100000000000003,0.8,2.0,0.38,6.3,15.1,0.415,2.8,3.5,0.804,1.7,5.5,7.2,4.4,1.8,0.5,2.7,3.7,17.6,97.0,106.0,2004,Anfernee Hardaway-2004,0.0,Not Selected,Guard,TOT,0.03333333333333333
2003-04,Matt Harpring,harprma01,SF,27,UTA,31,31,1134,9.4,20.0,0.47100000000000003,0.4,1.6,0.242,9.0,18.4,0.491,5.3,7.7,0.688,4.4,7.6,12.1,3.1,1.1,0.1,3.2,5.0,24.5,107.0,105.0,2004,Matt Harpring-2004,0.0,Not Selected,Forward,UTA,0.03532380151387721
2003-04,Al Harrington,harrial01,PF,23,IND,79,15,2441,9.5,20.4,0.46299999999999997,0.5,1.7,0.273,9.0,18.7,0.48100000000000004,4.2,5.7,0.7340000000000001,3.7,7.8,11.4,2.9,1.8,0.5,3.7,5.6,23.6,100.0,98.0,2004,Al Harrington-2004,0.0,Not Selected,Forward,IND,0.051303616484440706
2003-04,Othella Harrington,harriot01,PF,30,NYK,56,3,872,6.1,12.4,0.495,0.0,0.0,0.0,6.1,12.4,0.495,3.6,4.8,0.7440000000000001,3.6,7.3,10.9,1.8,0.7,0.9,4.0,8.2,15.9,97.0,105.0,2004,Othella Harrington-2004,0.0,Not Selected,Forward,NYK,0.03280067283431455
2003-04,Lucious Harris,harrilu01,PG,33,NJN,69,15,1504,6.7,16.5,0.40399999999999997,1.4,3.6,0.376,5.3,12.9,0.41200000000000003,2.4,2.8,0.846,1.4,3.6,5.0,4.8,1.5,0.1,1.9,2.6,17.1,100.0,102.0,2004,Lucious Harris-2004,0.0,Not Selected,Guard,BRK,0.03952901597981497
2003-04,Jason Hart,hartja01,PG,25,SAS,53,5,660,5.8,13.0,0.447,0.2,0.7,0.222,5.6,12.2,0.46,2.7,3.5,0.767,0.8,5.6,6.4,6.6,2.3,0.4,2.4,4.8,14.4,104.0,95.0,2004,Jason Hart-2004,0.0,Not Selected,Guard,SAS,0.0479394449116905
2003-04,Donnell Harvey,harvedo01,PF,23,TOT,60,8,783,5.9,13.4,0.44299999999999995,0.0,0.2,0.0,5.9,13.2,0.449,4.1,5.5,0.735,3.2,7.7,10.9,1.4,1.6,1.8,3.0,8.6,16.0,97.0,106.0,2004,Donnell Harvey-2004,0.0,Not Selected,Forward,TOT,0.03333333333333333
2003-04,Udonis Haslem,hasleud01,PF,23,MIA,75,24,1795,6.2,13.6,0.45899999999999996,0.0,0.1,0.0,6.2,13.5,0.462,4.3,5.6,0.765,5.7,8.6,14.4,1.6,1.0,0.7,2.2,6.0,16.7,109.0,102.0,2004,Udonis Haslem-2004,0.0,Not Selected,Forward,MIA,0.03532380151387721
2003-04,Trenton Hassell,hassetr01,SG,24,MIN,81,74,2264,4.2,9.1,0.465,0.1,0.3,0.308,4.1,8.8,0.47,1.1,1.5,0.787,1.6,4.5,6.1,3.2,0.9,1.3,1.1,4.8,9.7,107.0,103.0,2004,Trenton Hassell-2004,0.0,Not Selected,Guard,MIN,0.04878048780487805
2003-04,Jarvis Hayes,hayesja01,SF,22,WAS,70,42,2044,7.1,17.7,0.4,1.0,3.3,0.305,6.1,14.4,0.42200000000000004,2.0,2.5,0.7859999999999999,1.8,4.9,6.7,2.7,1.8,0.3,2.8,4.0,17.1,92.0,107.0,2004,Jarvis Hayes-2004,0.0,Not Selected,Forward,WAS,0.021026072329688814
2003-04,Brendan Haywood,haywobr01,C,24,WAS,77,59,1484,7.0,13.6,0.515,0.0,0.0,0.0,7.0,13.6,0.517,4.8,8.2,0.585,6.5,7.0,13.6,1.5,1.1,3.5,2.8,5.4,18.8,110.0,104.0,2004,Brendan Haywood-2004,0.0,Not Selected,Center,WAS,0.021026072329688814
2003-04,Shane Heal,healsh01,PG,33,SAS,6,0,72,5.2,17.9,0.292,3.0,13.5,0.222,2.2,4.5,0.5,3.0,3.7,0.8,0.7,2.2,3.0,3.7,0.7,0.0,3.7,1.5,16.4,84.0,102.0,2004,Shane Heal-2004,0.0,Not Selected,Guard,SAS,0.0479394449116905
2003-04,Alan Henderson,hendeal01,PF,31,ATL,6,0,68,7.8,16.3,0.47600000000000003,0.0,0.0,0.0,7.8,16.3,0.47600000000000003,3.1,4.7,0.667,8.5,7.8,16.3,1.6,0.8,1.6,2.3,0.8,18.7,110.0,107.0,2004,Alan Henderson-2004,0.0,Not Selected,Forward,ATL,0.023549201009251473
2003-04,Nenê,hilarne01,PF,21,DEN,77,77,2504,6.9,12.9,0.53,0.0,0.0,0.0,6.9,12.9,0.532,4.9,7.2,0.682,3.2,7.2,10.3,3.5,2.4,0.8,3.8,5.8,18.6,106.0,102.0,2004,Nenê-2004,0.0,Not Selected,Forward,DEN,0.03616484440706476
2003-04,Tyrone Hill,hillty01,PF,35,MIA,5,0,38,4.3,7.2,0.6,0.0,0.0,0.0,4.3,7.2,0.6,4.3,5.7,0.75,7.2,4.3,11.5,0.0,0.0,1.4,2.9,14.4,12.9,120.0,106.0,2004,Tyrone Hill-2004,0.0,Not Selected,Forward,MIA,0.03532380151387721
2003-04,Kirk Hinrich,hinriki01,PG,23,CHI,76,66,2706,6.1,15.8,0.386,2.8,7.1,0.39,3.3,8.7,0.38299999999999995,2.6,3.2,0.804,0.8,4.2,5.0,9.9,1.9,0.4,3.9,5.3,17.6,101.0,105.0,2004,Kirk Hinrich-2004,0.0,Not Selected,Guard,CHI,0.01934398654331371
2003-04,Fred Hoiberg,hoibefr01,SG,31,MIN,79,3,1804,5.3,11.5,0.465,2.3,5.1,0.442,3.1,6.3,0.483,2.9,3.5,0.845,0.6,7.4,8.0,3.3,2.0,0.3,1.3,4.1,15.8,121.0,100.0,2004,Fred Hoiberg-2004,0.0,Not Selected,Guard,MIN,0.04878048780487805
2003-04,Robert Horry,horryro01,PF,33,SAS,81,1,1290,5.9,14.5,0.405,1.7,4.5,0.38,4.2,10.0,0.41700000000000004,2.9,4.5,0.645,4.5,6.8,11.3,4.2,2.0,2.0,2.3,6.9,16.4,107.0,93.0,2004,Robert Horry-2004,0.0,Not Selected,Forward,SAS,0.0479394449116905
2003-04,Eddie House,houseed01,SG,25,LAC,60,10,1188,7.2,19.9,0.359,2.3,6.0,0.375,4.9,13.9,0.35100000000000003,1.6,2.0,0.8,1.2,4.9,6.1,6.6,2.9,0.2,2.8,4.1,18.2,96.0,108.0,2004,Eddie House-2004,0.0,Not Selected,Guard,LAC,0.023549201009251473
2003-04,Allan Houston,houstal01,SG,32,NYK,50,50,1799,10.1,23.3,0.435,2.6,6.0,0.431,7.5,17.3,0.43700000000000006,4.7,5.1,0.9129999999999999,0.6,3.0,3.6,3.0,1.1,0.1,3.0,3.1,27.5,104.0,108.0,2004,Allan Houston-2004,0.0,Not Selected,Guard,NYK,0.03280067283431455
2003-04,Josh Howard,howarjo01,SF,23,DAL,67,29,1589,7.4,17.2,0.43,0.6,2.1,0.303,6.8,15.1,0.44799999999999995,3.1,4.5,0.703,4.8,7.1,11.9,3.1,2.2,1.7,2.2,5.4,18.6,107.0,105.0,2004,Josh Howard-2004,0.0,Not Selected,Forward,DAL,0.04373423044575273
2003-04,Juwan Howard,howarju01,PF,30,ORL,81,77,2877,9.7,21.5,0.45299999999999996,0.0,0.0,0.0,9.7,21.5,0.45299999999999996,5.8,7.2,0.809,3.1,7.3,10.5,2.9,1.0,0.4,3.3,5.2,25.3,103.0,111.0,2004,Juwan Howard-2004,0.0,Not Selected,Forward,ORL,0.017661900756938603
2003-04,Troy Hudson,hudsotr01,PG,27,MIN,29,1,503,8.6,22.2,0.386,3.3,8.3,0.40299999999999997,5.3,13.9,0.377,2.9,3.5,0.818,0.4,3.3,3.8,7.5,0.8,0.0,3.6,3.4,23.4,98.0,106.0,2004,Troy Hudson-2004,0.0,Not Selected,Guard,MIN,0.04878048780487805
2003-04,Larry Hughes,hughela01,SG,25,WAS,61,61,2061,10.1,25.5,0.397,2.0,5.9,0.341,8.1,19.6,0.414,6.7,8.5,0.797,2.4,5.8,8.2,3.7,2.4,0.7,3.8,3.7,29.0,101.0,105.0,2004,Larry Hughes-2004,0.0,Not Selected,Guard,WAS,0.021026072329688814
2003-04,Ryan Humphrey,humphry01,PF,24,MEM,2,0,11,4.8,19.1,0.25,0.0,4.8,0.0,4.8,14.3,0.33299999999999996,0.0,0.0,0.0,9.6,4.8,14.3,4.8,4.8,0.0,9.6,14.3,9.6,59.0,99.0,2004,Ryan Humphrey-2004,0.0,Not Selected,Forward,MEM,0.04205214465937763
2003-04,Brandon Hunter,huntebr01,PF,23,BOS,36,12,406,6.7,14.7,0.457,0.0,0.4,0.0,6.7,14.3,0.469,2.4,5.5,0.442,6.3,8.6,15.0,2.4,1.6,0.1,2.8,5.1,15.9,98.0,103.0,2004,Brandon Hunter-2004,0.0,Not Selected,Forward,BOS,0.030277544154751892
2003-04,Lindsey Hunter,hunteli01,SG,33,DET,33,8,661,4.0,11.8,0.34299999999999997,1.2,4.1,0.28,2.9,7.7,0.376,0.4,0.7,0.625,1.1,4.5,5.5,7.0,3.2,0.5,2.8,3.7,9.7,88.0,96.0,2004,Lindsey Hunter-2004,0.0,Not Selected,Guard,DET,0.045416316232127836
2003-04,Steven Hunter,huntest01,C,22,ORL,59,23,789,5.5,10.4,0.529,0.0,0.0,0.0,5.5,10.4,0.529,1.5,4.6,0.33299999999999996,3.6,7.8,11.4,0.8,0.3,4.9,1.9,6.8,12.5,99.0,108.0,2004,Steven Hunter-2004,0.0,Not Selected,Center,ORL,0.017661900756938603
2003-04,Zydrunas Ilgauskas,ilgauzy01,C,28,CLE,81,81,2539,9.7,20.1,0.483,0.0,0.1,0.28600000000000003,9.7,19.9,0.484,6.3,8.4,0.746,5.8,7.8,13.6,2.3,0.8,4.2,3.4,5.8,25.7,109.0,103.0,2004,Zydrunas Ilgauskas-2004,0.0,Not Selected,Center,CLE,0.02943650126156434
2003-04,Allen Iverson,iversal01,SG,28,PHI,48,47,2040,11.6,30.1,0.387,1.5,5.3,0.28600000000000003,10.1,24.8,0.408,9.1,12.2,0.745,0.9,3.8,4.8,8.7,3.1,0.1,5.6,2.3,33.8,96.0,102.0,2004,Allen Iverson-2004,0.0,Not Selected,Guard,PHI,0.027754415475189236
2003-04,Bobby Jackson,jacksbo01,SG,30,SAC,50,0,1185,11.5,25.8,0.444,3.5,9.6,0.37,7.9,16.3,0.488,3.6,4.8,0.752,2.4,5.2,7.6,4.6,2.1,0.3,2.8,4.6,30.1,107.0,106.0,2004,Bobby Jackson-2004,0.0,Not Selected,Guard,SAC,0.04625735912531539
2003-04,Jim Jackson,jacksji01,SF,33,HOU,80,80,3119,6.7,15.8,0.424,2.8,7.1,0.4,3.9,8.7,0.444,1.9,2.2,0.843,0.9,7.6,8.5,4.0,1.5,0.4,3.1,4.0,18.1,101.0,100.0,2004,Jim Jackson-2004,0.0,Not Selected,Forward,HOU,0.03784693019343986
2003-04,Marc Jackson,jacksma02,PF,29,PHI,22,13,598,6.5,15.6,0.415,0.0,0.1,0.0,6.5,15.5,0.418,5.8,7.4,0.79,4.1,7.4,11.5,1.6,1.1,0.5,2.2,4.1,18.8,105.0,103.0,2004,Marc Jackson-2004,0.0,Not Selected,Forward,PHI,0.027754415475189236
2003-04,Mark Jackson,jacksma01,PG,38,HOU,42,3,577,3.2,9.5,0.34,0.7,3.9,0.171,2.6,5.6,0.45799999999999996,2.7,3.7,0.718,0.9,5.7,6.6,11.3,1.6,0.1,5.0,3.9,9.8,90.0,101.0,2004,Mark Jackson-2004,0.0,Not Selected,Guard,HOU,0.03784693019343986
2003-04,Stephen Jackson,jacksst02,SF,25,ATL,80,78,2940,9.6,22.7,0.425,2.6,7.7,0.34,7.0,15.0,0.469,4.2,5.3,0.785,1.7,4.9,6.7,4.4,2.6,0.4,4.0,3.9,26.1,101.0,106.0,2004,Stephen Jackson-2004,0.0,Not Selected,Forward,ATL,0.023549201009251473
2003-04,Casey Jacobsen,jacobca01,SF,22,PHO,78,13,1828,4.3,10.2,0.41700000000000004,2.1,5.1,0.41700000000000004,2.1,5.1,0.41700000000000004,2.6,3.1,0.82,1.2,4.5,5.7,2.8,1.4,0.3,1.9,4.1,13.2,110.0,109.0,2004,Casey Jacobsen-2004,0.0,Not Selected,Forward,PHO,0.024390243902439025
2003-04,Jerome James,jamesje01,C,28,SEA,65,24,990,7.0,14.0,0.498,0.0,0.0,0.0,7.0,14.0,0.498,3.6,5.4,0.66,4.2,8.2,12.4,1.7,1.1,3.2,4.4,9.7,17.5,96.0,106.0,2004,Jerome James-2004,0.0,Not Selected,Center,OKC,0.031118587047939444
2003-04,LeBron James,jamesle01,SG,19,CLE,79,79,3122,10.5,25.3,0.41700000000000004,1.1,3.7,0.29,9.5,21.6,0.43799999999999994,5.9,7.8,0.754,1.7,5.6,7.3,7.9,2.2,1.0,4.6,2.5,28.0,99.0,104.0,2004,LeBron James-2004,0.0,Not Selected,Guard,CLE,0.02943650126156434
2003-04,Mike James,jamesmi01,PG,28,TOT,81,55,2196,6.5,15.6,0.414,2.5,6.7,0.377,3.9,8.9,0.441,2.4,3.0,0.8109999999999999,0.7,4.9,5.6,8.1,2.3,0.1,2.9,3.7,17.9,107.0,103.0,2004,Mike James-2004,0.0,Not Selected,Guard,TOT,0.03333333333333333
2003-04,Antawn Jamison,jamisan01,SF,27,DAL,82,2,2376,10.6,19.8,0.535,0.3,0.9,0.4,10.2,18.9,0.541,4.8,6.4,0.748,5.0,6.2,11.3,1.5,1.8,0.7,1.8,3.8,26.3,122.0,108.0,2004,Antawn Jamison-2004,0.0,Not Selected,Forward,DAL,0.04373423044575273
2003-04,Marko Jarić,jaricma01,PG,25,LAC,58,50,1760,5.5,14.3,0.38799999999999996,1.5,4.5,0.34,4.0,9.8,0.41,2.2,3.0,0.733,1.3,3.9,5.2,8.4,2.8,0.6,3.4,4.0,14.8,100.0,108.0,2004,Marko Jarić-2004,0.0,Not Selected,Guard,LAC,0.023549201009251473
2003-04,Chris Jefferies,jeffech01,SF-SG,23,TOT,21,2,195,7.2,19.3,0.375,4.6,11.2,0.405,2.7,8.0,0.33299999999999996,3.5,5.4,0.65,1.3,6.4,7.8,1.9,1.1,1.9,5.1,9.6,22.5,88.0,104.0,2004,Chris Jefferies-2004,0.0,Not Selected,Forward,TOT,0.03333333333333333
2003-04,Richard Jefferson,jefferi01,SF,23,NJN,82,82,3133,9.5,19.1,0.498,0.8,2.3,0.364,8.7,16.8,0.516,6.1,8.0,0.763,1.9,6.1,7.9,5.4,1.6,0.5,3.4,3.8,26.0,110.0,100.0,2004,Richard Jefferson-2004,0.0,Not Selected,Forward,BRK,0.03952901597981497
2003-04,Jared Jeffries,jeffrja01,PF,22,WAS,82,38,1913,4.8,12.8,0.377,0.1,0.8,0.16699999999999998,4.7,11.9,0.392,2.9,4.7,0.614,4.9,6.6,11.5,2.5,1.3,0.8,2.9,5.8,12.6,91.0,106.0,2004,Jared Jeffries-2004,0.0,Not Selected,Forward,WAS,0.021026072329688814
2003-04,Britton Johnsen,johnsbr01,C,24,ORL,20,4,290,3.1,10.7,0.28800000000000003,0.2,2.2,0.083,2.9,8.6,0.34,1.3,2.9,0.43799999999999994,2.7,5.5,8.2,2.2,1.3,0.2,2.6,5.1,7.7,71.0,112.0,2004,Britton Johnsen-2004,0.0,Not Selected,Center,ORL,0.017661900756938603
2003-04,Anthony Johnson,johnsan02,PG,29,IND,73,7,1598,5.7,14.1,0.406,1.4,4.2,0.336,4.3,9.9,0.436,2.6,3.2,0.7979999999999999,1.0,3.5,4.5,6.9,2.2,0.3,2.6,4.7,15.4,103.0,100.0,2004,Anthony Johnson-2004,0.0,Not Selected,Guard,IND,0.051303616484440706
2003-04,Avery Johnson,johnsav01,PG,38,GSW,46,1,637,6.7,16.7,0.402,0.0,0.3,0.0,6.7,16.5,0.408,4.4,6.5,0.667,0.3,2.5,2.8,9.3,2.2,0.3,4.3,2.9,17.8,93.0,106.0,2004,Avery Johnson-2004,0.0,Not Selected,Guard,GSW,0.031118587047939444
2003-04,DerMarr Johnson,johnsde03,SF,23,NYK,21,1,287,6.7,18.1,0.371,2.4,6.7,0.361,4.3,11.4,0.377,5.2,5.8,0.903,0.9,6.4,7.3,2.1,1.5,1.3,3.0,6.0,21.1,99.0,104.0,2004,DerMarr Johnson-2004,0.0,Not Selected,Forward,NYK,0.03280067283431455
2003-04,Ervin Johnson,johnser02,C,36,MIN,66,47,965,3.1,5.8,0.534,0.0,0.1,0.0,3.1,5.7,0.539,1.0,1.6,0.607,3.4,9.6,13.0,1.3,1.5,2.4,1.7,8.7,7.1,107.0,97.0,2004,Ervin Johnson-2004,0.0,Not Selected,Center,MIN,0.04878048780487805
2003-04,Joe Johnson,johnsjo02,SG,22,PHO,82,77,3331,8.6,20.1,0.43,1.3,4.2,0.305,7.3,15.9,0.46299999999999997,2.7,3.6,0.75,1.2,4.7,6.0,5.6,1.4,0.4,3.1,2.8,21.3,100.0,109.0,2004,Joe Johnson-2004,0.0,Not Selected,Guard,PHO,0.024390243902439025
2003-04,Linton Johnson,johnsli01,SF,23,CHI,41,20,734,5.1,14.4,0.355,0.5,2.3,0.212,4.6,12.1,0.382,1.6,2.6,0.595,4.2,8.8,13.0,1.9,2.6,2.3,2.6,6.4,12.3,84.0,99.0,2004,Linton Johnson-2004,0.0,Not Selected,Forward,CHI,0.01934398654331371
2003-04,Dahntay Jones,jonesda02,SG,23,MEM,20,0,154,5.1,18.1,0.28300000000000003,0.3,1.4,0.25,4.8,16.7,0.28600000000000003,1.7,3.8,0.455,2.4,5.5,7.8,4.1,1.7,2.0,4.1,7.8,12.3,68.0,103.0,2004,Dahntay Jones-2004,0.0,Not Selected,Guard,MEM,0.04205214465937763
2003-04,Damon Jones,jonesda01,PG,27,MIL,82,26,2016,5.5,13.6,0.401,2.5,7.1,0.359,2.9,6.5,0.446,1.4,1.9,0.764,0.4,4.0,4.4,12.4,0.8,0.1,2.7,2.4,14.9,112.0,110.0,2004,Damon Jones-2004,0.0,Not Selected,Guard,MIL,0.034482758620689655
2003-04,Eddie Jones,jonesed02,SG,32,MIA,81,81,2998,8.6,21.0,0.409,3.2,8.7,0.37,5.4,12.3,0.43700000000000006,5.1,6.1,0.835,0.7,4.9,5.6,4.7,1.7,0.6,2.3,4.1,25.5,110.0,103.0,2004,Eddie Jones-2004,0.0,Not Selected,Guard,MIA,0.03532380151387721
2003-04,Fred Jones,jonesfr01,SG,24,IND,81,2,1508,4.5,11.3,0.395,1.0,3.2,0.303,3.5,8.1,0.43200000000000005,4.5,5.4,0.8320000000000001,0.9,3.7,4.6,6.3,2.4,0.7,2.7,4.8,14.4,107.0,99.0,2004,Fred Jones-2004,0.0,Not Selected,Guard,IND,0.051303616484440706
2003-04,James Jones,jonesja02,SF,23,IND,6,0,26,4.2,19.0,0.222,2.1,8.4,0.25,2.1,10.5,0.2,4.2,4.2,1.0,0.0,4.2,4.2,0.0,2.1,0.0,0.0,2.1,14.8,83.0,100.0,2004,James Jones-2004,0.0,Not Selected,Forward,IND,0.051303616484440706
2003-04,Jumaine Jones,jonesju01,SG,24,BOS,42,2,373,4.6,13.3,0.344,1.8,6.1,0.295,2.8,7.2,0.385,1.9,3.2,0.609,3.3,6.1,9.4,1.9,1.7,1.2,2.6,6.6,12.8,90.0,104.0,2004,Jumaine Jones-2004,0.0,Not Selected,Guard,BOS,0.030277544154751892
2003-04,Popeye Jones,jonespo01,PF,33,GSW,5,0,10,0.0,10.7,0.0,0.0,0.0,0.0,0.0,10.7,0.0,0.0,0.0,0.0,5.3,0.0,5.3,0.0,0.0,0.0,0.0,10.7,0.0,35.0,113.0,2004,Popeye Jones-2004,0.0,Not Selected,Forward,GSW,0.031118587047939444
2003-04,Chris Kaman,kamanch01,C,21,LAC,82,61,1843,5.7,12.5,0.46,0.0,0.1,0.0,5.7,12.4,0.462,2.8,4.1,0.6970000000000001,3.6,9.6,13.2,2.4,0.7,2.1,4.4,6.0,14.3,90.0,107.0,2004,Chris Kaman-2004,0.0,Not Selected,Center,LAC,0.023549201009251473
2003-04,Jason Kapono,kaponja01,SF,22,CLE,41,3,427,6.4,16.0,0.40299999999999997,2.6,5.4,0.47700000000000004,3.8,10.5,0.365,2.5,3.0,0.833,2.4,4.5,6.8,1.7,1.6,0.2,2.6,5.1,17.9,101.0,107.0,2004,Jason Kapono-2004,0.0,Not Selected,Forward,CLE,0.02943650126156434
2003-04,Jason Kidd,kiddja01,PG,30,NJN,67,66,2450,8.1,21.0,0.384,2.1,6.4,0.321,6.0,14.6,0.41100000000000003,4.5,5.5,0.8270000000000001,1.9,7.5,9.4,13.5,2.7,0.3,4.7,2.4,22.7,102.0,97.0,2004,Jason Kidd-2004,1.0,1st,Guard,BRK,0.03952901597981497
2003-04,Andrei Kirilenko,kirilan01,PF,22,UTA,78,78,2895,7.9,17.8,0.44299999999999995,1.3,3.8,0.33799999999999997,6.6,14.0,0.47100000000000003,7.5,9.5,0.79,4.3,7.7,12.0,4.7,2.9,4.1,4.1,3.3,24.6,111.0,97.0,2004,Andrei Kirilenko-2004,0.0,Not Selected,Forward,UTA,0.03532380151387721
2003-04,Kerry Kittles,kittlke01,SG,29,NJN,82,82,2842,8.2,18.1,0.45299999999999996,1.8,5.2,0.35100000000000003,6.4,12.9,0.493,2.0,2.6,0.787,1.1,5.1,6.2,3.9,2.4,0.8,1.8,2.7,20.2,105.0,99.0,2004,Kerry Kittles-2004,0.0,Not Selected,Guard,BRK,0.03952901597981497
2003-04,Brevin Knight,knighbr01,PG,28,TOT,56,13,1037,5.3,12.4,0.42700000000000005,0.1,0.4,0.25,5.2,12.0,0.433,2.5,3.3,0.754,0.7,4.9,5.6,10.3,4.2,0.1,3.6,5.4,13.1,99.0,102.0,2004,Brevin Knight-2004,0.0,Not Selected,Guard,TOT,0.03333333333333333
2003-04,Kyle Korver,korveky01,SF,22,PHI,74,0,882,7.1,20.2,0.35200000000000004,5.0,12.8,0.391,2.1,7.4,0.28300000000000003,1.2,1.5,0.792,1.9,5.0,6.9,2.5,1.5,0.5,2.5,6.3,20.4,97.0,104.0,2004,Kyle Korver-2004,0.0,Not Selected,Forward,PHI,0.027754415475189236
2003-04,Toni Kukoč,kukocto01,PF,35,MIL,73,0,1522,7.3,17.4,0.41700000000000004,1.7,5.8,0.292,5.6,11.6,0.479,5.0,6.9,0.7290000000000001,2.1,7.3,9.3,6.9,2.0,0.7,3.8,3.8,21.2,103.0,104.0,2004,Toni Kukoč-2004,0.0,Not Selected,Forward,MIL,0.034482758620689655
2003-04,Christian Laettner,laettch01,PF,34,WAS,48,18,984,6.3,13.5,0.465,0.3,1.1,0.28600000000000003,6.0,12.4,0.48100000000000004,2.1,2.6,0.8,2.6,9.6,12.3,4.7,2.0,1.5,2.2,5.4,15.0,107.0,102.0,2004,Christian Laettner-2004,0.0,Not Selected,Forward,WAS,0.021026072329688814
2003-04,Raef LaFrentz,lafrera01,C,27,BOS,17,1,328,9.0,19.5,0.46,1.3,6.3,0.2,7.7,13.2,0.583,1.6,2.0,0.769,4.7,7.7,12.4,3.8,1.3,2.0,1.7,7.4,20.7,110.0,103.0,2004,Raef LaFrentz-2004,0.0,Not Selected,Center,BOS,0.030277544154751892
2003-04,Maciej Lampe,lampema01,C,18,PHO,21,0,224,9.9,20.4,0.489,0.0,0.9,0.0,9.9,19.4,0.512,2.3,3.0,0.769,2.1,8.1,10.2,2.1,0.7,0.7,3.5,6.5,22.2,96.0,107.0,2004,Maciej Lampe-2004,0.0,Not Selected,Center,PHO,0.024390243902439025
2003-04,Sean Lampley,lamplse01,SF,24,GSW,10,0,63,11.0,17.0,0.65,0.0,0.0,0.0,11.0,17.0,0.65,6.8,10.2,0.667,1.7,7.6,9.3,1.7,0.0,0.8,2.5,1.7,28.9,123.0,107.0,2004,Sean Lampley-2004,0.0,Not Selected,Forward,GSW,0.031118587047939444
2003-04,Dan Langhi,langhda01,SF,26,TOT,6,0,37,7.1,20.0,0.35700000000000004,1.4,2.9,0.5,5.7,17.2,0.33299999999999996,2.9,2.9,1.0,0.0,5.7,5.7,0.0,0.0,0.0,2.9,10.0,18.6,81.0,109.0,2004,Dan Langhi-2004,0.0,Not Selected,Forward,TOT,0.03333333333333333
2003-04,Rusty LaRue,larueru01,PG,30,GSW,4,0,22,2.4,7.3,0.33299999999999996,2.4,2.4,1.0,0.0,4.9,0.0,2.4,4.9,0.5,0.0,7.3,7.3,4.9,4.9,0.0,9.7,4.9,9.7,58.0,98.0,2004,Rusty LaRue-2004,0.0,Not Selected,Guard,GSW,0.031118587047939444
2003-04,Voshon Lenard,lenarvo01,SG,30,DEN,73,70,2233,9.1,21.5,0.42200000000000004,2.4,6.7,0.36700000000000005,6.6,14.8,0.447,3.3,4.2,0.7909999999999999,1.1,3.5,4.6,3.5,1.4,0.3,2.3,4.1,23.9,105.0,107.0,2004,Voshon Lenard-2004,0.0,Not Selected,Guard,DEN,0.03616484440706476
2003-04,Quincy Lewis,lewisqu01,SF,26,MIN,14,0,65,5.8,16.6,0.35,1.7,4.1,0.4,4.1,12.4,0.33299999999999996,0.0,0.0,0.0,0.8,5.0,5.8,1.7,1.7,1.7,2.5,8.3,13.3,77.0,101.0,2004,Quincy Lewis-2004,0.0,Not Selected,Forward,MIN,0.04878048780487805
2003-04,Rashard Lewis,lewisra02,SF,24,SEA,80,80,2931,9.7,22.4,0.435,2.6,7.0,0.376,7.1,15.3,0.46299999999999997,3.8,4.9,0.763,2.4,7.0,9.4,3.2,1.8,1.0,2.5,4.2,25.9,107.0,108.0,2004,Rashard Lewis-2004,0.0,Not Selected,Forward,OKC,0.031118587047939444
2003-04,Randy Livingston,livinra01,PG,28,LAC,4,0,48,2.2,11.0,0.2,0.0,3.3,0.0,2.2,7.7,0.28600000000000003,4.4,6.6,0.667,2.2,5.5,7.7,4.4,2.2,0.0,4.4,7.7,8.8,69.0,109.0,2004,Randy Livingston-2004,0.0,Not Selected,Guard,LAC,0.023549201009251473
2003-04,Raül López,lopezra01,PG,23,UTA,82,11,1617,7.6,17.7,0.431,0.9,2.9,0.294,6.8,14.8,0.45799999999999996,3.5,4.0,0.863,0.8,4.5,5.3,10.5,2.1,0.1,6.0,6.9,19.6,95.0,105.0,2004,Raül López-2004,0.0,Not Selected,Guard,UTA,0.03532380151387721
2003-04,Tyronn Lue,luety01,PG,26,ORL,76,69,2332,7.0,16.2,0.433,1.8,4.7,0.38299999999999995,5.2,11.4,0.45299999999999996,2.3,3.0,0.7709999999999999,0.6,3.6,4.2,7.2,1.4,0.1,2.8,4.2,18.1,105.0,113.0,2004,Tyronn Lue-2004,0.0,Not Selected,Guard,ORL,0.017661900756938603
2003-04,George Lynch,lynchge01,SF,33,NOH,78,51,1701,4.7,11.9,0.397,1.4,4.4,0.309,3.4,7.5,0.449,1.1,1.6,0.667,3.0,6.8,9.9,3.7,1.5,0.6,2.0,5.0,11.9,101.0,103.0,2004,George Lynch-2004,0.0,Not Selected,Forward,NOP,0.034482758620689655
2003-04,Mark Madsen,madsema01,C,28,MIN,72,12,1246,4.4,8.8,0.495,0.0,0.3,0.0,4.4,8.6,0.51,2.5,5.1,0.483,5.8,6.0,11.8,1.2,1.4,0.8,2.0,7.6,11.2,106.0,101.0,2004,Mark Madsen-2004,0.0,Not Selected,Center,MIN,0.04878048780487805
2003-04,Corey Maggette,maggeco01,SF,24,LAC,73,72,2628,9.1,20.3,0.447,1.5,4.6,0.32899999999999996,7.6,15.7,0.48200000000000004,10.6,12.5,0.848,1.9,6.7,8.6,4.5,1.3,0.3,4.2,4.4,30.3,115.0,110.0,2004,Corey Maggette-2004,0.0,Not Selected,Forward,LAC,0.023549201009251473
2003-04,Jamaal Magloire,magloja01,C,25,NOH,82,82,2777,7.4,15.7,0.473,0.0,0.0,0.0,7.4,15.7,0.474,6.8,9.1,0.7509999999999999,5.2,11.2,16.4,1.7,0.8,2.0,3.9,5.4,21.7,106.0,100.0,2004,Jamaal Magloire-2004,0.0,Not Selected,Center,NOP,0.034482758620689655
2003-04,Karl Malone,malonka01,PF,40,LAL,42,42,1373,7.3,15.2,0.483,0.0,0.0,0.0,7.3,15.1,0.484,6.4,8.5,0.747,2.3,11.6,13.9,6.2,1.9,0.8,3.9,4.4,21.0,107.0,98.0,2004,Karl Malone-2004,0.0,Not Selected,Forward,LAL,0.04709840201850295
2003-04,Stephon Marbury,marbust01,PG,26,TOT,81,81,3254,9.7,22.5,0.431,1.4,4.4,0.318,8.3,18.1,0.46,5.8,7.1,0.8170000000000001,0.9,3.3,4.3,11.7,2.1,0.1,4.0,2.8,26.6,108.0,107.0,2004,Stephon Marbury-2004,0.0,Not Selected,Guard,TOT,0.03333333333333333
2003-04,Shawn Marion,mariosh01,SF,25,PHO,79,79,3217,9.5,21.6,0.44,1.4,4.3,0.34,8.1,17.3,0.465,3.7,4.3,0.851,3.4,8.5,11.9,3.4,2.7,1.7,2.5,3.3,24.1,107.0,102.0,2004,Shawn Marion-2004,0.0,Not Selected,Forward,PHO,0.024390243902439025
2003-04,Donyell Marshall,marshdo01,PF,30,TOT,82,74,2988,8.6,18.7,0.461,2.4,6.0,0.40299999999999997,6.2,12.8,0.488,2.5,3.3,0.736,3.9,11.0,14.8,2.2,1.7,2.3,2.1,4.5,22.1,108.0,97.0,2004,Donyell Marshall-2004,0.0,Not Selected,Forward,TOT,0.03333333333333333
2003-04,Darrick Martin,martida01,PG,32,MIN,16,0,172,6.3,21.0,0.299,1.9,8.2,0.231,4.4,12.9,0.341,2.8,2.8,1.0,0.6,1.6,2.2,7.2,0.6,0.3,2.2,7.2,17.3,89.0,107.0,2004,Darrick Martin-2004,0.0,Not Selected,Guard,MIN,0.04878048780487805
2003-04,Kenyon Martin,martike01,PF,26,NJN,65,62,2252,10.5,21.4,0.488,0.2,0.6,0.28,10.3,20.9,0.494,4.8,7.0,0.684,3.2,11.5,14.7,3.8,2.3,2.0,4.0,5.5,25.9,99.0,93.0,2004,Kenyon Martin-2004,0.0,Not Selected,Forward,BRK,0.03952901597981497
2003-04,Jamal Mashburn,mashbja01,SF,31,NOH,19,18,730,11.5,29.4,0.392,1.4,4.9,0.284,10.1,24.4,0.414,4.8,5.9,0.813,1.4,7.2,8.6,3.5,1.0,0.4,2.7,3.1,29.2,96.0,105.0,2004,Jamal Mashburn-2004,0.0,Not Selected,Forward,NOP,0.034482758620689655
2003-04,Desmond Mason,masonde01,SF,26,MIL,82,31,2534,8.5,17.9,0.47200000000000003,0.2,0.8,0.231,8.3,17.1,0.483,7.4,9.6,0.769,1.9,5.5,7.4,3.1,1.2,0.5,3.1,4.0,24.5,108.0,107.0,2004,Desmond Mason-2004,0.0,Not Selected,Forward,MIL,0.034482758620689655
2003-04,Roger Mason,masonro01,SG,23,TOT,26,3,328,5.4,16.4,0.327,2.2,6.5,0.33299999999999996,3.2,9.9,0.322,3.2,3.7,0.8640000000000001,0.2,5.0,5.2,4.3,1.8,1.0,3.3,6.0,16.1,86.0,102.0,2004,Roger Mason-2004,0.0,Not Selected,Guard,TOT,0.03333333333333333
2003-04,Tony Massenburg,masseto01,PF,36,SAC,59,0,789,6.8,14.4,0.475,0.0,0.1,0.0,6.8,14.3,0.47700000000000004,2.8,4.1,0.6829999999999999,3.7,8.6,12.3,1.9,0.9,1.2,3.0,9.4,16.5,99.0,105.0,2004,Tony Massenburg-2004,0.0,Not Selected,Forward,SAC,0.04625735912531539
2003-04,Walter McCarty,mccarwa01,PF,29,BOS,77,23,1900,5.5,14.2,0.38799999999999996,3.7,9.9,0.374,1.8,4.3,0.42,1.7,2.2,0.7559999999999999,0.8,5.7,6.5,3.4,2.0,0.6,2.5,4.9,16.4,102.0,105.0,2004,Walter McCarty-2004,0.0,Not Selected,Forward,BOS,0.030277544154751892
2003-04,Amal McCaskill,mccasam01,C,30,PHI,59,3,636,4.0,10.0,0.402,0.0,0.1,0.0,4.0,9.9,0.405,1.6,2.3,0.7040000000000001,4.1,7.3,11.4,1.7,1.0,1.7,2.1,7.6,9.7,93.0,102.0,2004,Amal McCaskill-2004,0.0,Not Selected,Center,PHI,0.027754415475189236
2003-04,Jelani McCoy,mccoyje01,C,26,CLE,2,0,12,0.0,0.0,0.0,0.0,0.0,0.0,0.0,0.0,0.0,0.0,0.0,0.0,4.4,13.2,17.6,0.0,0.0,0.0,4.4,17.6,0.0,42.0,104.0,2004,Jelani McCoy-2004,0.0,Not Selected,Center,CLE,0.02943650126156434
2003-04,Antonio McDyess,mcdyean01,PF,29,TOT,42,20,927,7.2,15.2,0.47,0.0,0.0,0.0,7.2,15.2,0.47,2.2,3.9,0.551,4.0,10.6,14.6,2.0,2.1,1.4,3.2,6.6,16.5,94.0,101.0,2004,Antonio McDyess-2004,0.0,Not Selected,Forward,TOT,0.03333333333333333
2003-04,Tracy McGrady,mcgratr01,SG,24,ORL,67,67,2675,12.9,30.9,0.41700000000000004,3.4,10.1,0.33899999999999997,9.5,20.8,0.455,7.9,9.9,0.7959999999999999,1.9,6.1,7.9,7.3,1.8,0.8,3.5,2.5,37.1,110.0,110.0,2004,Tracy McGrady-2004,2.0,2nd,Guard,ORL,0.017661900756938603
2003-04,Jeff McInnis,mcinnje01,SG-PG,29,TOT,70,57,2365,7.7,17.2,0.447,1.1,2.9,0.36200000000000004,6.6,14.2,0.465,2.6,3.3,0.797,0.8,3.3,4.0,9.9,1.7,0.1,2.8,3.7,19.0,109.0,108.0,2004,Jeff McInnis-2004,0.0,Not Selected,Guard,TOT,0.03333333333333333
2003-04,Aaron McKie,mckieaa01,SF,31,PHI,75,41,2112,6.8,14.9,0.45899999999999996,1.9,4.4,0.436,4.9,10.5,0.469,2.2,2.9,0.757,1.2,5.4,6.5,5.0,2.2,0.6,2.7,3.7,17.8,106.0,103.0,2004,Aaron McKie-2004,0.0,Not Selected,Forward,PHI,0.027754415475189236
2003-04,Keith McLeod,mcleoke01,PG,24,MIN,33,0,391,3.7,11.3,0.32899999999999996,0.1,1.4,0.1,3.6,9.9,0.361,4.6,5.9,0.767,0.7,4.0,4.7,8.1,2.2,0.1,4.0,5.4,12.1,89.0,102.0,2004,Keith McLeod-2004,0.0,Not Selected,Guard,MIN,0.04878048780487805
2003-04,Stanislav Medvedenko,medvest01,PF,24,LAL,68,38,1442,8.5,19.4,0.441,0.0,0.1,0.0,8.5,19.3,0.444,3.2,4.2,0.767,5.3,7.0,12.4,2.1,1.4,0.6,2.1,6.9,20.3,103.0,102.0,2004,Stanislav Medvedenko-2004,0.0,Not Selected,Forward,LAL,0.04709840201850295
2003-04,Ron Mercer,mercero01,SG,27,SAS,39,0,516,9.4,22.0,0.42700000000000005,0.2,0.7,0.28600000000000003,9.2,21.3,0.431,1.4,1.8,0.765,1.0,4.1,5.1,2.3,1.5,0.5,2.7,3.9,20.3,88.0,98.0,2004,Ron Mercer-2004,0.0,Not Selected,Guard,SAS,0.0479394449116905
2003-04,Chris Mihm,mihmch01,C-PF,24,TOT,76,17,1330,7.3,14.9,0.488,0.0,0.0,0.0,7.3,14.9,0.488,4.3,6.5,0.6629999999999999,6.1,10.0,16.1,0.8,1.4,2.5,3.5,8.1,18.8,102.0,101.0,2004,Chris Mihm-2004,0.0,Not Selected,Forward,TOT,0.03333333333333333
2003-04,Darius Miles,milesda01,SF,22,TOT,79,56,2079,9.6,19.7,0.485,0.2,1.0,0.175,9.4,18.7,0.502,3.2,5.1,0.642,2.9,6.5,9.4,4.2,1.8,1.6,3.4,4.4,22.5,101.0,105.0,2004,Darius Miles-2004,0.0,Not Selected,Forward,TOT,0.03333333333333333
2003-04,Darko Miličić,milicda01,C,18,DET,34,0,159,5.8,22.3,0.262,0.0,0.3,0.0,5.8,22.0,0.266,4.8,8.2,0.583,3.8,11.0,14.8,2.4,2.4,5.2,4.5,11.3,16.5,69.0,88.0,2004,Darko Miličić-2004,0.0,Not Selected,Center,DET,0.045416316232127836
2003-04,Andre Miller,millean02,PG,27,DEN,82,82,2838,7.8,17.1,0.457,0.2,1.2,0.185,7.6,15.9,0.47700000000000004,6.2,7.4,0.8320000000000001,2.3,4.3,6.6,9.1,2.6,0.5,3.9,3.5,22.0,110.0,104.0,2004,Andre Miller-2004,0.0,Not Selected,Guard,DEN,0.03616484440706476
2003-04,Brad Miller,millebr01,PF,27,SAC,72,53,2621,7.4,14.4,0.51,0.2,0.8,0.316,7.1,13.7,0.521,5.1,6.5,0.778,3.8,10.9,14.7,6.2,1.3,1.7,2.8,4.9,20.0,118.0,102.0,2004,Brad Miller-2004,0.0,Not Selected,Forward,SAC,0.04625735912531539
2003-04,Mike Miller,millemi01,SF,23,MEM,65,65,1770,8.0,18.3,0.43799999999999994,2.4,6.4,0.37200000000000005,5.6,11.9,0.474,3.0,4.2,0.723,1.2,5.2,6.4,6.9,1.8,0.4,3.2,4.8,21.4,106.0,105.0,2004,Mike Miller-2004,0.0,Not Selected,Forward,MEM,0.04205214465937763
2003-04,Oliver Miller,milleol01,C,33,MIN,48,1,506,5.7,10.7,0.53,0.0,0.1,0.0,5.7,10.6,0.535,1.6,2.5,0.652,4.9,9.0,13.9,3.8,2.0,2.8,3.5,9.7,12.9,103.0,96.0,2004,Oliver Miller-2004,0.0,Not Selected,Center,MIN,0.04878048780487805
2003-04,Reggie Miller,millere01,SG,38,IND,80,80,2254,6.3,14.5,0.43799999999999994,3.3,8.1,0.401,3.1,6.3,0.485,3.6,4.0,0.885,0.4,4.1,4.6,6.1,1.6,0.3,1.7,2.3,19.5,123.0,101.0,2004,Reggie Miller-2004,0.0,Not Selected,Guard,IND,0.051303616484440706
2003-04,Yao Ming,mingya01,C,23,HOU,82,82,2692,10.9,20.8,0.522,0.0,0.0,0.0,10.9,20.8,0.523,7.3,9.1,0.809,4.0,10.9,14.9,2.5,0.4,3.2,4.1,5.5,29.1,110.0,97.0,2004,Yao Ming-2004,3.0,3rd,Center,HOU,0.03784693019343986
2003-04,Cuttino Mobley,moblecu01,SG,28,HOU,80,80,3229,7.8,18.3,0.426,2.8,7.1,0.39,5.0,11.2,0.44799999999999995,3.0,3.7,0.8109999999999999,0.7,5.5,6.1,4.4,1.8,0.6,3.0,3.0,21.3,103.0,101.0,2004,Cuttino Mobley-2004,0.0,Not Selected,Guard,HOU,0.03784693019343986
2003-04,Nazr Mohammed,mohamna01,C,26,TOT,80,24,1611,8.1,15.6,0.521,0.0,0.0,0.0,8.1,15.6,0.521,3.3,5.6,0.5920000000000001,5.9,9.8,15.6,1.2,1.8,1.7,3.2,6.4,19.5,104.0,102.0,2004,Nazr Mohammed-2004,0.0,Not Selected,Center,TOT,0.03333333333333333
2003-04,Jérôme Moïso,moisoje01,PF,25,TOR,35,1,417,5.3,11.1,0.47600000000000003,0.0,0.1,0.0,5.3,11.0,0.48200000000000004,2.9,5.0,0.579,5.4,9.6,15.0,1.1,2.3,1.6,3.3,5.6,13.5,95.0,97.0,2004,Jérôme Moïso-2004,0.0,Not Selected,Forward,TOR,0.027754415475189236
2003-04,Mikki Moore,mooremi01,PF-C,28,TOT,32,0,395,7.0,13.9,0.505,0.0,0.0,0.0,7.0,13.9,0.505,4.2,4.9,0.857,4.1,7.7,11.8,2.7,1.0,1.8,3.1,9.1,18.2,110.0,103.0,2004,Mikki Moore-2004,0.0,Not Selected,Forward,TOT,0.03333333333333333
2003-04,Alonzo Mourning,mournal01,C,33,NJN,12,0,215,8.2,17.7,0.465,0.0,0.0,0.0,8.2,17.7,0.465,7.5,8.5,0.882,2.0,4.7,6.7,2.0,0.5,1.5,2.5,8.0,24.0,109.0,102.0,2004,Alonzo Mourning-2004,0.0,Not Selected,Center,BRK,0.03952901597981497
2003-04,Troy Murphy,murphtr01,PF,23,GSW,28,0,610,9.4,21.3,0.44,0.4,1.5,0.294,8.9,19.8,0.451,5.3,7.0,0.75,4.2,11.0,15.2,1.8,1.1,1.5,3.0,5.1,24.5,101.0,102.0,2004,Troy Murphy-2004,0.0,Not Selected,Forward,GSW,0.031118587047939444
2003-04,Lamond Murray,murrala01,SF,30,TOR,33,4,518,8.1,23.0,0.353,2.2,6.4,0.35,5.9,16.6,0.355,2.6,3.7,0.6859999999999999,1.5,8.1,9.6,3.0,1.6,0.7,4.1,5.0,21.0,81.0,100.0,2004,Lamond Murray-2004,0.0,Not Selected,Forward,TOR,0.027754415475189236
2003-04,Ronald Murray,murraro01,PG,24,SEA,82,18,2021,10.3,24.2,0.425,1.8,6.0,0.293,8.5,18.1,0.469,4.4,6.2,0.715,1.2,4.2,5.4,5.4,2.1,0.7,3.9,4.2,26.8,98.0,109.0,2004,Ronald Murray-2004,0.0,Not Selected,Guard,OKC,0.031118587047939444
2003-04,Tracy Murray,murratr01,SF,32,POR,7,0,35,4.8,19.1,0.25,3.2,8.0,0.4,1.6,11.1,0.14300000000000002,0.0,1.6,0.0,4.8,3.2,8.0,1.6,1.6,0.0,3.2,4.8,12.7,73.0,109.0,2004,Tracy Murray-2004,0.0,Not Selected,Forward,POR,0.034482758620689655
2003-04,Dikembe Mutombo,mutomdi01,C,37,NYK,65,56,1494,5.1,10.6,0.478,0.0,0.0,0.0,5.1,10.6,0.478,2.9,4.3,0.6809999999999999,5.2,10.5,15.7,0.9,0.6,4.4,1.9,5.1,13.0,108.0,100.0,2004,Dikembe Mutombo-2004,0.0,Not Selected,Center,NYK,0.03280067283431455
2003-04,Mamadou N'Diaye,ndiayma02,C,28,TOT,28,1,366,3.9,10.0,0.391,0.0,0.0,0.0,3.9,10.0,0.391,6.3,8.5,0.746,6.2,10.0,16.2,0.0,1.2,3.6,2.6,8.5,14.1,106.0,102.0,2004,Mamadou N'Diaye-2004,0.0,Not Selected,Center,TOT,0.03333333333333333
2003-04,Boštjan Nachbar,nachbbo01,SF,23,HOU,45,3,516,5.0,14.0,0.35600000000000004,2.4,6.7,0.365,2.5,7.3,0.348,2.2,3.1,0.7240000000000001,0.8,6.6,7.4,3.2,1.5,1.5,2.4,7.6,14.6,95.0,99.0,2004,Boštjan Nachbar-2004,0.0,Not Selected,Forward,HOU,0.03784693019343986
2003-04,Lee Nailon,nailole01,PF-SF,28,TOT,57,4,780,10.0,22.2,0.45,0.0,0.2,0.0,10.0,21.9,0.45399999999999996,3.2,3.9,0.81,4.3,5.4,9.7,2.6,1.0,0.5,3.0,6.3,23.1,99.0,109.0,2004,Lee Nailon-2004,0.0,Not Selected,Forward,TOT,0.03333333333333333
2003-04,Eduardo Nájera,najered01,SF,27,DAL,58,7,720,5.1,11.6,0.444,0.1,0.3,0.5,5.0,11.3,0.44299999999999995,2.1,3.3,0.652,4.8,6.4,11.2,1.8,2.5,1.4,2.1,6.4,12.6,104.0,105.0,2004,Eduardo Nájera-2004,0.0,Not Selected,Forward,DAL,0.04373423044575273
2003-04,Steve Nash,nashst01,PG,29,DAL,78,78,2612,7.8,16.7,0.47,2.1,5.1,0.405,5.8,11.6,0.498,4.5,4.9,0.9159999999999999,1.2,3.4,4.6,13.5,1.3,0.2,4.1,2.7,22.2,120.0,111.0,2004,Steve Nash-2004,0.0,Not Selected,Guard,DAL,0.04373423044575273
2003-04,Rasho Nesterović,nestera01,C,27,SAS,82,82,2353,7.5,16.0,0.469,0.0,0.0,0.0,7.5,16.0,0.469,1.2,2.6,0.474,5.9,8.6,14.5,2.6,1.2,3.8,2.4,5.6,16.2,101.0,92.0,2004,Rasho Nesterović-2004,0.0,Not Selected,Center,SAS,0.0479394449116905
2003-04,Ira Newble,newblir01,SF,29,CLE,64,25,1245,4.6,11.7,0.391,0.1,0.8,0.105,4.5,10.9,0.41200000000000003,1.5,2.0,0.7829999999999999,2.8,3.8,6.6,3.1,1.1,0.8,2.3,4.6,10.8,91.0,108.0,2004,Ira Newble-2004,0.0,Not Selected,Forward,CLE,0.02943650126156434
2003-04,Moochie Norris,norrimo01,PG,30,TOT,66,0,847,5.1,13.9,0.369,1.3,3.7,0.345,3.8,10.2,0.377,3.4,4.5,0.7609999999999999,0.6,3.5,4.2,7.7,2.8,0.3,4.1,3.3,14.9,93.0,102.0,2004,Moochie Norris-2004,0.0,Not Selected,Guard,TOT,0.03333333333333333
2003-04,Dirk Nowitzki,nowitdi01,C,25,DAL,77,77,2915,10.7,23.1,0.462,1.7,5.1,0.341,8.9,18.0,0.496,6.6,7.5,0.877,1.6,10.2,11.8,3.7,1.6,1.8,2.4,3.8,29.7,116.0,104.0,2004,Dirk Nowitzki-2004,3.0,3rd,Forward,DAL,0.04373423044575273
2003-04,Jermaine O'Neal,onealje01,PF,25,IND,78,78,2788,12.0,27.5,0.434,0.0,0.4,0.111,11.9,27.2,0.43799999999999994,6.8,9.1,0.757,3.8,11.5,15.3,3.2,1.2,3.9,3.6,4.9,30.8,100.0,93.0,2004,Jermaine O'Neal-2004,2.0,2nd,Forward,IND,0.051303616484440706
2003-04,Shaquille O'Neal,onealsh01,C,31,LAL,67,67,2464,11.7,20.0,0.584,0.0,0.0,0.0,11.7,20.0,0.584,7.0,14.3,0.49,5.2,11.0,16.2,4.1,0.7,3.5,4.1,4.7,30.4,109.0,98.0,2004,Shaquille O'Neal-2004,1.0,1st,Center,LAL,0.04709840201850295
2003-04,Charles Oakley,oaklech01,PF,40,HOU,7,0,25,4.4,13.1,0.33299999999999996,0.0,0.0,0.0,4.4,13.1,0.33299999999999996,10.9,13.1,0.833,0.0,10.9,10.9,4.4,0.0,0.0,2.2,17.5,19.7,110.0,100.0,2004,Charles Oakley-2004,0.0,Not Selected,Forward,HOU,0.03784693019343986
2003-04,Lamar Odom,odomla01,PF,24,MIA,80,80,3003,8.8,20.5,0.43,1.1,3.7,0.298,7.7,16.8,0.46,6.2,8.3,0.742,2.9,11.2,14.1,5.9,1.5,1.3,4.3,5.0,24.9,102.0,98.0,2004,Lamar Odom-2004,0.0,Not Selected,Forward,MIA,0.03532380151387721
2003-04,Mehmet Okur,okurme01,PF,24,DET,71,33,1580,8.7,18.7,0.46299999999999997,0.6,1.7,0.375,8.1,17.1,0.47200000000000003,5.6,7.2,0.775,5.5,9.0,14.6,2.4,1.2,2.2,3.5,4.8,23.6,107.0,95.0,2004,Mehmet Okur-2004,0.0,Not Selected,Forward,DET,0.045416316232127836
2003-04,Kevin Ollie,ollieke01,PG,31,CLE,82,7,1401,3.6,9.7,0.37,0.2,0.3,0.444,3.4,9.4,0.36700000000000005,5.5,6.6,0.835,0.9,5.5,6.4,8.8,1.9,0.3,3.1,4.5,12.9,106.0,106.0,2004,Kevin Ollie-2004,0.0,Not Selected,Guard,CLE,0.02943650126156434
2003-04,Michael Olowokandi,olowomi01,C,28,MIN,43,25,925,7.1,16.6,0.425,0.0,0.0,0.0,7.1,16.6,0.425,2.1,3.6,0.59,4.5,9.7,14.3,1.4,0.9,4.0,3.1,8.0,16.2,90.0,96.0,2004,Michael Olowokandi-2004,0.0,Not Selected,Center,MIN,0.04878048780487805
2003-04,Greg Ostertag,ostergr01,C,30,UTA,78,51,2153,5.4,11.3,0.47600000000000003,0.0,0.0,0.0,5.4,11.2,0.47700000000000004,2.9,5.0,0.579,5.7,9.2,14.9,3.2,0.8,3.6,2.5,5.9,13.6,106.0,101.0,2004,Greg Ostertag-2004,0.0,Not Selected,Center,UTA,0.03532380151387721
2003-04,Bo Outlaw,outlabo01,PF,32,MEM,82,1,1606,5.2,10.2,0.51,0.0,0.1,0.0,5.2,10.1,0.516,2.0,3.8,0.526,4.1,7.1,11.2,2.9,2.4,2.3,2.3,5.6,12.4,106.0,100.0,2004,Bo Outlaw-2004,0.0,Not Selected,Forward,MEM,0.04205214465937763
2003-04,Travis Outlaw,outlatr01,PF,19,POR,8,0,19,8.8,20.5,0.429,0.0,0.0,0.0,8.8,20.5,0.429,5.9,11.7,0.5,5.9,5.9,11.7,2.9,2.9,0.0,2.9,2.9,23.4,98.0,104.0,2004,Travis Outlaw-2004,0.0,Not Selected,Forward,POR,0.034482758620689655
2003-04,Doug Overton,overtdo01,PG,34,TOT,61,11,1033,5.1,12.5,0.40399999999999997,0.2,1.2,0.13,4.9,11.3,0.43200000000000005,1.2,1.6,0.742,0.8,3.6,4.4,7.1,1.3,0.1,3.0,4.5,11.4,92.0,112.0,2004,Doug Overton-2004,0.0,Not Selected,Guard,TOT,0.03333333333333333
2003-04,Zaza Pachulia,pachuza01,C,19,ORL,59,2,664,5.4,13.9,0.389,0.0,0.0,0.0,5.4,13.9,0.389,4.6,7.2,0.644,5.5,8.4,13.8,1.0,1.7,1.0,2.7,6.9,15.4,96.0,108.0,2004,Zaza Pachulia-2004,0.0,Not Selected,Center,ORL,0.017661900756938603
2003-04,Robert Pack,packro01,PG,34,NJN,26,0,220,5.4,12.7,0.423,0.0,0.0,0.0,5.4,12.7,0.423,1.2,1.5,0.833,1.0,3.4,4.4,6.6,2.9,0.2,3.9,4.9,12.0,85.0,99.0,2004,Robert Pack-2004,0.0,Not Selected,Guard,BRK,0.03952901597981497
2003-04,Scott Padgett,padgesc01,PF,27,HOU,58,5,547,7.4,16.7,0.44299999999999995,2.8,6.5,0.431,4.6,10.2,0.451,2.4,3.2,0.75,4.6,9.3,13.9,2.3,1.2,1.3,2.2,7.3,20.0,112.0,98.0,2004,Scott Padgett-2004,0.0,Not Selected,Forward,HOU,0.03784693019343986
2003-04,Milt Palacio,palacmi01,PG,25,TOR,59,13,1211,4.8,13.6,0.349,0.2,1.2,0.154,4.6,12.4,0.368,2.1,3.1,0.662,0.7,4.0,4.7,8.4,1.9,0.5,4.0,4.1,11.7,81.0,103.0,2004,Milt Palacio-2004,0.0,Not Selected,Guard,TOR,0.027754415475189236
2003-04,Jannero Pargo,pargoja01,PG,24,TOT,31,1,479,8.9,21.8,0.40700000000000003,2.4,6.8,0.355,6.5,15.0,0.431,2.5,3.0,0.852,0.9,3.2,4.1,7.7,1.4,0.7,5.2,5.5,22.7,92.0,106.0,2004,Jannero Pargo-2004,0.0,Not Selected,Guard,TOT,0.03333333333333333
2003-04,Tony Parker,parketo01,PG,21,SAS,75,75,2577,8.8,19.8,0.447,1.3,4.2,0.312,7.5,15.6,0.483,4.0,5.7,0.7020000000000001,0.9,4.1,4.9,8.6,1.3,0.1,3.7,3.1,22.9,104.0,99.0,2004,Tony Parker-2004,0.0,Not Selected,Guard,SAS,0.0479394449116905
2003-04,Cherokee Parks,parksch02,C,31,GSW,12,0,64,3.3,8.4,0.4,0.0,0.0,0.0,3.3,8.4,0.4,3.3,5.0,0.667,3.3,5.0,8.4,0.8,0.0,2.5,1.7,5.8,10.0,100.0,107.0,2004,Cherokee Parks-2004,0.0,Not Selected,Center,GSW,0.031118587047939444
2003-04,Ruben Patterson,patteru01,SF,28,POR,73,1,1651,6.7,13.3,0.506,0.1,0.4,0.16699999999999998,6.7,12.9,0.517,3.5,6.4,0.5529999999999999,4.3,4.7,9.0,4.7,2.8,0.7,3.5,5.1,17.1,104.0,105.0,2004,Ruben Patterson-2004,0.0,Not Selected,Forward,POR,0.034482758620689655
2003-04,Sasha Pavlović,pavloal01,SF,20,UTA,79,14,1144,7.2,18.2,0.396,0.9,3.4,0.271,6.3,14.8,0.425,3.2,4.1,0.774,2.1,5.6,7.7,2.9,2.0,0.8,3.2,9.1,18.5,94.0,104.0,2004,Sasha Pavlović-2004,0.0,Not Selected,Forward,UTA,0.03532380151387721
2003-04,Gary Payton,paytoga01,PG,35,LAL,82,82,2825,8.9,18.9,0.47100000000000003,1.0,3.0,0.33299999999999996,7.9,15.8,0.49700000000000005,3.3,4.6,0.7140000000000001,1.3,5.0,6.3,8.3,1.8,0.3,2.8,3.1,22.1,109.0,103.0,2004,Gary Payton-2004,0.0,Not Selected,Guard,LAL,0.04709840201850295
2003-04,Anthony Peeler,peelean01,SG,34,SAC,75,0,1391,5.8,12.9,0.44799999999999995,2.5,5.2,0.48200000000000004,3.3,7.7,0.425,1.9,2.3,0.836,1.2,4.5,5.7,4.5,2.1,0.4,2.9,3.8,16.0,106.0,106.0,2004,Anthony Peeler-2004,0.0,Not Selected,Guard,SAC,0.04625735912531539
2003-04,Desmond Penigar,penigde01,PF,22,ORL,10,0,89,8.3,16.6,0.5,0.0,0.0,0.0,8.3,16.6,0.5,2.4,2.4,1.0,3.6,10.7,14.2,1.8,1.2,1.2,3.6,8.3,19.0,100.0,107.0,2004,Desmond Penigar-2004,0.0,Not Selected,Forward,ORL,0.017661900756938603
2003-04,Kirk Penney,penneki01,SG,23,MIA,2,0,18,3.0,18.2,0.16699999999999998,3.0,9.1,0.33299999999999996,0.0,9.1,0.0,0.0,0.0,0.0,0.0,3.0,3.0,3.0,3.0,0.0,9.1,3.0,9.1,40.0,102.0,2004,Kirk Penney-2004,0.0,Not Selected,Guard,MIA,0.03532380151387721
2003-04,Kendrick Perkins,perkike01,C,19,BOS,10,0,35,11.8,22.1,0.5329999999999999,0.0,0.0,0.0,11.8,22.1,0.5329999999999999,8.8,13.2,0.667,7.4,13.2,20.6,4.4,0.0,2.9,7.4,8.8,32.4,103.0,101.0,2004,Kendrick Perkins-2004,0.0,Not Selected,Center,BOS,0.030277544154751892
2003-04,Wesley Person,persowe01,SG,32,TOT,58,0,1037,6.6,16.5,0.401,2.9,7.2,0.39899999999999997,3.7,9.2,0.40299999999999997,1.6,2.0,0.795,0.8,5.3,6.1,3.5,1.0,0.5,2.0,2.0,17.7,103.0,108.0,2004,Wesley Person-2004,0.0,Not Selected,Guard,TOT,0.03333333333333333
2003-04,Morris Peterson,petermo01,SF,26,TOR,82,29,2148,6.1,15.1,0.405,3.2,8.8,0.371,2.9,6.4,0.45299999999999996,2.0,2.4,0.809,0.9,5.8,6.7,2.9,2.3,0.4,1.8,5.3,17.5,105.0,101.0,2004,Morris Peterson-2004,0.0,Not Selected,Forward,TOR,0.027754415475189236
2003-04,Eric Piatkowski,piatker01,SF,33,HOU,49,0,703,5.6,14.8,0.377,3.3,9.5,0.35200000000000004,2.3,5.4,0.42,1.1,1.2,0.875,0.8,4.9,5.7,2.0,1.2,0.4,2.3,3.3,15.6,97.0,102.0,2004,Eric Piatkowski-2004,0.0,Not Selected,Forward,HOU,0.03784693019343986
2003-04,Paul Pierce,piercpa01,SG,26,BOS,80,80,3099,10.0,24.9,0.402,1.9,6.4,0.299,8.1,18.5,0.43799999999999994,8.6,10.5,0.8190000000000001,1.1,7.5,8.7,6.8,2.2,0.9,5.0,3.9,30.5,101.0,103.0,2004,Paul Pierce-2004,0.0,Not Selected,Guard,BOS,0.030277544154751892
2003-04,Mickaël Piétrus,pietrmi01,PG,21,GSW,53,22,748,6.9,16.5,0.41600000000000004,2.5,7.5,0.33299999999999996,4.4,9.0,0.484,3.7,5.4,0.693,3.4,5.1,8.5,1.9,2.3,0.9,2.9,7.1,19.9,104.0,104.0,2004,Mickaël Piétrus-2004,0.0,Not Selected,Guard,GSW,0.031118587047939444
2003-04,Scottie Pippen,pippesc01,SF,38,CHI,23,6,412,6.7,17.7,0.379,1.6,6.1,0.271,5.1,11.6,0.435,2.1,3.4,0.63,2.5,6.1,8.6,6.3,2.7,1.1,3.7,4.8,17.2,92.0,102.0,2004,Scottie Pippen-2004,0.0,Not Selected,Forward,CHI,0.01934398654331371
2003-04,Zoran Planinić,planizo01,SG,21,NJN,49,1,473,6.0,14.6,0.41100000000000003,1.0,3.6,0.281,5.0,11.0,0.45399999999999996,4.3,6.8,0.633,1.6,4.7,6.2,7.7,1.5,0.3,4.1,7.9,17.4,96.0,101.0,2004,Zoran Planinić-2004,0.0,Not Selected,Guard,BRK,0.03952901597981497
2003-04,Scot Pollard,pollasc01,C,28,IND,61,3,678,3.8,9.2,0.41200000000000003,0.0,0.0,0.0,3.8,9.2,0.41200000000000003,1.0,1.7,0.5710000000000001,5.4,7.8,13.3,0.8,1.9,2.1,1.8,8.9,8.6,96.0,96.0,2004,Scot Pollard-2004,0.0,Not Selected,Center,IND,0.051303616484440706
2003-04,Olden Polynice,polynol01,C,39,LAC,2,0,12,0.0,0.0,0.0,0.0,0.0,0.0,0.0,0.0,0.0,0.0,0.0,0.0,4.4,4.4,8.8,4.4,4.4,0.0,17.6,8.8,0.0,22.0,105.0,2004,Olden Polynice-2004,0.0,Not Selected,Center,LAC,0.023549201009251473
2003-04,Mark Pope,popema01,PF,31,DEN,4,0,20,2.6,5.1,0.5,0.0,0.0,0.0,2.6,5.1,0.5,0.0,2.6,0.0,0.0,7.7,7.7,0.0,2.6,0.0,7.7,20.6,5.1,32.0,101.0,2004,Mark Pope-2004,0.0,Not Selected,Forward,DEN,0.03616484440706476
2003-04,James Posey,poseyja01,SG,27,MEM,82,82,2451,7.9,16.5,0.478,2.4,6.2,0.386,5.5,10.3,0.5329999999999999,6.0,7.2,0.83,2.0,6.7,8.6,2.6,2.9,0.9,2.4,5.3,24.1,119.0,101.0,2004,James Posey-2004,0.0,Not Selected,Guard,MEM,0.04205214465937763
2003-04,Vitaly Potapenko,potapvi01,C,28,SEA,65,39,1419,7.5,15.4,0.489,0.0,0.0,0.0,7.5,15.4,0.489,2.2,3.5,0.6409999999999999,3.8,7.1,10.9,2.0,0.8,1.1,2.9,6.1,17.3,100.0,110.0,2004,Vitaly Potapenko-2004,0.0,Not Selected,Center,OKC,0.031118587047939444
2003-04,Tayshaun Prince,princta01,SF,23,DET,82,80,2701,6.8,14.6,0.467,1.2,3.2,0.363,5.7,11.4,0.496,2.2,2.9,0.7659999999999999,1.9,6.0,7.9,3.9,1.3,1.4,2.4,3.0,17.0,106.0,98.0,2004,Tayshaun Prince-2004,0.0,Not Selected,Forward,DET,0.045416316232127836
2003-04,Joel Przybilla,przybjo01,C,24,TOT,17,12,347,2.7,7.6,0.36,0.0,0.0,0.0,2.7,7.6,0.36,2.0,4.7,0.419,4.9,12.0,16.9,1.1,0.8,2.6,2.7,8.1,7.5,82.0,103.0,2004,Joel Przybilla-2004,0.0,Not Selected,Center,TOT,0.03333333333333333
2003-04,Vladimir Radmanović,radmavl01,PF,23,SEA,77,38,2321,7.9,18.7,0.425,3.2,8.7,0.371,4.7,10.0,0.47100000000000003,2.2,2.9,0.748,2.4,6.9,9.3,3.3,1.8,1.0,2.5,4.3,21.3,106.0,108.0,2004,Vladimir Radmanović-2004,0.0,Not Selected,Forward,OKC,0.031118587047939444
2003-04,Zach Randolph,randoza01,PF,22,POR,81,80,3067,12.0,24.8,0.485,0.0,0.1,0.2,12.0,24.7,0.486,5.4,7.1,0.7609999999999999,4.4,11.1,15.4,3.0,1.2,0.7,4.5,4.1,29.5,103.0,104.0,2004,Zach Randolph-2004,0.0,Not Selected,Forward,POR,0.034482758620689655
2003-04,Theo Ratliff,ratlith01,C,30,TOT,85,83,2664,5.4,11.1,0.485,0.0,0.0,0.0,5.4,11.1,0.485,2.8,4.4,0.645,3.9,8.5,12.4,1.4,1.1,6.2,2.4,6.1,13.6,102.0,101.0,2004,Theo Ratliff-2004,0.0,Not Selected,Center,TOT,0.03333333333333333
2003-04,Željko Rebrača,rebraze01,C,31,TOT,24,2,273,6.8,15.3,0.442,0.0,0.0,0.0,6.8,15.3,0.442,4.6,6.0,0.767,4.6,7.0,11.5,1.2,1.0,2.2,3.4,10.3,18.1,98.0,98.0,2004,Željko Rebrača-2004,0.0,Not Selected,Center,TOT,0.03333333333333333
2003-04,Michael Redd,reddmi01,SG,24,MIL,82,82,3021,11.0,25.0,0.44,2.2,6.3,0.35,8.8,18.7,0.47,6.6,7.7,0.868,2.0,5.0,7.1,3.2,1.4,0.1,2.0,2.6,30.8,113.0,108.0,2004,Michael Redd-2004,3.0,3rd,Guard,MIL,0.034482758620689655
2003-04,Glen Rice,ricegl01,SF,36,LAC,18,0,262,4.4,15.3,0.289,1.0,5.6,0.179,3.4,9.7,0.354,3.4,3.4,1.0,1.8,6.4,8.3,4.8,1.2,0.0,2.6,4.4,13.3,90.0,110.0,2004,Glen Rice-2004,0.0,Not Selected,Forward,LAC,0.023549201009251473
2003-04,Jason Richardson,richaja01,SG,23,GSW,78,78,2936,10.3,23.4,0.43799999999999994,1.4,5.0,0.282,8.8,18.4,0.48100000000000004,4.7,6.9,0.684,2.3,7.3,9.5,4.1,1.6,0.7,3.6,3.3,26.6,100.0,104.0,2004,Jason Richardson-2004,0.0,Not Selected,Guard,GSW,0.031118587047939444
2003-04,Quentin Richardson,richaqu01,SG,23,LAC,65,64,2338,9.6,24.1,0.39799999999999996,2.7,7.7,0.35200000000000004,6.9,16.4,0.42,3.4,4.6,0.74,3.3,6.0,9.3,3.1,1.5,0.4,3.2,2.9,25.3,101.0,110.0,2004,Quentin Richardson-2004,0.0,Not Selected,Guard,LAC,0.023549201009251473
2003-04,Luke Ridnour,ridnolu01,PG,22,SEA,69,6,1114,6.9,16.8,0.414,1.3,3.8,0.33799999999999997,5.7,12.9,0.43700000000000006,3.1,3.8,0.823,1.7,3.5,5.2,7.8,2.5,0.3,3.8,5.0,18.3,101.0,109.0,2004,Luke Ridnour-2004,0.0,Not Selected,Guard,OKC,0.031118587047939444
2003-04,Clifford Robinson,robincl02,PF,37,GSW,82,82,2846,6.9,17.8,0.387,2.1,5.9,0.35700000000000004,4.8,11.9,0.40299999999999997,2.3,3.2,0.711,1.0,5.0,6.0,5.1,1.3,1.4,3.2,4.5,18.2,94.0,105.0,2004,Clifford Robinson-2004,0.0,Not Selected,Forward,GSW,0.031118587047939444
2003-04,Eddie Robinson,robined01,SF,27,CHI,51,4,1024,8.0,16.6,0.48200000000000004,0.1,0.3,0.2,7.9,16.3,0.486,1.4,2.2,0.6509999999999999,1.4,3.9,5.3,2.9,1.7,0.5,2.3,2.9,17.4,97.0,106.0,2004,Eddie Robinson-2004,0.0,Not Selected,Forward,CHI,0.01934398654331371
2003-04,Glenn Robinson,robingl01,SF,31,PHI,42,42,1336,11.2,25.1,0.44799999999999995,1.4,4.1,0.34,9.8,21.0,0.469,4.7,5.6,0.8320000000000001,1.9,5.8,7.7,2.3,1.7,0.4,4.3,3.9,28.5,96.0,103.0,2004,Glenn Robinson-2004,0.0,Not Selected,Forward,PHI,0.027754415475189236
2003-04,Rodney Rogers,rogerro01,PF,32,NJN,69,15,1409,7.9,19.2,0.41,1.9,5.8,0.32899999999999996,6.0,13.4,0.445,2.9,3.7,0.765,3.8,7.9,11.7,5.2,2.2,1.0,3.7,7.0,20.5,97.0,96.0,2004,Rodney Rogers-2004,0.0,Not Selected,Forward,BRK,0.03952901597981497
2003-04,Sean Rooks,rooksse01,C,34,TOT,55,0,595,4.8,13.6,0.358,0.0,0.1,0.0,4.8,13.5,0.36,3.0,3.3,0.892,2.2,6.6,8.7,2.6,1.3,0.9,2.0,8.0,12.7,92.0,107.0,2004,Sean Rooks-2004,0.0,Not Selected,Center,TOT,0.03333333333333333
2003-04,Jalen Rose,roseja01,PG-SF,31,TOT,66,64,2497,8.4,20.8,0.402,1.5,4.4,0.342,6.9,16.4,0.419,4.1,5.1,0.81,0.7,5.1,5.8,7.2,1.1,0.5,4.5,4.0,22.3,93.0,104.0,2004,Jalen Rose-2004,0.0,Not Selected,Forward,TOT,0.03333333333333333
2003-04,Malik Rose,rosema01,PF,29,SAS,67,13,1256,7.4,17.3,0.428,0.0,0.1,0.0,7.4,17.2,0.431,7.8,9.6,0.813,4.7,9.0,13.7,3.0,1.5,1.0,4.8,7.0,22.7,101.0,94.0,2004,Malik Rose-2004,0.0,Not Selected,Forward,SAS,0.0479394449116905
2003-04,Michael Ruffin,ruffimi01,PF,27,UTA,41,23,733,2.9,8.8,0.325,0.0,0.0,0.0,2.9,8.8,0.325,1.2,2.9,0.42100000000000004,5.9,9.8,15.7,3.1,1.7,1.6,3.2,7.8,7.0,82.0,101.0,2004,Michael Ruffin-2004,0.0,Not Selected,Forward,UTA,0.03532380151387721
2003-04,Kareem Rush,rushka01,SG,23,LAL,72,15,1244,7.9,18.1,0.44,2.0,5.8,0.348,5.9,12.3,0.483,1.3,2.2,0.596,0.8,3.2,4.1,2.5,1.4,0.8,2.0,4.6,19.2,98.0,105.0,2004,Kareem Rush-2004,0.0,Not Selected,Guard,LAL,0.04709840201850295
2003-04,Bryon Russell,russebr01,SF,33,LAL,72,1,945,5.4,13.4,0.402,2.4,6.2,0.384,3.0,7.3,0.41700000000000004,2.8,3.6,0.769,1.8,6.3,8.0,3.9,1.8,0.7,2.0,6.1,15.9,108.0,102.0,2004,Bryon Russell-2004,0.0,Not Selected,Forward,LAL,0.04709840201850295
2003-04,John Salmons,salmojo01,SG,24,PHI,77,24,1603,5.5,14.2,0.387,1.7,5.0,0.34,3.8,9.1,0.413,2.4,3.1,0.772,1.3,5.4,6.7,4.6,2.1,0.5,2.6,4.1,15.1,98.0,103.0,2004,John Salmons-2004,0.0,Not Selected,Guard,PHI,0.027754415475189236
2003-04,Jamal Sampson,sampsja01,C,20,LAL,10,2,130,4.4,9.2,0.478,0.0,0.0,0.0,4.4,9.2,0.478,2.8,4.8,0.583,9.2,11.6,20.8,2.8,0.8,1.6,2.4,6.4,11.6,115.0,100.0,2004,Jamal Sampson-2004,0.0,Not Selected,Center,LAL,0.04709840201850295
2003-04,Daniel Santiago,santida01,C,27,MIL,54,28,708,5.8,12.1,0.479,0.0,0.0,0.0,5.8,12.1,0.479,4.5,6.7,0.6779999999999999,2.6,7.2,9.8,1.8,1.4,1.6,2.4,7.3,16.1,104.0,105.0,2004,Daniel Santiago-2004,0.0,Not Selected,Center,MIL,0.034482758620689655
2003-04,Brian Scalabrine,scalabr01,PF,25,NJN,69,2,928,5.0,12.6,0.39399999999999996,0.6,2.4,0.244,4.4,10.2,0.429,3.4,4.0,0.8290000000000001,2.4,7.6,10.0,3.8,1.2,0.8,2.4,6.5,13.9,98.0,99.0,2004,Brian Scalabrine-2004,0.0,Not Selected,Forward,BRK,0.03952901597981497
2003-04,Ansu Sesay,sesayan01,SF,27,SEA,57,2,583,7.4,16.3,0.455,0.5,1.9,0.28600000000000003,6.9,14.4,0.478,2.9,4.2,0.696,3.9,4.5,8.4,1.7,1.7,1.8,2.1,6.0,18.3,105.0,109.0,2004,Ansu Sesay-2004,0.0,Not Selected,Forward,OKC,0.031118587047939444
2003-04,Paul Shirley,shirlpa01,PF,26,CHI,7,0,86,6.1,13.9,0.435,0.0,0.6,0.0,6.1,13.3,0.455,0.6,1.8,0.33299999999999996,4.8,4.8,9.7,2.4,0.6,0.6,5.4,5.4,12.7,76.0,108.0,2004,Paul Shirley-2004,0.0,Not Selected,Forward,CHI,0.01934398654331371
2003-04,Bobby Simmons,simmobo01,SF,23,LAC,56,8,1376,5.6,14.3,0.39399999999999996,0.1,0.5,0.16699999999999998,5.6,13.8,0.402,5.4,6.5,0.8340000000000001,4.4,5.6,10.0,3.7,2.0,0.7,2.8,6.5,16.8,105.0,109.0,2004,Bobby Simmons-2004,0.0,Not Selected,Forward,LAC,0.023549201009251473
2003-04,Brian Skinner,skinnbr01,C,27,MIL,56,54,1577,8.5,17.1,0.49700000000000005,0.0,0.0,0.0,8.5,17.1,0.49700000000000005,2.6,4.6,0.5720000000000001,4.0,9.7,13.7,1.6,1.0,2.0,2.6,5.5,19.6,101.0,103.0,2004,Brian Skinner-2004,0.0,Not Selected,Center,MIL,0.034482758620689655
2003-04,Tamar Slay,slayta01,SG,23,NJN,22,0,165,6.8,19.5,0.35,1.3,3.9,0.33299999999999996,5.5,15.6,0.354,2.3,4.6,0.5,3.3,4.9,8.1,4.6,2.3,0.3,3.6,6.5,17.2,83.0,99.0,2004,Tamar Slay-2004,0.0,Not Selected,Guard,BRK,0.03952901597981497
2003-04,Jabari Smith,smithja01,C,26,SAC,31,0,168,8.0,21.6,0.371,0.0,0.9,0.0,8.0,20.6,0.38799999999999996,3.7,6.2,0.6,3.4,6.2,9.5,3.4,0.6,1.8,2.2,7.7,19.7,90.0,107.0,2004,Jabari Smith-2004,0.0,Not Selected,Center,SAC,0.04625735912531539
2003-04,Joe Smith,smithjo02,PF,28,MIL,76,76,2254,7.2,16.5,0.439,0.0,0.1,0.2,7.2,16.3,0.441,4.8,5.6,0.8590000000000001,5.3,9.6,15.0,1.8,1.1,2.2,1.9,4.9,19.3,110.0,103.0,2004,Joe Smith-2004,0.0,Not Selected,Forward,MIL,0.034482758620689655
2003-04,Leon Smith,smithle01,C,23,SEA,1,0,4,13.3,26.7,0.5,0.0,0.0,0.0,13.3,26.7,0.5,0.0,0.0,0.0,13.3,13.3,26.7,0.0,0.0,0.0,0.0,13.3,26.7,120.0,107.0,2004,Leon Smith-2004,0.0,Not Selected,Center,OKC,0.031118587047939444
2003-04,Steve Smith,smithst01,SG,34,NOH,71,4,929,6.9,17.0,0.406,2.5,6.2,0.402,4.4,10.8,0.409,4.5,4.8,0.9279999999999999,1.6,3.1,4.7,3.2,0.9,0.3,2.4,5.3,20.8,110.0,108.0,2004,Steve Smith-2004,0.0,Not Selected,Guard,NOP,0.034482758620689655
2003-04,Theron Smith,smithth01,SF,23,MEM,20,0,178,4.7,12.7,0.37200000000000005,1.8,3.5,0.5,3.0,9.2,0.32299999999999995,1.8,2.4,0.75,3.8,8.3,12.1,2.1,1.5,1.5,4.1,5.3,13.0,87.0,102.0,2004,Theron Smith-2004,0.0,Not Selected,Forward,MEM,0.04205214465937763
2003-04,Eric Snow,snower01,PG,30,PHI,82,82,2966,5.4,13.1,0.413,0.0,0.3,0.111,5.4,12.8,0.42,4.6,5.8,0.797,1.1,4.0,5.2,10.3,1.8,0.1,3.4,3.9,15.5,104.0,105.0,2004,Eric Snow-2004,0.0,Not Selected,Guard,PHI,0.027754415475189236
2003-04,Darius Songaila,songada01,PF,25,SAC,73,7,976,7.0,14.5,0.48700000000000004,0.0,0.0,0.0,7.0,14.5,0.48700000000000004,3.8,4.7,0.807,4.8,7.1,11.9,2.5,2.2,0.6,2.3,6.7,17.9,112.0,104.0,2004,Darius Songaila-2004,0.0,Not Selected,Forward,SAC,0.04625735912531539
2003-04,Latrell Sprewell,sprewla01,SF,33,MIN,82,82,3100,9.0,22.0,0.409,1.7,5.2,0.331,7.3,16.8,0.433,4.2,5.1,0.8140000000000001,1.0,4.4,5.4,5.0,1.5,0.4,2.7,1.8,23.9,100.0,103.0,2004,Latrell Sprewell-2004,0.0,Not Selected,Forward,MIN,0.04878048780487805
2003-04,Jerry Stackhouse,stackje01,SF,29,WAS,26,17,774,8.6,21.6,0.39899999999999997,1.5,4.4,0.354,7.1,17.2,0.41,5.6,6.9,0.8059999999999999,1.1,5.2,6.3,6.9,1.6,0.2,5.9,3.3,24.3,93.0,107.0,2004,Jerry Stackhouse-2004,0.0,Not Selected,Forward,WAS,0.021026072329688814
2003-04,Vladimir Stepania,stepavl01,C,27,POR,42,2,453,5.3,12.7,0.41700000000000004,0.0,0.0,0.0,5.3,12.7,0.41700000000000004,2.7,4.4,0.611,6.1,9.2,15.4,2.8,1.4,1.8,2.3,7.5,13.3,102.0,103.0,2004,Vladimir Stepania-2004,0.0,Not Selected,Center,POR,0.034482758620689655
2003-04,DeShawn Stevenson,stevede01,SG-SF,22,TOT,80,78,2444,8.4,19.4,0.43200000000000005,0.4,1.6,0.268,7.9,17.8,0.446,3.1,4.5,0.6759999999999999,1.8,4.9,6.6,3.5,1.2,0.4,2.7,3.1,20.2,98.0,109.0,2004,DeShawn Stevenson-2004,0.0,Not Selected,Forward,TOT,0.03333333333333333
2003-04,Michael Stewart,stewami01,C-PF,28,TOT,25,2,147,1.8,4.3,0.41700000000000004,0.0,0.0,0.0,1.8,4.3,0.41700000000000004,1.1,1.4,0.75,2.8,7.5,10.3,0.0,0.7,3.6,1.1,12.1,4.6,99.0,103.0,2004,Michael Stewart-2004,0.0,Not Selected,Forward,TOT,0.03333333333333333
2003-04,Peja Stojaković,stojape01,SF,26,SAC,81,81,3264,10.5,22.0,0.48,3.8,8.8,0.433,6.7,13.2,0.511,6.2,6.7,0.927,1.4,6.6,8.1,2.7,1.7,0.2,2.4,2.5,31.1,120.0,106.0,2004,Peja Stojaković-2004,2.0,2nd,Forward,SAC,0.04625735912531539
2003-04,Damon Stoudamire,stoudda01,PG,30,POR,82,82,3118,7.3,18.2,0.401,2.8,7.6,0.365,4.5,10.6,0.426,2.3,2.6,0.8759999999999999,0.9,4.6,5.5,8.9,1.8,0.2,3.2,3.1,19.6,107.0,108.0,2004,Damon Stoudamire-2004,0.0,Not Selected,Guard,POR,0.034482758620689655
2003-04,Amar'e Stoudemire,stoudam01,PF,21,PHO,55,53,2025,10.5,22.1,0.475,0.0,0.1,0.2,10.5,22.0,0.47700000000000004,7.9,11.1,0.713,4.0,8.7,12.7,2.0,1.6,2.3,4.5,4.8,29.0,102.0,103.0,2004,Amar'e Stoudemire-2004,0.0,Not Selected,Forward,PHO,0.024390243902439025
2003-04,Erick Strickland,stricer01,PG,30,MIL,43,0,571,7.3,18.0,0.40299999999999997,2.7,6.1,0.439,4.6,11.9,0.385,4.0,4.7,0.863,1.2,5.3,6.5,8.3,2.4,0.2,5.0,5.8,21.2,100.0,105.0,2004,Erick Strickland-2004,0.0,Not Selected,Guard,MIL,0.034482758620689655
2003-04,Rod Strickland,stricro02,PG,37,TOT,61,10,1197,6.7,15.7,0.425,0.4,1.6,0.278,6.2,14.1,0.442,3.2,4.4,0.735,1.5,5.4,6.9,10.9,1.6,0.5,3.8,3.4,17.0,101.0,109.0,2004,Rod Strickland-2004,0.0,Not Selected,Guard,TOT,0.03333333333333333
2003-04,Bruno Šundov,sundobr01,C,23,TOT,5,0,33,6.4,16.0,0.4,0.0,0.0,0.0,6.4,16.0,0.4,4.8,9.6,0.5,3.2,12.8,16.0,1.6,0.0,0.0,4.8,14.4,17.6,81.0,104.0,2004,Bruno Šundov-2004,0.0,Not Selected,Center,TOT,0.03333333333333333
2003-04,Bob Sura,surabo01,SG,30,TOT,80,18,1663,6.5,15.6,0.41600000000000004,0.7,2.5,0.266,5.8,13.1,0.446,5.5,7.3,0.757,3.2,7.3,10.5,7.5,2.0,0.5,3.4,5.1,19.2,107.0,102.0,2004,Bob Sura-2004,0.0,Not Selected,Guard,TOT,0.03333333333333333
2003-04,Mike Sweetney,sweetmi01,PF,21,NYK,42,1,494,7.5,15.2,0.493,0.0,0.1,0.0,7.5,15.1,0.496,4.6,6.3,0.7240000000000001,7.4,9.7,17.0,1.5,2.0,1.3,3.5,6.2,19.5,107.0,101.0,2004,Mike Sweetney-2004,0.0,Not Selected,Forward,NYK,0.03280067283431455
2003-04,Stromile Swift,swiftst01,PF,24,MEM,77,10,1528,9.2,19.6,0.469,0.0,0.1,0.25,9.2,19.5,0.47100000000000003,6.5,9.0,0.725,4.8,8.1,13.0,1.3,1.9,4.1,3.0,6.5,25.0,106.0,99.0,2004,Stromile Swift-2004,0.0,Not Selected,Forward,MEM,0.04205214465937763
2003-04,Wally Szczerbiak,szczewa02,SF,26,MIN,28,0,622,9.2,20.5,0.449,1.7,4.0,0.435,7.5,16.5,0.45299999999999996,4.6,5.6,0.828,2.1,5.6,7.6,2.9,1.0,0.1,2.4,3.6,24.7,107.0,103.0,2004,Wally Szczerbiak-2004,0.0,Not Selected,Forward,MIN,0.04878048780487805
2003-04,Maurice Taylor,tayloma01,PF,27,HOU,75,10,2081,9.6,20.1,0.48,0.0,0.1,0.0,9.6,20.0,0.48100000000000004,3.4,4.6,0.736,3.4,6.6,10.1,2.8,1.1,1.2,3.9,6.6,22.6,98.0,100.0,2004,Maurice Taylor-2004,0.0,Not Selected,Forward,HOU,0.03784693019343986
2003-04,Jason Terry,terryja01,PG,26,ATL,81,78,3018,8.7,20.9,0.41700000000000004,2.6,7.4,0.34700000000000003,6.2,13.6,0.455,3.8,4.6,0.8270000000000001,0.9,5.0,5.9,7.7,2.2,0.3,4.0,3.4,23.8,103.0,107.0,2004,Jason Terry-2004,0.0,Not Selected,Guard,ATL,0.023549201009251473
2003-04,Etan Thomas,thomaet01,C,25,WAS,79,15,1901,7.0,14.4,0.489,0.0,0.0,0.0,7.0,14.4,0.489,5.2,8.1,0.647,5.0,9.4,14.5,1.9,1.0,3.4,3.1,6.0,19.3,106.0,102.0,2004,Etan Thomas-2004,0.0,Not Selected,Center,WAS,0.021026072329688814
2003-04,Kenny Thomas,thomake01,PF,26,PHI,74,72,2699,7.7,16.4,0.469,0.0,0.1,0.2,7.7,16.3,0.47,4.9,6.5,0.752,5.3,9.9,15.2,2.2,1.7,0.7,3.5,4.4,20.3,103.0,100.0,2004,Kenny Thomas-2004,0.0,Not Selected,Forward,PHI,0.027754415475189236
2003-04,Kurt Thomas,thomaku01,PF,31,NYK,80,75,2548,8.2,17.4,0.473,0.0,0.1,0.0,8.2,17.4,0.475,2.2,2.7,0.835,3.1,10.9,13.9,3.1,1.2,1.7,2.8,6.3,18.7,101.0,101.0,2004,Kurt Thomas-2004,0.0,Not Selected,Forward,NYK,0.03280067283431455
2003-04,Tim Thomas,thomati01,SF,26,TOT,66,65,2089,9.2,20.6,0.446,1.8,4.9,0.376,7.3,15.7,0.46799999999999997,4.3,5.5,0.784,1.6,6.5,8.1,3.1,1.6,0.5,2.9,5.0,24.5,104.0,105.0,2004,Tim Thomas-2004,0.0,Not Selected,Forward,TOT,0.03333333333333333
2003-04,Jamaal Tinsley,tinslja01,PG,25,IND,52,43,1378,6.1,14.7,0.414,3.1,8.2,0.37200000000000005,3.0,6.5,0.466,2.0,2.7,0.731,1.1,4.3,5.4,12.1,3.3,0.7,4.4,5.3,17.2,106.0,97.0,2004,Jamaal Tinsley-2004,0.0,Not Selected,Guard,IND,0.051303616484440706
2003-04,Robert Traylor,traylro01,C,26,NOH,71,0,942,8.3,16.4,0.505,0.1,0.3,0.4,8.2,16.1,0.507,4.0,7.3,0.547,6.1,8.9,15.0,2.5,2.2,2.1,3.5,9.2,20.7,103.0,99.0,2004,Robert Traylor-2004,0.0,Not Selected,Center,NOP,0.034482758620689655
2003-04,Gary Trent,trentga01,C,29,MIN,68,2,1025,8.2,17.3,0.473,0.0,0.3,0.0,8.2,16.9,0.48100000000000004,3.6,4.8,0.758,4.4,7.0,11.4,2.6,0.6,0.9,2.8,6.8,19.9,103.0,102.0,2004,Gary Trent-2004,0.0,Not Selected,Center,MIN,0.04878048780487805
2003-04,Jeff Trepagnier,trepaje01,SG,24,DEN,11,0,96,5.4,20.4,0.263,1.1,2.1,0.5,4.3,18.2,0.235,1.6,3.2,0.5,3.2,4.8,8.0,2.1,1.6,0.0,3.2,3.7,13.4,70.0,106.0,2004,Jeff Trepagnier-2004,0.0,Not Selected,Guard,DEN,0.03616484440706476
2003-04,Cezary Trybański,trybace01,C,24,TOT,7,0,15,0.0,14.0,0.0,0.0,0.0,0.0,0.0,14.0,0.0,3.5,7.0,0.5,0.0,3.5,3.5,0.0,3.5,3.5,7.0,10.5,3.5,17.0,101.0,2004,Cezary Trybański-2004,0.0,Not Selected,Center,TOT,0.03333333333333333
2003-04,Jake Tsakalidis,tsakaja01,C,24,MEM,40,28,533,6.6,13.1,0.504,0.0,0.0,0.0,6.6,13.1,0.504,3.5,6.0,0.59,3.6,9.0,12.6,1.8,0.9,2.2,2.3,7.8,16.8,106.0,102.0,2004,Jake Tsakalidis-2004,0.0,Not Selected,Center,MEM,0.04205214465937763
2003-04,Nikoloz Tskitishvili,tskitni01,PF,20,DEN,39,0,307,6.7,20.4,0.32799999999999996,0.5,1.8,0.273,6.2,18.6,0.33299999999999996,3.9,4.9,0.7929999999999999,4.0,6.5,10.6,1.7,1.0,1.3,2.8,8.4,17.8,86.0,104.0,2004,Nikoloz Tskitishvili-2004,0.0,Not Selected,Forward,DEN,0.03616484440706476
2003-04,Hedo Türkoğlu,turkohe01,SF,24,SAS,80,44,2073,6.8,16.7,0.406,2.6,6.3,0.419,4.2,10.5,0.39899999999999997,3.0,4.2,0.708,1.3,7.9,9.3,4.0,2.1,0.8,2.4,4.3,19.2,104.0,94.0,2004,Hedo Türkoğlu-2004,0.0,Not Selected,Forward,SAS,0.0479394449116905
2003-04,Ime Udoka,udokaim01,SF,26,LAL,4,0,28,5.6,16.7,0.33299999999999996,0.0,1.9,0.0,5.6,14.9,0.375,3.7,7.4,0.5,1.9,7.4,9.3,3.7,3.7,1.9,5.6,5.6,14.9,70.0,96.0,2004,Ime Udoka-2004,0.0,Not Selected,Forward,LAL,0.04709840201850295
2003-04,Nick Van Exel,vanexni01,PG,32,GSW,39,29,1255,8.0,20.4,0.39,2.0,6.4,0.307,6.0,14.0,0.429,3.0,4.2,0.7070000000000001,0.7,3.7,4.4,8.8,0.9,0.1,3.3,2.4,20.9,99.0,109.0,2004,Nick Van Exel-2004,0.0,Not Selected,Guard,GSW,0.031118587047939444
2003-04,Keith Van Horn,vanhoke01,SF,28,TOT,72,62,2340,9.3,20.5,0.45399999999999996,2.1,5.3,0.39899999999999997,7.2,15.2,0.473,5.7,6.6,0.8590000000000001,3.4,8.0,11.4,2.7,1.5,0.8,3.8,4.9,26.4,107.0,104.0,2004,Keith Van Horn-2004,0.0,Not Selected,Forward,TOT,0.03333333333333333
2003-04,Jacque Vaughn,vaughja01,PG,28,ATL,71,6,1271,4.4,11.5,0.386,0.1,0.8,0.15,4.3,10.7,0.405,2.2,2.8,0.779,0.5,4.3,4.8,8.1,1.8,0.1,3.5,5.2,11.2,91.0,109.0,2004,Jacque Vaughn-2004,0.0,Not Selected,Guard,ATL,0.023549201009251473
2003-04,Jake Voskuhl,voskuja01,C,26,PHO,66,43,1606,4.9,9.7,0.507,0.0,0.0,0.0,4.9,9.7,0.507,4.3,5.8,0.74,4.0,7.1,11.1,1.8,1.4,0.8,2.5,8.3,14.1,111.0,106.0,2004,Jake Voskuhl-2004,0.0,Not Selected,Center,PHO,0.024390243902439025
2003-04,Slavko Vraneš,vranesl01,C,21,POR,1,0,3,0.0,18.6,0.0,0.0,0.0,0.0,0.0,18.6,0.0,0.0,0.0,0.0,0.0,0.0,0.0,0.0,0.0,0.0,0.0,18.6,0.0,0.0,114.0,2004,Slavko Vraneš-2004,0.0,Not Selected,Center,POR,0.034482758620689655
2003-04,Dwyane Wade,wadedw01,PG,22,MIA,61,56,2126,9.5,20.5,0.465,0.4,1.4,0.302,9.1,19.1,0.47700000000000004,6.0,8.0,0.747,2.2,4.2,6.3,7.1,2.2,0.9,5.0,3.6,25.4,101.0,102.0,2004,Dwyane Wade-2004,0.0,Not Selected,Guard,MIA,0.03532380151387721
2003-04,Dajuan Wagner,wagneda02,SG,20,CLE,44,4,708,8.4,22.8,0.366,2.3,6.4,0.36,6.0,16.4,0.368,2.4,3.5,0.6809999999999999,0.7,3.7,4.3,3.8,1.9,0.5,3.1,6.6,21.4,89.0,107.0,2004,Dajuan Wagner-2004,0.0,Not Selected,Guard,CLE,0.02943650126156434
2003-04,Antoine Walker,walkean02,PF,27,DAL,82,82,2840,8.8,20.5,0.428,1.5,5.5,0.26899999999999996,7.3,14.9,0.48700000000000004,1.9,3.4,0.5539999999999999,3.6,8.8,12.4,6.7,1.2,1.2,3.7,3.8,20.9,101.0,107.0,2004,Antoine Walker-2004,0.0,Not Selected,Forward,DAL,0.04373423044575273
2003-04,Samaki Walker,walkesa01,PF,27,MIA,33,0,418,5.0,12.9,0.384,0.0,0.3,0.0,5.0,12.7,0.392,3.8,5.7,0.659,5.5,9.1,14.6,0.8,1.2,1.4,2.0,7.1,13.7,98.0,100.0,2004,Samaki Walker-2004,0.0,Not Selected,Forward,MIA,0.03532380151387721
2003-04,Ben Wallace,wallabe01,C,29,DET,81,81,3050,5.6,13.4,0.42100000000000004,0.0,0.1,0.125,5.6,13.3,0.424,2.5,5.2,0.49,5.8,12.2,18.0,2.5,2.6,4.4,2.2,2.9,13.8,98.0,87.0,2004,Ben Wallace-2004,2.0,2nd,Center,DET,0.045416316232127836
2003-04,Gerald Wallace,wallage01,SF,21,SAC,37,1,337,4.9,13.7,0.36,0.0,0.3,0.0,4.9,13.4,0.368,1.7,3.7,0.45799999999999996,5.4,6.0,11.4,2.9,2.1,2.1,1.2,5.7,11.5,96.0,104.0,2004,Gerald Wallace-2004,0.0,Not Selected,Forward,SAC,0.04625735912531539
2003-04,John Wallace,wallajo01,SF,29,MIA,37,0,368,9.0,21.5,0.42100000000000004,0.7,1.9,0.385,8.3,19.6,0.424,4.6,5.9,0.775,1.8,7.0,8.7,2.1,0.7,1.2,3.6,5.6,23.4,93.0,103.0,2004,John Wallace-2004,0.0,Not Selected,Forward,MIA,0.03532380151387721
2003-04,Rasheed Wallace,wallara01,PF,29,TOT,68,66,2390,9.8,22.5,0.436,1.9,5.7,0.331,7.9,16.8,0.47200000000000003,3.6,4.9,0.736,2.4,8.3,10.6,3.6,1.4,2.8,2.8,4.4,25.2,104.0,101.0,2004,Rasheed Wallace-2004,0.0,Not Selected,Forward,TOT,0.03333333333333333
2003-04,Luke Walton,waltolu01,PF,23,LAL,72,2,730,4.6,10.9,0.425,0.9,2.8,0.33299999999999996,3.7,8.1,0.456,2.2,3.1,0.705,2.8,6.3,9.0,8.1,2.0,0.6,3.1,5.0,12.4,105.0,102.0,2004,Luke Walton-2004,0.0,Not Selected,Forward,LAL,0.04709840201850295
2003-04,Charlie Ward,wardch01,PG,33,TOT,71,10,1252,6.9,16.7,0.41,3.6,8.8,0.408,3.3,7.9,0.413,0.9,1.2,0.741,0.5,5.7,6.2,9.2,2.7,0.5,4.1,4.6,18.2,102.0,100.0,2004,Charlie Ward-2004,0.0,Not Selected,Guard,TOT,0.03333333333333333
2003-04,Earl Watson,watsoea01,PG,24,MEM,81,14,1669,5.4,14.6,0.371,0.8,3.3,0.245,4.6,11.3,0.408,2.8,4.3,0.652,1.5,4.1,5.6,12.7,2.9,0.6,4.6,5.5,14.5,95.0,103.0,2004,Earl Watson-2004,0.0,Not Selected,Guard,MEM,0.04205214465937763
2003-04,Clarence Weatherspoon,weathcl01,PF,33,TOT,52,1,868,6.5,13.2,0.493,0.0,0.1,0.0,6.5,13.2,0.495,3.3,4.5,0.736,4.6,8.1,12.8,1.9,1.9,0.9,2.2,4.7,16.4,109.0,99.0,2004,Clarence Weatherspoon-2004,0.0,Not Selected,Forward,TOT,0.03333333333333333
2003-04,Chris Webber,webbech01,PF,30,SAC,23,23,831,10.8,26.2,0.413,0.1,0.3,0.2,10.8,25.9,0.41600000000000004,5.0,7.1,0.711,3.0,9.5,12.5,6.5,1.9,1.2,3.7,4.7,26.8,96.0,102.0,2004,Chris Webber-2004,0.0,Not Selected,Forward,SAC,0.04625735912531539
2003-04,Bonzi Wells,wellsbo01,SG,27,TOT,72,27,1872,10.3,24.2,0.42700000000000005,0.6,2.0,0.319,9.7,22.2,0.43700000000000006,3.9,5.2,0.754,2.2,5.2,7.4,3.9,2.6,0.5,4.6,5.6,25.2,92.0,103.0,2004,Bonzi Wells-2004,0.0,Not Selected,Guard,TOT,0.03333333333333333
2003-04,Jiří Welsch,welscji01,SG,24,BOS,81,68,2179,6.2,14.5,0.428,1.6,4.3,0.381,4.6,10.2,0.44799999999999995,3.6,4.9,0.743,1.4,5.6,7.0,4.3,2.4,0.2,3.0,4.2,17.6,102.0,104.0,2004,Jiří Welsch-2004,0.0,Not Selected,Guard,BOS,0.030277544154751892
2003-04,David Wesley,wesleda01,SG,33,NOH,61,60,2001,8.4,21.5,0.389,2.5,7.7,0.32299999999999995,5.9,13.9,0.425,3.7,4.9,0.753,0.8,2.9,3.6,4.7,1.9,0.4,2.7,4.0,22.9,100.0,106.0,2004,David Wesley-2004,0.0,Not Selected,Guard,NOP,0.034482758620689655
2003-04,David West,westda01,PF,23,NOH,71,1,930,6.3,13.2,0.474,0.0,0.1,0.0,6.3,13.1,0.478,3.3,4.6,0.713,6.8,10.4,17.2,3.5,1.6,1.6,2.8,6.8,15.8,110.0,100.0,2004,David West-2004,0.0,Not Selected,Forward,NOP,0.034482758620689655
2003-04,Jahidi White,whiteja01,C,27,TOT,62,17,865,5.9,11.4,0.521,0.0,0.0,0.0,5.9,11.4,0.521,3.8,7.5,0.5,5.8,9.8,15.6,0.4,1.5,3.1,4.0,10.5,15.6,96.0,102.0,2004,Jahidi White-2004,0.0,Not Selected,Center,TOT,0.03333333333333333
2003-04,Rodney White,whitero02,SF,23,DEN,72,0,985,11.2,24.4,0.45899999999999996,1.7,4.5,0.379,9.5,19.9,0.478,4.1,5.4,0.75,2.3,6.3,8.6,3.1,1.7,1.0,4.1,5.5,28.2,100.0,104.0,2004,Rodney White-2004,0.0,Not Selected,Forward,DEN,0.03616484440706476
2003-04,Chris Whitney,whitnch01,PG,32,WAS,16,5,186,4.8,12.6,0.37799999999999995,2.2,5.0,0.444,2.5,7.6,0.33299999999999996,1.4,1.4,1.0,0.8,3.4,4.2,3.9,1.7,0.6,1.7,1.7,13.1,106.0,108.0,2004,Chris Whitney-2004,0.0,Not Selected,Guard,WAS,0.021026072329688814
2003-04,Chris Wilcox,wilcoch01,C,21,LAC,65,17,1340,8.9,17.2,0.521,0.0,0.0,0.0,8.9,17.1,0.522,4.1,5.9,0.7,4.9,7.1,12.0,2.0,1.1,0.8,3.2,7.2,22.0,109.0,109.0,2004,Chris Wilcox-2004,0.0,Not Selected,Center,LAC,0.023549201009251473
2003-04,Mike Wilks,wilksmi01,PG,24,HOU,26,0,145,6.4,13.6,0.47200000000000003,2.3,3.8,0.6,4.1,9.8,0.423,3.8,4.5,0.833,1.1,4.9,6.0,6.4,1.1,0.0,2.6,5.7,18.8,119.0,103.0,2004,Mike Wilks-2004,0.0,Not Selected,Guard,HOU,0.03784693019343986
2003-04,Aaron Williams,williaa01,C,32,NJN,72,7,1337,6.9,13.7,0.503,0.0,0.1,0.33299999999999996,6.9,13.6,0.504,4.2,6.2,0.677,4.1,7.7,11.8,3.3,1.4,1.8,3.6,7.5,18.1,102.0,98.0,2004,Aaron Williams-2004,0.0,Not Selected,Center,BRK,0.03952901597981497
2003-04,Alvin Williams,willial02,SG,29,TOR,56,54,1730,6.4,15.9,0.405,0.8,2.8,0.292,5.6,13.0,0.43,2.1,2.7,0.7759999999999999,0.6,4.2,4.8,7.2,1.8,0.3,2.5,3.6,15.8,96.0,103.0,2004,Alvin Williams-2004,0.0,Not Selected,Guard,TOR,0.027754415475189236
2003-04,Eric Williams,willier01,SF,31,TOT,71,36,1886,6.4,16.6,0.386,1.0,3.5,0.276,5.5,13.1,0.41600000000000004,6.0,7.9,0.76,1.8,6.1,8.0,3.3,1.9,0.3,2.4,5.0,19.8,102.0,105.0,2004,Eric Williams-2004,0.0,Not Selected,Forward,TOT,0.03333333333333333
2003-04,Frank Williams,willifr02,PG,23,NYK,56,3,714,6.0,15.6,0.385,1.4,4.5,0.3,4.7,11.1,0.419,3.1,3.6,0.8540000000000001,0.6,3.4,4.0,9.1,1.9,0.5,4.7,4.4,16.4,93.0,106.0,2004,Frank Williams-2004,0.0,Not Selected,Guard,NYK,0.03280067283431455
2003-04,Jason Williams,willija02,PG,28,MEM,72,68,2115,7.2,17.7,0.40700000000000003,3.0,9.0,0.33,4.2,8.7,0.48700000000000004,2.0,2.4,0.8370000000000001,0.6,3.0,3.7,12.2,2.3,0.1,3.4,2.4,19.4,109.0,106.0,2004,Jason Williams-2004,0.0,Not Selected,Guard,MEM,0.04205214465937763
2003-04,Jerome Williams,willije01,PF,30,TOT,68,44,1637,5.1,10.8,0.47,0.0,0.3,0.0,5.1,10.6,0.48200000000000004,3.4,5.0,0.684,5.7,9.6,15.3,2.3,2.9,0.3,2.4,4.3,13.6,107.0,99.0,2004,Jerome Williams-2004,0.0,Not Selected,Forward,TOT,0.03333333333333333
2003-04,Mo Williams,willima01,SG,21,UTA,57,0,772,8.3,21.8,0.38,0.7,2.8,0.256,7.5,19.0,0.39799999999999996,3.2,4.0,0.7859999999999999,1.7,3.5,5.2,5.5,2.0,0.1,3.7,6.2,20.4,92.0,106.0,2004,Mo Williams-2004,0.0,Not Selected,Guard,UTA,0.03532380151387721
2003-04,Scott Williams,willisc01,C,35,TOT,43,21,527,8.8,18.2,0.484,0.2,0.3,0.667,8.6,17.9,0.48100000000000004,1.6,2.6,0.593,3.7,9.2,12.9,1.7,2.0,1.6,1.6,9.3,19.4,106.0,103.0,2004,Scott Williams-2004,0.0,Not Selected,Center,TOT,0.03333333333333333
2003-04,Shammond Williams,willish01,SG-PG,28,TOT,53,4,763,6.1,16.2,0.375,2.1,7.0,0.3,4.0,9.2,0.43200000000000005,3.6,4.0,0.879,0.6,3.6,4.2,8.1,2.6,0.1,3.3,4.3,17.8,103.0,109.0,2004,Shammond Williams-2004,0.0,Not Selected,Guard,TOT,0.03333333333333333
2003-04,Corliss Williamson,willico02,PF,30,DET,79,0,1574,10.6,20.9,0.505,0.0,0.0,0.0,10.6,20.9,0.505,5.0,6.8,0.731,3.1,5.8,8.9,2.0,1.0,0.7,3.9,7.1,26.1,102.0,99.0,2004,Corliss Williamson-2004,0.0,Not Selected,Forward,DET,0.045416316232127836
2003-04,Kevin Willis,willike02,C,41,SAS,48,0,373,10.1,21.6,0.467,0.0,0.1,0.0,10.1,21.5,0.47,3.5,5.6,0.615,5.3,8.8,14.1,1.6,3.0,1.3,4.6,8.8,23.7,93.0,91.0,2004,Kevin Willis-2004,0.0,Not Selected,Center,SAS,0.0479394449116905
2003-04,Loren Woods,woodslo01,C,25,MIA,38,2,506,4.7,10.4,0.45799999999999996,0.0,0.0,0.0,4.7,10.4,0.45799999999999996,3.6,5.9,0.6,7.0,7.4,14.5,1.1,1.2,2.0,2.8,5.6,13.1,103.0,101.0,2004,Loren Woods-2004,0.0,Not Selected,Center,MIA,0.03532380151387721
2003-04,Qyntel Woods,woodsqy01,SF,22,POR,62,8,673,7.3,19.6,0.371,0.8,2.4,0.345,6.5,17.2,0.375,3.1,5.0,0.633,3.8,7.4,11.3,3.8,1.7,1.2,4.3,7.3,18.5,87.0,105.0,2004,Qyntel Woods-2004,0.0,Not Selected,Forward,POR,0.034482758620689655
2003-04,Metta World Peace,artesro01,SF,24,IND,73,71,2714,9.5,22.5,0.42100000000000004,1.5,4.9,0.31,7.9,17.6,0.452,6.5,8.9,0.733,2.0,5.8,7.8,5.5,3.1,1.0,4.1,3.9,26.9,101.0,96.0,2004,Metta World Peace-2004,3.0,3rd,Forward,IND,0.051303616484440706
2003-04,Lorenzen Wright,wrighlo02,C,28,MEM,65,46,1674,8.1,18.4,0.439,0.0,0.2,0.0,8.1,18.2,0.442,3.0,4.1,0.733,4.5,9.4,14.0,2.2,1.4,1.8,2.4,6.0,19.1,100.0,101.0,2004,Lorenzen Wright-2004,0.0,Not Selected,Center,MEM,0.04205214465937763
2003-04,Wang Zhizhi,zhizhwa01,C,26,TOT,16,0,114,8.1,22.0,0.37,1.9,6.7,0.28600000000000003,6.2,15.3,0.406,4.3,4.8,0.9,1.9,6.7,8.6,1.0,1.4,2.4,2.9,6.2,22.4,92.0,101.0,2004,Wang Zhizhi-2004,0.0,Not Selected,Center,TOT,0.03333333333333333
2004-05,Shareef Abdur-Rahim,abdursh01,PF,28,POR,54,49,1867,9.6,19.2,0.503,0.4,1.1,0.385,9.2,18.1,0.51,6.3,7.3,0.866,3.5,7.7,11.2,3.2,1.4,0.7,3.3,4.3,26.0,113.0,108.0,2005,Shareef Abdur-Rahim-2005,0.0,Not Selected,Forward,POR,0.02195121951219512
2004-05,Cory Alexander,alexaco01,SG,31,CHA,16,1,201,4.1,12.7,0.327,2.1,4.9,0.42100000000000004,2.1,7.8,0.267,2.3,3.1,0.75,2.1,5.4,7.5,9.6,2.3,0.3,4.9,7.5,12.7,91.0,108.0,2005,Cory Alexander-2005,0.0,Not Selected,Guard,CHO,0.014634146341463415
2004-05,Malik Allen,allenma01,PF,26,TOT,36,1,519,8.5,17.9,0.475,0.0,0.0,0.0,8.5,17.9,0.475,2.6,2.8,0.929,4.0,6.0,10.0,1.8,0.9,2.2,1.8,5.4,19.6,108.0,106.0,2005,Malik Allen-2005,0.0,Not Selected,Forward,TOT,0.03333333333333333
2004-05,Ray Allen,allenra02,SG,29,SEA,78,78,3064,11.4,26.6,0.428,3.7,9.9,0.376,7.7,16.7,0.45899999999999996,6.7,7.6,0.883,1.4,4.8,6.2,5.2,1.5,0.1,3.0,3.0,33.3,117.0,112.0,2005,Ray Allen-2005,2.0,2nd,Guard,OKC,0.04227642276422764
2004-05,Tony Allen,allento01,SG,23,BOS,77,34,1262,7.5,15.8,0.475,0.5,1.3,0.387,7.0,14.5,0.483,4.6,6.2,0.737,3.5,5.5,9.0,2.6,3.1,1.0,3.1,6.4,20.1,106.0,104.0,2005,Tony Allen-2005,0.0,Not Selected,Guard,BOS,0.036585365853658534
2004-05,Rafer Alston,alstora01,PG,28,TOR,80,78,2717,7.7,18.6,0.414,2.6,7.4,0.35700000000000004,5.0,11.2,0.451,3.6,4.9,0.74,0.8,4.5,5.3,9.8,2.2,0.1,3.2,4.0,21.7,108.0,109.0,2005,Rafer Alston-2005,0.0,Not Selected,Guard,TOR,0.026829268292682926
2004-05,Chris Andersen,anderch01,C,26,NOH,67,2,1430,7.3,13.7,0.534,0.0,0.1,0.0,7.3,13.6,0.5379999999999999,5.0,7.3,0.6890000000000001,5.3,10.5,15.7,2.7,0.5,3.8,2.5,5.5,19.7,116.0,104.0,2005,Chris Andersen-2005,0.0,Not Selected,Center,NOP,0.014634146341463415
2004-05,Derek Anderson,anderde01,SG,30,POR,47,32,1239,6.6,16.9,0.389,2.5,6.5,0.384,4.1,10.4,0.392,3.0,3.8,0.805,1.1,4.4,5.5,6.2,1.6,0.2,3.0,3.8,18.6,103.0,111.0,2005,Derek Anderson-2005,0.0,Not Selected,Guard,POR,0.02195121951219512
2004-05,Kenny Anderson,anderke01,PG,34,TOT,43,20,743,6.0,14.2,0.423,0.4,0.9,0.462,5.6,13.3,0.42,1.9,2.6,0.73,1.7,4.5,6.2,7.3,2.3,0.0,3.5,6.2,14.4,96.0,112.0,2005,Kenny Anderson-2005,0.0,Not Selected,Guard,TOT,0.03333333333333333
2004-05,Shandon Anderson,andersh01,SF-SG,31,TOT,66,5,1171,4.4,9.8,0.452,0.2,1.3,0.172,4.2,8.5,0.495,2.4,3.0,0.818,1.9,6.8,8.6,3.2,1.8,0.6,2.3,6.2,11.5,103.0,103.0,2005,Shandon Anderson-2005,0.0,Not Selected,Forward,TOT,0.03333333333333333
2004-05,Carmelo Anthony,anthoca01,SF,20,DEN,75,75,2608,10.4,24.2,0.431,0.8,3.1,0.266,9.6,21.1,0.455,9.0,11.3,0.7959999999999999,2.8,5.6,8.4,3.8,1.3,0.6,4.4,4.5,30.7,103.0,107.0,2005,Carmelo Anthony-2005,0.0,Not Selected,Forward,DEN,0.03983739837398374
2004-05,Rafael Araújo,araujra01,C,24,TOR,59,41,736,5.3,12.3,0.434,0.1,0.2,0.33299999999999996,5.3,12.1,0.436,3.0,3.9,0.782,4.2,8.9,13.0,1.1,1.5,0.6,3.7,11.0,13.8,92.0,107.0,2005,Rafael Araújo-2005,0.0,Not Selected,Center,TOR,0.026829268292682926
2004-05,Gilbert Arenas,arenagi01,PG,23,WAS,80,80,3274,10.3,23.9,0.431,3.2,8.8,0.365,7.1,15.1,0.469,8.2,10.1,0.8140000000000001,1.3,4.6,5.9,6.5,2.2,0.4,3.8,3.8,32.0,115.0,109.0,2005,Gilbert Arenas-2005,3.0,3rd,Guard,WAS,0.036585365853658534
2004-05,Trevor Ariza,arizatr01,SF,19,NYK,80,12,1382,6.6,14.9,0.442,0.1,0.5,0.231,6.5,14.4,0.449,4.6,6.7,0.695,3.4,5.9,9.3,3.3,2.7,0.7,2.8,5.7,17.9,103.0,107.0,2005,Trevor Ariza-2005,0.0,Not Selected,Forward,NYK,0.026829268292682926
2004-05,Darrell Armstrong,armstda01,PG,36,TOT,66,16,988,4.8,14.9,0.321,1.5,6.0,0.252,3.3,8.9,0.36700000000000005,3.1,3.6,0.853,1.9,4.3,6.2,9.5,2.4,0.4,3.6,4.9,14.2,96.0,106.0,2005,Darrell Armstrong-2005,0.0,Not Selected,Guard,TOT,0.03333333333333333
2004-05,Carlos Arroyo,arroyca01,PG,25,TOT,70,16,1448,6.3,16.2,0.389,0.3,1.1,0.267,6.0,15.1,0.39799999999999996,4.5,5.6,0.799,1.0,2.9,3.9,10.6,1.7,0.2,4.0,5.4,17.4,99.0,109.0,2005,Carlos Arroyo-2005,0.0,Not Selected,Guard,TOT,0.03333333333333333
2004-05,Chucky Atkins,atkinch01,PG,30,LAL,82,82,2903,7.1,16.6,0.426,3.2,8.3,0.387,3.9,8.3,0.466,3.0,3.7,0.8029999999999999,0.6,3.0,3.6,6.5,1.3,0.0,2.7,3.3,20.3,112.0,115.0,2005,Chucky Atkins-2005,0.0,Not Selected,Guard,LAL,0.027642276422764227
2004-05,Stacey Augmon,augmost01,SF,36,ORL,55,7,663,5.2,12.8,0.40700000000000003,0.0,0.0,0.0,5.2,12.8,0.40700000000000003,4.4,5.9,0.74,3.4,4.1,7.6,2.8,1.8,0.6,2.4,6.3,14.8,102.0,109.0,2005,Stacey Augmon-2005,0.0,Not Selected,Forward,ORL,0.02926829268292683
2004-05,Maurice Baker,bakerma01,PG,25,TOT,5,0,19,0.0,2.8,0.0,0.0,0.0,0.0,0.0,2.8,0.0,0.0,0.0,0.0,2.8,2.8,5.6,2.8,2.8,0.0,2.8,8.4,0.0,48.0,109.0,2005,Maurice Baker-2005,0.0,Not Selected,Guard,TOT,0.03333333333333333
2004-05,Vin Baker,bakervi01,PF-C,33,TOT,27,0,204,3.4,10.9,0.31,0.0,0.3,0.0,3.4,10.7,0.317,2.3,4.4,0.529,4.4,5.7,10.1,2.6,0.5,1.0,4.4,9.9,9.1,73.0,111.0,2005,Vin Baker-2005,0.0,Not Selected,Forward,TOT,0.03333333333333333
2004-05,Marcus Banks,banksma01,PG,23,BOS,81,2,1145,5.2,12.9,0.402,0.9,2.7,0.35600000000000004,4.2,10.2,0.414,5.4,7.3,0.742,1.3,4.4,5.7,7.0,2.8,0.6,3.6,6.6,16.7,104.0,106.0,2005,Marcus Banks-2005,0.0,Not Selected,Guard,BOS,0.036585365853658534
2004-05,Leandro Barbosa,barbole01,PG,22,PHO,63,6,1087,7.7,16.3,0.475,2.3,6.4,0.36700000000000005,5.4,9.9,0.544,2.5,3.2,0.797,1.5,4.5,6.0,5.8,1.4,0.3,4.0,5.8,20.3,107.0,110.0,2005,Leandro Barbosa-2005,0.0,Not Selected,Guard,PHO,0.05040650406504065
2004-05,Matt Barnes,barnema02,SF,24,SAC,43,9,715,4.5,10.9,0.41100000000000003,0.4,1.6,0.22699999999999998,4.1,9.3,0.442,2.5,4.2,0.603,3.5,6.1,9.6,4.1,2.2,0.5,3.2,5.8,11.8,95.0,108.0,2005,Matt Barnes-2005,0.0,Not Selected,Forward,SAC,0.04065040650406504
2004-05,Andre Barrett,barrean01,PG,22,TOT,38,1,483,4.9,13.6,0.363,1.5,5.7,0.26899999999999996,3.4,7.9,0.431,1.5,2.1,0.737,1.2,3.2,4.4,7.5,2.1,0.1,3.0,5.6,12.9,96.0,106.0,2005,Andre Barrett-2005,0.0,Not Selected,Guard,TOT,0.03333333333333333
2004-05,Brent Barry,barrybr01,SG,33,SAS,81,8,1742,6.0,14.2,0.423,3.1,8.7,0.35700000000000004,2.9,5.5,0.525,3.5,4.2,0.8370000000000001,0.9,5.0,5.9,5.5,1.2,0.6,2.0,3.8,18.6,119.0,102.0,2005,Brent Barry-2005,0.0,Not Selected,Guard,SAS,0.04796747967479675
2004-05,Jon Barry,barryjo01,SG,35,TOT,69,2,1505,5.8,13.2,0.43799999999999994,2.5,5.9,0.43,3.2,7.3,0.44299999999999995,2.2,2.5,0.873,0.9,4.8,5.7,6.0,2.1,0.3,2.4,3.4,16.3,113.0,105.0,2005,Jon Barry-2005,0.0,Not Selected,Guard,TOT,0.03333333333333333
2004-05,Tony Battie,battito01,C,28,ORL,81,32,1894,4.4,9.5,0.46,0.0,0.2,0.0,4.4,9.3,0.46799999999999997,1.8,2.5,0.723,2.9,9.2,12.1,1.1,0.8,2.2,2.2,6.5,10.5,98.0,106.0,2005,Tony Battie-2005,0.0,Not Selected,Center,ORL,0.02926829268292683
2004-05,Shane Battier,battish01,SG,26,MEM,80,72,2516,5.8,13.2,0.442,1.5,3.8,0.395,4.3,9.4,0.461,3.9,4.9,0.789,3.4,5.5,8.9,2.7,2.0,1.7,1.6,4.3,17.1,117.0,103.0,2005,Shane Battier-2005,0.0,Not Selected,Guard,MEM,0.036585365853658534
2004-05,Lonny Baxter,baxtelo01,PF,26,NOH,4,0,36,4.6,16.7,0.273,0.0,0.0,0.0,4.6,16.7,0.273,0.0,3.0,0.0,6.1,6.1,12.2,0.0,0.0,0.0,6.1,15.2,9.1,52.0,112.0,2005,Lonny Baxter-2005,0.0,Not Selected,Forward,NOP,0.014634146341463415
2004-05,Raja Bell,bellra01,SG,28,UTA,63,32,1790,9.2,20.2,0.45399999999999996,1.6,4.1,0.40299999999999997,7.6,16.2,0.467,3.4,4.6,0.747,1.5,4.6,6.1,2.8,1.3,0.2,2.4,6.2,23.4,105.0,112.0,2005,Raja Bell-2005,0.0,Not Selected,Guard,UTA,0.02113821138211382
2004-05,Jonathan Bender,bendejo01,SF,24,IND,7,0,93,9.5,23.7,0.4,0.6,3.0,0.2,8.9,20.7,0.429,1.8,3.6,0.5,3.0,5.3,8.3,2.4,0.6,1.2,5.9,5.3,21.3,77.0,108.0,2005,Jonathan Bender-2005,0.0,Not Selected,Forward,IND,0.03577235772357724
2004-05,Travis Best,besttr01,PG,32,NJN,76,6,1461,7.0,16.7,0.42,1.0,3.1,0.306,6.0,13.5,0.447,4.0,4.5,0.885,0.7,3.2,3.9,5.3,2.4,0.3,2.5,5.5,19.0,102.0,105.0,2005,Travis Best-2005,0.0,Not Selected,Guard,BRK,0.03414634146341464
2004-05,Mike Bibby,bibbymi01,PG,26,SAC,80,80,3084,9.4,21.1,0.44299999999999995,2.2,6.1,0.36,7.2,15.1,0.47700000000000004,5.4,6.9,0.775,1.3,4.3,5.6,9.0,2.1,0.5,3.4,3.2,26.3,112.0,110.0,2005,Mike Bibby-2005,0.0,Not Selected,Guard,SAC,0.04065040650406504
2004-05,Andris Biedriņš,biedran01,C,18,GSW,30,1,384,6.0,10.5,0.5770000000000001,0.0,0.1,0.0,6.0,10.3,0.584,2.5,5.4,0.475,6.3,9.5,15.8,1.6,1.6,3.2,1.6,11.7,14.6,119.0,102.0,2005,Andris Biedriņš-2005,0.0,Not Selected,Center,GSW,0.027642276422764227
2004-05,Chauncey Billups,billuch01,PG,28,DET,80,80,2866,7.8,17.5,0.442,3.2,7.4,0.426,4.6,10.1,0.45399999999999996,6.6,7.3,0.898,0.9,4.3,5.2,8.9,1.6,0.2,3.5,3.7,25.3,121.0,105.0,2005,Chauncey Billups-2005,0.0,Not Selected,Guard,DET,0.04390243902439024
2004-05,Steve Blake,blakest01,PG,24,WAS,44,1,648,4.8,14.8,0.32799999999999996,2.9,7.4,0.387,2.0,7.4,0.26899999999999996,2.6,3.3,0.805,1.4,4.2,5.6,5.5,1.0,0.0,3.1,3.7,15.2,98.0,112.0,2005,Steve Blake-2005,0.0,Not Selected,Guard,WAS,0.036585365853658534
2004-05,Mark Blount,blounma01,C,29,BOS,82,57,2130,7.9,14.9,0.529,0.0,0.0,0.0,7.9,14.9,0.53,2.8,4.0,0.713,3.5,6.1,9.6,3.1,0.8,1.5,3.8,5.5,18.6,103.0,108.0,2005,Mark Blount-2005,0.0,Not Selected,Center,BOS,0.036585365853658534
2004-05,Tony Bobbitt,bobbito01,SG,25,LAL,2,0,12,8.8,22.0,0.4,4.4,8.8,0.5,4.4,13.2,0.33299999999999996,0.0,0.0,0.0,0.0,13.2,13.2,0.0,0.0,0.0,0.0,4.4,22.0,106.0,111.0,2005,Tony Bobbitt-2005,0.0,Not Selected,Guard,LAL,0.027642276422764227
2004-05,Keith Bogans,boganke01,SG,24,CHA,74,42,1791,7.6,20.0,0.381,1.7,5.0,0.32899999999999996,6.0,15.0,0.39799999999999996,3.9,5.3,0.727,2.2,4.4,6.6,3.9,2.0,0.2,3.5,4.9,20.7,93.0,110.0,2005,Keith Bogans-2005,0.0,Not Selected,Guard,CHO,0.014634146341463415
2004-05,Matt Bonner,bonnema01,C,24,TOR,82,0,1553,8.2,15.4,0.5329999999999999,1.3,3.1,0.424,6.9,12.4,0.561,1.9,2.4,0.789,3.6,5.9,9.5,1.6,1.3,0.6,1.3,7.3,19.6,120.0,110.0,2005,Matt Bonner-2005,0.0,Not Selected,Center,TOR,0.026829268292682926
2004-05,Calvin Booth,boothca01,C,28,TOT,51,1,451,5.7,12.5,0.45399999999999996,0.0,0.1,0.0,5.7,12.4,0.45799999999999996,3.0,3.7,0.813,3.4,9.0,12.4,0.9,1.7,3.2,1.9,9.0,14.4,105.0,102.0,2005,Calvin Booth-2005,0.0,Not Selected,Center,TOT,0.03333333333333333
2004-05,Carlos Boozer,boozeca01,PF,23,UTA,51,51,1772,11.1,21.2,0.521,0.0,0.0,0.0,11.1,21.2,0.522,5.7,8.2,0.698,4.3,9.7,14.0,4.4,1.3,0.7,4.2,5.5,27.9,108.0,108.0,2005,Carlos Boozer-2005,0.0,Not Selected,Forward,UTA,0.02113821138211382
2004-05,Curtis Borchardt,borchcu01,C,24,UTA,67,23,859,4.7,10.9,0.43,0.0,0.0,0.0,4.7,10.9,0.43,3.3,4.5,0.732,5.4,8.7,14.2,3.1,0.6,2.0,3.3,10.1,12.6,100.0,109.0,2005,Curtis Borchardt-2005,0.0,Not Selected,Center,UTA,0.02113821138211382
2004-05,Chris Bosh,boshch01,PF,20,TOR,81,81,3017,8.1,17.3,0.47100000000000003,0.1,0.2,0.3,8.1,17.1,0.47200000000000003,7.1,9.3,0.76,3.3,9.0,12.3,2.6,1.3,1.9,3.2,3.9,23.4,107.0,107.0,2005,Chris Bosh-2005,0.0,Not Selected,Forward,TOR,0.026829268292682926
2004-05,Bruce Bowen,bowenbr01,SF,33,SAS,82,82,2627,5.2,12.3,0.42,2.1,5.2,0.40299999999999997,3.1,7.1,0.43200000000000005,1.5,2.3,0.634,1.0,4.8,5.9,2.6,1.1,0.8,1.2,3.6,13.9,109.0,102.0,2005,Bruce Bowen-2005,0.0,Not Selected,Forward,SAS,0.04796747967479675
2004-05,Ryan Bowen,bowenry01,SF,29,HOU,66,6,604,4.2,9.9,0.423,0.3,0.5,0.5,3.9,9.4,0.419,1.3,1.9,0.667,1.9,4.9,6.8,1.6,2.1,0.4,0.6,5.5,9.9,104.0,103.0,2005,Ryan Bowen-2005,0.0,Not Selected,Forward,HOU,0.041463414634146344
2004-05,Earl Boykins,boykiea01,PG,28,DEN,82,5,2162,8.1,19.6,0.413,1.3,3.9,0.337,6.7,15.6,0.43200000000000005,6.6,7.2,0.9209999999999999,0.9,2.5,3.4,8.8,1.9,0.3,2.9,2.9,24.1,112.0,108.0,2005,Earl Boykins-2005,0.0,Not Selected,Guard,DEN,0.03983739837398374
2004-05,Michael Bradley,bradlmi01,PF,25,TOT,18,0,119,6.4,10.3,0.625,0.0,0.4,0.0,6.4,9.9,0.652,1.3,3.4,0.375,3.4,8.6,12.0,2.1,0.4,0.9,2.1,5.1,14.1,111.0,109.0,2005,Michael Bradley-2005,0.0,Not Selected,Forward,TOT,0.03333333333333333
2004-05,Shawn Bradley,bradlsh01,C,32,DAL,77,14,885,4.9,10.9,0.452,0.0,0.0,0.0,4.9,10.9,0.452,2.5,3.7,0.6829999999999999,4.1,8.4,12.5,0.9,1.5,3.7,1.9,9.0,12.3,104.0,101.0,2005,Shawn Bradley-2005,0.0,Not Selected,Center,DAL,0.04715447154471545
2004-05,Torraye Braggs,braggto01,PF,28,HOU,7,0,24,6.8,15.8,0.429,0.0,0.0,0.0,6.8,15.8,0.429,0.0,0.0,0.0,15.8,11.3,27.0,0.0,0.0,0.0,4.5,9.0,13.5,99.0,103.0,2005,Torraye Braggs-2005,0.0,Not Selected,Forward,HOU,0.041463414634146344
2004-05,Elton Brand,brandel01,PF,25,LAC,81,81,3001,11.3,22.4,0.503,0.0,0.1,0.0,11.3,22.4,0.504,6.5,8.7,0.752,5.3,8.5,13.8,3.7,1.1,3.0,3.3,4.3,29.1,113.0,104.0,2005,Elton Brand-2005,0.0,Not Selected,Forward,LAC,0.03008130081300813
2004-05,Jamison Brewer,breweja01,PG,24,NYK,18,0,185,3.1,10.6,0.297,0.9,4.3,0.2,2.3,6.3,0.364,1.7,3.7,0.462,1.7,4.6,6.3,3.4,2.3,0.3,3.7,3.1,8.9,73.0,109.0,2005,Jamison Brewer-2005,0.0,Not Selected,Guard,NYK,0.026829268292682926
2004-05,Primož Brezec,brezepr01,C,25,CHA,72,72,2276,8.8,17.3,0.512,0.0,0.0,0.0,8.8,17.3,0.512,3.7,5.0,0.745,5.2,7.0,12.1,2.0,0.8,1.3,2.4,4.2,21.4,111.0,109.0,2005,Primož Brezec-2005,0.0,Not Selected,Center,CHO,0.014634146341463415
2004-05,Damone Brown,brownda02,SF,25,WAS,14,0,152,7.8,21.0,0.371,1.4,3.7,0.364,6.4,17.3,0.373,1.4,3.0,0.444,3.4,6.1,9.5,4.7,0.3,2.0,5.1,5.8,18.3,83.0,110.0,2005,Damone Brown-2005,0.0,Not Selected,Forward,WAS,0.036585365853658534
2004-05,Devin Brown,brownde02,SG,26,SAS,67,0,1238,7.5,17.8,0.423,2.0,5.3,0.37200000000000005,5.6,12.6,0.444,4.5,5.7,0.792,1.6,6.1,7.7,4.0,1.7,0.5,2.3,3.6,21.5,109.0,100.0,2005,Devin Brown-2005,0.0,Not Selected,Guard,SAS,0.04796747967479675
2004-05,Kedrick Brown,brownke01,SF,23,PHI,8,0,55,1.8,5.5,0.33299999999999996,0.0,2.8,0.0,1.8,2.8,0.667,7.4,9.2,0.8,0.9,9.2,10.1,3.7,2.8,0.9,4.6,3.7,11.0,92.0,101.0,2005,Kedrick Brown-2005,0.0,Not Selected,Forward,PHI,0.034959349593495934
2004-05,Kwame Brown,brownkw01,PF,22,WAS,42,14,908,6.2,13.4,0.46,0.0,0.0,0.0,6.2,13.4,0.46,4.2,7.3,0.574,4.1,7.6,11.7,2.2,1.4,0.8,3.8,6.3,16.5,96.0,108.0,2005,Kwame Brown-2005,0.0,Not Selected,Forward,WAS,0.036585365853658534
2004-05,P.J. Brown,brownpj01,PF,35,NOH,82,78,2817,6.6,14.8,0.446,0.0,0.0,0.0,6.6,14.8,0.446,4.1,4.7,0.8640000000000001,5.2,9.2,14.3,3.5,1.4,1.0,2.0,4.5,17.2,112.0,106.0,2005,P.J. Brown-2005,0.0,Not Selected,Forward,NOP,0.014634146341463415
2004-05,Tierre Brown,brownti01,PG,25,LAL,76,0,1066,6.1,17.3,0.35600000000000004,1.3,3.6,0.361,4.9,13.7,0.355,2.9,3.7,0.787,1.0,3.6,4.6,7.7,1.6,0.0,3.7,2.9,16.5,94.0,114.0,2005,Tierre Brown-2005,0.0,Not Selected,Guard,LAL,0.027642276422764227
2004-05,Rick Brunson,brunsri01,PG,32,LAC,80,39,1945,4.6,12.2,0.376,1.3,3.6,0.369,3.3,8.6,0.37799999999999995,1.6,2.0,0.77,0.6,4.5,5.2,11.4,2.3,0.2,3.5,2.9,12.1,99.0,108.0,2005,Rick Brunson-2005,0.0,Not Selected,Guard,LAC,0.03008130081300813
2004-05,Kobe Bryant,bryanko01,SG,26,LAL,66,66,2689,11.3,26.0,0.433,2.6,7.6,0.33899999999999997,8.7,18.4,0.47200000000000003,10.7,13.0,0.816,1.9,5.8,7.7,7.8,1.7,1.0,5.3,3.4,35.7,111.0,111.0,2005,Kobe Bryant-2005,3.0,3rd,Guard,LAL,0.027642276422764227
2004-05,Greg Buckner,buckngr01,SG,28,DEN,70,41,1522,5.4,10.2,0.528,1.7,4.1,0.405,3.7,6.1,0.61,2.1,2.7,0.778,2.2,4.8,7.0,4.5,2.5,0.2,1.7,5.7,14.6,126.0,105.0,2005,Greg Buckner-2005,0.0,Not Selected,Guard,DEN,0.03983739837398374
2004-05,Rodney Buford,buforro01,SF,27,NJN,64,17,1313,7.7,20.1,0.382,1.4,4.4,0.315,6.3,15.6,0.402,1.5,1.8,0.8220000000000001,1.4,6.4,7.8,2.6,1.6,0.2,1.4,4.1,18.3,92.0,104.0,2005,Rodney Buford-2005,0.0,Not Selected,Forward,BRK,0.03414634146341464
2004-05,Antonio Burks,burksan01,PG,24,MEM,24,0,219,6.9,14.9,0.467,0.7,2.7,0.273,6.2,12.1,0.51,3.5,4.7,0.737,0.2,2.7,3.0,6.9,3.2,0.2,3.0,6.2,18.1,106.0,104.0,2005,Antonio Burks-2005,0.0,Not Selected,Guard,MEM,0.036585365853658534
2004-05,Caron Butler,butleca01,SF,24,LAL,77,77,2746,8.5,19.1,0.445,0.7,2.4,0.304,7.8,16.7,0.465,5.3,6.1,0.862,2.8,5.9,8.7,2.8,2.1,0.4,2.4,4.1,23.0,110.0,111.0,2005,Caron Butler-2005,0.0,Not Selected,Forward,LAL,0.027642276422764227
2004-05,Jackie Butler,butleja01,C,19,NYK,3,0,5,42.4,42.4,1.0,0.0,0.0,0.0,42.4,42.4,1.0,21.2,21.2,1.0,0.0,0.0,0.0,0.0,10.6,0.0,10.6,0.0,105.9,170.0,95.0,2005,Jackie Butler-2005,0.0,Not Selected,Center,NYK,0.026829268292682926
2004-05,Rasual Butler,butlera01,SF,25,MIA,65,15,1203,7.2,18.0,0.39899999999999997,2.5,6.7,0.373,4.7,11.3,0.414,1.6,2.1,0.7709999999999999,0.7,6.0,6.6,2.7,0.8,1.3,1.6,4.6,18.5,100.0,105.0,2005,Rasual Butler-2005,0.0,Not Selected,Forward,MIA,0.04796747967479675
2004-05,Žarko Čabarkapa,cabarza01,PF,23,TOT,40,0,475,9.3,19.2,0.486,1.4,3.9,0.361,7.9,15.3,0.518,5.7,7.0,0.815,3.8,7.3,11.0,2.7,1.1,0.5,3.2,6.4,25.8,112.0,108.0,2005,Žarko Čabarkapa-2005,0.0,Not Selected,Forward,TOT,0.03333333333333333
2004-05,Marcus Camby,cambyma01,C,30,DEN,66,66,2015,7.1,15.3,0.465,0.0,0.1,0.0,7.1,15.2,0.46799999999999997,3.2,4.4,0.723,3.3,13.5,16.8,3.9,1.6,5.1,2.6,4.5,17.4,103.0,96.0,2005,Marcus Camby-2005,0.0,Not Selected,Center,DEN,0.03983739837398374
2004-05,Elden Campbell,campbel01,C,36,TOT,40,1,390,5.5,17.3,0.317,0.0,0.3,0.0,5.5,17.0,0.322,5.9,7.7,0.764,3.9,9.2,13.1,2.7,1.1,1.0,4.1,8.0,16.9,85.0,101.0,2005,Elden Campbell-2005,0.0,Not Selected,Center,TOT,0.03333333333333333
2004-05,Brian Cardinal,cardibr01,PF,27,MEM,58,16,1433,6.1,16.4,0.37,1.7,4.7,0.35200000000000004,4.4,11.6,0.37799999999999995,6.0,6.9,0.873,2.4,6.1,8.5,4.3,3.3,0.7,3.1,6.5,19.8,104.0,101.0,2005,Brian Cardinal-2005,0.0,Not Selected,Forward,MEM,0.036585365853658534
2004-05,Geno Carlisle,carlige01,SG,28,POR,6,0,16,6.7,10.0,0.667,0.0,0.0,0.0,6.7,10.0,0.667,13.4,20.0,0.667,3.3,0.0,3.3,3.3,0.0,0.0,3.3,3.3,26.7,131.0,118.0,2005,Geno Carlisle-2005,0.0,Not Selected,Guard,POR,0.02195121951219512
2004-05,Matt Carroll,carroma01,SG,24,CHA,25,0,430,8.5,21.8,0.389,1.6,4.7,0.33299999999999996,6.9,17.1,0.40399999999999997,8.6,10.0,0.855,1.6,5.7,7.3,2.1,2.1,0.2,3.0,4.5,27.1,104.0,108.0,2005,Matt Carroll-2005,0.0,Not Selected,Guard,CHO,0.014634146341463415
2004-05,Anthony Carter,cartean01,PG,29,MIN,66,12,742,5.2,12.9,0.40700000000000003,0.1,1.2,0.11800000000000001,5.1,11.6,0.43799999999999994,2.5,3.7,0.6859999999999999,0.9,4.1,5.0,11.7,2.5,1.3,4.5,6.4,13.1,95.0,106.0,2005,Anthony Carter-2005,0.0,Not Selected,Guard,MIN,0.03577235772357724
2004-05,Vince Carter,cartevi01,SF-SG,28,TOT,77,76,2828,13.1,29.1,0.452,2.4,5.9,0.406,10.7,23.2,0.46299999999999997,6.9,8.7,0.7979999999999999,2.0,5.6,7.6,6.2,2.1,0.9,3.2,4.6,35.6,109.0,104.0,2005,Vince Carter-2005,0.0,Not Selected,Forward,TOT,0.03333333333333333
2004-05,Sam Cassell,cassesa01,PG,35,MIN,59,38,1522,11.3,24.3,0.46399999999999997,1.0,3.6,0.262,10.3,20.7,0.5,4.7,5.5,0.865,0.9,4.7,5.6,10.7,1.3,0.5,3.9,5.7,28.3,109.0,109.0,2005,Sam Cassell-2005,0.0,Not Selected,Guard,MIN,0.03577235772357724
2004-05,Kelvin Cato,catoke01,C,30,ORL,62,50,1525,5.3,9.9,0.539,0.0,0.0,0.0,5.3,9.9,0.539,3.7,4.8,0.7829999999999999,3.4,10.4,13.8,1.3,1.8,2.7,2.1,5.6,14.4,116.0,103.0,2005,Kelvin Cato-2005,0.0,Not Selected,Center,ORL,0.02926829268292683
2004-05,Lionel Chalmers,chalmli01,PG,24,LAC,36,0,433,5.2,15.5,0.336,1.5,6.1,0.245,3.7,9.5,0.395,1.9,3.0,0.625,0.5,3.4,3.9,6.3,1.6,0.0,3.0,3.7,13.8,87.0,110.0,2005,Lionel Chalmers-2005,0.0,Not Selected,Guard,LAC,0.03008130081300813
2004-05,Tyson Chandler,chandty01,C,22,CHI,80,10,2189,4.9,9.9,0.494,0.0,0.0,0.0,4.9,9.9,0.496,5.4,8.0,0.6729999999999999,6.2,12.2,18.4,1.5,1.6,3.3,2.8,6.4,15.2,112.0,94.0,2005,Tyson Chandler-2005,0.0,Not Selected,Center,CHI,0.038211382113821135
2004-05,Calbert Cheaney,cheanca01,SG,33,GSW,55,5,951,6.1,14.3,0.426,0.0,0.2,0.0,6.1,14.2,0.431,1.3,2.0,0.649,1.7,5.0,6.7,3.5,0.9,0.8,1.9,5.1,13.5,94.0,110.0,2005,Calbert Cheaney-2005,0.0,Not Selected,Guard,GSW,0.027642276422764227
2004-05,Josh Childress,childjo01,SG,21,ATL,80,44,2376,6.7,14.2,0.47,0.3,1.2,0.23199999999999998,6.4,13.0,0.493,4.2,5.1,0.823,4.3,6.3,10.7,3.3,1.6,0.8,2.3,4.1,17.8,113.0,111.0,2005,Josh Childress-2005,0.0,Not Selected,Guard,ATL,0.01056910569105691
2004-05,Doug Christie,chrisdo01,SG,34,TOT,52,44,1525,4.4,11.2,0.392,0.5,2.1,0.242,3.9,9.1,0.426,2.4,2.6,0.897,1.3,4.7,6.0,6.7,2.7,0.6,3.5,3.6,11.6,95.0,108.0,2005,Doug Christie-2005,0.0,Not Selected,Guard,TOT,0.03333333333333333
2004-05,Speedy Claxton,claxtsp01,PG,26,TOT,62,47,1866,7.2,17.1,0.42100000000000004,0.3,1.7,0.18,6.9,15.4,0.447,5.2,7.1,0.736,1.0,4.1,5.1,10.4,3.0,0.2,3.3,5.1,19.9,106.0,107.0,2005,Speedy Claxton-2005,0.0,Not Selected,Guard,TOT,0.03333333333333333
2004-05,Mateen Cleaves,cleavma01,PG,27,SEA,14,0,65,4.2,11.8,0.35700000000000004,0.0,1.7,0.0,4.2,10.1,0.41700000000000004,2.5,3.4,0.75,1.7,3.4,5.0,5.9,1.7,0.0,1.7,1.7,10.9,102.0,113.0,2005,Mateen Cleaves-2005,0.0,Not Selected,Guard,OKC,0.04227642276422764
2004-05,Derrick Coleman,colemde01,C,37,DET,5,0,50,3.3,15.4,0.214,0.0,2.2,0.0,3.3,13.2,0.25,3.3,3.3,1.0,3.3,13.2,16.5,0.0,0.0,0.0,2.2,6.6,9.9,70.0,102.0,2005,Derrick Coleman-2005,0.0,Not Selected,Center,DET,0.04390243902439024
2004-05,Jason Collier,collija02,C,27,ATL,70,44,942,9.7,21.0,0.46299999999999997,0.3,0.8,0.429,9.4,20.2,0.46399999999999997,2.7,4.0,0.6759999999999999,4.7,5.6,10.3,1.0,0.8,0.7,3.5,8.2,22.4,96.0,113.0,2005,Jason Collier-2005,0.0,Not Selected,Center,ATL,0.01056910569105691
2004-05,Jarron Collins,collija03,C,26,UTA,50,38,961,3.7,8.9,0.414,0.0,0.1,0.0,3.7,8.8,0.41700000000000004,4.7,6.7,0.6970000000000001,3.2,6.0,9.3,3.4,0.6,0.3,1.9,8.3,12.0,109.0,112.0,2005,Jarron Collins-2005,0.0,Not Selected,Center,UTA,0.02113821138211382
2004-05,Jason Collins,collija04,C,26,NJN,80,80,2542,3.9,9.6,0.41200000000000003,0.0,0.1,0.33299999999999996,3.9,9.4,0.413,2.9,4.4,0.6559999999999999,3.2,7.1,10.3,2.2,1.5,1.5,1.9,6.8,10.8,99.0,103.0,2005,Jason Collins-2005,0.0,Not Selected,Center,BRK,0.03414634146341464
2004-05,Nick Collison,collini01,C,24,SEA,82,4,1396,7.4,13.8,0.537,0.0,0.1,0.0,7.4,13.7,0.541,3.2,4.6,0.703,6.1,8.6,14.7,1.3,1.3,2.0,2.4,9.9,18.1,117.0,107.0,2005,Nick Collison-2005,0.0,Not Selected,Center,OKC,0.04227642276422764
2004-05,Brian Cook,cookbr01,C,24,LAL,72,0,1087,8.6,20.5,0.41700000000000004,3.8,9.7,0.392,4.8,10.8,0.439,1.4,1.8,0.757,3.1,7.4,10.5,1.7,1.1,1.3,1.4,6.8,22.3,111.0,111.0,2005,Brian Cook-2005,0.0,Not Selected,Center,LAL,0.027642276422764227
2004-05,Omar Cook,cookom01,PG,23,TOR,5,0,74,7.0,16.8,0.41700000000000004,0.0,2.8,0.0,7.0,14.0,0.5,2.1,4.2,0.5,1.4,3.5,4.9,15.4,4.2,0.7,4.2,4.2,16.1,99.0,105.0,2005,Omar Cook-2005,0.0,Not Selected,Guard,TOR,0.026829268292682926
2004-05,Jamal Crawford,crawfja01,SG,24,NYK,70,67,2688,8.6,21.6,0.39799999999999996,3.6,10.1,0.361,5.0,11.5,0.431,3.6,4.3,0.843,0.6,3.3,4.0,5.9,1.8,0.4,2.9,2.7,24.4,106.0,111.0,2005,Jamal Crawford-2005,0.0,Not Selected,Guard,NYK,0.026829268292682926
2004-05,Austin Croshere,croshau01,PF,29,IND,73,22,1827,5.7,15.0,0.37799999999999995,1.4,5.2,0.259,4.3,9.7,0.44299999999999995,6.8,7.7,0.883,3.1,8.2,11.3,3.0,1.4,0.5,3.1,4.6,19.5,106.0,105.0,2005,Austin Croshere-2005,0.0,Not Selected,Forward,IND,0.03577235772357724
2004-05,Eddy Curry,curryed01,C,22,CHI,63,60,1808,11.3,21.0,0.5379999999999999,0.0,0.0,0.0,11.3,21.0,0.5379999999999999,6.5,9.0,0.72,3.3,6.4,9.7,1.1,0.6,1.7,4.7,5.8,29.1,103.0,102.0,2005,Eddy Curry-2005,0.0,Not Selected,Center,CHI,0.038211382113821135
2004-05,Michael Curry,currymi01,SF,36,IND,18,7,249,2.9,6.4,0.44799999999999995,0.0,0.0,0.0,2.9,6.4,0.44799999999999995,0.9,1.8,0.5,1.8,4.2,6.0,3.3,1.1,0.9,1.1,8.6,6.6,104.0,108.0,2005,Michael Curry-2005,0.0,Not Selected,Forward,IND,0.03577235772357724
2004-05,Samuel Dalembert,dalemsa01,C,23,PHI,72,60,1785,7.1,13.5,0.524,0.0,0.0,0.0,7.1,13.5,0.524,2.5,4.2,0.601,5.3,10.1,15.4,1.0,1.3,3.4,3.2,6.8,16.7,102.0,100.0,2005,Samuel Dalembert-2005,0.0,Not Selected,Center,PHI,0.034959349593495934
2004-05,Erick Dampier,dampier01,C,29,DAL,59,56,1609,6.5,11.8,0.55,0.0,0.1,0.0,6.5,11.7,0.555,4.4,7.3,0.605,5.9,10.2,16.1,1.6,0.5,2.6,3.3,6.6,17.4,111.0,103.0,2005,Erick Dampier-2005,0.0,Not Selected,Center,DAL,0.04715447154471545
2004-05,Antonio Daniels,daniean01,PG,29,SEA,75,2,2026,7.4,16.8,0.43799999999999994,1.3,4.4,0.297,6.0,12.3,0.489,6.7,8.2,0.816,0.5,4.0,4.6,8.3,1.4,0.1,2.1,2.1,22.7,124.0,113.0,2005,Antonio Daniels-2005,0.0,Not Selected,Guard,OKC,0.04227642276422764
2004-05,Erik Daniels,danieer01,SF,22,SAC,21,0,72,4.3,12.9,0.33299999999999996,0.7,1.4,0.5,3.6,11.5,0.313,0.0,0.0,0.0,5.0,7.9,12.9,2.9,1.4,0.0,4.3,5.0,9.3,77.0,109.0,2005,Erik Daniels-2005,0.0,Not Selected,Forward,SAC,0.04065040650406504
2004-05,Marquis Daniels,daniema01,SG,24,DAL,60,17,1412,8.1,18.5,0.43700000000000006,0.3,1.3,0.2,7.8,17.2,0.45399999999999996,3.6,4.9,0.737,3.2,4.7,7.9,4.7,3.0,0.5,3.2,4.5,20.0,101.0,104.0,2005,Marquis Daniels-2005,0.0,Not Selected,Guard,DAL,0.04715447154471545
2004-05,Antonio Davis,davisan01,PF,36,CHI,72,62,1843,5.4,11.8,0.461,0.0,0.0,0.0,5.4,11.8,0.461,3.2,4.3,0.757,4.3,7.8,12.1,2.3,0.8,1.2,2.7,4.1,14.1,103.0,101.0,2005,Antonio Davis-2005,0.0,Not Selected,Forward,CHI,0.038211382113821135
2004-05,Baron Davis,davisba01,PG,25,TOT,46,32,1581,9.7,25.1,0.387,3.9,11.8,0.33299999999999996,5.8,13.3,0.435,6.2,8.1,0.7609999999999999,1.1,4.8,5.8,12.1,2.7,0.5,4.4,4.2,29.5,108.0,107.0,2005,Baron Davis-2005,0.0,Not Selected,Guard,TOT,0.03333333333333333
2004-05,Dale Davis,davisda01,C,35,TOT,61,28,1307,4.6,9.6,0.479,0.0,0.0,0.0,4.6,9.6,0.479,2.5,4.0,0.606,6.2,9.1,15.3,1.9,1.3,2.7,1.8,6.6,11.6,113.0,103.0,2005,Dale Davis-2005,0.0,Not Selected,Center,TOT,0.03333333333333333
2004-05,Josh Davis,davisjo02,PF,24,PHI,42,5,328,6.5,17.1,0.37799999999999995,2.9,8.2,0.358,3.5,8.9,0.397,2.2,2.6,0.8240000000000001,4.5,7.7,12.2,1.8,1.2,0.6,2.3,6.9,18.0,102.0,105.0,2005,Josh Davis-2005,0.0,Not Selected,Forward,PHI,0.034959349593495934
2004-05,Ricky Davis,davisri01,SG,25,BOS,82,11,2696,9.2,19.9,0.462,1.2,3.4,0.33899999999999997,8.0,16.4,0.488,5.5,6.7,0.815,1.3,3.5,4.8,4.7,1.7,0.5,3.9,3.3,25.0,104.0,110.0,2005,Ricky Davis-2005,0.0,Not Selected,Guard,BOS,0.036585365853658534
2004-05,Andrew DeClercq,declean01,C,31,ORL,8,0,49,4.1,9.3,0.444,0.0,0.0,0.0,4.1,9.3,0.444,1.0,3.1,0.33299999999999996,7.2,3.1,10.3,0.0,2.1,0.0,1.0,14.5,9.3,107.0,109.0,2005,Andrew DeClercq-2005,0.0,Not Selected,Center,ORL,0.02926829268292683
2004-05,Carlos Delfino,delfica01,SG,22,DET,30,4,459,5.0,14.0,0.359,1.1,4.2,0.257,4.0,9.8,0.402,2.8,4.8,0.575,1.6,5.0,6.6,4.6,2.6,0.7,2.8,5.3,13.9,91.0,101.0,2005,Carlos Delfino-2005,0.0,Not Selected,Guard,DET,0.04390243902439024
2004-05,Tony Delk,delkto01,SG,31,ATL,56,1,1340,9.6,23.2,0.41600000000000004,2.8,7.9,0.35600000000000004,6.8,15.2,0.447,4.0,5.3,0.757,1.1,4.0,5.1,4.1,1.8,0.1,2.1,4.8,26.1,108.0,113.0,2005,Tony Delk-2005,0.0,Not Selected,Guard,ATL,0.01056910569105691
2004-05,Luol Deng,denglu01,SF,19,CHI,61,45,1663,8.7,20.1,0.434,1.0,3.7,0.265,7.8,16.5,0.47200000000000003,3.7,5.1,0.741,2.9,7.2,10.1,4.2,1.5,0.8,3.7,3.1,22.2,98.0,100.0,2005,Luol Deng-2005,0.0,Not Selected,Forward,CHI,0.038211382113821135
2004-05,Boris Diaw,diawbo01,SG,22,ATL,66,25,1201,5.4,12.9,0.42200000000000004,0.4,2.2,0.18,5.0,10.7,0.47100000000000003,2.5,3.4,0.74,2.4,5.1,7.4,6.5,1.6,0.8,3.8,5.4,13.7,95.0,112.0,2005,Boris Diaw-2005,0.0,Not Selected,Guard,ATL,0.01056910569105691
2004-05,Dan Dickau,dickada01,PG,26,TOT,71,46,2090,8.0,19.8,0.405,2.2,6.4,0.34700000000000003,5.8,13.4,0.43200000000000005,5.0,6.0,0.833,0.9,3.8,4.7,9.1,2.0,0.1,3.8,5.3,23.3,105.0,109.0,2005,Dan Dickau-2005,0.0,Not Selected,Guard,TOT,0.03333333333333333
2004-05,Kaniel Dickens,dickeka01,SF,26,NJN,11,0,61,3.5,12.4,0.28600000000000003,2.6,7.9,0.33299999999999996,0.9,4.4,0.2,1.8,1.8,1.0,2.6,5.3,7.9,0.9,1.8,0.9,1.8,4.4,11.5,91.0,104.0,2005,Kaniel Dickens-2005,0.0,Not Selected,Forward,BRK,0.03414634146341464
2004-05,DeSagana Diop,diopde01,C,23,CLE,39,0,306,3.5,12.1,0.29,0.0,0.3,0.0,3.5,11.7,0.299,0.0,0.9,0.0,5.2,7.0,12.2,2.6,1.4,4.7,2.1,9.3,7.0,77.0,103.0,2005,DeSagana Diop-2005,0.0,Not Selected,Center,CLE,0.03414634146341464
2004-05,Vlade Divac,divacvl01,C,36,LAL,15,0,130,5.3,12.6,0.419,0.0,0.0,0.0,5.3,12.6,0.419,3.3,4.9,0.667,7.3,5.7,13.0,7.7,1.6,0.4,5.7,10.2,13.8,97.0,112.0,2005,Vlade Divac-2005,0.0,Not Selected,Center,LAL,0.027642276422764227
2004-05,Juan Dixon,dixonju01,SG,26,WAS,63,4,1054,9.1,21.8,0.41600000000000004,2.3,7.2,0.327,6.7,14.6,0.46,4.2,4.7,0.897,1.6,4.2,5.8,5.4,2.1,0.2,3.3,4.8,24.7,106.0,109.0,2005,Juan Dixon-2005,0.0,Not Selected,Guard,WAS,0.036585365853658534
2004-05,Michael Doleac,doleami01,C,27,MIA,80,8,1175,6.7,14.9,0.447,0.0,0.1,0.0,6.7,14.8,0.45,1.1,1.8,0.61,3.3,8.3,11.7,2.1,1.0,1.0,1.6,7.2,14.4,100.0,103.0,2005,Michael Doleac-2005,0.0,Not Selected,Center,MIA,0.04796747967479675
2004-05,Keyon Dooling,doolike01,PG,24,MIA,74,0,1184,6.2,15.4,0.40299999999999997,0.8,3.3,0.253,5.4,12.1,0.444,3.8,4.9,0.78,0.5,3.5,4.0,5.9,1.7,0.5,2.9,5.4,17.1,99.0,106.0,2005,Keyon Dooling-2005,0.0,Not Selected,Guard,MIA,0.04796747967479675
2004-05,Predrag Drobnjak,drobnpr01,C,29,ATL,71,1,1435,8.7,19.9,0.43799999999999994,0.9,2.6,0.35200000000000004,7.8,17.3,0.451,3.5,4.4,0.8,2.7,6.0,8.7,1.8,1.5,0.9,2.9,5.1,21.8,100.0,112.0,2005,Predrag Drobnjak-2005,0.0,Not Selected,Center,ATL,0.01056910569105691
2004-05,Chris Duhon,duhonch01,PG,22,CHI,82,73,2177,4.1,11.6,0.35200000000000004,2.2,6.3,0.355,1.9,5.3,0.35,1.2,1.6,0.731,0.5,4.5,5.1,9.5,2.0,0.1,2.8,4.9,11.6,102.0,102.0,2005,Chris Duhon-2005,0.0,Not Selected,Guard,CHI,0.038211382113821135
2004-05,Tim Duncan,duncati01,PF,28,SAS,66,66,2203,12.7,25.5,0.496,0.1,0.2,0.33299999999999996,12.6,25.3,0.498,7.5,11.1,0.67,4.9,13.0,17.9,4.4,1.1,4.3,3.1,3.5,32.9,112.0,93.0,2005,Tim Duncan-2005,1.0,1st,Forward,SAS,0.04796747967479675
2004-05,Mike Dunleavy,dunlemi02,SF,24,GSW,79,79,2570,8.2,18.1,0.451,2.1,5.5,0.38799999999999996,6.0,12.6,0.479,2.7,3.4,0.779,1.9,6.8,8.7,4.1,1.6,0.5,2.6,4.0,21.2,107.0,107.0,2005,Mike Dunleavy-2005,0.0,Not Selected,Forward,GSW,0.027642276422764227
2004-05,Ronald Dupree,duprero01,SF,24,DET,47,0,472,7.1,14.8,0.48,0.1,0.2,0.5,7.0,14.6,0.48,3.4,5.5,0.617,4.0,7.1,11.1,2.8,0.8,1.2,2.6,7.0,17.7,105.0,103.0,2005,Ronald Dupree-2005,0.0,Not Selected,Forward,DET,0.04390243902439024
2004-05,Ndudi Ebi,ebind01,SG,20,MIN,2,0,54,11.0,21.0,0.524,0.0,1.0,0.0,11.0,20.0,0.55,5.0,9.0,0.556,6.0,10.0,16.0,1.0,1.0,1.0,3.0,7.0,26.9,107.0,105.0,2005,Ndudi Ebi-2005,0.0,Not Selected,Guard,MIN,0.03577235772357724
2004-05,Corsley Edwards,edwarco01,C,25,NOH,10,0,110,5.0,15.4,0.32299999999999995,0.0,0.0,0.0,5.0,15.4,0.32299999999999995,3.5,6.0,0.583,6.0,6.5,12.5,1.5,1.5,2.0,1.0,9.5,13.5,93.0,107.0,2005,Corsley Edwards-2005,0.0,Not Selected,Center,NOP,0.014634146341463415
2004-05,John Edwards,edwarjo01,C,23,IND,25,1,139,4.4,11.9,0.36700000000000005,0.0,0.0,0.0,4.4,11.9,0.36700000000000005,2.8,5.5,0.5,3.2,4.4,7.5,1.2,1.2,1.6,3.2,4.8,11.5,80.0,107.0,2005,John Edwards-2005,0.0,Not Selected,Center,IND,0.03577235772357724
2004-05,Howard Eisley,eisleho01,PG,32,UTA,74,1,1428,6.1,15.4,0.39799999999999996,1.0,3.9,0.262,5.1,11.5,0.444,2.5,3.2,0.795,0.6,2.9,3.4,9.5,1.7,0.3,4.2,5.9,15.8,95.0,112.0,2005,Howard Eisley-2005,0.0,Not Selected,Guard,UTA,0.02113821138211382
2004-05,Obinna Ekezie,ekeziob01,C,29,ATL,42,31,732,5.7,13.1,0.434,0.0,0.1,0.0,5.7,13.0,0.436,5.2,6.7,0.774,5.0,7.9,12.8,0.8,1.6,0.9,3.2,9.3,16.5,101.0,110.0,2005,Obinna Ekezie-2005,0.0,Not Selected,Center,ATL,0.01056910569105691
2004-05,Francisco Elson,elsonfr01,C,28,DEN,67,11,939,5.5,11.8,0.46799999999999997,0.1,0.2,0.33299999999999996,5.5,11.6,0.469,2.5,4.3,0.57,3.3,7.7,11.0,1.9,1.9,2.2,2.2,7.1,13.6,100.0,102.0,2005,Francisco Elson-2005,0.0,Not Selected,Center,DEN,0.03983739837398374
2004-05,Melvin Ely,elyme01,PF,26,CHA,79,17,1649,7.2,16.6,0.43200000000000005,0.0,0.0,0.0,7.2,16.6,0.43200000000000005,3.8,6.7,0.575,4.5,5.8,10.3,2.4,1.0,2.2,3.6,6.3,18.2,92.0,109.0,2005,Melvin Ely-2005,0.0,Not Selected,Forward,CHO,0.014634146341463415
2004-05,Andre Emmett,emmetan01,SG,22,MEM,8,0,28,3.9,11.6,0.33299999999999996,0.0,0.0,0.0,3.9,11.6,0.33299999999999996,5.8,9.7,0.6,0.0,3.9,3.9,0.0,0.0,0.0,1.9,7.8,13.6,82.0,110.0,2005,Andre Emmett-2005,0.0,Not Selected,Guard,MEM,0.036585365853658534
2004-05,Maurice Evans,evansma01,SG,26,SAC,65,11,1233,6.9,15.6,0.442,1.1,3.4,0.32899999999999996,5.8,12.2,0.474,2.5,3.3,0.7559999999999999,3.7,4.7,8.4,1.9,1.5,0.3,1.4,4.4,17.4,110.0,110.0,2005,Maurice Evans-2005,0.0,Not Selected,Guard,SAC,0.04065040650406504
2004-05,Reggie Evans,evansre01,PF,24,SEA,79,79,1881,3.8,8.0,0.47600000000000003,0.0,0.1,0.0,3.8,7.9,0.48,3.6,6.8,0.534,7.4,14.0,21.4,1.7,1.7,0.4,3.0,5.9,11.2,107.0,105.0,2005,Reggie Evans-2005,0.0,Not Selected,Forward,OKC,0.04227642276422764
2004-05,Michael Finley,finlemi01,SG,31,DAL,64,64,2358,8.5,19.9,0.42700000000000005,2.5,6.3,0.40700000000000003,6.0,13.7,0.436,2.5,3.0,0.831,1.0,4.8,5.8,3.7,1.1,0.4,1.3,2.7,22.0,111.0,108.0,2005,Michael Finley-2005,0.0,Not Selected,Guard,DAL,0.04715447154471545
2004-05,Derek Fisher,fishede01,PG,30,GSW,74,32,2222,6.9,17.5,0.39299999999999996,2.5,6.7,0.371,4.4,10.7,0.40700000000000003,4.1,4.7,0.862,0.9,4.2,5.0,7.0,1.8,0.1,3.0,4.1,20.3,106.0,109.0,2005,Derek Fisher-2005,0.0,Not Selected,Guard,GSW,0.027642276422764227
2004-05,Marcus Fizer,fizerma01,PF,26,MIL,54,0,903,7.8,17.1,0.455,0.0,0.4,0.0,7.8,16.7,0.465,4.1,6.0,0.68,1.7,8.5,10.2,3.7,1.5,0.8,3.7,5.6,19.7,95.0,108.0,2005,Marcus Fizer-2005,0.0,Not Selected,Forward,MIL,0.024390243902439025
2004-05,Luis Flores,florelu01,PG,23,TOT,16,0,77,9.4,19.4,0.483,3.3,6.7,0.5,6.0,12.7,0.474,1.3,1.3,1.0,0.7,1.3,2.0,7.4,1.3,0.0,7.4,6.0,23.4,93.0,112.0,2005,Luis Flores-2005,0.0,Not Selected,Guard,TOT,0.03333333333333333
2004-05,Danny Fortson,fortsda01,C,28,SEA,62,0,1047,6.2,11.8,0.522,0.0,0.0,0.0,6.2,11.8,0.522,11.8,13.5,0.88,8.2,10.0,18.2,0.4,0.8,0.4,4.7,13.8,24.2,125.0,109.0,2005,Danny Fortson-2005,0.0,Not Selected,Center,OKC,0.04227642276422764
2004-05,Jeff Foster,fosteje01,C,28,IND,61,43,1594,5.8,11.2,0.519,0.0,0.2,0.0,5.8,11.0,0.527,3.1,4.9,0.634,7.1,11.9,19.0,1.5,1.6,0.4,1.9,6.4,14.7,118.0,102.0,2005,Jeff Foster-2005,0.0,Not Selected,Center,IND,0.03577235772357724
2004-05,Tremaine Fowlkes,fowlktr01,SF,28,IND,8,0,56,8.8,16.7,0.529,1.0,2.9,0.33299999999999996,7.9,13.8,0.5710000000000001,0.0,2.0,0.0,2.9,4.9,7.9,0.0,2.0,0.0,4.9,6.9,18.7,84.0,106.0,2005,Tremaine Fowlkes-2005,0.0,Not Selected,Forward,IND,0.03577235772357724
2004-05,Adonal Foyle,foylead01,C,29,GSW,78,50,1700,4.7,9.4,0.502,0.0,0.0,0.0,4.7,9.4,0.502,1.2,2.2,0.556,5.0,8.0,13.0,1.7,0.8,4.8,1.8,6.1,10.7,108.0,104.0,2005,Adonal Foyle-2005,0.0,Not Selected,Center,GSW,0.027642276422764227
2004-05,Richie Frahm,frahmri01,SG,27,POR,43,0,499,6.0,15.0,0.4,3.3,8.6,0.38799999999999996,2.7,6.4,0.41700000000000004,2.2,2.7,0.84,1.8,4.7,6.5,3.2,1.6,0.4,1.5,3.7,17.6,114.0,110.0,2005,Richie Frahm-2005,0.0,Not Selected,Guard,POR,0.02195121951219512
2004-05,Steve Francis,francst01,PG,27,ORL,78,78,2978,9.6,22.6,0.423,0.6,2.2,0.299,8.9,20.5,0.436,8.5,10.3,0.823,2.1,5.5,7.7,9.3,1.9,0.5,5.4,4.6,28.3,105.0,108.0,2005,Steve Francis-2005,0.0,Not Selected,Guard,ORL,0.02926829268292683
2004-05,Matt Freije,freijma01,PF,23,NOH,23,11,441,4.6,15.8,0.29100000000000004,1.7,6.7,0.259,2.9,9.1,0.315,0.6,1.0,0.625,2.0,5.6,7.6,2.5,1.6,0.2,2.1,5.0,11.6,78.0,109.0,2005,Matt Freije-2005,0.0,Not Selected,Forward,NOP,0.014634146341463415
2004-05,Lawrence Funderburke,fundela01,PF,34,CHI,2,0,21,7.4,14.8,0.5,0.0,0.0,0.0,7.4,14.8,0.5,7.4,12.4,0.6,2.5,4.9,7.4,0.0,0.0,0.0,0.0,4.9,22.3,121.0,106.0,2005,Lawrence Funderburke-2005,0.0,Not Selected,Forward,CHI,0.038211382113821135
2004-05,Dan Gadzuric,gadzuda01,C,26,MIL,81,81,1783,7.2,13.4,0.539,0.0,0.0,0.0,7.2,13.4,0.539,3.2,5.9,0.5379999999999999,7.7,12.2,20.0,0.9,1.4,3.1,2.4,6.6,17.6,113.0,104.0,2005,Dan Gadzuric-2005,0.0,Not Selected,Center,MIL,0.024390243902439025
2004-05,Reece Gaines,gainere01,PG,24,TOT,21,0,187,4.9,14.3,0.34,1.1,4.0,0.28600000000000003,3.7,10.3,0.361,0.9,1.1,0.75,0.3,3.7,4.0,2.0,1.4,0.3,2.0,4.9,11.7,79.0,108.0,2005,Reece Gaines-2005,0.0,Not Selected,Guard,TOT,0.03333333333333333
2004-05,Alex Garcia,garcial01,SG,24,NOH,8,3,146,6.8,19.5,0.34600000000000003,1.9,6.8,0.278,4.9,12.8,0.382,1.1,1.5,0.75,2.6,3.0,5.6,6.8,1.5,0.4,3.0,5.6,16.5,91.0,111.0,2005,Alex Garcia-2005,0.0,Not Selected,Guard,NOP,0.014634146341463415
2004-05,Kevin Garnett,garneke01,PF,28,MIN,82,82,3121,11.8,23.5,0.502,0.1,0.4,0.24,11.7,23.0,0.507,7.7,9.5,0.8109999999999999,4.3,14.9,19.1,8.0,2.1,1.9,3.8,3.6,31.4,117.0,99.0,2005,Kevin Garnett-2005,2.0,2nd,Forward,MIN,0.03577235772357724
2004-05,Pat Garrity,garripa01,PF,28,ORL,71,0,955,6.5,16.2,0.402,2.6,7.8,0.33299999999999996,3.9,8.4,0.465,1.5,1.8,0.879,1.1,5.5,6.6,1.6,1.0,0.5,1.6,5.7,17.2,104.0,110.0,2005,Pat Garrity-2005,0.0,Not Selected,Forward,ORL,0.02926829268292683
2004-05,Pau Gasol,gasolpa01,PF,24,MEM,56,53,1790,10.8,21.1,0.514,0.0,0.2,0.16699999999999998,10.8,20.9,0.517,8.5,11.1,0.768,3.9,8.5,12.4,4.1,1.1,2.8,4.2,4.4,30.2,112.0,102.0,2005,Pau Gasol-2005,0.0,Not Selected,Forward,MEM,0.036585365853658534
2004-05,Devean George,georgde01,SF,27,LAL,15,3,306,6.4,18.0,0.35600000000000004,3.6,10.0,0.36200000000000004,2.8,7.9,0.348,2.6,3.5,0.75,2.2,6.9,9.2,2.4,1.4,0.3,2.1,5.5,19.0,103.0,112.0,2005,Devean George-2005,0.0,Not Selected,Forward,LAL,0.027642276422764227
2004-05,Eddie Gill,gilled01,PG,26,IND,73,3,1021,4.4,13.0,0.335,1.9,6.3,0.308,2.4,6.7,0.36,3.8,4.4,0.877,0.9,5.2,6.0,4.5,3.2,0.3,3.2,5.7,14.5,95.0,103.0,2005,Eddie Gill-2005,0.0,Not Selected,Guard,IND,0.03577235772357724
2004-05,Kendall Gill,gillke01,SG,36,MIL,14,0,284,6.0,14.9,0.4,0.6,1.7,0.33299999999999996,5.4,13.2,0.408,3.4,3.7,0.9,2.0,4.8,6.9,5.0,2.6,0.7,1.7,6.9,15.8,107.0,108.0,2005,Kendall Gill-2005,0.0,Not Selected,Guard,MIL,0.024390243902439025
2004-05,Manu Ginóbili,ginobma01,SG,27,SAS,74,74,2193,9.0,19.2,0.47100000000000003,2.4,6.4,0.376,6.6,12.8,0.517,8.7,10.9,0.8029999999999999,1.8,6.3,8.1,7.1,2.9,0.7,4.2,4.7,29.2,117.0,98.0,2005,Manu Ginóbili-2005,0.0,Not Selected,Guard,SAS,0.04796747967479675
2004-05,Gordan Giriček,giricgo01,SG,27,UTA,81,44,1660,9.3,20.7,0.44799999999999995,1.2,3.4,0.36200000000000004,8.0,17.2,0.465,3.6,4.5,0.81,0.8,5.1,6.0,4.5,1.5,0.4,2.9,5.1,23.4,103.0,111.0,2005,Gordan Giriček-2005,0.0,Not Selected,Guard,UTA,0.02113821138211382
2004-05,Dion Glover,glovedi01,SG,26,SAS,7,0,68,6.4,17.5,0.364,0.8,6.4,0.125,5.6,11.1,0.5,6.4,7.9,0.8,2.4,6.4,8.7,3.2,2.4,2.4,1.6,7.1,19.8,106.0,97.0,2005,Dion Glover-2005,0.0,Not Selected,Guard,SAS,0.04796747967479675
2004-05,Anthony Goldwire,goldwan01,PG,33,TOT,33,2,537,5.6,13.4,0.419,3.2,7.9,0.4,2.5,5.5,0.446,2.6,3.1,0.8390000000000001,1.0,4.8,5.8,7.7,1.5,0.0,1.5,3.2,17.0,125.0,111.0,2005,Anthony Goldwire-2005,0.0,Not Selected,Guard,TOT,0.03333333333333333
2004-05,Drew Gooden,goodedr01,PF,23,CLE,82,80,2523,9.8,20.0,0.49200000000000005,0.1,0.6,0.179,9.7,19.4,0.502,5.3,6.6,0.81,4.4,11.6,16.0,2.8,1.6,1.6,2.8,4.9,25.1,112.0,102.0,2005,Drew Gooden-2005,0.0,Not Selected,Forward,CLE,0.03414634146341464
2004-05,Ben Gordon,gordobe01,SG,21,CHI,82,3,2002,11.3,27.4,0.41100000000000003,3.5,8.6,0.405,7.8,18.8,0.414,6.0,7.0,0.863,1.4,4.1,5.6,4.3,1.4,0.3,4.8,5.8,32.0,100.0,103.0,2005,Ben Gordon-2005,0.0,Not Selected,Guard,CHI,0.038211382113821135
2004-05,Brian Grant,grantbr01,C,32,LAL,69,8,1136,4.8,9.7,0.493,0.0,0.0,0.0,4.8,9.7,0.493,2.7,3.7,0.722,4.7,7.3,12.0,1.6,1.1,1.1,2.0,8.1,12.2,112.0,111.0,2005,Brian Grant-2005,0.0,Not Selected,Center,LAL,0.027642276422764227
2004-05,Willie Green,greenwi01,SG,23,PHI,57,21,1066,7.4,20.1,0.366,1.4,5.0,0.28600000000000003,5.9,15.1,0.39299999999999996,4.6,5.9,0.7759999999999999,1.0,5.3,6.3,4.7,1.6,0.3,3.6,5.7,20.7,91.0,106.0,2005,Willie Green-2005,0.0,Not Selected,Guard,PHI,0.034959349593495934
2004-05,Adrian Griffin,griffad01,SF,30,CHI,69,1,667,4.5,12.5,0.36,0.2,0.7,0.222,4.4,11.8,0.368,2.6,3.4,0.75,4.0,7.3,11.4,4.1,3.3,0.3,2.3,6.1,11.8,96.0,97.0,2005,Adrian Griffin-2005,0.0,Not Selected,Forward,CHI,0.038211382113821135
2004-05,Eddie Griffin,griffed01,PF,22,MIN,70,0,1492,7.3,18.9,0.387,2.4,7.4,0.32799999999999996,4.9,11.5,0.425,2.0,2.8,0.718,4.6,11.7,16.4,1.9,0.8,4.3,2.0,4.3,19.0,102.0,101.0,2005,Eddie Griffin-2005,0.0,Not Selected,Forward,MIN,0.03577235772357724
2004-05,Tom Gugliotta,guglito01,PF,35,TOT,47,9,966,5.4,13.0,0.41100000000000003,0.4,1.4,0.308,4.9,11.6,0.423,1.8,2.3,0.767,3.0,7.3,10.3,3.7,2.2,0.9,3.1,5.6,12.9,93.0,108.0,2005,Tom Gugliotta-2005,0.0,Not Selected,Forward,TOT,0.03333333333333333
2004-05,Marcus Haislip,haislma01,PF,24,IND,9,0,106,6.8,19.7,0.342,0.0,0.5,0.0,6.8,19.2,0.35100000000000003,3.1,5.7,0.545,2.6,5.2,7.8,1.6,1.0,1.0,3.1,7.8,16.6,77.0,107.0,2005,Marcus Haislip-2005,0.0,Not Selected,Forward,IND,0.03577235772357724
2004-05,Darvin Ham,hamda01,SF,31,DET,47,0,275,3.4,7.4,0.45899999999999996,0.0,0.0,0.0,3.4,7.4,0.45899999999999996,2.4,6.2,0.387,3.8,3.2,7.0,1.0,1.2,1.4,1.6,7.8,9.2,96.0,105.0,2005,Darvin Ham-2005,0.0,Not Selected,Forward,DET,0.04390243902439024
2004-05,Richard Hamilton,hamilri01,SG,26,DET,76,76,2926,9.6,21.8,0.44,0.7,2.2,0.305,8.9,19.6,0.455,6.9,8.1,0.858,1.4,4.2,5.6,7.0,1.4,0.2,4.1,4.4,26.8,106.0,105.0,2005,Richard Hamilton-2005,0.0,Not Selected,Guard,DET,0.04390243902439024
2004-05,Zendon Hamilton,hamilze01,C,29,MIL,16,0,159,3.7,10.6,0.344,0.0,0.0,0.0,3.7,10.6,0.344,9.6,16.0,0.604,6.0,8.0,14.0,2.0,1.7,0.7,4.0,8.6,17.0,98.0,108.0,2005,Zendon Hamilton-2005,0.0,Not Selected,Center,MIL,0.024390243902439025
2004-05,Ben Handlogten,handlbe01,C,31,UTA,21,5,297,7.9,15.2,0.518,0.0,0.2,0.0,7.9,15.0,0.524,1.6,3.1,0.529,4.2,7.7,11.9,2.4,1.3,0.9,3.3,10.1,17.4,99.0,109.0,2005,Ben Handlogten-2005,0.0,Not Selected,Center,UTA,0.02113821138211382
2004-05,Anfernee Hardaway,hardaan01,SF,33,NYK,37,0,894,6.5,15.4,0.423,0.9,3.0,0.3,5.6,12.4,0.452,2.0,2.7,0.7390000000000001,1.1,4.1,5.3,4.4,1.7,0.2,3.0,4.7,15.9,95.0,111.0,2005,Anfernee Hardaway-2005,0.0,Not Selected,Forward,NYK,0.026829268292682926
2004-05,Matt Harpring,harprma01,SF,28,UTA,78,55,2584,8.8,18.0,0.489,0.2,0.9,0.209,8.6,17.1,0.504,5.2,6.6,0.778,4.1,6.0,10.1,3.0,1.5,0.3,2.8,5.3,22.9,111.0,111.0,2005,Matt Harpring-2005,0.0,Not Selected,Forward,UTA,0.02113821138211382
2004-05,Al Harrington,harrial01,SF,24,ATL,66,66,2550,9.3,20.3,0.45899999999999996,0.3,1.5,0.21600000000000003,9.0,18.8,0.479,4.9,7.2,0.672,3.0,6.5,9.5,4.3,1.8,0.3,4.2,5.1,23.8,99.0,111.0,2005,Al Harrington-2005,0.0,Not Selected,Forward,ATL,0.01056910569105691
2004-05,Junior Harrington,harriju01,SG,24,NOH,29,7,550,6.4,17.7,0.36,0.6,1.9,0.316,5.8,15.8,0.365,2.9,3.5,0.8290000000000001,1.3,5.0,6.3,6.2,2.5,0.5,4.1,7.2,16.2,85.0,107.0,2005,Junior Harrington-2005,0.0,Not Selected,Guard,NOP,0.014634146341463415
2004-05,Othella Harrington,harriot01,PF,31,CHI,70,28,1271,8.9,17.3,0.512,0.0,0.0,0.0,8.9,17.3,0.512,5.2,7.2,0.718,4.3,7.6,11.9,2.3,1.0,0.7,3.4,7.7,22.9,107.0,101.0,2005,Othella Harrington-2005,0.0,Not Selected,Forward,CHI,0.038211382113821135
2004-05,Devin Harris,harride01,PG,21,DAL,76,19,1173,6.9,16.2,0.429,1.9,5.8,0.336,5.0,10.4,0.48100000000000004,3.4,4.5,0.757,1.2,3.3,4.5,7.5,3.4,0.8,3.6,6.1,19.2,106.0,104.0,2005,Devin Harris-2005,0.0,Not Selected,Guard,DAL,0.04715447154471545
2004-05,Lucious Harris,harrilu01,SG,34,CLE,73,4,1128,5.6,14.2,0.395,1.0,3.1,0.32299999999999995,4.6,11.1,0.415,2.7,3.3,0.812,1.8,3.9,5.7,2.3,1.3,0.3,1.4,3.2,14.8,104.0,110.0,2005,Lucious Harris-2005,0.0,Not Selected,Guard,CLE,0.03414634146341464
2004-05,David Harrison,harrida01,C,22,IND,43,14,760,7.7,13.3,0.5760000000000001,0.0,0.0,0.0,7.7,13.3,0.5760000000000001,3.8,6.6,0.5710000000000001,3.5,6.3,9.8,0.9,1.2,4.0,3.8,9.7,19.1,102.0,103.0,2005,David Harrison-2005,0.0,Not Selected,Center,IND,0.03577235772357724
2004-05,Jason Hart,hartja01,PG,26,CHA,74,27,1887,7.1,15.8,0.449,1.0,2.6,0.368,6.1,13.2,0.46399999999999997,4.3,5.5,0.785,0.5,5.1,5.6,10.1,2.7,0.4,2.8,4.6,19.5,112.0,107.0,2005,Jason Hart-2005,0.0,Not Selected,Guard,CHO,0.014634146341463415
2004-05,Donnell Harvey,harvedo01,PF,24,NJN,3,0,16,6.7,6.7,1.0,0.0,0.0,0.0,6.7,6.7,1.0,13.5,13.5,1.0,6.7,16.8,23.6,3.4,3.4,3.4,3.4,6.7,26.9,175.0,90.0,2005,Donnell Harvey-2005,0.0,Not Selected,Forward,BRK,0.03414634146341464
2004-05,Udonis Haslem,hasleud01,PF,24,MIA,80,80,2675,6.8,12.7,0.54,0.0,0.1,0.0,6.8,12.6,0.5429999999999999,3.5,4.4,0.7909999999999999,4.7,9.6,14.3,2.1,1.2,0.8,2.2,5.1,17.2,118.0,102.0,2005,Udonis Haslem-2005,0.0,Not Selected,Forward,MIA,0.04796747967479675
2004-05,Trenton Hassell,hassetr01,SG,25,MIN,82,51,2068,5.9,12.4,0.474,0.0,0.3,0.091,5.8,12.1,0.483,2.3,3.0,0.789,2.1,3.6,5.7,3.3,0.8,0.8,1.7,5.2,14.1,108.0,111.0,2005,Trenton Hassell-2005,0.0,Not Selected,Guard,MIN,0.03577235772357724
2004-05,Jarvis Hayes,hayesja01,SF,23,WAS,54,22,1560,6.8,17.5,0.389,1.4,4.1,0.341,5.4,13.4,0.40299999999999997,3.3,3.9,0.8390000000000001,1.4,6.1,7.5,3.0,1.6,0.3,2.0,3.5,18.2,101.0,109.0,2005,Jarvis Hayes-2005,0.0,Not Selected,Forward,WAS,0.036585365853658534
2004-05,Brendan Haywood,haywobr01,C,25,WAS,68,68,1865,6.6,11.8,0.56,0.0,0.0,0.0,6.6,11.8,0.56,4.4,7.2,0.609,5.6,7.2,12.8,1.6,1.4,3.1,2.6,6.0,17.6,115.0,106.0,2005,Brendan Haywood-2005,0.0,Not Selected,Center,WAS,0.036585365853658534
2004-05,Alan Henderson,hendeal01,PF,32,DAL,78,10,1203,5.0,9.5,0.527,0.0,0.1,0.0,5.0,9.4,0.532,1.8,3.3,0.539,7.1,7.9,15.0,0.9,1.2,1.6,2.1,6.4,11.7,114.0,104.0,2005,Alan Henderson-2005,0.0,Not Selected,Forward,DAL,0.04715447154471545
2004-05,Nenê,hilarne01,C,22,DEN,55,18,1317,7.6,15.0,0.503,0.0,0.1,0.0,7.6,15.0,0.505,5.5,8.3,0.66,4.1,8.6,12.7,3.3,1.9,1.9,3.7,6.5,20.6,105.0,102.0,2005,Nenê-2005,0.0,Not Selected,Center,DEN,0.03983739837398374
2004-05,Grant Hill,hillgr01,SF,32,ORL,67,67,2338,11.2,22.0,0.509,0.1,0.3,0.231,11.1,21.7,0.513,6.1,7.4,0.821,1.7,5.2,6.9,4.8,2.1,0.6,3.5,3.1,28.5,111.0,108.0,2005,Grant Hill-2005,0.0,Not Selected,Forward,ORL,0.02926829268292683
2004-05,Kirk Hinrich,hinriki01,PG,24,CHI,77,77,2800,8.3,20.8,0.397,2.7,7.6,0.355,5.6,13.2,0.42,3.2,4.0,0.792,0.6,5.0,5.6,9.2,2.3,0.4,3.3,4.5,22.4,104.0,101.0,2005,Kirk Hinrich-2005,0.0,Not Selected,Guard,CHI,0.038211382113821135
2004-05,Fred Hoiberg,hoibefr01,SG,32,MIN,76,0,1272,5.9,12.0,0.489,3.0,6.1,0.483,2.9,5.9,0.496,3.8,4.3,0.873,1.4,6.3,7.7,3.6,2.1,0.6,0.8,4.4,18.5,138.0,106.0,2005,Fred Hoiberg-2005,0.0,Not Selected,Guard,MIN,0.03577235772357724
2004-05,Robert Horry,horryro01,PF,34,SAS,75,16,1396,6.1,14.5,0.419,2.0,5.3,0.37,4.1,9.2,0.447,3.3,4.2,0.789,3.5,6.8,10.4,3.1,2.6,2.3,2.7,5.3,17.4,108.0,96.0,2005,Robert Horry-2005,0.0,Not Selected,Forward,SAS,0.04796747967479675
2004-05,Eddie House,houseed01,PG-SG,26,TOT,68,7,891,9.6,21.3,0.451,2.6,5.6,0.45399999999999996,7.0,15.6,0.45,1.3,1.6,0.852,0.9,3.9,4.8,5.6,2.6,0.3,2.0,3.8,23.1,109.0,109.0,2005,Eddie House-2005,0.0,Not Selected,Guard,TOT,0.03333333333333333
2004-05,Allan Houston,houstal01,SG,33,NYK,20,11,532,8.5,20.4,0.415,3.1,8.0,0.38799999999999996,5.4,12.4,0.43200000000000005,3.6,4.3,0.8370000000000001,0.4,1.9,2.3,4.2,0.8,0.2,2.1,4.0,23.6,108.0,114.0,2005,Allan Houston-2005,0.0,Not Selected,Guard,NYK,0.026829268292682926
2004-05,Dwight Howard,howardw01,PF,19,ORL,82,82,2670,6.7,12.8,0.52,0.0,0.0,0.0,6.7,12.8,0.521,5.3,7.8,0.6709999999999999,5.4,10.2,15.6,1.4,1.5,2.6,3.1,4.4,18.6,111.0,104.0,2005,Dwight Howard-2005,0.0,Not Selected,Forward,ORL,0.02926829268292683
2004-05,Josh Howard,howarjo01,SF,24,DAL,76,76,2446,8.0,16.8,0.475,0.7,2.4,0.29600000000000004,7.3,14.4,0.506,3.6,4.9,0.733,3.6,6.7,10.2,2.3,2.5,1.0,2.6,4.5,20.3,108.0,103.0,2005,Josh Howard-2005,0.0,Not Selected,Forward,DAL,0.04715447154471545
2004-05,Juwan Howard,howarju01,PF,31,HOU,61,47,1624,8.1,18.0,0.451,0.0,0.0,0.0,8.1,18.0,0.452,3.2,3.8,0.843,4.2,7.3,11.5,3.1,1.1,0.2,2.6,4.8,19.5,103.0,104.0,2005,Juwan Howard-2005,0.0,Not Selected,Forward,HOU,0.041463414634146344
2004-05,Troy Hudson,hudsotr01,PG,28,MIN,79,32,1729,8.3,20.7,0.401,2.8,8.0,0.345,5.5,12.7,0.436,2.2,2.8,0.778,0.6,2.7,3.3,8.8,0.8,0.2,3.5,3.8,21.5,101.0,112.0,2005,Troy Hudson-2005,0.0,Not Selected,Guard,MIN,0.03577235772357724
2004-05,Larry Hughes,hughela01,SG,26,WAS,61,61,2358,10.2,23.7,0.43,1.3,4.6,0.282,8.9,19.1,0.465,7.7,9.9,0.777,1.6,6.7,8.3,6.2,3.8,0.4,3.3,3.7,29.3,110.0,104.0,2005,Larry Hughes-2005,0.0,Not Selected,Guard,WAS,0.036585365853658534
2004-05,Ryan Humphrey,humphry01,SF,25,MEM,35,0,317,7.2,17.6,0.408,0.0,0.3,0.0,7.2,17.3,0.41600000000000004,3.1,6.3,0.486,8.6,6.3,14.9,1.0,1.7,0.2,3.9,6.0,17.5,91.0,105.0,2005,Ryan Humphrey-2005,0.0,Not Selected,Forward,MEM,0.036585365853658534
2004-05,Kris Humphries,humphkr01,PF,19,UTA,67,4,873,7.2,17.9,0.40399999999999997,0.1,0.4,0.33299999999999996,7.1,17.5,0.406,2.7,6.3,0.436,4.5,7.7,12.3,2.7,1.6,1.1,3.2,6.0,17.3,88.0,108.0,2005,Kris Humphries-2005,0.0,Not Selected,Forward,UTA,0.02113821138211382
2004-05,Brandon Hunter,huntebr01,PF,24,ORL,31,0,224,8.4,16.5,0.507,0.0,0.0,0.0,8.4,16.5,0.507,4.8,8.8,0.5379999999999999,5.7,10.0,15.6,0.7,0.9,1.6,5.0,9.5,21.5,95.0,106.0,2005,Brandon Hunter-2005,0.0,Not Selected,Forward,ORL,0.02926829268292683
2004-05,Lindsey Hunter,hunteli01,SG,34,DET,76,3,1144,5.2,14.5,0.358,1.1,4.0,0.27399999999999997,4.1,10.5,0.39,2.2,2.8,0.7929999999999999,1.8,4.1,5.9,6.3,3.3,0.6,3.3,6.0,13.7,93.0,100.0,2005,Lindsey Hunter-2005,0.0,Not Selected,Guard,DET,0.04390243902439024
2004-05,Steven Hunter,huntest01,C,23,PHO,76,3,1046,6.5,10.5,0.614,0.0,0.0,0.0,6.5,10.5,0.616,3.7,7.8,0.479,4.7,6.2,10.9,0.6,0.2,4.9,2.1,6.3,16.6,116.0,107.0,2005,Steven Hunter-2005,0.0,Not Selected,Center,PHO,0.05040650406504065
2004-05,Andre Iguodala,iguodan01,SG,21,PHI,82,82,2686,5.1,10.3,0.493,0.9,2.7,0.331,4.2,7.6,0.55,2.9,4.0,0.743,1.7,7.1,8.7,4.6,2.6,0.9,2.6,3.8,13.9,110.0,102.0,2005,Andre Iguodala-2005,0.0,Not Selected,Guard,PHI,0.034959349593495934
2004-05,Zydrunas Ilgauskas,ilgauzy01,C,29,CLE,78,78,2615,9.4,20.0,0.46799999999999997,0.0,0.1,0.28600000000000003,9.3,19.9,0.469,8.2,10.3,0.799,6.1,7.6,13.7,2.0,1.1,3.4,3.9,6.4,27.0,110.0,104.0,2005,Zydrunas Ilgauskas-2005,0.0,Not Selected,Center,CLE,0.03414634146341464
2004-05,D.J. Mbenga,mbengdj01,C,24,DAL,15,1,58,5.4,12.5,0.429,0.0,0.0,0.0,5.4,12.5,0.429,2.7,3.6,0.75,2.7,4.5,7.1,0.0,0.0,4.5,4.5,11.6,13.4,81.0,106.0,2005,D.J. Mbenga-2005,0.0,Not Selected,Center,DAL,0.04715447154471545
2004-05,Allen Iverson,iversal01,PG,29,PHI,75,75,3174,12.3,29.0,0.424,1.7,5.4,0.308,10.6,23.6,0.451,10.4,12.5,0.835,0.8,3.9,4.8,9.5,2.9,0.1,5.5,2.2,36.7,105.0,105.0,2005,Allen Iverson-2005,1.0,1st,Guard,PHI,0.034959349593495934
2004-05,Royal Ivey,iveyro01,PG,23,ATL,62,5,809,5.5,12.9,0.429,0.2,0.6,0.33299999999999996,5.3,12.3,0.434,3.1,4.3,0.701,1.2,4.2,5.5,6.7,2.5,0.5,3.8,9.1,14.3,95.0,111.0,2005,Royal Ivey-2005,0.0,Not Selected,Guard,ATL,0.01056910569105691
2004-05,Bobby Jackson,jacksbo01,SG,31,SAC,25,0,536,10.5,24.5,0.42700000000000005,3.2,9.2,0.344,7.3,15.3,0.478,4.8,5.6,0.862,2.2,6.0,8.2,5.7,1.3,0.2,2.7,5.6,29.0,111.0,110.0,2005,Bobby Jackson-2005,0.0,Not Selected,Guard,SAC,0.04065040650406504
2004-05,Jermaine Jackson,jacksje01,SG,28,NYK,21,0,230,3.9,7.6,0.515,0.0,0.5,0.0,3.9,7.1,0.5479999999999999,1.8,3.0,0.615,0.7,4.6,5.3,5.5,1.6,0.2,2.3,6.0,9.7,105.0,111.0,2005,Jermaine Jackson-2005,0.0,Not Selected,Guard,NYK,0.026829268292682926
2004-05,Jim Jackson,jacksji01,SF,34,TOT,64,27,1987,6.5,15.2,0.426,3.2,7.7,0.414,3.3,7.5,0.439,1.4,1.5,0.9309999999999999,0.9,6.2,7.0,4.8,0.9,0.1,3.0,4.0,17.6,105.0,107.0,2005,Jim Jackson-2005,0.0,Not Selected,Forward,TOT,0.03333333333333333
2004-05,Luke Jackson,jackslu02,SF,23,CLE,10,0,43,12.4,33.6,0.37,5.0,7.5,0.667,7.5,26.1,0.28600000000000003,6.2,7.5,0.833,2.5,5.0,7.5,3.7,0.0,0.0,2.5,5.0,36.1,105.0,112.0,2005,Luke Jackson-2005,0.0,Not Selected,Forward,CLE,0.03414634146341464
2004-05,Marc Jackson,jacksma02,C,30,PHI,81,23,1976,8.7,18.7,0.465,0.0,0.1,0.0,8.7,18.7,0.466,7.4,8.9,0.828,4.7,5.7,10.4,2.1,0.8,0.5,3.4,4.4,24.8,108.0,108.0,2005,Marc Jackson-2005,0.0,Not Selected,Center,PHI,0.034959349593495934
2004-05,Stephen Jackson,jacksst02,SF,26,IND,51,49,1806,10.1,25.0,0.40299999999999997,3.1,8.7,0.36,6.9,16.2,0.426,5.8,7.0,0.83,1.3,6.3,7.6,3.6,2.0,0.4,3.7,4.7,29.1,101.0,105.0,2005,Stephen Jackson-2005,0.0,Not Selected,Forward,IND,0.03577235772357724
2004-05,Casey Jacobsen,jacobca01,SG-SF,23,TOT,84,1,1798,4.8,12.0,0.40399999999999997,1.9,5.2,0.373,2.9,6.8,0.429,4.4,5.6,0.7859999999999999,1.0,3.9,4.9,3.3,1.0,0.2,2.1,3.0,16.0,111.0,112.0,2005,Casey Jacobsen-2005,0.0,Not Selected,Forward,TOT,0.03333333333333333
2004-05,Jerome James,jamesje01,C,29,SEA,80,80,1330,7.1,14.0,0.509,0.0,0.1,0.0,7.1,14.0,0.512,1.9,2.7,0.723,3.3,6.6,9.9,0.8,0.9,4.6,3.6,11.5,16.2,97.0,107.0,2005,Jerome James-2005,0.0,Not Selected,Center,OKC,0.04227642276422764
2004-05,LeBron James,jamesle01,SF,20,CLE,80,80,3388,12.6,26.6,0.47200000000000003,1.7,4.9,0.35100000000000003,10.8,21.7,0.499,7.5,10.0,0.75,1.8,7.5,9.3,9.1,2.8,0.8,4.1,2.3,34.3,114.0,103.0,2005,LeBron James-2005,2.0,2nd,Forward,CLE,0.03414634146341464
2004-05,Mike James,jamesmi01,PG,29,TOT,74,5,1859,9.5,21.5,0.441,2.9,7.4,0.386,6.6,14.1,0.47,3.1,4.2,0.752,1.0,5.0,6.0,7.5,1.9,0.2,3.0,5.0,25.0,108.0,108.0,2005,Mike James-2005,0.0,Not Selected,Guard,TOT,0.03333333333333333
2004-05,Antawn Jamison,jamisan01,PF,28,WAS,68,68,2605,10.2,23.5,0.43700000000000006,1.4,4.1,0.341,8.8,19.4,0.457,4.4,5.8,0.76,3.2,7.1,10.2,3.0,1.1,0.3,2.3,3.0,26.3,108.0,109.0,2005,Antawn Jamison-2005,0.0,Not Selected,Forward,WAS,0.036585365853658534
2004-05,Marko Jarić,jaricma01,PG,26,LAC,50,41,1656,6.1,14.9,0.414,1.8,4.9,0.371,4.3,10.0,0.435,1.9,2.7,0.72,0.7,4.6,5.2,9.9,2.7,0.6,3.2,3.5,16.0,104.0,106.0,2005,Marko Jarić-2005,0.0,Not Selected,Guard,LAC,0.03008130081300813
2004-05,Al Jefferson,jeffeal01,PF,20,BOS,71,1,1051,9.5,18.1,0.528,0.0,0.1,0.0,9.5,17.9,0.5329999999999999,4.2,6.6,0.63,5.8,9.4,15.3,1.2,1.1,2.7,3.2,9.5,23.3,108.0,104.0,2005,Al Jefferson-2005,0.0,Not Selected,Forward,BOS,0.036585365853658534
2004-05,Richard Jefferson,jefferi01,SF,24,NJN,33,33,1355,9.5,22.4,0.42200000000000004,1.2,3.5,0.337,8.3,18.9,0.43799999999999994,9.0,10.7,0.8440000000000001,1.9,7.6,9.5,5.3,1.3,0.7,5.2,4.3,29.1,100.0,104.0,2005,Richard Jefferson-2005,0.0,Not Selected,Forward,BRK,0.03414634146341464
2004-05,Jared Jeffries,jeffrja01,SF,23,WAS,77,71,2007,5.2,11.1,0.46799999999999997,0.4,1.3,0.314,4.8,9.8,0.488,2.6,4.4,0.584,3.9,5.7,9.6,3.9,1.7,0.9,2.9,5.3,13.4,104.0,108.0,2005,Jared Jeffries-2005,0.0,Not Selected,Forward,WAS,0.036585365853658534
2004-05,Horace Jenkins,jenkiho01,PG,30,DET,15,0,104,7.9,23.8,0.33299999999999996,0.0,4.8,0.0,7.9,19.1,0.41700000000000004,6.4,6.9,0.9229999999999999,1.6,3.2,4.8,4.8,2.6,0.5,3.7,3.2,22.2,89.0,103.0,2005,Horace Jenkins-2005,0.0,Not Selected,Guard,DET,0.04390243902439024
2004-05,Britton Johnsen,johnsbr01,SF,25,IND,6,1,87,3.8,13.9,0.273,0.0,2.5,0.0,3.8,11.4,0.33299999999999996,0.0,0.0,0.0,3.2,3.2,6.3,2.5,0.6,0.0,1.9,6.3,7.6,70.0,110.0,2005,Britton Johnsen-2005,0.0,Not Selected,Forward,IND,0.03577235772357724
2004-05,Anthony Johnson,johnsan02,PG,30,IND,63,36,1747,6.4,14.4,0.445,1.3,3.4,0.38,5.1,11.0,0.466,2.7,3.6,0.752,1.0,4.6,5.6,9.5,1.9,0.5,3.0,4.5,16.8,109.0,106.0,2005,Anthony Johnson-2005,0.0,Not Selected,Guard,IND,0.03577235772357724
2004-05,DerMarr Johnson,johnsde03,SG,24,DEN,71,40,1232,7.7,15.5,0.499,2.2,6.2,0.358,5.5,9.3,0.5920000000000001,3.3,4.2,0.792,1.8,4.5,6.3,3.1,1.8,0.7,2.7,5.8,21.0,113.0,106.0,2005,DerMarr Johnson-2005,0.0,Not Selected,Guard,DEN,0.03983739837398374
2004-05,Ervin Johnson,johnser02,C,37,MIN,46,23,410,3.7,7.1,0.519,0.1,0.1,1.0,3.5,7.0,0.509,2.1,3.3,0.64,5.7,9.2,14.9,0.8,0.9,1.7,2.4,11.3,9.6,109.0,105.0,2005,Ervin Johnson-2005,0.0,Not Selected,Center,MIN,0.03577235772357724
2004-05,Joe Johnson,johnsjo02,SF,23,PHO,82,82,3240,8.4,18.2,0.461,2.7,5.7,0.478,5.7,12.5,0.45399999999999996,2.1,2.8,0.75,1.9,4.7,6.5,4.5,1.2,0.4,2.3,2.6,21.6,113.0,110.0,2005,Joe Johnson-2005,0.0,Not Selected,Forward,PHO,0.05040650406504065
2004-05,Linton Johnson,johnsli01,SF,24,SAS,2,0,15,0.0,7.2,0.0,0.0,3.6,0.0,0.0,3.6,0.0,0.0,0.0,0.0,0.0,10.8,10.8,0.0,3.6,0.0,3.6,3.6,0.0,0.0,94.0,2005,Linton Johnson-2005,0.0,Not Selected,Forward,SAS,0.04796747967479675
2004-05,Dahntay Jones,jonesda02,SG,24,MEM,52,7,649,6.9,15.9,0.43700000000000006,1.9,5.0,0.38299999999999995,5.0,10.9,0.462,3.7,5.4,0.688,0.9,4.8,5.8,1.8,1.1,0.9,2.4,6.8,19.5,101.0,106.0,2005,Dahntay Jones-2005,0.0,Not Selected,Guard,MEM,0.036585365853658534
2004-05,Damon Jones,jonesda01,PG,28,MIA,82,66,2576,6.8,14.9,0.456,4.6,10.7,0.43200000000000005,2.2,4.2,0.517,1.4,1.8,0.7909999999999999,0.3,4.5,4.7,7.2,0.9,0.1,2.0,2.5,19.6,124.0,107.0,2005,Damon Jones-2005,0.0,Not Selected,Guard,MIA,0.04796747967479675
2004-05,Eddie Jones,jonesed02,SF,33,MIA,80,80,2839,6.5,15.3,0.428,2.6,7.1,0.37200000000000005,3.9,8.2,0.47700000000000004,3.2,4.0,0.8059999999999999,0.7,6.8,7.5,3.9,1.6,0.7,1.8,4.7,19.0,113.0,104.0,2005,Eddie Jones-2005,0.0,Not Selected,Forward,MIA,0.04796747967479675
2004-05,Fred Jones,jonesfr01,SG,25,IND,77,14,2268,6.7,15.7,0.425,2.1,5.6,0.38,4.6,10.1,0.45,4.3,5.0,0.85,0.8,5.0,5.9,4.8,1.5,0.8,2.8,4.2,19.7,108.0,107.0,2005,Fred Jones-2005,0.0,Not Selected,Guard,IND,0.03577235772357724
2004-05,James Jones,jonesja02,SF,24,IND,75,24,1330,5.2,13.2,0.396,2.7,6.9,0.39799999999999996,2.5,6.3,0.395,2.2,2.6,0.855,1.6,5.6,7.2,2.4,1.3,1.2,1.8,5.1,15.4,108.0,106.0,2005,James Jones-2005,0.0,Not Selected,Forward,IND,0.03577235772357724
2004-05,Jumaine Jones,jonesju01,SF,25,LAL,76,23,1830,6.1,14.0,0.43200000000000005,2.9,7.5,0.391,3.1,6.5,0.48,1.6,2.2,0.733,3.1,8.4,11.5,1.9,1.3,0.7,1.4,4.8,16.7,116.0,111.0,2005,Jumaine Jones-2005,0.0,Not Selected,Forward,LAL,0.027642276422764227
2004-05,Mark Jones,jonesma03,SF,29,ORL,10,0,116,3.9,13.5,0.29,0.0,1.7,0.0,3.9,11.8,0.33299999999999996,2.2,4.4,0.5,2.6,3.1,5.7,2.6,2.2,0.9,1.3,7.0,10.0,81.0,109.0,2005,Mark Jones-2005,0.0,Not Selected,Forward,ORL,0.02926829268292683
2004-05,Chris Kaman,kamanch01,C,22,LAC,63,50,1632,8.1,16.3,0.49700000000000005,0.0,0.0,0.0,8.1,16.3,0.498,2.6,4.0,0.6609999999999999,4.5,9.5,14.0,2.4,0.9,2.2,3.8,6.0,18.9,98.0,105.0,2005,Chris Kaman-2005,0.0,Not Selected,Center,LAC,0.03008130081300813
2004-05,Jason Kapono,kaponja01,SF,23,CHA,81,14,1491,9.4,23.4,0.401,2.8,6.8,0.41200000000000003,6.6,16.6,0.396,2.4,3.0,0.8240000000000001,1.1,4.6,5.7,2.1,1.4,0.2,1.6,4.6,24.0,101.0,111.0,2005,Jason Kapono-2005,0.0,Not Selected,Forward,CHO,0.014634146341463415
2004-05,Mario Kasun,kasunma01,C,24,ORL,45,0,356,6.7,13.9,0.48,0.0,0.1,0.0,6.7,13.8,0.485,3.4,6.1,0.5579999999999999,7.4,10.8,18.2,1.1,1.1,1.9,3.7,12.2,16.8,100.0,104.0,2005,Mario Kasun-2005,0.0,Not Selected,Center,ORL,0.02926829268292683
2004-05,Viktor Khryapa,khryavi01,SF,22,POR,32,5,523,5.5,12.7,0.435,0.4,1.1,0.364,5.1,11.5,0.442,2.4,4.3,0.5479999999999999,2.9,8.2,11.0,2.6,2.0,1.8,3.4,8.2,13.8,91.0,105.0,2005,Viktor Khryapa-2005,0.0,Not Selected,Forward,POR,0.02195121951219512
2004-05,Jason Kidd,kiddja01,PG,31,NJN,66,65,2435,7.5,18.9,0.39799999999999996,2.9,7.9,0.36,4.7,11.0,0.425,3.1,4.2,0.74,2.1,8.7,10.8,12.1,2.7,0.2,3.7,2.4,21.0,107.0,101.0,2005,Jason Kidd-2005,0.0,Not Selected,Guard,BRK,0.03414634146341464
2004-05,Andrei Kirilenko,kirilan01,PF,23,UTA,41,37,1349,8.3,16.9,0.493,0.9,3.1,0.299,7.4,13.8,0.536,8.2,10.4,0.784,3.6,6.7,10.3,5.3,2.7,5.5,3.6,4.1,25.8,117.0,102.0,2005,Andrei Kirilenko-2005,0.0,Not Selected,Forward,UTA,0.02113821138211382
2004-05,Kerry Kittles,kittlke01,SG,30,LAC,11,0,243,6.2,16.2,0.384,1.6,4.7,0.33299999999999996,4.7,11.5,0.40399999999999997,1.3,2.2,0.6,0.2,6.9,7.1,4.4,1.8,0.7,1.6,2.7,15.3,96.0,107.0,2005,Kerry Kittles-2005,0.0,Not Selected,Guard,LAC,0.03008130081300813
2004-05,Brandin Knight,knighbr02,PG,23,HOU,1,0,3,0.0,18.0,0.0,0.0,0.0,0.0,0.0,18.0,0.0,0.0,0.0,0.0,0.0,0.0,0.0,18.0,0.0,0.0,0.0,0.0,0.0,53.0,111.0,2005,Brandin Knight-2005,0.0,Not Selected,Guard,HOU,0.041463414634146344
2004-05,Brevin Knight,knighbr01,PG,29,CHA,66,61,1944,6.6,15.7,0.42200000000000004,0.1,0.5,0.15,6.6,15.2,0.43200000000000005,4.5,5.2,0.852,0.6,4.0,4.5,15.8,3.5,0.1,3.9,5.1,17.8,108.0,107.0,2005,Brevin Knight-2005,0.0,Not Selected,Guard,CHO,0.014634146341463415
2004-05,Kyle Korver,korveky01,SF,23,PHI,82,57,2667,6.0,14.4,0.418,4.3,10.6,0.405,1.7,3.8,0.45299999999999996,1.6,1.8,0.8540000000000001,0.8,6.4,7.2,3.4,2.0,0.6,2.0,5.0,17.9,112.0,105.0,2005,Kyle Korver-2005,0.0,Not Selected,Forward,PHI,0.034959349593495934
2004-05,Nenad Krstić,krstine01,PF,21,NJN,75,57,1965,7.7,15.6,0.493,0.0,0.1,0.0,7.7,15.6,0.495,5.1,7.0,0.725,4.4,6.6,11.0,2.1,0.9,1.7,3.1,7.7,20.5,106.0,104.0,2005,Nenad Krstić-2005,0.0,Not Selected,Forward,BRK,0.03414634146341464
2004-05,Toni Kukoč,kukocto01,SF,36,MIL,53,6,1099,5.1,12.3,0.41,2.0,5.6,0.36200000000000004,3.0,6.7,0.45,2.1,2.9,0.721,1.5,6.2,7.7,7.7,1.9,0.6,3.1,3.4,14.2,106.0,109.0,2005,Toni Kukoč-2005,0.0,Not Selected,Forward,MIL,0.024390243902439025
2004-05,Ibo Kutluay,kutluib01,SG,30,SEA,5,0,12,0.0,4.6,0.0,0.0,0.0,0.0,0.0,4.6,0.0,0.0,0.0,0.0,0.0,4.6,4.6,0.0,0.0,0.0,9.1,4.6,0.0,0.0,115.0,2005,Ibo Kutluay-2005,0.0,Not Selected,Guard,OKC,0.04227642276422764
2004-05,Christian Laettner,laettch01,PF,35,MIA,49,0,739,7.7,13.2,0.5820000000000001,0.1,0.5,0.14300000000000002,7.6,12.7,0.599,3.2,4.2,0.763,2.6,6.8,9.4,2.9,2.3,1.1,2.1,5.6,18.6,120.0,102.0,2005,Christian Laettner-2005,0.0,Not Selected,Forward,MIA,0.04796747967479675
2004-05,Raef LaFrentz,lafrera01,PF,28,BOS,80,80,2196,8.0,16.1,0.496,1.9,5.3,0.364,6.1,10.8,0.5589999999999999,2.8,3.5,0.8109999999999999,3.6,9.3,13.0,2.3,1.0,2.3,1.6,6.1,20.7,120.0,105.0,2005,Raef LaFrentz-2005,0.0,Not Selected,Forward,BOS,0.036585365853658534
2004-05,Maciej Lampe,lampema01,C,19,TOT,37,0,380,6.9,18.5,0.371,0.3,0.6,0.5,6.6,17.9,0.36700000000000005,2.1,3.1,0.682,3.4,9.1,12.5,1.5,0.7,1.0,2.4,7.1,16.1,86.0,107.0,2005,Maciej Lampe-2005,0.0,Not Selected,Center,TOT,0.03333333333333333
2004-05,Voshon Lenard,lenarvo01,SG,31,DEN,3,1,54,9.5,24.7,0.385,3.8,11.4,0.33299999999999996,5.7,13.3,0.429,4.8,7.6,0.625,0.0,5.7,5.7,5.7,1.0,0.0,1.9,1.9,27.6,104.0,108.0,2005,Voshon Lenard-2005,0.0,Not Selected,Guard,DEN,0.03983739837398374
2004-05,Rashard Lewis,lewisra02,SF,25,SEA,71,71,2697,10.8,23.3,0.462,3.5,8.7,0.4,7.3,14.6,0.499,4.5,5.7,0.777,2.2,5.6,7.9,1.9,1.5,1.3,2.5,3.2,29.5,117.0,110.0,2005,Rashard Lewis-2005,0.0,Not Selected,Forward,OKC,0.04227642276422764
2004-05,Randy Livingston,livinra01,PG,29,UTA,17,4,227,5.3,12.4,0.423,1.2,1.9,0.625,4.1,10.5,0.386,3.6,4.1,0.882,0.7,2.2,2.9,10.8,2.9,0.5,3.4,6.7,15.3,111.0,110.0,2005,Randy Livingston-2005,0.0,Not Selected,Guard,UTA,0.02113821138211382
2004-05,Shaun Livingston,livinsh01,PG,19,LAC,30,15,814,5.9,14.2,0.414,0.0,0.1,0.0,5.9,14.1,0.418,2.9,3.9,0.746,1.5,4.4,5.9,10.0,2.1,0.7,5.0,5.4,14.7,92.0,107.0,2005,Shaun Livingston-2005,0.0,Not Selected,Guard,LAC,0.03008130081300813
2004-05,Raül López,lopezra01,PG,24,UTA,31,15,518,6.0,14.2,0.42200000000000004,2.1,4.7,0.444,3.9,9.4,0.41100000000000003,2.8,3.5,0.818,0.7,3.4,4.1,12.9,2.3,0.3,4.9,8.2,16.9,105.0,110.0,2005,Raül López-2005,0.0,Not Selected,Guard,UTA,0.02113821138211382
2004-05,Tyronn Lue,luety01,PG,27,TOT,70,49,2007,7.8,17.2,0.451,1.4,4.1,0.355,6.3,13.1,0.48100000000000004,3.7,4.3,0.861,0.4,3.6,3.9,8.5,0.9,0.0,2.8,4.4,20.7,112.0,113.0,2005,Tyronn Lue-2005,0.0,Not Selected,Guard,TOT,0.03333333333333333
2004-05,George Lynch,lynchge01,SF,34,NOH,44,27,933,4.0,11.1,0.36,0.6,2.2,0.297,3.3,8.9,0.375,1.0,1.4,0.7390000000000001,3.2,7.0,10.2,5.2,1.9,0.7,3.3,4.9,9.6,86.0,107.0,2005,George Lynch-2005,0.0,Not Selected,Forward,NOP,0.014634146341463415
2004-05,Mark Madsen,madsema01,C,29,MIN,41,14,601,3.0,5.9,0.515,0.0,0.0,0.0,3.0,5.9,0.515,1.8,3.6,0.5,5.6,5.8,11.5,1.6,0.6,1.3,2.2,9.2,7.9,108.0,109.0,2005,Mark Madsen-2005,0.0,Not Selected,Center,MIN,0.03577235772357724
2004-05,Corey Maggette,maggeco01,SG,25,LAC,66,60,2436,9.4,21.8,0.431,1.1,3.7,0.304,8.3,18.1,0.457,12.4,14.5,0.857,1.5,7.2,8.7,5.0,1.5,0.2,4.3,4.2,32.4,112.0,107.0,2005,Corey Maggette-2005,0.0,Not Selected,Guard,LAC,0.03008130081300813
2004-05,Jamaal Magloire,magloja01,C,26,NOH,23,22,703,7.6,17.7,0.43200000000000005,0.0,0.0,0.0,7.6,17.7,0.43200000000000005,5.8,9.6,0.602,6.2,9.8,16.0,2.3,0.6,1.8,4.6,5.8,21.1,93.0,106.0,2005,Jamaal Magloire-2005,0.0,Not Selected,Center,NOP,0.014634146341463415
2004-05,Stephon Marbury,marbust01,PG,27,NYK,82,82,3281,9.7,21.1,0.462,1.9,5.2,0.354,7.9,15.9,0.49700000000000005,7.4,8.9,0.8340000000000001,0.8,3.2,4.0,10.8,2.0,0.1,3.8,3.0,28.7,118.0,111.0,2005,Stephon Marbury-2005,0.0,Not Selected,Guard,NYK,0.026829268292682926
2004-05,Shawn Marion,mariosh01,PF,26,PHO,81,81,3146,9.8,20.5,0.47600000000000003,1.8,5.4,0.33399999999999996,7.9,15.1,0.526,3.6,4.4,0.833,3.7,10.8,14.6,2.4,2.6,1.9,2.0,3.2,25.0,116.0,101.0,2005,Shawn Marion-2005,3.0,3rd,Forward,PHO,0.05040650406504065
2004-05,Sean Marks,marksse01,PF,29,SAS,23,0,244,6.0,17.7,0.33799999999999997,0.0,0.7,0.0,6.0,17.0,0.35100000000000003,4.9,6.2,0.7859999999999999,4.0,8.4,12.4,1.8,0.7,2.4,3.1,6.4,16.8,88.0,99.0,2005,Sean Marks-2005,0.0,Not Selected,Forward,SAS,0.04796747967479675
2004-05,Donyell Marshall,marshdo01,PF,31,TOR,65,2,1645,8.2,18.6,0.44299999999999995,4.8,11.4,0.41600000000000004,3.5,7.2,0.485,2.3,2.9,0.7909999999999999,3.0,10.5,13.5,2.6,1.8,1.4,1.3,4.3,23.5,120.0,105.0,2005,Donyell Marshall-2005,0.0,Not Selected,Forward,TOR,0.026829268292682926
2004-05,Darrick Martin,martida01,PG,33,LAC,11,0,190,4.5,14.2,0.32,1.4,5.1,0.278,3.1,9.1,0.344,1.4,2.3,0.625,0.9,2.0,2.8,7.9,1.7,0.0,1.7,5.4,11.9,96.0,111.0,2005,Darrick Martin-2005,0.0,Not Selected,Guard,LAC,0.03008130081300813
2004-05,Kenyon Martin,martike01,PF,27,DEN,70,67,2272,10.0,20.5,0.49,0.0,0.3,0.0,10.0,20.2,0.496,4.5,7.0,0.6459999999999999,3.3,8.2,11.5,3.8,2.3,1.8,3.4,5.2,24.6,103.0,102.0,2005,Kenyon Martin-2005,0.0,Not Selected,Forward,DEN,0.03983739837398374
2004-05,Kevin Martin,martike02,PG,21,SAC,45,0,455,5.1,13.3,0.385,0.6,2.8,0.2,4.5,10.4,0.435,4.1,6.2,0.655,3.3,3.3,6.6,2.5,1.8,0.3,2.7,4.0,14.9,96.0,111.0,2005,Kevin Martin-2005,0.0,Not Selected,Guard,SAC,0.04065040650406504
2004-05,Desmond Mason,masonde01,SF,27,MIL,80,71,2893,8.7,19.7,0.44299999999999995,0.0,0.1,0.125,8.7,19.6,0.445,7.7,9.6,0.802,1.6,4.1,5.7,4.0,1.1,0.5,3.0,3.6,25.2,107.0,113.0,2005,Desmond Mason-2005,0.0,Not Selected,Forward,MIL,0.024390243902439025
2004-05,Tony Massenburg,masseto01,PF,37,SAS,61,6,699,5.7,14.1,0.40700000000000003,0.0,0.0,0.0,5.7,14.1,0.40700000000000003,3.7,4.9,0.762,4.2,8.4,12.6,1.1,1.4,1.5,3.1,9.4,15.1,94.0,98.0,2005,Tony Massenburg-2005,0.0,Not Selected,Forward,SAS,0.04796747967479675
2004-05,Walter McCarty,mccarwa01,PF,30,TOT,72,0,906,5.3,13.2,0.40399999999999997,3.1,8.7,0.355,2.2,4.5,0.5,0.8,1.6,0.517,1.6,6.1,7.8,2.1,1.4,0.8,2.0,8.1,14.6,102.0,108.0,2005,Walter McCarty-2005,0.0,Not Selected,Forward,TOT,0.03333333333333333
2004-05,Jelani McCoy,mccoyje01,C,27,ATL,10,0,88,4.2,7.8,0.5379999999999999,0.0,0.0,0.0,4.2,7.8,0.5379999999999999,0.6,3.0,0.2,4.2,8.4,12.5,0.0,1.8,4.8,3.6,14.3,9.0,81.0,105.0,2005,Jelani McCoy-2005,0.0,Not Selected,Center,ATL,0.01056910569105691
2004-05,Antonio McDyess,mcdyean01,PF,30,DET,77,8,1797,9.4,18.3,0.513,0.0,0.0,0.0,9.4,18.3,0.514,3.9,5.9,0.6559999999999999,5.4,9.3,14.8,2.2,1.4,1.6,2.8,6.3,22.7,109.0,100.0,2005,Antonio McDyess-2005,0.0,Not Selected,Forward,DET,0.04390243902439024
2004-05,Tracy McGrady,mcgratr01,SF,25,HOU,78,78,3182,12.2,28.2,0.431,2.4,7.4,0.326,9.7,20.8,0.46799999999999997,7.3,9.5,0.774,1.2,7.0,8.2,7.6,2.3,0.9,3.4,2.8,34.0,109.0,101.0,2005,Tracy McGrady-2005,3.0,3rd,Forward,HOU,0.041463414634146344
2004-05,Jeff McInnis,mcinnje01,PG,30,CLE,76,69,2651,7.6,18.5,0.41200000000000003,1.8,5.3,0.345,5.8,13.1,0.439,2.6,3.2,0.813,0.6,2.5,3.2,7.9,1.1,0.0,2.4,3.6,19.7,108.0,111.0,2005,Jeff McInnis-2005,0.0,Not Selected,Guard,CLE,0.03414634146341464
2004-05,Aaron McKie,mckieaa01,SG,32,PHI,68,3,1118,2.8,6.4,0.43,0.9,2.8,0.32299999999999995,1.9,3.6,0.513,0.5,0.7,0.625,0.9,6.9,7.8,4.7,2.2,0.8,1.4,5.2,6.9,107.0,104.0,2005,Aaron McKie-2005,0.0,Not Selected,Guard,PHI,0.034959349593495934
2004-05,Keith McLeod,mcleoke01,PG,25,UTA,53,47,1382,5.6,16.0,0.35,0.7,2.8,0.25,4.9,13.2,0.37200000000000005,4.4,5.7,0.767,0.8,3.7,4.4,9.3,2.5,0.5,3.9,5.4,16.4,94.0,110.0,2005,Keith McLeod-2005,0.0,Not Selected,Guard,UTA,0.02113821138211382
2004-05,Stanislav Medvedenko,medvest01,PF,25,LAL,43,4,423,8.9,19.5,0.455,0.0,0.1,0.0,8.9,19.4,0.45799999999999996,2.9,3.5,0.821,3.9,6.0,9.9,1.6,1.1,0.2,1.6,8.0,20.6,106.0,113.0,2005,Stanislav Medvedenko-2005,0.0,Not Selected,Forward,LAL,0.027642276422764227
2004-05,Ron Mercer,mercero01,SF,28,NJN,18,3,390,9.0,21.8,0.41100000000000003,0.0,0.4,0.0,9.0,21.4,0.419,1.0,1.4,0.7,1.2,4.3,5.5,2.8,2.2,0.3,1.9,2.8,18.9,86.0,105.0,2005,Ron Mercer-2005,0.0,Not Selected,Forward,BRK,0.03414634146341464
2004-05,Chris Mihm,mihmch01,C,25,LAL,75,75,1870,7.9,15.6,0.507,0.0,0.1,0.0,7.9,15.5,0.509,4.9,7.3,0.6779999999999999,5.6,8.6,14.2,1.4,0.4,3.1,3.1,6.7,20.8,109.0,110.0,2005,Chris Mihm-2005,0.0,Not Selected,Center,LAL,0.027642276422764227
2004-05,Darius Miles,milesda01,SF,23,POR,63,22,1699,10.6,21.9,0.48200000000000004,0.3,0.7,0.348,10.3,21.2,0.48700000000000004,4.1,6.8,0.6,2.2,7.2,9.4,4.1,2.4,2.5,4.9,5.9,25.4,95.0,105.0,2005,Darius Miles-2005,0.0,Not Selected,Forward,POR,0.02195121951219512
2004-05,Darko Miličić,milicda01,C,19,DET,37,2,254,5.4,16.5,0.32899999999999996,0.0,0.0,0.0,5.4,16.5,0.32899999999999996,3.7,5.2,0.708,0.7,8.7,9.3,1.5,0.4,3.7,3.5,6.7,14.5,75.0,100.0,2005,Darko Miličić-2005,0.0,Not Selected,Center,DET,0.04390243902439024
2004-05,Andre Miller,millean02,PG,28,DEN,82,82,2852,7.7,16.1,0.47700000000000004,0.1,0.7,0.154,7.6,15.4,0.49200000000000005,4.6,5.4,0.838,1.8,4.3,6.1,10.2,2.2,0.1,4.0,3.7,20.0,109.0,106.0,2005,Andre Miller-2005,0.0,Not Selected,Guard,DEN,0.03983739837398374
2004-05,Anthony Miller,millean01,PF,33,ATL,2,0,9,11.7,17.5,0.667,0.0,0.0,0.0,11.7,17.5,0.667,0.0,0.0,0.0,0.0,5.8,5.8,5.8,5.8,0.0,5.8,11.7,23.3,102.0,103.0,2005,Anthony Miller-2005,0.0,Not Selected,Forward,ATL,0.01056910569105691
2004-05,Brad Miller,millebr01,C,28,SAC,56,56,2089,7.9,15.0,0.524,0.1,0.5,0.263,7.8,14.6,0.532,5.8,7.1,0.812,3.4,9.4,12.9,5.4,1.7,1.7,2.0,4.5,21.6,125.0,105.0,2005,Brad Miller-2005,0.0,Not Selected,Center,SAC,0.04065040650406504
2004-05,Mike Miller,millemi01,SF,24,MEM,76,51,2278,9.2,18.2,0.505,3.3,7.7,0.433,5.9,10.6,0.5579999999999999,2.6,3.6,0.72,0.9,6.3,7.1,5.2,1.3,0.5,3.0,4.7,24.3,114.0,105.0,2005,Mike Miller-2005,0.0,Not Selected,Forward,MEM,0.036585365853658534
2004-05,Reggie Miller,millere01,SG,39,IND,66,66,2105,8.2,18.8,0.43700000000000006,2.5,7.8,0.322,5.7,11.0,0.518,6.5,7.0,0.9329999999999999,0.5,3.6,4.1,3.8,1.3,0.1,2.0,2.9,25.5,118.0,109.0,2005,Reggie Miller-2005,0.0,Not Selected,Guard,IND,0.03577235772357724
2004-05,Yao Ming,mingya01,C,24,HOU,80,80,2447,11.9,21.5,0.552,0.0,0.0,0.0,11.9,21.5,0.552,8.6,11.0,0.7829999999999999,4.6,10.2,14.8,1.3,0.8,3.5,4.3,6.6,32.4,113.0,99.0,2005,Yao Ming-2005,0.0,Not Selected,Center,HOU,0.041463414634146344
2004-05,Cuttino Mobley,moblecu01,SG,29,TOT,66,64,2388,8.8,20.0,0.43799999999999994,3.2,7.3,0.439,5.5,12.7,0.43700000000000006,3.6,4.4,0.82,1.0,4.0,4.9,4.0,1.6,0.6,2.9,3.3,24.4,109.0,110.0,2005,Cuttino Mobley-2005,0.0,Not Selected,Guard,TOT,0.03333333333333333
2004-05,Nazr Mohammed,mohamna01,C,27,TOT,77,59,1933,7.9,16.6,0.48,0.0,0.0,0.0,7.9,16.5,0.48100000000000004,4.2,6.2,0.674,6.8,9.3,16.1,0.9,1.6,2.4,3.0,6.5,20.1,106.0,103.0,2005,Nazr Mohammed-2005,0.0,Not Selected,Center,TOT,0.03333333333333333
2004-05,Jérôme Moïso,moisoje01,C-PF,26,TOT,20,1,120,3.9,7.9,0.5,0.0,0.4,0.0,3.9,7.4,0.529,4.4,5.7,0.769,4.4,11.8,16.2,0.4,1.3,2.6,3.1,5.7,12.3,105.0,102.0,2005,Jérôme Moïso-2005,0.0,Not Selected,Forward,TOT,0.03333333333333333
2004-05,Mikki Moore,mooremi01,PF,29,LAC,74,4,1178,6.6,13.1,0.502,0.0,0.2,0.2,6.5,12.9,0.507,4.9,6.2,0.787,4.4,6.8,11.2,2.1,0.9,1.5,2.9,7.9,18.1,111.0,108.0,2005,Mikki Moore-2005,0.0,Not Selected,Forward,LAC,0.03008130081300813
2004-05,Alonzo Mourning,mournal01,C-PF,34,TOT,37,17,702,7.6,16.2,0.47200000000000003,0.0,0.0,0.0,7.6,16.2,0.47200000000000003,6.3,10.7,0.5820000000000001,4.0,11.1,15.1,1.4,0.6,5.6,4.3,6.3,21.5,95.0,98.0,2005,Alonzo Mourning-2005,0.0,Not Selected,Forward,TOT,0.03333333333333333
2004-05,Troy Murphy,murphtr01,PF,24,GSW,70,69,2375,8.5,20.5,0.414,1.3,3.2,0.39899999999999997,7.2,17.3,0.41700000000000004,5.0,6.9,0.73,5.4,10.9,16.4,2.1,1.1,0.7,2.3,4.1,23.3,106.0,105.0,2005,Troy Murphy-2005,0.0,Not Selected,Forward,GSW,0.027642276422764227
2004-05,Lamond Murray,murrala01,SF,31,TOR,62,1,918,7.4,17.5,0.426,2.6,5.9,0.43799999999999994,4.9,11.6,0.42,3.4,4.5,0.763,2.5,6.8,9.3,2.7,1.8,0.9,3.0,4.8,20.9,103.0,108.0,2005,Lamond Murray-2005,0.0,Not Selected,Forward,TOR,0.026829268292682926
2004-05,Ronald Murray,murraro01,SG,25,SEA,49,6,883,8.1,22.5,0.361,1.5,5.9,0.253,6.6,16.6,0.39899999999999997,3.6,4.9,0.738,0.9,5.1,6.1,4.0,1.9,0.7,3.5,3.6,21.3,91.0,110.0,2005,Ronald Murray-2005,0.0,Not Selected,Guard,OKC,0.04227642276422764
2004-05,Dikembe Mutombo,mutomdi01,C,38,HOU,80,2,1212,4.8,9.7,0.498,0.0,0.0,0.0,4.8,9.7,0.498,4.7,6.4,0.741,6.7,12.3,19.0,0.4,0.7,4.5,2.3,6.0,14.4,117.0,96.0,2005,Dikembe Mutombo-2005,0.0,Not Selected,Center,HOU,0.041463414634146344
2004-05,Mamadou N'Diaye,ndiayma02,C,29,LAC,11,0,72,6.0,15.0,0.4,0.0,0.7,0.0,6.0,14.2,0.42100000000000004,3.0,5.2,0.5710000000000001,6.7,6.7,13.5,0.7,0.7,3.7,0.0,15.0,15.0,111.0,105.0,2005,Mamadou N'Diaye-2005,0.0,Not Selected,Center,LAC,0.03008130081300813
2004-05,Boštjan Nachbar,nachbbo01,PF-SF,24,TOT,71,6,1341,6.6,16.8,0.392,3.1,8.0,0.38299999999999995,3.5,8.8,0.4,4.0,4.8,0.8290000000000001,1.0,6.4,7.4,3.0,1.2,0.7,3.0,7.5,20.2,102.0,108.0,2005,Boštjan Nachbar-2005,0.0,Not Selected,Forward,TOT,0.03333333333333333
2004-05,Lee Nailon,nailole01,SF,29,NOH,68,51,2017,11.3,23.6,0.478,0.0,0.1,0.0,11.3,23.6,0.479,3.6,4.5,0.8059999999999999,3.5,4.6,8.1,3.0,1.0,0.4,3.0,5.2,26.2,102.0,111.0,2005,Lee Nailon-2005,0.0,Not Selected,Forward,NOP,0.014634146341463415
2004-05,Eduardo Nájera,najered01,PF,28,TOT,68,4,1185,6.3,14.0,0.45,0.3,0.9,0.28600000000000003,6.0,13.1,0.462,2.5,3.9,0.637,4.4,6.1,10.5,2.8,1.8,1.0,2.6,6.4,15.4,101.0,106.0,2005,Eduardo Nájera-2005,0.0,Not Selected,Forward,TOT,0.03333333333333333
2004-05,Steve Nash,nashst01,PG,30,PHO,75,75,2573,8.4,16.7,0.502,1.8,4.2,0.431,6.5,12.4,0.526,4.1,4.6,0.887,1.1,3.7,4.8,16.7,1.4,0.1,4.8,2.6,22.7,123.0,111.0,2005,Steve Nash-2005,1.0,1st,Guard,PHO,0.05040650406504065
2004-05,Jameer Nelson,nelsoja01,PG,22,ORL,79,21,1612,9.0,19.7,0.455,1.4,4.4,0.312,7.6,15.3,0.49700000000000005,2.3,3.4,0.682,1.6,4.4,6.1,7.4,2.5,0.1,3.7,6.3,21.7,103.0,108.0,2005,Jameer Nelson-2005,0.0,Not Selected,Guard,ORL,0.02926829268292683
2004-05,Rasho Nesterović,nestera01,C,28,SAS,70,70,1785,6.0,13.0,0.46,0.0,0.0,0.0,6.0,13.0,0.46,0.4,0.9,0.467,5.6,8.3,13.9,2.1,0.9,3.5,2.2,6.3,12.4,101.0,97.0,2005,Rasho Nesterović-2005,0.0,Not Selected,Center,SAS,0.04796747967479675
2004-05,Ira Newble,newblir01,SG,30,CLE,74,69,1832,5.3,12.4,0.429,0.6,1.5,0.358,4.8,10.8,0.439,1.6,2.0,0.797,2.3,4.1,6.4,2.7,1.5,0.5,1.8,4.2,12.8,102.0,109.0,2005,Ira Newble-2005,0.0,Not Selected,Guard,CLE,0.03414634146341464
2004-05,Andrés Nocioni,nocioan01,SF,25,CHI,81,38,1892,6.6,16.5,0.401,0.7,2.7,0.258,5.9,13.8,0.429,4.7,6.1,0.7659999999999999,1.9,8.7,10.6,3.3,1.0,0.9,3.7,5.7,18.6,94.0,100.0,2005,Andrés Nocioni-2005,0.0,Not Selected,Forward,CHI,0.038211382113821135
2004-05,Moochie Norris,norrimo01,PG,31,TOT,38,0,360,5.2,16.1,0.321,0.0,1.8,0.0,5.2,14.3,0.361,2.9,3.5,0.833,1.5,5.3,6.8,5.7,2.7,0.3,4.0,6.5,13.3,80.0,107.0,2005,Moochie Norris-2005,0.0,Not Selected,Guard,TOT,0.03333333333333333
2004-05,Dirk Nowitzki,nowitdi01,PF,26,DAL,78,78,3020,11.4,24.8,0.45899999999999996,1.6,3.9,0.39899999999999997,9.8,20.9,0.47,10.5,12.1,0.8690000000000001,1.6,11.3,13.0,4.1,1.7,2.0,3.0,3.8,34.8,118.0,100.0,2005,Dirk Nowitzki-2005,1.0,1st,Forward,DAL,0.04715447154471545
2004-05,Jermaine O'Neal,onealje01,PF,26,IND,44,41,1530,13.9,30.7,0.452,0.0,0.2,0.16699999999999998,13.9,30.5,0.45399999999999996,10.6,14.1,0.754,3.1,10.9,14.0,3.0,0.9,3.2,4.7,6.2,38.4,102.0,101.0,2005,Jermaine O'Neal-2005,0.0,Not Selected,Forward,IND,0.03577235772357724
2004-05,Shaquille O'Neal,onealsh01,C,32,MIA,73,73,2492,14.0,23.2,0.601,0.0,0.0,0.0,14.0,23.2,0.601,7.5,16.2,0.461,5.4,10.8,16.1,4.2,0.8,3.6,4.3,5.6,35.4,111.0,100.0,2005,Shaquille O'Neal-2005,1.0,1st,Center,MIA,0.04796747967479675
2004-05,Lamar Odom,odomla01,PF,25,LAL,64,64,2320,8.3,17.6,0.473,0.8,2.7,0.308,7.5,15.0,0.502,4.7,6.8,0.695,3.1,11.8,14.9,5.4,1.0,1.5,3.7,4.8,22.2,107.0,108.0,2005,Lamar Odom-2005,0.0,Not Selected,Forward,LAL,0.027642276422764227
2004-05,Emeka Okafor,okafoem01,PF,22,CHA,73,73,2600,9.0,20.1,0.447,0.0,0.0,0.0,9.0,20.0,0.447,4.2,6.9,0.609,5.5,10.4,15.9,1.3,1.2,2.5,2.5,4.3,22.1,100.0,105.0,2005,Emeka Okafor-2005,0.0,Not Selected,Forward,CHO,0.014634146341463415
2004-05,Mehmet Okur,okurme01,C,25,UTA,82,25,2304,8.3,17.8,0.46799999999999997,0.4,1.5,0.27,7.9,16.3,0.486,7.8,9.1,0.85,4.6,9.9,14.5,3.9,0.8,1.6,3.3,5.4,24.9,115.0,108.0,2005,Mehmet Okur-2005,0.0,Not Selected,Center,UTA,0.02113821138211382
2004-05,Kevin Ollie,ollieke01,PG,32,PHI,26,0,158,3.5,9.9,0.355,0.0,0.0,0.0,3.5,9.9,0.355,1.9,2.9,0.667,1.0,5.1,6.1,6.1,1.6,0.0,1.9,5.1,9.0,92.0,107.0,2005,Kevin Ollie-2005,0.0,Not Selected,Guard,PHI,0.034959349593495934
2004-05,Michael Olowokandi,olowomi01,C,29,MIN,62,34,1215,7.1,15.7,0.456,0.0,0.0,0.0,7.1,15.7,0.456,2.0,3.1,0.667,4.7,9.7,14.4,1.3,0.7,2.5,3.0,8.6,16.3,96.0,105.0,2005,Michael Olowokandi-2005,0.0,Not Selected,Center,MIN,0.03577235772357724
2004-05,Greg Ostertag,ostergr01,C,31,SAC,56,3,556,3.4,7.8,0.44,0.0,0.2,0.0,3.4,7.6,0.451,1.2,3.5,0.342,5.1,10.4,15.5,3.4,0.6,3.7,2.2,8.2,8.1,99.0,105.0,2005,Greg Ostertag-2005,0.0,Not Selected,Center,SAC,0.04065040650406504
2004-05,Bo Outlaw,outlabo01,PF,33,PHO,39,0,214,2.8,8.0,0.353,0.0,0.0,0.0,2.8,8.0,0.353,1.2,2.1,0.556,3.7,8.7,12.4,3.0,1.4,2.8,1.9,6.8,6.8,95.0,104.0,2005,Bo Outlaw-2005,0.0,Not Selected,Forward,PHO,0.05040650406504065
2004-05,Travis Outlaw,outlatr01,SF,20,POR,59,2,793,9.0,18.0,0.498,0.3,0.7,0.4,8.7,17.3,0.502,3.3,5.1,0.653,2.7,5.5,8.2,2.4,2.0,2.7,2.6,5.2,21.5,105.0,107.0,2005,Travis Outlaw-2005,0.0,Not Selected,Forward,POR,0.02195121951219512
2004-05,Zaza Pachulia,pachuza01,C,20,MIL,74,4,1397,6.1,13.4,0.452,0.0,0.0,0.0,6.1,13.4,0.45299999999999996,5.2,7.0,0.746,5.0,9.3,14.3,2.3,1.7,1.3,2.6,6.3,17.3,109.0,107.0,2005,Zaza Pachulia-2005,0.0,Not Selected,Center,MIL,0.024390243902439025
2004-05,Scott Padgett,padgesc01,PF,28,HOU,66,0,942,5.6,13.4,0.42100000000000004,2.9,7.2,0.397,2.8,6.1,0.449,1.7,2.3,0.725,2.7,7.9,10.6,3.2,1.9,0.6,1.7,6.8,15.8,112.0,101.0,2005,Scott Padgett-2005,0.0,Not Selected,Forward,HOU,0.041463414634146344
2004-05,Milt Palacio,palacmi01,PG,26,TOR,80,4,1533,5.9,13.2,0.446,0.1,0.4,0.16699999999999998,5.8,12.8,0.455,3.9,5.2,0.742,0.9,3.6,4.5,9.4,1.6,0.4,3.5,4.3,15.8,104.0,111.0,2005,Milt Palacio-2005,0.0,Not Selected,Guard,TOR,0.026829268292682926
2004-05,Jannero Pargo,pargoja01,PG,25,CHI,32,0,453,9.4,24.4,0.385,2.6,7.6,0.348,6.8,16.8,0.401,1.9,2.6,0.7390000000000001,1.4,4.0,5.4,8.7,1.8,0.1,5.2,6.1,23.4,92.0,103.0,2005,Jannero Pargo-2005,0.0,Not Selected,Guard,CHI,0.038211382113821135
2004-05,Smush Parker,parkesm01,PG,23,TOT,16,1,144,6.7,16.1,0.419,1.1,4.9,0.231,5.6,11.2,0.5,3.4,4.9,0.6920000000000001,1.5,3.0,4.5,5.6,1.9,0.0,7.1,6.0,17.9,83.0,106.0,2005,Smush Parker-2005,0.0,Not Selected,Guard,TOT,0.03333333333333333
2004-05,Tony Parker,parketo01,PG,22,SAS,80,80,2735,10.6,22.1,0.48200000000000004,0.8,3.1,0.276,9.8,19.0,0.516,4.1,6.4,0.65,0.9,5.0,5.9,9.7,1.9,0.1,4.2,3.3,26.3,106.0,101.0,2005,Tony Parker-2005,0.0,Not Selected,Guard,SAS,0.04796747967479675
2004-05,Ruben Patterson,patteru01,SF,29,POR,70,36,1957,8.7,16.4,0.531,0.1,0.7,0.08,8.7,15.7,0.55,4.6,7.7,0.599,3.4,4.0,7.5,3.8,2.9,0.6,3.9,4.5,22.1,105.0,108.0,2005,Ruben Patterson-2005,0.0,Not Selected,Forward,POR,0.02195121951219512
2004-05,Sasha Pavlović,pavloal01,SG,21,CLE,65,9,862,7.4,17.1,0.435,1.9,4.8,0.385,5.6,12.3,0.455,2.7,4.0,0.688,0.9,3.5,4.4,3.0,1.8,0.2,2.9,7.5,19.5,100.0,109.0,2005,Sasha Pavlović-2005,0.0,Not Selected,Guard,CLE,0.03414634146341464
2004-05,Gary Payton,paytoga01,PG,36,BOS,77,77,2541,6.9,14.7,0.46799999999999997,0.9,2.6,0.326,6.0,12.1,0.498,3.1,4.1,0.7609999999999999,1.0,3.8,4.8,9.5,1.8,0.2,3.0,2.5,17.7,111.0,109.0,2005,Gary Payton-2005,0.0,Not Selected,Guard,BOS,0.036585365853658534
2004-05,Anthony Peeler,peelean01,SG,35,WAS,40,0,529,5.4,14.6,0.373,2.4,6.3,0.385,3.0,8.3,0.365,1.6,1.8,0.889,1.4,5.0,6.3,5.5,1.8,0.2,2.7,3.8,14.9,102.0,110.0,2005,Anthony Peeler-2005,0.0,Not Selected,Guard,WAS,0.036585365853658534
2004-05,Kirk Penney,penneki01,SG,24,LAC,4,0,12,4.5,13.5,0.33299999999999996,0.0,4.5,0.0,4.5,9.0,0.5,0.0,0.0,0.0,0.0,4.5,4.5,4.5,0.0,0.0,9.0,0.0,9.0,48.0,113.0,2005,Kirk Penney-2005,0.0,Not Selected,Guard,LAC,0.03008130081300813
2004-05,Kendrick Perkins,perkike01,C,20,BOS,60,3,548,5.3,11.2,0.47100000000000003,0.0,0.0,0.0,5.3,11.2,0.47100000000000003,3.5,5.4,0.638,5.0,11.6,16.5,2.0,0.8,3.5,4.0,9.2,14.0,96.0,102.0,2005,Kendrick Perkins-2005,0.0,Not Selected,Center,BOS,0.036585365853658534
2004-05,Wesley Person,persowe01,SF,33,TOT,41,3,667,8.3,17.5,0.473,3.2,6.9,0.461,5.1,10.6,0.48200000000000004,0.7,1.0,0.6920000000000001,0.2,6.2,6.4,3.0,1.5,0.3,1.3,2.3,20.5,112.0,106.0,2005,Wesley Person-2005,0.0,Not Selected,Forward,TOT,0.03333333333333333
2004-05,Morris Peterson,petermo01,SG,27,TOR,82,61,2510,7.3,17.5,0.42,2.7,6.9,0.385,4.7,10.6,0.442,3.9,4.7,0.8320000000000001,1.5,5.6,7.0,3.5,1.9,0.4,1.9,4.5,21.2,110.0,109.0,2005,Morris Peterson-2005,0.0,Not Selected,Guard,TOR,0.026829268292682926
2004-05,Eric Piatkowski,piatker01,SG,34,CHI,68,11,841,6.9,15.9,0.43,3.5,8.3,0.425,3.3,7.7,0.435,2.8,3.5,0.804,0.9,4.0,4.9,3.1,1.8,0.1,2.3,4.1,20.0,110.0,103.0,2005,Eric Piatkowski-2005,0.0,Not Selected,Guard,CHI,0.038211382113821135
2004-05,Paul Pierce,piercpa01,SF,27,BOS,82,82,2960,9.7,21.3,0.455,1.9,5.1,0.37,7.8,16.2,0.48100000000000004,9.5,11.6,0.8220000000000001,1.4,8.0,9.4,6.0,2.3,0.7,4.0,4.4,30.8,114.0,105.0,2005,Paul Pierce-2005,0.0,Not Selected,Forward,BOS,0.036585365853658534
2004-05,Mickaël Piétrus,pietrmi01,SF,22,GSW,67,3,1340,8.2,19.2,0.42700000000000005,2.6,7.5,0.344,5.6,11.8,0.48,5.4,7.8,0.698,2.5,4.8,7.3,3.1,1.8,0.7,3.5,5.3,24.4,104.0,108.0,2005,Mickaël Piétrus-2005,0.0,Not Selected,Forward,GSW,0.027642276422764227
2004-05,Zoran Planinić,planizo01,PG,22,NJN,43,8,515,8.2,18.2,0.44799999999999995,1.6,4.2,0.375,6.6,14.0,0.47,4.8,6.9,0.6970000000000001,2.0,5.2,7.2,4.6,2.6,0.0,4.3,7.9,22.7,98.0,103.0,2005,Zoran Planinić-2005,0.0,Not Selected,Guard,BRK,0.03414634146341464
2004-05,Pavel Podkolzin,podkopa01,C,20,DAL,5,0,10,0.0,0.0,0.0,0.0,0.0,0.0,0.0,0.0,0.0,5.2,10.4,0.5,0.0,10.4,10.4,0.0,0.0,0.0,10.4,20.7,5.2,34.0,105.0,2005,Pavel Podkolzin-2005,0.0,Not Selected,Center,DAL,0.04715447154471545
2004-05,Scot Pollard,pollasc01,C,29,IND,49,17,865,5.0,10.6,0.473,0.0,0.0,0.0,5.0,10.6,0.473,2.1,3.1,0.6729999999999999,5.4,7.6,13.0,1.1,1.9,1.5,2.0,7.8,12.2,107.0,103.0,2005,Scot Pollard-2005,0.0,Not Selected,Center,IND,0.03577235772357724
2004-05,Mark Pope,popema01,PF,32,DEN,9,0,27,3.8,11.4,0.33299999999999996,0.0,0.0,0.0,3.8,11.4,0.33299999999999996,0.0,0.0,0.0,9.5,5.7,15.2,1.9,1.9,3.8,1.9,9.5,7.6,96.0,102.0,2005,Mark Pope-2005,0.0,Not Selected,Forward,DEN,0.03983739837398374
2004-05,James Posey,poseyja01,SF,28,MEM,50,18,1382,5.0,14.0,0.35700000000000004,2.2,7.0,0.309,2.8,7.0,0.40399999999999997,3.8,4.4,0.865,1.8,6.8,8.6,3.5,1.9,0.9,2.7,5.3,15.9,100.0,103.0,2005,James Posey-2005,0.0,Not Selected,Forward,MEM,0.036585365853658534
2004-05,Vitaly Potapenko,potapvi01,C,29,SEA,33,1,335,7.3,14.2,0.517,0.0,0.2,0.0,7.3,14.0,0.523,4.4,5.1,0.871,4.9,7.8,12.7,1.5,1.1,0.5,2.0,8.6,19.1,122.0,110.0,2005,Vitaly Potapenko-2005,0.0,Not Selected,Center,OKC,0.04227642276422764
2004-05,Tayshaun Prince,princta01,SF,24,DET,82,82,3039,8.5,17.4,0.48700000000000004,0.9,2.5,0.341,7.6,14.9,0.512,4.0,5.0,0.807,2.4,5.5,7.9,4.5,1.0,1.3,2.4,2.9,21.8,114.0,104.0,2005,Tayshaun Prince-2005,0.0,Not Selected,Forward,DET,0.04390243902439024
2004-05,Laron Profit,profila01,SF,27,WAS,42,4,428,6.7,15.4,0.43799999999999994,1.0,3.4,0.28600000000000003,5.8,12.0,0.48,1.9,3.0,0.64,2.9,6.3,9.1,4.4,1.9,0.6,3.2,5.3,16.3,99.0,108.0,2005,Laron Profit-2005,0.0,Not Selected,Forward,WAS,0.036585365853658534
2004-05,Joel Przybilla,przybjo01,C,25,POR,76,50,1858,5.7,9.6,0.598,0.0,0.0,0.0,5.7,9.6,0.598,2.6,5.0,0.517,5.1,11.8,16.9,2.1,0.7,4.7,2.8,6.9,14.0,111.0,103.0,2005,Joel Przybilla-2005,0.0,Not Selected,Center,POR,0.02195121951219512
2004-05,Vladimir Radmanović,radmavl01,PF,24,SEA,63,0,1856,7.8,19.1,0.409,3.8,9.7,0.389,4.1,9.4,0.43,2.4,3.0,0.7859999999999999,1.5,7.0,8.5,2.5,1.7,0.9,2.4,5.1,21.8,110.0,109.0,2005,Vladimir Radmanović-2005,0.0,Not Selected,Forward,OKC,0.04227642276422764
2004-05,Aleksandar Radojević,radojal01,C,28,UTA,12,6,128,2.5,8.1,0.316,0.0,0.0,0.0,2.5,8.1,0.316,3.0,4.2,0.7,3.8,8.1,11.9,2.5,0.0,0.8,6.4,13.6,8.1,67.0,111.0,2005,Aleksandar Radojević-2005,0.0,Not Selected,Center,UTA,0.02113821138211382
2004-05,Peter John Ramos,ramospe01,C,19,WAS,6,0,20,12.9,25.7,0.5,0.0,0.0,0.0,12.9,25.7,0.5,2.6,5.1,0.5,2.6,7.7,10.3,0.0,0.0,2.6,7.7,10.3,28.3,80.0,109.0,2005,Peter John Ramos-2005,0.0,Not Selected,Center,WAS,0.036585365853658534
2004-05,Zach Randolph,randoza01,PF,23,POR,46,37,1603,11.1,24.7,0.44799999999999995,0.0,0.2,0.0,11.1,24.5,0.452,6.9,8.5,0.815,4.7,10.0,14.7,2.9,1.1,0.6,3.7,3.7,29.0,104.0,107.0,2005,Zach Randolph-2005,0.0,Not Selected,Forward,POR,0.02195121951219512
2004-05,Theo Ratliff,ratlith01,C,31,POR,63,45,1731,3.6,7.9,0.447,0.0,0.0,0.0,3.6,7.9,0.447,2.3,3.3,0.6920000000000001,3.4,6.8,10.2,1.0,0.7,4.9,1.7,5.7,9.4,103.0,106.0,2005,Theo Ratliff-2005,0.0,Not Selected,Center,POR,0.02195121951219512
2004-05,Željko Rebrača,rebraze01,C,32,LAC,58,2,928,7.7,13.6,0.568,0.0,0.0,0.0,7.7,13.6,0.568,4.2,4.9,0.8590000000000001,2.8,7.8,10.7,1.5,0.8,2.3,2.8,7.5,19.7,114.0,106.0,2005,Željko Rebrača-2005,0.0,Not Selected,Center,LAC,0.03008130081300813
2004-05,Michael Redd,reddmi01,SG,25,MIL,75,75,2848,11.6,26.3,0.441,1.9,5.4,0.355,9.7,20.9,0.46299999999999997,6.9,8.0,0.8540000000000001,1.3,4.5,5.8,3.2,1.2,0.1,2.5,2.8,32.0,110.0,113.0,2005,Michael Redd-2005,0.0,Not Selected,Guard,MIL,0.024390243902439025
2004-05,Justin Reed,reedju01,SF,23,BOS,23,0,121,6.4,12.3,0.517,0.0,1.3,0.0,6.4,11.1,0.5770000000000001,4.7,6.4,0.733,3.4,3.4,6.8,4.3,1.3,0.4,2.1,5.1,17.4,119.0,110.0,2005,Justin Reed-2005,0.0,Not Selected,Forward,BOS,0.036585365853658534
2004-05,Jared Reiner,reineja01,C,22,CHI,19,2,132,3.9,11.8,0.33299999999999996,0.0,0.0,0.0,3.9,11.8,0.33299999999999996,0.4,1.6,0.25,5.1,9.8,14.9,0.4,1.2,2.8,3.5,13.8,8.3,69.0,97.0,2005,Jared Reiner-2005,0.0,Not Selected,Center,CHI,0.038211382113821135
2004-05,Jason Richardson,richaja01,SG,24,GSW,72,72,2724,11.5,25.8,0.446,2.4,7.0,0.33799999999999997,9.2,18.9,0.486,4.0,5.8,0.693,2.4,5.6,8.0,5.3,2.0,0.6,3.2,2.9,29.5,105.0,107.0,2005,Jason Richardson-2005,0.0,Not Selected,Guard,GSW,0.027642276422764227
2004-05,Quentin Richardson,richaqu01,SG,24,PHO,79,78,2839,7.2,18.4,0.389,4.0,11.1,0.358,3.2,7.3,0.43700000000000006,2.4,3.2,0.7390000000000001,1.6,6.8,8.4,2.8,1.7,0.5,1.8,3.5,20.7,108.0,107.0,2005,Quentin Richardson-2005,0.0,Not Selected,Guard,PHO,0.05040650406504065
2004-05,Luke Ridnour,ridnolu01,PG,23,SEA,82,82,2571,6.4,15.7,0.405,1.4,3.8,0.376,4.9,11.9,0.414,3.4,3.8,0.883,1.2,3.2,4.3,10.3,2.0,0.5,3.2,3.9,17.5,112.0,111.0,2005,Luke Ridnour-2005,0.0,Not Selected,Guard,OKC,0.04227642276422764
2004-05,Bernard Robinson,robinbe01,SG,24,CHA,31,1,328,5.7,12.8,0.444,0.5,1.3,0.375,5.2,11.6,0.452,2.9,4.1,0.6920000000000001,2.2,5.4,7.6,4.8,1.7,0.6,3.2,6.7,14.7,98.0,109.0,2005,Bernard Robinson-2005,0.0,Not Selected,Guard,CHO,0.014634146341463415
2004-05,Clifford Robinson,robincl02,C-PF,38,TOT,71,29,1689,6.3,16.2,0.386,2.1,6.0,0.34700000000000003,4.2,10.2,0.409,1.9,3.0,0.639,1.7,4.8,6.5,3.2,1.9,1.6,2.0,5.6,16.5,97.0,106.0,2005,Clifford Robinson-2005,0.0,Not Selected,Forward,TOT,0.03333333333333333
2004-05,Glenn Robinson,robingl01,SF,32,SAS,9,0,157,11.7,26.5,0.442,0.7,2.1,0.33299999999999996,11.0,24.4,0.451,6.9,7.9,0.87,1.4,6.9,8.3,2.8,1.4,1.0,2.4,6.5,30.9,106.0,100.0,2005,Glenn Robinson-2005,0.0,Not Selected,Forward,SAS,0.04796747967479675
2004-05,Rodney Rogers,rogerro01,SF-PF,33,TOT,58,33,1367,6.7,17.5,0.382,1.9,6.5,0.28600000000000003,4.8,11.0,0.44,2.0,2.7,0.743,2.4,7.2,9.6,3.3,1.6,0.8,3.3,6.7,17.3,91.0,106.0,2005,Rodney Rogers-2005,0.0,Not Selected,Forward,TOT,0.03333333333333333
2004-05,Jalen Rose,roseja01,SF,32,TOR,81,65,2710,10.1,22.1,0.455,2.1,5.2,0.39399999999999996,8.0,16.9,0.473,6.4,7.5,0.8540000000000001,0.8,4.4,5.3,4.0,1.2,0.2,3.4,3.6,28.6,107.0,112.0,2005,Jalen Rose-2005,0.0,Not Selected,Forward,TOR,0.026829268292682926
2004-05,Malik Rose,rosema01,PF,30,TOT,76,5,1475,7.2,16.0,0.449,0.0,0.4,0.1,7.2,15.6,0.457,5.0,6.8,0.737,4.7,7.7,12.4,2.1,1.7,0.6,3.7,7.6,19.4,100.0,103.0,2005,Malik Rose-2005,0.0,Not Selected,Forward,TOT,0.03333333333333333
2004-05,Quinton Ross,rossqu01,SG,23,LAC,78,19,1659,5.2,12.1,0.43200000000000005,0.0,0.1,0.25,5.2,12.0,0.434,2.4,3.6,0.6729999999999999,1.9,4.9,6.8,3.5,1.7,0.7,1.8,5.4,12.9,101.0,108.0,2005,Quinton Ross-2005,0.0,Not Selected,Guard,LAC,0.03008130081300813
2004-05,Michael Ruffin,ruffimi01,C,28,WAS,79,7,1262,1.7,4.0,0.414,0.0,0.0,0.0,1.7,4.0,0.418,1.2,2.7,0.433,6.4,7.1,13.5,2.6,1.8,1.7,1.8,7.9,4.5,109.0,106.0,2005,Michael Ruffin-2005,0.0,Not Selected,Center,WAS,0.036585365853658534
2004-05,Kareem Rush,rushka01,SG,24,TOT,48,22,968,8.4,21.9,0.387,2.7,7.4,0.37200000000000005,5.7,14.5,0.39399999999999996,2.0,2.6,0.7709999999999999,1.1,3.7,4.8,3.7,1.1,0.4,2.5,4.0,21.6,96.0,112.0,2005,Kareem Rush-2005,0.0,Not Selected,Guard,TOT,0.03333333333333333
2004-05,Bryon Russell,russebr01,SF,34,DEN,70,2,1026,4.8,12.6,0.377,2.8,7.5,0.376,2.0,5.2,0.379,3.1,3.9,0.792,2.5,6.1,8.6,3.6,2.2,0.6,1.8,6.5,15.4,113.0,104.0,2005,Bryon Russell-2005,0.0,Not Selected,Forward,DEN,0.03983739837398374
2004-05,John Salmons,salmojo01,SG,25,PHI,58,8,993,4.3,10.7,0.405,1.6,4.6,0.341,2.7,6.1,0.45399999999999996,1.8,2.4,0.7290000000000001,0.6,5.5,6.2,5.8,2.0,0.7,2.6,4.7,12.0,100.0,105.0,2005,John Salmons-2005,0.0,Not Selected,Guard,PHI,0.034959349593495934
2004-05,Jamal Sampson,sampsja01,PF,21,CHA,23,0,329,4.4,9.8,0.452,0.0,0.0,0.0,4.4,9.8,0.452,3.6,6.2,0.59,5.7,13.6,19.3,1.3,0.6,2.7,2.7,8.4,12.5,101.0,103.0,2005,Jamal Sampson-2005,0.0,Not Selected,Forward,CHO,0.014634146341463415
2004-05,Daniel Santiago,santida01,C,28,MIL,11,0,105,3.5,10.6,0.33299999999999996,0.0,0.0,0.0,3.5,10.6,0.33299999999999996,4.0,5.5,0.727,3.0,6.5,9.6,0.5,1.5,2.0,2.0,14.1,11.1,91.0,108.0,2005,Daniel Santiago-2005,0.0,Not Selected,Center,MIL,0.024390243902439025
2004-05,Brian Scalabrine,scalabr01,PF,26,NJN,54,14,1167,6.1,15.3,0.39799999999999996,1.0,3.1,0.324,5.1,12.2,0.41700000000000004,2.4,3.2,0.768,3.8,7.4,11.3,4.1,1.6,0.8,3.0,5.1,15.6,96.0,103.0,2005,Brian Scalabrine-2005,0.0,Not Selected,Forward,BRK,0.03414634146341464
2004-05,Ansu Sesay,sesayan01,SF,28,GSW,16,0,128,6.8,16.9,0.405,0.8,3.2,0.25,6.0,13.7,0.441,5.2,9.7,0.542,7.2,8.0,15.3,4.8,0.8,1.2,3.2,6.4,19.7,103.0,107.0,2005,Ansu Sesay-2005,0.0,Not Selected,Forward,GSW,0.027642276422764227
2004-05,Ha Seung-Jin,seungha01,C,19,POR,19,0,104,5.1,11.8,0.435,0.0,0.0,0.0,5.1,11.8,0.435,3.1,5.7,0.545,3.1,6.2,9.2,1.0,0.5,2.6,6.2,10.8,13.4,74.0,109.0,2005,Ha Seung-Jin-2005,0.0,Not Selected,Center,POR,0.02195121951219512
2004-05,Paul Shirley,shirlpa01,PF,27,PHO,9,0,30,8.3,18.3,0.455,0.0,0.0,0.0,8.3,18.3,0.455,3.3,6.7,0.5,1.7,1.7,3.3,5.0,0.0,0.0,1.7,5.0,20.0,104.0,115.0,2005,Paul Shirley-2005,0.0,Not Selected,Forward,PHO,0.05040650406504065
2004-05,Bobby Simmons,simmobo01,SF,24,LAC,75,74,2799,9.1,19.6,0.466,1.0,2.2,0.435,8.2,17.4,0.47,4.4,5.3,0.846,2.5,6.1,8.6,3.9,2.0,0.3,2.6,4.4,23.6,110.0,107.0,2005,Bobby Simmons-2005,0.0,Not Selected,Forward,LAC,0.03008130081300813
2004-05,Brian Skinner,skinnbr01,C-PF,28,TOT,49,23,941,5.7,11.2,0.507,0.0,0.1,0.0,5.7,11.1,0.51,1.4,3.8,0.35700000000000004,5.8,9.4,15.3,2.3,1.7,2.7,2.2,5.6,12.7,105.0,103.0,2005,Brian Skinner-2005,0.0,Not Selected,Forward,TOT,0.03333333333333333
2004-05,Tamar Slay,slayta01,SG,24,CHA,8,0,78,8.7,26.0,0.33299999999999996,1.3,8.0,0.16699999999999998,7.3,18.0,0.40700000000000003,0.0,1.3,0.0,4.0,5.3,9.3,2.0,3.3,0.0,5.3,13.3,18.7,69.0,106.0,2005,Tamar Slay-2005,0.0,Not Selected,Guard,CHO,0.014634146341463415
2004-05,Donta Smith,smithdo04,SG,21,ATL,38,0,433,5.3,13.7,0.389,0.7,2.7,0.273,4.6,11.0,0.418,4.0,5.8,0.688,2.3,4.0,6.3,4.7,2.8,0.6,3.0,6.1,15.4,98.0,110.0,2005,Donta Smith-2005,0.0,Not Selected,Guard,ATL,0.01056910569105691
2004-05,J.R. Smith,smithjr01,SG,19,NOH,76,56,1859,8.7,22.1,0.39399999999999996,2.4,8.3,0.28800000000000003,6.3,13.8,0.45799999999999996,3.3,4.7,0.6890000000000001,1.2,3.3,4.5,4.2,1.6,0.3,3.2,4.0,23.1,95.0,110.0,2005,J.R. Smith-2005,0.0,Not Selected,Guard,NOP,0.014634146341463415
2004-05,Jabari Smith,smithja01,PF,27,NJN,45,2,648,5.2,12.3,0.419,0.1,0.2,0.5,5.1,12.1,0.418,3.4,4.6,0.745,2.4,6.8,9.2,3.2,2.1,1.2,3.2,8.6,13.8,92.0,102.0,2005,Jabari Smith-2005,0.0,Not Selected,Forward,BRK,0.03414634146341464
2004-05,Joe Smith,smithjo02,PF,29,MIL,74,73,2265,7.4,14.5,0.514,0.0,0.0,0.0,7.4,14.5,0.515,4.1,5.3,0.768,4.2,8.5,12.6,1.6,1.0,0.9,1.8,5.2,19.0,116.0,109.0,2005,Joe Smith-2005,0.0,Not Selected,Forward,MIL,0.024390243902439025
2004-05,Josh Smith,smithjo03,SF,19,ATL,74,59,2050,7.0,15.4,0.455,0.1,0.6,0.174,6.9,14.8,0.466,4.2,6.1,0.688,3.8,7.9,11.7,3.3,1.5,3.7,3.5,4.0,18.3,100.0,107.0,2005,Josh Smith-2005,0.0,Not Selected,Forward,ATL,0.01056910569105691
2004-05,Steve Smith,smithst01,SG,35,TOT,50,1,750,7.1,17.2,0.41100000000000003,2.9,7.3,0.39,4.2,9.9,0.42700000000000005,4.8,5.6,0.863,1.0,3.5,4.5,4.9,1.0,0.5,1.9,5.7,21.8,116.0,111.0,2005,Steve Smith-2005,0.0,Not Selected,Guard,TOT,0.03333333333333333
2004-05,Theron Smith,smithth01,SF,24,CHA,33,5,510,4.5,13.9,0.324,0.3,1.2,0.25,4.2,12.6,0.331,1.4,1.6,0.875,4.0,7.9,11.8,2.9,0.6,0.4,2.8,5.9,10.7,82.0,110.0,2005,Theron Smith-2005,0.0,Not Selected,Forward,CHO,0.014634146341463415
2004-05,Eric Snow,snower01,SG,31,CLE,81,15,1844,3.6,9.5,0.382,0.4,1.3,0.289,3.2,8.2,0.397,1.7,2.3,0.738,1.1,3.4,4.5,9.2,1.9,0.5,2.6,5.5,9.3,101.0,108.0,2005,Eric Snow-2005,0.0,Not Selected,Guard,CLE,0.03414634146341464
2004-05,Kirk Snyder,snydeki01,SG,21,UTA,68,7,906,7.3,19.7,0.37200000000000005,1.8,5.1,0.353,5.5,14.6,0.379,3.8,5.8,0.667,3.0,4.3,7.3,2.2,1.6,1.1,3.5,7.0,20.3,92.0,111.0,2005,Kirk Snyder-2005,0.0,Not Selected,Guard,UTA,0.02113821138211382
2004-05,Darius Songaila,songada01,PF,26,SAC,81,21,1668,7.9,15.1,0.527,0.0,0.1,0.0,7.9,15.0,0.53,2.9,3.4,0.847,3.9,6.8,10.6,3.5,1.6,0.6,2.2,6.4,18.8,116.0,108.0,2005,Darius Songaila-2005,0.0,Not Selected,Forward,SAC,0.04065040650406504
2004-05,Pape Sow,sowpa01,C,23,TOR,27,4,255,4.7,11.8,0.397,0.0,0.0,0.0,4.7,11.8,0.397,3.2,5.5,0.593,3.7,7.9,11.6,0.4,2.4,0.8,2.0,9.3,12.6,92.0,106.0,2005,Pape Sow-2005,0.0,Not Selected,Center,TOR,0.026829268292682926
2004-05,Latrell Sprewell,sprewla01,SF,34,MIN,80,79,2450,8.8,21.1,0.414,1.5,4.6,0.327,7.2,16.5,0.439,3.4,4.1,0.83,1.4,4.2,5.6,3.9,1.2,0.5,2.8,2.7,22.5,99.0,110.0,2005,Latrell Sprewell-2005,0.0,Not Selected,Forward,MIN,0.03577235772357724
2004-05,Jerry Stackhouse,stackje01,SG,30,DAL,56,7,1617,8.8,21.2,0.414,1.0,3.8,0.267,7.7,17.4,0.446,8.1,9.5,0.8490000000000001,1.2,4.6,5.9,4.1,1.7,0.3,3.4,3.3,26.7,106.0,107.0,2005,Jerry Stackhouse-2005,0.0,Not Selected,Guard,DAL,0.04715447154471545
2004-05,DeShawn Stevenson,stevede01,SG,23,ORL,55,27,1089,8.1,19.8,0.408,1.2,3.1,0.373,6.9,16.7,0.415,2.6,4.7,0.5539999999999999,1.8,3.0,4.7,3.2,0.7,0.4,2.7,3.4,20.0,94.0,112.0,2005,DeShawn Stevenson-2005,0.0,Not Selected,Guard,ORL,0.02926829268292683
2004-05,Michael Stewart,stewami01,PF,29,ATL,12,1,145,4.0,7.6,0.524,0.0,0.0,0.0,4.0,7.6,0.524,1.1,2.5,0.429,7.6,6.9,14.5,1.8,2.2,1.8,2.2,11.6,9.1,110.0,108.0,2005,Michael Stewart-2005,0.0,Not Selected,Forward,ATL,0.01056910569105691
2004-05,Peja Stojaković,stojape01,SF,27,SAC,66,66,2534,9.2,20.7,0.444,3.5,8.8,0.402,5.6,11.9,0.475,5.2,5.6,0.92,1.3,4.5,5.8,2.8,1.6,0.2,2.1,3.2,27.1,117.0,111.0,2005,Peja Stojaković-2005,0.0,Not Selected,Forward,SAC,0.04065040650406504
2004-05,Awvee Storey,storeaw01,SG,27,NJN,9,0,32,5.1,16.8,0.3,1.7,3.4,0.5,3.4,13.5,0.25,1.7,3.4,0.5,6.7,1.7,8.4,1.7,0.0,0.0,0.0,5.1,13.5,99.0,111.0,2005,Awvee Storey-2005,0.0,Not Selected,Guard,BRK,0.03414634146341464
2004-05,Damon Stoudamire,stoudda01,PG,31,POR,81,70,2762,8.8,22.5,0.392,3.5,9.5,0.369,5.3,13.1,0.409,3.5,3.9,0.915,1.1,4.9,6.0,8.9,1.7,0.0,3.2,3.1,24.7,108.0,110.0,2005,Damon Stoudamire-2005,0.0,Not Selected,Guard,POR,0.02195121951219512
2004-05,Amar'e Stoudemire,stoudam01,C,22,PHO,80,80,2889,12.9,23.1,0.5589999999999999,0.1,0.3,0.188,12.9,22.9,0.564,10.1,13.8,0.733,3.8,8.6,12.4,2.3,1.3,2.3,3.3,4.8,36.0,121.0,105.0,2005,Amar'e Stoudemire-2005,2.0,2nd,Center,PHO,0.05040650406504065
2004-05,Erick Strickland,stricer01,SG,31,MIL,62,5,1014,5.9,15.9,0.375,1.1,4.3,0.253,4.8,11.5,0.42100000000000004,2.7,3.3,0.813,0.6,4.8,5.4,6.0,1.6,0.1,3.3,5.4,15.7,92.0,111.0,2005,Erick Strickland-2005,0.0,Not Selected,Guard,MIL,0.024390243902439025
2004-05,Rod Strickland,stricro02,PG,38,HOU,16,2,196,2.5,11.9,0.209,0.3,0.6,0.5,2.2,11.3,0.195,2.5,2.8,0.9,0.8,6.6,7.4,10.8,0.8,0.6,4.4,4.1,7.7,75.0,104.0,2005,Rod Strickland-2005,0.0,Not Selected,Guard,HOU,0.041463414634146344
2004-05,Bruno Šundov,sundobr01,C,24,NYK,21,0,73,8.0,26.8,0.297,0.7,2.2,0.33299999999999996,7.3,24.7,0.294,1.5,1.5,1.0,4.4,5.1,9.4,1.5,1.5,1.5,4.4,11.6,18.1,71.0,109.0,2005,Bruno Šundov-2005,0.0,Not Selected,Center,NYK,0.026829268292682926
2004-05,Bob Sura,surabo01,PG,31,HOU,61,59,1922,6.0,14.2,0.42700000000000005,1.5,4.4,0.355,4.5,9.8,0.45799999999999996,4.0,5.3,0.75,2.2,7.3,9.5,8.9,1.8,0.2,4.1,4.7,17.6,106.0,102.0,2005,Bob Sura-2005,0.0,Not Selected,Guard,HOU,0.041463414634146344
2004-05,Mike Sweetney,sweetmi01,C,22,NYK,77,28,1509,8.3,15.6,0.531,0.0,0.0,0.0,8.3,15.6,0.5329999999999999,6.2,8.2,0.7490000000000001,5.9,8.7,14.7,1.5,0.9,1.0,3.8,7.9,22.8,112.0,108.0,2005,Mike Sweetney-2005,0.0,Not Selected,Center,NYK,0.026829268292682926
2004-05,Robert Swift,swiftro01,C,19,SEA,16,0,72,3.8,8.3,0.455,0.0,0.0,0.0,3.8,8.3,0.455,3.8,6.8,0.556,0.8,3.0,3.8,1.5,0.8,5.3,3.0,12.1,11.4,89.0,109.0,2005,Robert Swift-2005,0.0,Not Selected,Center,OKC,0.04227642276422764
2004-05,Stromile Swift,swiftst01,PF,25,MEM,60,14,1279,9.3,20.7,0.449,0.0,0.2,0.0,9.3,20.5,0.452,7.0,9.3,0.758,3.9,7.7,11.6,1.8,1.7,3.9,3.8,7.7,25.6,101.0,100.0,2005,Stromile Swift-2005,0.0,Not Selected,Forward,MEM,0.036585365853658534
2004-05,Wally Szczerbiak,szczewa02,SF,27,MIN,81,37,2558,9.8,19.4,0.506,1.3,3.6,0.373,8.5,15.8,0.536,5.5,6.4,0.855,1.7,4.7,6.4,4.0,0.8,0.3,2.8,3.7,26.4,116.0,110.0,2005,Wally Szczerbiak-2005,0.0,Not Selected,Forward,MIN,0.03577235772357724
2004-05,Yuta Tabuse,tabusyu01,PG,24,PHO,4,0,17,2.9,17.7,0.16699999999999998,2.9,2.9,1.0,0.0,14.7,0.0,11.8,11.8,1.0,5.9,5.9,11.8,8.8,0.0,0.0,2.9,2.9,20.6,114.0,112.0,2005,Yuta Tabuse-2005,0.0,Not Selected,Guard,PHO,0.05040650406504065
2004-05,Maurice Taylor,tayloma01,PF-C,28,TOT,65,16,1336,8.2,17.9,0.455,0.1,0.4,0.33299999999999996,8.0,17.6,0.45799999999999996,2.5,4.1,0.612,2.7,7.6,10.3,2.7,1.1,0.8,3.8,7.2,19.0,91.0,105.0,2005,Maurice Taylor-2005,0.0,Not Selected,Forward,TOT,0.03333333333333333
2004-05,Sebastian Telfair,telfase01,PG,19,POR,68,26,1330,6.8,17.3,0.39299999999999996,0.7,2.8,0.24600000000000002,6.1,14.5,0.42100000000000004,4.2,5.3,0.789,0.4,3.8,4.2,9.0,1.4,0.2,5.0,4.8,18.5,93.0,111.0,2005,Sebastian Telfair-2005,0.0,Not Selected,Guard,POR,0.02195121951219512
2004-05,Jason Terry,terryja01,PG,27,DAL,80,57,2401,8.0,16.0,0.501,2.2,5.3,0.42,5.8,10.7,0.54,3.1,3.7,0.8440000000000001,0.8,3.2,4.1,9.3,2.4,0.3,3.2,3.8,21.4,120.0,107.0,2005,Jason Terry-2005,0.0,Not Selected,Guard,DAL,0.04715447154471545
2004-05,Billy Thomas,thomabi01,SF,29,NJN,25,0,356,5.1,14.2,0.36200000000000004,2.6,8.5,0.304,2.6,5.8,0.447,1.1,1.4,0.778,1.1,4.4,5.4,2.6,2.1,0.2,1.4,4.4,13.9,97.0,105.0,2005,Billy Thomas-2005,0.0,Not Selected,Forward,BRK,0.03414634146341464
2004-05,Etan Thomas,thomaet01,C,26,WAS,47,10,976,6.7,13.4,0.502,0.0,0.0,0.0,6.7,13.4,0.502,4.0,7.6,0.528,4.5,8.4,12.9,1.1,0.9,2.7,2.6,7.0,17.5,104.0,106.0,2005,Etan Thomas-2005,0.0,Not Selected,Center,WAS,0.036585365853658534
2004-05,James Thomas,thomaja02,PF,24,TOT,11,2,117,5.5,9.1,0.6,0.0,0.0,0.0,5.5,9.1,0.6,0.9,2.7,0.33299999999999996,7.8,9.1,16.9,1.8,1.8,1.8,3.2,5.9,11.9,107.0,105.0,2005,James Thomas-2005,0.0,Not Selected,Forward,TOT,0.03333333333333333
2004-05,John Thomas,thomajo02,C,29,MIN,44,8,521,4.3,8.9,0.488,0.0,0.0,0.0,4.3,8.9,0.488,2.8,4.8,0.5870000000000001,4.0,6.0,10.0,1.8,1.6,1.3,1.9,8.5,11.5,108.0,107.0,2005,John Thomas-2005,0.0,Not Selected,Center,MIN,0.03577235772357724
2004-05,Kenny Thomas,thomake01,PF,27,TOT,73,58,2167,8.6,18.4,0.47,0.0,0.1,0.2,8.6,18.2,0.47200000000000003,4.1,5.3,0.762,4.3,8.3,12.6,3.6,1.6,0.4,3.1,5.3,21.3,105.0,106.0,2005,Kenny Thomas-2005,0.0,Not Selected,Forward,TOT,0.03333333333333333
2004-05,Kurt Thomas,thomaku01,PF,32,NYK,80,80,2855,7.9,16.7,0.47100000000000003,0.0,0.1,0.5,7.8,16.6,0.47,1.2,1.6,0.7859999999999999,3.2,12.3,15.4,3.0,1.3,1.5,1.8,5.7,17.0,104.0,105.0,2005,Kurt Thomas-2005,0.0,Not Selected,Forward,NYK,0.026829268292682926
2004-05,Tim Thomas,thomati01,SF,27,NYK,71,68,1940,8.6,19.6,0.439,2.3,5.7,0.409,6.3,13.9,0.451,3.7,4.7,0.7859999999999999,1.2,5.2,6.5,3.0,1.1,0.5,3.1,6.1,23.2,103.0,111.0,2005,Tim Thomas-2005,0.0,Not Selected,Forward,NYK,0.026829268292682926
2004-05,Jamaal Tinsley,tinslja01,PG,26,IND,40,40,1301,9.2,22.1,0.418,2.5,6.6,0.37200000000000005,6.8,15.5,0.43700000000000006,5.2,6.9,0.7440000000000001,1.1,5.7,6.8,10.9,3.4,0.5,5.7,4.7,26.1,101.0,102.0,2005,Jamaal Tinsley-2005,0.0,Not Selected,Guard,IND,0.03577235772357724
2004-05,Robert Traylor,traylro01,C,27,CLE,74,6,1327,7.1,16.1,0.444,0.0,0.3,0.0,7.1,15.8,0.45299999999999996,2.2,4.1,0.539,5.5,7.9,13.4,2.5,2.2,2.0,2.9,8.7,16.5,97.0,103.0,2005,Robert Traylor-2005,0.0,Not Selected,Center,CLE,0.03414634146341464
2004-05,Jake Tsakalidis,tsakaja01,C,25,MEM,31,1,278,6.2,12.5,0.5,0.0,0.0,0.0,6.2,12.5,0.5,2.7,3.5,0.778,4.1,6.8,10.9,2.0,0.6,3.1,2.3,8.2,15.2,108.0,104.0,2005,Jake Tsakalidis-2005,0.0,Not Selected,Center,MEM,0.036585365853658534
2004-05,Nikoloz Tskitishvili,tskitni01,PF,21,TOT,35,0,220,5.1,17.3,0.297,0.5,4.0,0.11800000000000001,4.7,13.3,0.35100000000000003,0.9,1.6,0.5710000000000001,2.8,6.8,9.6,2.3,1.9,2.6,4.4,7.7,11.7,66.0,103.0,2005,Nikoloz Tskitishvili-2005,0.0,Not Selected,Forward,TOT,0.03333333333333333
2004-05,Hedo Türkoğlu,turkohe01,SF,25,ORL,67,11,1757,9.5,22.6,0.419,2.7,7.1,0.38,6.8,15.5,0.43799999999999994,5.4,6.5,0.836,1.8,4.9,6.7,4.4,1.2,0.5,3.4,4.0,27.0,107.0,110.0,2005,Hedo Türkoğlu-2005,0.0,Not Selected,Forward,ORL,0.02926829268292683
2004-05,Beno Udrih,udrihbe01,PG,22,SAS,80,2,1149,8.1,18.3,0.444,2.7,6.7,0.408,5.4,11.7,0.46399999999999997,3.1,4.2,0.753,0.8,3.1,3.9,7.0,1.9,0.5,3.6,4.5,22.1,107.0,102.0,2005,Beno Udrih-2005,0.0,Not Selected,Guard,SAS,0.04796747967479675
2004-05,Nick Van Exel,vanexni01,SG,33,POR,53,34,1619,7.1,18.5,0.381,3.3,8.5,0.389,3.8,10.0,0.375,1.9,2.4,0.784,0.7,4.7,5.3,7.5,1.5,0.0,3.0,2.3,19.3,103.0,111.0,2005,Nick Van Exel-2005,0.0,Not Selected,Guard,POR,0.02195121951219512
2004-05,Keith Van Horn,vanhoke01,SF-PF,29,TOT,62,16,1502,9.0,19.7,0.456,1.9,5.0,0.38,7.1,14.7,0.48100000000000004,4.5,5.5,0.815,3.1,7.1,10.3,2.6,1.3,0.7,2.8,5.9,24.3,110.0,108.0,2005,Keith Van Horn-2005,0.0,Not Selected,Forward,TOT,0.03333333333333333
2004-05,Anderson Varejão,varejan01,PF,22,CLE,54,0,863,6.1,12.0,0.513,0.0,0.1,0.0,6.1,11.8,0.518,4.2,7.9,0.535,6.8,9.2,15.9,1.7,2.5,2.4,1.6,7.6,16.5,117.0,101.0,2005,Anderson Varejão-2005,0.0,Not Selected,Forward,CLE,0.03414634146341464
2004-05,Jacque Vaughn,vaughja01,SG,29,NJN,71,34,1410,5.6,12.4,0.449,0.2,0.6,0.33299999999999996,5.4,11.8,0.455,2.9,3.5,0.835,0.6,3.4,4.1,5.2,1.6,0.0,2.4,5.3,14.3,101.0,107.0,2005,Jacque Vaughn-2005,0.0,Not Selected,Guard,BRK,0.03414634146341464
2004-05,Jake Voskuhl,voskuja01,C,27,PHO,38,1,360,3.8,8.2,0.45799999999999996,0.0,0.0,0.0,3.8,8.2,0.45799999999999996,3.6,5.3,0.684,4.2,8.6,12.8,2.4,0.6,1.5,2.8,8.3,11.1,106.0,107.0,2005,Jake Voskuhl-2005,0.0,Not Selected,Center,PHO,0.05040650406504065
2004-05,Jackson Vroman,vromaja01,C-PF,23,TOT,46,18,705,6.3,15.4,0.41200000000000003,0.0,0.2,0.0,6.3,15.1,0.418,3.7,5.8,0.64,4.9,8.6,13.5,3.1,1.9,1.5,4.9,8.1,16.4,87.0,105.0,2005,Jackson Vroman-2005,0.0,Not Selected,Forward,TOT,0.03333333333333333
2004-05,Sasha Vujačić,vujacsa01,SG,20,LAL,35,3,403,4.3,15.3,0.282,2.2,8.3,0.27,2.1,7.1,0.29600000000000004,2.4,2.5,0.9470000000000001,1.7,6.4,8.1,6.7,1.6,0.3,2.0,5.4,13.2,98.0,112.0,2005,Sasha Vujačić-2005,0.0,Not Selected,Guard,LAL,0.027642276422764227
2004-05,Dwyane Wade,wadedw01,SG,23,MIA,77,77,2974,11.2,23.4,0.478,0.2,0.8,0.289,11.0,22.6,0.485,10.3,13.5,0.762,2.0,5.1,7.1,9.2,2.2,1.5,5.7,4.1,33.0,109.0,103.0,2005,Dwyane Wade-2005,2.0,2nd,Guard,MIA,0.04796747967479675
2004-05,Dajuan Wagner,wagneda02,SG,21,CLE,11,0,102,9.4,28.8,0.327,2.6,13.6,0.192,6.8,15.2,0.44799999999999995,1.6,2.1,0.75,0.0,1.0,1.0,6.8,2.6,0.0,4.7,7.9,23.1,81.0,109.0,2005,Dajuan Wagner-2005,0.0,Not Selected,Guard,CLE,0.03414634146341464
2004-05,Antoine Walker,walkean02,PF,28,TOT,77,77,2955,10.3,24.3,0.42200000000000004,1.9,6.0,0.32299999999999995,8.3,18.3,0.455,3.6,6.6,0.539,3.2,9.1,12.3,4.7,1.6,1.0,4.5,3.8,26.0,95.0,108.0,2005,Antoine Walker-2005,0.0,Not Selected,Forward,TOT,0.03333333333333333
2004-05,Samaki Walker,walkesa01,PF,28,WAS,14,0,134,4.2,11.9,0.355,0.0,0.0,0.0,4.2,11.9,0.355,0.8,1.2,0.667,3.1,3.8,6.9,1.5,1.2,2.7,3.1,9.6,9.2,77.0,109.0,2005,Samaki Walker-2005,0.0,Not Selected,Forward,WAS,0.036585365853658534
2004-05,Ben Wallace,wallabe01,C,30,DET,74,74,2671,6.1,13.4,0.45299999999999996,0.0,0.2,0.111,6.1,13.2,0.45799999999999996,2.7,6.3,0.428,6.0,12.6,18.6,2.5,2.2,3.6,1.7,3.3,14.9,105.0,94.0,2005,Ben Wallace-2005,3.0,3rd,Center,DET,0.04390243902439024
2004-05,Gerald Wallace,wallage01,SF,22,CHA,70,68,2147,6.9,15.4,0.449,0.4,1.5,0.27399999999999997,6.5,13.9,0.46799999999999997,4.6,7.0,0.6609999999999999,2.9,6.5,9.4,3.3,2.8,2.2,3.9,4.4,18.9,97.0,104.0,2005,Gerald Wallace-2005,0.0,Not Selected,Forward,CHO,0.014634146341463415
2004-05,Rasheed Wallace,wallara01,PF,30,DET,79,79,2687,9.6,21.8,0.44,1.5,4.8,0.318,8.0,16.9,0.475,2.8,4.0,0.6970000000000001,3.6,9.6,13.2,2.9,1.3,2.4,2.6,4.8,23.5,103.0,99.0,2005,Rasheed Wallace-2005,0.0,Not Selected,Forward,DET,0.04390243902439024
2004-05,Luke Walton,waltolu01,SF,24,LAL,61,5,768,5.1,12.4,0.41100000000000003,1.1,4.2,0.262,4.0,8.2,0.48700000000000004,2.3,3.3,0.708,3.8,6.0,9.8,6.4,1.8,0.8,4.0,4.8,13.6,100.0,111.0,2005,Luke Walton-2005,0.0,Not Selected,Forward,LAL,0.027642276422764227
2004-05,Charlie Ward,wardch01,PG,34,HOU,14,13,360,3.6,11.6,0.312,2.4,7.7,0.314,1.2,3.9,0.308,1.7,2.0,0.846,0.9,5.0,5.9,6.5,2.3,0.0,2.7,3.3,11.3,96.0,103.0,2005,Charlie Ward-2005,0.0,Not Selected,Guard,HOU,0.041463414634146344
2004-05,Earl Watson,watsoea01,PG,25,MEM,80,14,1808,7.1,16.6,0.426,1.6,4.9,0.319,5.5,11.7,0.47100000000000003,2.7,4.1,0.659,1.1,3.9,4.9,10.8,2.5,0.6,5.0,5.5,18.5,98.0,104.0,2005,Earl Watson-2005,0.0,Not Selected,Guard,MEM,0.036585365853658534
2004-05,Clarence Weatherspoon,weathcl01,PF,34,HOU,40,18,525,4.8,11.7,0.41200000000000003,0.0,0.0,0.0,4.8,11.7,0.41200000000000003,3.0,3.6,0.8290000000000001,3.6,9.0,12.6,1.8,0.9,0.6,1.5,7.6,12.7,104.0,102.0,2005,Clarence Weatherspoon-2005,0.0,Not Selected,Forward,HOU,0.041463414634146344
2004-05,Chris Webber,webbech01,PF,31,TOT,67,67,2370,12.0,27.8,0.433,0.3,1.0,0.341,11.7,26.8,0.436,3.9,4.9,0.794,2.8,10.4,13.2,6.9,2.0,1.1,3.9,4.6,28.3,98.0,103.0,2005,Chris Webber-2005,0.0,Not Selected,Forward,TOT,0.03333333333333333
2004-05,Bonzi Wells,wellsbo01,SG,28,MEM,69,19,1489,9.9,22.5,0.441,1.3,3.8,0.34600000000000003,8.6,18.7,0.46,5.1,6.9,0.75,1.8,6.6,8.3,2.9,3.1,1.0,3.3,6.0,26.3,100.0,101.0,2005,Bonzi Wells-2005,0.0,Not Selected,Guard,MEM,0.036585365853658534
2004-05,Jiří Welsch,welscji01,SG-SF,25,TOT,71,32,1317,5.9,14.6,0.402,1.3,4.3,0.309,4.5,10.3,0.441,5.1,6.6,0.763,1.0,5.5,6.6,4.0,1.7,0.2,2.9,4.8,18.1,102.0,108.0,2005,Jiří Welsch-2005,0.0,Not Selected,Forward,TOT,0.03333333333333333
2004-05,David Wesley,wesleda01,SG,34,TOT,80,79,2774,6.5,16.5,0.39799999999999996,2.3,6.2,0.375,4.2,10.3,0.41100000000000003,3.2,3.7,0.857,0.7,3.7,4.5,5.2,1.9,0.2,2.2,4.2,18.6,106.0,106.0,2005,David Wesley-2005,0.0,Not Selected,Guard,TOT,0.03333333333333333
2004-05,David West,westda01,SF,24,NOH,30,8,552,7.4,17.1,0.436,0.2,0.5,0.4,7.2,16.6,0.43700000000000006,3.4,5.0,0.68,4.0,8.8,12.8,2.3,1.2,1.6,3.7,6.2,18.5,93.0,106.0,2005,David West-2005,0.0,Not Selected,Forward,NOP,0.014634146341463415
2004-05,Delonte West,westde01,SG,21,BOS,39,7,507,6.7,15.7,0.426,2.4,6.8,0.358,4.3,8.9,0.47700000000000004,1.9,2.7,0.7040000000000001,1.4,5.2,6.6,5.4,2.1,0.8,2.4,7.0,17.8,107.0,107.0,2005,Delonte West-2005,0.0,Not Selected,Guard,BOS,0.036585365853658534
2004-05,Jahidi White,whiteja01,C,28,CHA,17,0,135,5.4,11.9,0.452,0.0,0.0,0.0,5.4,11.9,0.452,5.4,15.4,0.35,4.2,8.9,13.1,0.4,0.8,4.6,4.2,11.9,16.2,79.0,104.0,2005,Jahidi White-2005,0.0,Not Selected,Center,CHO,0.014634146341463415
2004-05,Rodney White,whitero02,SF,24,TOT,58,2,677,9.2,21.9,0.419,1.8,4.6,0.4,7.4,17.4,0.424,2.0,3.3,0.614,1.8,4.9,6.8,3.3,2.4,0.8,2.8,4.9,22.2,95.0,105.0,2005,Rodney White-2005,0.0,Not Selected,Forward,TOT,0.03333333333333333
2004-05,Chris Wilcox,wilcoch01,C,22,LAC,54,25,1005,9.1,17.6,0.514,0.0,0.0,0.0,9.1,17.6,0.514,4.7,7.7,0.611,3.4,8.8,12.2,2.0,1.4,1.3,4.1,6.9,22.8,99.0,105.0,2005,Chris Wilcox-2005,0.0,Not Selected,Center,LAC,0.03008130081300813
2004-05,Damien Wilkins,wilkida02,SF,25,SEA,29,7,520,7.7,17.6,0.435,1.7,6.2,0.271,6.0,11.4,0.523,2.2,3.6,0.618,3.0,3.9,6.9,2.7,2.3,1.1,1.7,5.8,19.2,110.0,110.0,2005,Damien Wilkins-2005,0.0,Not Selected,Forward,OKC,0.04227642276422764
2004-05,Mike Wilks,wilksmi01,PG,25,SAS,48,0,278,6.2,15.0,0.41600000000000004,1.0,3.1,0.313,5.2,11.8,0.44299999999999995,2.3,3.1,0.75,0.8,4.1,4.9,6.4,2.7,0.2,2.7,5.0,15.7,100.0,100.0,2005,Mike Wilks-2005,0.0,Not Selected,Guard,SAS,0.04796747967479675
2004-05,Aaron Williams,williaa01,C,33,TOT,42,4,315,4.9,10.6,0.46,0.0,0.0,0.0,4.9,10.6,0.46,2.5,2.8,0.882,2.8,7.2,10.0,1.3,0.8,1.3,2.8,11.7,12.2,95.0,106.0,2005,Aaron Williams-2005,0.0,Not Selected,Center,TOT,0.03333333333333333
2004-05,Eric Williams,willier01,SG,32,TOT,55,39,1322,5.7,13.2,0.43,1.1,2.9,0.384,4.6,10.3,0.444,4.5,6.4,0.696,1.8,5.1,6.9,3.7,1.5,0.2,2.4,5.9,17.0,105.0,108.0,2005,Eric Williams-2005,0.0,Not Selected,Guard,TOT,0.03333333333333333
2004-05,Frank Williams,willifr02,SG,24,CHI,9,0,71,2.2,14.6,0.15,0.0,2.9,0.0,2.2,11.7,0.188,0.0,0.0,0.0,1.5,2.9,4.4,8.0,1.5,2.2,2.2,6.6,4.4,57.0,102.0,2005,Frank Williams-2005,0.0,Not Selected,Guard,CHI,0.038211382113821135
2004-05,Jason Williams,willija02,PG,29,MEM,71,68,1952,7.4,17.9,0.413,3.0,9.2,0.324,4.4,8.7,0.506,2.2,2.8,0.792,0.5,2.9,3.4,11.1,2.1,0.1,3.6,2.5,20.0,107.0,107.0,2005,Jason Williams-2005,0.0,Not Selected,Guard,MEM,0.036585365853658534
2004-05,Jerome Williams,willije01,SF,31,NYK,79,4,1211,5.3,10.6,0.502,0.0,0.2,0.0,5.3,10.4,0.513,5.0,7.5,0.669,5.0,7.3,12.4,1.8,2.4,0.4,2.8,6.8,15.7,110.0,107.0,2005,Jerome Williams-2005,0.0,Not Selected,Forward,NYK,0.026829268292682926
2004-05,Mo Williams,willima01,PG,22,MIL,80,80,2254,7.6,17.3,0.43799999999999994,0.8,2.3,0.32299999999999995,6.8,15.0,0.456,3.2,3.8,0.85,1.2,4.6,5.7,11.4,1.7,0.3,4.6,5.2,19.1,102.0,111.0,2005,Mo Williams-2005,0.0,Not Selected,Guard,MIL,0.024390243902439025
2004-05,Scott Williams,willisc01,C,36,CLE,19,0,152,4.2,14.4,0.293,0.0,0.4,0.0,4.2,14.1,0.3,3.2,3.9,0.818,5.3,5.3,10.6,2.8,1.4,2.1,1.8,10.6,11.6,92.0,106.0,2005,Scott Williams-2005,0.0,Not Selected,Center,CLE,0.03414634146341464
2004-05,Corliss Williamson,willico02,PF,31,TOT,72,9,1527,9.1,19.5,0.467,0.0,0.1,0.0,9.1,19.4,0.469,6.5,8.1,0.799,3.5,5.2,8.6,2.6,1.3,0.5,2.9,7.3,24.7,107.0,108.0,2005,Corliss Williamson-2005,0.0,Not Selected,Forward,TOT,0.03333333333333333
2004-05,Kevin Willis,willike02,C,42,ATL,29,5,344,5.3,13.7,0.389,0.0,0.3,0.0,5.3,13.4,0.39799999999999996,2.6,3.5,0.7390000000000001,4.4,7.2,11.6,1.4,1.2,1.1,2.3,8.1,13.3,94.0,111.0,2005,Kevin Willis-2005,0.0,Not Selected,Center,ATL,0.01056910569105691
2004-05,Loren Woods,woodslo01,C,26,TOR,45,30,712,5.2,11.9,0.433,0.0,0.1,0.0,5.2,11.9,0.436,2.5,4.3,0.5760000000000001,5.9,10.1,16.0,1.2,0.6,2.8,2.7,5.7,12.8,98.0,106.0,2005,Loren Woods-2005,0.0,Not Selected,Center,TOR,0.026829268292682926
2004-05,Qyntel Woods,woodsqy01,SF,23,MIA,3,0,40,6.6,15.9,0.41700000000000004,0.0,0.0,0.0,6.6,15.9,0.41700000000000004,0.0,0.0,0.0,2.6,5.3,7.9,0.0,5.3,0.0,2.6,7.9,13.2,80.0,97.0,2005,Qyntel Woods-2005,0.0,Not Selected,Forward,MIA,0.04796747967479675
2004-05,Metta World Peace,artesro01,SF,25,IND,7,7,291,11.2,22.5,0.496,1.3,3.2,0.41200000000000003,9.8,19.3,0.51,8.9,9.6,0.922,1.5,7.0,8.5,4.2,2.3,1.1,3.2,5.1,32.5,118.0,103.0,2005,Metta World Peace-2005,0.0,Not Selected,Forward,IND,0.03577235772357724
2004-05,Dorell Wright,wrighdo01,SF,19,MIA,3,0,27,5.9,21.5,0.273,0.0,7.8,0.0,5.9,13.7,0.429,2.0,2.0,1.0,0.0,2.0,2.0,5.9,7.8,0.0,5.9,3.9,13.7,62.0,94.0,2005,Dorell Wright-2005,0.0,Not Selected,Forward,MIA,0.04796747967479675
2004-05,Lorenzen Wright,wrighlo02,C,29,MEM,80,77,2287,7.6,16.2,0.469,0.0,0.1,0.0,7.6,16.1,0.47100000000000003,3.1,4.7,0.662,4.2,10.3,14.5,2.1,1.4,1.6,2.4,6.0,18.3,103.0,101.0,2005,Lorenzen Wright-2005,0.0,Not Selected,Center,MEM,0.036585365853658534
2004-05,Wang Zhizhi,zhizhwa01,C,27,MIA,20,0,92,9.8,20.7,0.47200000000000003,1.1,1.7,0.667,8.6,19.0,0.455,4.0,6.9,0.583,3.4,6.9,10.3,2.9,1.7,1.1,2.9,5.2,24.7,104.0,103.0,2005,Wang Zhizhi-2005,0.0,Not Selected,Center,MIA,0.04796747967479675
2005-06,Shareef Abdur-Rahim,abdursh01,PF,29,SAC,72,30,1961,8.8,16.8,0.525,0.1,0.6,0.22699999999999998,8.7,16.2,0.536,5.8,7.4,0.784,2.8,6.7,9.5,4.0,1.3,1.1,2.9,6.0,23.6,115.0,105.0,2006,Shareef Abdur-Rahim-2006,0.0,Not Selected,Forward,SAC,0.03577235772357724
2005-06,Alex Acker,ackeral01,SG,23,DET,5,0,35,6.3,25.3,0.25,1.6,7.9,0.2,4.7,17.4,0.273,0.0,0.0,0.0,1.6,6.3,7.9,6.3,1.6,0.0,6.3,6.3,14.2,61.0,105.0,2006,Alex Acker-2006,0.0,Not Selected,Guard,DET,0.05203252032520325
2005-06,Malik Allen,allenma01,PF,27,CHI,54,20,701,8.9,18.2,0.49,0.1,0.1,1.0,8.8,18.1,0.488,1.7,2.8,0.605,3.2,7.1,10.3,1.5,1.0,1.2,2.5,6.8,19.6,98.0,104.0,2006,Malik Allen-2006,0.0,Not Selected,Forward,CHI,0.03333333333333333
2005-06,Ray Allen,allenra02,SG,30,SEA,78,78,3022,11.8,26.0,0.45399999999999996,4.7,11.3,0.41200000000000003,7.1,14.7,0.486,5.6,6.2,0.903,1.2,4.5,5.8,5.0,1.8,0.3,3.3,2.6,33.9,118.0,116.0,2006,Ray Allen-2006,0.0,Not Selected,Guard,OKC,0.028455284552845527
2005-06,Tony Allen,allento01,PG,24,BOS,51,9,978,6.9,14.6,0.47100000000000003,0.6,1.8,0.324,6.3,12.8,0.49200000000000005,5.3,7.1,0.746,1.7,4.2,5.9,3.6,2.7,1.0,3.6,6.7,19.6,103.0,106.0,2006,Tony Allen-2006,0.0,Not Selected,Guard,BOS,0.026829268292682926
2005-06,Rafer Alston,alstora01,PG,29,HOU,63,63,2431,6.3,16.6,0.379,2.3,7.0,0.327,4.0,9.6,0.418,2.2,3.2,0.6920000000000001,0.8,4.9,5.7,9.5,2.3,0.3,3.5,4.4,17.1,99.0,104.0,2006,Rafer Alston-2006,0.0,Not Selected,Guard,HOU,0.027642276422764227
2005-06,Chris Andersen,anderch01,C,27,NOK,32,2,570,5.3,9.3,0.5710000000000001,0.0,0.0,0.0,5.3,9.3,0.5710000000000001,4.6,9.8,0.47600000000000003,5.8,8.9,14.7,0.6,0.8,3.9,2.5,8.0,15.2,109.0,104.0,2006,Chris Andersen-2006,0.0,Not Selected,Center,NOP,0.030894308943089432
2005-06,Alan Anderson,anderal01,SF,23,CHA,36,7,564,6.8,16.5,0.414,2.2,5.3,0.414,4.6,11.2,0.415,3.0,3.7,0.805,2.1,4.3,6.4,2.9,1.0,0.4,2.9,4.4,18.9,101.0,111.0,2006,Alan Anderson-2006,0.0,Not Selected,Forward,CHO,0.02113821138211382
2005-06,Derek Anderson,anderde01,SG,31,TOT,43,11,1047,5.5,15.5,0.35600000000000004,2.0,6.9,0.299,3.5,8.6,0.402,4.8,5.7,0.838,1.1,6.2,7.3,5.2,1.2,0.3,2.8,5.0,17.9,102.0,106.0,2006,Derek Anderson-2006,0.0,Not Selected,Guard,TOT,0.03333333333333333
2005-06,Shandon Anderson,andersh01,SF,32,MIA,48,1,638,4.4,10.4,0.429,0.4,1.6,0.263,4.0,8.8,0.45799999999999996,1.1,1.5,0.722,1.5,5.2,6.7,2.5,1.4,0.5,2.0,6.2,10.4,95.0,106.0,2006,Shandon Anderson-2006,0.0,Not Selected,Forward,MIA,0.04227642276422764
2005-06,Martynas Andriuškevičius,andrima01,C,19,CLE,6,0,9,0.0,5.9,0.0,0.0,0.0,0.0,0.0,5.9,0.0,0.0,0.0,0.0,5.9,17.8,23.8,0.0,11.9,0.0,0.0,5.9,0.0,64.0,78.0,2006,Martynas Andriuškevičius-2006,0.0,Not Selected,Center,CLE,0.04065040650406504
2005-06,Carmelo Anthony,anthoca01,SF,21,DEN,80,80,2941,13.1,27.3,0.48100000000000004,0.6,2.6,0.243,12.5,24.7,0.506,10.0,12.3,0.8079999999999999,2.1,4.7,6.8,3.8,1.5,0.7,3.8,4.0,36.9,110.0,108.0,2006,Carmelo Anthony-2006,3.0,3rd,Forward,DEN,0.03577235772357724
2005-06,Rafael Araújo,araujra01,C,25,TOR,52,34,601,4.6,12.7,0.366,0.0,0.1,0.0,4.6,12.6,0.368,1.3,2.5,0.536,3.8,8.9,12.6,1.3,2.1,0.5,3.7,9.1,10.6,77.0,110.0,2006,Rafael Araújo-2006,0.0,Not Selected,Center,TOR,0.02195121951219512
2005-06,Gilbert Arenas,arenagi01,PG,24,WAS,80,80,3384,11.5,25.6,0.447,3.1,8.3,0.369,8.4,17.3,0.485,10.1,12.3,0.82,0.9,3.4,4.3,7.4,2.5,0.4,4.6,4.4,36.1,115.0,108.0,2006,Gilbert Arenas-2006,3.0,3rd,Guard,WAS,0.03414634146341464
2005-06,Trevor Ariza,arizatr01,SF,20,TOT,57,10,999,5.0,12.1,0.41200000000000003,0.1,0.3,0.2,4.9,11.8,0.41600000000000004,4.1,6.8,0.606,4.2,7.5,11.6,3.3,3.0,0.6,3.3,5.3,14.1,96.0,106.0,2006,Trevor Ariza-2006,0.0,Not Selected,Forward,TOT,0.03333333333333333
2005-06,Darrell Armstrong,armstda01,PG,37,DAL,62,2,622,3.8,11.3,0.336,1.0,4.2,0.22899999999999998,2.8,7.0,0.4,2.9,3.7,0.7859999999999999,1.6,5.5,7.1,7.6,2.4,0.3,5.1,6.2,11.4,87.0,105.0,2006,Darrell Armstrong-2006,0.0,Not Selected,Guard,DAL,0.04878048780487805
2005-06,Carlos Arroyo,arroyca01,PG-SG,26,TOT,77,0,1194,7.7,17.4,0.444,0.3,0.9,0.35,7.4,16.4,0.45,4.9,6.3,0.774,1.5,4.5,6.0,10.7,1.7,0.2,3.8,5.5,20.6,108.0,107.0,2006,Carlos Arroyo-2006,0.0,Not Selected,Guard,TOT,0.03333333333333333
2005-06,Chucky Atkins,atkinch01,PG-SG,31,TOT,71,41,1713,7.2,18.2,0.39399999999999996,3.1,8.7,0.354,4.1,9.5,0.431,4.1,5.2,0.7909999999999999,0.7,3.1,3.8,6.3,1.4,0.1,2.8,4.8,21.5,108.0,108.0,2006,Chucky Atkins-2006,0.0,Not Selected,Guard,TOT,0.03333333333333333
2005-06,Stacey Augmon,augmost01,SF,37,ORL,36,3,385,3.5,10.3,0.342,0.0,0.0,0.0,3.5,10.3,0.342,3.0,4.2,0.7,2.5,4.9,7.5,3.2,1.7,0.8,1.6,5.6,10.0,96.0,108.0,2006,Stacey Augmon-2006,0.0,Not Selected,Forward,ORL,0.02926829268292683
2005-06,Vin Baker,bakervi01,C,34,LAC,8,1,85,4.3,9.2,0.467,0.0,0.0,0.0,4.3,9.2,0.467,8.0,11.1,0.722,1.2,10.5,11.7,2.5,2.5,2.5,5.5,8.0,16.6,93.0,98.0,2006,Vin Baker-2006,0.0,Not Selected,Center,LAC,0.038211382113821135
2005-06,Marcus Banks,banksma01,PG,24,TOT,58,29,1497,7.9,16.8,0.46799999999999997,0.8,2.3,0.349,7.1,14.5,0.486,4.2,5.3,0.8029999999999999,0.8,4.0,4.8,7.9,1.9,0.4,4.3,5.8,20.7,102.0,107.0,2006,Marcus Banks-2006,0.0,Not Selected,Guard,TOT,0.03333333333333333
2005-06,Leandro Barbosa,barbole01,SG,23,PHO,57,11,1592,8.6,17.8,0.48100000000000004,2.7,6.2,0.444,5.9,11.7,0.501,3.5,4.6,0.755,1.0,3.7,4.7,5.0,1.5,0.2,2.8,4.6,23.4,111.0,108.0,2006,Leandro Barbosa-2006,0.0,Not Selected,Guard,PHO,0.04390243902439024
2005-06,Matt Barnes,barnema02,PF-SF,25,TOT,56,5,631,5.8,11.5,0.5,0.2,1.2,0.2,5.5,10.3,0.536,2.6,3.9,0.6809999999999999,4.0,6.0,10.0,2.3,1.6,0.6,2.5,8.2,14.4,108.0,109.0,2006,Matt Barnes-2006,0.0,Not Selected,Forward,TOT,0.03333333333333333
2005-06,Andre Barrett,barrean01,PG,23,TOT,19,0,282,7.1,19.4,0.365,0.4,2.6,0.14300000000000002,6.7,16.8,0.4,1.7,2.2,0.75,1.7,3.0,4.7,9.7,1.9,0.0,2.8,2.4,16.2,94.0,114.0,2006,Andre Barrett-2006,0.0,Not Selected,Guard,TOT,0.03333333333333333
2005-06,Earl Barron,barroea01,C,24,MIA,8,0,45,5.8,18.6,0.313,0.0,0.0,0.0,5.8,18.6,0.313,3.5,4.7,0.75,2.3,9.3,11.6,0.0,0.0,0.0,5.8,11.6,15.1,65.0,107.0,2006,Earl Barron-2006,0.0,Not Selected,Center,MIA,0.04227642276422764
2005-06,Brent Barry,barrybr01,SG,34,SAS,74,5,1259,6.7,14.9,0.452,3.4,8.7,0.396,3.3,6.2,0.531,1.7,2.5,0.6609999999999999,1.2,5.6,6.8,5.3,1.7,1.2,2.2,4.3,18.6,115.0,100.0,2006,Brent Barry-2006,0.0,Not Selected,Guard,SAS,0.05121951219512195
2005-06,Jon Barry,barryjo01,SG,36,HOU,20,0,342,4.0,10.4,0.385,1.9,5.1,0.375,2.1,5.3,0.39399999999999996,3.8,4.6,0.828,0.2,4.8,4.9,4.1,2.1,0.2,3.5,4.0,13.7,97.0,105.0,2006,Jon Barry-2006,0.0,Not Selected,Guard,HOU,0.027642276422764227
2005-06,Eddie Basden,basdeed01,SF,22,CHI,19,0,141,5.5,13.6,0.405,0.4,2.6,0.14300000000000002,5.1,11.0,0.467,2.9,3.7,0.8,2.6,7.7,10.3,2.9,3.3,0.7,3.3,6.2,14.3,92.0,99.0,2006,Eddie Basden-2006,0.0,Not Selected,Forward,CHI,0.03333333333333333
2005-06,Brandon Bass,bassbr01,PF,20,NOK,29,1,268,5.6,14.1,0.4,0.0,0.0,0.0,5.6,14.1,0.4,2.4,3.8,0.632,3.6,10.1,13.7,0.6,0.6,1.4,2.2,3.6,13.7,90.0,106.0,2006,Brandon Bass-2006,0.0,Not Selected,Forward,NOP,0.030894308943089432
2005-06,Esteban Batista,batises01,PF,22,ATL,57,3,495,3.6,8.6,0.425,0.0,0.1,0.0,3.6,8.5,0.43,3.5,5.7,0.623,6.5,8.9,15.4,0.8,1.6,1.2,4.1,11.9,10.8,92.0,109.0,2006,Esteban Batista-2006,0.0,Not Selected,Forward,ATL,0.02113821138211382
2005-06,Tony Battie,battito01,C,29,ORL,82,82,2215,6.9,13.5,0.507,0.0,0.1,0.0,6.9,13.4,0.513,2.2,3.3,0.664,3.6,7.7,11.2,1.2,1.1,1.7,2.2,6.1,15.9,106.0,107.0,2006,Tony Battie-2006,0.0,Not Selected,Center,ORL,0.02926829268292683
2005-06,Shane Battier,battish01,SF,27,MEM,81,81,2839,5.9,12.2,0.488,1.3,3.2,0.39399999999999996,4.7,8.9,0.522,2.9,4.1,0.7070000000000001,3.2,5.2,8.4,2.7,1.8,2.2,1.8,4.4,16.0,117.0,102.0,2006,Shane Battier-2006,0.0,Not Selected,Forward,MEM,0.03983739837398374
2005-06,Lonny Baxter,baxtelo01,C-PF,27,TOT,41,0,400,6.0,13.9,0.433,0.0,0.0,0.0,6.0,13.9,0.433,3.7,4.7,0.8,6.0,9.6,15.7,0.5,1.5,1.1,2.7,7.5,15.8,101.0,103.0,2006,Lonny Baxter-2006,0.0,Not Selected,Forward,TOT,0.03333333333333333
2005-06,Charlie Bell,bellch01,SG,26,MIL,59,6,1283,7.4,16.8,0.439,2.9,6.9,0.423,4.5,9.9,0.45,2.6,3.6,0.708,0.9,4.1,4.9,5.3,2.4,0.2,1.7,5.2,20.3,114.0,108.0,2006,Charlie Bell-2006,0.0,Not Selected,Guard,MIL,0.032520325203252036
2005-06,Raja Bell,bellra01,SG,29,PHO,79,79,2959,7.2,15.7,0.457,3.3,7.5,0.442,3.9,8.2,0.47100000000000003,1.9,2.5,0.7879999999999999,0.7,3.5,4.3,3.5,1.3,0.4,1.5,4.2,19.7,114.0,109.0,2006,Raja Bell-2006,0.0,Not Selected,Guard,PHO,0.04390243902439024
2005-06,Jonathan Bender,bendejo01,SF,25,IND,2,0,21,10.2,12.7,0.8,0.0,0.0,0.0,10.2,12.7,0.8,5.1,5.1,1.0,0.0,10.2,10.2,5.1,0.0,2.5,0.0,5.1,25.5,180.0,102.0,2006,Jonathan Bender-2006,0.0,Not Selected,Forward,IND,0.03333333333333333
2005-06,Mike Bibby,bibbymi01,PG,27,SAC,82,82,3167,9.8,22.8,0.43200000000000005,3.2,8.2,0.386,6.7,14.6,0.45799999999999996,5.6,6.6,0.8490000000000001,0.5,3.5,4.0,7.3,1.4,0.2,3.3,2.8,28.5,110.0,109.0,2006,Mike Bibby-2006,0.0,Not Selected,Guard,SAC,0.03577235772357724
2005-06,Andris Biedriņš,biedran01,C,19,GSW,68,2,1000,6.1,9.5,0.638,0.0,0.0,0.0,6.1,9.5,0.638,1.1,3.7,0.306,6.4,8.2,14.6,1.2,1.2,2.4,1.7,9.8,13.3,119.0,104.0,2006,Andris Biedriņš-2006,0.0,Not Selected,Center,GSW,0.027642276422764227
2005-06,Chauncey Billups,billuch01,PG,29,DET,81,81,2925,8.0,19.1,0.418,3.5,8.0,0.433,4.5,11.1,0.40700000000000003,8.8,9.8,0.894,0.8,4.0,4.8,13.2,1.3,0.2,3.2,3.0,28.3,127.0,107.0,2006,Chauncey Billups-2006,2.0,2nd,Guard,DET,0.05203252032520325
2005-06,Steve Blake,blakest01,PG,25,POR,68,57,1781,6.3,14.5,0.43799999999999994,2.3,5.7,0.413,4.0,8.8,0.455,2.2,2.8,0.7909999999999999,0.8,3.7,4.5,9.4,1.3,0.2,2.6,3.3,17.2,114.0,115.0,2006,Steve Blake-2006,0.0,Not Selected,Guard,POR,0.01707317073170732
2005-06,Andray Blatche,blatcan01,PF,19,WAS,29,0,175,7.7,19.9,0.38799999999999996,0.9,3.9,0.231,6.8,16.1,0.426,3.0,3.6,0.833,3.6,7.7,11.3,3.0,1.5,2.1,3.6,10.7,19.3,93.0,105.0,2006,Andray Blatche-2006,0.0,Not Selected,Forward,WAS,0.03414634146341464
2005-06,Mark Blount,blounma01,C,30,TOT,81,55,2240,8.8,17.4,0.508,0.0,0.0,0.0,8.8,17.4,0.508,4.0,5.3,0.757,2.3,6.4,8.7,2.3,0.9,1.8,4.6,6.0,21.7,96.0,106.0,2006,Mark Blount-2006,0.0,Not Selected,Center,TOT,0.03333333333333333
2005-06,Keith Bogans,boganke01,SG-SF,25,TOT,72,31,1912,6.0,15.1,0.395,1.8,5.6,0.325,4.2,9.5,0.436,3.5,5.2,0.6829999999999999,1.5,5.6,7.1,3.6,2.0,0.2,2.5,4.6,17.3,99.0,106.0,2006,Keith Bogans-2006,0.0,Not Selected,Forward,TOT,0.03333333333333333
2005-06,Andrew Bogut,bogutan01,PF,21,MIL,82,77,2348,7.2,13.6,0.5329999999999999,0.0,0.1,0.0,7.2,13.5,0.536,2.7,4.3,0.629,4.2,8.6,12.8,4.3,1.1,1.5,2.8,5.8,17.2,111.0,106.0,2006,Andrew Bogut-2006,0.0,Not Selected,Forward,MIL,0.032520325203252036
2005-06,Matt Bonner,bonnema01,PF,25,TOR,78,6,1710,6.4,14.4,0.44799999999999995,3.1,7.5,0.42,3.3,6.9,0.478,1.9,2.3,0.8290000000000001,2.7,6.1,8.8,1.7,1.5,1.0,1.0,6.7,18.0,122.0,112.0,2006,Matt Bonner-2006,0.0,Not Selected,Forward,TOR,0.02195121951219512
2005-06,Calvin Booth,boothca01,C,29,WAS,33,2,250,4.2,9.8,0.426,0.2,0.4,0.5,4.0,9.4,0.42200000000000004,1.0,1.9,0.556,4.0,6.9,10.8,2.5,1.9,1.9,1.7,9.2,9.6,103.0,105.0,2006,Calvin Booth-2006,0.0,Not Selected,Center,WAS,0.03414634146341464
2005-06,Carlos Boozer,boozeca01,PF,24,UTA,33,19,1025,11.7,21.3,0.5489999999999999,0.0,0.0,0.0,11.7,21.3,0.5489999999999999,5.3,7.3,0.723,3.9,11.3,15.2,4.7,1.6,0.4,3.7,5.6,28.6,113.0,105.0,2006,Carlos Boozer-2006,0.0,Not Selected,Forward,UTA,0.03333333333333333
2005-06,Chris Bosh,boshch01,C,21,TOR,70,70,2751,10.5,20.8,0.505,0.0,0.2,0.0,10.5,20.6,0.511,9.1,11.1,0.816,3.9,8.5,12.4,3.5,1.0,1.5,3.0,4.0,30.1,118.0,111.0,2006,Chris Bosh-2006,0.0,Not Selected,Center,TOR,0.02195121951219512
2005-06,Bruce Bowen,bowenbr01,SF,34,SAS,82,82,2755,4.6,10.6,0.433,2.0,4.8,0.424,2.5,5.7,0.44,1.0,1.7,0.607,0.7,5.6,6.3,2.5,1.6,0.6,1.3,3.8,12.2,107.0,101.0,2006,Bruce Bowen-2006,0.0,Not Selected,Forward,SAS,0.05121951219512195
2005-06,Ryan Bowen,bowenry01,SF,30,HOU,68,19,652,3.1,10.4,0.298,0.3,1.8,0.136,2.8,8.5,0.33299999999999996,0.9,1.2,0.7859999999999999,2.6,4.8,7.4,2.0,1.8,0.5,1.1,7.1,7.4,83.0,105.0,2006,Ryan Bowen-2006,0.0,Not Selected,Forward,HOU,0.027642276422764227
2005-06,Earl Boykins,boykiea01,PG,29,DEN,60,0,1542,9.0,21.9,0.41,2.1,5.9,0.34600000000000003,6.9,16.0,0.434,5.0,5.8,0.8740000000000001,0.7,2.0,2.7,7.6,1.6,0.1,2.8,2.4,25.1,107.0,110.0,2006,Earl Boykins-2006,0.0,Not Selected,Guard,DEN,0.03577235772357724
2005-06,Michael Bradley,bradlmi01,PF,26,PHI,46,1,367,4.5,11.1,0.405,0.1,0.7,0.2,4.4,10.4,0.419,0.3,0.4,0.667,5.6,9.5,15.1,2.4,0.7,1.0,2.7,5.5,9.5,93.0,108.0,2006,Michael Bradley-2006,0.0,Not Selected,Forward,PHI,0.030894308943089432
2005-06,Elton Brand,brandel01,PF,26,LAC,79,79,3099,12.8,24.2,0.527,0.0,0.1,0.33299999999999996,12.7,24.2,0.527,7.4,9.6,0.775,4.0,9.4,13.3,3.5,1.4,3.4,2.9,3.8,33.0,116.0,100.0,2006,Elton Brand-2006,2.0,2nd,Forward,LAC,0.038211382113821135
2005-06,Primož Brezec,brezepr01,C,26,CHA,79,79,2165,9.7,18.8,0.517,0.0,0.0,0.0,9.7,18.7,0.518,3.9,5.3,0.732,4.3,6.1,10.4,1.1,0.5,0.8,2.0,5.4,23.3,111.0,110.0,2006,Primož Brezec-2006,0.0,Not Selected,Center,CHO,0.02113821138211382
2005-06,Devin Brown,brownde02,SG,27,UTA,81,14,1711,6.6,16.8,0.39299999999999996,1.2,3.8,0.331,5.4,13.1,0.41100000000000003,5.0,6.8,0.745,2.3,4.3,6.6,3.3,1.4,0.4,3.2,4.9,19.5,100.0,110.0,2006,Devin Brown-2006,0.0,Not Selected,Guard,UTA,0.03333333333333333
2005-06,Kwame Brown,brownkw01,C,23,LAL,72,49,1978,5.4,10.4,0.526,0.0,0.0,0.0,5.4,10.3,0.527,3.4,6.3,0.545,4.9,7.8,12.6,1.9,0.7,1.2,2.7,5.2,14.3,108.0,107.0,2006,Kwame Brown-2006,0.0,Not Selected,Center,LAL,0.036585365853658534
2005-06,P.J. Brown,brownpj01,C,36,NOK,75,73,2380,6.1,13.2,0.461,0.0,0.0,0.0,6.1,13.2,0.461,3.2,3.8,0.8270000000000001,4.1,8.3,12.4,2.0,1.0,1.1,2.0,4.9,15.3,107.0,107.0,2006,P.J. Brown-2006,0.0,Not Selected,Center,NOP,0.030894308943089432
2005-06,Rick Brunson,brunsri01,PG,33,TOT,27,0,246,4.6,11.9,0.389,1.1,2.9,0.385,3.5,9.0,0.39,1.5,2.6,0.583,0.2,4.6,4.9,7.7,1.8,0.2,4.9,4.9,11.9,83.0,107.0,2006,Rick Brunson-2006,0.0,Not Selected,Guard,TOT,0.03333333333333333
2005-06,Kobe Bryant,bryanko01,SG,27,LAL,80,80,3277,15.8,35.0,0.45,2.9,8.3,0.34700000000000003,12.9,26.7,0.48200000000000004,11.2,13.2,0.85,1.1,5.7,6.8,5.8,2.4,0.5,4.0,3.8,45.6,114.0,105.0,2006,Kobe Bryant-2006,1.0,1st,Guard,LAL,0.036585365853658534
2005-06,Greg Buckner,buckngr01,SG,29,DEN,73,27,1758,5.3,12.1,0.434,2.5,7.1,0.354,2.8,5.1,0.546,1.2,1.6,0.782,0.9,5.2,6.1,3.7,2.5,0.6,1.5,5.2,14.3,111.0,105.0,2006,Greg Buckner-2006,0.0,Not Selected,Guard,DEN,0.03577235772357724
2005-06,Pat Burke,burkepa01,C,32,PHO,42,0,346,9.1,18.4,0.496,0.3,1.0,0.28600000000000003,8.8,17.4,0.508,1.9,3.0,0.619,3.0,7.5,10.6,2.3,0.9,1.9,4.8,9.0,20.4,90.0,105.0,2006,Pat Burke-2006,0.0,Not Selected,Center,PHO,0.04390243902439024
2005-06,Antonio Burks,burksan01,PG,25,MEM,57,1,570,5.0,14.1,0.354,0.1,0.6,0.16699999999999998,4.9,13.5,0.36200000000000004,1.0,2.2,0.435,0.4,3.2,3.6,7.4,2.0,0.0,3.5,4.4,11.0,80.0,105.0,2006,Antonio Burks-2006,0.0,Not Selected,Guard,MEM,0.03983739837398374
2005-06,Kevin Burleson,burleke01,PG,26,CHA,39,1,340,3.3,13.3,0.25,1.5,8.2,0.185,1.8,5.1,0.353,2.4,2.6,0.941,0.6,3.3,3.9,7.3,3.9,0.3,3.8,9.5,10.6,79.0,105.0,2006,Kevin Burleson-2006,0.0,Not Selected,Guard,CHO,0.02113821138211382
2005-06,Caron Butler,butleca01,SF,25,WAS,75,54,2708,9.5,20.9,0.455,0.8,2.3,0.342,8.7,18.6,0.469,5.6,6.4,0.87,2.2,6.8,9.0,3.6,2.4,0.3,3.4,4.6,25.3,107.0,106.0,2006,Caron Butler-2006,0.0,Not Selected,Forward,WAS,0.03414634146341464
2005-06,Jackie Butler,butleja01,C,20,NYK,55,0,740,8.4,15.4,0.544,0.0,0.0,0.0,8.4,15.4,0.544,4.1,5.5,0.753,4.8,8.3,13.1,1.8,1.2,2.2,4.4,9.1,20.9,105.0,109.0,2006,Jackie Butler-2006,0.0,Not Selected,Center,NYK,0.01869918699186992
2005-06,Rasual Butler,butlera01,SF,26,NOK,79,20,1875,7.4,18.2,0.406,2.6,7.0,0.38,4.7,11.3,0.42200000000000004,2.3,3.3,0.693,1.5,5.2,6.7,1.2,0.9,1.3,1.9,4.1,19.7,100.0,109.0,2006,Rasual Butler-2006,0.0,Not Selected,Forward,NOP,0.030894308943089432
2005-06,Andrew Bynum,bynuman01,C,18,LAL,46,0,338,5.2,12.8,0.402,0.0,0.0,0.0,5.2,12.8,0.402,1.2,4.2,0.29600000000000004,5.3,7.2,12.5,1.4,0.6,3.4,2.7,8.7,11.6,87.0,105.0,2006,Andrew Bynum-2006,0.0,Not Selected,Center,LAL,0.036585365853658534
2005-06,Will Bynum,bynumwi01,PG,23,GSW,15,0,162,6.7,16.5,0.40399999999999997,0.6,2.9,0.222,6.0,13.7,0.442,3.2,5.1,0.625,1.0,2.9,3.8,6.0,2.2,0.0,4.4,3.2,17.2,88.0,108.0,2006,Will Bynum-2006,0.0,Not Selected,Guard,GSW,0.027642276422764227
2005-06,Žarko Čabarkapa,cabarza01,PF,24,GSW,61,0,505,6.8,17.7,0.385,0.5,2.0,0.25,6.3,15.7,0.40299999999999997,6.1,8.6,0.7140000000000001,3.8,7.5,11.3,2.0,1.3,0.7,3.6,8.9,20.3,95.0,106.0,2006,Žarko Čabarkapa-2006,0.0,Not Selected,Forward,GSW,0.027642276422764227
2005-06,José Calderón,caldejo01,SG,24,TOR,64,11,1487,4.7,11.1,0.423,0.2,1.5,0.163,4.4,9.5,0.465,2.8,3.3,0.848,1.1,3.9,5.0,10.2,1.5,0.1,3.6,3.3,12.4,104.0,115.0,2006,José Calderón-2006,0.0,Not Selected,Guard,TOR,0.02195121951219512
2005-06,Marcus Camby,cambyma01,C,31,DEN,56,54,1857,8.3,17.9,0.465,0.0,0.3,0.091,8.3,17.6,0.47200000000000003,3.1,4.3,0.7120000000000001,3.6,14.7,18.4,3.2,2.2,5.1,2.5,4.3,19.7,102.0,95.0,2006,Marcus Camby-2006,0.0,Not Selected,Center,DEN,0.03577235772357724
2005-06,Brian Cardinal,cardibr01,PF,28,MEM,36,0,402,6.4,15.4,0.414,1.8,4.0,0.44799999999999995,4.6,11.3,0.402,2.6,3.7,0.7040000000000001,1.5,6.1,7.6,4.6,3.2,0.0,3.7,9.0,17.2,96.0,100.0,2006,Brian Cardinal-2006,0.0,Not Selected,Forward,MEM,0.03983739837398374
2005-06,Matt Carroll,carroma01,SG,25,CHA,78,6,1275,7.7,19.2,0.40299999999999997,2.9,7.5,0.389,4.8,11.7,0.41200000000000003,5.6,6.8,0.821,1.4,5.0,6.3,1.4,1.9,0.4,1.9,4.8,23.9,108.0,108.0,2006,Matt Carroll-2006,0.0,Not Selected,Guard,CHO,0.02113821138211382
2005-06,Anthony Carter,cartean01,PG,30,MIN,45,8,589,4.9,12.6,0.387,0.4,1.4,0.267,4.5,11.2,0.402,3.7,5.0,0.727,0.8,4.9,5.7,9.3,2.2,0.8,3.7,6.5,13.8,96.0,105.0,2006,Anthony Carter-2006,0.0,Not Selected,Guard,MIN,0.026829268292682926
2005-06,Vince Carter,cartevi01,SG,29,NJN,79,79,2906,12.0,27.9,0.43,2.3,6.7,0.341,9.7,21.2,0.45899999999999996,8.8,11.0,0.799,2.5,6.0,8.5,6.2,1.7,1.0,3.9,4.3,35.1,107.0,102.0,2006,Vince Carter-2006,0.0,Not Selected,Guard,BRK,0.03983739837398374
2005-06,Sam Cassell,cassesa01,PG,36,LAC,78,75,2653,9.7,21.9,0.44299999999999995,1.4,3.7,0.368,8.3,18.2,0.45899999999999996,5.7,6.6,0.863,0.8,4.9,5.7,9.7,1.5,0.2,3.5,4.4,26.5,109.0,106.0,2006,Sam Cassell-2006,0.0,Not Selected,Guard,LAC,0.038211382113821135
2005-06,Kelvin Cato,catoke01,C,31,TOT,27,0,333,5.9,13.7,0.429,0.0,0.0,0.0,5.9,13.7,0.429,4.3,5.7,0.743,3.3,8.2,11.4,0.7,1.0,2.0,2.9,8.5,16.0,96.0,106.0,2006,Kelvin Cato-2006,0.0,Not Selected,Center,TOT,0.03333333333333333
2005-06,Tyson Chandler,chandty01,C,23,CHI,79,50,2121,3.9,6.9,0.565,0.0,0.0,0.0,3.9,6.9,0.5670000000000001,2.4,4.7,0.503,6.5,10.9,17.4,2.0,1.0,2.5,3.0,7.3,10.2,107.0,100.0,2006,Tyson Chandler-2006,0.0,Not Selected,Center,CHI,0.03333333333333333
2005-06,Calbert Cheaney,cheanca01,SF,34,GSW,42,0,448,4.8,12.4,0.389,0.0,0.9,0.0,4.8,11.5,0.42,0.9,0.9,1.0,2.3,4.7,7.0,2.2,1.5,0.2,2.0,4.4,10.6,88.0,108.0,2006,Calbert Cheaney-2006,0.0,Not Selected,Forward,GSW,0.027642276422764227
2005-06,Josh Childress,childjo01,SF,22,ATL,74,10,2249,6.6,11.9,0.552,0.8,1.5,0.49200000000000005,5.8,10.4,0.56,3.6,4.7,0.7659999999999999,3.2,6.0,9.1,3.1,2.0,0.9,2.4,4.3,17.5,121.0,111.0,2006,Josh Childress-2006,0.0,Not Selected,Forward,ATL,0.02113821138211382
2005-06,Doug Christie,chrisdo01,SG,35,DAL,7,7,185,2.7,7.7,0.34600000000000003,0.0,0.3,0.0,2.7,7.4,0.36,2.4,3.5,0.667,0.6,3.3,3.8,4.1,2.7,0.3,1.8,3.0,7.7,93.0,106.0,2006,Doug Christie-2006,0.0,Not Selected,Guard,DAL,0.04878048780487805
2005-06,Speedy Claxton,claxtsp01,PG,27,NOK,71,3,2019,8.1,19.7,0.413,0.5,1.7,0.27,7.7,18.0,0.426,6.6,8.6,0.769,1.0,4.1,5.2,9.1,2.9,0.2,4.1,4.7,23.3,101.0,107.0,2006,Speedy Claxton-2006,0.0,Not Selected,Guard,NOP,0.030894308943089432
2005-06,Mateen Cleaves,cleavma01,PG,28,SEA,27,0,230,5.7,16.2,0.35200000000000004,0.9,3.6,0.25,4.8,12.5,0.382,4.3,5.5,0.792,0.5,2.7,3.2,9.6,0.7,0.5,3.2,6.8,16.6,101.0,119.0,2006,Mateen Cleaves-2006,0.0,Not Selected,Guard,OKC,0.028455284552845527
2005-06,Jarron Collins,collija03,C,27,UTA,79,41,1730,4.1,8.8,0.461,0.0,0.0,0.0,4.1,8.8,0.461,5.0,6.9,0.7170000000000001,4.2,6.3,10.5,3.1,1.1,0.9,1.9,8.0,13.1,117.0,108.0,2006,Jarron Collins-2006,0.0,Not Selected,Center,UTA,0.03333333333333333
2005-06,Jason Collins,collija04,C,27,NJN,71,70,1895,2.9,7.4,0.397,0.1,0.3,0.25,2.8,7.0,0.40399999999999997,1.2,2.4,0.512,2.6,7.0,9.6,2.0,1.3,1.1,1.7,7.1,7.2,90.0,102.0,2006,Jason Collins-2006,0.0,Not Selected,Center,BRK,0.03983739837398374
2005-06,Nick Collison,collini01,PF,25,SEA,66,27,1448,7.5,14.3,0.525,0.0,0.1,0.0,7.5,14.1,0.529,2.9,4.1,0.6990000000000001,5.2,8.1,13.3,2.7,0.8,1.3,2.8,7.7,17.8,112.0,114.0,2006,Nick Collison-2006,0.0,Not Selected,Forward,OKC,0.028455284552845527
2005-06,Brian Cook,cookbr01,PF,25,LAL,81,46,1535,9.0,17.6,0.511,1.2,2.9,0.429,7.7,14.7,0.527,2.9,3.5,0.8320000000000001,3.0,6.4,9.4,2.5,1.3,1.1,2.1,7.1,22.1,116.0,106.0,2006,Brian Cook-2006,0.0,Not Selected,Forward,LAL,0.036585365853658534
2005-06,Jamal Crawford,crawfja01,SG,25,NYK,79,27,2555,7.6,18.2,0.41600000000000004,2.1,6.1,0.345,5.5,12.1,0.452,6.1,7.4,0.826,0.7,4.4,5.1,6.2,1.8,0.3,3.6,3.1,23.3,109.0,112.0,2006,Jamal Crawford-2006,0.0,Not Selected,Guard,NYK,0.01869918699186992
2005-06,Austin Croshere,croshau01,PF,30,IND,50,26,1148,6.2,13.3,0.46299999999999997,2.5,6.5,0.386,3.6,6.8,0.5379999999999999,4.2,4.8,0.882,2.9,9.5,12.4,2.9,1.0,0.3,2.2,4.9,19.0,121.0,103.0,2006,Austin Croshere-2006,0.0,Not Selected,Forward,IND,0.03333333333333333
2005-06,Eddy Curry,curryed01,C,23,NYK,72,69,1865,9.5,16.9,0.563,0.0,0.0,0.0,9.5,16.9,0.563,8.7,13.8,0.632,4.1,8.1,12.2,0.5,0.8,1.6,5.1,6.8,27.8,106.0,110.0,2006,Eddy Curry-2006,0.0,Not Selected,Center,NYK,0.01869918699186992
2005-06,Samuel Dalembert,dalemsa01,C,24,PHI,66,52,1761,5.8,10.9,0.531,0.0,0.0,0.0,5.8,10.8,0.5329999999999999,2.7,3.9,0.705,4.7,11.2,15.9,0.7,1.0,4.7,3.1,7.2,14.3,104.0,102.0,2006,Samuel Dalembert-2006,0.0,Not Selected,Center,PHI,0.030894308943089432
2005-06,Erick Dampier,dampier01,C,30,DAL,82,36,1934,4.8,9.8,0.493,0.0,0.0,0.0,4.8,9.8,0.493,3.6,6.1,0.591,7.7,10.4,18.1,1.4,0.8,3.0,3.3,7.4,13.3,108.0,103.0,2006,Erick Dampier-2006,0.0,Not Selected,Center,DAL,0.04878048780487805
2005-06,Antonio Daniels,daniean01,SG,30,WAS,80,17,2283,5.2,12.5,0.418,0.5,2.3,0.228,4.7,10.2,0.461,6.5,7.7,0.845,0.4,3.5,3.9,6.5,1.2,0.2,2.0,2.2,17.5,118.0,111.0,2006,Antonio Daniels-2006,0.0,Not Selected,Guard,WAS,0.03414634146341464
2005-06,Marquis Daniels,daniema01,SG,25,DAL,62,29,1766,7.6,15.9,0.48,0.1,0.6,0.21100000000000002,7.5,15.3,0.491,4.3,5.7,0.754,2.5,4.4,6.9,5.3,2.1,0.4,3.1,4.4,19.6,110.0,107.0,2006,Marquis Daniels-2006,0.0,Not Selected,Guard,DAL,0.04878048780487805
2005-06,Antonio Davis,davisan01,PF-C,37,TOT,44,39,940,4.6,10.7,0.43200000000000005,0.0,0.1,0.0,4.6,10.6,0.434,2.9,4.6,0.642,5.1,6.6,11.7,1.2,1.3,0.6,2.9,7.0,12.1,97.0,112.0,2006,Antonio Davis-2006,0.0,Not Selected,Forward,TOT,0.03333333333333333
2005-06,Baron Davis,davisba01,PG,26,GSW,54,48,1971,8.7,22.5,0.389,2.7,8.5,0.315,6.1,14.0,0.434,5.1,7.5,0.675,1.2,5.0,6.2,12.5,2.3,0.4,4.2,4.3,25.2,105.0,106.0,2006,Baron Davis-2006,0.0,Not Selected,Guard,GSW,0.027642276422764227
2005-06,Dale Davis,davisda01,C,36,DET,28,2,178,2.8,7.5,0.375,0.0,0.3,0.0,2.8,7.1,0.391,2.5,4.7,0.5329999999999999,6.5,9.9,16.5,1.9,0.0,2.8,1.2,7.1,8.1,110.0,103.0,2006,Dale Davis-2006,0.0,Not Selected,Center,DET,0.05203252032520325
2005-06,Josh Davis,davisjo02,PF,25,TOT,6,0,17,6.1,21.3,0.28600000000000003,0.0,6.1,0.0,6.1,15.2,0.4,6.1,9.1,0.667,9.1,3.0,12.2,3.0,6.1,0.0,3.0,9.1,18.3,90.0,100.0,2006,Josh Davis-2006,0.0,Not Selected,Forward,TOT,0.03333333333333333
2005-06,Ricky Davis,davisri01,SG-SF,26,TOT,78,78,3207,9.6,21.5,0.44799999999999995,1.2,4.0,0.302,8.4,17.5,0.48100000000000004,4.5,5.7,0.797,1.1,4.7,5.8,6.5,1.5,0.3,3.5,3.1,25.0,103.0,108.0,2006,Ricky Davis-2006,0.0,Not Selected,Forward,TOT,0.03333333333333333
2005-06,Carlos Delfino,delfica01,SG,23,DET,68,1,726,6.9,17.2,0.40299999999999997,1.5,4.6,0.33299999999999996,5.4,12.6,0.428,3.4,5.1,0.672,2.1,6.5,8.6,3.4,1.6,1.1,2.7,6.6,18.8,98.0,103.0,2006,Carlos Delfino-2006,0.0,Not Selected,Guard,DET,0.05203252032520325
2005-06,Tony Delk,delkto01,PG-SG,32,TOT,24,0,385,10.2,23.1,0.441,2.9,6.7,0.426,7.3,16.4,0.447,2.9,3.9,0.741,2.0,5.6,7.6,4.7,1.9,0.1,2.7,4.0,26.1,106.0,105.0,2006,Tony Delk-2006,0.0,Not Selected,Guard,TOT,0.03333333333333333
2005-06,Luol Deng,denglu01,SF,20,CHI,78,56,2604,8.8,18.9,0.46299999999999997,0.4,1.5,0.26899999999999996,8.3,17.4,0.48100000000000004,4.1,5.5,0.75,2.5,7.7,10.2,2.9,1.4,1.0,2.1,2.5,22.1,106.0,103.0,2006,Luol Deng-2006,0.0,Not Selected,Forward,CHI,0.03333333333333333
2005-06,Boris Diaw,diawbo01,PF,23,PHO,81,70,2874,7.8,14.9,0.526,0.1,0.5,0.267,7.7,14.3,0.536,3.0,4.1,0.731,2.8,7.0,9.7,8.8,1.0,1.5,3.3,4.5,18.8,115.0,106.0,2006,Boris Diaw-2006,0.0,Not Selected,Forward,PHO,0.04390243902439024
2005-06,Dan Dickau,dickada01,PG,27,BOS,19,0,234,3.8,10.2,0.37,2.2,4.5,0.5,1.6,5.8,0.26899999999999996,4.0,4.0,1.0,1.1,2.4,3.6,8.9,2.4,0.2,4.0,8.9,13.8,109.0,108.0,2006,Dan Dickau-2006,0.0,Not Selected,Guard,BOS,0.026829268292682926
2005-06,Travis Diener,dienetr01,PG,23,ORL,23,0,246,6.4,15.2,0.42,5.5,12.6,0.439,0.9,2.7,0.33299999999999996,1.1,1.3,0.833,0.9,3.8,4.6,3.5,1.5,0.0,2.2,4.9,19.4,118.0,110.0,2006,Travis Diener-2006,0.0,Not Selected,Guard,ORL,0.02926829268292683
2005-06,Ike Diogu,dioguik01,PF,22,GSW,69,14,1031,8.7,16.7,0.524,0.0,0.0,0.0,8.7,16.7,0.524,6.8,8.4,0.81,4.7,6.7,11.4,1.4,0.7,1.5,3.9,8.2,24.3,111.0,107.0,2006,Ike Diogu-2006,0.0,Not Selected,Forward,GSW,0.027642276422764227
2005-06,DeSagana Diop,diopde01,C,24,DAL,81,45,1510,2.7,5.6,0.48700000000000004,0.0,0.1,0.5,2.7,5.5,0.48700000000000004,1.4,2.6,0.542,5.3,8.3,13.5,0.8,1.6,5.3,1.3,9.2,6.9,116.0,100.0,2006,DeSagana Diop-2006,0.0,Not Selected,Center,DAL,0.04878048780487805
2005-06,Juan Dixon,dixonju01,SG,27,POR,76,42,1920,10.2,23.4,0.435,1.9,4.8,0.382,8.3,18.6,0.449,4.5,5.5,0.804,0.9,4.2,5.0,4.3,1.7,0.2,3.2,4.5,26.7,102.0,114.0,2006,Juan Dixon-2006,0.0,Not Selected,Guard,POR,0.01707317073170732
2005-06,Michael Doleac,doleami01,C,28,MIA,31,3,371,5.2,12.4,0.42,0.0,0.0,0.0,5.2,12.4,0.42,3.4,4.2,0.8,3.2,8.8,12.0,1.1,1.4,1.0,2.0,6.4,13.8,101.0,104.0,2006,Michael Doleac-2006,0.0,Not Selected,Center,MIA,0.04227642276422764
2005-06,Keyon Dooling,doolike01,PG,25,ORL,50,7,1137,8.5,19.4,0.44,0.6,2.1,0.302,7.9,17.3,0.456,4.8,5.8,0.835,0.5,3.2,3.7,5.2,2.3,0.2,3.9,5.5,22.5,99.0,109.0,2006,Keyon Dooling-2006,0.0,Not Selected,Guard,ORL,0.02926829268292683
2005-06,Chris Duhon,duhonch01,PG,23,CHI,74,38,2155,5.2,12.9,0.4,2.4,6.7,0.36,2.8,6.2,0.442,2.8,3.4,0.818,0.7,4.6,5.3,8.9,1.7,0.1,2.8,3.6,15.5,111.0,105.0,2006,Chris Duhon-2006,0.0,Not Selected,Guard,CHI,0.03333333333333333
2005-06,Tim Duncan,duncati01,PF,29,SAS,80,80,2784,11.2,23.1,0.484,0.0,0.1,0.4,11.1,23.0,0.485,6.5,10.4,0.629,4.5,12.7,17.2,4.9,1.4,3.2,3.9,4.3,28.9,106.0,94.0,2006,Tim Duncan-2006,2.0,2nd,Forward,SAS,0.05121951219512195
2005-06,Mike Dunleavy,dunlemi02,SF,25,GSW,81,68,2578,6.6,16.3,0.406,1.5,5.2,0.285,5.1,11.1,0.462,3.9,5.0,0.778,1.6,6.4,8.0,4.7,1.2,0.6,2.4,4.0,18.6,104.0,107.0,2006,Mike Dunleavy-2006,0.0,Not Selected,Forward,GSW,0.027642276422764227
2005-06,Ronald Dupree,duprero01,SF,25,MIN,36,0,265,6.7,12.9,0.524,0.0,0.2,0.0,6.7,12.7,0.532,2.9,8.4,0.341,4.3,5.7,10.0,2.9,2.4,0.0,2.9,9.0,16.3,97.0,104.0,2006,Ronald Dupree-2006,0.0,Not Selected,Forward,MIN,0.026829268292682926
2005-06,John Edwards,edwarjo01,C,24,ATL,40,4,296,5.6,11.5,0.484,0.0,0.0,0.0,5.6,11.5,0.484,1.4,2.0,0.727,3.2,5.4,8.6,0.9,0.5,2.7,2.2,13.6,12.6,101.0,112.0,2006,John Edwards-2006,0.0,Not Selected,Center,ATL,0.02113821138211382
2005-06,Howard Eisley,eisleho01,PG,33,TOT,32,0,394,4.4,13.4,0.33,1.7,5.5,0.31,2.7,8.0,0.344,2.6,3.1,0.833,0.4,3.9,4.3,9.0,1.4,0.3,2.7,4.4,13.2,98.0,108.0,2006,Howard Eisley-2006,0.0,Not Selected,Guard,TOT,0.03333333333333333
2005-06,Monta Ellis,ellismo01,SG,20,GSW,49,3,886,7.7,18.5,0.415,1.6,4.8,0.341,6.0,13.7,0.441,2.4,3.4,0.7120000000000001,1.3,4.8,6.1,4.5,1.9,0.6,3.4,4.0,19.4,95.0,107.0,2006,Monta Ellis-2006,0.0,Not Selected,Guard,GSW,0.027642276422764227
2005-06,Francisco Elson,elsonfr01,C,29,DEN,72,54,1579,4.9,9.2,0.532,0.0,0.2,0.2,4.9,9.0,0.5379999999999999,1.6,2.4,0.662,3.2,7.8,11.0,1.5,1.7,1.5,2.1,6.8,11.4,105.0,104.0,2006,Francisco Elson-2006,0.0,Not Selected,Center,DEN,0.03577235772357724
2005-06,Melvin Ely,elyme01,PF,27,CHA,57,22,1348,8.2,16.2,0.508,0.0,0.1,0.0,8.2,16.1,0.511,4.9,7.3,0.667,3.6,7.0,10.6,2.9,1.1,1.7,3.8,6.1,21.3,103.0,107.0,2006,Melvin Ely-2006,0.0,Not Selected,Forward,CHO,0.02113821138211382
2005-06,Maurice Evans,evansma01,SG,27,DET,80,1,1139,7.5,16.6,0.452,2.1,5.6,0.371,5.4,10.9,0.493,2.5,3.2,0.8,3.7,4.2,7.9,2.9,2.0,0.7,1.9,5.9,19.6,113.0,105.0,2006,Maurice Evans-2006,0.0,Not Selected,Guard,DET,0.05203252032520325
2005-06,Reggie Evans,evansre01,PF,25,TOT,67,25,1393,4.9,10.0,0.489,0.0,0.0,0.0,4.9,9.9,0.491,4.3,8.1,0.53,6.4,12.3,18.7,1.4,1.5,0.4,3.2,6.2,14.0,104.0,107.0,2006,Reggie Evans-2006,0.0,Not Selected,Forward,TOT,0.03333333333333333
2005-06,Daniel Ewing,ewingda01,SG,22,LAC,66,5,971,5.2,13.7,0.38,1.2,4.2,0.282,4.0,9.5,0.424,1.9,2.5,0.7829999999999999,1.2,3.3,4.6,4.5,2.0,0.3,3.1,4.6,13.6,90.0,106.0,2006,Daniel Ewing-2006,0.0,Not Selected,Guard,LAC,0.038211382113821135
2005-06,Noel Felix,felixno01,SF,24,SEA,12,0,82,3.8,16.0,0.24,0.6,1.9,0.33299999999999996,3.2,14.1,0.22699999999999998,3.2,5.1,0.625,1.9,6.4,8.3,1.3,1.3,1.9,5.1,8.3,11.5,62.0,114.0,2006,Noel Felix-2006,0.0,Not Selected,Forward,OKC,0.028455284552845527
2005-06,Raymond Felton,feltora01,PG,21,CHA,80,54,2406,7.4,18.9,0.391,2.1,5.8,0.358,5.3,13.1,0.405,3.4,4.7,0.725,1.6,4.0,5.7,9.5,2.2,0.2,3.9,3.9,20.2,100.0,109.0,2006,Raymond Felton-2006,0.0,Not Selected,Guard,CHO,0.02113821138211382
2005-06,Michael Finley,finlemi01,SG,32,SAS,77,18,2038,7.6,18.5,0.41200000000000003,2.9,7.4,0.39399999999999996,4.7,11.1,0.423,2.6,3.1,0.852,0.8,5.7,6.6,3.1,1.0,0.2,1.6,2.6,20.8,107.0,103.0,2006,Michael Finley-2006,0.0,Not Selected,Guard,SAS,0.05121951219512195
2005-06,Derek Fisher,fishede01,PG,31,GSW,82,36,2589,7.2,17.6,0.41,2.3,5.9,0.397,4.9,11.8,0.41700000000000004,4.8,5.8,0.833,0.7,3.5,4.2,7.0,2.5,0.2,3.1,4.7,21.6,108.0,107.0,2006,Derek Fisher-2006,0.0,Not Selected,Guard,GSW,0.027642276422764227
2005-06,Gerald Fitch,fitchge01,PG,23,MIA,18,1,239,6.6,19.5,0.337,1.5,5.7,0.26899999999999996,5.0,13.8,0.365,3.7,5.0,0.7390000000000001,1.5,5.0,6.6,7.2,1.5,1.1,3.3,6.1,18.4,93.0,105.0,2006,Gerald Fitch-2006,0.0,Not Selected,Guard,MIA,0.04227642276422764
2005-06,Marcus Fizer,fizerma01,PF,27,NOK,3,0,39,12.5,23.5,0.529,1.4,1.4,1.0,11.1,22.1,0.5,1.4,2.8,0.5,1.4,8.3,9.7,1.4,0.0,0.0,2.8,6.9,27.7,102.0,110.0,2006,Marcus Fizer-2006,0.0,Not Selected,Forward,NOP,0.030894308943089432
2005-06,Sharrod Ford,fordsh02,PF,24,PHO,3,0,13,7.7,11.6,0.667,0.0,0.0,0.0,7.7,11.6,0.667,0.0,0.0,0.0,3.9,7.7,11.6,0.0,0.0,3.9,7.7,27.0,15.4,78.0,104.0,2006,Sharrod Ford-2006,0.0,Not Selected,Forward,PHO,0.04390243902439024
2005-06,T.J. Ford,fordtj01,PG,22,MIL,72,70,2557,6.7,16.2,0.41600000000000004,0.7,2.1,0.337,6.0,14.1,0.428,3.8,5.1,0.754,1.3,5.1,6.4,9.7,2.1,0.1,4.5,4.0,18.1,99.0,108.0,2006,T.J. Ford-2006,0.0,Not Selected,Guard,MIL,0.032520325203252036
2005-06,Danny Fortson,fortsda01,C,29,SEA,23,1,276,5.1,9.7,0.529,0.0,0.0,0.0,5.1,9.7,0.529,6.3,8.2,0.767,5.9,8.9,14.8,0.4,0.8,0.4,4.9,14.4,16.5,105.0,114.0,2006,Danny Fortson-2006,0.0,Not Selected,Center,OKC,0.028455284552845527
2005-06,Jeff Foster,fosteje01,C,29,IND,63,37,1581,4.7,8.5,0.552,0.0,0.1,0.0,4.7,8.3,0.561,3.3,5.4,0.604,7.6,11.9,19.4,1.7,1.4,0.9,2.2,6.5,12.6,120.0,100.0,2006,Jeff Foster-2006,0.0,Not Selected,Center,IND,0.03333333333333333
2005-06,Adonal Foyle,foylead01,C,30,GSW,77,72,1824,4.3,8.5,0.507,0.0,0.0,0.0,4.3,8.5,0.507,1.2,1.9,0.612,4.0,7.9,12.0,0.9,1.2,3.5,2.3,6.1,9.7,100.0,103.0,2006,Adonal Foyle-2006,0.0,Not Selected,Center,GSW,0.027642276422764227
2005-06,Richie Frahm,frahmri01,SG,28,TOT,33,0,342,6.2,15.9,0.39,3.6,11.1,0.32899999999999996,2.5,4.8,0.5329999999999999,1.1,1.6,0.7,0.5,4.8,5.2,3.3,0.6,0.3,1.3,4.8,17.1,106.0,109.0,2006,Richie Frahm-2006,0.0,Not Selected,Guard,TOT,0.03333333333333333
2005-06,Steve Francis,francst01,PG-SG,28,TOT,70,60,2393,7.5,17.2,0.435,0.6,1.9,0.301,6.9,15.4,0.452,7.1,9.0,0.787,1.7,4.9,6.5,7.8,1.7,0.4,4.8,4.6,22.7,104.0,110.0,2006,Steve Francis-2006,0.0,Not Selected,Guard,TOT,0.03333333333333333
2005-06,Channing Frye,fryech01,C,22,NYK,65,14,1572,10.3,21.5,0.47700000000000004,0.1,0.3,0.33299999999999996,10.2,21.2,0.479,6.4,7.7,0.825,4.6,7.9,12.6,1.8,1.0,1.6,3.3,6.7,27.0,110.0,110.0,2006,Channing Frye-2006,0.0,Not Selected,Center,NYK,0.01869918699186992
2005-06,Dan Gadzuric,gadzuda01,C,27,MIL,74,0,885,10.2,18.4,0.5529999999999999,0.0,0.1,0.0,10.2,18.3,0.555,2.4,5.3,0.461,5.4,8.4,13.8,1.4,1.5,2.6,2.1,10.2,22.8,111.0,104.0,2006,Dan Gadzuric-2006,0.0,Not Selected,Center,MIL,0.032520325203252036
2005-06,Deng Gai,gaide01,C,23,PHI,2,0,5,0.0,0.0,0.0,0.0,0.0,0.0,0.0,0.0,0.0,0.0,0.0,0.0,0.0,0.0,0.0,0.0,0.0,0.0,0.0,0.0,0.0,0.0,117.0,2006,Deng Gai-2006,0.0,Not Selected,Center,PHI,0.030894308943089432
2005-06,Reece Gaines,gainere01,PG,25,MIL,12,0,54,5.8,11.7,0.5,0.0,1.9,0.0,5.8,9.7,0.6,1.0,3.9,0.25,0.0,0.0,0.0,2.9,1.0,0.0,1.0,1.0,12.7,97.0,114.0,2006,Reece Gaines-2006,0.0,Not Selected,Guard,MIL,0.032520325203252036
2005-06,Francisco García,garcifr01,SF,24,SAC,67,11,1301,5.2,13.0,0.4,1.6,5.5,0.285,3.7,7.5,0.484,3.1,4.1,0.772,1.6,5.9,7.4,3.8,1.6,1.9,3.0,5.4,15.1,98.0,104.0,2006,Francisco García-2006,0.0,Not Selected,Forward,SAC,0.03577235772357724
2005-06,Kevin Garnett,garneke01,PF,29,MIN,76,76,2957,11.4,21.8,0.526,0.1,0.5,0.267,11.3,21.2,0.532,7.2,8.9,0.81,3.9,13.8,17.7,5.6,1.9,2.0,3.3,3.8,30.3,117.0,98.0,2006,Kevin Garnett-2006,0.0,Not Selected,Forward,MIN,0.026829268292682926
2005-06,Pat Garrity,garripa01,PF,29,ORL,57,0,938,5.9,14.0,0.41700000000000004,2.9,7.5,0.38799999999999996,3.0,6.5,0.451,1.7,2.1,0.8109999999999999,1.8,4.5,6.3,2.2,0.7,0.5,2.2,6.3,16.3,107.0,111.0,2006,Pat Garrity-2006,0.0,Not Selected,Forward,ORL,0.02926829268292683
2005-06,Pau Gasol,gasolpa01,PF,25,MEM,80,80,3135,10.6,21.2,0.503,0.1,0.2,0.25,10.6,21.0,0.505,7.5,10.9,0.6890000000000001,3.4,9.3,12.7,6.6,0.8,2.7,4.2,3.3,28.9,111.0,100.0,2006,Pau Gasol-2006,0.0,Not Selected,Forward,MEM,0.03983739837398374
2005-06,Devean George,georgde01,SF,28,LAL,71,5,1542,5.8,14.6,0.4,1.7,5.5,0.313,4.1,9.1,0.45299999999999996,2.0,2.9,0.674,2.8,6.6,9.4,2.3,2.3,1.2,1.8,5.4,15.3,103.0,104.0,2006,Devean George-2006,0.0,Not Selected,Forward,LAL,0.036585365853658534
2005-06,Eddie Gill,gilled01,PG,27,IND,41,0,122,4.4,19.7,0.222,3.1,10.1,0.304,1.3,9.7,0.136,7.9,10.1,0.7829999999999999,0.0,6.6,6.6,5.3,4.8,0.4,3.9,5.7,19.7,85.0,97.0,2006,Eddie Gill-2006,0.0,Not Selected,Guard,IND,0.03333333333333333
2005-06,Manu Ginóbili,ginobma01,SG,28,SAS,65,56,1813,9.2,20.0,0.462,2.5,6.5,0.382,6.8,13.5,0.5,8.4,10.8,0.778,1.3,5.6,6.9,7.0,3.0,0.8,3.6,4.7,29.3,117.0,98.0,2006,Manu Ginóbili-2006,0.0,Not Selected,Guard,SAS,0.05121951219512195
2005-06,Gordan Giriček,giricgo01,SG,28,UTA,37,36,956,9.5,21.9,0.433,1.0,3.4,0.305,8.5,18.5,0.457,2.5,3.3,0.754,0.9,3.1,4.0,3.6,0.9,0.2,3.6,5.0,22.5,93.0,112.0,2006,Gordan Giriček-2006,0.0,Not Selected,Guard,UTA,0.03333333333333333
2005-06,Anthony Goldwire,goldwan01,PG,34,LAC,3,0,22,2.4,16.6,0.14300000000000002,0.0,4.8,0.0,2.4,11.9,0.2,0.0,0.0,0.0,0.0,2.4,2.4,4.8,0.0,0.0,2.4,0.0,4.8,41.0,111.0,2006,Anthony Goldwire-2006,0.0,Not Selected,Guard,LAC,0.038211382113821135
2005-06,Ryan Gomes,gomesry01,PF,23,BOS,61,33,1376,6.5,13.4,0.48700000000000004,0.1,0.3,0.33299999999999996,6.4,13.1,0.491,4.2,5.6,0.752,3.9,7.4,11.3,2.2,1.3,0.2,2.1,3.1,17.4,112.0,108.0,2006,Ryan Gomes-2006,0.0,Not Selected,Forward,BOS,0.026829268292682926
2005-06,Drew Gooden,goodedr01,PF,24,CLE,79,79,2174,8.2,16.0,0.512,0.0,0.1,0.33299999999999996,8.2,16.0,0.513,4.3,6.3,0.682,5.8,10.5,16.3,1.4,1.3,1.2,2.6,4.7,20.8,112.0,104.0,2006,Drew Gooden-2006,0.0,Not Selected,Forward,CLE,0.04065040650406504
2005-06,Ben Gordon,gordobe01,SG,22,CHI,80,47,2482,10.1,24.0,0.42200000000000004,3.5,7.9,0.435,6.7,16.0,0.41600000000000004,4.4,5.6,0.787,0.9,3.7,4.6,5.0,1.6,0.1,3.7,5.0,28.1,102.0,106.0,2006,Ben Gordon-2006,0.0,Not Selected,Guard,CHI,0.03333333333333333
2005-06,Joey Graham,grahajo01,SF,23,TOR,80,24,1581,6.6,13.8,0.478,1.0,2.9,0.33299999999999996,5.6,10.9,0.517,3.6,4.4,0.812,1.9,6.2,8.1,2.0,1.2,0.4,3.1,7.6,17.8,104.0,113.0,2006,Joey Graham-2006,0.0,Not Selected,Forward,TOR,0.02195121951219512
2005-06,Stephen Graham,grahast01,SG,23,TOT,22,0,175,6.4,16.5,0.389,0.6,3.1,0.2,5.8,13.4,0.43200000000000005,4.3,4.6,0.9329999999999999,1.5,6.7,8.2,2.1,1.5,0.6,4.0,9.5,17.7,89.0,105.0,2006,Stephen Graham-2006,0.0,Not Selected,Guard,TOT,0.03333333333333333
2005-06,Danny Granger,grangda01,SF,22,IND,78,17,1765,6.7,14.5,0.462,0.9,2.8,0.32299999999999995,5.8,11.7,0.496,3.5,4.5,0.777,4.0,7.7,11.6,2.7,1.8,1.9,2.4,6.4,17.8,110.0,101.0,2006,Danny Granger-2006,0.0,Not Selected,Forward,IND,0.03333333333333333
2005-06,Brian Grant,grantbr01,C,33,PHO,21,2,248,5.5,13.1,0.415,0.0,0.0,0.0,5.5,13.1,0.415,1.4,1.6,0.875,2.2,9.3,11.5,1.4,1.0,0.6,1.4,9.1,12.3,94.0,105.0,2006,Brian Grant-2006,0.0,Not Selected,Center,PHO,0.04390243902439024
2005-06,Devin Green,greende01,SG,23,LAL,27,0,135,2.3,11.0,0.214,0.0,0.8,0.0,2.3,10.2,0.231,5.1,8.2,0.619,3.9,5.5,9.4,2.7,1.2,0.0,2.0,5.1,9.8,85.0,109.0,2006,Devin Green-2006,0.0,Not Selected,Guard,LAL,0.036585365853658534
2005-06,Gerald Green,greenge01,SG,20,BOS,32,3,374,9.2,19.2,0.478,0.8,2.8,0.3,8.4,16.4,0.508,4.0,5.2,0.784,1.4,4.3,5.7,2.5,1.8,0.6,3.1,5.7,23.3,102.0,108.0,2006,Gerald Green-2006,0.0,Not Selected,Guard,BOS,0.026829268292682926
2005-06,Willie Green,greenwi01,SG,24,PHI,10,2,153,9.5,22.3,0.424,3.4,6.4,0.526,6.1,15.9,0.38299999999999995,1.4,1.7,0.8,0.3,4.7,5.1,1.7,0.7,0.0,4.1,4.4,23.7,90.0,112.0,2006,Willie Green-2006,0.0,Not Selected,Guard,PHI,0.030894308943089432
2005-06,Orien Greene,greenor01,PG,23,BOS,80,5,1235,4.2,10.7,0.395,0.4,1.7,0.225,3.8,9.0,0.42700000000000005,1.9,2.9,0.662,1.6,4.6,6.1,5.4,3.2,0.4,4.6,7.6,10.7,83.0,105.0,2006,Orien Greene-2006,0.0,Not Selected,Guard,BOS,0.026829268292682926
2005-06,Adrian Griffin,griffad01,SG,31,DAL,52,45,1245,4.3,9.0,0.48,0.0,0.1,0.0,4.3,8.9,0.485,1.8,2.3,0.774,3.3,6.7,10.0,3.9,2.2,0.4,1.7,5.0,10.4,115.0,105.0,2006,Adrian Griffin-2006,0.0,Not Selected,Guard,DAL,0.04878048780487805
2005-06,Eddie Griffin,griffed01,C,23,MIN,70,27,1359,5.2,14.7,0.35100000000000003,0.6,3.3,0.195,4.5,11.5,0.396,1.8,2.9,0.595,4.3,11.2,15.5,1.6,0.5,5.9,1.7,5.0,12.7,90.0,99.0,2006,Eddie Griffin-2006,0.0,Not Selected,Center,MIN,0.026829268292682926
2005-06,Anthony Grundy,grundan01,SG,26,ATL,12,0,108,9.3,18.7,0.5,2.5,7.4,0.33299999999999996,6.9,11.3,0.609,4.4,6.9,0.643,0.5,7.9,8.4,4.4,3.4,0.0,4.4,6.9,25.6,106.0,107.0,2006,Anthony Grundy-2006,0.0,Not Selected,Guard,ATL,0.02113821138211382
2005-06,Richard Hamilton,hamilri01,SG,27,DET,80,80,2825,12.7,25.9,0.491,1.1,2.3,0.45799999999999996,11.6,23.5,0.494,5.0,5.9,0.845,1.6,3.4,5.0,5.4,1.0,0.3,3.4,4.1,31.5,109.0,108.0,2006,Richard Hamilton-2006,0.0,Not Selected,Guard,DET,0.05203252032520325
2005-06,Zendon Hamilton,hamilze01,C,30,TOT,12,0,49,7.6,15.2,0.5,0.0,0.0,0.0,7.6,15.2,0.5,13.1,19.6,0.667,3.3,8.7,12.0,0.0,4.4,0.0,6.5,5.4,28.3,99.0,100.0,2006,Zendon Hamilton-2006,0.0,Not Selected,Center,TOT,0.03333333333333333
2005-06,Anfernee Hardaway,hardaan01,SF,34,NYK,4,0,72,2.9,10.3,0.28600000000000003,0.0,0.7,0.0,2.9,9.5,0.308,1.5,1.5,1.0,0.0,7.3,7.3,5.9,1.5,0.0,4.4,5.1,7.3,67.0,111.0,2006,Anfernee Hardaway-2006,0.0,Not Selected,Forward,NYK,0.01869918699186992
2005-06,Matt Harpring,harprma01,SF,29,UTA,71,32,1944,9.1,19.1,0.475,0.4,1.1,0.359,8.7,18.0,0.48200000000000004,6.4,8.8,0.725,4.4,5.9,10.3,2.8,1.7,0.4,3.1,5.7,24.9,110.0,108.0,2006,Matt Harpring-2006,0.0,Not Selected,Forward,UTA,0.03333333333333333
2005-06,Al Harrington,harrial01,PF,25,ATL,76,76,2782,10.5,23.3,0.452,1.3,3.6,0.34600000000000003,9.3,19.6,0.47100000000000003,4.6,6.7,0.6940000000000001,2.5,7.5,10.0,4.5,1.6,0.3,3.7,5.7,26.9,104.0,111.0,2006,Al Harrington-2006,0.0,Not Selected,Forward,ATL,0.02113821138211382
2005-06,Othella Harrington,harriot01,C,32,CHI,72,23,824,8.5,17.1,0.495,0.0,0.0,0.0,8.5,17.1,0.495,4.8,7.7,0.626,3.4,6.3,9.7,2.4,0.4,0.8,3.8,8.2,21.7,99.0,106.0,2006,Othella Harrington-2006,0.0,Not Selected,Center,CHI,0.03333333333333333
2005-06,Devin Harris,harride01,PG,22,DAL,56,4,1275,8.2,17.4,0.469,0.2,0.9,0.23800000000000002,7.9,16.5,0.48200000000000004,7.2,10.1,0.716,1.1,4.2,5.4,7.6,2.3,0.7,3.6,5.2,23.8,111.0,106.0,2006,Devin Harris-2006,0.0,Not Selected,Guard,DAL,0.04878048780487805
2005-06,David Harrison,harrida01,C,23,IND,67,17,1034,7.7,15.2,0.503,0.0,0.0,0.0,7.7,15.2,0.503,4.6,9.0,0.511,4.3,8.8,13.2,0.7,1.2,3.1,4.1,10.0,19.9,95.0,100.0,2006,David Harrison-2006,0.0,Not Selected,Center,IND,0.03333333333333333
2005-06,Jason Hart,hartja01,PG,27,SAC,66,0,818,5.5,14.1,0.389,0.6,2.0,0.29,4.9,12.1,0.405,2.4,3.6,0.6609999999999999,0.8,3.8,4.5,4.5,2.0,0.3,2.7,5.4,13.9,89.0,107.0,2006,Jason Hart-2006,0.0,Not Selected,Guard,SAC,0.03577235772357724
2005-06,Udonis Haslem,hasleud01,PF,25,MIA,81,80,2491,6.3,12.4,0.508,0.0,0.0,0.0,6.3,12.4,0.509,3.3,4.2,0.789,3.5,9.8,13.3,2.0,1.1,0.4,1.7,4.5,15.9,116.0,105.0,2006,Udonis Haslem-2006,0.0,Not Selected,Forward,MIA,0.04227642276422764
2005-06,Trenton Hassell,hassetr01,SG,26,MIN,77,67,2514,6.2,13.2,0.46399999999999997,0.2,0.5,0.304,6.0,12.8,0.47,2.8,3.8,0.7440000000000001,1.8,2.9,4.6,4.4,0.9,0.6,2.7,4.3,15.3,101.0,109.0,2006,Trenton Hassell-2006,0.0,Not Selected,Guard,MIN,0.026829268292682926
2005-06,Chuck Hayes,hayesch01,PF,22,HOU,40,0,535,6.0,10.7,0.562,0.0,0.1,0.0,6.0,10.6,0.5670000000000001,3.0,4.6,0.644,6.8,11.4,18.2,1.4,2.6,1.4,1.2,7.7,15.0,127.0,98.0,2006,Chuck Hayes-2006,0.0,Not Selected,Forward,HOU,0.027642276422764227
2005-06,Jarvis Hayes,hayesja01,SG,24,WAS,21,13,516,7.8,18.4,0.42100000000000004,1.7,4.7,0.36200000000000004,6.0,13.7,0.441,2.5,3.0,0.833,1.9,5.7,7.7,2.7,1.6,0.1,2.2,3.8,19.8,103.0,109.0,2006,Jarvis Hayes-2006,0.0,Not Selected,Guard,WAS,0.03414634146341464
2005-06,Brendan Haywood,haywobr01,C,26,WAS,79,70,1879,6.1,12.0,0.514,0.0,0.0,0.0,6.1,12.0,0.514,3.6,6.2,0.585,5.5,7.4,12.9,1.3,0.8,2.9,2.7,6.4,15.9,109.0,106.0,2006,Brendan Haywood-2006,0.0,Not Selected,Center,WAS,0.03414634146341464
2005-06,Luther Head,headlu01,SG,23,HOU,80,27,2310,6.0,14.9,0.40299999999999997,2.7,7.4,0.361,3.3,7.5,0.445,2.0,2.9,0.6990000000000001,0.8,5.5,6.3,5.1,2.1,0.2,2.8,4.0,16.7,100.0,104.0,2006,Luther Head-2006,0.0,Not Selected,Guard,HOU,0.027642276422764227
2005-06,Alan Henderson,hendeal01,C,33,CLE,51,3,531,4.7,9.2,0.516,0.0,0.0,0.0,4.7,9.2,0.516,3.3,4.9,0.6729999999999999,6.0,7.8,13.8,1.0,0.9,1.2,2.2,5.8,12.8,115.0,106.0,2006,Alan Henderson-2006,0.0,Not Selected,Center,CLE,0.04065040650406504
2005-06,Nenê,hilarne01,PF,23,DEN,1,0,3,0.0,17.0,0.0,0.0,0.0,0.0,0.0,17.0,0.0,0.0,0.0,0.0,0.0,0.0,0.0,0.0,0.0,0.0,34.1,17.0,0.0,0.0,114.0,2006,Nenê-2006,0.0,Not Selected,Forward,DEN,0.03577235772357724
2005-06,Grant Hill,hillgr01,SF,33,ORL,21,17,613,10.6,21.5,0.49,0.2,0.7,0.25,10.4,20.8,0.498,6.9,9.0,0.765,1.3,5.8,7.1,4.3,2.1,0.5,3.1,4.4,28.2,110.0,107.0,2006,Grant Hill-2006,0.0,Not Selected,Forward,ORL,0.02926829268292683
2005-06,Kirk Hinrich,hinriki01,PG,25,CHI,81,81,2955,7.9,18.8,0.418,2.2,6.0,0.37,5.7,12.9,0.441,4.5,5.5,0.815,0.5,4.5,5.0,9.0,1.6,0.4,3.3,4.4,22.4,108.0,105.0,2006,Kirk Hinrich-2006,0.0,Not Selected,Guard,CHI,0.03333333333333333
2005-06,Julius Hodge,hodgeju01,SG,22,DEN,14,0,33,7.7,20.1,0.385,0.0,0.0,0.0,7.7,20.1,0.385,4.6,12.4,0.375,7.7,3.1,10.8,9.3,3.1,0.0,12.4,10.8,20.1,72.0,106.0,2006,Julius Hodge-2006,0.0,Not Selected,Guard,DEN,0.03577235772357724
2005-06,Randy Holcomb,holcora01,SF,26,CHI,4,0,11,4.7,4.7,1.0,0.0,0.0,0.0,4.7,4.7,1.0,0.0,0.0,0.0,4.7,0.0,4.7,0.0,0.0,0.0,0.0,9.4,9.4,205.0,112.0,2006,Randy Holcomb-2006,0.0,Not Selected,Forward,CHI,0.03333333333333333
2005-06,Robert Horry,horryro01,PF,35,SAS,63,3,1182,5.1,13.4,0.384,2.4,6.6,0.368,2.7,6.8,0.39899999999999997,2.0,3.1,0.647,3.3,7.8,11.1,3.6,2.0,2.3,1.9,5.3,14.7,107.0,97.0,2006,Robert Horry-2006,0.0,Not Selected,Forward,SAS,0.05121951219512195
2005-06,Eddie House,houseed01,PG,27,PHO,81,0,1421,11.3,26.8,0.42200000000000004,4.3,11.1,0.389,6.9,15.6,0.445,1.2,1.4,0.805,0.5,4.1,4.7,5.2,1.5,0.4,2.7,3.4,28.1,100.0,108.0,2006,Eddie House-2006,0.0,Not Selected,Guard,PHO,0.04390243902439024
2005-06,Dwight Howard,howardw01,PF,20,ORL,82,81,3021,8.4,15.9,0.531,0.0,0.0,0.0,8.4,15.8,0.532,6.4,10.8,0.595,5.2,13.2,18.4,2.2,1.2,2.1,3.9,5.0,23.2,108.0,103.0,2006,Dwight Howard-2006,0.0,Not Selected,Forward,ORL,0.02926829268292683
2005-06,Josh Howard,howarjo01,SF,25,DAL,59,58,1915,10.0,21.2,0.47100000000000003,0.8,1.8,0.429,9.2,19.4,0.475,5.6,7.6,0.7340000000000001,3.5,7.1,10.6,3.2,1.9,0.7,2.3,4.8,26.4,115.0,105.0,2006,Josh Howard-2006,0.0,Not Selected,Forward,DAL,0.04878048780487805
2005-06,Juwan Howard,howarju01,PF,32,HOU,80,80,2537,8.5,18.5,0.45899999999999996,0.0,0.1,0.0,8.5,18.4,0.461,3.3,4.1,0.8059999999999999,3.6,7.9,11.5,2.4,1.1,0.2,2.9,5.1,20.2,100.0,105.0,2006,Juwan Howard-2006,0.0,Not Selected,Forward,HOU,0.027642276422764227
2005-06,Troy Hudson,hudsotr01,PG,29,MIN,36,0,800,8.6,22.5,0.381,2.7,6.8,0.396,5.9,15.7,0.375,3.2,3.5,0.9229999999999999,0.5,2.4,3.0,7.2,0.8,0.3,2.7,3.7,23.1,100.0,110.0,2006,Troy Hudson-2006,0.0,Not Selected,Guard,MIN,0.026829268292682926
2005-06,Larry Hughes,hughela01,SG,27,CLE,36,31,1281,8.0,19.6,0.409,1.2,3.2,0.368,6.8,16.4,0.41700000000000004,6.1,8.1,0.7559999999999999,1.1,5.6,6.7,5.5,2.2,0.9,4.1,4.9,23.3,99.0,105.0,2006,Larry Hughes-2006,0.0,Not Selected,Guard,CLE,0.04065040650406504
2005-06,Kris Humphries,humphkr01,PF,20,UTA,62,2,619,6.8,17.9,0.379,0.0,0.4,0.0,6.8,17.5,0.389,3.0,5.7,0.523,4.9,8.9,13.9,2.6,2.0,1.4,2.7,7.2,16.6,90.0,104.0,2006,Kris Humphries-2006,0.0,Not Selected,Forward,UTA,0.03333333333333333
2005-06,Lindsey Hunter,hunteli01,PG,35,DET,30,1,353,5.8,15.7,0.37,1.7,6.7,0.256,4.1,8.9,0.456,0.3,0.6,0.5,1.6,4.7,6.3,9.7,3.0,0.2,3.1,6.9,13.6,97.0,103.0,2006,Lindsey Hunter-2006,0.0,Not Selected,Guard,DET,0.05203252032520325
2005-06,Steven Hunter,huntest01,C,24,PHI,69,35,1312,6.9,11.5,0.601,0.0,0.0,0.0,6.9,11.5,0.601,2.8,5.4,0.514,4.3,6.4,10.7,0.7,0.5,3.0,2.5,4.7,16.6,111.0,109.0,2006,Steven Hunter-2006,0.0,Not Selected,Center,PHI,0.030894308943089432
2005-06,Andre Iguodala,iguodan01,SF,22,PHI,82,82,3086,5.8,11.5,0.5,0.9,2.7,0.354,4.8,8.9,0.5429999999999999,4.4,5.9,0.754,2.0,6.1,8.1,4.3,2.3,0.4,2.6,3.3,16.9,115.0,108.0,2006,Andre Iguodala-2006,0.0,Not Selected,Forward,PHI,0.030894308943089432
2005-06,Zydrunas Ilgauskas,ilgauzy01,C,30,CLE,78,78,2283,10.5,20.8,0.506,0.0,0.1,0.0,10.5,20.7,0.509,7.4,8.9,0.8340000000000001,5.7,8.1,13.8,2.1,0.9,3.2,3.6,6.6,28.5,114.0,104.0,2006,Zydrunas Ilgauskas-2006,0.0,Not Selected,Center,CLE,0.04065040650406504
2005-06,D.J. Mbenga,mbengdj01,C,25,DAL,43,1,237,7.4,13.8,0.5329999999999999,0.0,0.2,0.0,7.4,13.6,0.542,2.3,4.6,0.5,4.4,8.5,12.9,0.5,1.4,5.8,3.7,10.8,17.1,98.0,99.0,2006,D.J. Mbenga-2006,0.0,Not Selected,Center,DAL,0.04878048780487805
2005-06,Allen Iverson,iversal01,PG,30,PHI,72,72,3103,13.6,30.4,0.447,1.2,3.7,0.32299999999999995,12.4,26.7,0.465,11.3,13.8,0.8140000000000001,0.7,3.1,3.9,8.9,2.3,0.2,4.1,2.0,39.7,111.0,110.0,2006,Allen Iverson-2006,3.0,3rd,Guard,PHI,0.030894308943089432
2005-06,Royal Ivey,iveyro01,PG,24,ATL,73,66,978,6.3,14.3,0.439,0.2,0.5,0.4,6.1,13.8,0.441,1.3,1.8,0.727,1.7,3.5,5.2,4.0,1.3,0.4,1.2,8.0,14.1,106.0,114.0,2006,Royal Ivey-2006,0.0,Not Selected,Guard,ATL,0.02113821138211382
2005-06,Jarrett Jack,jackja01,SG,22,POR,79,4,1599,6.5,14.7,0.442,0.7,2.6,0.263,5.8,12.1,0.48,4.4,5.5,0.8,0.6,4.9,5.5,7.5,1.4,0.1,3.5,4.7,18.0,104.0,114.0,2006,Jarrett Jack-2006,0.0,Not Selected,Guard,POR,0.01707317073170732
2005-06,Bobby Jackson,jacksbo01,PG,32,MEM,71,15,1775,9.0,23.4,0.382,4.0,10.4,0.389,4.9,13.0,0.377,3.4,4.6,0.733,1.4,5.6,7.0,6.1,1.9,0.0,3.2,4.9,25.3,102.0,103.0,2006,Bobby Jackson-2006,0.0,Not Selected,Guard,MEM,0.03983739837398374
2005-06,Jermaine Jackson,jacksje01,PG,29,MIL,30,2,202,2.9,6.8,0.423,0.3,1.0,0.25,2.6,5.7,0.455,3.1,3.6,0.857,2.1,4.9,7.0,6.5,1.0,0.3,3.4,4.9,9.1,104.0,110.0,2006,Jermaine Jackson-2006,0.0,Not Selected,Guard,MIL,0.032520325203252036
2005-06,Jim Jackson,jacksji01,SF,35,TOT,40,1,512,4.6,15.8,0.294,1.8,7.3,0.243,2.9,8.5,0.337,0.9,1.3,0.6920000000000001,1.1,6.4,7.5,3.5,1.2,0.6,3.5,5.0,11.9,73.0,107.0,2006,Jim Jackson-2006,0.0,Not Selected,Forward,TOT,0.03333333333333333
2005-06,Luke Jackson,jackslu02,SF,24,CLE,36,0,315,4.9,14.4,0.341,2.0,6.1,0.33299999999999996,2.9,8.3,0.34700000000000003,4.4,5.6,0.7879999999999999,2.7,4.1,6.8,4.2,1.9,0.3,5.3,5.1,16.3,90.0,107.0,2006,Luke Jackson-2006,0.0,Not Selected,Forward,CLE,0.04065040650406504
2005-06,Marc Jackson,jacksma02,C,31,TOT,64,10,1027,9.1,19.3,0.47200000000000003,0.1,0.1,0.5,9.1,19.2,0.47100000000000003,3.5,4.3,0.805,4.5,6.9,11.4,2.3,0.7,0.4,3.4,6.6,21.7,100.0,107.0,2006,Marc Jackson-2006,0.0,Not Selected,Center,TOT,0.03333333333333333
2005-06,Stephen Jackson,jacksst02,SG,27,IND,81,81,2910,8.7,21.1,0.41100000000000003,2.2,6.2,0.345,6.5,14.9,0.439,4.9,6.3,0.7859999999999999,0.9,4.9,5.7,4.1,1.9,0.8,3.7,3.6,24.5,99.0,104.0,2006,Stephen Jackson-2006,0.0,Not Selected,Guard,IND,0.03333333333333333
2005-06,Jerome James,jamesje01,C,30,NYK,45,9,406,7.3,15.8,0.46299999999999997,0.0,0.0,0.0,7.3,15.8,0.46299999999999997,3.3,5.2,0.625,5.1,6.8,11.9,1.6,0.4,3.0,6.6,13.5,17.8,84.0,110.0,2006,Jerome James-2006,0.0,Not Selected,Center,NYK,0.01869918699186992
2005-06,LeBron James,jamesle01,SF,21,CLE,79,79,3361,13.9,29.0,0.48,2.0,6.0,0.335,11.9,23.0,0.518,9.6,12.9,0.738,1.2,7.6,8.8,8.3,2.0,1.0,4.1,2.9,39.4,115.0,104.0,2006,LeBron James-2006,1.0,1st,Forward,CLE,0.04065040650406504
2005-06,Mike James,jamesmi01,PG,30,TOR,79,79,2925,10.4,22.1,0.469,3.0,6.9,0.442,7.3,15.2,0.48100000000000004,5.1,6.1,0.8370000000000001,0.8,3.9,4.7,8.3,1.3,0.1,3.7,3.9,28.9,115.0,115.0,2006,Mike James-2006,0.0,Not Selected,Guard,TOR,0.02195121951219512
2005-06,Antawn Jamison,jamisan01,SF,29,WAS,82,80,3288,10.4,23.6,0.442,2.3,5.9,0.39399999999999996,8.1,17.7,0.45799999999999996,3.4,4.7,0.731,2.6,9.5,12.1,2.5,1.4,0.2,2.2,3.0,26.6,109.0,107.0,2006,Antawn Jamison-2006,0.0,Not Selected,Forward,WAS,0.03414634146341464
2005-06,Marko Jarić,jaricma01,PG,27,MIN,75,49,2102,5.8,14.6,0.39899999999999997,1.0,3.4,0.301,4.8,11.1,0.43,2.4,3.5,0.688,1.5,4.5,6.0,7.5,2.8,0.5,3.3,4.9,15.1,96.0,104.0,2006,Marko Jarić-2006,0.0,Not Selected,Guard,MIN,0.026829268292682926
2005-06,Šarūnas Jasikevičius,jasiksa01,PG,29,IND,75,15,1557,5.8,14.8,0.396,3.0,8.1,0.364,2.9,6.6,0.435,4.2,4.6,0.91,0.7,4.6,5.3,7.8,1.4,0.1,4.0,3.7,18.8,107.0,106.0,2006,Šarūnas Jasikevičius-2006,0.0,Not Selected,Guard,IND,0.03333333333333333
2005-06,Al Jefferson,jeffeal01,PF,21,BOS,59,7,1062,9.3,18.6,0.499,0.0,0.2,0.0,9.3,18.4,0.504,4.2,6.6,0.642,4.8,9.9,14.7,1.5,1.5,2.3,3.0,8.1,22.8,104.0,103.0,2006,Al Jefferson-2006,0.0,Not Selected,Forward,BOS,0.026829268292682926
2005-06,Richard Jefferson,jefferi01,SF,25,NJN,78,78,3059,8.6,17.6,0.493,1.0,3.3,0.319,7.6,14.3,0.532,8.2,10.1,0.812,1.7,7.7,9.3,5.2,1.0,0.3,3.0,3.4,26.6,117.0,104.0,2006,Richard Jefferson-2006,0.0,Not Selected,Forward,BRK,0.03983739837398374
2005-06,Jared Jeffries,jeffrja01,PF,24,WAS,77,77,1951,5.0,11.1,0.451,0.4,1.3,0.32,4.6,9.7,0.46799999999999997,2.6,4.5,0.589,4.4,5.7,10.1,3.9,1.5,1.3,2.6,5.9,13.0,106.0,108.0,2006,Jared Jeffries-2006,0.0,Not Selected,Forward,WAS,0.03414634146341464
2005-06,Amir Johnson,johnsam01,SF,18,DET,3,0,39,9.9,14.2,0.7,2.8,4.3,0.667,7.1,9.9,0.7140000000000001,5.7,5.7,1.0,4.3,1.4,5.7,4.3,0.0,2.8,5.7,9.9,28.4,128.0,108.0,2006,Amir Johnson-2006,0.0,Not Selected,Forward,DET,0.05203252032520325
2005-06,Anthony Johnson,johnsan02,PG,31,IND,75,53,1981,7.2,16.3,0.44299999999999995,1.4,4.2,0.32899999999999996,5.8,12.1,0.48200000000000004,2.9,3.8,0.752,0.8,3.7,4.5,8.8,1.7,0.6,3.1,3.6,18.7,107.0,105.0,2006,Anthony Johnson-2006,0.0,Not Selected,Guard,IND,0.03333333333333333
2005-06,DerMarr Johnson,johnsde03,SG,25,DEN,58,21,924,7.3,16.9,0.431,3.1,8.8,0.35,4.2,8.1,0.521,1.9,2.3,0.81,1.1,4.3,5.3,3.0,1.4,1.4,2.5,4.8,19.6,103.0,107.0,2006,DerMarr Johnson-2006,0.0,Not Selected,Guard,DEN,0.03577235772357724
2005-06,Ervin Johnson,johnser02,C,38,MIL,18,0,81,4.5,11.0,0.41200000000000003,0.0,0.0,0.0,4.5,11.0,0.41200000000000003,0.6,1.3,0.5,3.2,12.3,15.6,1.3,0.6,1.3,3.2,14.9,9.7,80.0,105.0,2006,Ervin Johnson-2006,0.0,Not Selected,Center,MIL,0.032520325203252036
2005-06,Joe Johnson,johnsjo02,SG,24,ATL,82,82,3340,10.0,22.2,0.45299999999999996,2.0,5.7,0.35600000000000004,8.0,16.4,0.48700000000000004,4.1,5.2,0.7909999999999999,1.6,3.8,5.3,8.5,1.6,0.5,4.2,3.0,26.3,109.0,114.0,2006,Joe Johnson-2006,0.0,Not Selected,Guard,ATL,0.02113821138211382
2005-06,Linton Johnson,johnsli01,SF,25,TOT,36,7,524,6.3,15.3,0.409,1.3,3.7,0.361,4.9,11.6,0.425,1.9,2.8,0.667,4.1,8.4,12.6,1.4,1.2,1.2,2.9,6.3,15.7,94.0,106.0,2006,Linton Johnson-2006,0.0,Not Selected,Forward,TOT,0.03333333333333333
2005-06,Dahntay Jones,jonesda02,SF,25,MEM,71,4,967,6.3,15.1,0.414,0.2,1.2,0.14300000000000002,6.1,13.9,0.43799999999999994,3.5,5.4,0.645,1.2,4.8,6.0,2.2,2.2,0.9,2.9,6.2,16.2,89.0,102.0,2006,Dahntay Jones-2006,0.0,Not Selected,Forward,MEM,0.03983739837398374
2005-06,Damon Jones,jonesda01,PG,29,CLE,82,7,2089,4.9,12.6,0.387,3.6,9.5,0.377,1.3,3.1,0.41700000000000004,0.8,1.3,0.64,0.4,3.0,3.4,4.3,0.9,0.0,1.4,2.9,14.1,112.0,110.0,2006,Damon Jones-2006,0.0,Not Selected,Guard,CLE,0.04065040650406504
2005-06,Dwayne Jones,jonesdw02,PF,22,BOS,14,0,87,2.4,6.0,0.4,0.0,0.0,0.0,2.4,6.0,0.4,3.6,7.8,0.462,6.0,12.6,18.6,1.2,0.6,1.8,1.8,8.4,8.4,103.0,104.0,2006,Dwayne Jones-2006,0.0,Not Selected,Forward,BOS,0.026829268292682926
2005-06,Eddie Jones,jonesed02,SG,34,MEM,75,75,2437,6.7,16.5,0.40399999999999997,3.0,8.5,0.35600000000000004,3.6,7.9,0.457,3.8,4.9,0.7809999999999999,0.8,5.6,6.4,4.0,3.0,0.6,2.1,4.6,20.2,109.0,100.0,2006,Eddie Jones-2006,0.0,Not Selected,Guard,MEM,0.03983739837398374
2005-06,Fred Jones,jonesfr01,SG,26,IND,68,2,1837,6.8,16.3,0.41700000000000004,1.8,5.4,0.337,5.0,10.8,0.457,3.6,4.7,0.763,0.5,4.4,5.0,4.5,1.6,0.6,3.1,4.1,19.0,100.0,105.0,2006,Fred Jones-2006,0.0,Not Selected,Guard,IND,0.03333333333333333
2005-06,James Jones,jonesja02,SF,25,PHO,75,24,1772,6.9,16.4,0.418,3.1,8.1,0.386,3.8,8.4,0.449,2.9,3.4,0.851,1.2,5.9,7.2,1.6,1.1,1.4,1.0,4.0,19.8,112.0,107.0,2006,James Jones-2006,0.0,Not Selected,Forward,PHO,0.04390243902439024
2005-06,Jumaine Jones,jonesju01,PF,26,CHA,76,42,2089,7.3,18.1,0.405,2.8,8.2,0.34299999999999997,4.5,9.9,0.456,2.2,3.0,0.727,2.6,6.7,9.2,1.5,1.7,0.5,1.8,4.9,19.6,103.0,108.0,2006,Jumaine Jones-2006,0.0,Not Selected,Forward,CHO,0.02113821138211382
2005-06,Chris Kaman,kamanch01,C,23,LAC,78,78,2560,7.5,14.4,0.523,0.0,0.0,0.0,7.5,14.4,0.524,4.0,5.2,0.77,3.8,11.5,15.3,1.6,0.9,2.2,3.6,5.5,19.0,104.0,101.0,2006,Chris Kaman-2006,0.0,Not Selected,Center,LAC,0.038211382113821135
2005-06,Jason Kapono,kaponja01,SF,24,MIA,51,2,665,6.2,14.0,0.446,1.7,4.2,0.396,4.6,9.8,0.46799999999999997,2.2,2.6,0.848,0.9,4.7,5.6,2.9,0.6,0.2,1.6,7.0,16.3,110.0,109.0,2006,Jason Kapono-2006,0.0,Not Selected,Forward,MIA,0.04227642276422764
2005-06,Mario Kasun,kasunma01,C,25,ORL,28,0,213,7.9,17.6,0.449,0.0,0.0,0.0,7.9,17.6,0.449,4.6,5.9,0.7829999999999999,6.1,9.2,15.3,0.8,0.5,0.8,3.8,17.6,20.4,100.0,107.0,2006,Mario Kasun-2006,0.0,Not Selected,Center,ORL,0.02926829268292683
2005-06,Viktor Khryapa,khryavi01,SF,23,POR,69,53,1492,5.8,12.6,0.462,0.4,1.1,0.33299999999999996,5.4,11.5,0.474,2.8,4.1,0.6940000000000001,4.2,7.1,11.3,3.2,1.8,1.1,3.1,7.7,14.8,102.0,111.0,2006,Viktor Khryapa-2006,0.0,Not Selected,Forward,POR,0.01707317073170732
2005-06,Jason Kidd,kiddja01,PG,32,NJN,80,80,2975,6.6,16.3,0.40399999999999997,2.5,7.1,0.35200000000000004,4.1,9.2,0.445,3.5,4.4,0.795,1.5,8.9,10.4,12.1,2.7,0.5,3.4,2.8,19.1,110.0,99.0,2006,Jason Kidd-2006,0.0,Not Selected,Guard,BRK,0.03983739837398374
2005-06,Andrei Kirilenko,kirilan01,SF,24,UTA,69,63,2604,7.1,15.3,0.46,0.8,2.5,0.308,6.3,12.9,0.489,7.3,10.4,0.6990000000000001,3.4,8.2,11.6,6.3,2.1,4.6,4.3,3.4,22.1,108.0,101.0,2006,Andrei Kirilenko-2006,0.0,Not Selected,Forward,UTA,0.03333333333333333
2005-06,Linas Kleiza,kleizli01,PF,21,DEN,61,2,519,7.6,17.0,0.445,0.2,1.3,0.154,7.4,15.8,0.469,5.6,8.0,0.7040000000000001,3.7,7.7,11.4,1.5,1.0,1.3,1.6,8.6,21.0,109.0,106.0,2006,Linas Kleiza-2006,0.0,Not Selected,Forward,DEN,0.03577235772357724
2005-06,Brevin Knight,knighbr01,PG,30,CHA,69,67,2351,6.7,16.9,0.39899999999999997,0.1,0.3,0.231,6.7,16.6,0.402,5.5,6.9,0.8029999999999999,0.8,4.1,4.9,13.3,3.4,0.1,3.6,4.4,19.0,105.0,106.0,2006,Brevin Knight-2006,0.0,Not Selected,Guard,CHO,0.02113821138211382
2005-06,Yaroslav Korolev,korolya01,SF,18,LAC,24,0,127,3.7,12.4,0.3,0.8,2.9,0.28600000000000003,2.9,9.5,0.304,2.9,4.1,0.7,2.1,3.3,5.4,3.7,1.2,0.0,2.5,4.5,11.1,86.0,108.0,2006,Yaroslav Korolev-2006,0.0,Not Selected,Forward,LAC,0.038211382113821135
2005-06,Kyle Korver,korveky01,SF,24,PHI,82,43,2563,6.6,15.4,0.43,3.7,8.9,0.42,2.9,6.5,0.44299999999999995,2.0,2.4,0.8490000000000001,0.5,4.9,5.5,3.3,1.3,0.5,2.0,4.5,19.0,111.0,110.0,2006,Kyle Korver-2006,0.0,Not Selected,Forward,PHI,0.030894308943089432
2005-06,Nenad Krstić,krstine01,PF,22,NJN,80,80,2469,9.7,19.1,0.507,0.0,0.1,0.25,9.7,19.0,0.509,4.0,5.7,0.698,3.9,7.2,11.1,1.9,0.7,1.4,2.9,6.4,23.4,104.0,103.0,2006,Nenad Krstić-2006,0.0,Not Selected,Forward,BRK,0.03983739837398374
2005-06,Toni Kukoč,kukocto01,PF,37,MIL,65,0,1018,6.0,15.4,0.389,2.3,7.6,0.306,3.7,7.8,0.47,2.1,2.9,0.7140000000000001,1.3,6.4,7.8,7.2,1.7,0.9,3.4,4.5,16.4,99.0,107.0,2006,Toni Kukoč-2006,0.0,Not Selected,Forward,MIL,0.032520325203252036
2005-06,Raef LaFrentz,lafrera01,PF,29,BOS,82,63,2033,6.1,14.1,0.431,2.9,7.3,0.392,3.2,6.8,0.474,1.3,1.9,0.68,2.0,8.4,10.4,2.9,0.7,1.8,1.7,7.0,16.4,110.0,106.0,2006,Raef LaFrentz-2006,0.0,Not Selected,Forward,BOS,0.026829268292682926
2005-06,Maciej Lampe,lampema01,C,20,TOT,6,0,28,3.9,21.3,0.182,0.0,0.0,0.0,3.9,21.3,0.182,0.0,3.9,0.0,7.7,9.7,17.4,3.9,0.0,0.0,5.8,3.9,7.7,49.0,108.0,2006,Maciej Lampe-2006,0.0,Not Selected,Center,TOT,0.03333333333333333
2005-06,David Lee,leeda02,SF,22,NYK,67,14,1129,6.4,10.8,0.596,0.0,0.0,0.0,6.4,10.8,0.596,3.3,5.8,0.5770000000000001,5.1,9.1,14.2,2.0,1.4,0.9,2.4,5.8,16.2,118.0,109.0,2006,David Lee-2006,0.0,Not Selected,Forward,NYK,0.01869918699186992
2005-06,Voshon Lenard,lenarvo01,SG,32,TOT,26,6,458,8.6,22.0,0.39299999999999996,2.9,9.0,0.321,5.8,13.0,0.442,1.8,3.6,0.516,0.6,4.8,5.4,4.7,2.4,0.5,3.6,4.5,22.0,91.0,109.0,2006,Voshon Lenard-2006,0.0,Not Selected,Guard,TOT,0.03333333333333333
2005-06,Rashard Lewis,lewisra02,SF,26,SEA,78,77,2876,9.8,21.0,0.467,2.6,6.7,0.384,7.2,14.2,0.507,6.4,7.8,0.818,2.0,5.1,7.1,3.3,1.9,0.9,2.6,3.5,28.6,119.0,115.0,2006,Rashard Lewis-2006,0.0,Not Selected,Forward,OKC,0.028455284552845527
2005-06,Randy Livingston,livinra01,PG,30,CHI,5,0,22,0.0,4.7,0.0,0.0,0.0,0.0,0.0,4.7,0.0,0.0,0.0,0.0,2.3,7.0,9.4,2.3,2.3,0.0,2.3,14.1,0.0,38.0,102.0,2006,Randy Livingston-2006,0.0,Not Selected,Guard,CHI,0.03333333333333333
2005-06,Shaun Livingston,livinsh01,PG,20,LAC,61,14,1525,5.1,12.0,0.42700000000000005,0.0,0.3,0.125,5.1,11.7,0.434,1.8,2.6,0.688,1.4,4.9,6.3,9.4,1.6,1.1,3.8,5.5,12.1,94.0,105.0,2006,Shaun Livingston-2006,0.0,Not Selected,Guard,LAC,0.038211382113821135
2005-06,John Lucas III,lucasjo02,PG,23,HOU,13,0,107,7.1,18.3,0.389,1.0,4.6,0.222,6.1,13.8,0.444,0.0,0.0,0.0,1.0,1.5,2.5,6.1,2.5,0.0,3.6,3.1,15.3,84.0,106.0,2006,John Lucas III-2006,0.0,Not Selected,Guard,HOU,0.027642276422764227
2005-06,Tyronn Lue,luety01,PG,28,ATL,51,10,1234,8.3,18.0,0.45899999999999996,2.5,5.5,0.457,5.8,12.5,0.46,5.1,5.9,0.855,0.6,3.0,3.5,6.8,1.1,0.1,3.2,4.9,24.1,116.0,116.0,2006,Tyronn Lue-2006,0.0,Not Selected,Guard,ATL,0.02113821138211382
2005-06,Arvydas Macijauskas,macijar01,SG,26,NOK,19,0,135,5.6,16.4,0.341,1.2,4.8,0.25,4.4,11.6,0.379,5.2,6.0,0.867,1.2,2.8,4.0,2.0,2.8,0.0,3.2,4.0,17.6,90.0,108.0,2006,Arvydas Macijauskas-2006,0.0,Not Selected,Guard,NOP,0.030894308943089432
2005-06,Mark Madsen,madsema01,C,30,MIN,62,7,676,2.2,5.3,0.409,0.0,0.6,0.0,2.2,4.7,0.45799999999999996,1.6,3.8,0.426,4.0,7.3,11.3,0.9,1.8,1.4,2.1,9.1,5.9,89.0,103.0,2006,Mark Madsen-2006,0.0,Not Selected,Center,MIN,0.026829268292682926
2005-06,Corey Maggette,maggeco01,SF,26,LAC,32,13,943,9.3,20.8,0.445,1.3,3.9,0.33799999999999997,7.9,16.9,0.47,11.8,14.2,0.828,1.6,7.8,9.4,3.7,1.1,0.2,4.3,5.3,31.6,110.0,105.0,2006,Corey Maggette-2006,0.0,Not Selected,Forward,LAC,0.038211382113821135
2005-06,Jamaal Magloire,magloja01,C,27,MIL,82,82,2465,6.1,13.1,0.467,0.0,0.0,0.0,6.1,13.1,0.467,3.8,7.1,0.535,4.7,11.9,16.6,1.2,0.6,1.7,3.5,5.9,16.1,95.0,105.0,2006,Jamaal Magloire-2006,0.0,Not Selected,Center,MIL,0.032520325203252036
2005-06,Stephon Marbury,marbust01,PG,28,NYK,60,60,2193,8.4,18.7,0.451,0.8,2.5,0.317,7.6,16.2,0.47200000000000003,5.9,7.9,0.755,0.6,3.6,4.2,9.2,1.5,0.1,3.8,3.4,23.6,109.0,114.0,2006,Stephon Marbury-2006,0.0,Not Selected,Guard,NYK,0.01869918699186992
2005-06,Shawn Marion,mariosh01,PF,27,PHO,81,81,3263,11.0,21.0,0.525,1.5,4.5,0.331,9.5,16.5,0.5770000000000001,3.7,4.6,0.809,3.8,10.9,14.7,2.2,2.5,2.1,1.9,3.4,27.2,118.0,100.0,2006,Shawn Marion-2006,3.0,3rd,Forward,PHO,0.04390243902439024
2005-06,Sean Marks,marksse01,PF,30,SAS,25,0,181,11.1,21.3,0.521,0.0,0.9,0.0,11.1,20.4,0.544,2.1,3.6,0.583,3.6,9.3,12.9,2.1,1.5,2.1,2.1,6.3,24.3,107.0,97.0,2006,Sean Marks-2006,0.0,Not Selected,Forward,SAS,0.05121951219512195
2005-06,Donyell Marshall,marshdo01,PF,32,CLE,81,0,2077,6.8,17.3,0.395,3.3,10.2,0.324,3.5,7.1,0.496,2.4,3.2,0.748,2.7,10.0,12.7,1.5,1.5,1.1,2.3,4.1,19.3,104.0,104.0,2006,Donyell Marshall-2006,0.0,Not Selected,Forward,CLE,0.04065040650406504
2005-06,Rawle Marshall,marshra01,SF,23,DAL,23,9,241,5.4,13.6,0.4,0.2,0.7,0.33299999999999996,5.2,12.9,0.40399999999999997,5.0,6.6,0.759,1.8,5.2,7.0,2.3,1.8,1.6,3.4,3.9,16.1,95.0,105.0,2006,Rawle Marshall-2006,0.0,Not Selected,Forward,DAL,0.04878048780487805
2005-06,Darrick Martin,martida01,PG,34,TOR,40,0,339,5.3,15.1,0.35100000000000003,2.5,6.2,0.4,2.8,8.9,0.316,2.8,3.7,0.75,0.3,2.8,3.1,8.9,2.6,0.0,2.3,6.5,15.9,105.0,113.0,2006,Darrick Martin-2006,0.0,Not Selected,Guard,TOR,0.02195121951219512
2005-06,Kenyon Martin,martike01,PF,28,DEN,56,49,1546,9.8,19.8,0.495,0.2,0.7,0.22699999999999998,9.7,19.1,0.505,4.0,5.6,0.7120000000000001,3.1,8.6,11.7,2.6,1.4,1.7,2.4,5.7,23.8,107.0,104.0,2006,Kenyon Martin-2006,0.0,Not Selected,Forward,DEN,0.03577235772357724
2005-06,Kevin Martin,martike02,SG,22,SAC,72,41,1913,7.2,14.9,0.48,1.8,4.9,0.369,5.3,10.0,0.534,5.1,6.1,0.847,1.6,5.5,7.1,2.6,1.5,0.2,2.2,3.8,21.2,116.0,107.0,2006,Kevin Martin-2006,0.0,Not Selected,Guard,SAC,0.03577235772357724
2005-06,Desmond Mason,masonde01,SF,28,NOK,70,55,2102,7.1,17.7,0.39899999999999997,0.0,0.2,0.16699999999999998,7.0,17.6,0.401,5.3,7.8,0.682,1.6,6.0,7.7,1.7,1.1,0.4,2.9,3.5,19.4,91.0,109.0,2006,Desmond Mason-2006,0.0,Not Selected,Forward,NOP,0.030894308943089432
2005-06,Jason Maxiell,maxieja01,PF,22,DET,26,0,159,8.0,18.8,0.426,0.0,0.0,0.0,8.0,18.8,0.426,4.9,14.6,0.33299999999999996,4.2,5.6,9.7,1.0,1.4,1.7,3.8,4.9,20.9,82.0,104.0,2006,Jason Maxiell-2006,0.0,Not Selected,Forward,DET,0.05203252032520325
2005-06,Sean May,mayse01,PF,21,CHA,23,1,398,9.0,22.1,0.409,0.0,0.6,0.0,9.0,21.4,0.42200000000000004,6.3,8.3,0.7659999999999999,5.4,8.6,14.1,2.8,2.2,1.5,4.3,7.5,24.4,96.0,104.0,2006,Sean May-2006,0.0,Not Selected,Forward,CHO,0.02113821138211382
2005-06,Rashad McCants,mccanra01,SG,21,MIN,79,12,1362,9.6,21.2,0.45,2.7,7.1,0.37200000000000005,6.9,14.1,0.49,3.1,4.2,0.736,1.2,4.5,5.7,2.5,1.7,0.9,3.4,7.0,24.9,99.0,106.0,2006,Rashad McCants-2006,0.0,Not Selected,Guard,MIN,0.026829268292682926
2005-06,Walter McCarty,mccarwa01,SF,31,LAC,36,1,353,4.9,14.7,0.33299999999999996,1.5,6.7,0.222,3.4,8.0,0.426,1.8,3.1,0.5710000000000001,2.2,7.9,10.1,3.4,1.2,0.7,2.8,7.7,13.0,85.0,104.0,2006,Walter McCarty-2006,0.0,Not Selected,Forward,LAC,0.038211382113821135
2005-06,Antonio McDyess,mcdyean01,PF,31,DET,82,0,1733,9.1,17.9,0.509,0.0,0.1,0.0,9.1,17.8,0.511,2.2,3.9,0.557,5.0,8.9,13.9,2.9,1.5,1.5,2.4,7.0,20.4,107.0,102.0,2006,Antonio McDyess-2006,0.0,Not Selected,Forward,DET,0.05203252032520325
2005-06,Tracy McGrady,mcgratr01,SF,26,HOU,47,47,1745,12.8,31.6,0.406,2.3,7.3,0.312,10.5,24.3,0.434,7.9,10.6,0.747,1.4,8.2,9.6,7.0,1.8,1.3,3.7,2.7,35.8,102.0,102.0,2006,Tracy McGrady-2006,0.0,Not Selected,Forward,HOU,0.027642276422764227
2005-06,Jeff McInnis,mcinnje01,SG,31,NJN,28,1,486,6.9,15.7,0.441,0.3,1.8,0.188,6.6,14.0,0.47200000000000003,2.2,3.2,0.69,1.2,4.3,5.5,5.7,1.2,0.2,3.2,4.1,16.4,93.0,105.0,2006,Jeff McInnis-2006,0.0,Not Selected,Guard,BRK,0.03983739837398374
2005-06,Aaron McKie,mckieaa01,PG,33,LAL,14,0,121,1.3,5.2,0.25,0.0,0.9,0.0,1.3,4.4,0.3,0.4,0.9,0.5,1.3,7.4,8.7,4.8,2.2,0.0,0.9,3.1,3.1,90.0,105.0,2006,Aaron McKie-2006,0.0,Not Selected,Guard,LAL,0.036585365853658534
2005-06,Keith McLeod,mcleoke01,PG,26,UTA,66,32,1232,5.3,15.1,0.353,1.1,3.6,0.293,4.3,11.4,0.37200000000000005,4.7,5.9,0.797,0.5,3.0,3.5,6.7,1.9,0.4,3.4,5.8,16.4,97.0,110.0,2006,Keith McLeod-2006,0.0,Not Selected,Guard,UTA,0.03333333333333333
2005-06,Stanislav Medvedenko,medvest01,PF,26,LAL,2,0,6,8.8,17.6,0.5,0.0,0.0,0.0,8.8,17.6,0.5,0.0,0.0,0.0,0.0,0.0,0.0,8.8,0.0,0.0,0.0,8.8,17.6,123.0,114.0,2006,Stanislav Medvedenko-2006,0.0,Not Selected,Forward,LAL,0.036585365853658534
2005-06,Chris Mihm,mihmch01,C,26,LAL,59,56,1541,7.9,15.7,0.501,0.0,0.0,0.0,7.9,15.7,0.501,4.9,6.9,0.716,4.7,8.1,12.8,2.1,0.5,2.5,2.8,7.3,20.7,111.0,105.0,2006,Chris Mihm-2006,0.0,Not Selected,Center,LAL,0.036585365853658534
2005-06,Aaron Miles,milesaa01,PG,22,GSW,19,0,118,2.6,7.8,0.33299999999999996,0.0,0.0,0.0,2.6,7.8,0.33299999999999996,1.7,1.7,1.0,0.0,6.1,6.1,10.5,1.7,0.4,4.8,5.7,7.0,82.0,107.0,2006,Aaron Miles-2006,0.0,Not Selected,Guard,GSW,0.027642276422764227
2005-06,C.J. Miles,milescj01,PG,18,UTA,23,0,203,7.5,20.5,0.368,1.3,5.4,0.25,6.2,15.1,0.41100000000000003,4.8,6.5,0.75,4.8,5.4,10.2,4.3,1.9,0.5,2.4,5.4,21.3,103.0,108.0,2006,C.J. Miles-2006,0.0,Not Selected,Guard,UTA,0.03333333333333333
2005-06,Darius Miles,milesda01,SF,24,POR,40,23,1286,10.0,21.7,0.461,0.1,0.4,0.2,9.9,21.3,0.466,3.7,6.9,0.534,1.0,6.7,7.8,3.1,1.8,1.7,4.2,4.3,23.8,89.0,111.0,2006,Darius Miles-2006,0.0,Not Selected,Forward,POR,0.01707317073170732
2005-06,Darko Miličić,milicda01,C,20,TOT,55,1,767,8.5,16.6,0.509,0.0,0.1,0.0,8.5,16.5,0.513,2.0,3.6,0.56,3.1,7.6,10.7,2.9,1.0,5.5,3.6,6.5,18.9,98.0,103.0,2006,Darko Miličić-2006,0.0,Not Selected,Center,TOT,0.03333333333333333
2005-06,Andre Miller,millean02,PG,29,DEN,82,82,2937,7.0,15.2,0.46299999999999997,0.1,0.5,0.185,6.9,14.7,0.47200000000000003,5.4,7.4,0.738,1.6,4.5,6.1,11.7,1.8,0.3,4.5,3.7,19.6,107.0,107.0,2006,Andre Miller-2006,0.0,Not Selected,Guard,DEN,0.03577235772357724
2005-06,Brad Miller,millebr01,C,29,SAC,79,79,2923,7.8,15.7,0.495,0.6,1.6,0.386,7.1,14.1,0.507,5.0,6.0,0.828,2.2,8.8,11.0,6.7,1.1,1.1,3.2,4.2,21.1,114.0,104.0,2006,Brad Miller-2006,0.0,Not Selected,Center,SAC,0.03577235772357724
2005-06,Mike Miller,millemi01,SG,25,MEM,74,9,2268,8.7,18.6,0.466,3.4,8.3,0.40700000000000003,5.3,10.3,0.513,4.1,5.2,0.8,1.0,8.7,9.7,4.9,1.3,0.7,3.4,4.2,24.9,111.0,102.0,2006,Mike Miller-2006,0.0,Not Selected,Guard,MEM,0.03983739837398374
2005-06,Yao Ming,mingya01,C,25,HOU,57,57,1949,13.1,25.2,0.519,0.0,0.0,0.0,13.1,25.2,0.519,9.4,11.1,0.853,4.1,12.1,16.3,2.4,0.8,2.6,4.1,5.5,35.6,113.0,100.0,2006,Yao Ming-2006,3.0,3rd,Center,HOU,0.027642276422764227
2005-06,Cuttino Mobley,moblecu01,SG,30,LAC,79,74,2979,7.5,17.7,0.426,1.5,4.3,0.33899999999999997,6.1,13.4,0.45299999999999996,4.0,4.8,0.8390000000000001,0.9,5.1,6.0,4.2,1.6,0.6,2.5,3.7,20.5,103.0,105.0,2006,Cuttino Mobley-2006,0.0,Not Selected,Guard,LAC,0.038211382113821135
2005-06,Nazr Mohammed,mohamna01,C,28,SAS,80,30,1389,7.4,14.7,0.504,0.0,0.0,0.0,7.4,14.7,0.504,4.4,5.6,0.785,6.4,10.0,16.3,1.6,0.8,1.9,3.6,8.6,19.2,109.0,98.0,2006,Nazr Mohammed-2006,0.0,Not Selected,Center,SAS,0.05121951219512195
2005-06,Sergei Monia,moniase01,SF,22,TOT,26,15,343,4.6,13.9,0.33299999999999996,1.4,5.4,0.265,3.2,8.5,0.377,1.6,2.2,0.7140000000000001,1.8,6.5,8.3,3.0,1.1,0.8,1.9,6.5,12.3,89.0,113.0,2006,Sergei Monia-2006,0.0,Not Selected,Forward,TOT,0.03333333333333333
2005-06,Mikki Moore,mooremi01,C,30,SEA,47,1,583,4.9,11.1,0.435,0.0,0.2,0.0,4.9,11.0,0.44299999999999995,4.1,5.6,0.742,4.0,7.7,11.7,2.4,0.6,1.3,3.6,8.3,13.8,99.0,115.0,2006,Mikki Moore-2006,0.0,Not Selected,Center,OKC,0.028455284552845527
2005-06,Terence Morris,morrite01,SF,27,ORL,22,0,192,4.5,13.9,0.327,0.0,0.6,0.0,4.5,13.3,0.34,0.8,0.8,1.0,1.7,9.1,10.8,1.1,1.7,1.4,2.0,5.4,9.9,75.0,105.0,2006,Terence Morris-2006,0.0,Not Selected,Forward,ORL,0.02926829268292683
2005-06,Alonzo Mourning,mournal01,C,35,MIA,65,20,1302,7.6,12.7,0.597,0.0,0.0,0.0,7.6,12.6,0.599,5.4,9.0,0.594,5.0,9.4,14.5,0.4,0.5,7.0,3.2,7.1,20.5,113.0,98.0,2006,Alonzo Mourning-2006,0.0,Not Selected,Center,MIA,0.04227642276422764
2005-06,Troy Murphy,murphtr01,PF,25,GSW,74,74,2516,7.4,17.1,0.433,1.2,3.7,0.32,6.2,13.4,0.46399999999999997,5.1,6.5,0.787,4.0,11.2,15.2,2.1,1.0,0.5,2.2,3.9,21.2,110.0,105.0,2006,Troy Murphy-2006,0.0,Not Selected,Forward,GSW,0.027642276422764227
2005-06,Lamond Murray,murrala01,SF,32,NJN,57,1,576,6.7,16.8,0.39799999999999996,2.5,7.2,0.34600000000000003,4.2,9.6,0.43700000000000006,2.3,3.7,0.625,2.7,9.6,12.2,1.2,1.6,0.6,2.0,6.1,18.2,97.0,101.0,2006,Lamond Murray-2006,0.0,Not Selected,Forward,BRK,0.03983739837398374
2005-06,Ronald Murray,murraro01,SG,26,TOT,76,27,2112,8.0,19.2,0.418,0.9,3.5,0.262,7.1,15.7,0.45299999999999996,4.3,6.1,0.711,0.8,3.0,3.8,4.9,1.7,0.3,3.4,3.3,21.3,98.0,113.0,2006,Ronald Murray-2006,0.0,Not Selected,Guard,TOT,0.03333333333333333
2005-06,Dikembe Mutombo,mutomdi01,C,39,HOU,64,23,955,2.9,5.4,0.526,0.0,0.0,0.0,2.9,5.4,0.526,3.9,5.2,0.758,5.7,11.8,17.5,0.2,1.0,3.3,2.0,7.3,9.6,120.0,99.0,2006,Dikembe Mutombo-2006,0.0,Not Selected,Center,HOU,0.027642276422764227
2005-06,Boniface N'Dong,ndongbo01,C,28,LAC,23,1,152,7.6,18.2,0.415,0.0,0.3,0.0,7.6,17.9,0.423,2.1,3.1,0.667,5.2,7.6,12.7,2.4,0.7,1.7,2.1,7.9,17.2,97.0,104.0,2006,Boniface N'Dong-2006,0.0,Not Selected,Center,LAC,0.038211382113821135
2005-06,Boštjan Nachbar,nachbbo01,PF-SF,25,TOT,36,13,502,5.8,16.7,0.34600000000000003,2.0,7.6,0.268,3.8,9.1,0.41200000000000003,3.2,4.7,0.682,0.9,5.6,6.4,2.9,1.7,0.5,2.6,7.0,16.8,90.0,107.0,2006,Boštjan Nachbar-2006,0.0,Not Selected,Forward,TOT,0.03333333333333333
2005-06,Lee Nailon,nailole01,PF,30,PHI,22,0,237,8.7,17.5,0.5,0.0,0.0,0.0,8.7,17.5,0.5,2.8,3.3,0.867,5.0,4.2,9.2,1.5,1.7,0.9,2.2,7.0,20.3,110.0,110.0,2006,Lee Nailon-2006,0.0,Not Selected,Forward,PHI,0.030894308943089432
2005-06,Eduardo Nájera,najered01,PF,29,DEN,64,3,1449,4.5,10.6,0.42200000000000004,0.1,0.4,0.33299999999999996,4.3,10.2,0.426,3.1,4.0,0.7809999999999999,4.5,6.9,11.5,1.8,1.9,1.2,1.9,5.8,12.2,106.0,105.0,2006,Eduardo Nájera-2006,0.0,Not Selected,Forward,DEN,0.03577235772357724
2005-06,Steve Nash,nashst01,PG,31,PHO,79,79,2796,9.7,18.9,0.512,2.7,6.1,0.439,7.0,12.8,0.5479999999999999,4.6,5.0,0.9209999999999999,0.8,5.1,6.0,14.8,1.1,0.2,4.9,2.1,26.7,121.0,109.0,2006,Steve Nash-2006,1.0,1st,Guard,PHO,0.04390243902439024
2005-06,Jameer Nelson,nelsoja01,PG,23,ORL,62,33,1784,10.6,21.9,0.483,2.1,5.0,0.424,8.4,16.9,0.5,4.3,5.5,0.779,1.2,4.3,5.5,9.2,2.1,0.3,4.5,5.3,27.6,110.0,108.0,2006,Jameer Nelson-2006,0.0,Not Selected,Guard,ORL,0.02926829268292683
2005-06,Rasho Nesterović,nestera01,C,29,SAS,80,51,1515,6.2,12.0,0.515,0.0,0.1,0.0,6.2,11.9,0.518,0.6,1.1,0.6,4.1,7.0,11.1,1.2,0.8,3.2,1.9,7.5,13.0,105.0,99.0,2006,Rasho Nesterović-2006,0.0,Not Selected,Center,SAS,0.05121951219512195
2005-06,Ira Newble,newblir01,SG,31,CLE,36,3,353,2.6,8.6,0.298,0.5,2.0,0.231,2.1,6.7,0.318,1.7,2.4,0.688,3.2,5.3,8.5,1.4,0.8,1.5,1.8,7.1,7.3,86.0,107.0,2006,Ira Newble-2006,0.0,Not Selected,Guard,CLE,0.04065040650406504
2005-06,Andrés Nocioni,nocioan01,PF,26,CHI,82,43,2239,8.8,19.2,0.461,2.1,5.5,0.391,6.7,13.7,0.489,4.7,5.6,0.843,2.1,9.5,11.5,2.7,0.9,1.2,2.8,5.8,24.5,110.0,102.0,2006,Andrés Nocioni-2006,0.0,Not Selected,Forward,CHI,0.03333333333333333
2005-06,Moochie Norris,norrimo01,PG,32,TOT,45,0,424,5.9,14.3,0.41100000000000003,0.5,1.8,0.28600000000000003,5.4,12.5,0.429,3.7,5.4,0.69,1.5,5.4,6.9,6.4,2.6,0.1,4.2,6.3,16.0,92.0,105.0,2006,Moochie Norris-2006,0.0,Not Selected,Guard,TOT,0.03333333333333333
2005-06,Dirk Nowitzki,nowitdi01,PF,27,DAL,81,81,3089,13.3,27.7,0.48,1.9,4.8,0.406,11.3,22.9,0.496,9.5,10.6,0.9009999999999999,2.0,10.9,12.9,4.0,1.0,1.5,2.8,2.9,38.1,123.0,103.0,2006,Dirk Nowitzki-2006,1.0,1st,Forward,DAL,0.04878048780487805
2005-06,Jermaine O'Neal,onealje01,PF,27,IND,51,47,1802,11.3,23.9,0.47200000000000003,0.1,0.3,0.3,11.2,23.6,0.474,7.8,10.9,0.7090000000000001,3.0,11.1,14.1,4.0,0.8,3.5,4.5,5.3,30.4,102.0,99.0,2006,Jermaine O'Neal-2006,0.0,Not Selected,Forward,IND,0.03333333333333333
2005-06,Shaquille O'Neal,onealsh01,C,33,MIA,59,58,1806,13.9,23.2,0.6,0.0,0.0,0.0,13.9,23.2,0.6,6.4,13.7,0.469,5.0,10.7,15.7,3.3,0.7,3.0,4.9,6.7,34.3,108.0,102.0,2006,Shaquille O'Neal-2006,1.0,1st,Center,MIA,0.04227642276422764
2005-06,Fabricio Oberto,obertfa01,C,30,SAS,59,0,490,4.9,10.3,0.473,0.0,0.2,0.0,4.9,10.1,0.484,1.7,3.0,0.556,6.3,7.3,13.6,3.0,1.0,1.2,3.1,10.1,11.4,102.0,100.0,2006,Fabricio Oberto-2006,0.0,Not Selected,Center,SAS,0.05121951219512195
2005-06,Lamar Odom,odomla01,PF,26,LAL,80,80,3221,7.3,15.2,0.48100000000000004,1.3,3.5,0.37200000000000005,6.0,11.6,0.514,3.5,5.1,0.69,3.0,9.1,12.1,7.3,1.2,1.0,3.5,4.2,19.4,112.0,105.0,2006,Lamar Odom-2006,0.0,Not Selected,Forward,LAL,0.036585365853658534
2005-06,Emeka Okafor,okafoem01,PF,23,CHA,26,25,874,7.7,18.6,0.415,0.0,0.0,0.0,7.7,18.6,0.415,4.8,7.3,0.6559999999999999,5.5,9.8,15.3,1.8,1.3,2.9,3.1,5.2,20.2,96.0,104.0,2006,Emeka Okafor-2006,0.0,Not Selected,Forward,CHO,0.02113821138211382
2005-06,Mehmet Okur,okurme01,PF,26,UTA,82,82,2945,9.6,20.9,0.46,1.5,4.3,0.342,8.1,16.6,0.491,6.6,8.4,0.78,3.9,9.9,13.8,3.6,0.7,1.4,3.0,5.3,27.3,113.0,106.0,2006,Mehmet Okur-2006,0.0,Not Selected,Forward,UTA,0.03333333333333333
2005-06,Kevin Ollie,ollieke01,SG,33,PHI,70,23,1069,3.6,8.4,0.431,0.0,0.1,0.33299999999999996,3.6,8.3,0.433,2.0,2.4,0.8370000000000001,0.6,4.1,4.7,4.9,1.6,0.1,1.4,5.0,9.3,106.0,111.0,2006,Kevin Ollie-2006,0.0,Not Selected,Guard,PHI,0.030894308943089432
2005-06,Michael Olowokandi,olowomi01,C,30,TOT,48,24,919,6.3,14.0,0.446,0.0,0.0,0.0,6.3,14.0,0.446,1.4,2.7,0.511,2.9,9.9,12.9,1.3,1.3,1.9,3.2,7.1,13.9,85.0,102.0,2006,Michael Olowokandi-2006,0.0,Not Selected,Center,TOT,0.03333333333333333
2005-06,Greg Ostertag,ostergr01,C,32,UTA,60,22,807,4.1,8.4,0.49200000000000005,0.0,0.0,0.0,4.1,8.4,0.49200000000000005,1.6,3.2,0.5,5.6,9.7,15.2,3.9,0.4,4.5,3.1,8.7,9.9,101.0,104.0,2006,Greg Ostertag-2006,0.0,Not Selected,Center,UTA,0.03333333333333333
2005-06,Bo Outlaw,outlabo01,PF,34,ORL,32,0,355,5.4,8.9,0.603,0.0,0.0,0.0,5.4,8.9,0.603,0.8,1.2,0.625,4.7,7.0,11.8,2.1,1.5,1.8,2.6,7.7,11.5,113.0,106.0,2006,Bo Outlaw-2006,0.0,Not Selected,Forward,ORL,0.02926829268292683
2005-06,Travis Outlaw,outlatr01,PF,21,POR,69,11,1153,7.7,17.5,0.44,0.7,2.5,0.264,7.0,15.0,0.47,2.9,4.2,0.6970000000000001,2.3,6.7,9.0,1.6,1.5,2.2,1.8,5.3,19.0,101.0,111.0,2006,Travis Outlaw-2006,0.0,Not Selected,Forward,POR,0.01707317073170732
2005-06,Andre Owens,owensan01,PG,25,UTA,23,2,210,7.0,19.3,0.365,0.8,4.2,0.188,6.2,15.1,0.414,3.1,4.7,0.667,2.9,2.6,5.5,2.1,1.3,0.0,3.4,6.5,18.0,86.0,111.0,2006,Andre Owens-2006,0.0,Not Selected,Guard,UTA,0.03333333333333333
2005-06,Zaza Pachulia,pachuza01,C,21,ATL,78,78,2452,6.6,14.7,0.451,0.0,0.0,0.0,6.6,14.7,0.452,6.4,8.7,0.735,5.7,7.6,13.3,2.8,1.9,0.8,3.9,6.2,19.7,106.0,110.0,2006,Zaza Pachulia-2006,0.0,Not Selected,Center,ATL,0.02113821138211382
2005-06,Scott Padgett,padgesc01,PF,29,NJN,62,1,718,5.3,15.0,0.353,3.1,9.0,0.34700000000000003,2.2,6.0,0.363,2.0,2.5,0.794,4.2,8.1,12.3,3.1,2.1,0.9,1.6,6.7,15.7,106.0,100.0,2006,Scott Padgett-2006,0.0,Not Selected,Forward,BRK,0.03983739837398374
2005-06,Milt Palacio,palacmi01,PG,27,UTA,71,18,1376,6.8,16.0,0.424,0.0,0.6,0.063,6.8,15.4,0.439,3.9,6.0,0.653,0.7,4.6,5.3,7.5,1.9,0.6,4.4,5.0,17.5,93.0,108.0,2006,Milt Palacio-2006,0.0,Not Selected,Guard,UTA,0.03333333333333333
2005-06,Jannero Pargo,pargoja01,PG,26,CHI,57,0,646,8.7,23.3,0.373,3.1,8.2,0.379,5.6,15.1,0.37,1.4,1.7,0.81,0.6,4.2,4.9,7.5,1.9,0.2,4.9,4.6,21.9,89.0,105.0,2006,Jannero Pargo-2006,0.0,Not Selected,Guard,CHI,0.03333333333333333
2005-06,Smush Parker,parkesm01,PG,24,LAL,82,82,2773,6.6,14.8,0.447,2.3,6.2,0.366,4.3,8.6,0.506,2.4,3.4,0.6940000000000001,0.7,4.5,5.2,5.8,2.7,0.3,2.8,4.1,17.9,108.0,106.0,2006,Smush Parker-2006,0.0,Not Selected,Guard,LAL,0.036585365853658534
2005-06,Tony Parker,parketo01,PG,23,SAS,80,80,2715,12.4,22.7,0.5479999999999999,0.2,0.7,0.306,12.2,22.0,0.556,5.1,7.2,0.7070000000000001,0.8,4.5,5.2,9.2,1.7,0.1,5.0,3.2,30.2,110.0,102.0,2006,Tony Parker-2006,0.0,Not Selected,Guard,SAS,0.05121951219512195
2005-06,Ruben Patterson,patteru01,SF-SG,30,TOT,71,22,1792,9.7,18.9,0.515,0.0,0.4,0.077,9.7,18.5,0.524,6.0,10.0,0.601,3.5,3.7,7.2,3.8,2.3,0.6,4.5,4.5,25.5,102.0,110.0,2006,Ruben Patterson-2006,0.0,Not Selected,Forward,TOT,0.03333333333333333
2005-06,Chris Paul,paulch01,PG,20,NOK,78,78,2808,7.8,18.2,0.43,1.0,3.4,0.282,6.9,14.8,0.46399999999999997,7.6,8.9,0.847,1.2,6.5,7.7,11.7,3.4,0.1,3.5,4.2,24.2,114.0,104.0,2006,Chris Paul-2006,0.0,Not Selected,Guard,NOP,0.030894308943089432
2005-06,Sasha Pavlović,pavloal01,SG,22,CLE,53,19,813,5.7,13.9,0.41,2.3,6.3,0.365,3.4,7.6,0.44799999999999995,2.1,3.2,0.653,1.1,4.2,5.3,1.6,1.2,0.4,2.8,6.8,15.8,96.0,108.0,2006,Sasha Pavlović-2006,0.0,Not Selected,Guard,CLE,0.04065040650406504
2005-06,Gary Payton,paytoga01,PG,37,MIA,81,25,2305,5.2,12.4,0.42,1.5,5.2,0.287,3.7,7.2,0.517,2.3,2.9,0.794,0.8,4.5,5.3,5.8,1.6,0.2,2.3,3.8,14.2,107.0,107.0,2006,Gary Payton-2006,0.0,Not Selected,Guard,MIA,0.04227642276422764
2005-06,Kendrick Perkins,perkike01,C,21,BOS,68,40,1332,5.4,10.4,0.515,0.0,0.1,0.0,5.4,10.3,0.519,3.1,5.1,0.615,5.5,10.3,15.8,2.7,0.8,4.1,4.2,7.8,13.8,100.0,103.0,2006,Kendrick Perkins-2006,0.0,Not Selected,Center,BOS,0.026829268292682926
2005-06,Morris Peterson,petermo01,SG,28,TOR,82,77,3140,8.0,18.4,0.436,3.0,7.5,0.395,5.1,10.9,0.465,4.0,4.9,0.82,1.1,5.3,6.4,3.2,1.7,0.3,2.1,3.7,23.1,112.0,113.0,2006,Morris Peterson-2006,0.0,Not Selected,Guard,TOR,0.02195121951219512
2005-06,Johan Petro,petrojo01,C,20,SEA,68,41,1282,6.3,12.3,0.51,0.0,0.0,0.0,6.3,12.3,0.51,1.9,3.1,0.627,4.5,7.6,12.1,0.6,1.0,2.1,2.5,8.7,14.4,105.0,113.0,2006,Johan Petro-2006,0.0,Not Selected,Center,OKC,0.028455284552845527
2005-06,Eric Piatkowski,piatker01,SG,35,CHI,29,1,228,5.4,13.8,0.39299999999999996,2.0,7.5,0.273,3.4,6.3,0.536,0.5,1.1,0.4,0.9,4.3,5.2,2.9,1.4,0.2,2.5,4.5,13.4,90.0,106.0,2006,Eric Piatkowski-2006,0.0,Not Selected,Guard,CHI,0.03333333333333333
2005-06,Paul Pierce,piercpa01,SF,28,BOS,79,79,3084,11.6,24.7,0.47100000000000003,1.9,5.3,0.354,9.8,19.4,0.503,10.6,13.7,0.772,1.3,7.6,8.9,6.3,1.8,0.6,4.6,3.8,35.7,112.0,106.0,2006,Paul Pierce-2006,0.0,Not Selected,Forward,BOS,0.026829268292682926
2005-06,Mickaël Piétrus,pietrmi01,SF,23,GSW,52,18,1179,7.4,18.2,0.40399999999999997,2.4,7.7,0.318,4.9,10.6,0.467,3.8,6.2,0.608,2.5,4.6,7.1,1.9,1.4,0.4,3.4,5.8,21.0,95.0,108.0,2006,Mickaël Piétrus-2006,0.0,Not Selected,Forward,GSW,0.027642276422764227
2005-06,Zoran Planinić,planizo01,PG,23,NJN,56,1,596,5.9,16.4,0.361,1.2,5.0,0.23199999999999998,4.8,11.4,0.41700000000000004,4.1,5.9,0.6970000000000001,1.3,5.4,6.6,4.8,1.8,0.4,3.9,8.2,17.1,87.0,103.0,2006,Zoran Planinić-2006,0.0,Not Selected,Guard,BRK,0.03983739837398374
2005-06,Pavel Podkolzin,podkopa01,C,21,DAL,1,0,18,0.0,6.1,0.0,0.0,0.0,0.0,0.0,6.1,0.0,9.1,18.2,0.5,0.0,21.3,21.3,0.0,0.0,3.0,6.1,0.0,9.1,50.0,97.0,2006,Pavel Podkolzin-2006,0.0,Not Selected,Center,DAL,0.04878048780487805
2005-06,Scot Pollard,pollasc01,C,30,IND,45,32,771,4.9,10.7,0.455,0.0,0.0,0.0,4.9,10.7,0.455,2.0,2.6,0.763,5.1,10.1,15.1,1.7,2.6,1.4,1.8,8.0,11.7,107.0,98.0,2006,Scot Pollard-2006,0.0,Not Selected,Center,IND,0.03333333333333333
2005-06,James Posey,poseyja01,SF,29,MIA,67,63,1914,4.4,10.8,0.40299999999999997,3.2,7.9,0.40299999999999997,1.2,2.9,0.4,1.3,1.7,0.787,0.9,7.8,8.7,2.4,1.5,0.5,1.6,5.4,13.2,112.0,105.0,2006,James Posey-2006,0.0,Not Selected,Forward,MIA,0.04227642276422764
2005-06,Vitaly Potapenko,potapvi01,C,30,TOT,33,12,353,5.5,10.5,0.521,0.0,0.0,0.0,5.5,10.5,0.521,1.5,2.5,0.588,4.0,5.5,9.5,1.3,0.3,0.3,2.4,7.4,12.5,105.0,117.0,2006,Vitaly Potapenko-2006,0.0,Not Selected,Center,TOT,0.03333333333333333
2005-06,Josh Powell,poweljo01,PF,23,DAL,37,2,429,4.7,10.3,0.457,0.0,0.0,0.0,4.7,10.3,0.457,4.6,5.7,0.8,3.6,6.8,10.3,1.1,0.9,0.5,2.8,6.6,14.0,106.0,107.0,2006,Josh Powell-2006,0.0,Not Selected,Forward,DAL,0.04878048780487805
2005-06,Ronnie Price,pricero01,PG,22,SAC,29,0,150,7.3,20.2,0.36200000000000004,2.1,9.4,0.222,5.2,10.8,0.484,4.2,4.2,1.0,1.7,3.5,5.2,3.8,2.1,0.0,3.5,3.5,20.9,94.0,107.0,2006,Ronnie Price-2006,0.0,Not Selected,Guard,SAC,0.03577235772357724
2005-06,Tayshaun Prince,princta01,SF,25,DET,82,82,2898,8.7,19.1,0.455,1.2,3.5,0.35,7.5,15.6,0.479,3.5,4.5,0.765,2.0,4.6,6.6,3.6,1.2,0.7,1.7,1.8,22.1,110.0,106.0,2006,Tayshaun Prince-2006,0.0,Not Selected,Forward,DET,0.05203252032520325
2005-06,Laron Profit,profila01,SG,28,LAL,25,1,279,7.6,15.9,0.47600000000000003,0.6,3.4,0.16699999999999998,7.0,12.5,0.561,4.0,4.5,0.875,1.5,6.6,8.1,2.8,2.1,0.9,4.5,4.7,19.7,96.0,105.0,2006,Laron Profit-2006,0.0,Not Selected,Guard,LAL,0.036585365853658534
2005-06,Joel Przybilla,przybjo01,C,26,POR,56,52,1395,5.1,9.4,0.5479999999999999,0.0,0.0,0.0,5.1,9.4,0.5479999999999999,3.2,6.0,0.532,5.7,9.6,15.4,1.7,0.8,5.1,3.0,5.9,13.5,106.0,107.0,2006,Joel Przybilla-2006,0.0,Not Selected,Center,POR,0.01707317073170732
2005-06,Vladimir Radmanović,radmavl01,PF,25,TOT,77,27,1974,6.9,17.1,0.40700000000000003,3.7,9.4,0.39,3.3,7.7,0.429,2.5,3.0,0.816,1.7,7.8,9.5,3.6,1.6,0.8,2.5,5.6,20.0,109.0,109.0,2006,Vladimir Radmanović-2006,0.0,Not Selected,Forward,TOT,0.03333333333333333
2005-06,Shavlik Randolph,randosh01,PF,22,PHI,57,1,487,4.7,10.3,0.45399999999999996,0.0,0.0,0.0,4.7,10.3,0.45399999999999996,4.6,7.6,0.606,5.8,8.3,14.1,2.0,2.0,1.3,2.2,8.8,13.9,109.0,106.0,2006,Shavlik Randolph-2006,0.0,Not Selected,Forward,PHI,0.030894308943089432
2005-06,Zach Randolph,randoza01,PF,24,POR,74,71,2545,11.5,26.4,0.436,0.3,1.2,0.29100000000000004,11.2,25.3,0.44299999999999995,5.3,7.4,0.7140000000000001,4.2,8.6,12.7,3.1,1.2,0.3,3.6,4.0,28.7,99.0,112.0,2006,Zach Randolph-2006,0.0,Not Selected,Forward,POR,0.01707317073170732
2005-06,Theo Ratliff,ratlith01,C,32,POR,55,19,1301,4.5,8.0,0.5710000000000001,0.0,0.0,0.0,4.5,8.0,0.5710000000000001,2.3,3.5,0.6509999999999999,3.7,8.0,11.7,1.2,0.8,3.7,2.0,6.0,11.4,113.0,110.0,2006,Theo Ratliff-2006,0.0,Not Selected,Center,POR,0.01707317073170732
2005-06,Željko Rebrača,rebraze01,C,33,LAC,29,2,412,6.6,12.2,0.542,0.0,0.0,0.0,6.6,12.2,0.542,3.9,5.2,0.7559999999999999,1.7,6.5,8.1,1.1,0.6,2.4,3.0,7.5,17.1,104.0,104.0,2006,Željko Rebrača-2006,0.0,Not Selected,Center,LAC,0.038211382113821135
2005-06,Michael Redd,reddmi01,SG,26,MIL,80,80,3130,11.5,25.5,0.45,2.7,6.9,0.395,8.7,18.5,0.47100000000000003,8.4,9.6,0.877,1.3,4.4,5.7,3.8,1.6,0.1,2.9,2.6,34.1,115.0,110.0,2006,Michael Redd-2006,0.0,Not Selected,Guard,MIL,0.032520325203252036
2005-06,Justin Reed,reedju01,SF,24,TOT,72,6,997,6.4,15.8,0.40299999999999997,0.0,0.1,0.0,6.4,15.8,0.405,4.7,6.4,0.725,2.8,3.8,6.7,2.2,1.2,0.8,2.8,8.7,17.4,94.0,108.0,2006,Justin Reed-2006,0.0,Not Selected,Forward,TOT,0.03333333333333333
2005-06,Jason Richardson,richaja01,SG,25,GSW,75,75,2877,11.5,25.7,0.446,3.3,8.5,0.384,8.2,17.2,0.47700000000000004,4.9,7.3,0.6729999999999999,1.9,6.0,7.8,4.1,1.7,0.7,3.0,3.7,31.1,107.0,107.0,2006,Jason Richardson-2006,0.0,Not Selected,Guard,GSW,0.027642276422764227
2005-06,Quentin Richardson,richaqu01,SF,25,NYK,55,43,1442,6.0,16.8,0.355,2.3,6.9,0.34,3.6,9.9,0.365,2.2,3.3,0.67,2.4,6.1,8.4,3.2,1.4,0.2,2.1,4.9,16.5,99.0,112.0,2006,Quentin Richardson-2006,0.0,Not Selected,Forward,NYK,0.01869918699186992
2005-06,Luke Ridnour,ridnolu01,PG,24,SEA,79,77,2625,6.7,15.9,0.418,0.9,3.0,0.289,5.8,13.0,0.44799999999999995,4.0,4.5,0.877,0.9,3.8,4.7,11.0,2.5,0.4,3.2,3.6,18.2,112.0,115.0,2006,Luke Ridnour-2006,0.0,Not Selected,Guard,OKC,0.028455284552845527
2005-06,Anthony Roberson,roberan02,PG,22,MEM,16,0,88,8.9,19.6,0.452,3.2,6.3,0.5,5.7,13.3,0.429,1.3,1.3,1.0,0.0,3.8,3.8,3.2,0.6,0.0,1.9,3.8,22.1,107.0,107.0,2006,Anthony Roberson-2006,0.0,Not Selected,Guard,MEM,0.03983739837398374
2005-06,Lawrence Roberts,roberla01,C,23,MEM,33,0,181,6.1,13.5,0.455,0.0,0.6,0.0,6.1,12.9,0.47600000000000003,3.4,7.1,0.478,8.0,7.1,15.1,1.5,2.5,0.6,1.5,9.2,15.7,110.0,100.0,2006,Lawrence Roberts-2006,0.0,Not Selected,Center,MEM,0.03983739837398374
2005-06,Bernard Robinson,robinbe01,SF,25,CHA,66,18,1303,6.2,14.4,0.43,0.1,0.8,0.095,6.1,13.6,0.451,4.2,5.3,0.7909999999999999,2.4,6.2,8.6,3.0,3.2,0.4,2.9,5.6,16.6,98.0,105.0,2006,Bernard Robinson-2006,0.0,Not Selected,Forward,CHO,0.02113821138211382
2005-06,Clifford Robinson,robincl02,PF,39,NJN,80,13,1863,6.3,14.7,0.42700000000000005,1.7,5.0,0.34299999999999997,4.6,9.7,0.47,1.5,2.3,0.6579999999999999,1.6,6.1,7.7,2.6,1.3,1.1,1.8,5.9,15.8,99.0,103.0,2006,Clifford Robinson-2006,0.0,Not Selected,Forward,BRK,0.03983739837398374
2005-06,Nate Robinson,robinna01,PG,21,NYK,72,26,1544,7.9,19.3,0.40700000000000003,2.0,5.0,0.397,5.9,14.3,0.41100000000000003,5.2,6.9,0.752,1.9,3.8,5.7,5.0,2.0,0.0,3.9,6.9,22.9,103.0,112.0,2006,Nate Robinson-2006,0.0,Not Selected,Guard,NYK,0.01869918699186992
2005-06,Jalen Rose,roseja01,SF-SG,33,TOT,72,45,1983,7.7,18.2,0.423,1.6,4.6,0.34299999999999997,6.1,13.7,0.45,6.6,8.5,0.78,0.7,4.9,5.6,4.8,0.8,0.3,3.1,4.2,23.6,107.0,115.0,2006,Jalen Rose-2006,0.0,Not Selected,Forward,TOT,0.03333333333333333
2005-06,Malik Rose,rosema01,PF,31,NYK,72,35,1119,5.0,13.3,0.374,0.0,0.0,1.0,4.9,13.2,0.371,5.1,6.5,0.7809999999999999,4.0,8.3,12.2,3.2,2.0,0.7,3.8,6.9,15.0,95.0,109.0,2006,Malik Rose-2006,0.0,Not Selected,Forward,NYK,0.01869918699186992
2005-06,Quinton Ross,rossqu01,SF,24,LAC,67,45,1515,4.5,10.6,0.42200000000000004,0.0,0.2,0.0,4.5,10.4,0.43200000000000005,2.0,2.6,0.76,1.3,4.6,5.9,2.7,1.8,0.6,1.6,5.4,10.9,96.0,105.0,2006,Quinton Ross-2006,0.0,Not Selected,Forward,LAC,0.038211382113821135
2005-06,Michael Ruffin,ruffimi01,C,29,WAS,76,4,1010,1.8,4.0,0.442,0.0,0.1,0.0,1.8,3.9,0.45299999999999996,1.9,3.8,0.5,6.3,7.7,14.0,1.4,1.7,1.6,2.0,9.2,5.4,108.0,105.0,2006,Michael Ruffin-2006,0.0,Not Selected,Center,WAS,0.03414634146341464
2005-06,Kareem Rush,rushka01,SG,25,CHA,47,25,1111,8.4,21.7,0.386,2.6,7.6,0.348,5.7,14.1,0.40700000000000003,2.5,3.6,0.7140000000000001,0.8,3.9,4.8,2.3,1.8,0.6,3.0,3.7,21.9,91.0,109.0,2006,Kareem Rush-2006,0.0,Not Selected,Guard,CHO,0.02113821138211382
2005-06,Bryon Russell,russebr01,SF,35,DEN,1,0,3,0.0,0.0,0.0,0.0,0.0,0.0,0.0,0.0,0.0,0.0,0.0,0.0,0.0,17.0,17.0,17.0,0.0,0.0,0.0,0.0,0.0,211.0,103.0,2006,Bryon Russell-2006,0.0,Not Selected,Forward,DEN,0.03577235772357724
2005-06,John Salmons,salmojo01,SG,26,PHI,82,24,2059,5.5,13.1,0.42,0.7,2.2,0.299,4.9,10.9,0.445,3.9,5.0,0.775,1.2,4.3,5.5,5.6,1.8,0.3,3.1,4.5,15.6,100.0,110.0,2006,John Salmons-2006,0.0,Not Selected,Guard,PHI,0.030894308943089432
2005-06,Jamal Sampson,sampsja01,PF,22,SAC,12,0,39,6.7,9.4,0.7140000000000001,0.0,0.0,0.0,6.7,9.4,0.7140000000000001,0.0,2.7,0.0,6.7,17.4,24.1,6.7,0.0,5.4,0.0,6.7,13.4,153.0,97.0,2006,Jamal Sampson-2006,0.0,Not Selected,Forward,SAC,0.03577235772357724
2005-06,Melvin Sanders,sandeme01,SG,25,SAS,16,0,113,7.7,15.8,0.485,1.0,1.4,0.667,6.7,14.4,0.467,3.4,4.8,0.7,1.9,9.1,11.0,1.4,2.4,0.0,3.8,9.6,19.7,96.0,97.0,2006,Melvin Sanders-2006,0.0,Not Selected,Guard,SAS,0.05121951219512195
2005-06,Brian Scalabrine,scalabr01,PF,27,BOS,71,1,938,4.1,10.7,0.38299999999999995,1.7,4.8,0.35600000000000004,2.4,5.9,0.406,1.4,2.0,0.722,1.5,4.8,6.3,2.8,1.2,1.1,2.8,7.1,11.4,92.0,109.0,2006,Brian Scalabrine-2006,0.0,Not Selected,Forward,BOS,0.026829268292682926
2005-06,Alex Scales,scaleal01,SG,27,SAS,1,0,0,0.0,0.0,0.0,0.0,0.0,0.0,0.0,0.0,0.0,0.0,0.0,0.0,0.0,0.0,0.0,0.0,0.0,0.0,0.0,0.0,0.0,0.0,0.0,2006,Alex Scales-2006,0.0,Not Selected,Guard,SAS,0.05121951219512195
2005-06,Luke Schenscher,schenlu01,C,23,CHI,20,0,149,5.5,9.0,0.615,0.0,0.0,0.0,5.5,9.0,0.615,1.4,4.5,0.308,2.8,7.3,10.1,2.4,0.3,1.0,1.7,7.3,12.5,109.0,105.0,2006,Luke Schenscher-2006,0.0,Not Selected,Center,CHI,0.03333333333333333
2005-06,Ha Seung-Jin,seungha01,C,20,POR,27,4,212,4.7,8.0,0.581,0.0,0.0,0.0,4.7,8.0,0.581,2.1,4.4,0.47100000000000003,3.6,9.0,12.7,0.3,0.8,2.1,3.6,10.6,11.4,92.0,110.0,2006,Ha Seung-Jin-2006,0.0,Not Selected,Center,POR,0.01707317073170732
2005-06,Wayne Simien,simiewa01,PF,22,MIA,43,2,414,7.3,15.2,0.483,0.0,0.0,0.0,7.3,15.2,0.483,3.8,4.3,0.882,4.8,6.3,11.1,0.9,1.6,0.1,3.0,8.9,18.5,106.0,105.0,2006,Wayne Simien-2006,0.0,Not Selected,Forward,MIA,0.04227642276422764
2005-06,Bobby Simmons,simmobo01,SF,25,MIL,75,74,2538,7.6,16.8,0.45299999999999996,2.2,5.2,0.42,5.4,11.6,0.46799999999999997,3.4,4.1,0.825,1.9,5.0,6.9,3.6,1.8,0.4,2.5,5.3,20.8,110.0,108.0,2006,Bobby Simmons-2006,0.0,Not Selected,Forward,MIL,0.032520325203252036
2005-06,James Singleton,singlja01,SF,24,LAC,59,10,753,5.4,10.5,0.51,0.7,1.4,0.5,4.7,9.1,0.511,2.7,3.5,0.78,4.4,9.3,13.7,2.0,1.3,1.5,1.9,6.6,14.1,117.0,102.0,2006,James Singleton-2006,0.0,Not Selected,Forward,LAC,0.038211382113821135
2005-06,Brian Skinner,skinnbr01,PF-C,29,TOT,65,5,944,4.7,9.1,0.513,0.0,0.0,0.0,4.7,9.1,0.513,1.5,3.2,0.48200000000000004,4.3,8.6,12.9,1.7,1.4,2.4,2.6,6.8,10.8,100.0,106.0,2006,Brian Skinner-2006,0.0,Not Selected,Forward,TOT,0.03333333333333333
2005-06,Charles Smith,smithch04,SG,30,TOT,22,4,210,7.8,18.8,0.41700000000000004,3.9,9.9,0.395,3.9,8.9,0.441,1.3,2.1,0.625,0.8,3.4,4.2,2.3,1.3,1.6,1.0,7.3,20.9,109.0,114.0,2006,Charles Smith-2006,0.0,Not Selected,Guard,TOT,0.03333333333333333
2005-06,Donta Smith,smithdo04,SG,22,ATL,23,0,127,6.3,11.3,0.556,0.8,1.7,0.5,5.4,9.6,0.565,2.5,5.0,0.5,1.3,4.6,5.9,3.8,3.3,0.0,1.7,8.4,15.9,118.0,110.0,2006,Donta Smith-2006,0.0,Not Selected,Guard,ATL,0.02113821138211382
2005-06,J.R. Smith,smithjr01,SG,20,NOK,55,25,989,7.9,20.0,0.39299999999999996,2.8,7.6,0.371,5.0,12.3,0.40700000000000003,4.5,5.5,0.8220000000000001,1.0,5.0,6.0,3.2,2.0,0.2,2.9,4.9,23.1,101.0,108.0,2006,J.R. Smith-2006,0.0,Not Selected,Guard,NOP,0.030894308943089432
2005-06,Joe Smith,smithjo02,PF,30,MIL,44,5,887,8.6,18.1,0.475,0.0,0.1,0.0,8.6,18.0,0.479,5.3,6.8,0.774,4.9,8.7,13.6,1.8,1.4,0.8,2.4,7.1,22.5,110.0,106.0,2006,Joe Smith-2006,0.0,Not Selected,Forward,MIL,0.032520325203252036
2005-06,Josh Smith,smithjo03,SF,20,ATL,80,73,2559,6.8,16.1,0.425,0.7,2.3,0.309,6.1,13.8,0.444,4.4,6.1,0.7190000000000001,3.7,7.4,11.0,4.0,1.3,4.3,3.4,5.4,18.7,103.0,108.0,2006,Josh Smith-2006,0.0,Not Selected,Forward,ATL,0.02113821138211382
2005-06,Eric Snow,snower01,PG,32,CLE,82,82,2351,3.7,9.1,0.409,0.0,0.2,0.1,3.7,8.8,0.41600000000000004,1.5,2.1,0.688,0.9,3.6,4.5,7.9,1.7,0.4,2.6,5.0,8.9,98.0,108.0,2006,Eric Snow-2006,0.0,Not Selected,Guard,CLE,0.04065040650406504
2005-06,Kirk Snyder,snydeki01,SG,22,NOK,68,45,1310,8.4,18.7,0.45299999999999996,1.9,5.3,0.35700000000000004,6.5,13.3,0.491,3.5,4.8,0.735,2.3,4.4,6.6,4.2,1.2,0.9,2.9,4.4,22.3,106.0,109.0,2006,Kirk Snyder-2006,0.0,Not Selected,Guard,NOP,0.030894308943089432
2005-06,Darius Songaila,songada01,PF,27,CHI,62,7,1329,9.2,19.1,0.48100000000000004,0.1,0.2,0.4,9.1,18.9,0.48100000000000004,3.7,4.5,0.8170000000000001,3.0,6.6,9.6,3.4,1.4,0.6,3.3,6.1,22.1,102.0,104.0,2006,Darius Songaila-2006,0.0,Not Selected,Forward,CHI,0.03333333333333333
2005-06,Pape Sow,sowpa01,C,24,TOR,42,25,590,4.7,11.0,0.431,0.0,0.0,0.0,4.7,11.0,0.431,3.7,5.1,0.7190000000000001,4.8,8.2,13.0,0.7,1.9,1.7,2.7,10.5,13.1,101.0,109.0,2006,Pape Sow-2006,0.0,Not Selected,Center,TOR,0.02195121951219512
2005-06,Jerry Stackhouse,stackje01,SG,31,DAL,55,11,1525,8.7,21.6,0.401,1.3,4.7,0.27699999999999997,7.4,17.0,0.436,7.0,7.9,0.882,1.1,4.3,5.5,5.7,1.3,0.4,4.3,3.4,25.6,103.0,108.0,2006,Jerry Stackhouse-2006,0.0,Not Selected,Guard,DAL,0.04878048780487805
2005-06,DeShawn Stevenson,stevede01,SG,24,ORL,82,82,2648,7.4,16.0,0.46,0.0,0.3,0.133,7.3,15.7,0.466,3.7,5.0,0.7440000000000001,1.2,3.7,4.9,3.3,1.2,0.3,2.5,3.7,18.5,102.0,111.0,2006,DeShawn Stevenson-2006,0.0,Not Selected,Guard,ORL,0.02926829268292683
2005-06,Peja Stojaković,stojape01,SF,28,TOT,71,71,2601,9.1,20.7,0.43700000000000006,3.3,8.2,0.401,5.8,12.5,0.461,4.8,5.3,0.915,1.6,6.8,8.4,2.8,0.9,0.2,2.1,3.5,26.3,114.0,106.0,2006,Peja Stojaković-2006,0.0,Not Selected,Forward,TOT,0.03333333333333333
2005-06,Awvee Storey,storeaw01,SF,28,WAS,25,1,116,7.2,18.4,0.39,1.3,3.1,0.429,5.8,15.2,0.382,3.6,6.3,0.5710000000000001,3.6,6.3,9.9,1.8,1.3,0.4,2.2,9.9,19.3,98.0,108.0,2006,Awvee Storey-2006,0.0,Not Selected,Forward,WAS,0.03414634146341464
2005-06,Damon Stoudamire,stoudda01,PG,32,MEM,27,27,862,7.4,18.5,0.397,2.3,6.7,0.34600000000000003,5.0,11.8,0.426,3.4,4.0,0.855,1.5,4.6,6.1,8.3,1.2,0.1,3.5,3.2,20.5,104.0,105.0,2006,Damon Stoudamire-2006,0.0,Not Selected,Guard,MEM,0.03983739837398374
2005-06,Salim Stoudamire,stoudsa01,SG,23,ATL,61,1,1236,8.8,21.1,0.415,3.5,9.3,0.38,5.2,11.9,0.442,4.3,4.7,0.9,0.5,4.5,5.0,3.2,1.2,0.1,3.5,5.1,25.3,105.0,114.0,2006,Salim Stoudamire-2006,0.0,Not Selected,Guard,ATL,0.02113821138211382
2005-06,Amar'e Stoudemire,stoudam01,C,23,PHO,3,3,50,9.0,27.0,0.33299999999999996,0.0,1.0,0.0,9.0,26.0,0.34600000000000003,8.0,9.0,0.889,6.0,10.0,16.0,2.0,1.0,3.0,1.0,4.0,26.0,99.0,102.0,2006,Amar'e Stoudemire-2006,0.0,Not Selected,Center,PHO,0.04390243902439024
2005-06,Mike Sweetney,sweetmi01,C,23,CHI,66,44,1222,8.5,18.8,0.45,0.0,0.0,0.0,8.5,18.8,0.45,5.6,8.6,0.652,5.0,9.8,14.8,2.5,0.8,2.4,4.0,8.8,22.5,98.0,101.0,2006,Mike Sweetney-2006,0.0,Not Selected,Center,CHI,0.03333333333333333
2005-06,Robert Swift,swiftro01,C,20,SEA,47,20,987,6.6,12.8,0.515,0.0,0.0,0.0,6.6,12.8,0.515,2.8,4.8,0.5820000000000001,5.0,9.0,14.0,0.4,0.8,3.0,2.6,7.5,16.0,106.0,112.0,2006,Robert Swift-2006,0.0,Not Selected,Center,OKC,0.028455284552845527
2005-06,Stromile Swift,swiftst01,C,26,HOU,66,5,1344,9.1,18.6,0.491,0.0,0.1,0.0,9.1,18.5,0.493,5.5,8.5,0.6509999999999999,4.2,7.6,11.8,1.0,1.5,2.0,3.7,8.0,23.8,100.0,102.0,2006,Stromile Swift-2006,0.0,Not Selected,Center,HOU,0.027642276422764227
2005-06,Wally Szczerbiak,szczewa02,SF,28,TOT,72,71,2729,9.6,19.7,0.48700000000000004,2.0,5.0,0.4,7.6,14.8,0.517,5.4,6.0,0.897,1.5,4.6,6.1,4.2,0.8,0.4,2.7,2.9,26.6,116.0,110.0,2006,Wally Szczerbiak-2006,0.0,Not Selected,Forward,TOT,0.03333333333333333
2005-06,Chris Taft,taftch01,C,20,GSW,17,0,144,8.2,13.6,0.605,0.0,0.0,0.0,8.2,13.6,0.605,0.4,2.1,0.16699999999999998,6.8,6.1,12.9,0.7,0.7,2.5,0.7,8.9,16.8,125.0,107.0,2006,Chris Taft-2006,0.0,Not Selected,Center,GSW,0.027642276422764227
2005-06,Donell Taylor,taylodo01,SG,23,WAS,51,1,465,5.9,15.2,0.39,0.4,1.9,0.235,5.5,13.3,0.41200000000000003,3.4,4.8,0.698,1.8,4.1,5.9,5.0,3.4,0.4,3.8,5.3,15.7,91.0,106.0,2006,Donell Taylor-2006,0.0,Not Selected,Guard,WAS,0.03414634146341464
2005-06,Maurice Taylor,tayloma01,PF,29,NYK,67,13,1210,8.0,17.0,0.46799999999999997,0.0,0.0,0.0,8.0,17.0,0.469,2.5,3.6,0.6990000000000001,2.8,7.2,10.0,2.3,0.9,0.6,4.5,7.7,18.4,91.0,112.0,2006,Maurice Taylor-2006,0.0,Not Selected,Forward,NYK,0.01869918699186992
2005-06,Sebastian Telfair,telfase01,PG,20,POR,68,30,1641,7.6,19.3,0.39399999999999996,1.9,5.4,0.35200000000000004,5.7,13.9,0.41100000000000003,4.3,5.8,0.743,0.6,3.4,4.0,8.2,2.2,0.2,3.8,5.6,21.5,99.0,114.0,2006,Sebastian Telfair-2006,0.0,Not Selected,Guard,POR,0.01707317073170732
2005-06,Jason Terry,terryja01,PG,28,DAL,80,80,2798,10.1,21.5,0.47,3.3,8.1,0.41100000000000003,6.7,13.4,0.505,3.3,4.1,0.8,0.6,2.5,3.1,6.0,2.0,0.5,2.6,3.8,26.8,118.0,108.0,2006,Jason Terry-2006,0.0,Not Selected,Guard,DAL,0.04878048780487805
2005-06,Billy Thomas,thomabi01,SG,30,WAS,17,0,131,5.2,15.9,0.325,4.0,11.9,0.33299999999999996,1.2,4.0,0.3,0.8,0.8,1.0,2.0,3.6,5.6,3.6,4.0,0.4,2.4,7.5,15.1,99.0,105.0,2006,Billy Thomas-2006,0.0,Not Selected,Guard,WAS,0.03414634146341464
2005-06,Etan Thomas,thomaet01,C,27,WAS,71,9,1121,6.1,11.4,0.5329999999999999,0.0,0.0,0.0,6.1,11.4,0.5329999999999999,3.5,5.8,0.6,4.6,8.4,12.9,0.6,0.9,3.2,2.4,6.9,15.6,110.0,105.0,2006,Etan Thomas-2006,0.0,Not Selected,Center,WAS,0.03414634146341464
2005-06,James Thomas,thomaja02,PF,25,TOT,22,0,150,3.5,6.6,0.526,0.0,0.0,0.0,3.5,6.6,0.526,2.8,4.8,0.5710000000000001,4.1,9.3,13.5,0.3,0.0,1.0,2.4,12.1,9.7,103.0,108.0,2006,James Thomas-2006,0.0,Not Selected,Forward,TOT,0.03333333333333333
2005-06,John Thomas,thomajo02,C,30,TOT,16,0,127,2.5,6.3,0.4,0.0,0.0,0.0,2.5,6.3,0.4,1.3,1.7,0.75,4.2,4.2,8.5,0.8,1.3,0.8,3.4,7.2,6.3,81.0,109.0,2006,John Thomas-2006,0.0,Not Selected,Center,TOT,0.03333333333333333
2005-06,Kenny Thomas,thomake01,PF,28,SAC,82,55,2293,6.9,13.8,0.505,0.0,0.0,0.0,6.9,13.7,0.506,3.1,4.6,0.6759999999999999,4.5,9.5,14.1,3.8,1.6,0.9,3.1,4.5,17.0,107.0,103.0,2006,Kenny Thomas-2006,0.0,Not Selected,Forward,SAC,0.03577235772357724
2005-06,Kurt Thomas,thomaku01,C,33,PHO,53,50,1411,6.7,13.9,0.486,0.0,0.0,0.0,6.7,13.9,0.486,2.7,3.3,0.815,3.6,11.1,14.7,2.0,0.8,1.9,2.0,6.9,16.2,107.0,103.0,2006,Kurt Thomas-2006,0.0,Not Selected,Center,PHO,0.04390243902439024
2005-06,Tim Thomas,thomati01,PF-SF,28,TOT,29,10,666,8.5,19.7,0.431,3.5,8.4,0.414,5.0,11.4,0.444,2.1,3.2,0.667,1.7,8.2,9.9,1.5,1.2,0.5,2.5,5.9,22.6,100.0,106.0,2006,Tim Thomas-2006,0.0,Not Selected,Forward,TOT,0.03333333333333333
2005-06,Dijon Thompson,thompdi01,SG,22,PHO,10,0,43,12.8,29.1,0.44,4.7,12.8,0.364,8.2,16.3,0.5,2.3,2.3,1.0,4.7,8.2,12.8,1.2,3.5,1.2,2.3,7.0,32.6,105.0,100.0,2006,Dijon Thompson-2006,0.0,Not Selected,Guard,PHO,0.04390243902439024
2005-06,Jamaal Tinsley,tinslja01,PG,27,IND,42,27,1122,7.5,18.4,0.409,0.8,3.3,0.22899999999999998,6.8,15.1,0.449,2.8,4.3,0.637,1.7,4.7,6.3,10.1,2.3,0.3,5.2,4.6,18.6,93.0,103.0,2006,Jamaal Tinsley-2006,0.0,Not Selected,Guard,IND,0.03333333333333333
2005-06,Jake Tsakalidis,tsakaja01,C,26,MEM,51,19,732,7.6,12.5,0.606,0.0,0.0,0.0,7.6,12.5,0.606,4.3,6.6,0.655,5.9,10.2,16.1,1.0,1.1,2.4,3.0,8.1,19.5,118.0,99.0,2006,Jake Tsakalidis-2006,0.0,Not Selected,Center,MEM,0.03983739837398374
2005-06,Nikoloz Tskitishvili,tskitni01,SF-PF,22,TOT,17,0,99,6.6,18.9,0.35100000000000003,0.5,1.5,0.33299999999999996,6.1,17.4,0.353,4.6,7.2,0.643,4.6,6.6,11.2,1.5,0.5,1.0,3.1,4.1,18.4,88.0,108.0,2006,Nikoloz Tskitishvili-2006,0.0,Not Selected,Forward,TOT,0.03333333333333333
2005-06,Ronny Turiaf,turiaro01,C,23,LAL,23,1,161,4.9,9.8,0.5,0.0,0.0,0.0,4.9,9.8,0.5,4.9,8.9,0.556,3.6,8.5,12.1,2.6,1.0,3.3,2.3,9.8,14.8,109.0,103.0,2006,Ronny Turiaf-2006,0.0,Not Selected,Center,LAL,0.036585365853658534
2005-06,Hedo Türkoğlu,turkohe01,SF,26,ORL,78,59,2615,8.3,18.2,0.45399999999999996,2.4,5.9,0.40299999999999997,5.9,12.3,0.478,5.3,6.2,0.861,1.5,5.5,6.9,4.5,1.5,0.4,2.7,4.9,24.2,116.0,109.0,2006,Hedo Türkoğlu-2006,0.0,Not Selected,Forward,ORL,0.02926829268292683
2005-06,Ime Udoka,udokaim01,SF,28,NYK,8,0,114,4.2,11.1,0.375,0.5,1.4,0.33299999999999996,3.7,9.7,0.381,1.4,2.8,0.5,1.4,6.5,7.9,2.8,0.5,0.0,0.9,3.7,10.2,97.0,114.0,2006,Ime Udoka-2006,0.0,Not Selected,Forward,NYK,0.01869918699186992
2005-06,Beno Udrih,udrihbe01,PG,23,SAS,54,3,586,9.8,21.6,0.455,2.2,6.5,0.34299999999999997,7.6,15.1,0.503,3.6,4.6,0.78,1.7,3.1,4.8,8.5,1.3,0.2,4.9,5.1,25.4,104.0,104.0,2006,Beno Udrih-2006,0.0,Not Selected,Guard,SAS,0.05121951219512195
2005-06,Nick Van Exel,vanexni01,PG,34,SAS,65,2,986,7.5,18.9,0.397,3.0,8.5,0.35700000000000004,4.5,10.4,0.429,1.5,2.3,0.6829999999999999,0.3,4.7,5.0,6.8,0.9,0.2,3.1,3.3,19.5,99.0,104.0,2006,Nick Van Exel-2006,0.0,Not Selected,Guard,SAS,0.05121951219512195
2005-06,Keith Van Horn,vanhoke01,SF,30,DAL,53,0,1090,8.2,19.4,0.424,2.5,6.8,0.368,5.7,12.6,0.45399999999999996,4.7,5.7,0.8320000000000001,2.7,6.9,9.6,1.9,1.6,0.6,3.6,6.1,23.7,106.0,106.0,2006,Keith Van Horn-2006,0.0,Not Selected,Forward,DAL,0.04878048780487805
2005-06,Anderson Varejão,varejan01,C,23,CLE,48,4,760,5.6,10.5,0.527,0.0,0.1,0.0,5.6,10.5,0.53,4.3,8.4,0.513,5.4,11.1,16.5,1.3,2.2,1.3,1.9,8.3,15.4,113.0,101.0,2006,Anderson Varejão-2006,0.0,Not Selected,Center,CLE,0.04065040650406504
2005-06,Jacque Vaughn,vaughja01,SG,30,NJN,80,6,1234,4.6,10.6,0.43700000000000006,0.0,0.3,0.16699999999999998,4.6,10.3,0.444,2.6,3.5,0.728,0.7,3.2,3.9,5.3,1.8,0.0,2.3,6.1,11.9,98.0,105.0,2006,Jacque Vaughn-2006,0.0,Not Selected,Guard,BRK,0.03983739837398374
2005-06,Charlie Villanueva,villach01,PF,21,TOR,81,36,2361,9.7,21.0,0.46299999999999997,1.6,4.8,0.327,8.1,16.2,0.503,2.5,3.6,0.706,4.0,7.6,11.6,2.0,1.3,1.4,2.2,5.5,23.5,107.0,111.0,2006,Charlie Villanueva-2006,0.0,Not Selected,Forward,TOR,0.02195121951219512
2005-06,Jake Voskuhl,voskuja01,C,28,CHA,51,2,818,7.2,16.4,0.43700000000000006,0.1,0.2,0.33299999999999996,7.1,16.2,0.43799999999999994,2.6,3.8,0.6829999999999999,3.9,7.6,11.5,2.4,1.6,1.4,2.1,9.9,17.0,100.0,106.0,2006,Jake Voskuhl-2006,0.0,Not Selected,Center,CHO,0.02113821138211382
2005-06,Jackson Vroman,vromaja01,PF,24,NOK,41,2,406,3.5,8.8,0.39399999999999996,0.0,0.0,0.0,3.5,8.8,0.39399999999999996,2.8,5.8,0.47700000000000004,4.4,7.0,11.4,1.5,1.6,1.5,2.8,10.4,9.7,88.0,106.0,2006,Jackson Vroman-2006,0.0,Not Selected,Forward,NOP,0.030894308943089432
2005-06,Sasha Vujačić,vujacsa01,PG,21,LAL,82,4,1449,3.9,11.4,0.34600000000000003,2.1,6.3,0.34299999999999997,1.8,5.1,0.35,1.7,1.9,0.885,1.2,4.6,5.8,5.1,1.7,0.1,1.8,5.5,11.7,105.0,108.0,2006,Sasha Vujačić-2006,0.0,Not Selected,Guard,LAL,0.036585365853658534
2005-06,Dwyane Wade,wadedw01,SG,24,MIA,75,75,2892,12.7,25.6,0.495,0.2,1.4,0.171,12.4,24.2,0.513,11.4,14.6,0.7829999999999999,1.9,5.9,7.8,9.1,2.6,1.1,4.9,3.9,37.0,115.0,103.0,2006,Dwyane Wade-2006,2.0,2nd,Guard,MIA,0.04227642276422764
2005-06,Von Wafer,wafervo01,SG,20,LAL,16,0,73,4.3,27.5,0.158,1.4,12.3,0.11800000000000001,2.9,15.2,0.19,4.3,5.8,0.75,3.6,2.2,5.8,2.9,2.2,0.0,0.7,8.7,14.5,68.0,108.0,2006,Von Wafer-2006,0.0,Not Selected,Guard,LAL,0.036585365853658534
2005-06,Antoine Walker,walkean02,PF,29,MIA,82,19,2199,9.3,21.4,0.435,3.3,9.1,0.358,6.1,12.3,0.493,1.9,3.1,0.628,2.5,7.6,10.0,4.0,1.1,0.7,3.6,4.5,23.8,101.0,105.0,2006,Antoine Walker-2006,0.0,Not Selected,Forward,MIA,0.04227642276422764
2005-06,Samaki Walker,walkesa01,PF,29,IND,7,0,22,0.0,4.9,0.0,0.0,0.0,0.0,0.0,4.9,0.0,4.9,4.9,1.0,0.0,7.3,7.3,0.0,0.0,2.4,4.9,17.0,4.9,45.0,103.0,2006,Samaki Walker-2006,0.0,Not Selected,Forward,IND,0.03333333333333333
2005-06,Ben Wallace,wallabe01,C,31,DET,82,82,2890,4.5,8.9,0.51,0.0,0.1,0.0,4.5,8.8,0.514,2.4,5.7,0.41600000000000004,5.8,11.9,17.7,3.0,2.8,3.5,1.7,3.1,11.4,112.0,95.0,2006,Ben Wallace-2006,2.0,2nd,Center,DET,0.05203252032520325
2005-06,Gerald Wallace,wallage01,SF,23,CHA,55,52,1895,8.6,16.0,0.5379999999999999,0.4,1.4,0.28,8.2,14.6,0.562,5.1,8.3,0.614,3.3,7.8,11.2,2.6,3.7,3.1,2.7,4.1,22.7,112.0,100.0,2006,Gerald Wallace-2006,0.0,Not Selected,Forward,CHO,0.02113821138211382
2005-06,Rasheed Wallace,wallara01,PF,31,DET,80,80,2780,9.1,21.2,0.43,3.1,8.6,0.35700000000000004,6.0,12.6,0.48,2.7,3.6,0.743,1.8,9.1,10.9,3.6,1.6,2.6,1.7,4.6,24.1,110.0,100.0,2006,Rasheed Wallace-2006,0.0,Not Selected,Forward,DET,0.05203252032520325
2005-06,Matt Walsh,walshma01,SG,23,MIA,2,0,3,17.5,17.5,1.0,0.0,0.0,0.0,17.5,17.5,1.0,0.0,34.9,0.0,0.0,0.0,0.0,0.0,0.0,0.0,17.5,0.0,34.9,42.0,113.0,2006,Matt Walsh-2006,0.0,Not Selected,Guard,MIA,0.04227642276422764
2005-06,Luke Walton,waltolu01,SF,25,LAL,69,6,1333,5.3,13.0,0.41200000000000003,0.7,2.2,0.327,4.6,10.8,0.429,2.3,3.0,0.75,3.5,6.3,9.8,6.2,1.6,0.6,3.1,4.7,13.7,102.0,106.0,2006,Luke Walton-2006,0.0,Not Selected,Forward,LAL,0.036585365853658534
2005-06,Hakim Warrick,warriha01,PF,23,MEM,68,2,724,7.8,17.5,0.44299999999999995,0.0,0.0,0.0,7.8,17.5,0.44299999999999995,5.8,8.8,0.6609999999999999,3.3,7.8,11.1,2.3,1.1,1.6,4.3,8.7,21.4,94.0,102.0,2006,Hakim Warrick-2006,0.0,Not Selected,Forward,MEM,0.03983739837398374
2005-06,Earl Watson,watsoea01,PG,26,TOT,70,10,1578,7.2,16.6,0.43,3.6,8.9,0.40399999999999997,3.6,7.7,0.46,2.5,3.6,0.6759999999999999,0.8,4.4,5.2,9.4,2.2,0.3,4.4,5.2,20.4,106.0,110.0,2006,Earl Watson-2006,0.0,Not Selected,Guard,TOT,0.03333333333333333
2005-06,Chris Webber,webbech01,PF,32,PHI,75,75,2893,11.0,25.5,0.434,0.4,1.4,0.273,10.7,24.1,0.44299999999999995,4.7,6.2,0.7559999999999999,3.3,10.0,13.3,4.6,1.8,1.1,3.3,3.9,27.2,100.0,105.0,2006,Chris Webber-2006,0.0,Not Selected,Forward,PHI,0.030894308943089432
2005-06,Martell Webster,webstma02,SF,19,POR,61,18,1070,7.1,17.8,0.39899999999999997,3.3,9.3,0.35700000000000004,3.8,8.5,0.446,3.1,3.6,0.8590000000000001,1.5,5.2,6.7,1.7,1.1,0.7,2.2,4.6,20.7,105.0,114.0,2006,Martell Webster-2006,0.0,Not Selected,Forward,POR,0.01707317073170732
2005-06,Bonzi Wells,wellsbo01,SG,29,SAC,52,41,1684,8.8,19.0,0.46299999999999997,0.3,1.4,0.222,8.5,17.6,0.48200000000000004,4.0,5.9,0.679,4.4,8.0,12.4,4.5,2.9,0.8,3.9,4.8,21.9,101.0,101.0,2006,Bonzi Wells-2006,0.0,Not Selected,Guard,SAC,0.03577235772357724
2005-06,Jiří Welsch,welscji01,SF,26,MIL,58,2,866,5.2,13.5,0.387,0.9,3.0,0.28600000000000003,4.4,10.5,0.41600000000000004,3.9,5.3,0.747,1.3,5.4,6.7,3.8,2.1,0.1,2.5,3.9,15.2,98.0,108.0,2006,Jiří Welsch-2006,0.0,Not Selected,Forward,MIL,0.032520325203252036
2005-06,David Wesley,wesleda01,SG,35,HOU,71,59,2372,5.2,12.9,0.40299999999999997,2.3,6.2,0.365,2.9,6.7,0.43799999999999994,3.5,4.3,0.807,0.6,3.5,4.1,4.7,1.4,0.1,2.8,4.9,16.1,104.0,107.0,2006,David Wesley-2006,0.0,Not Selected,Guard,HOU,0.027642276422764227
2005-06,David West,westda01,PF,25,NOK,74,74,2526,11.3,22.1,0.512,0.1,0.2,0.273,11.3,21.9,0.514,4.3,5.0,0.843,3.6,8.1,11.7,2.0,1.3,1.4,2.2,4.6,27.0,112.0,106.0,2006,David West-2006,0.0,Not Selected,Forward,NOP,0.030894308943089432
2005-06,Delonte West,westde01,PG,22,BOS,71,71,2418,7.2,14.7,0.48700000000000004,1.8,4.7,0.385,5.4,10.0,0.534,1.9,2.2,0.851,1.2,5.0,6.2,7.1,1.8,1.0,2.9,4.2,18.0,112.0,107.0,2006,Delonte West-2006,0.0,Not Selected,Guard,BOS,0.026829268292682926
2005-06,Robert Whaley,whalero01,C,23,UTA,23,0,212,5.9,14.7,0.40399999999999997,0.0,0.0,0.0,5.9,14.7,0.40399999999999997,0.8,1.5,0.5,4.1,7.0,11.1,4.4,1.8,2.1,3.6,10.6,12.6,87.0,105.0,2006,Robert Whaley-2006,0.0,Not Selected,Center,UTA,0.03333333333333333
2005-06,Chris Wilcox,wilcoch01,C-PF,23,TOT,77,24,1529,8.8,15.4,0.5710000000000001,0.0,0.1,0.0,8.8,15.3,0.574,3.8,5.2,0.732,4.0,10.0,14.0,1.8,1.1,1.2,2.5,6.3,21.4,117.0,108.0,2006,Chris Wilcox-2006,0.0,Not Selected,Forward,TOT,0.03333333333333333
2005-06,Damien Wilkins,wilkida02,SF,26,SEA,82,12,1525,6.6,14.9,0.444,0.5,1.9,0.25,6.1,13.0,0.47200000000000003,4.7,5.6,0.84,2.7,3.9,6.6,3.7,2.5,0.4,2.9,4.9,18.4,108.0,114.0,2006,Damien Wilkins-2006,0.0,Not Selected,Forward,OKC,0.028455284552845527
2005-06,Mike Wilks,wilksmi01,PG,26,TOT,47,0,348,4.4,13.7,0.322,0.5,2.9,0.158,4.0,10.8,0.366,3.8,6.3,0.61,1.4,4.6,6.0,4.9,2.1,0.2,3.7,5.2,13.1,83.0,109.0,2006,Mike Wilks-2006,0.0,Not Selected,Guard,TOT,0.03333333333333333
2005-06,Aaron Williams,williaa01,C,34,TOT,48,5,791,6.2,12.0,0.517,0.0,0.0,0.0,6.2,12.0,0.517,2.7,3.9,0.69,4.4,8.0,12.3,1.2,1.2,1.4,2.0,9.4,15.1,110.0,107.0,2006,Aaron Williams-2006,0.0,Not Selected,Center,TOT,0.03333333333333333
2005-06,Alvin Williams,willial02,PG,31,TOR,1,0,10,0.0,15.8,0.0,0.0,10.5,0.0,0.0,5.3,0.0,5.3,10.5,0.5,0.0,15.8,15.8,0.0,0.0,0.0,0.0,0.0,5.3,32.0,111.0,2006,Alvin Williams-2006,0.0,Not Selected,Guard,TOR,0.02195121951219512
2005-06,Deron Williams,willide01,PG,21,UTA,80,47,2307,8.0,19.1,0.42100000000000004,2.2,5.2,0.41600000000000004,5.9,13.9,0.423,2.2,3.2,0.7040000000000001,0.8,3.8,4.6,8.5,1.4,0.4,3.4,5.5,20.5,103.0,110.0,2006,Deron Williams-2006,0.0,Not Selected,Guard,UTA,0.03333333333333333
2005-06,Eric Williams,willier01,SF,33,TOR,28,11,352,4.3,11.2,0.387,0.7,2.7,0.278,3.6,8.5,0.42100000000000004,4.2,5.7,0.737,1.5,6.0,7.5,2.2,1.0,0.3,2.2,8.2,13.6,99.0,114.0,2006,Eric Williams-2006,0.0,Not Selected,Forward,TOR,0.02195121951219512
2005-06,Jason Williams,willija02,PG,30,MIA,59,56,1874,7.5,16.9,0.442,3.0,8.1,0.37200000000000005,4.5,8.9,0.506,2.4,2.7,0.867,0.2,3.7,3.9,8.0,1.5,0.1,2.8,2.8,20.4,113.0,108.0,2006,Jason Williams-2006,0.0,Not Selected,Guard,MIA,0.04227642276422764
2005-06,Lou Williams,willilo02,PG,19,PHI,30,0,145,8.2,18.6,0.442,0.7,3.2,0.222,7.5,15.4,0.488,2.9,4.6,0.615,1.1,5.7,6.8,3.6,1.8,0.0,4.6,4.6,20.0,87.0,109.0,2006,Lou Williams-2006,0.0,Not Selected,Guard,PHI,0.030894308943089432
2005-06,Marvin Williams,willima02,PF,19,ATL,79,7,1952,6.4,14.4,0.44299999999999995,0.4,1.4,0.245,6.0,13.0,0.46399999999999997,5.1,6.9,0.747,3.3,7.1,10.4,1.7,1.3,0.7,2.3,6.2,18.3,109.0,112.0,2006,Marvin Williams-2006,0.0,Not Selected,Forward,ATL,0.02113821138211382
2005-06,Mo Williams,willima01,PG,23,MIL,58,12,1531,9.2,21.6,0.424,2.5,6.6,0.382,6.7,15.1,0.44299999999999995,3.3,3.9,0.85,1.0,3.9,4.9,7.9,1.8,0.2,3.6,5.0,24.2,105.0,109.0,2006,Mo Williams-2006,0.0,Not Selected,Guard,MIL,0.032520325203252036
2005-06,Corliss Williamson,willico02,SF,32,SAC,37,0,362,6.2,14.9,0.41700000000000004,0.3,0.3,1.0,5.9,14.6,0.406,5.5,7.1,0.7759999999999999,3.0,6.6,9.7,2.0,1.0,0.6,4.3,8.1,18.2,93.0,106.0,2006,Corliss Williamson-2006,0.0,Not Selected,Forward,SAC,0.03577235772357724
2005-06,Loren Woods,woodslo01,C,27,TOR,27,4,324,4.6,9.6,0.475,0.0,0.2,0.0,4.6,9.4,0.483,1.0,2.3,0.429,7.2,10.7,17.9,0.7,1.5,3.7,2.6,8.0,10.1,102.0,106.0,2006,Loren Woods-2006,0.0,Not Selected,Center,TOR,0.02195121951219512
2005-06,Qyntel Woods,woodsqy01,SF,24,NYK,49,16,1013,6.7,13.3,0.508,1.1,3.1,0.36700000000000005,5.6,10.1,0.552,2.6,4.0,0.645,2.3,7.6,9.9,2.5,1.7,0.7,3.2,5.0,17.2,105.0,110.0,2006,Qyntel Woods-2006,0.0,Not Selected,Forward,NYK,0.01869918699186992
2005-06,Metta World Peace,artesro01,SF,26,TOT,56,56,2207,8.3,20.6,0.40399999999999997,1.9,6.0,0.308,6.5,14.6,0.44299999999999995,4.9,7.3,0.675,1.8,5.0,6.8,4.8,2.9,1.0,3.1,3.9,23.4,99.0,103.0,2006,Metta World Peace-2006,0.0,Not Selected,Forward,TOT,0.03333333333333333
2005-06,Antoine Wright,wrighan01,SG,21,NJN,39,0,370,4.2,11.7,0.358,0.1,2.2,0.067,4.0,9.5,0.424,1.6,3.2,0.5,1.2,3.2,4.3,1.7,0.6,0.4,3.0,6.1,10.1,71.0,107.0,2006,Antoine Wright-2006,0.0,Not Selected,Guard,BRK,0.03983739837398374
2005-06,Bracey Wright,wrighbr02,SG,21,MIN,7,0,135,8.4,20.4,0.41200000000000003,2.4,6.8,0.353,6.0,13.6,0.441,5.6,6.4,0.875,1.2,6.0,7.2,2.0,0.4,0.0,3.2,3.2,24.8,101.0,109.0,2006,Bracey Wright-2006,0.0,Not Selected,Guard,MIN,0.026829268292682926
2005-06,Dorell Wright,wrighdo01,SF,20,MIA,20,2,132,7.9,17.1,0.465,1.2,2.4,0.5,6.8,14.7,0.45899999999999996,6.0,6.8,0.882,0.8,11.9,12.7,3.2,1.2,0.4,5.6,4.8,23.0,97.0,103.0,2006,Dorell Wright-2006,0.0,Not Selected,Forward,MIA,0.04227642276422764
2005-06,Lorenzen Wright,wrighlo02,C,30,MEM,78,58,1689,6.4,13.4,0.478,0.0,0.1,0.0,6.4,13.3,0.48,2.2,3.9,0.564,4.7,8.3,13.0,1.6,1.7,1.5,2.2,6.6,15.0,103.0,100.0,2006,Lorenzen Wright-2006,0.0,Not Selected,Center,MEM,0.03983739837398374
2005-06,Derrick Zimmerman,zimmede01,PG,24,NJN,2,0,32,3.3,5.0,0.667,0.0,0.0,0.0,3.3,5.0,0.667,0.0,0.0,0.0,1.7,5.0,6.7,11.7,0.0,0.0,6.7,6.7,6.7,88.0,108.0,2006,Derrick Zimmerman-2006,0.0,Not Selected,Guard,BRK,0.03983739837398374
2006-07,Shareef Abdur-Rahim,abdursh01,C,30,SAC,80,45,2015,7.8,16.4,0.474,0.1,0.5,0.15,7.7,15.9,0.484,4.3,5.9,0.726,3.1,6.9,10.0,2.7,1.3,1.0,2.9,6.1,19.9,103.0,108.0,2007,Shareef Abdur-Rahim-2007,0.0,Not Selected,Center,SAC,0.026829268292682926
2006-07,Hassan Adams,adamsha01,SG,22,NJN,61,8,495,8.0,14.3,0.556,0.0,0.1,0.0,8.0,14.2,0.56,2.5,3.8,0.667,3.7,4.5,8.2,1.4,1.8,0.4,2.3,5.0,18.5,109.0,107.0,2007,Hassan Adams-2007,0.0,Not Selected,Guard,BRK,0.03333333333333333
2006-07,Maurice Ager,agerma01,SG,22,DAL,32,1,214,5.5,17.5,0.314,1.3,3.8,0.33299999999999996,4.3,13.8,0.309,5.0,8.3,0.606,0.3,5.0,5.3,1.8,1.0,0.8,3.8,6.8,17.3,79.0,106.0,2007,Maurice Ager-2007,0.0,Not Selected,Guard,DAL,0.05447154471544716
2006-07,LaMarcus Aldridge,aldrila01,C,21,POR,63,22,1392,9.4,18.7,0.503,0.0,0.1,0.0,9.4,18.6,0.505,3.2,4.5,0.722,5.6,6.6,12.2,0.9,0.9,2.8,1.7,7.3,22.1,113.0,109.0,2007,LaMarcus Aldridge-2007,0.0,Not Selected,Center,POR,0.026016260162601626
2006-07,Malik Allen,allenma01,PF,28,CHI,60,1,638,8.6,20.7,0.415,0.0,0.1,0.0,8.6,20.6,0.41600000000000004,2.2,2.7,0.8240000000000001,3.4,6.2,9.6,1.3,1.4,1.3,1.7,6.8,19.4,96.0,100.0,2007,Malik Allen-2007,0.0,Not Selected,Forward,CHI,0.03983739837398374
2006-07,Ray Allen,allenra02,SG,31,SEA,55,55,2219,11.9,27.2,0.43799999999999994,3.9,10.4,0.37200000000000005,8.0,16.7,0.479,6.6,7.3,0.903,1.3,4.5,5.8,5.4,1.9,0.3,3.6,2.7,34.3,112.0,112.0,2007,Ray Allen-2007,0.0,Not Selected,Guard,OKC,0.025203252032520326
2006-07,Tony Allen,allento01,SG,25,BOS,33,18,805,8.6,16.8,0.514,0.5,2.1,0.242,8.1,14.6,0.5529999999999999,6.8,8.7,0.784,2.3,5.8,8.0,3.6,3.2,0.8,4.9,5.6,24.6,105.0,104.0,2007,Tony Allen-2007,0.0,Not Selected,Guard,BOS,0.01951219512195122
2006-07,Rafer Alston,alstora01,PG,30,HOU,82,82,3040,6.7,17.8,0.375,3.3,9.2,0.363,3.3,8.5,0.389,2.3,3.1,0.7340000000000001,0.5,4.4,4.9,7.7,2.2,0.2,3.0,3.4,18.9,103.0,102.0,2007,Rafer Alston-2007,0.0,Not Selected,Guard,HOU,0.04227642276422764
2006-07,Lou Amundson,amundlo01,PF,24,TOT,11,0,89,3.6,8.9,0.4,0.0,0.0,0.0,3.6,8.9,0.4,2.4,5.9,0.4,7.7,8.9,16.6,0.6,0.6,4.8,3.0,8.9,9.5,91.0,103.0,2007,Lou Amundson-2007,0.0,Not Selected,Forward,TOT,0.03333333333333334
2006-07,Alan Anderson,anderal01,SG,24,CHA,17,0,256,7.5,16.5,0.457,1.0,4.1,0.25,6.5,12.4,0.525,3.9,4.7,0.826,2.2,4.3,6.5,4.3,1.4,0.0,4.5,6.7,20.0,97.0,110.0,2007,Alan Anderson-2007,0.0,Not Selected,Guard,CHO,0.026829268292682926
2006-07,Derek Anderson,anderde01,SF,32,CHA,50,32,1190,5.5,12.9,0.429,2.4,6.7,0.355,3.2,6.2,0.507,4.1,4.6,0.877,1.3,3.7,5.0,5.8,2.3,0.3,2.5,5.0,17.5,116.0,109.0,2007,Derek Anderson-2007,0.0,Not Selected,Forward,CHO,0.026829268292682926
2006-07,Carmelo Anthony,anthoca01,SF,22,DEN,65,65,2486,13.7,28.8,0.47600000000000003,0.8,3.0,0.268,12.9,25.8,0.499,9.1,11.3,0.8079999999999999,2.8,4.9,7.7,4.9,1.5,0.5,4.6,4.0,37.3,109.0,108.0,2007,Carmelo Anthony-2007,3.0,3rd,Forward,DEN,0.036585365853658534
2006-07,Rafael Araújo,araujra01,C,26,UTA,28,0,248,5.7,13.7,0.415,0.0,0.0,0.0,5.7,13.7,0.415,3.8,6.1,0.621,4.6,9.3,13.9,2.1,1.3,0.4,3.6,8.2,15.2,93.0,106.0,2007,Rafael Araújo-2007,0.0,Not Selected,Center,UTA,0.041463414634146344
2006-07,Gilbert Arenas,arenagi01,PG,25,WAS,74,73,2942,11.2,26.8,0.418,3.6,10.1,0.35100000000000003,7.7,16.7,0.45899999999999996,10.5,12.5,0.8440000000000001,1.1,4.8,5.9,7.7,2.4,0.2,4.1,4.3,36.5,115.0,111.0,2007,Gilbert Arenas-2007,2.0,2nd,Guard,WAS,0.03333333333333333
2006-07,Trevor Ariza,arizatr01,SG,21,ORL,57,7,1278,8.4,15.5,0.539,0.0,0.3,0.0,8.4,15.2,0.5489999999999999,4.4,7.1,0.62,4.1,6.3,10.4,2.7,2.5,0.8,3.5,5.6,21.2,108.0,103.0,2007,Trevor Ariza-2007,0.0,Not Selected,Guard,ORL,0.032520325203252036
2006-07,Darrell Armstrong,armstda01,PG,38,IND,81,4,1275,6.4,15.4,0.414,2.9,8.7,0.336,3.4,6.6,0.515,3.0,3.8,0.785,1.4,4.1,5.5,7.8,2.9,0.2,3.1,4.2,18.6,110.0,105.0,2007,Darrell Armstrong-2007,0.0,Not Selected,Guard,IND,0.028455284552845527
2006-07,Hilton Armstrong,armsthi01,C,22,NOK,56,5,634,5.7,10.5,0.544,0.0,0.0,0.0,5.7,10.5,0.544,3.4,5.6,0.597,4.9,7.6,12.5,0.8,1.0,2.2,2.9,6.6,14.8,106.0,105.0,2007,Hilton Armstrong-2007,0.0,Not Selected,Center,NOP,0.03170731707317073
2006-07,Carlos Arroyo,arroyca01,PG,27,ORL,72,5,1304,8.3,19.6,0.425,0.6,2.1,0.275,7.7,17.5,0.44299999999999995,5.4,6.8,0.795,1.3,4.2,5.5,8.3,1.6,0.1,3.7,5.4,22.6,105.0,107.0,2007,Carlos Arroyo-2007,0.0,Not Selected,Guard,ORL,0.032520325203252036
2006-07,Chucky Atkins,atkinch01,PG,32,MEM,75,23,2064,7.7,17.8,0.434,2.9,7.6,0.379,4.8,10.2,0.474,6.3,7.7,0.81,0.4,3.0,3.5,8.6,1.2,0.1,3.2,3.4,24.5,117.0,116.0,2007,Chucky Atkins-2007,0.0,Not Selected,Guard,MEM,0.01788617886178862
2006-07,James Augustine,augusja01,PF,22,ORL,2,0,7,7.6,22.9,0.33299999999999996,0.0,0.0,0.0,7.6,22.9,0.33299999999999996,0.0,0.0,0.0,7.6,15.3,22.9,15.3,0.0,0.0,0.0,15.3,15.3,112.0,102.0,2007,James Augustine-2007,0.0,Not Selected,Forward,ORL,0.032520325203252036
2006-07,Kelenna Azubuike,azubuke01,SG,23,GSW,41,9,669,7.1,15.9,0.445,2.5,5.7,0.43,4.6,10.2,0.45399999999999996,4.4,5.6,0.782,1.9,4.9,6.8,2.0,1.6,0.7,2.8,3.5,21.1,108.0,109.0,2007,Kelenna Azubuike-2007,0.0,Not Selected,Guard,GSW,0.03414634146341464
2006-07,Renaldo Balkman,balkmre01,SF,22,NYK,68,1,1064,6.9,13.7,0.505,0.2,1.3,0.185,6.7,12.3,0.54,2.5,4.5,0.5670000000000001,4.8,9.8,14.6,2.2,2.8,2.2,2.4,7.3,16.6,109.0,102.0,2007,Renaldo Balkman-2007,0.0,Not Selected,Forward,NYK,0.026829268292682926
2006-07,Marcus Banks,banksma01,PG,25,PHO,45,1,503,8.4,19.6,0.429,0.5,2.9,0.172,7.9,16.7,0.473,4.8,6.0,0.8,1.0,2.8,3.8,6.0,2.3,0.3,4.0,7.0,22.1,97.0,108.0,2007,Marcus Banks-2007,0.0,Not Selected,Guard,PHO,0.04959349593495935
2006-07,Leandro Barbosa,barbole01,SG,24,PHO,80,18,2613,10.2,21.3,0.47600000000000003,3.6,8.4,0.434,6.5,12.9,0.504,3.8,4.5,0.845,0.4,3.7,4.1,6.1,1.8,0.3,2.8,4.0,27.7,115.0,108.0,2007,Leandro Barbosa-2007,0.0,Not Selected,Guard,PHO,0.04959349593495935
2006-07,J.J. Barea,bareajo01,PG,22,DAL,33,1,191,7.9,21.9,0.359,1.7,5.9,0.28600000000000003,6.2,16.0,0.386,4.5,6.7,0.667,2.0,5.1,7.0,6.7,0.3,0.3,3.9,5.3,21.9,94.0,108.0,2007,J.J. Barea-2007,0.0,Not Selected,Guard,DAL,0.05447154471544716
2006-07,Andrea Bargnani,bargnan01,PF,21,TOR,65,2,1629,8.5,19.9,0.42700000000000005,3.2,8.5,0.373,5.3,11.4,0.46799999999999997,3.7,4.5,0.8240000000000001,1.7,6.5,8.1,1.6,1.0,1.7,3.4,5.7,23.9,99.0,106.0,2007,Andrea Bargnani-2007,0.0,Not Selected,Forward,TOR,0.038211382113821135
2006-07,Matt Barnes,barnema02,PF,26,GSW,76,23,1813,7.3,16.8,0.43799999999999994,2.8,7.7,0.366,4.5,9.0,0.5,2.4,3.3,0.732,2.4,6.9,9.3,4.2,1.9,1.1,2.8,5.0,19.9,107.0,107.0,2007,Matt Barnes-2007,0.0,Not Selected,Forward,GSW,0.03414634146341464
2006-07,Andre Barrett,barrean01,PG,24,CHI,6,0,29,7.1,14.1,0.5,0.0,0.0,0.0,7.1,14.1,0.5,0.0,0.0,0.0,1.8,7.1,8.8,12.4,0.0,0.0,7.1,7.1,14.1,90.0,104.0,2007,Andre Barrett-2007,0.0,Not Selected,Guard,CHI,0.03983739837398374
2006-07,Earl Barron,barroea01,C,25,MIA,28,0,203,6.3,21.8,0.289,0.0,0.3,0.0,6.3,21.6,0.293,4.5,4.7,0.9440000000000001,5.0,5.8,10.8,1.3,1.6,1.1,2.9,5.5,17.1,81.0,106.0,2007,Earl Barron-2007,0.0,Not Selected,Center,MIA,0.03577235772357724
2006-07,Brent Barry,barrybr01,SG,35,SAS,75,28,1631,6.6,13.9,0.475,4.2,9.4,0.446,2.4,4.5,0.536,3.4,3.8,0.88,0.6,4.7,5.2,4.5,1.8,0.4,2.0,2.9,20.8,126.0,102.0,2007,Brent Barry-2007,0.0,Not Selected,Guard,SAS,0.04715447154471545
2006-07,Brandon Bass,bassbr01,PF,21,NOK,21,3,162,4.9,14.4,0.341,0.0,0.3,0.0,4.9,14.1,0.349,3.9,5.3,0.75,4.3,9.9,14.1,1.0,0.7,1.0,3.3,5.3,13.8,86.0,106.0,2007,Brandon Bass-2007,0.0,Not Selected,Forward,NOP,0.03170731707317073
2006-07,Maceo Baston,bastoma01,PF,31,IND,47,2,405,6.3,9.7,0.645,0.4,0.9,0.429,5.9,8.8,0.667,4.7,6.0,0.787,2.7,6.8,9.5,2.1,1.5,2.3,4.1,8.3,17.7,113.0,104.0,2007,Maceo Baston-2007,0.0,Not Selected,Forward,IND,0.028455284552845527
2006-07,Esteban Batista,batises01,PF,23,ATL,13,0,81,5.3,10.5,0.5,0.0,0.0,0.0,5.3,10.5,0.5,2.6,4.6,0.5710000000000001,4.6,15.1,19.8,2.6,2.0,0.0,2.6,8.6,13.2,105.0,102.0,2007,Esteban Batista-2007,0.0,Not Selected,Forward,ATL,0.024390243902439025
2006-07,Tony Battie,battito01,PF,30,ORL,66,66,1575,6.0,12.2,0.489,0.0,0.0,0.0,6.0,12.2,0.49,1.8,2.6,0.675,3.1,8.5,11.7,1.2,1.0,1.0,2.1,6.3,13.7,103.0,104.0,2007,Tony Battie-2007,0.0,Not Selected,Forward,ORL,0.032520325203252036
2006-07,Shane Battier,battish01,SF,28,HOU,82,82,2988,5.2,11.6,0.446,2.8,6.6,0.42100000000000004,2.4,5.0,0.48,1.6,2.0,0.779,1.2,4.8,6.0,3.1,1.4,1.1,1.3,3.4,14.7,119.0,102.0,2007,Shane Battier-2007,0.0,Not Selected,Forward,HOU,0.04227642276422764
2006-07,Charlie Bell,bellch01,SG,27,MIL,82,64,2848,7.8,17.8,0.43700000000000006,2.3,6.6,0.35200000000000004,5.5,11.2,0.488,2.4,3.1,0.78,1.0,3.3,4.3,4.5,1.8,0.1,1.9,3.9,20.3,110.0,114.0,2007,Charlie Bell-2007,0.0,Not Selected,Guard,MIL,0.022764227642276424
2006-07,Raja Bell,bellra01,SG,30,PHO,78,78,2917,7.1,16.3,0.43200000000000005,3.5,8.5,0.413,3.5,7.8,0.452,2.0,2.6,0.7759999999999999,0.8,3.5,4.3,3.4,0.9,0.4,1.4,4.0,19.7,113.0,110.0,2007,Raja Bell-2007,0.0,Not Selected,Guard,PHO,0.04959349593495935
2006-07,Mike Bibby,bibbymi01,PG,28,SAC,82,82,2784,8.6,21.2,0.40399999999999997,3.1,8.7,0.36,5.4,12.5,0.435,5.2,6.3,0.83,0.7,4.1,4.8,7.1,1.6,0.1,3.6,2.5,25.5,105.0,110.0,2007,Mike Bibby-2007,0.0,Not Selected,Guard,SAC,0.026829268292682926
2006-07,Andris Biedriņš,biedran01,C,20,GSW,82,63,2382,7.1,11.8,0.599,0.0,0.0,0.0,7.1,11.8,0.599,1.8,3.4,0.521,5.1,10.4,15.5,1.8,1.4,2.8,2.4,6.2,15.9,115.0,104.0,2007,Andris Biedriņš-2007,0.0,Not Selected,Center,GSW,0.03414634146341464
2006-07,Chauncey Billups,billuch01,PG,30,DET,70,70,2533,7.6,17.7,0.42700000000000005,2.4,6.9,0.345,5.2,10.8,0.479,8.4,9.5,0.883,0.5,4.6,5.1,10.9,1.8,0.4,3.0,3.5,25.9,123.0,106.0,2007,Chauncey Billups-2007,3.0,3rd,Guard,DET,0.043089430894308944
2006-07,Steve Blake,blakest01,PG,26,TOT,82,42,2225,4.7,11.4,0.41100000000000003,1.5,4.7,0.322,3.2,6.8,0.47200000000000003,1.0,1.4,0.672,0.5,3.3,3.8,9.2,1.4,0.2,2.9,2.7,11.9,103.0,111.0,2007,Steve Blake-2007,0.0,Not Selected,Guard,TOT,0.03333333333333334
2006-07,Will Blalock,blalowi01,PG,23,DET,14,0,166,3.0,9.9,0.3,0.3,1.7,0.2,2.7,8.3,0.32,2.0,2.0,1.0,2.0,3.0,5.0,5.6,1.7,0.0,4.0,3.0,8.3,80.0,108.0,2007,Will Blalock-2007,0.0,Not Selected,Guard,DET,0.043089430894308944
2006-07,Andray Blatche,blatcan01,PF,20,WAS,56,13,682,6.4,14.7,0.43700000000000006,0.3,2.0,0.14800000000000002,6.1,12.7,0.48200000000000004,2.2,3.7,0.612,5.8,8.5,14.3,2.9,1.3,2.4,3.7,7.0,15.4,97.0,108.0,2007,Andray Blatche-2007,0.0,Not Selected,Forward,WAS,0.03333333333333333
2006-07,Mark Blount,blounma01,C,31,MIN,82,81,2544,8.9,17.4,0.509,0.2,0.6,0.29,8.7,16.8,0.517,3.0,4.0,0.754,2.8,7.7,10.5,1.4,0.9,1.2,3.3,5.0,21.0,100.0,108.0,2007,Mark Blount-2007,0.0,Not Selected,Center,MIN,0.026016260162601626
2006-07,Keith Bogans,boganke01,SG,26,ORL,59,18,990,5.3,13.2,0.40399999999999997,2.9,7.4,0.387,2.5,5.8,0.426,2.5,3.4,0.746,0.9,4.2,5.0,3.2,1.5,0.1,2.5,5.3,16.1,106.0,107.0,2007,Keith Bogans-2007,0.0,Not Selected,Guard,ORL,0.032520325203252036
2006-07,Andrew Bogut,bogutan01,C,22,MIL,66,66,2258,8.0,14.5,0.5529999999999999,0.0,0.1,0.2,8.0,14.4,0.556,2.6,4.5,0.5770000000000001,3.9,9.6,13.4,4.6,1.1,0.8,3.5,5.0,18.6,108.0,110.0,2007,Andrew Bogut-2007,0.0,Not Selected,Center,MIL,0.022764227642276424
2006-07,Matt Bonner,bonnema01,PF,26,SAS,56,0,653,8.7,19.4,0.447,2.9,7.7,0.38299999999999995,5.7,11.7,0.49,2.2,3.1,0.711,5.2,7.5,12.8,1.8,1.4,0.9,2.0,5.5,22.5,111.0,100.0,2007,Matt Bonner-2007,0.0,Not Selected,Forward,SAS,0.04715447154471545
2006-07,Josh Boone,boonejo01,PF,22,NJN,61,0,669,7.8,13.4,0.579,0.0,0.0,0.0,7.8,13.4,0.579,4.4,8.1,0.544,5.0,8.8,13.8,0.8,0.9,1.6,2.6,7.4,19.9,111.0,105.0,2007,Josh Boone-2007,0.0,Not Selected,Forward,BRK,0.03333333333333333
2006-07,Calvin Booth,boothca01,C,30,WAS,44,1,380,4.2,8.9,0.47,0.1,0.3,0.5,4.0,8.6,0.469,0.8,1.3,0.6,3.6,7.3,10.9,2.4,0.5,3.9,1.2,9.5,9.3,111.0,109.0,2007,Calvin Booth-2007,0.0,Not Selected,Center,WAS,0.03333333333333333
2006-07,Carlos Boozer,boozeca01,PF,25,UTA,74,74,2557,13.3,23.6,0.561,0.0,0.0,0.0,13.3,23.6,0.561,5.2,7.6,0.685,4.8,13.0,17.8,4.5,1.4,0.4,4.0,4.4,31.7,114.0,104.0,2007,Carlos Boozer-2007,0.0,Not Selected,Forward,UTA,0.041463414634146344
2006-07,Chris Bosh,boshch01,C,22,TOR,69,69,2658,10.6,21.3,0.496,0.2,0.7,0.34299999999999997,10.4,20.7,0.501,9.0,11.5,0.785,3.6,10.8,14.5,3.4,0.8,1.8,3.5,3.2,30.5,112.0,104.0,2007,Chris Bosh-2007,2.0,2nd,Forward,TOR,0.038211382113821135
2006-07,Bruce Bowen,bowenbr01,SF,35,SAS,82,82,2464,4.1,10.1,0.405,1.9,5.0,0.384,2.2,5.1,0.426,0.9,1.6,0.589,0.5,4.3,4.8,2.5,1.3,0.5,1.4,3.8,11.1,101.0,103.0,2007,Bruce Bowen-2007,0.0,Not Selected,Forward,SAS,0.04715447154471545
2006-07,Earl Boykins,boykiea01,PG,30,TOT,66,23,2031,8.1,19.2,0.42,2.4,6.0,0.397,5.7,13.2,0.43,5.5,6.1,0.898,1.2,2.2,3.5,7.3,1.4,0.0,3.0,2.3,24.0,113.0,113.0,2007,Earl Boykins-2007,0.0,Not Selected,Guard,TOT,0.03333333333333334
2006-07,Cedric Bozeman,bozemce01,SG,23,ATL,23,5,199,2.9,10.5,0.282,0.5,3.5,0.154,2.4,7.0,0.34600000000000003,0.5,1.6,0.33299999999999996,0.8,5.4,6.2,2.4,1.3,0.5,2.4,8.6,7.0,66.0,110.0,2007,Cedric Bozeman-2007,0.0,Not Selected,Guard,ATL,0.024390243902439025
2006-07,Elton Brand,brandel01,PF,27,LAC,80,80,3077,11.1,20.8,0.5329999999999999,0.0,0.0,1.0,11.1,20.8,0.532,6.0,7.9,0.7609999999999999,4.6,8.2,12.8,4.0,1.3,3.1,3.5,4.1,28.2,114.0,103.0,2007,Elton Brand-2007,0.0,Not Selected,Forward,LAC,0.032520325203252036
2006-07,Ronnie Brewer,brewero02,SG,21,UTA,56,14,675,7.9,15.0,0.528,0.0,0.7,0.0,7.9,14.3,0.5539999999999999,4.3,6.4,0.675,2.9,3.0,5.8,1.9,2.9,0.5,1.9,3.4,20.2,115.0,107.0,2007,Ronnie Brewer-2007,0.0,Not Selected,Guard,UTA,0.041463414634146344
2006-07,Primož Brezec,brezepr01,C,27,CHA,58,40,838,7.6,17.1,0.445,0.1,0.2,0.33299999999999996,7.5,16.9,0.446,2.7,4.2,0.632,5.0,6.5,11.5,1.4,0.7,1.4,2.4,10.0,17.9,98.0,109.0,2007,Primož Brezec-2007,0.0,Not Selected,Center,CHO,0.026829268292682926
2006-07,Andre Brown,brownan01,PF,25,SEA,38,0,271,8.1,14.3,0.568,0.0,0.2,0.0,8.1,14.1,0.575,1.7,2.9,0.6,5.0,9.3,14.3,0.4,1.2,0.8,5.6,5.0,17.9,92.0,109.0,2007,Andre Brown-2007,0.0,Not Selected,Forward,OKC,0.025203252032520326
2006-07,Dee Brown,brownde03,PG,22,UTA,49,0,450,3.7,11.4,0.327,0.7,3.3,0.214,3.0,8.2,0.371,2.8,4.3,0.649,0.9,3.7,4.7,9.7,2.6,0.8,3.6,5.9,10.9,93.0,107.0,2007,Dee Brown-2007,0.0,Not Selected,Guard,UTA,0.041463414634146344
2006-07,Devin Brown,brownde02,SG,28,NOK,58,49,1662,7.5,17.8,0.42,2.6,7.3,0.35700000000000004,4.9,10.5,0.46299999999999997,3.9,5.0,0.794,1.8,6.3,8.0,4.8,1.4,0.3,2.9,4.4,21.4,109.0,108.0,2007,Devin Brown-2007,0.0,Not Selected,Guard,NOP,0.03170731707317073
2006-07,Kwame Brown,brownkw01,C,24,LAL,41,28,1132,6.5,11.0,0.591,0.0,0.0,0.0,6.5,10.9,0.593,2.7,6.1,0.44,3.7,7.4,11.1,3.4,1.8,2.2,3.4,5.6,15.6,104.0,106.0,2007,Kwame Brown-2007,0.0,Not Selected,Center,LAL,0.03414634146341464
2006-07,P.J. Brown,brownpj01,PF,37,CHI,72,49,1456,6.0,14.7,0.40700000000000003,0.0,0.1,0.0,6.0,14.6,0.409,3.4,4.3,0.787,4.5,7.7,12.2,1.7,0.8,1.8,3.0,6.6,15.3,95.0,100.0,2007,P.J. Brown-2007,0.0,Not Selected,Forward,CHI,0.03983739837398374
2006-07,Shannon Brown,brownsh01,SG,21,CLE,23,5,202,7.3,19.4,0.37799999999999995,1.8,6.5,0.28,5.5,12.8,0.429,2.6,3.7,0.7140000000000001,1.6,3.9,5.5,2.6,1.8,0.8,3.7,6.3,19.1,88.0,103.0,2007,Shannon Brown-2007,0.0,Not Selected,Guard,CLE,0.04065040650406504
2006-07,Kobe Bryant,bryanko01,SG,28,LAL,77,77,3140,13.3,28.7,0.46299999999999997,2.2,6.5,0.344,11.0,22.2,0.49700000000000005,10.9,12.6,0.868,1.2,5.9,7.2,6.7,1.8,0.6,4.2,3.4,39.7,115.0,109.0,2007,Kobe Bryant-2007,1.0,1st,Guard,LAL,0.03414634146341464
2006-07,Greg Buckner,buckngr01,SG,30,DAL,76,11,1372,4.8,11.7,0.41100000000000003,1.3,4.0,0.311,3.6,7.7,0.46399999999999997,1.1,1.3,0.794,1.4,4.8,6.2,2.7,1.8,0.3,1.6,5.9,11.9,102.0,105.0,2007,Greg Buckner-2007,0.0,Not Selected,Guard,DAL,0.05447154471544716
2006-07,Pat Burke,burkepa01,C,33,PHO,23,0,164,7.0,19.9,0.354,1.8,6.7,0.273,5.2,13.2,0.395,2.4,4.0,0.615,3.7,10.7,14.4,1.5,0.9,0.6,2.1,5.8,18.4,91.0,105.0,2007,Pat Burke-2007,0.0,Not Selected,Center,PHO,0.04959349593495935
2006-07,Caron Butler,butleca01,SF,26,WAS,63,63,2474,9.3,20.1,0.46299999999999997,0.4,1.5,0.25,8.9,18.6,0.48,5.8,6.8,0.863,3.0,6.6,9.6,4.8,2.8,0.4,3.7,3.9,24.8,108.0,109.0,2007,Caron Butler-2007,0.0,Not Selected,Forward,WAS,0.03333333333333333
2006-07,Jackie Butler,butleja01,C,21,SAS,11,2,103,8.3,18.2,0.457,0.0,0.0,0.0,8.3,18.2,0.457,4.7,5.2,0.9,3.1,8.3,11.4,2.6,1.0,0.0,5.2,8.3,21.3,93.0,101.0,2007,Jackie Butler-2007,0.0,Not Selected,Center,SAS,0.04715447154471545
2006-07,Rasual Butler,butlera01,SF,27,NOK,81,38,2223,7.5,18.9,0.39799999999999996,3.2,8.7,0.369,4.3,10.2,0.424,1.3,2.1,0.644,1.0,5.1,6.1,1.5,1.0,1.3,1.6,3.5,19.6,102.0,108.0,2007,Rasual Butler-2007,0.0,Not Selected,Forward,NOP,0.03170731707317073
2006-07,Andrew Bynum,bynuman01,C,19,LAL,82,53,1793,7.1,12.7,0.5579999999999999,0.0,0.1,0.0,7.1,12.6,0.561,4.1,6.1,0.6679999999999999,4.0,9.9,13.9,2.7,0.3,3.7,3.3,7.1,18.2,110.0,106.0,2007,Andrew Bynum-2007,0.0,Not Selected,Center,LAL,0.03414634146341464
2006-07,José Calderón,caldejo01,PG,25,TOR,77,11,1614,8.4,16.2,0.521,0.8,2.4,0.33299999999999996,7.6,13.8,0.5529999999999999,3.8,4.6,0.818,0.7,3.6,4.3,12.4,2.0,0.2,3.5,4.4,21.5,117.0,108.0,2007,José Calderón-2007,0.0,Not Selected,Guard,TOR,0.038211382113821135
2006-07,Marcus Camby,cambyma01,C,32,DEN,70,70,2369,6.5,13.7,0.473,0.0,0.0,0.0,6.5,13.7,0.475,3.3,4.6,0.7290000000000001,3.4,13.6,17.0,4.6,1.8,4.8,2.5,3.8,16.3,109.0,97.0,2007,Marcus Camby-2007,0.0,Not Selected,Center,DEN,0.036585365853658534
2006-07,Brian Cardinal,cardibr01,PF,29,MEM,28,1,313,6.9,13.9,0.494,2.9,7.2,0.409,3.9,6.7,0.585,4.1,4.4,0.9259999999999999,2.1,7.5,9.7,5.1,3.6,0.2,3.8,6.9,20.8,118.0,108.0,2007,Brian Cardinal-2007,0.0,Not Selected,Forward,MEM,0.01788617886178862
2006-07,Rodney Carney,carnero01,SF,22,PHI,67,35,1169,8.2,17.7,0.46399999999999997,1.1,3.3,0.34700000000000003,7.1,14.5,0.491,2.4,3.9,0.609,1.8,4.0,5.8,1.2,1.7,1.0,1.9,5.3,20.0,101.0,108.0,2007,Rodney Carney-2007,0.0,Not Selected,Forward,PHI,0.028455284552845527
2006-07,Matt Carroll,carroma01,SG,26,CHA,72,47,1878,7.9,18.3,0.433,3.1,7.4,0.41600000000000004,4.8,10.9,0.445,5.2,5.8,0.904,1.0,4.8,5.7,2.5,1.5,0.2,2.0,4.9,24.1,114.0,110.0,2007,Matt Carroll-2007,0.0,Not Selected,Guard,CHO,0.026829268292682926
2006-07,Anthony Carter,cartean01,PG,31,DEN,2,0,37,4.0,10.7,0.375,0.0,2.7,0.0,4.0,8.0,0.5,0.0,0.0,0.0,0.0,4.0,4.0,14.6,0.0,1.3,8.0,5.3,8.0,74.0,111.0,2007,Anthony Carter-2007,0.0,Not Selected,Guard,DEN,0.036585365853658534
2006-07,Vince Carter,cartevi01,SG,30,NJN,82,82,3126,12.2,26.9,0.45399999999999996,2.6,7.3,0.35700000000000004,9.6,19.5,0.491,7.8,9.7,0.802,1.9,6.4,8.3,6.6,1.4,0.5,3.6,4.5,34.8,111.0,107.0,2007,Vince Carter-2007,0.0,Not Selected,Guard,BRK,0.03333333333333333
2006-07,Sam Cassell,cassesa01,PG,37,LAC,58,30,1407,9.8,23.5,0.418,1.2,4.1,0.294,8.6,19.4,0.444,6.0,6.8,0.879,1.0,5.3,6.3,10.1,1.1,0.3,3.8,4.7,26.8,106.0,109.0,2007,Sam Cassell-2007,0.0,Not Selected,Guard,LAC,0.032520325203252036
2006-07,Kelvin Cato,catoke01,C,32,NYK,18,0,95,3.9,12.2,0.318,0.0,0.0,0.0,3.9,12.2,0.318,4.5,6.7,0.667,6.7,10.6,17.3,0.0,1.7,5.6,3.3,5.6,12.2,88.0,100.0,2007,Kelvin Cato-2007,0.0,Not Selected,Center,NYK,0.026829268292682926
2006-07,Tyson Chandler,chandty01,C,24,NOK,73,73,2525,6.2,9.9,0.624,0.0,0.0,0.0,6.2,9.8,0.625,2.2,4.2,0.527,6.7,12.3,19.0,1.4,0.8,2.7,2.7,5.1,14.5,117.0,103.0,2007,Tyson Chandler-2007,0.0,Not Selected,Center,NOP,0.03170731707317073
2006-07,Josh Childress,childjo01,SG,23,ATL,55,13,2024,6.9,13.6,0.504,0.7,2.0,0.33799999999999997,6.2,11.6,0.5329999999999999,4.4,5.5,0.795,3.2,5.7,9.0,3.3,1.5,0.9,2.1,3.1,18.8,119.0,109.0,2007,Josh Childress-2007,0.0,Not Selected,Guard,ATL,0.024390243902439025
2006-07,Doug Christie,chrisdo01,SG,36,LAC,7,0,82,3.2,11.0,0.294,0.6,3.9,0.16699999999999998,2.6,7.1,0.364,1.3,1.9,0.667,1.9,5.2,7.1,5.2,1.9,0.6,3.2,7.1,8.4,78.0,106.0,2007,Doug Christie-2007,0.0,Not Selected,Guard,LAC,0.032520325203252036
2006-07,Speedy Claxton,claxtsp01,PG,28,ATL,42,31,1054,4.6,14.1,0.327,0.3,1.4,0.214,4.3,12.7,0.34,1.7,3.0,0.55,0.6,3.5,4.1,9.4,3.6,0.2,3.8,6.6,11.2,82.0,107.0,2007,Speedy Claxton-2007,0.0,Not Selected,Guard,ATL,0.024390243902439025
2006-07,Jarron Collins,collija03,C,28,UTA,82,9,913,4.3,9.8,0.441,0.0,0.0,0.0,4.3,9.8,0.441,3.1,4.8,0.6509999999999999,4.1,5.7,9.8,3.4,0.7,0.5,2.1,8.4,11.7,107.0,110.0,2007,Jarron Collins-2007,0.0,Not Selected,Center,UTA,0.041463414634146344
2006-07,Jason Collins,collija04,PF,28,NJN,80,78,1844,1.6,4.3,0.364,0.0,0.1,0.0,1.6,4.2,0.369,1.7,3.6,0.465,2.6,6.4,9.0,1.3,1.1,1.1,2.1,7.8,4.8,83.0,107.0,2007,Jason Collins-2007,0.0,Not Selected,Forward,BRK,0.03333333333333333
2006-07,Mardy Collins,collima01,SF,22,NYK,52,9,777,5.9,15.5,0.382,0.9,3.2,0.27699999999999997,5.0,12.3,0.409,3.3,5.6,0.585,1.9,5.2,7.1,5.6,2.2,0.2,3.9,5.1,16.0,92.0,109.0,2007,Mardy Collins-2007,0.0,Not Selected,Forward,NYK,0.026829268292682926
2006-07,Nick Collison,collini01,C,26,SEA,82,56,2378,7.0,14.0,0.5,0.0,0.0,0.0,7.0,13.9,0.502,3.4,4.4,0.774,5.0,9.6,14.6,1.8,1.1,1.5,2.7,6.4,17.4,110.0,109.0,2007,Nick Collison-2007,0.0,Not Selected,Center,OKC,0.025203252032520326
2006-07,Will Conroy,conrowi01,PG-SG,24,TOT,7,0,52,0.0,3.0,0.0,0.0,0.0,0.0,0.0,3.0,0.0,0.0,4.0,0.0,3.0,4.0,7.0,9.1,0.0,0.0,2.0,7.0,0.0,72.0,114.0,2007,Will Conroy-2007,0.0,Not Selected,Guard,TOT,0.03333333333333334
2006-07,Brian Cook,cookbr01,PF,26,LAL,65,24,1018,9.3,20.6,0.45299999999999996,2.3,5.8,0.4,7.0,14.8,0.474,1.7,2.4,0.723,3.1,7.8,10.8,3.3,1.3,1.4,2.6,6.8,22.7,105.0,108.0,2007,Brian Cook-2007,0.0,Not Selected,Forward,LAL,0.03414634146341464
2006-07,Jamal Crawford,crawfja01,SG,26,NYK,59,36,2198,8.5,21.3,0.4,2.5,7.7,0.32,6.0,13.6,0.445,5.5,6.5,0.838,1.1,3.5,4.5,6.2,1.4,0.2,3.9,2.7,25.0,105.0,112.0,2007,Jamal Crawford-2007,0.0,Not Selected,Guard,NYK,0.026829268292682926
2006-07,Austin Croshere,croshau01,PF,31,DAL,61,2,727,5.8,16.4,0.35100000000000003,1.9,6.7,0.28600000000000003,3.8,9.7,0.397,3.3,3.8,0.865,2.4,11.3,13.7,3.2,1.0,0.4,2.4,5.0,16.7,100.0,102.0,2007,Austin Croshere-2007,0.0,Not Selected,Forward,DAL,0.05447154471544716
2006-07,Eddy Curry,curryed01,C,24,NYK,81,81,2849,10.9,18.9,0.5760000000000001,0.0,0.0,1.0,10.8,18.8,0.575,7.5,12.2,0.615,3.6,7.0,10.6,1.3,0.6,0.7,5.5,4.9,29.3,105.0,110.0,2007,Eddy Curry-2007,0.0,Not Selected,Center,NYK,0.026829268292682926
2006-07,Samuel Dalembert,dalemsa01,C,25,PHI,82,82,2535,7.4,13.7,0.541,0.0,0.0,0.0,7.4,13.7,0.5429999999999999,3.5,4.7,0.746,5.0,10.3,15.3,1.3,1.0,3.3,3.4,6.0,18.4,108.0,103.0,2007,Samuel Dalembert-2007,0.0,Not Selected,Center,PHI,0.028455284552845527
2006-07,Erick Dampier,dampier01,C,31,DAL,76,73,1915,5.9,9.4,0.626,0.0,0.0,0.0,5.9,9.4,0.626,3.3,5.3,0.623,6.1,9.8,15.8,1.2,0.7,2.3,3.0,6.7,15.0,118.0,102.0,2007,Erick Dampier-2007,0.0,Not Selected,Center,DAL,0.05447154471544716
2006-07,Antonio Daniels,daniean01,SG,31,WAS,80,8,1761,5.0,11.3,0.442,0.6,1.8,0.302,4.4,9.4,0.469,6.0,7.2,0.8320000000000001,0.5,3.9,4.4,8.4,1.1,0.3,2.0,2.3,16.5,123.0,114.0,2007,Antonio Daniels-2007,0.0,Not Selected,Guard,WAS,0.03333333333333333
2006-07,Marquis Daniels,daniema01,SG,26,IND,45,4,800,8.4,18.2,0.45899999999999996,0.4,1.7,0.231,8.0,16.5,0.48200000000000004,3.6,5.2,0.7,1.7,3.6,5.3,3.7,1.8,0.5,3.6,3.6,20.8,97.0,108.0,2007,Marquis Daniels-2007,0.0,Not Selected,Guard,IND,0.028455284552845527
2006-07,Baron Davis,davisba01,PG,27,GSW,63,62,2221,9.9,22.4,0.439,1.9,6.1,0.304,8.0,16.3,0.489,6.0,8.0,0.745,1.1,4.9,6.0,11.1,2.9,0.6,4.2,3.9,27.5,109.0,106.0,2007,Baron Davis-2007,0.0,Not Selected,Guard,GSW,0.03414634146341464
2006-07,Dale Davis,davisda01,C,37,DET,46,6,464,3.9,8.8,0.446,0.0,0.0,0.0,3.9,8.8,0.446,2.0,3.1,0.654,7.0,9.2,16.2,1.4,1.2,4.0,1.8,7.0,9.8,112.0,100.0,2007,Dale Davis-2007,0.0,Not Selected,Center,DET,0.043089430894308944
2006-07,Paul Davis,davispa01,C,22,LAC,31,0,180,6.5,15.3,0.423,0.0,0.0,0.0,6.5,15.3,0.423,2.1,2.9,0.7,6.2,6.8,12.9,2.1,1.8,1.5,2.4,8.2,15.0,99.0,105.0,2007,Paul Davis-2007,0.0,Not Selected,Center,LAC,0.032520325203252036
2006-07,Ricky Davis,davisri01,SF,27,MIN,81,81,3021,8.8,19.0,0.465,2.1,5.4,0.397,6.7,13.6,0.49200000000000005,4.2,5.0,0.8390000000000001,0.9,4.6,5.5,6.7,1.4,0.4,3.7,3.3,24.0,108.0,110.0,2007,Ricky Davis-2007,0.0,Not Selected,Forward,MIN,0.026016260162601626
2006-07,Carlos Delfino,delfica01,SG,24,DET,82,1,1372,6.3,15.1,0.415,1.8,5.5,0.33299999999999996,4.4,9.5,0.462,2.8,3.6,0.787,2.7,8.0,10.7,3.5,1.8,0.3,2.4,3.9,17.2,105.0,104.0,2007,Carlos Delfino-2007,0.0,Not Selected,Guard,DET,0.043089430894308944
2006-07,Luol Deng,denglu01,SF,21,CHI,82,82,3071,10.5,20.3,0.517,0.0,0.1,0.14300000000000002,10.5,20.2,0.519,4.7,6.0,0.777,2.5,7.2,9.7,3.4,1.6,0.8,2.6,2.8,25.7,112.0,100.0,2007,Luol Deng-2007,0.0,Not Selected,Forward,CHI,0.03983739837398374
2006-07,Boris Diaw,diawbo01,PF,24,PHO,73,59,2268,6.8,12.6,0.5379999999999999,0.3,1.0,0.33299999999999996,6.4,11.6,0.555,1.8,2.7,0.6829999999999999,2.0,5.0,7.0,7.8,0.6,0.8,3.4,3.9,15.7,111.0,109.0,2007,Boris Diaw-2007,0.0,Not Selected,Forward,PHO,0.04959349593495935
2006-07,Yakhouba Diawara,diawaya01,SG,24,DEN,64,19,1177,4.2,12.2,0.342,2.1,7.1,0.28800000000000003,2.1,5.1,0.418,1.5,2.2,0.66,1.1,3.5,4.6,2.3,1.3,0.3,1.5,5.5,11.9,95.0,110.0,2007,Yakhouba Diawara-2007,0.0,Not Selected,Guard,DEN,0.036585365853658534
2006-07,Dan Dickau,dickada01,PG,28,POR,50,3,444,6.6,18.5,0.358,2.0,7.5,0.262,4.7,11.0,0.42200000000000004,5.1,6.5,0.792,0.9,4.4,5.3,8.6,1.7,0.1,3.3,6.7,20.3,103.0,112.0,2007,Dan Dickau-2007,0.0,Not Selected,Guard,POR,0.026016260162601626
2006-07,Travis Diener,dienetr01,PG,24,ORL,26,0,288,6.3,14.8,0.425,3.3,9.3,0.36,3.0,5.6,0.5329999999999999,2.2,2.8,0.8,0.6,2.8,3.3,6.5,0.7,0.0,2.4,5.0,18.2,115.0,110.0,2007,Travis Diener-2007,0.0,Not Selected,Guard,ORL,0.032520325203252036
2006-07,Ike Diogu,dioguik01,PF,23,TOT,59,2,760,8.5,17.8,0.47700000000000004,0.0,0.0,0.0,8.5,17.8,0.47700000000000004,7.5,9.4,0.8,5.0,8.6,13.6,1.7,0.5,1.7,4.5,8.2,24.5,105.0,106.0,2007,Ike Diogu-2007,0.0,Not Selected,Forward,TOT,0.03333333333333334
2006-07,DeSagana Diop,diopde01,C,25,DAL,81,9,1480,2.6,5.5,0.47,0.0,0.0,0.0,2.6,5.4,0.473,1.7,3.1,0.5579999999999999,6.0,9.9,15.9,1.1,1.4,4.1,2.3,8.8,6.9,107.0,98.0,2007,DeSagana Diop-2007,0.0,Not Selected,Center,DAL,0.05447154471544716
2006-07,Juan Dixon,dixonju01,SG,28,TOT,81,6,1926,8.3,19.5,0.425,2.2,6.3,0.35,6.1,13.2,0.461,2.8,3.2,0.871,0.7,3.6,4.4,3.4,2.1,0.2,2.8,4.9,21.6,100.0,110.0,2007,Juan Dixon-2007,0.0,Not Selected,Guard,TOT,0.03333333333333334
2006-07,Michael Doleac,doleami01,C,29,MIA,56,0,698,6.3,13.4,0.469,0.0,0.1,0.0,6.3,13.3,0.47100000000000003,2.8,3.1,0.878,3.4,8.5,11.9,1.7,1.4,1.1,2.3,7.3,15.3,103.0,104.0,2007,Michael Doleac-2007,0.0,Not Selected,Center,MIA,0.03577235772357724
2006-07,Keyon Dooling,doolike01,SG,26,ORL,66,2,1435,7.0,17.0,0.41,1.2,3.6,0.32299999999999995,5.8,13.5,0.434,4.2,5.2,0.809,0.8,2.4,3.2,4.2,1.9,0.6,2.7,4.7,19.4,102.0,107.0,2007,Keyon Dooling-2007,0.0,Not Selected,Guard,ORL,0.032520325203252036
2006-07,Quincy Douby,doubyqu01,PG,22,SAC,42,0,359,6.8,17.8,0.381,1.7,7.1,0.24,5.1,10.7,0.474,1.6,2.1,0.733,1.6,3.7,5.2,2.1,2.1,0.6,2.1,3.0,16.8,90.0,109.0,2007,Quincy Douby-2007,0.0,Not Selected,Guard,SAC,0.026829268292682926
2006-07,Chris Duhon,duhonch01,PG,24,CHI,78,30,1906,5.3,13.0,0.408,2.4,6.6,0.359,2.9,6.4,0.45799999999999996,2.0,2.7,0.752,0.6,3.9,4.5,8.3,1.9,0.2,2.8,4.0,15.0,108.0,102.0,2007,Chris Duhon-2007,0.0,Not Selected,Guard,CHI,0.03983739837398374
2006-07,Tim Duncan,duncati01,C,30,SAS,80,80,2726,12.1,22.2,0.546,0.0,0.2,0.111,12.1,22.0,0.55,7.1,11.1,0.637,4.2,12.4,16.6,5.4,1.3,3.7,4.4,4.0,31.4,111.0,94.0,2007,Tim Duncan-2007,1.0,1st,Forward,SAS,0.04715447154471545
2006-07,Mike Dunleavy,dunlemi02,SG-PF,26,TOT,82,49,2580,7.5,16.6,0.452,1.4,4.4,0.313,6.1,12.2,0.502,4.1,5.3,0.784,1.6,6.8,8.4,4.5,1.6,0.4,2.9,4.0,20.5,107.0,107.0,2007,Mike Dunleavy-2007,0.0,Not Selected,Forward,TOT,0.03333333333333334
2006-07,Ronald Dupree,duprero01,SF,26,DET,19,0,94,6.4,18.1,0.355,0.0,0.0,0.0,6.4,18.1,0.355,1.8,5.3,0.33299999999999996,2.9,7.0,9.9,2.9,2.9,0.6,1.8,7.0,14.6,82.0,102.0,2007,Ronald Dupree-2007,0.0,Not Selected,Forward,DET,0.043089430894308944
2006-07,Monta Ellis,ellismo01,SG,21,GSW,77,53,2638,8.8,18.5,0.475,0.7,2.6,0.273,8.1,15.9,0.509,5.0,6.6,0.763,1.1,3.3,4.5,5.9,2.4,0.4,4.1,3.9,23.3,104.0,109.0,2007,Monta Ellis-2007,0.0,Not Selected,Guard,GSW,0.03414634146341464
2006-07,Francisco Elson,elsonfr01,C,30,SAS,70,41,1332,5.8,11.3,0.511,0.0,0.1,0.0,5.8,11.2,0.514,2.5,3.2,0.775,3.3,10.2,13.5,2.2,1.2,2.4,3.5,7.4,14.1,100.0,97.0,2007,Francisco Elson-2007,0.0,Not Selected,Center,SAS,0.04715447154471545
2006-07,Melvin Ely,elyme01,PF-C,28,TOT,30,0,309,4.9,13.6,0.363,0.0,0.0,0.0,4.9,13.6,0.363,5.3,8.0,0.66,2.5,6.4,9.0,3.1,1.0,1.4,4.8,8.7,15.1,83.0,107.0,2007,Melvin Ely-2007,0.0,Not Selected,Forward,TOT,0.03333333333333334
2006-07,Maurice Evans,evansma01,SG,28,LAL,76,10,1732,6.9,16.1,0.43200000000000005,1.4,3.9,0.361,5.5,12.1,0.455,3.6,4.6,0.787,2.8,3.8,6.5,2.2,1.1,0.4,1.7,3.7,18.9,109.0,112.0,2007,Maurice Evans-2007,0.0,Not Selected,Guard,LAL,0.03414634146341464
2006-07,Reggie Evans,evansre01,PF,26,DEN,66,11,1127,5.1,9.4,0.544,0.0,0.0,0.0,5.1,9.4,0.544,4.0,8.0,0.49700000000000005,6.8,13.3,20.1,2.0,1.8,0.7,4.2,6.3,14.2,101.0,101.0,2007,Reggie Evans-2007,0.0,Not Selected,Forward,DEN,0.036585365853658534
2006-07,Daniel Ewing,ewingda01,PG,23,LAC,61,3,712,4.8,12.0,0.40399999999999997,1.0,3.3,0.318,3.8,8.7,0.436,2.6,3.3,0.778,0.7,4.8,5.4,6.7,2.4,0.3,3.7,4.6,13.3,94.0,106.0,2007,Daniel Ewing-2007,0.0,Not Selected,Guard,LAC,0.032520325203252036
2006-07,Jordan Farmar,farmajo01,PG,20,LAL,72,2,1090,5.8,13.8,0.42200000000000004,2.1,6.4,0.32799999999999996,3.7,7.4,0.503,1.3,1.8,0.711,1.0,4.6,5.6,6.4,2.1,0.3,3.4,3.6,15.1,99.0,110.0,2007,Jordan Farmar-2007,0.0,Not Selected,Guard,LAL,0.03414634146341464
2006-07,Desmon Farmer,farmede01,SG,25,SEA,8,0,32,8.2,24.5,0.33299999999999996,3.3,13.1,0.25,4.9,11.4,0.429,1.6,1.6,1.0,0.0,1.6,1.6,14.7,1.6,0.0,1.6,3.3,21.2,108.0,114.0,2007,Desmon Farmer-2007,0.0,Not Selected,Guard,OKC,0.025203252032520326
2006-07,Raymond Felton,feltora01,PG,22,CHA,78,75,2832,7.2,18.9,0.384,1.9,5.7,0.33,5.3,13.1,0.40700000000000003,3.8,4.7,0.797,0.9,4.0,4.9,10.0,2.2,0.2,4.2,3.3,20.1,98.0,109.0,2007,Raymond Felton-2007,0.0,Not Selected,Guard,CHO,0.026829268292682926
2006-07,Michael Finley,finlemi01,SF,33,SAS,82,16,1823,8.0,19.4,0.41200000000000003,3.1,8.4,0.364,5.0,11.1,0.44799999999999995,2.6,2.9,0.9179999999999999,1.0,5.5,6.5,3.2,0.9,0.5,1.3,2.2,21.7,108.0,103.0,2007,Michael Finley-2007,0.0,Not Selected,Forward,SAS,0.04715447154471545
2006-07,Derek Fisher,fishede01,SG,32,UTA,82,61,2287,5.9,15.5,0.382,1.1,3.6,0.308,4.8,11.9,0.405,6.0,7.0,0.853,0.7,2.7,3.4,6.3,1.9,0.1,2.7,5.4,18.9,108.0,109.0,2007,Derek Fisher-2007,0.0,Not Selected,Guard,UTA,0.041463414634146344
2006-07,T.J. Ford,fordtj01,PG,23,TOR,75,71,2243,9.1,20.9,0.436,0.5,1.6,0.304,8.6,19.3,0.447,5.5,6.8,0.8190000000000001,1.2,4.2,5.5,13.8,2.3,0.2,5.3,4.3,24.2,103.0,106.0,2007,T.J. Ford-2007,0.0,Not Selected,Guard,TOR,0.038211382113821135
2006-07,Danny Fortson,fortsda01,C,30,SEA,14,6,158,5.0,9.9,0.5,0.0,0.3,0.0,5.0,9.6,0.517,3.3,4.3,0.769,4.3,9.9,14.2,0.3,0.3,0.0,5.0,12.6,13.2,90.0,111.0,2007,Danny Fortson-2007,0.0,Not Selected,Center,OKC,0.025203252032520326
2006-07,Jeff Foster,fosteje01,C,30,IND,75,43,1740,3.6,7.8,0.469,0.0,0.0,0.0,3.6,7.7,0.47100000000000003,2.3,3.6,0.639,7.5,10.6,18.2,1.7,1.9,1.1,2.1,6.0,9.6,113.0,102.0,2007,Jeff Foster-2007,0.0,Not Selected,Center,IND,0.028455284552845527
2006-07,Randy Foye,foyera01,PG,23,MIN,82,12,1879,8.4,19.4,0.434,1.9,5.2,0.368,6.5,14.2,0.45799999999999996,4.6,5.4,0.8540000000000001,1.4,4.7,6.1,6.5,1.5,0.6,4.3,5.2,23.4,102.0,109.0,2007,Randy Foye-2007,0.0,Not Selected,Guard,MIN,0.026016260162601626
2006-07,Adonal Foyle,foylead01,C,31,GSW,48,6,475,4.9,8.7,0.565,0.0,0.0,0.0,4.9,8.7,0.565,1.1,2.5,0.44,5.2,7.6,12.8,1.9,1.1,5.1,2.3,6.2,10.9,110.0,104.0,2007,Adonal Foyle-2007,0.0,Not Selected,Center,GSW,0.03414634146341464
2006-07,Steve Francis,francst01,SG,29,NYK,44,30,1237,6.0,14.7,0.408,1.8,4.7,0.37799999999999995,4.2,9.9,0.42200000000000004,7.5,9.0,0.8290000000000001,1.4,5.3,6.7,7.3,1.8,0.5,4.3,5.4,21.3,111.0,109.0,2007,Steve Francis-2007,0.0,Not Selected,Guard,NYK,0.026829268292682926
2006-07,Matt Freije,freijma01,PF,25,ATL,19,0,147,5.8,19.6,0.29600000000000004,1.1,8.0,0.136,4.7,11.6,0.406,1.8,2.2,0.833,2.9,5.8,8.7,2.5,1.1,0.4,1.1,4.7,14.5,86.0,111.0,2007,Matt Freije-2007,0.0,Not Selected,Forward,ATL,0.024390243902439025
2006-07,Channing Frye,fryech01,PF,23,NYK,72,59,1896,8.3,19.2,0.433,0.1,0.5,0.16699999999999998,8.2,18.7,0.44,2.4,3.0,0.787,2.5,8.5,11.0,1.9,1.0,1.2,2.8,6.0,19.1,95.0,108.0,2007,Channing Frye-2007,0.0,Not Selected,Forward,NYK,0.026829268292682926
2006-07,Dan Gadzuric,gadzuda01,C,28,MIL,54,8,840,6.7,14.1,0.474,0.0,0.1,0.0,6.7,14.0,0.47600000000000003,2.6,5.6,0.467,5.8,9.4,15.2,1.8,1.4,2.0,3.0,8.7,16.0,99.0,108.0,2007,Dan Gadzuric-2007,0.0,Not Selected,Center,MIL,0.022764227642276424
2006-07,Jorge Garbajosa,garbajo01,PF,29,TOR,67,60,1909,6.0,14.4,0.42,1.8,5.2,0.342,4.2,9.1,0.46399999999999997,1.5,2.1,0.731,1.3,7.7,9.0,3.4,2.1,0.4,1.7,2.4,15.4,101.0,105.0,2007,Jorge Garbajosa-2007,0.0,Not Selected,Forward,TOR,0.038211382113821135
2006-07,Francisco García,garcifr01,SF,25,SAC,79,5,1410,5.9,13.6,0.429,1.9,5.4,0.35600000000000004,4.0,8.3,0.47600000000000003,3.4,4.1,0.833,1.9,5.5,7.4,3.1,1.6,1.5,2.5,6.8,17.0,106.0,108.0,2007,Francisco García-2007,0.0,Not Selected,Forward,SAC,0.026829268292682926
2006-07,Kevin Garnett,garneke01,PF,30,MIN,76,76,2995,11.2,23.6,0.47600000000000003,0.2,1.0,0.214,11.0,22.6,0.48700000000000004,7.3,8.8,0.835,3.2,14.0,17.2,5.5,1.6,2.2,3.6,3.2,30.0,110.0,101.0,2007,Kevin Garnett-2007,3.0,3rd,Forward,MIN,0.026016260162601626
2006-07,Pat Garrity,garripa01,PF,30,ORL,33,0,277,4.2,13.5,0.314,2.1,6.2,0.344,2.1,7.3,0.289,3.1,3.5,0.889,2.3,5.8,8.1,2.7,1.3,0.0,2.7,7.1,13.7,95.0,106.0,2007,Pat Garrity-2007,0.0,Not Selected,Forward,ORL,0.032520325203252036
2006-07,Pau Gasol,gasolpa01,C,26,MEM,59,59,2133,11.1,20.6,0.5379999999999999,0.1,0.3,0.273,11.0,20.4,0.542,7.2,9.6,0.748,3.6,10.4,14.0,4.8,0.7,3.0,3.9,3.3,29.5,115.0,109.0,2007,Pau Gasol-2007,0.0,Not Selected,Center,MEM,0.01788617886178862
2006-07,Rudy Gay,gayru01,SF,20,MEM,78,43,2103,7.8,18.5,0.42200000000000004,1.3,3.5,0.364,6.6,15.0,0.436,3.7,5.1,0.727,2.3,6.2,8.5,2.4,1.7,1.8,3.4,4.7,20.6,96.0,111.0,2007,Rudy Gay-2007,0.0,Not Selected,Forward,MEM,0.01788617886178862
2006-07,Mickaël Gelabale,gelabmi01,SF,23,SEA,70,14,1239,5.1,11.1,0.462,0.5,2.0,0.23399999999999999,4.7,9.2,0.512,2.8,3.5,0.805,2.5,4.8,7.3,2.4,1.0,0.9,2.1,4.6,13.5,108.0,113.0,2007,Mickaël Gelabale-2007,0.0,Not Selected,Forward,OKC,0.025203252032520326
2006-07,Devean George,georgde01,SF,29,DAL,60,17,1283,6.1,15.5,0.395,2.2,6.3,0.353,3.9,9.2,0.423,1.5,2.0,0.75,2.4,6.5,8.9,1.4,1.9,1.0,2.1,6.0,15.9,99.0,103.0,2007,Devean George-2007,0.0,Not Selected,Forward,DAL,0.05447154471544716
2006-07,Daniel Gibson,gibsoda01,PG,20,CLE,60,16,988,5.2,12.4,0.424,2.8,6.6,0.419,2.5,5.7,0.43,1.5,2.1,0.718,1.5,3.4,4.9,3.7,1.2,0.4,2.4,5.0,14.8,108.0,105.0,2007,Daniel Gibson-2007,0.0,Not Selected,Guard,CLE,0.04065040650406504
2006-07,Manu Ginóbili,ginobma01,SG,29,SAS,75,36,2060,10.3,22.2,0.46399999999999997,3.3,8.4,0.396,7.0,13.8,0.505,8.3,9.7,0.86,1.5,7.0,8.5,6.8,2.8,0.7,4.1,4.0,32.2,117.0,98.0,2007,Manu Ginóbili-2007,0.0,Not Selected,Guard,SAS,0.04715447154471545
2006-07,Gordan Giriček,giricgo01,SG,29,UTA,61,6,1188,7.8,16.8,0.462,2.3,5.4,0.426,5.5,11.4,0.479,3.1,3.8,0.816,1.1,4.6,5.7,2.8,1.2,0.2,2.8,5.4,21.0,107.0,110.0,2007,Gordan Giriček-2007,0.0,Not Selected,Guard,UTA,0.041463414634146344
2006-07,Andreas Glyniadakis,glynian01,C,25,SEA,13,4,81,5.2,11.0,0.47100000000000003,0.0,0.0,0.0,5.2,11.0,0.47100000000000003,0.6,1.3,0.5,1.3,3.9,5.2,0.6,0.0,0.0,5.8,12.3,11.0,66.0,116.0,2007,Andreas Glyniadakis-2007,0.0,Not Selected,Center,OKC,0.025203252032520326
2006-07,Ryan Gomes,gomesry01,PF,24,BOS,73,60,2275,7.7,16.6,0.467,0.4,1.0,0.381,7.4,15.6,0.473,4.3,5.3,0.8109999999999999,2.9,6.5,9.3,2.7,1.1,0.3,2.4,3.9,20.2,108.0,109.0,2007,Ryan Gomes-2007,0.0,Not Selected,Forward,BOS,0.01951219512195122
2006-07,Drew Gooden,goodedr01,PF,25,CLE,80,80,2238,8.8,18.5,0.473,0.0,0.1,0.16699999999999998,8.7,18.4,0.47600000000000003,3.4,4.7,0.7140000000000001,6.2,9.9,16.1,2.1,1.7,0.7,2.7,5.0,20.9,107.0,100.0,2007,Drew Gooden-2007,0.0,Not Selected,Forward,CLE,0.04065040650406504
2006-07,Ben Gordon,gordobe01,SG,23,CHI,82,51,2704,11.5,25.4,0.455,2.9,7.1,0.413,8.6,18.3,0.47100000000000003,7.2,8.3,0.8640000000000001,0.7,4.2,4.9,5.6,1.2,0.3,4.7,4.8,33.2,108.0,103.0,2007,Ben Gordon-2007,0.0,Not Selected,Guard,CHI,0.03983739837398374
2006-07,Joey Graham,grahajo01,SF,24,TOR,79,21,1319,7.5,15.3,0.495,0.4,1.2,0.29,7.2,14.0,0.513,4.3,5.1,0.84,2.2,7.6,9.7,1.7,1.2,0.2,1.9,6.3,19.8,110.0,107.0,2007,Joey Graham-2007,0.0,Not Selected,Forward,TOR,0.038211382113821135
2006-07,Stephen Graham,grahast01,SG,24,POR,14,1,165,5.6,13.2,0.425,1.0,3.6,0.273,4.6,9.6,0.483,2.6,3.0,0.889,2.0,4.9,6.9,1.6,1.3,0.3,4.3,8.2,14.8,88.0,112.0,2007,Stephen Graham-2007,0.0,Not Selected,Guard,POR,0.026016260162601626
2006-07,Danny Granger,grangda01,SF,23,IND,82,57,2785,7.4,16.2,0.45899999999999996,2.1,5.4,0.382,5.4,10.8,0.49700000000000005,4.4,5.5,0.8029999999999999,2.1,5.0,7.1,2.1,1.2,1.1,2.5,4.6,21.3,111.0,107.0,2007,Danny Granger-2007,0.0,Not Selected,Forward,IND,0.028455284552845527
2006-07,Gerald Green,greenge01,SF,21,BOS,81,26,1780,9.1,21.7,0.419,2.8,7.6,0.368,6.3,14.1,0.447,3.8,4.7,0.805,2.0,4.1,6.1,2.4,1.2,0.7,3.5,5.8,24.7,99.0,109.0,2007,Gerald Green-2007,0.0,Not Selected,Forward,BOS,0.01951219512195122
2006-07,Willie Green,greenwi01,SG,25,PHI,74,36,1842,10.3,24.9,0.41100000000000003,1.5,4.5,0.325,8.8,20.4,0.43,2.1,3.2,0.667,1.2,3.3,4.5,3.2,1.6,0.1,3.0,4.1,24.1,91.0,110.0,2007,Willie Green-2007,0.0,Not Selected,Guard,PHI,0.028455284552845527
2006-07,Orien Greene,greenor01,SG,24,IND,41,0,254,4.7,12.7,0.371,0.4,2.2,0.182,4.3,10.4,0.41200000000000003,3.1,5.1,0.6,2.5,6.5,9.0,4.5,3.5,0.8,5.7,7.8,12.9,78.0,102.0,2007,Orien Greene-2007,0.0,Not Selected,Guard,IND,0.028455284552845527
2006-07,Lynn Greer,greerly01,SG,27,MIL,41,0,432,7.3,17.0,0.433,2.2,6.3,0.34600000000000003,5.2,10.7,0.483,3.2,3.9,0.8440000000000001,0.2,3.0,3.2,6.4,2.0,0.1,2.2,3.9,20.1,112.0,113.0,2007,Lynn Greer-2007,0.0,Not Selected,Guard,MIL,0.022764227642276424
2006-07,Adrian Griffin,griffad01,SF,32,CHI,54,1,585,5.3,11.3,0.473,0.0,0.5,0.0,5.3,10.8,0.496,1.3,1.7,0.789,3.5,6.0,9.6,5.2,2.8,0.4,3.3,6.8,12.0,99.0,98.0,2007,Adrian Griffin-2007,0.0,Not Selected,Forward,CHI,0.03983739837398374
2006-07,Eddie Griffin,griffed01,PF,24,MIN,13,0,92,4.0,15.5,0.259,0.0,0.6,0.0,4.0,14.9,0.26899999999999996,2.3,2.9,0.8,4.0,10.3,14.3,2.3,0.0,4.0,3.4,4.6,10.3,70.0,105.0,2007,Eddie Griffin-2007,0.0,Not Selected,Forward,MIN,0.026016260162601626
2006-07,Mike Hall,hallmi01,SF,22,WAS,2,0,13,3.9,15.7,0.25,0.0,0.0,0.0,3.9,15.7,0.25,0.0,0.0,0.0,3.9,3.9,7.8,3.9,0.0,0.0,0.0,3.9,7.8,82.0,117.0,2007,Mike Hall-2007,0.0,Not Selected,Forward,WAS,0.03333333333333333
2006-07,Richard Hamilton,hamilri01,SG,28,DET,75,75,2763,10.9,23.3,0.46799999999999997,0.9,2.6,0.341,10.0,20.7,0.483,6.9,8.0,0.861,1.5,4.1,5.6,5.7,1.2,0.3,3.2,4.6,29.6,112.0,108.0,2007,Richard Hamilton-2007,0.0,Not Selected,Guard,DET,0.043089430894308944
2006-07,Matt Harpring,harprma01,SF,30,UTA,77,2,1965,8.6,17.5,0.491,0.3,1.0,0.33299999999999996,8.2,16.5,0.501,6.3,8.2,0.767,3.1,6.3,9.4,2.6,1.4,0.3,3.1,6.2,23.8,111.0,108.0,2007,Matt Harpring-2007,0.0,Not Selected,Forward,UTA,0.041463414634146344
2006-07,Al Harrington,harrial01,PF,26,TOT,78,78,2563,9.7,21.1,0.457,2.5,5.7,0.433,7.2,15.4,0.466,3.3,4.7,0.6940000000000001,2.9,6.7,9.7,2.9,1.3,0.5,3.3,5.2,25.1,104.0,108.0,2007,Al Harrington-2007,0.0,Not Selected,Forward,TOT,0.03333333333333334
2006-07,Junior Harrington,harriju01,PG,26,MEM,29,8,543,5.4,12.9,0.41600000000000004,0.7,2.5,0.26899999999999996,4.7,10.5,0.45,2.9,4.3,0.674,1.1,5.3,6.4,8.4,2.0,0.5,4.9,7.5,14.4,92.0,112.0,2007,Junior Harrington-2007,0.0,Not Selected,Guard,MEM,0.01788617886178862
2006-07,Othella Harrington,harriot01,PF,33,CHA,26,0,220,5.9,13.3,0.446,0.0,0.0,0.0,5.9,13.3,0.446,4.0,5.2,0.773,3.1,5.9,9.0,1.4,0.2,0.2,3.6,11.6,15.9,94.0,111.0,2007,Othella Harrington-2007,0.0,Not Selected,Forward,CHO,0.026829268292682926
2006-07,Devin Harris,harride01,PG,23,DAL,80,61,2081,7.5,15.3,0.49200000000000005,0.4,1.3,0.28,7.2,14.0,0.512,5.5,6.7,0.8240000000000001,1.2,3.9,5.0,7.6,2.5,0.5,3.8,6.2,20.9,112.0,104.0,2007,Devin Harris-2007,0.0,Not Selected,Guard,DAL,0.05447154471544716
2006-07,David Harrison,harrida01,C,24,IND,24,2,190,8.2,15.8,0.517,0.0,0.0,0.0,8.2,15.8,0.517,3.0,6.0,0.5,2.5,9.0,11.5,1.6,1.4,3.3,7.1,12.8,19.4,80.0,102.0,2007,David Harrison-2007,0.0,Not Selected,Center,IND,0.028455284552845527
2006-07,Jason Hart,hartja01,PG,28,TOT,36,22,846,6.2,13.9,0.446,0.4,1.8,0.24100000000000002,5.8,12.1,0.47700000000000004,2.6,2.9,0.894,0.9,5.2,6.1,6.4,2.7,0.1,2.4,5.2,15.5,105.0,106.0,2007,Jason Hart-2007,0.0,Not Selected,Guard,TOT,0.03333333333333334
2006-07,Udonis Haslem,hasleud01,PF,26,MIA,79,79,2483,7.6,15.4,0.49200000000000005,0.0,0.1,0.0,7.6,15.3,0.495,3.0,4.4,0.68,4.0,10.0,14.1,2.1,1.1,0.6,2.4,5.1,18.1,106.0,105.0,2007,Udonis Haslem-2007,0.0,Not Selected,Forward,MIA,0.03577235772357724
2006-07,Trenton Hassell,hassetr01,SG,27,MIN,76,68,2223,5.2,10.5,0.49,0.1,0.6,0.24,5.0,9.9,0.505,1.7,2.2,0.7829999999999999,2.0,3.8,5.8,4.8,0.5,0.6,1.9,3.4,12.2,109.0,112.0,2007,Trenton Hassell-2007,0.0,Not Selected,Guard,MIN,0.026016260162601626
2006-07,Chuck Hayes,hayesch01,PF,23,HOU,78,43,1714,5.9,10.3,0.573,0.0,0.0,0.0,5.9,10.3,0.573,1.7,2.7,0.618,6.3,9.8,16.1,1.5,2.2,0.6,2.0,8.7,13.6,119.0,98.0,2007,Chuck Hayes-2007,0.0,Not Selected,Forward,HOU,0.04227642276422764
2006-07,Jarvis Hayes,hayesja01,SF,25,WAS,81,17,1626,7.0,17.1,0.41,2.1,5.7,0.361,5.0,11.4,0.435,2.2,2.6,0.845,1.3,5.3,6.6,2.5,1.5,0.4,1.8,5.0,18.4,104.0,112.0,2007,Jarvis Hayes-2007,0.0,Not Selected,Forward,WAS,0.03333333333333333
2006-07,Brendan Haywood,haywobr01,C,27,WAS,77,49,1740,5.8,10.4,0.5579999999999999,0.0,0.0,0.0,5.8,10.4,0.5579999999999999,3.4,6.2,0.5479999999999999,5.7,8.3,14.0,1.4,1.0,2.6,2.6,6.1,15.0,112.0,109.0,2007,Brendan Haywood-2007,0.0,Not Selected,Center,WAS,0.03333333333333333
2006-07,Luther Head,headlu01,SG,24,HOU,80,10,2211,7.3,16.8,0.43700000000000006,4.2,9.6,0.441,3.1,7.2,0.431,2.0,2.5,0.79,0.7,5.3,6.0,4.6,1.8,0.1,3.3,3.2,20.9,107.0,102.0,2007,Luther Head-2007,0.0,Not Selected,Guard,HOU,0.04227642276422764
2006-07,Alan Henderson,hendeal01,PF,34,PHI,38,5,418,5.4,8.5,0.642,0.0,0.0,0.0,5.4,8.5,0.642,4.2,6.0,0.7020000000000001,6.1,7.5,13.5,1.3,1.1,1.5,1.5,7.8,15.1,136.0,106.0,2007,Alan Henderson-2007,0.0,Not Selected,Forward,PHI,0.028455284552845527
2006-07,Walter Herrmann,herrmwa01,PF,27,CHA,48,12,936,9.7,18.4,0.527,3.0,6.4,0.461,6.7,12.0,0.563,2.3,3.0,0.774,1.6,6.2,7.7,1.4,0.9,0.4,1.8,4.2,24.6,117.0,110.0,2007,Walter Herrmann-2007,0.0,Not Selected,Forward,CHO,0.026829268292682926
2006-07,Nenê,hilarne01,C,24,DEN,64,42,1715,8.4,14.8,0.57,0.0,0.0,0.0,8.4,14.8,0.5710000000000001,5.6,8.1,0.6890000000000001,4.3,8.6,12.9,2.2,1.8,1.7,3.6,6.0,22.5,113.0,104.0,2007,Nenê-2007,0.0,Not Selected,Center,DEN,0.036585365853658534
2006-07,Grant Hill,hillgr01,SG,34,ORL,65,64,2009,9.1,17.5,0.518,0.1,0.3,0.16699999999999998,9.0,17.2,0.525,6.6,8.6,0.765,1.4,4.9,6.3,3.7,1.6,0.7,3.8,3.9,24.8,109.0,106.0,2007,Grant Hill-2007,0.0,Not Selected,Guard,ORL,0.032520325203252036
2006-07,Kirk Hinrich,hinriki01,PG,26,CHI,80,80,2839,8.6,19.2,0.44799999999999995,2.5,6.1,0.415,6.0,13.1,0.46299999999999997,4.3,5.1,0.835,0.6,4.4,4.9,9.0,1.8,0.4,3.4,4.9,24.0,113.0,102.0,2007,Kirk Hinrich-2007,0.0,Not Selected,Guard,CHI,0.03983739837398374
2006-07,Robert Hite,hitero01,SG,23,MIA,12,0,136,7.5,23.5,0.317,2.0,9.0,0.217,5.5,14.5,0.37799999999999995,3.1,4.7,0.667,1.6,4.7,6.3,3.1,1.2,0.8,2.4,3.1,20.0,84.0,108.0,2007,Robert Hite-2007,0.0,Not Selected,Guard,MIA,0.03577235772357724
2006-07,Julius Hodge,hodgeju01,SG,23,TOT,9,1,65,4.7,9.3,0.5,0.0,0.0,0.0,4.7,9.3,0.5,2.3,3.1,0.75,1.6,4.7,6.2,9.3,3.1,0.0,2.3,4.7,11.6,117.0,107.0,2007,Julius Hodge-2007,0.0,Not Selected,Guard,TOT,0.03333333333333334
2006-07,Ryan Hollins,holliry01,C,22,CHA,27,0,185,5.6,10.2,0.556,0.0,0.0,0.0,5.6,10.2,0.556,6.8,11.3,0.6,3.1,5.6,8.7,0.3,1.1,2.0,4.5,11.3,18.0,97.0,108.0,2007,Ryan Hollins-2007,0.0,Not Selected,Center,CHO,0.026829268292682926
2006-07,Robert Horry,horryro01,PF,36,SAS,68,8,1124,4.3,11.9,0.359,2.4,7.1,0.336,1.9,4.9,0.392,1.8,3.0,0.594,3.5,7.4,10.9,3.7,2.1,2.0,2.1,5.0,12.7,104.0,98.0,2007,Robert Horry-2007,0.0,Not Selected,Forward,SAS,0.04715447154471545
2006-07,Eddie House,houseed01,SG,28,NJN,56,1,946,10.0,23.4,0.428,4.2,9.7,0.429,5.8,13.7,0.42700000000000005,1.8,2.0,0.917,0.8,4.3,5.1,3.7,1.5,0.2,1.5,3.8,26.0,107.0,108.0,2007,Eddie House-2007,0.0,Not Selected,Guard,BRK,0.03333333333333333
2006-07,Dwight Howard,howardw01,C,21,ORL,82,82,3023,9.3,15.4,0.603,0.0,0.0,0.5,9.3,15.4,0.603,6.9,11.8,0.586,5.0,12.8,17.8,2.8,1.2,2.8,5.6,4.3,25.5,107.0,99.0,2007,Dwight Howard-2007,3.0,3rd,Center,ORL,0.032520325203252036
2006-07,Josh Howard,howarjo01,SF,26,DAL,70,69,2455,10.8,23.5,0.45899999999999996,2.0,5.2,0.385,8.8,18.3,0.48,5.3,6.4,0.8270000000000001,2.8,7.5,10.4,2.8,1.8,1.2,2.7,3.9,28.8,112.0,102.0,2007,Josh Howard-2007,0.0,Not Selected,Forward,DAL,0.05447154471544716
2006-07,Juwan Howard,howarju01,PF,33,HOU,80,38,2123,7.7,16.6,0.465,0.0,0.0,0.0,7.7,16.6,0.465,3.9,4.7,0.8240000000000001,3.4,8.3,11.7,3.3,0.7,0.2,2.8,5.1,19.3,105.0,103.0,2007,Juwan Howard-2007,0.0,Not Selected,Forward,HOU,0.04227642276422764
2006-07,Troy Hudson,hudsotr01,PG,30,MIN,34,6,554,7.0,18.6,0.379,2.7,7.6,0.35,4.4,11.0,0.4,2.5,3.0,0.813,0.8,3.8,4.6,7.0,1.3,0.2,3.8,2.2,19.2,95.0,111.0,2007,Troy Hudson-2007,0.0,Not Selected,Guard,MIN,0.026016260162601626
2006-07,Larry Hughes,hughela01,SG,28,CLE,70,68,2596,7.8,19.4,0.4,1.5,4.5,0.33299999999999996,6.3,14.9,0.42,4.3,6.3,0.6759999999999999,0.8,4.6,5.4,5.2,1.8,0.5,3.1,3.3,21.3,98.0,103.0,2007,Larry Hughes-2007,0.0,Not Selected,Guard,CLE,0.04065040650406504
2006-07,Kris Humphries,humphkr01,PF,21,TOR,60,2,670,6.7,14.3,0.47,0.0,0.0,0.0,6.7,14.3,0.47,4.1,6.1,0.6709999999999999,6.0,8.4,14.5,1.4,1.1,1.6,2.5,7.6,17.6,107.0,105.0,2007,Kris Humphries-2007,0.0,Not Selected,Forward,TOR,0.038211382113821135
2006-07,Lindsey Hunter,hunteli01,PG,36,DET,52,0,745,6.9,18.0,0.385,2.8,8.8,0.319,4.1,9.2,0.44799999999999995,2.2,2.4,0.909,0.7,2.8,3.5,6.9,2.5,0.5,2.6,4.1,18.9,104.0,106.0,2007,Lindsey Hunter-2007,0.0,Not Selected,Guard,DET,0.043089430894308944
2006-07,Steven Hunter,huntest01,PF,25,PHI,70,41,1605,6.2,10.7,0.5770000000000001,0.0,0.0,0.0,6.2,10.7,0.5770000000000001,2.4,5.0,0.49,3.8,7.3,11.0,0.9,0.4,2.5,2.1,4.5,14.8,108.0,107.0,2007,Steven Hunter-2007,0.0,Not Selected,Forward,PHI,0.028455284552845527
2006-07,Andre Iguodala,iguodan01,SG,23,PHI,76,76,3062,7.7,17.1,0.447,0.8,2.7,0.31,6.8,14.4,0.47200000000000003,7.8,9.5,0.82,1.3,6.2,7.5,7.5,2.6,0.6,4.5,3.5,24.0,107.0,105.0,2007,Andre Iguodala-2007,0.0,Not Selected,Guard,PHI,0.028455284552845527
2006-07,Zydrunas Ilgauskas,ilgauzy01,C,31,CLE,78,78,2130,9.6,19.7,0.485,0.0,0.0,0.0,9.6,19.7,0.486,3.8,4.8,0.807,6.0,8.9,14.9,3.1,1.2,2.4,3.5,6.4,23.0,107.0,99.0,2007,Zydrunas Ilgauskas-2007,0.0,Not Selected,Center,CLE,0.04065040650406504
2006-07,Mile Ilić,ilicmi01,C,22,NJN,5,0,6,0.0,26.3,0.0,0.0,0.0,0.0,0.0,26.3,0.0,0.0,0.0,0.0,0.0,8.8,8.8,0.0,0.0,0.0,26.3,8.8,0.0,0.0,109.0,2007,Mile Ilić-2007,0.0,Not Selected,Center,BRK,0.03333333333333333
2006-07,D.J. Mbenga,mbengdj01,C,26,DAL,21,0,79,3.4,10.9,0.313,0.0,0.0,0.0,3.4,10.9,0.313,4.8,5.4,0.875,2.0,5.4,7.5,4.1,2.0,3.4,3.4,11.5,11.5,91.0,100.0,2007,D.J. Mbenga-2007,0.0,Not Selected,Center,DAL,0.05447154471544716
2006-07,Ersan İlyasova,ilyaser01,PF,19,MIL,66,14,973,7.4,19.4,0.38299999999999995,2.9,7.9,0.365,4.5,11.5,0.395,3.7,4.8,0.787,3.1,7.0,10.1,2.6,1.4,0.9,2.7,7.9,21.5,102.0,111.0,2007,Ersan İlyasova-2007,0.0,Not Selected,Forward,MIL,0.022764227642276424
2006-07,Allen Iverson,iversal01,SG-PG,31,TOT,65,64,2761,10.5,23.8,0.442,1.1,3.6,0.315,9.4,20.2,0.465,8.8,11.1,0.795,0.4,3.1,3.5,8.5,2.2,0.2,4.9,1.7,31.0,106.0,108.0,2007,Allen Iverson-2007,0.0,Not Selected,Guard,TOT,0.03333333333333334
2006-07,Royal Ivey,iveyro01,PG,25,ATL,53,18,539,6.3,14.1,0.44799999999999995,0.5,1.6,0.313,5.8,12.6,0.465,2.4,3.5,0.6859999999999999,1.5,3.6,5.0,4.5,2.4,0.4,3.1,6.1,15.5,97.0,109.0,2007,Royal Ivey-2007,0.0,Not Selected,Guard,ATL,0.024390243902439025
2006-07,Jarrett Jack,jackja01,PG,23,POR,79,79,2651,6.6,14.5,0.45399999999999996,1.3,3.7,0.35,5.3,10.8,0.49,5.0,5.7,0.871,0.4,3.9,4.3,8.5,1.8,0.2,3.8,4.1,19.4,110.0,112.0,2007,Jarrett Jack-2007,0.0,Not Selected,Guard,POR,0.026016260162601626
2006-07,Bobby Jackson,jacksbo01,SG,33,NOK,56,2,1330,8.2,20.7,0.39399999999999996,2.2,6.6,0.327,6.0,14.1,0.425,5.2,6.7,0.774,1.7,5.4,7.1,5.6,2.0,0.2,3.1,3.9,23.7,104.0,107.0,2007,Bobby Jackson-2007,0.0,Not Selected,Guard,NOP,0.03170731707317073
2006-07,Luke Jackson,jackslu02,SF,25,TOT,13,2,138,7.2,16.2,0.442,1.9,6.4,0.294,5.3,9.8,0.5379999999999999,1.9,3.4,0.556,0.8,3.0,3.8,4.9,1.9,0.4,2.6,5.6,18.1,98.0,108.0,2007,Luke Jackson-2007,0.0,Not Selected,Forward,TOT,0.03333333333333334
2006-07,Marc Jackson,jacksma02,PF,32,NOK,56,25,1025,8.3,20.1,0.41,0.0,0.1,0.0,8.3,20.1,0.41100000000000003,4.7,5.3,0.8740000000000001,3.2,6.7,10.0,3.0,1.1,0.4,3.4,4.6,21.2,97.0,108.0,2007,Marc Jackson-2007,0.0,Not Selected,Forward,NOP,0.03170731707317073
2006-07,Stephen Jackson,jacksst02,SF-SG,28,TOT,75,69,2479,8.3,19.0,0.433,2.0,6.3,0.322,6.2,12.8,0.488,4.9,6.0,0.813,1.2,3.2,4.5,5.8,1.7,0.7,3.7,4.0,23.4,105.0,109.0,2007,Stephen Jackson-2007,0.0,Not Selected,Forward,TOT,0.03333333333333334
2006-07,Jerome James,jamesje01,C,31,NYK,41,11,273,6.4,15.3,0.418,0.0,0.0,0.0,6.4,15.3,0.418,1.9,3.5,0.556,4.1,8.7,12.8,0.6,1.2,2.9,4.5,14.1,14.7,81.0,105.0,2007,Jerome James-2007,0.0,Not Selected,Center,NYK,0.026829268292682926
2006-07,LeBron James,jamesle01,SF,22,CLE,78,78,3190,12.8,26.9,0.47600000000000003,1.6,5.1,0.319,11.2,21.7,0.513,8.1,11.6,0.698,1.4,7.3,8.7,7.8,2.1,0.9,4.1,2.8,35.3,112.0,100.0,2007,LeBron James-2007,2.0,2nd,Forward,CLE,0.04065040650406504
2006-07,Mike James,jamesmi01,PG,31,MIN,82,65,2069,7.6,17.9,0.42200000000000004,2.0,5.5,0.37200000000000005,5.5,12.4,0.445,3.9,4.7,0.8370000000000001,0.6,3.5,4.2,7.6,1.4,0.2,3.3,4.4,21.1,105.0,111.0,2007,Mike James-2007,0.0,Not Selected,Guard,MIN,0.026016260162601626
2006-07,Antawn Jamison,jamisan01,PF,30,WAS,70,70,2662,9.8,21.8,0.45,2.6,7.3,0.364,7.2,14.6,0.49200000000000005,4.3,5.9,0.736,2.6,8.2,10.8,2.6,1.5,0.7,2.0,3.7,26.6,113.0,110.0,2007,Antawn Jamison-2007,0.0,Not Selected,Forward,WAS,0.03333333333333333
2006-07,Marko Jarić,jaricma01,SG,28,MIN,70,13,1555,4.6,11.0,0.418,1.1,2.9,0.376,3.5,8.1,0.433,2.3,3.0,0.7609999999999999,1.8,4.4,6.2,4.9,2.5,0.5,3.0,5.8,12.6,99.0,107.0,2007,Marko Jarić-2007,0.0,Not Selected,Guard,MIN,0.026016260162601626
2006-07,Šarūnas Jasikevičius,jasiksa01,SG-PG,30,TOT,63,3,973,6.7,16.8,0.39799999999999996,2.3,6.8,0.33799999999999997,4.4,10.0,0.43799999999999994,4.5,5.0,0.905,0.8,2.8,3.6,9.0,1.4,0.1,4.7,3.9,20.1,103.0,110.0,2007,Šarūnas Jasikevičius-2007,0.0,Not Selected,Guard,TOT,0.03333333333333334
2006-07,Al Jefferson,jeffeal01,C,22,BOS,69,60,2319,10.2,19.8,0.514,0.0,0.0,0.0,10.2,19.8,0.514,4.5,6.6,0.6809999999999999,5.3,11.7,17.0,2.0,1.1,2.4,3.1,5.2,24.9,109.0,103.0,2007,Al Jefferson-2007,0.0,Not Selected,Center,BOS,0.01951219512195122
2006-07,Richard Jefferson,jefferi01,SF,26,NJN,55,53,1956,8.1,17.9,0.456,1.4,3.9,0.359,6.7,14.0,0.483,6.4,8.8,0.733,1.3,5.2,6.4,4.0,0.9,0.2,3.2,3.3,24.1,106.0,109.0,2007,Richard Jefferson-2007,0.0,Not Selected,Forward,BRK,0.03333333333333333
2006-07,Jared Jeffries,jeffrja01,SF,25,NYK,55,43,1307,3.8,8.3,0.461,0.1,0.8,0.1,3.8,7.5,0.5,1.3,2.8,0.456,4.5,5.1,9.6,2.7,1.8,1.2,2.5,6.1,9.0,99.0,108.0,2007,Jared Jeffries-2007,0.0,Not Selected,Forward,NYK,0.026829268292682926
2006-07,Alexander Johnson,johnsal01,PF,23,MEM,59,19,753,6.2,11.5,0.5379999999999999,0.0,0.0,0.0,6.2,11.5,0.5379999999999999,5.3,8.0,0.6609999999999999,3.4,8.9,12.3,1.2,1.7,2.4,3.2,9.3,17.7,107.0,108.0,2007,Alexander Johnson-2007,0.0,Not Selected,Forward,MEM,0.01788617886178862
2006-07,Amir Johnson,johnsam01,PF,19,DET,8,0,124,8.0,14.6,0.545,0.0,1.3,0.0,8.0,13.3,0.6,4.9,6.2,0.7859999999999999,6.7,9.8,16.4,1.3,2.2,5.8,4.0,8.4,20.8,111.0,96.0,2007,Amir Johnson-2007,0.0,Not Selected,Forward,DET,0.043089430894308944
2006-07,Anthony Johnson,johnsan02,PG,32,TOT,67,17,1301,5.8,14.1,0.414,1.0,3.0,0.342,4.8,11.1,0.433,1.9,2.5,0.754,0.9,3.2,4.1,8.3,1.4,0.1,3.1,4.9,14.6,101.0,110.0,2007,Anthony Johnson-2007,0.0,Not Selected,Guard,TOT,0.03333333333333334
2006-07,DerMarr Johnson,johnsde03,SF,26,DEN,39,7,419,5.9,18.1,0.325,2.2,10.3,0.21600000000000003,3.6,7.8,0.47,1.9,2.5,0.762,1.2,5.5,6.7,2.0,1.9,1.4,3.2,4.6,15.9,82.0,106.0,2007,DerMarr Johnson-2007,0.0,Not Selected,Forward,DEN,0.036585365853658534
2006-07,Joe Johnson,johnsjo02,SG,25,ATL,57,57,2359,12.1,25.8,0.47100000000000003,2.7,7.1,0.381,9.4,18.7,0.504,5.3,7.1,0.748,1.2,4.2,5.4,5.6,1.4,0.2,4.0,2.6,32.2,109.0,111.0,2007,Joe Johnson-2007,0.0,Not Selected,Guard,ATL,0.024390243902439025
2006-07,Linton Johnson,johnsli01,PF,26,NOK,54,0,720,6.9,14.0,0.489,0.7,2.2,0.33299999999999996,6.1,11.8,0.519,2.2,2.7,0.8109999999999999,3.8,8.2,12.0,1.3,2.4,1.3,2.0,7.5,16.7,111.0,103.0,2007,Linton Johnson-2007,0.0,Not Selected,Forward,NOP,0.03170731707317073
2006-07,Bobby Jones,jonesbo02,SF,23,PHI,44,5,336,6.8,14.6,0.462,0.2,1.4,0.111,6.6,13.2,0.5,3.6,6.5,0.561,3.5,5.5,9.0,2.5,1.7,0.2,2.8,9.3,17.3,99.0,108.0,2007,Bobby Jones-2007,0.0,Not Selected,Forward,PHI,0.028455284552845527
2006-07,Dahntay Jones,jonesda02,SG,26,MEM,78,25,1671,6.8,14.1,0.47700000000000004,0.2,0.4,0.41700000000000004,6.6,13.8,0.479,4.2,5.3,0.7929999999999999,1.4,3.3,4.7,2.1,1.2,0.7,2.8,5.9,17.9,102.0,115.0,2007,Dahntay Jones-2007,0.0,Not Selected,Guard,MEM,0.01788617886178862
2006-07,Damon Jones,jonesda01,PG,30,CLE,60,0,1173,6.2,16.0,0.386,4.0,10.4,0.385,2.2,5.6,0.387,1.4,2.0,0.682,0.4,2.6,3.0,4.2,0.7,0.1,1.6,2.4,17.7,109.0,107.0,2007,Damon Jones-2007,0.0,Not Selected,Guard,CLE,0.04065040650406504
2006-07,Dwayne Jones,jonesdw02,PF,23,CLE,4,0,18,0.0,2.9,0.0,0.0,0.0,0.0,0.0,2.9,0.0,8.8,17.6,0.5,2.9,14.7,17.6,0.0,0.0,0.0,5.9,8.8,8.8,64.0,101.0,2007,Dwayne Jones-2007,0.0,Not Selected,Forward,CLE,0.04065040650406504
2006-07,Eddie Jones,jonesed02,SG,35,TOT,64,41,1594,5.9,13.9,0.42200000000000004,2.6,7.3,0.35100000000000003,3.3,6.6,0.5,1.9,2.5,0.787,1.0,5.2,6.3,3.6,2.2,0.3,1.6,4.1,16.3,111.0,108.0,2007,Eddie Jones-2007,0.0,Not Selected,Guard,TOT,0.03333333333333334
2006-07,Fred Jones,jonesfr01,SG,27,TOT,63,12,1319,5.6,14.4,0.385,1.6,5.1,0.305,4.0,9.3,0.429,3.8,4.6,0.833,0.9,3.7,4.6,4.3,1.9,0.6,2.7,4.8,16.5,99.0,109.0,2007,Fred Jones-2007,0.0,Not Selected,Guard,TOT,0.03333333333333334
2006-07,James Jones,jonesja02,SF,26,PHO,76,7,1376,5.9,16.0,0.368,3.3,8.7,0.37799999999999995,2.6,7.4,0.35600000000000004,2.6,3.0,0.877,1.2,5.2,6.4,1.6,1.0,1.5,1.0,4.2,17.7,106.0,108.0,2007,James Jones-2007,0.0,Not Selected,Forward,PHO,0.04959349593495935
2006-07,Jumaine Jones,jonesju01,SF,27,PHO,18,0,138,5.1,18.5,0.275,3.6,11.6,0.313,1.5,6.9,0.21100000000000002,0.7,0.7,1.0,2.2,6.2,8.4,0.4,1.8,0.4,2.5,6.9,14.5,77.0,106.0,2007,Jumaine Jones-2007,0.0,Not Selected,Forward,PHO,0.04959349593495935
2006-07,Solomon Jones,jonesso01,PF,22,ATL,58,8,666,5.2,10.3,0.508,0.0,0.1,0.0,5.2,10.2,0.512,4.7,6.0,0.787,3.9,7.0,10.9,0.9,0.9,3.4,2.0,9.9,15.1,116.0,107.0,2007,Solomon Jones-2007,0.0,Not Selected,Forward,ATL,0.024390243902439025
2006-07,Chris Kaman,kamanch01,C,24,LAC,75,66,2176,7.1,15.8,0.451,0.0,0.0,0.0,7.1,15.8,0.452,4.0,5.4,0.741,3.9,10.4,14.3,1.9,1.0,2.8,3.6,6.1,18.3,97.0,103.0,2007,Chris Kaman-2007,0.0,Not Selected,Center,LAC,0.032520325203252036
2006-07,Jason Kapono,kaponja01,SF,25,MIA,67,35,1767,8.4,17.0,0.494,3.3,6.3,0.514,5.1,10.7,0.48200000000000004,2.0,2.2,0.892,0.8,4.7,5.4,2.4,1.1,0.1,2.1,4.1,22.0,114.0,109.0,2007,Jason Kapono-2007,0.0,Not Selected,Forward,MIA,0.03577235772357724
2006-07,Viktor Khryapa,khryavi01,PF,24,CHI,33,0,231,6.0,15.5,0.386,0.0,1.3,0.0,6.0,14.2,0.42200000000000004,4.2,5.8,0.731,4.4,8.2,12.6,4.7,2.2,0.2,3.6,11.8,16.2,96.0,98.0,2007,Viktor Khryapa-2007,0.0,Not Selected,Forward,CHI,0.03983739837398374
2006-07,Jason Kidd,kiddja01,PG,33,NJN,80,80,2933,6.6,16.3,0.406,2.2,6.5,0.34299999999999997,4.4,9.8,0.44799999999999995,3.2,4.1,0.778,2.4,9.3,11.7,13.2,2.3,0.4,3.8,2.6,18.6,111.0,103.0,2007,Jason Kidd-2007,0.0,Not Selected,Guard,BRK,0.03333333333333333
2006-07,Tarence Kinsey,kinseta01,SG,22,MEM,48,12,967,7.4,16.1,0.457,0.7,2.4,0.28300000000000003,6.7,13.7,0.488,4.1,5.2,0.7959999999999999,1.5,3.6,5.1,2.2,2.8,0.1,2.4,3.0,19.6,104.0,112.0,2007,Tarence Kinsey-2007,0.0,Not Selected,Guard,MEM,0.01788617886178862
2006-07,Andrei Kirilenko,kirilan01,SF,25,UTA,70,70,2049,5.0,10.7,0.47100000000000003,0.4,1.9,0.213,4.6,8.8,0.528,4.5,6.1,0.728,2.3,6.2,8.4,5.2,1.9,3.7,3.5,4.4,14.9,106.0,103.0,2007,Andrei Kirilenko-2007,0.0,Not Selected,Forward,UTA,0.041463414634146344
2006-07,Linas Kleiza,kleizli01,PF,22,DEN,79,14,1488,6.6,15.7,0.42200000000000004,2.7,7.3,0.376,3.9,8.4,0.462,3.8,4.5,0.852,2.5,6.3,8.8,1.5,0.9,0.5,2.6,6.6,19.8,108.0,108.0,2007,Linas Kleiza-2007,0.0,Not Selected,Forward,DEN,0.036585365853658534
2006-07,Brevin Knight,knighbr01,PG,31,CHA,45,25,1273,6.2,14.9,0.419,0.0,0.7,0.055999999999999994,6.2,14.1,0.43799999999999994,4.2,5.2,0.805,0.6,4.1,4.7,12.1,2.7,0.1,3.9,4.6,16.7,103.0,108.0,2007,Brevin Knight-2007,0.0,Not Selected,Guard,CHO,0.026829268292682926
2006-07,Yaroslav Korolev,korolya01,SF,19,LAC,10,0,41,5.2,20.6,0.25,1.3,6.4,0.2,3.9,14.2,0.273,3.9,7.7,0.5,1.3,2.6,3.9,5.2,3.9,0.0,1.3,0.0,15.5,79.0,105.0,2007,Yaroslav Korolev-2007,0.0,Not Selected,Forward,LAC,0.032520325203252036
2006-07,Kyle Korver,korveky01,SF,25,PHI,74,1,2288,8.6,19.5,0.44,3.1,7.1,0.43,5.6,12.4,0.446,4.4,4.8,0.914,0.7,5.3,6.0,2.4,1.3,0.5,2.7,4.3,24.7,109.0,109.0,2007,Kyle Korver-2007,0.0,Not Selected,Forward,PHI,0.028455284552845527
2006-07,Nenad Krstić,krstine01,C,23,NJN,26,26,848,10.5,20.0,0.526,0.0,0.1,0.0,10.5,20.0,0.528,5.3,7.5,0.711,3.2,7.7,10.9,2.9,0.6,1.5,3.2,5.5,26.4,107.0,107.0,2007,Nenad Krstić-2007,0.0,Not Selected,Center,BRK,0.03333333333333333
2006-07,Raef LaFrentz,lafrera01,PF,30,POR,27,9,352,6.0,15.7,0.382,0.3,3.6,0.087,5.7,12.2,0.46799999999999997,3.1,4.0,0.769,3.9,6.9,10.8,1.2,1.1,1.7,2.0,8.8,15.4,96.0,110.0,2007,Raef LaFrentz-2007,0.0,Not Selected,Forward,POR,0.026016260162601626
2006-07,James Lang,langja01,C,23,WAS,11,0,55,3.7,8.3,0.444,0.0,0.0,0.0,3.7,8.3,0.444,2.8,4.6,0.6,4.6,5.6,10.2,1.9,0.0,2.8,1.9,13.0,10.2,107.0,112.0,2007,James Lang-2007,0.0,Not Selected,Center,WAS,0.03333333333333333
2006-07,David Lee,leeda02,PF,23,NYK,58,12,1731,7.3,12.2,0.6,0.0,0.0,0.0,7.3,12.2,0.6,4.3,5.3,0.815,6.0,12.4,18.4,3.2,1.5,0.7,2.8,4.7,19.0,127.0,105.0,2007,David Lee-2007,0.0,Not Selected,Forward,NYK,0.026829268292682926
2006-07,Rashard Lewis,lewisra02,SF,27,SEA,60,60,2348,10.3,22.4,0.461,3.4,8.6,0.39,6.9,13.8,0.505,5.9,7.0,0.841,2.0,6.8,8.8,3.2,1.5,0.9,2.6,3.2,29.9,117.0,110.0,2007,Rashard Lewis-2007,0.0,Not Selected,Forward,OKC,0.025203252032520326
2006-07,Randy Livingston,livinra01,PG,31,SEA,4,0,26,0.0,6.0,0.0,0.0,0.0,0.0,0.0,6.0,0.0,0.0,0.0,0.0,2.0,0.0,2.0,8.0,0.0,0.0,2.0,4.0,0.0,61.0,119.0,2007,Randy Livingston-2007,0.0,Not Selected,Guard,OKC,0.025203252032520326
2006-07,Shaun Livingston,livinsh01,PG,21,LAC,54,31,1611,6.8,14.7,0.46299999999999997,0.2,0.5,0.313,6.7,14.2,0.469,2.7,3.8,0.7070000000000001,1.8,4.2,6.0,9.0,1.9,1.0,3.5,4.4,16.5,103.0,107.0,2007,Shaun Livingston-2007,0.0,Not Selected,Guard,LAC,0.032520325203252036
2006-07,Kyle Lowry,lowryky01,PG,20,MEM,10,0,175,4.1,11.1,0.368,0.9,2.3,0.375,3.2,8.8,0.36700000000000005,7.3,8.2,0.893,3.5,5.6,9.1,9.4,4.1,0.3,3.5,5.9,16.4,118.0,108.0,2007,Kyle Lowry-2007,0.0,Not Selected,Guard,MEM,0.01788617886178862
2006-07,John Lucas III,lucasjo02,PG,24,HOU,47,0,383,8.6,21.6,0.397,2.1,8.2,0.254,6.5,13.4,0.485,2.1,2.6,0.789,1.2,3.7,5.0,4.6,2.3,0.0,2.1,5.3,21.3,99.0,102.0,2007,John Lucas III-2007,0.0,Not Selected,Guard,HOU,0.04227642276422764
2006-07,Tyronn Lue,luety01,PG,29,ATL,56,17,1488,7.8,18.8,0.41600000000000004,2.0,5.8,0.348,5.8,13.0,0.446,5.2,5.8,0.883,0.7,3.0,3.7,7.2,0.9,0.0,3.0,3.6,22.8,110.0,113.0,2007,Tyronn Lue-2007,0.0,Not Selected,Guard,ATL,0.024390243902439025
2006-07,Mark Madsen,madsema01,C,31,MIN,56,0,473,2.6,4.8,0.535,0.0,0.0,0.0,2.6,4.8,0.535,1.7,3.2,0.517,3.9,5.8,9.7,1.1,1.1,1.1,2.3,11.2,6.8,100.0,108.0,2007,Mark Madsen-2007,0.0,Not Selected,Center,MIN,0.026016260162601626
2006-07,Corey Maggette,maggeco01,SF,27,LAC,75,31,2291,8.5,18.7,0.45399999999999996,0.3,1.5,0.2,8.2,17.2,0.47600000000000003,12.0,14.6,0.82,2.1,8.1,10.2,4.8,1.5,0.3,4.6,5.6,29.2,110.0,106.0,2007,Corey Maggette-2007,0.0,Not Selected,Forward,LAC,0.032520325203252036
2006-07,Jamaal Magloire,magloja01,C,28,POR,81,23,1703,6.4,12.6,0.504,0.0,0.0,0.0,6.4,12.6,0.504,4.2,7.7,0.541,4.8,10.9,15.7,1.0,0.7,2.1,4.1,7.2,16.9,96.0,108.0,2007,Jamaal Magloire-2007,0.0,Not Selected,Center,POR,0.026016260162601626
2006-07,Renaldo Major,majorre01,PF,24,GSW,1,0,27,3.6,17.9,0.2,0.0,0.0,0.0,3.6,17.9,0.2,1.8,3.6,0.5,0.0,3.6,3.6,0.0,3.6,0.0,1.8,7.2,9.0,47.0,106.0,2007,Renaldo Major-2007,0.0,Not Selected,Forward,GSW,0.03414634146341464
2006-07,Stephon Marbury,marbust01,PG,29,NYK,74,74,2748,7.6,18.3,0.415,2.4,6.6,0.35700000000000004,5.2,11.7,0.44799999999999995,5.7,7.4,0.769,0.7,3.4,4.1,7.8,1.4,0.2,3.4,3.6,23.3,111.0,112.0,2007,Stephon Marbury-2007,0.0,Not Selected,Guard,NYK,0.026829268292682926
2006-07,Shawn Marion,mariosh01,SF,28,PHO,80,80,3010,9.4,17.9,0.524,1.3,4.2,0.317,8.0,13.7,0.5870000000000001,3.4,4.1,0.81,2.9,10.2,13.1,2.2,2.6,2.0,1.9,3.6,23.4,118.0,100.0,2007,Shawn Marion-2007,0.0,Not Selected,Forward,PHO,0.04959349593495935
2006-07,Damir Markota,markoda01,PF,21,MIL,30,0,170,5.8,15.9,0.365,1.8,4.9,0.375,4.0,11.0,0.361,2.1,3.4,0.636,3.4,6.1,9.5,1.8,0.9,0.3,4.6,6.7,15.6,83.0,113.0,2007,Damir Markota-2007,0.0,Not Selected,Forward,MIL,0.022764227642276424
2006-07,Sean Marks,marksse01,PF,31,PHO,3,0,17,5.9,17.7,0.33299999999999996,0.0,3.0,0.0,5.9,14.8,0.4,5.9,5.9,1.0,0.0,8.9,8.9,0.0,0.0,3.0,0.0,11.8,17.7,95.0,106.0,2007,Sean Marks-2007,0.0,Not Selected,Forward,PHO,0.04959349593495935
2006-07,Donyell Marshall,marshdo01,PF,33,CLE,81,0,1360,8.1,19.2,0.424,3.7,10.5,0.35100000000000003,4.4,8.6,0.514,2.1,3.1,0.6629999999999999,3.3,9.2,12.6,1.8,1.5,1.7,2.6,5.1,22.0,106.0,99.0,2007,Donyell Marshall-2007,0.0,Not Selected,Forward,CLE,0.04065040650406504
2006-07,Rawle Marshall,marshra01,SG,24,IND,40,2,361,4.6,12.8,0.36,0.6,2.6,0.222,4.0,10.2,0.39399999999999996,4.5,6.5,0.6890000000000001,1.2,3.0,4.2,1.9,1.7,0.7,2.7,3.2,14.2,89.0,108.0,2007,Rawle Marshall-2007,0.0,Not Selected,Guard,IND,0.028455284552845527
2006-07,Darrick Martin,martida01,PG,35,TOR,31,0,220,7.8,22.2,0.35100000000000003,3.1,8.7,0.35100000000000003,4.7,13.4,0.35100000000000003,3.5,4.9,0.7140000000000001,0.5,2.4,2.8,10.1,0.7,0.0,2.8,5.2,22.2,99.0,111.0,2007,Darrick Martin-2007,0.0,Not Selected,Guard,TOR,0.038211382113821135
2006-07,Kenyon Martin,martike01,PF,29,DEN,2,2,63,6.3,12.5,0.5,0.0,0.8,0.0,6.3,11.7,0.5329999999999999,2.3,9.4,0.25,4.7,10.9,15.6,0.8,0.0,0.0,3.9,7.8,14.9,83.0,107.0,2007,Kenyon Martin-2007,0.0,Not Selected,Forward,DEN,0.036585365853658534
2006-07,Kevin Martin,martike02,SG,23,SAC,80,80,2818,9.1,19.2,0.473,2.3,6.0,0.381,6.8,13.2,0.515,8.6,10.2,0.8440000000000001,1.2,4.9,6.1,3.1,1.8,0.2,2.4,3.3,29.1,120.0,109.0,2007,Kevin Martin-2007,0.0,Not Selected,Guard,SAC,0.026829268292682926
2006-07,Desmond Mason,masonde01,SF,29,NOK,75,75,2575,8.4,18.6,0.452,0.0,0.0,0.0,8.4,18.6,0.452,4.4,6.7,0.6629999999999999,2.6,4.6,7.1,2.4,1.1,0.5,4.0,3.6,21.2,95.0,109.0,2007,Desmond Mason-2007,0.0,Not Selected,Forward,NOP,0.03170731707317073
2006-07,Roger Mason,masonro01,SG,26,WAS,62,0,492,6.1,18.6,0.33,3.4,10.6,0.324,2.7,8.0,0.33799999999999997,1.5,1.7,0.875,0.7,3.9,4.7,3.6,1.3,0.6,2.0,6.8,17.1,95.0,113.0,2007,Roger Mason-2007,0.0,Not Selected,Guard,WAS,0.03333333333333333
2006-07,Jason Maxiell,maxieja01,C,23,DET,67,8,943,7.6,15.3,0.5,0.0,0.0,0.0,7.6,15.3,0.5,4.2,8.0,0.526,5.1,5.7,10.8,0.8,1.7,3.5,3.1,6.4,19.5,101.0,102.0,2007,Jason Maxiell-2007,0.0,Not Selected,Center,DET,0.043089430894308944
2006-07,Sean May,mayse01,PF,22,CHA,35,8,838,10.2,20.4,0.5,0.1,0.2,0.667,10.1,20.2,0.498,5.4,7.0,0.768,4.5,10.0,14.5,4.1,1.2,1.5,3.5,6.2,25.9,109.0,106.0,2007,Sean May-2007,0.0,Not Selected,Forward,CHO,0.026829268292682926
2006-07,Rashad McCants,mccanra01,SG,22,MIN,37,0,554,5.9,16.9,0.35,1.9,7.1,0.267,4.0,9.7,0.41200000000000003,3.8,5.5,0.69,1.3,3.1,4.5,3.6,2.5,0.7,3.8,6.8,17.5,87.0,108.0,2007,Rashad McCants-2007,0.0,Not Selected,Guard,MIN,0.026016260162601626
2006-07,Chris McCray,mccrach01,SG,22,MIL,5,0,12,0.0,13.0,0.0,0.0,0.0,0.0,0.0,13.0,0.0,0.0,0.0,0.0,0.0,0.0,0.0,0.0,0.0,0.0,8.7,4.3,0.0,0.0,120.0,2007,Chris McCray-2007,0.0,Not Selected,Guard,MIL,0.022764227642276424
2006-07,Antonio McDyess,mcdyean01,PF,32,DET,82,3,1729,9.0,17.2,0.526,0.0,0.0,0.0,9.0,17.2,0.526,3.1,4.4,0.691,5.2,10.5,15.8,2.3,1.9,2.1,2.4,7.6,21.1,113.0,100.0,2007,Antonio McDyess-2007,0.0,Not Selected,Forward,DET,0.043089430894308944
2006-07,Ivan McFarlin,mcfariv01,PF,24,PHI,11,0,41,6.5,16.8,0.385,0.0,1.3,0.0,6.5,15.5,0.41700000000000004,6.5,9.0,0.7140000000000001,9.0,5.2,14.2,1.3,0.0,0.0,1.3,10.3,19.4,112.0,112.0,2007,Ivan McFarlin-2007,0.0,Not Selected,Forward,PHI,0.028455284552845527
2006-07,Tracy McGrady,mcgratr01,SG,27,HOU,71,71,2539,13.3,30.8,0.431,2.6,7.9,0.331,10.7,22.9,0.466,7.2,10.2,0.7070000000000001,1.2,6.7,7.9,9.5,1.9,0.8,4.4,2.8,36.4,106.0,100.0,2007,Tracy McGrady-2007,2.0,2nd,Guard,HOU,0.04227642276422764
2006-07,Jeff McInnis,mcinnje01,PG,32,CHA,38,3,702,5.3,13.4,0.392,0.1,0.6,0.125,5.2,12.9,0.405,1.6,2.4,0.688,1.0,3.6,4.6,9.2,1.0,0.0,3.1,5.4,12.3,93.0,112.0,2007,Jeff McInnis-2007,0.0,Not Selected,Guard,CHO,0.026829268292682926
2006-07,Aaron McKie,mckieaa01,SF,34,LAL,10,0,131,4.3,6.7,0.647,0.0,0.0,0.0,4.3,6.7,0.647,0.0,0.0,0.0,0.4,6.7,7.1,5.1,1.6,0.0,3.1,5.5,8.6,101.0,110.0,2007,Aaron McKie-2007,0.0,Not Selected,Forward,LAL,0.03414634146341464
2006-07,Keith McLeod,mcleoke01,PG,27,TOT,48,9,718,5.1,13.1,0.38799999999999996,1.1,3.1,0.35600000000000004,4.0,10.0,0.39899999999999997,4.8,5.4,0.885,0.3,2.7,3.0,6.3,1.7,0.3,3.2,3.6,16.1,103.0,110.0,2007,Keith McLeod-2007,0.0,Not Selected,Guard,TOT,0.03333333333333334
2006-07,Stanislav Medvedenko,medvest01,C,27,ATL,14,0,81,7.9,19.1,0.414,0.7,1.3,0.5,7.2,17.8,0.40700000000000003,11.2,13.2,0.85,2.6,6.6,9.2,1.3,0.0,1.3,3.3,10.5,27.7,110.0,111.0,2007,Stanislav Medvedenko-2007,0.0,Not Selected,Center,ATL,0.024390243902439025
2006-07,Pops Mensah-Bonsu,mensapo01,PF,23,DAL,12,0,71,8.3,12.8,0.647,0.0,0.0,0.0,8.3,12.8,0.647,5.3,13.6,0.389,6.8,9.1,15.9,0.0,0.8,0.0,6.8,6.0,21.9,92.0,105.0,2007,Pops Mensah-Bonsu-2007,0.0,Not Selected,Forward,DAL,0.05447154471544716
2006-07,C.J. Miles,milescj01,SG,19,UTA,37,13,373,5.6,16.3,0.345,1.0,4.5,0.21899999999999997,4.6,11.8,0.39299999999999996,2.0,3.2,0.609,1.5,3.4,4.9,3.5,1.5,0.6,3.9,8.4,14.2,80.0,109.0,2007,C.J. Miles-2007,0.0,Not Selected,Guard,UTA,0.041463414634146344
2006-07,Darko Miličić,milicda01,PF,21,ORL,80,16,1913,7.0,15.3,0.45399999999999996,0.0,0.0,0.0,7.0,15.3,0.455,3.9,6.4,0.613,4.0,8.2,12.2,2.5,1.2,3.9,3.5,6.1,17.8,98.0,101.0,2007,Darko Miličić-2007,0.0,Not Selected,Forward,ORL,0.032520325203252036
2006-07,Andre Miller,millean02,PG,30,TOT,80,79,2966,7.4,15.9,0.466,0.1,0.6,0.14300000000000002,7.3,15.3,0.479,3.9,4.9,0.784,1.7,4.5,6.2,10.9,1.9,0.2,3.9,3.2,18.8,107.0,108.0,2007,Andre Miller-2007,0.0,Not Selected,Guard,TOT,0.03333333333333334
2006-07,Brad Miller,millebr01,C,30,SAC,63,56,1783,6.4,14.0,0.45299999999999996,0.1,0.9,0.152,6.2,13.1,0.475,3.3,4.2,0.772,2.2,9.1,11.4,6.4,1.1,1.1,3.1,4.4,16.1,103.0,107.0,2007,Brad Miller-2007,0.0,Not Selected,Center,SAC,0.026829268292682926
2006-07,Mike Miller,millemi01,SG,26,MEM,70,69,2740,8.7,18.9,0.46,3.8,9.3,0.406,4.9,9.6,0.514,3.0,3.8,0.7929999999999999,1.0,6.1,7.1,5.6,1.0,0.3,3.3,2.6,24.2,111.0,114.0,2007,Mike Miller-2007,0.0,Not Selected,Guard,MEM,0.01788617886178862
2006-07,Paul Millsap,millspa01,PF,21,UTA,82,1,1472,7.4,14.2,0.525,0.0,0.1,0.33299999999999996,7.4,14.1,0.527,5.0,7.4,0.6729999999999999,6.5,8.5,15.1,2.2,2.4,2.6,3.3,8.4,19.9,112.0,102.0,2007,Paul Millsap-2007,0.0,Not Selected,Forward,UTA,0.041463414634146344
2006-07,Yao Ming,mingya01,C,26,HOU,48,48,1624,13.8,26.7,0.516,0.0,0.1,0.0,13.8,26.6,0.518,11.6,13.5,0.862,3.3,11.4,14.7,3.1,0.6,3.1,5.4,5.2,39.2,111.0,98.0,2007,Yao Ming-2007,2.0,2nd,Center,HOU,0.04227642276422764
2006-07,Cuttino Mobley,moblecu01,SG,31,LAC,78,73,2841,7.2,16.4,0.44,1.9,4.6,0.41100000000000003,5.3,11.8,0.451,3.7,4.4,0.8370000000000001,1.0,4.0,5.0,3.7,1.7,0.4,2.7,3.5,20.0,105.0,108.0,2007,Cuttino Mobley-2007,0.0,Not Selected,Guard,LAC,0.032520325203252036
2006-07,Nazr Mohammed,mohamna01,C,29,DET,51,33,773,8.4,15.8,0.532,0.0,0.0,0.0,8.4,15.8,0.532,3.6,5.8,0.61,6.3,10.0,16.3,0.6,1.9,2.8,3.1,9.5,20.3,108.0,99.0,2007,Nazr Mohammed-2007,0.0,Not Selected,Center,DET,0.043089430894308944
2006-07,Mikki Moore,mooremi01,C,31,NJN,79,55,2082,7.8,12.8,0.609,0.0,0.0,0.0,7.8,12.7,0.61,4.0,5.9,0.6809999999999999,3.7,6.5,10.2,1.9,1.2,1.5,2.9,6.6,19.6,115.0,106.0,2007,Mikki Moore-2007,0.0,Not Selected,Center,BRK,0.03333333333333333
2006-07,Randolph Morris,morrira01,C,21,NYK,5,0,44,1.2,7.2,0.16699999999999998,0.0,0.0,0.0,1.2,7.2,0.16699999999999998,2.4,7.2,0.33299999999999996,1.2,9.6,10.8,1.2,2.4,1.2,2.4,4.8,4.8,52.0,104.0,2007,Randolph Morris-2007,0.0,Not Selected,Center,NYK,0.026829268292682926
2006-07,Adam Morrison,morriad01,PF,22,CHA,78,23,2326,8.0,21.2,0.376,2.0,5.8,0.337,6.0,15.4,0.391,2.7,3.8,0.71,1.2,3.9,5.2,3.7,0.6,0.1,2.9,4.0,20.6,91.0,112.0,2007,Adam Morrison-2007,0.0,Not Selected,Forward,CHO,0.026829268292682926
2006-07,Alonzo Mourning,mournal01,C,36,MIA,77,43,1572,8.1,14.4,0.56,0.0,0.0,0.0,8.1,14.4,0.56,6.3,10.5,0.601,4.3,7.6,11.9,0.6,0.4,6.0,4.4,7.4,22.4,103.0,102.0,2007,Alonzo Mourning-2007,0.0,Not Selected,Center,MIA,0.03577235772357724
2006-07,Troy Murphy,murphtr01,PF,26,TOT,68,48,1852,7.3,15.9,0.45799999999999996,1.6,4.0,0.395,5.7,11.9,0.479,3.0,4.0,0.745,2.7,8.6,11.3,3.4,1.3,1.1,2.1,5.4,19.1,111.0,106.0,2007,Troy Murphy-2007,0.0,Not Selected,Forward,TOT,0.03333333333333334
2006-07,Ronald Murray,murraro01,SG,27,DET,69,18,1477,6.6,16.3,0.40399999999999997,0.9,3.1,0.289,5.7,13.2,0.431,3.2,4.5,0.725,1.0,3.2,4.2,7.0,1.8,0.5,3.4,3.6,17.3,97.0,107.0,2007,Ronald Murray-2007,0.0,Not Selected,Guard,DET,0.043089430894308944
2006-07,Dikembe Mutombo,mutomdi01,C,40,HOU,75,33,1289,3.5,6.3,0.556,0.0,0.0,0.0,3.5,6.3,0.556,2.5,3.6,0.69,6.7,13.3,20.0,0.5,0.9,3.1,1.6,6.4,9.4,126.0,96.0,2007,Dikembe Mutombo-2007,0.0,Not Selected,Center,HOU,0.04227642276422764
2006-07,Boštjan Nachbar,nachbbo01,SF,26,NJN,76,1,1532,7.8,17.0,0.457,3.8,9.1,0.423,3.9,7.9,0.496,4.5,5.6,0.805,0.9,7.8,8.7,2.1,1.0,0.9,2.4,6.3,23.9,113.0,106.0,2007,Boštjan Nachbar-2007,0.0,Not Selected,Forward,BRK,0.03333333333333333
2006-07,Eduardo Nájera,najered01,PF,30,DEN,75,36,1658,6.1,10.5,0.5760000000000001,0.0,0.4,0.083,6.0,10.2,0.594,2.6,3.7,0.715,3.9,5.3,9.2,1.9,2.2,0.8,1.7,6.1,14.8,122.0,106.0,2007,Eduardo Nájera-2007,0.0,Not Selected,Forward,DEN,0.036585365853658534
2006-07,Steve Nash,nashst01,PG,32,PHO,76,76,2682,9.7,18.2,0.532,2.9,6.4,0.455,6.8,11.8,0.575,4.2,4.6,0.899,0.6,4.5,5.0,16.5,1.1,0.1,5.4,2.2,26.4,124.0,110.0,2007,Steve Nash-2007,1.0,1st,Guard,PHO,0.04959349593495935
2006-07,Jameer Nelson,nelsoja01,PG,24,ORL,77,77,2331,8.6,20.1,0.43,1.5,4.4,0.335,7.1,15.6,0.457,4.2,5.1,0.828,1.1,4.3,5.4,7.6,1.7,0.1,4.2,5.2,22.9,103.0,107.0,2007,Jameer Nelson-2007,0.0,Not Selected,Guard,ORL,0.032520325203252036
2006-07,Rasho Nesterović,nestera01,C,30,TOR,80,73,1676,7.1,13.0,0.546,0.0,0.0,0.0,7.1,13.0,0.5479999999999999,1.1,1.5,0.68,3.6,7.6,11.1,2.3,1.1,2.6,1.7,6.0,15.3,112.0,104.0,2007,Rasho Nesterović-2007,0.0,Not Selected,Center,TOR,0.038211382113821135
2006-07,Ira Newble,newblir01,SF,32,CLE,15,1,129,6.6,15.2,0.43200000000000005,3.3,6.1,0.5329999999999999,3.3,9.0,0.364,2.5,4.1,0.6,5.3,7.0,12.3,0.8,2.5,0.0,1.2,7.0,18.8,119.0,100.0,2007,Ira Newble-2007,0.0,Not Selected,Forward,CLE,0.04065040650406504
2006-07,Andrés Nocioni,nocioan01,PF,27,CHI,53,31,1406,10.0,21.3,0.467,2.9,7.6,0.38299999999999995,7.0,13.7,0.515,4.5,5.3,0.848,1.5,9.4,11.0,2.1,1.0,0.9,3.8,6.0,27.3,106.0,99.0,2007,Andrés Nocioni-2007,0.0,Not Selected,Forward,CHI,0.03983739837398374
2006-07,David Noel,noelda01,PF,22,MIL,68,0,792,4.3,11.6,0.36700000000000005,1.1,3.5,0.321,3.2,8.1,0.387,2.4,2.8,0.86,2.8,5.3,8.1,4.3,1.6,0.6,2.6,5.1,12.1,99.0,112.0,2007,David Noel-2007,0.0,Not Selected,Forward,MIL,0.022764227642276424
2006-07,Steve Novak,novakst01,SF,23,HOU,35,1,191,5.0,13.9,0.36,3.6,10.8,0.33299999999999996,1.4,3.0,0.455,0.6,0.6,1.0,1.1,6.1,7.2,1.7,1.4,0.0,1.1,5.8,14.1,103.0,103.0,2007,Steve Novak-2007,0.0,Not Selected,Forward,HOU,0.04227642276422764
2006-07,Dirk Nowitzki,nowitdi01,PF,28,DAL,78,78,2820,12.8,25.5,0.502,1.4,3.3,0.41600000000000004,11.4,22.2,0.515,9.5,10.5,0.904,2.3,10.9,13.2,5.0,1.0,1.2,3.2,3.3,36.4,123.0,102.0,2007,Dirk Nowitzki-2007,1.0,1st,Forward,DAL,0.05447154471544716
2006-07,Patrick O'Bryant,obryapa01,C,20,GSW,16,0,119,4.1,13.0,0.313,0.0,0.0,0.0,4.1,13.0,0.313,4.5,6.9,0.647,2.8,5.7,8.5,3.7,2.4,3.3,3.3,10.6,12.6,85.0,104.0,2007,Patrick O'Bryant-2007,0.0,Not Selected,Center,GSW,0.03414634146341464
2006-07,Jermaine O'Neal,onealje01,C,28,IND,69,69,2459,10.5,24.1,0.436,0.0,0.1,0.0,10.5,23.9,0.439,7.2,9.4,0.767,3.2,10.7,14.0,3.5,1.1,3.8,4.3,4.9,28.3,99.0,101.0,2007,Jermaine O'Neal-2007,0.0,Not Selected,Center,IND,0.028455284552845527
2006-07,Shaquille O'Neal,onealsh01,C,34,MIA,40,39,1135,13.3,22.5,0.591,0.0,0.0,0.0,13.3,22.5,0.591,5.8,13.8,0.42200000000000004,4.6,9.4,14.0,3.7,0.4,2.6,4.5,6.5,32.4,105.0,104.0,2007,Shaquille O'Neal-2007,0.0,Not Selected,Center,MIA,0.03577235772357724
2006-07,Fabricio Oberto,obertfa01,PF,31,SAS,79,33,1365,6.2,11.0,0.562,0.0,0.0,0.0,6.2,11.0,0.562,1.3,2.0,0.647,5.1,9.3,14.4,2.7,1.0,0.9,2.7,8.3,13.7,112.0,100.0,2007,Fabricio Oberto-2007,0.0,Not Selected,Forward,SAS,0.04715447154471545
2006-07,Lamar Odom,odomla01,PF,27,LAL,56,56,2202,7.4,15.9,0.46799999999999997,1.3,4.2,0.297,6.2,11.6,0.531,4.6,6.6,0.7,2.4,10.4,12.7,6.3,1.2,0.7,3.8,4.2,20.7,107.0,107.0,2007,Lamar Odom-2007,0.0,Not Selected,Forward,LAL,0.03414634146341464
2006-07,Emeka Okafor,okafoem01,C,24,CHA,67,65,2329,8.8,16.6,0.532,0.0,0.0,0.0,8.8,16.6,0.532,3.9,6.6,0.593,5.8,11.2,17.0,1.8,1.3,3.9,2.5,4.7,21.6,111.0,102.0,2007,Emeka Okafor-2007,0.0,Not Selected,Center,CHO,0.026829268292682926
2006-07,Mehmet Okur,okurme01,C,27,UTA,80,80,2664,9.6,20.9,0.462,2.5,6.6,0.384,7.1,14.3,0.498,5.8,7.6,0.765,3.1,8.2,11.4,3.1,0.7,0.7,2.5,5.1,27.6,117.0,108.0,2007,Mehmet Okur-2007,0.0,Not Selected,Center,UTA,0.041463414634146344
2006-07,Kevin Ollie,ollieke01,PG,34,PHI,53,23,919,4.7,10.8,0.433,0.0,0.1,0.0,4.7,10.7,0.43799999999999994,2.1,2.6,0.8220000000000001,0.5,3.8,4.3,7.5,1.2,0.1,2.7,4.4,11.5,99.0,110.0,2007,Kevin Ollie-2007,0.0,Not Selected,Guard,PHI,0.028455284552845527
2006-07,Michael Olowokandi,olowomi01,C,31,BOS,24,0,234,4.2,10.3,0.413,0.0,0.0,0.0,4.2,10.3,0.413,0.4,0.7,0.667,3.1,7.6,10.7,1.1,1.8,2.9,3.8,10.7,8.9,75.0,103.0,2007,Michael Olowokandi-2007,0.0,Not Selected,Center,BOS,0.01951219512195122
2006-07,Bo Outlaw,outlabo01,PF,35,ORL,41,0,460,3.9,5.9,0.667,0.0,0.0,0.0,3.9,5.9,0.667,1.5,2.6,0.591,5.5,6.9,12.3,1.9,2.0,0.7,2.4,6.6,9.4,119.0,103.0,2007,Bo Outlaw-2007,0.0,Not Selected,Forward,ORL,0.032520325203252036
2006-07,Travis Outlaw,outlatr01,PF,22,POR,67,1,1532,8.7,20.1,0.434,0.4,1.3,0.27,8.4,18.8,0.445,5.1,6.4,0.79,2.3,5.4,7.7,1.8,2.2,2.6,2.3,5.3,22.9,103.0,108.0,2007,Travis Outlaw-2007,0.0,Not Selected,Forward,POR,0.026016260162601626
2006-07,Zaza Pachulia,pachuza01,C,22,ATL,72,47,2026,7.7,16.2,0.474,0.0,0.0,0.0,7.7,16.1,0.475,7.7,9.8,0.7859999999999999,5.2,7.9,13.2,2.8,2.0,0.9,4.3,7.0,23.0,108.0,106.0,2007,Zaza Pachulia-2007,0.0,Not Selected,Center,ATL,0.024390243902439025
2006-07,Scott Padgett,padgesc01,PF,30,TOT,31,0,231,3.6,12.8,0.28600000000000003,1.8,7.5,0.242,1.8,5.2,0.348,1.4,3.0,0.462,3.6,8.7,12.3,1.8,1.1,0.7,2.1,8.0,10.5,85.0,102.0,2007,Scott Padgett-2007,0.0,Not Selected,Forward,TOT,0.03333333333333334
2006-07,Jannero Pargo,pargoja01,PG,27,NOK,82,7,1710,8.8,21.5,0.409,2.5,6.5,0.38799999999999996,6.3,15.0,0.418,3.2,3.8,0.852,0.6,5.0,5.6,6.3,1.6,0.1,3.8,3.8,23.4,100.0,108.0,2007,Jannero Pargo-2007,0.0,Not Selected,Guard,NOP,0.03170731707317073
2006-07,Anthony Parker,parkean01,SG,31,TOR,73,73,2437,7.0,14.6,0.47700000000000004,2.4,5.6,0.441,4.5,9.1,0.5,2.8,3.4,0.835,1.3,4.7,6.0,3.3,1.6,0.2,1.5,2.9,19.2,117.0,108.0,2007,Anthony Parker-2007,0.0,Not Selected,Guard,TOR,0.038211382113821135
2006-07,Smush Parker,parkesm01,PG,25,LAL,82,80,2457,7.1,16.4,0.436,2.3,6.3,0.365,4.8,10.1,0.479,2.4,3.7,0.6459999999999999,0.9,3.4,4.3,4.8,2.5,0.2,3.2,4.4,18.9,101.0,110.0,2007,Smush Parker-2007,0.0,Not Selected,Guard,LAL,0.03414634146341464
2006-07,Tony Parker,parketo01,PG,24,SAS,77,77,2499,12.2,23.5,0.52,0.3,0.8,0.395,11.9,22.6,0.525,5.9,7.5,0.7829999999999999,0.7,4.6,5.3,9.0,1.8,0.1,4.1,2.9,30.6,112.0,102.0,2007,Tony Parker-2007,0.0,Not Selected,Guard,SAS,0.04715447154471545
2006-07,Ruben Patterson,patteru01,SF,31,MIL,81,53,2508,9.8,18.0,0.5479999999999999,0.1,0.4,0.158,9.8,17.6,0.557,5.0,7.8,0.6409999999999999,3.9,5.2,9.1,4.8,2.3,0.5,4.1,4.8,24.7,110.0,111.0,2007,Ruben Patterson-2007,0.0,Not Selected,Forward,MIL,0.022764227642276424
2006-07,Chris Paul,paulch01,PG,21,NOK,64,64,2353,8.6,19.7,0.43700000000000006,1.1,3.2,0.35,7.5,16.5,0.455,6.6,8.1,0.818,1.2,5.1,6.3,12.9,2.7,0.1,3.6,3.5,25.0,116.0,106.0,2007,Chris Paul-2007,0.0,Not Selected,Guard,NOP,0.03170731707317073
2006-07,Sasha Pavlović,pavloal01,SG,23,CLE,67,28,1534,7.7,16.9,0.45299999999999996,2.1,5.1,0.405,5.6,11.8,0.474,3.4,4.3,0.794,0.8,4.7,5.4,3.6,1.9,0.6,3.5,5.0,20.8,103.0,103.0,2007,Sasha Pavlović-2007,0.0,Not Selected,Guard,CLE,0.04065040650406504
2006-07,Gary Payton,paytoga01,PG,38,MIA,68,28,1503,5.1,13.0,0.39299999999999996,1.1,4.4,0.26,4.0,8.6,0.461,1.3,2.0,0.667,0.6,4.0,4.7,7.1,1.5,0.1,2.3,4.2,12.7,98.0,108.0,2007,Gary Payton-2007,0.0,Not Selected,Guard,MIA,0.03577235772357724
2006-07,Kendrick Perkins,perkike01,C,22,BOS,72,53,1576,4.4,8.9,0.491,0.0,0.1,0.0,4.4,8.8,0.496,2.0,3.3,0.6,3.7,8.6,12.3,3.1,0.8,3.2,3.7,7.1,10.7,94.0,105.0,2007,Kendrick Perkins-2007,0.0,Not Selected,Center,BOS,0.01951219512195122
2006-07,Morris Peterson,petermo01,SF,29,TOR,71,12,1515,7.6,17.7,0.429,3.6,10.1,0.359,4.0,7.6,0.523,2.9,4.2,0.6829999999999999,1.1,7.0,8.1,1.6,1.5,0.4,1.8,4.3,21.7,106.0,106.0,2007,Morris Peterson-2007,0.0,Not Selected,Forward,TOR,0.038211382113821135
2006-07,Johan Petro,petrojo01,C,21,SEA,81,13,1510,7.8,15.2,0.516,0.0,0.0,0.0,7.8,15.2,0.516,1.7,2.7,0.649,3.2,8.4,11.6,1.6,1.4,1.6,2.8,8.2,17.4,101.0,108.0,2007,Johan Petro-2007,0.0,Not Selected,Center,OKC,0.025203252032520326
2006-07,Eric Piatkowski,piatker01,SG,36,PHO,11,0,73,6.2,17.2,0.36,4.8,12.4,0.389,1.4,4.8,0.28600000000000003,1.4,1.4,1.0,1.4,4.8,6.2,2.7,0.0,0.7,3.4,4.1,18.6,95.0,111.0,2007,Eric Piatkowski-2007,0.0,Not Selected,Guard,PHO,0.04959349593495935
2006-07,Paul Pierce,piercpa01,SG,29,BOS,47,46,1740,11.2,25.5,0.439,3.2,8.2,0.389,8.0,17.2,0.46299999999999997,9.6,12.0,0.7959999999999999,1.2,7.1,8.3,5.8,1.4,0.4,4.6,3.7,35.2,110.0,107.0,2007,Paul Pierce-2007,0.0,Not Selected,Guard,BOS,0.01951219512195122
2006-07,Mickaël Piétrus,pietrmi01,SF,24,GSW,72,38,1937,7.1,14.6,0.488,2.3,6.0,0.38799999999999996,4.8,8.6,0.5579999999999999,3.4,5.2,0.648,2.0,6.1,8.2,1.5,1.2,1.4,2.6,5.5,20.0,109.0,108.0,2007,Mickaël Piétrus-2007,0.0,Not Selected,Forward,GSW,0.03414634146341464
2006-07,Kevinn Pinkney,pinknke01,PF,23,BOS,6,0,100,6.3,14.1,0.444,0.5,1.0,0.5,5.7,13.0,0.44,3.1,4.7,0.667,3.7,4.2,7.8,2.6,1.6,1.6,2.1,6.3,16.2,105.0,108.0,2007,Kevinn Pinkney-2007,0.0,Not Selected,Forward,BOS,0.01951219512195122
2006-07,Scot Pollard,pollasc01,C,31,CLE,24,0,109,5.3,12.6,0.423,0.0,0.0,0.0,5.3,12.6,0.423,1.0,1.9,0.5,7.3,7.8,15.0,1.5,1.9,0.5,1.9,13.1,11.6,101.0,100.0,2007,Scot Pollard-2007,0.0,Not Selected,Center,CLE,0.04065040650406504
2006-07,James Posey,poseyja01,SF,30,MIA,71,19,1919,5.2,12.0,0.431,2.7,7.2,0.375,2.5,4.8,0.514,2.3,2.7,0.8270000000000001,1.8,8.1,9.9,2.6,2.0,0.6,1.5,5.4,15.3,116.0,104.0,2007,James Posey-2007,0.0,Not Selected,Forward,MIA,0.03577235772357724
2006-07,Vitaly Potapenko,potapvi01,C,31,SAC,3,0,13,0.0,15.6,0.0,0.0,0.0,0.0,0.0,15.6,0.0,0.0,0.0,0.0,0.0,7.8,7.8,0.0,0.0,0.0,7.8,11.7,0.0,0.0,111.0,2007,Vitaly Potapenko-2007,0.0,Not Selected,Center,SAC,0.026829268292682926
2006-07,Leon Powe,powele01,C,23,BOS,63,2,720,5.7,12.8,0.446,0.0,0.1,0.0,5.7,12.7,0.451,7.7,10.4,0.736,7.0,8.5,15.6,0.7,1.0,1.6,3.4,7.5,19.1,109.0,106.0,2007,Leon Powe-2007,0.0,Not Selected,Center,BOS,0.01951219512195122
2006-07,Josh Powell,poweljo01,PF,24,TOT,37,0,353,6.0,12.9,0.462,0.0,0.0,0.0,6.0,12.9,0.462,4.2,5.8,0.7140000000000001,3.3,8.9,12.2,2.9,0.7,1.7,4.0,8.5,16.1,96.0,107.0,2007,Josh Powell-2007,0.0,Not Selected,Forward,TOT,0.03333333333333334
2006-07,Roger Powell,powelro01,SF,24,UTA,3,0,13,0.0,12.1,0.0,0.0,4.0,0.0,0.0,8.1,0.0,8.1,8.1,1.0,12.1,0.0,12.1,0.0,0.0,0.0,12.1,8.1,8.1,56.0,115.0,2007,Roger Powell-2007,0.0,Not Selected,Forward,UTA,0.041463414634146344
2006-07,Ronnie Price,pricero01,PG,23,SAC,58,1,563,6.0,15.5,0.39,1.9,5.8,0.32299999999999995,4.1,9.6,0.43,3.3,4.9,0.6729999999999999,1.3,5.0,6.4,4.3,2.5,0.4,3.0,5.8,17.3,96.0,107.0,2007,Ronnie Price-2007,0.0,Not Selected,Guard,SAC,0.026829268292682926
2006-07,Tayshaun Prince,princta01,SF,26,DET,82,82,3001,8.4,18.3,0.46,1.5,3.8,0.386,6.9,14.4,0.48,3.2,4.1,0.768,2.6,5.2,7.9,4.2,0.9,1.0,1.8,2.1,21.5,113.0,107.0,2007,Tayshaun Prince-2007,0.0,Not Selected,Forward,DET,0.043089430894308944
2006-07,Joel Przybilla,przybjo01,C,27,POR,43,43,701,2.9,6.0,0.474,0.0,0.0,0.0,2.9,6.0,0.474,0.8,2.1,0.37,4.6,8.5,13.0,0.9,0.8,5.2,3.1,9.6,6.5,86.0,106.0,2007,Joel Przybilla-2007,0.0,Not Selected,Center,POR,0.026016260162601626
2006-07,Chris Quinn,quinnch01,PG,23,MIA,42,1,408,6.3,17.1,0.366,2.6,7.5,0.35100000000000003,3.7,9.7,0.37799999999999995,3.3,4.8,0.6759999999999999,0.8,3.1,3.9,8.5,2.0,0.0,2.7,4.2,18.4,103.0,108.0,2007,Chris Quinn-2007,0.0,Not Selected,Guard,MIA,0.03577235772357724
2006-07,Vladimir Radmanović,radmavl01,PF,26,LAL,55,15,986,7.0,16.4,0.424,2.1,6.1,0.33899999999999997,4.9,10.3,0.475,2.8,3.8,0.726,2.8,6.6,9.4,3.4,1.3,0.9,3.6,6.5,18.8,99.0,109.0,2007,Vladimir Radmanović-2007,0.0,Not Selected,Forward,LAL,0.03414634146341464
2006-07,Shavlik Randolph,randosh01,PF,23,PHI,13,6,179,6.8,14.2,0.479,0.0,0.0,0.0,6.8,14.2,0.479,3.5,6.5,0.545,5.6,10.3,16.0,1.2,2.1,3.0,2.7,6.8,17.1,102.0,101.0,2007,Shavlik Randolph-2007,0.0,Not Selected,Forward,PHI,0.028455284552845527
2006-07,Zach Randolph,randoza01,PF,25,POR,68,67,2425,13.4,28.8,0.467,0.3,1.1,0.292,13.1,27.7,0.473,8.8,10.8,0.8190000000000001,4.5,11.0,15.4,3.3,1.2,0.3,4.8,4.1,36.0,106.0,109.0,2007,Zach Randolph-2007,0.0,Not Selected,Forward,POR,0.026016260162601626
2006-07,Theo Ratliff,ratlith01,C,33,BOS,2,2,44,1.2,3.6,0.33299999999999996,0.0,0.0,0.0,1.2,3.6,0.33299999999999996,3.6,4.7,0.75,2.4,5.9,8.3,0.0,1.2,3.6,1.2,7.1,5.9,107.0,105.0,2007,Theo Ratliff-2007,0.0,Not Selected,Center,BOS,0.01951219512195122
2006-07,Allan Ray,rayal01,SG,22,BOS,47,5,710,7.3,19.0,0.386,3.5,8.5,0.414,3.8,10.5,0.364,3.1,4.0,0.764,1.3,3.7,5.1,3.2,1.5,0.2,3.1,6.2,21.3,99.0,109.0,2007,Allan Ray-2007,0.0,Not Selected,Guard,BOS,0.01951219512195122
2006-07,Michael Redd,reddmi01,SF,27,MIL,53,53,2036,12.2,26.2,0.465,3.0,7.8,0.382,9.2,18.4,0.501,8.8,10.6,0.8290000000000001,1.1,3.9,5.0,3.2,1.6,0.2,3.1,2.0,36.2,115.0,114.0,2007,Michael Redd-2007,0.0,Not Selected,Forward,MIL,0.022764227642276424
2006-07,J.J. Redick,redicjj01,PG,22,ORL,42,0,622,6.9,16.7,0.41,3.3,8.4,0.38799999999999996,3.6,8.3,0.433,4.6,5.2,0.9,0.9,3.6,4.5,3.1,1.0,0.0,1.8,4.5,21.6,117.0,108.0,2007,J.J. Redick-2007,0.0,Not Selected,Guard,ORL,0.032520325203252036
2006-07,Justin Reed,reedju01,PF,25,MIN,41,3,318,6.6,17.8,0.374,0.0,0.0,0.0,6.6,17.8,0.374,4.3,5.0,0.867,2.5,5.1,7.6,2.8,0.8,0.5,3.7,7.3,17.6,87.0,110.0,2007,Justin Reed-2007,0.0,Not Selected,Forward,MIN,0.026016260162601626
2006-07,Jared Reiner,reineja01,C,24,MIL,27,2,244,3.2,9.2,0.349,0.0,0.0,0.0,3.2,9.2,0.349,0.6,2.1,0.3,4.5,10.7,15.1,2.8,1.1,1.3,3.0,9.6,7.0,80.0,108.0,2007,Jared Reiner-2007,0.0,Not Selected,Center,MIL,0.022764227642276424
2006-07,Jason Richardson,richaja01,SG,26,GSW,51,49,1675,8.8,21.2,0.41700000000000004,3.2,8.7,0.365,5.7,12.5,0.45299999999999996,2.7,4.0,0.657,2.1,5.4,7.5,5.0,1.6,0.9,2.4,3.7,23.5,106.0,109.0,2007,Jason Richardson-2007,0.0,Not Selected,Guard,GSW,0.03414634146341464
2006-07,Jeremy Richardson,richaje01,SG-SF,22,TOT,6,0,20,8.0,16.0,0.5,5.3,8.0,0.667,2.7,8.0,0.33299999999999996,0.0,0.0,0.0,2.7,2.7,5.3,0.0,2.7,0.0,2.7,5.3,21.4,114.0,110.0,2007,Jeremy Richardson-2007,0.0,Not Selected,Forward,TOT,0.03333333333333334
2006-07,Quentin Richardson,richaqu01,SF,26,NYK,49,47,1621,7.4,17.8,0.418,3.2,8.4,0.376,4.3,9.4,0.456,2.7,3.9,0.6920000000000001,2.1,9.4,11.5,3.5,1.2,0.2,2.3,4.3,20.8,110.0,108.0,2007,Quentin Richardson-2007,0.0,Not Selected,Forward,NYK,0.026829268292682926
2006-07,Luke Ridnour,ridnolu01,PG,25,SEA,71,58,2091,7.5,17.4,0.433,1.2,3.5,0.353,6.3,13.9,0.45299999999999996,3.2,4.0,0.805,0.7,3.4,4.1,9.2,2.1,0.5,3.9,4.5,19.5,103.0,112.0,2007,Luke Ridnour-2007,0.0,Not Selected,Guard,OKC,0.025203252032520326
2006-07,Anthony Roberson,roberan02,PG,23,GSW,20,1,227,9.4,22.2,0.423,4.5,11.7,0.382,4.9,10.4,0.469,0.4,0.6,0.667,0.4,4.1,4.5,2.1,2.6,0.0,2.8,5.8,23.7,97.0,108.0,2007,Anthony Roberson-2007,0.0,Not Selected,Guard,GSW,0.03414634146341464
2006-07,Lawrence Roberts,roberla01,PF,24,MEM,54,18,969,5.0,11.0,0.452,0.0,0.1,0.0,5.0,10.9,0.456,5.0,6.9,0.725,5.3,8.5,13.8,1.6,1.9,0.7,1.9,7.0,15.0,114.0,110.0,2007,Lawrence Roberts-2007,0.0,Not Selected,Forward,MEM,0.01788617886178862
2006-07,Bernard Robinson,robinbe01,SG-SF,26,TOT,31,0,278,3.6,11.6,0.306,0.0,0.4,0.0,3.6,11.3,0.317,4.3,5.1,0.852,1.9,7.1,9.0,3.6,3.2,0.4,3.0,6.0,11.5,86.0,104.0,2007,Bernard Robinson-2007,0.0,Not Selected,Forward,TOT,0.03333333333333334
2006-07,Clifford Robinson,robincl02,C,40,NJN,50,1,955,4.5,12.0,0.37200000000000005,1.4,3.6,0.379,3.1,8.4,0.368,0.9,2.0,0.444,1.7,5.0,6.7,2.8,0.7,1.3,1.7,5.4,11.2,91.0,108.0,2007,Clifford Robinson-2007,0.0,Not Selected,Center,BRK,0.03333333333333333
2006-07,Nate Robinson,robinna01,PG,22,NYK,64,5,1356,8.9,20.4,0.434,3.2,8.3,0.39,5.6,12.1,0.465,4.2,5.4,0.777,2.1,3.8,5.9,3.5,2.0,0.2,2.8,6.2,25.2,112.0,110.0,2007,Nate Robinson-2007,0.0,Not Selected,Guard,NYK,0.026829268292682926
2006-07,Sergio Rodríguez,rodrise01,PG,20,POR,67,1,862,6.4,15.1,0.423,1.5,5.4,0.282,4.9,9.7,0.5,1.3,1.6,0.8079999999999999,1.3,4.5,5.7,13.7,2.2,0.1,4.9,4.5,15.6,102.0,111.0,2007,Sergio Rodríguez-2007,0.0,Not Selected,Guard,POR,0.026016260162601626
2006-07,Rajon Rondo,rondora01,PG,20,BOS,78,25,1831,5.4,12.8,0.418,0.2,0.8,0.207,5.2,12.0,0.43200000000000005,3.4,5.2,0.647,2.1,6.2,8.3,8.5,3.6,0.2,3.9,5.2,14.3,97.0,103.0,2007,Rajon Rondo-2007,0.0,Not Selected,Guard,BOS,0.01951219512195122
2006-07,Jalen Rose,roseja01,SF,34,PHO,29,0,246,7.8,17.5,0.442,4.3,9.6,0.447,3.5,8.0,0.436,2.2,2.4,0.917,0.6,4.1,4.7,3.3,1.0,0.4,1.8,4.5,22.0,114.0,110.0,2007,Jalen Rose-2007,0.0,Not Selected,Forward,PHO,0.04959349593495935
2006-07,Malik Rose,rosema01,PF,32,NYK,65,2,810,4.8,12.1,0.39799999999999996,0.1,0.5,0.25,4.7,11.6,0.40399999999999997,2.7,3.4,0.8079999999999999,3.1,8.4,11.4,4.2,1.7,0.6,4.2,7.8,12.5,90.0,107.0,2007,Malik Rose-2007,0.0,Not Selected,Forward,NYK,0.026829268292682926
2006-07,Quinton Ross,rossqu01,SG,25,LAC,81,43,1700,5.5,11.8,0.467,0.1,0.3,0.2,5.4,11.5,0.474,2.1,2.7,0.782,1.9,4.0,5.9,2.7,2.2,1.0,1.0,5.6,13.2,110.0,106.0,2007,Quinton Ross-2007,0.0,Not Selected,Guard,LAC,0.032520325203252036
2006-07,Brandon Roy,roybr01,SG,22,POR,57,55,2015,9.4,20.6,0.456,1.5,3.9,0.377,7.9,16.7,0.475,5.4,6.5,0.838,1.6,5.2,6.7,6.2,1.8,0.3,3.1,3.7,25.8,112.0,111.0,2007,Brandon Roy-2007,0.0,Not Selected,Guard,POR,0.026016260162601626
2006-07,Michael Ruffin,ruffimi01,PF,30,WAS,30,0,271,0.9,3.4,0.278,0.0,0.0,0.0,0.9,3.4,0.278,1.3,3.6,0.368,6.6,5.1,11.7,1.1,1.1,1.5,2.3,8.1,3.2,91.0,112.0,2007,Michael Ruffin-2007,0.0,Not Selected,Forward,WAS,0.03333333333333333
2006-07,John Salmons,salmojo01,SG,27,SAC,79,19,2135,5.6,12.3,0.456,0.9,2.7,0.35700000000000004,4.6,9.6,0.484,3.8,4.8,0.779,1.1,5.1,6.3,6.0,1.7,0.6,2.8,4.2,15.9,108.0,109.0,2007,John Salmons-2007,0.0,Not Selected,Guard,SAC,0.026829268292682926
2006-07,Jamal Sampson,sampsja01,C,23,DEN,22,3,125,3.5,5.5,0.643,0.0,0.4,0.0,3.5,5.1,0.6920000000000001,2.4,5.5,0.429,5.9,13.0,18.9,2.0,0.8,2.8,3.9,6.7,9.5,99.0,102.0,2007,Jamal Sampson-2007,0.0,Not Selected,Center,DEN,0.036585365853658534
2006-07,Brian Scalabrine,scalabr01,PF,28,BOS,54,17,1027,3.9,9.7,0.40299999999999997,2.2,5.6,0.4,1.7,4.1,0.40700000000000003,0.9,1.2,0.7829999999999999,1.2,4.1,5.3,3.0,1.2,0.9,2.2,6.6,11.0,101.0,109.0,2007,Brian Scalabrine-2007,0.0,Not Selected,Forward,BOS,0.01951219512195122
2006-07,Luke Schenscher,schenlu01,C,24,POR,11,0,118,3.2,10.6,0.304,0.0,0.0,0.0,3.2,10.6,0.304,2.3,3.2,0.7140000000000001,4.6,6.9,11.5,0.5,0.9,1.8,1.8,11.5,8.8,86.0,110.0,2007,Luke Schenscher-2007,0.0,Not Selected,Center,POR,0.026016260162601626
2006-07,Thabo Sefolosha,sefolth01,SG,22,CHI,71,4,868,6.4,15.1,0.426,0.9,2.5,0.35700000000000004,5.6,12.6,0.439,1.4,2.7,0.511,2.1,7.0,9.0,3.5,1.9,0.6,3.5,5.9,15.1,89.0,99.0,2007,Thabo Sefolosha-2007,0.0,Not Selected,Guard,CHI,0.03983739837398374
2006-07,Mouhamed Sene,senesa01,C,20,SEA,28,3,169,5.6,15.2,0.36700000000000005,0.0,0.0,0.0,5.6,15.2,0.36700000000000005,5.3,9.0,0.586,4.9,9.0,13.9,0.0,0.9,3.7,3.4,10.2,16.4,88.0,107.0,2007,Mouhamed Sene-2007,0.0,Not Selected,Center,OKC,0.025203252032520326
2006-07,Wayne Simien,simiewa01,PF,23,MIA,8,0,93,5.2,13.2,0.391,0.0,0.0,0.0,5.2,13.2,0.391,2.9,4.0,0.7140000000000001,2.9,3.4,6.3,2.3,1.1,0.0,1.7,7.5,13.2,96.0,109.0,2007,Wayne Simien-2007,0.0,Not Selected,Forward,MIA,0.03577235772357724
2006-07,Cedric Simmons,simmoce01,PF,21,NOK,43,4,534,5.5,13.2,0.41700000000000004,0.0,0.0,0.0,5.5,13.2,0.41700000000000004,1.6,3.3,0.485,4.4,6.3,10.7,1.2,0.8,2.3,2.2,7.5,12.6,92.0,107.0,2007,Cedric Simmons-2007,0.0,Not Selected,Forward,NOP,0.03170731707317073
2006-07,James Singleton,singlja01,PF,25,LAC,53,0,376,4.2,11.5,0.366,0.4,2.0,0.214,3.8,9.6,0.397,3.1,4.1,0.759,5.1,9.8,14.9,2.4,2.1,2.4,2.4,6.3,12.0,99.0,101.0,2007,James Singleton-2007,0.0,Not Selected,Forward,LAC,0.032520325203252036
2006-07,Brian Skinner,skinnbr01,PF,30,MIL,67,44,1523,4.2,8.6,0.49,0.0,0.0,0.0,4.2,8.6,0.49,1.6,2.7,0.5820000000000001,3.6,9.5,13.1,2.0,0.6,2.2,2.6,6.7,10.0,99.0,110.0,2007,Brian Skinner-2007,0.0,Not Selected,Forward,MIL,0.022764227642276424
2006-07,Uroš Slokar,slokaur01,C,23,TOR,20,0,72,10.1,18.7,0.5379999999999999,0.7,1.4,0.5,9.4,17.3,0.542,6.5,9.4,0.6920000000000001,5.0,5.0,10.1,0.7,0.7,1.4,6.5,7.9,27.4,98.0,108.0,2007,Uroš Slokar-2007,0.0,Not Selected,Center,TOR,0.038211382113821135
2006-07,Craig Smith,smithcr01,PF,23,MIN,82,5,1537,8.4,15.9,0.531,0.0,0.2,0.0,8.4,15.7,0.5379999999999999,4.0,6.4,0.624,5.1,9.2,14.3,1.7,1.8,0.6,2.5,7.7,20.9,110.0,106.0,2007,Craig Smith-2007,0.0,Not Selected,Forward,MIN,0.026016260162601626
2006-07,J.R. Smith,smithjr01,SG,21,DEN,63,24,1471,9.5,21.6,0.441,5.0,12.8,0.39,4.5,8.8,0.515,3.4,4.2,0.81,1.0,3.8,4.8,3.0,1.6,0.3,2.8,4.9,27.4,112.0,109.0,2007,J.R. Smith-2007,0.0,Not Selected,Guard,DEN,0.036585365853658534
2006-07,Joe Smith,smithjo02,PF,31,TOT,65,11,1503,7.5,16.7,0.449,0.0,0.2,0.0,7.5,16.5,0.45299999999999996,4.4,5.2,0.845,4.2,9.8,14.0,1.7,1.3,0.9,2.7,5.2,19.3,104.0,105.0,2007,Joe Smith-2007,0.0,Not Selected,Forward,TOT,0.03333333333333334
2006-07,Josh Smith,smithjo03,SF,21,ATL,72,72,2647,8.8,20.0,0.439,0.8,3.1,0.25,8.0,16.9,0.473,5.4,7.8,0.693,3.3,9.2,12.5,4.8,2.0,4.2,4.6,4.9,23.7,99.0,102.0,2007,Josh Smith-2007,0.0,Not Selected,Forward,ATL,0.024390243902439025
2006-07,Steven Smith,smithst03,PF,23,PHI,8,0,28,3.8,15.1,0.25,0.0,0.0,0.0,3.8,15.1,0.25,1.9,3.8,0.5,1.9,9.5,11.3,0.0,1.9,0.0,3.8,7.6,9.5,55.0,105.0,2007,Steven Smith-2007,0.0,Not Selected,Forward,PHI,0.028455284552845527
2006-07,Eric Snow,snower01,PG,33,CLE,82,45,1929,3.7,8.9,0.41700000000000004,0.0,0.1,0.0,3.7,8.8,0.42200000000000004,2.0,3.1,0.637,1.0,4.2,5.2,9.0,1.5,0.4,3.0,5.1,9.4,99.0,104.0,2007,Eric Snow-2007,0.0,Not Selected,Guard,CLE,0.04065040650406504
2006-07,Kirk Snyder,snydeki01,SF,23,HOU,39,1,563,6.2,13.7,0.452,1.0,4.1,0.25,5.2,9.6,0.539,4.6,7.0,0.653,1.6,6.2,7.8,3.7,1.0,1.1,2.4,4.8,18.0,107.0,102.0,2007,Kirk Snyder-2007,0.0,Not Selected,Forward,HOU,0.04227642276422764
2006-07,Darius Songaila,songada01,PF,28,WAS,37,1,700,8.6,16.4,0.524,0.0,0.1,0.0,8.6,16.3,0.529,3.4,3.9,0.852,3.2,6.6,9.8,2.8,1.2,0.7,3.1,7.7,20.6,109.0,111.0,2007,Darius Songaila-2007,0.0,Not Selected,Forward,WAS,0.03333333333333333
2006-07,Pape Sow,sowpa01,C,25,TOR,7,0,34,4.6,13.7,0.33299999999999996,0.0,0.0,0.0,4.6,13.7,0.33299999999999996,6.1,9.1,0.667,9.1,7.6,16.8,3.0,1.5,1.5,1.5,3.0,15.2,110.0,105.0,2007,Pape Sow-2007,0.0,Not Selected,Center,TOR,0.038211382113821135
2006-07,Vassilis Spanoulis,spanova01,SG,24,HOU,31,0,272,4.5,14.0,0.319,1.0,5.6,0.172,3.5,8.4,0.419,6.6,8.2,0.81,1.0,3.3,4.3,5.4,1.4,0.2,5.6,6.4,16.5,86.0,104.0,2007,Vassilis Spanoulis-2007,0.0,Not Selected,Guard,HOU,0.04227642276422764
2006-07,Jerry Stackhouse,stackje01,SF,32,DAL,67,8,1615,9.3,21.7,0.428,2.1,5.4,0.38299999999999995,7.2,16.3,0.44299999999999995,6.0,7.1,0.847,1.3,3.5,4.8,6.2,1.7,0.3,3.9,2.6,26.7,108.0,106.0,2007,Jerry Stackhouse-2007,0.0,Not Selected,Forward,DAL,0.05447154471544716
2006-07,DeShawn Stevenson,stevede01,SG,25,WAS,82,82,2419,7.3,15.9,0.461,1.6,3.9,0.40399999999999997,5.8,12.0,0.479,3.2,4.6,0.7040000000000001,1.2,3.4,4.6,4.6,1.4,0.4,2.5,3.3,19.4,109.0,114.0,2007,DeShawn Stevenson-2007,0.0,Not Selected,Guard,WAS,0.03333333333333333
2006-07,Peja Stojaković,stojape01,SF,29,NOK,13,13,425,10.4,24.5,0.423,4.3,10.5,0.405,6.1,14.0,0.43799999999999994,3.9,4.8,0.816,1.4,5.4,6.8,1.4,1.0,0.5,2.4,3.6,28.9,108.0,109.0,2007,Peja Stojaković-2007,0.0,Not Selected,Forward,NOP,0.03170731707317073
2006-07,Damon Stoudamire,stoudda01,PG,33,MEM,62,51,1501,5.8,14.9,0.391,2.0,6.0,0.337,3.8,9.0,0.42700000000000005,2.3,2.8,0.795,1.1,3.7,4.7,10.2,1.6,0.1,3.5,3.2,16.0,104.0,115.0,2007,Damon Stoudamire-2007,0.0,Not Selected,Guard,MEM,0.01788617886178862
2006-07,Salim Stoudamire,stoudsa01,SG,24,ATL,61,0,1034,9.1,21.9,0.41600000000000004,2.9,8.0,0.361,6.2,13.9,0.44799999999999995,3.1,3.5,0.897,0.3,3.5,3.8,3.1,1.1,0.1,2.8,4.5,24.3,101.0,112.0,2007,Salim Stoudamire-2007,0.0,Not Selected,Guard,ATL,0.024390243902439025
2006-07,Amar'e Stoudemire,stoudam01,C,24,PHO,82,78,2689,11.3,19.7,0.575,0.0,0.1,0.0,11.3,19.6,0.5770000000000001,8.5,10.9,0.7809999999999999,4.1,10.5,14.7,1.6,1.5,2.1,4.3,5.5,31.2,116.0,103.0,2007,Amar'e Stoudemire-2007,1.0,1st,Center,PHO,0.04959349593495935
2006-07,Mike Sweetney,sweetmi01,C,24,CHI,48,0,385,7.7,17.8,0.433,0.0,0.0,0.0,7.7,17.8,0.433,4.9,8.8,0.561,6.0,10.0,16.0,3.7,1.2,1.5,5.6,10.5,20.4,91.0,98.0,2007,Mike Sweetney-2007,0.0,Not Selected,Center,CHI,0.03983739837398374
2006-07,Stromile Swift,swiftst01,C,27,MEM,54,18,1029,8.0,17.2,0.465,0.0,0.2,0.0,8.0,17.0,0.47200000000000003,4.8,6.7,0.7240000000000001,4.2,8.2,12.5,0.8,1.5,3.1,3.4,7.3,20.9,100.0,109.0,2007,Stromile Swift-2007,0.0,Not Selected,Center,MEM,0.01788617886178862
2006-07,Wally Szczerbiak,szczewa02,SF,29,BOS,32,19,900,9.3,22.5,0.415,2.5,6.1,0.415,6.8,16.3,0.415,6.5,7.3,0.897,0.9,4.8,5.7,3.2,1.0,0.2,3.1,3.8,27.8,106.0,110.0,2007,Wally Szczerbiak-2007,0.0,Not Selected,Forward,BOS,0.01951219512195122
2006-07,Donell Taylor,taylodo01,SG,24,WAS,47,1,369,7.7,19.4,0.4,0.4,2.4,0.17600000000000002,7.3,17.0,0.431,1.5,2.9,0.524,1.9,5.4,7.3,6.2,2.4,0.4,3.5,4.7,17.4,90.0,110.0,2007,Donell Taylor-2007,0.0,Not Selected,Guard,WAS,0.03333333333333333
2006-07,Maurice Taylor,tayloma01,PF,30,SAC,12,2,103,3.9,13.8,0.28600000000000003,0.0,0.0,0.0,3.9,13.8,0.28600000000000003,3.9,6.4,0.615,4.9,8.9,13.8,2.5,2.0,0.5,3.0,7.9,11.8,82.0,106.0,2007,Maurice Taylor-2007,0.0,Not Selected,Forward,SAC,0.026829268292682926
2006-07,Sebastian Telfair,telfase01,PG,21,BOS,78,30,1578,5.8,15.7,0.371,1.2,4.2,0.289,4.6,11.4,0.402,3.0,3.6,0.818,0.6,3.0,3.6,7.2,1.4,0.4,3.2,5.5,15.8,95.0,110.0,2007,Sebastian Telfair-2007,0.0,Not Selected,Guard,BOS,0.01951219512195122
2006-07,Jason Terry,terryja01,SG,29,DAL,81,80,2846,9.7,20.0,0.484,3.1,7.0,0.43799999999999994,6.6,13.1,0.508,3.0,3.7,0.804,0.8,3.6,4.4,7.9,1.5,0.3,2.9,3.2,25.4,119.0,106.0,2007,Jason Terry-2007,0.0,Not Selected,Guard,DAL,0.05447154471544716
2006-07,Etan Thomas,thomaet01,C,28,WAS,65,32,1246,6.5,11.3,0.574,0.0,0.0,0.0,6.5,11.3,0.574,3.2,5.7,0.5579999999999999,5.6,9.9,15.4,1.2,0.9,3.6,2.9,6.6,16.2,111.0,107.0,2007,Etan Thomas-2007,0.0,Not Selected,Center,WAS,0.03333333333333333
2006-07,Kenny Thomas,thomake01,PF,29,SAC,62,53,1412,5.2,10.9,0.48200000000000004,0.0,0.0,0.0,5.2,10.8,0.483,1.4,2.7,0.513,4.8,8.7,13.5,2.7,1.5,0.6,3.2,5.1,11.9,97.0,107.0,2007,Kenny Thomas-2007,0.0,Not Selected,Forward,SAC,0.026829268292682926
2006-07,Kurt Thomas,thomaku01,C,34,PHO,67,13,1208,5.2,10.8,0.486,0.0,0.0,0.0,5.2,10.7,0.488,2.3,2.9,0.789,3.6,12.2,15.7,1.0,1.0,1.2,1.5,6.5,12.8,111.0,103.0,2007,Kurt Thomas-2007,0.0,Not Selected,Center,PHO,0.04959349593495935
2006-07,Tim Thomas,thomati01,PF,29,LAC,76,24,2054,7.7,18.6,0.414,3.5,9.2,0.382,4.2,9.4,0.444,2.6,3.7,0.708,1.6,8.1,9.7,4.4,1.4,0.7,2.7,5.9,21.5,105.0,106.0,2007,Tim Thomas-2007,0.0,Not Selected,Forward,LAC,0.032520325203252036
2006-07,Tyrus Thomas,thomaty01,PF,20,CHI,72,4,966,7.1,15.0,0.475,0.0,0.1,0.0,7.1,14.9,0.479,5.6,9.3,0.606,4.7,9.6,14.3,2.1,2.4,4.0,5.0,8.6,19.8,95.0,93.0,2007,Tyrus Thomas-2007,0.0,Not Selected,Forward,CHI,0.03983739837398374
2006-07,Dijon Thompson,thompdi01,SF,23,ATL,6,0,50,6.4,16.0,0.4,0.0,2.1,0.0,6.4,13.9,0.462,5.3,6.4,0.833,3.2,5.3,8.5,2.1,0.0,0.0,1.1,2.1,18.1,110.0,114.0,2007,Dijon Thompson-2007,0.0,Not Selected,Forward,ATL,0.024390243902439025
2006-07,Jamaal Tinsley,tinslja01,PG,28,IND,72,72,2243,8.0,20.6,0.389,1.4,4.5,0.316,6.6,16.1,0.409,4.0,5.5,0.72,1.4,4.2,5.6,11.4,2.7,0.6,4.6,4.4,21.4,98.0,105.0,2007,Jamaal Tinsley-2007,0.0,Not Selected,Guard,IND,0.028455284552845527
2006-07,Jake Tsakalidis,tsakaja01,C,27,TOT,36,7,390,3.9,9.6,0.40299999999999997,0.0,0.0,0.0,3.9,9.6,0.40299999999999997,3.5,5.2,0.667,5.6,8.2,13.8,0.7,1.1,1.6,3.2,6.8,11.2,95.0,108.0,2007,Jake Tsakalidis-2007,0.0,Not Selected,Center,TOT,0.03333333333333334
2006-07,P.J. Tucker,tuckepj01,SF,21,TOR,17,0,83,6.9,13.7,0.5,0.0,0.0,0.0,6.9,13.7,0.5,5.0,8.7,0.5710000000000001,6.9,7.5,14.4,1.9,1.2,0.0,3.7,7.5,18.7,104.0,107.0,2007,P.J. Tucker-2007,0.0,Not Selected,Forward,TOR,0.038211382113821135
2006-07,Ronny Turiaf,turiaro01,C,24,LAL,72,1,1087,6.9,12.7,0.5489999999999999,0.0,0.0,0.0,6.9,12.6,0.551,4.2,6.3,0.664,4.2,8.1,12.2,3.0,0.8,3.7,2.5,9.5,18.1,116.0,106.0,2007,Ronny Turiaf-2007,0.0,Not Selected,Center,LAL,0.03414634146341464
2006-07,Hedo Türkoğlu,turkohe01,SF,27,ORL,73,73,2268,8.1,19.4,0.419,2.6,6.6,0.38799999999999996,5.6,12.8,0.435,4.0,5.2,0.7809999999999999,1.3,5.6,6.9,5.5,1.6,0.4,3.4,5.2,22.8,106.0,105.0,2007,Hedo Türkoğlu-2007,0.0,Not Selected,Forward,ORL,0.032520325203252036
2006-07,Ime Udoka,udokaim01,SF,29,POR,75,75,2144,6.0,13.0,0.461,2.3,5.6,0.406,3.8,7.5,0.502,1.7,2.3,0.742,2.4,4.7,7.1,2.8,1.8,0.4,1.9,5.2,15.9,114.0,111.0,2007,Ime Udoka-2007,0.0,Not Selected,Forward,POR,0.026016260162601626
2006-07,Beno Udrih,udrihbe01,PG,24,SAS,73,1,948,7.2,19.4,0.369,1.9,6.5,0.287,5.3,12.9,0.41,3.0,3.4,0.883,0.6,4.0,4.6,6.9,1.5,0.1,3.2,3.9,19.2,95.0,103.0,2007,Beno Udrih-2007,0.0,Not Selected,Guard,SAS,0.04715447154471545
2006-07,Anderson Varejão,varejan01,C,24,CLE,81,6,1932,5.2,11.0,0.47600000000000003,0.0,0.2,0.0,5.2,10.7,0.48700000000000004,4.5,7.3,0.616,5.2,9.7,14.9,2.1,2.1,1.4,1.8,7.4,15.0,113.0,98.0,2007,Anderson Varejão-2007,0.0,Not Selected,Center,CLE,0.04065040650406504
2006-07,Jacque Vaughn,vaughja01,PG,31,SAS,64,4,760,5.0,11.7,0.425,0.1,0.1,0.5,4.9,11.6,0.424,3.4,4.6,0.754,0.6,4.2,4.8,9.2,1.7,0.1,2.8,5.2,13.5,105.0,102.0,2007,Jacque Vaughn-2007,0.0,Not Selected,Guard,SAS,0.04715447154471545
2006-07,Charlie Villanueva,villach01,PF,22,MIL,39,17,984,9.5,20.2,0.47,1.5,4.5,0.337,8.0,15.7,0.508,3.9,4.7,0.82,3.3,8.8,12.0,1.9,1.3,0.6,2.9,5.7,24.4,107.0,110.0,2007,Charlie Villanueva-2007,0.0,Not Selected,Forward,MIL,0.022764227642276424
2006-07,Marcus Vinicius,vincima01,SF,22,NOK,13,0,103,3.6,7.7,0.467,1.5,3.6,0.429,2.1,4.1,0.5,2.6,3.6,0.7140000000000001,1.0,4.6,5.7,2.6,1.0,0.5,3.1,5.2,11.4,102.0,109.0,2007,Marcus Vinicius-2007,0.0,Not Selected,Forward,NOP,0.03170731707317073
2006-07,Jake Voskuhl,voskuja01,C,29,CHA,73,9,1043,6.1,12.8,0.475,0.0,0.0,0.0,6.1,12.8,0.475,3.9,5.7,0.6809999999999999,4.2,8.6,12.8,2.2,1.5,1.2,2.8,10.0,16.0,103.0,106.0,2007,Jake Voskuhl-2007,0.0,Not Selected,Center,CHO,0.026829268292682926
2006-07,Sasha Vujačić,vujacsa01,SG,22,LAL,73,4,935,5.8,14.7,0.392,3.3,8.8,0.373,2.5,5.9,0.42100000000000004,2.4,2.7,0.878,1.5,4.3,5.9,3.5,2.3,0.1,1.6,5.7,17.2,112.0,110.0,2007,Sasha Vujačić-2007,0.0,Not Selected,Guard,LAL,0.03414634146341464
2006-07,Dwyane Wade,wadedw01,SG,25,MIA,51,50,1931,13.0,26.6,0.491,0.6,2.2,0.266,12.5,24.4,0.511,11.9,14.8,0.807,1.4,5.2,6.6,10.6,3.0,1.7,6.0,3.2,38.6,112.0,103.0,2007,Dwyane Wade-2007,3.0,3rd,Guard,MIA,0.03577235772357724
2006-07,Von Wafer,wafervo01,SF,21,LAC,1,0,1,0.0,52.9,0.0,0.0,52.9,0.0,0.0,0.0,0.0,0.0,0.0,0.0,0.0,0.0,0.0,0.0,0.0,0.0,0.0,0.0,0.0,0.0,115.0,2007,Von Wafer-2007,0.0,Not Selected,Forward,LAC,0.032520325203252036
2006-07,Dajuan Wagner,wagneda02,SG,23,GSW,1,0,7,6.9,6.9,1.0,6.9,6.9,1.0,0.0,0.0,0.0,6.9,13.8,0.5,0.0,0.0,0.0,6.9,0.0,0.0,6.9,6.9,27.7,123.0,117.0,2007,Dajuan Wagner-2007,0.0,Not Selected,Guard,GSW,0.03414634146341464
2006-07,Antoine Walker,walkean02,PF,30,MIA,78,15,1818,7.8,19.6,0.397,2.5,9.0,0.275,5.3,10.7,0.499,1.4,3.1,0.43799999999999994,2.7,7.3,10.0,3.8,1.4,0.5,4.1,5.1,19.4,89.0,106.0,2007,Antoine Walker-2007,0.0,Not Selected,Forward,MIA,0.03577235772357724
2006-07,Ben Wallace,wallabe01,C,32,CHI,77,77,2697,3.6,8.1,0.45299999999999996,0.0,0.1,0.2,3.6,8.0,0.456,2.1,5.1,0.408,5.8,9.8,15.6,3.5,2.1,3.0,1.9,2.9,9.4,106.0,95.0,2007,Ben Wallace-2007,0.0,Not Selected,Center,CHI,0.03983739837398374
2006-07,Gerald Wallace,wallage01,SF,24,CHA,72,71,2640,9.4,18.8,0.502,0.8,2.4,0.325,8.7,16.4,0.528,6.1,8.8,0.691,2.8,7.4,10.2,3.7,2.8,1.4,3.2,4.1,25.8,110.0,104.0,2007,Gerald Wallace-2007,0.0,Not Selected,Forward,CHO,0.026829268292682926
2006-07,Rasheed Wallace,wallara01,C,32,DET,75,72,2419,8.1,19.2,0.423,2.4,6.7,0.35100000000000003,5.8,12.4,0.46299999999999997,2.5,3.1,0.7879999999999999,2.0,10.3,12.3,2.9,1.7,2.7,2.1,5.1,21.1,105.0,100.0,2007,Rasheed Wallace-2007,0.0,Not Selected,Center,DET,0.043089430894308944
2006-07,Luke Walton,waltolu01,SF,26,LAL,60,60,1982,6.8,14.4,0.474,1.2,3.2,0.387,5.6,11.2,0.499,2.8,3.8,0.745,2.3,5.6,7.8,6.7,1.6,0.5,3.1,3.0,17.7,110.0,110.0,2007,Luke Walton-2007,0.0,Not Selected,Forward,LAL,0.03414634146341464
2006-07,Hakim Warrick,warriha01,PF,24,MEM,82,43,2152,8.9,17.0,0.524,0.0,0.2,0.0,8.9,16.8,0.53,7.1,9.2,0.7709999999999999,3.1,6.9,10.0,1.8,1.0,0.7,3.8,5.5,24.9,109.0,113.0,2007,Hakim Warrick-2007,0.0,Not Selected,Forward,MEM,0.01788617886178862
2006-07,Earl Watson,watsoea01,PG,27,SEA,77,25,2152,6.4,16.7,0.38299999999999995,2.2,6.8,0.32899999999999996,4.2,9.9,0.42,2.6,3.6,0.735,0.8,3.7,4.5,10.6,2.4,0.6,4.1,3.7,17.6,101.0,111.0,2007,Earl Watson-2007,0.0,Not Selected,Guard,OKC,0.025203252032520326
2006-07,Chris Webber,webbech01,PF,33,TOT,61,60,1821,8.6,19.1,0.452,0.1,0.3,0.364,8.5,18.7,0.45399999999999996,3.0,4.8,0.638,3.7,9.3,13.0,5.6,1.8,1.2,3.2,4.3,20.4,101.0,103.0,2007,Chris Webber-2007,0.0,Not Selected,Forward,TOT,0.03333333333333334
2006-07,Martell Webster,webstma02,SF,20,POR,82,27,1759,6.0,15.2,0.396,2.8,7.7,0.364,3.2,7.5,0.43,2.9,4.1,0.705,1.3,6.1,7.4,1.6,1.1,0.6,2.3,3.9,17.7,102.0,112.0,2007,Martell Webster-2007,0.0,Not Selected,Forward,POR,0.026016260162601626
2006-07,Bonzi Wells,wellsbo01,SF,30,HOU,28,1,590,7.6,18.6,0.41100000000000003,0.1,0.6,0.14300000000000002,7.5,17.9,0.42,4.1,7.4,0.561,2.3,8.4,10.8,2.8,2.2,1.2,5.1,5.6,19.5,82.0,98.0,2007,Bonzi Wells-2007,0.0,Not Selected,Forward,HOU,0.04227642276422764
2006-07,David Wesley,wesleda01,SG,36,CLE,35,5,352,3.3,11.3,0.293,1.4,5.7,0.237,2.0,5.6,0.35100000000000003,3.0,4.2,0.7140000000000001,0.5,4.8,5.3,5.6,1.8,0.6,2.6,4.8,11.0,91.0,103.0,2007,David Wesley-2007,0.0,Not Selected,Guard,CLE,0.04065040650406504
2006-07,David West,westda01,PF,26,NOK,52,52,1900,10.6,22.2,0.47600000000000003,0.2,0.7,0.32,10.3,21.5,0.48100000000000004,5.2,6.4,0.8240000000000001,3.5,8.3,11.9,3.2,1.2,1.1,2.7,4.0,26.6,110.0,106.0,2007,David West-2007,0.0,Not Selected,Forward,NOP,0.03170731707317073
2006-07,Delonte West,westde01,SG,23,BOS,69,47,2219,7.2,16.9,0.42700000000000005,1.5,4.2,0.365,5.7,12.7,0.447,3.9,4.6,0.853,0.8,4.1,4.9,7.1,1.7,0.8,3.3,3.6,19.9,105.0,108.0,2007,Delonte West-2007,0.0,Not Selected,Guard,BOS,0.01951219512195122
2006-07,James White,whiteja02,SG,24,SAS,6,2,137,7.0,16.0,0.439,0.8,2.7,0.28600000000000003,6.2,13.3,0.47100000000000003,4.7,5.9,0.8,1.2,6.6,7.8,2.0,1.2,0.4,2.0,2.7,19.5,104.0,102.0,2007,James White-2007,0.0,Not Selected,Guard,SAS,0.04715447154471545
2006-07,Chris Wilcox,wilcoch01,PF,24,SEA,82,81,2586,8.8,16.6,0.529,0.0,0.1,0.0,8.8,16.4,0.5329999999999999,4.9,7.1,0.684,3.6,9.1,12.7,1.7,1.4,0.8,2.6,5.0,22.4,112.0,109.0,2007,Chris Wilcox-2007,0.0,Not Selected,Forward,OKC,0.025203252032520326
2006-07,Damien Wilkins,wilkida02,SF,27,SEA,82,31,2037,6.7,15.4,0.435,1.3,3.1,0.41,5.4,12.3,0.442,3.8,4.4,0.882,2.2,3.6,5.9,4.0,2.4,0.4,3.0,4.0,18.6,106.0,111.0,2007,Damien Wilkins-2007,0.0,Not Selected,Forward,OKC,0.025203252032520326
2006-07,Mike Wilks,wilksmi01,PG,27,SEA,47,4,534,6.5,13.8,0.46799999999999997,0.5,1.5,0.33299999999999996,6.0,12.3,0.484,3.2,4.1,0.7859999999999999,1.5,3.8,5.3,7.7,1.5,0.4,3.0,5.2,16.6,109.0,113.0,2007,Mike Wilks-2007,0.0,Not Selected,Guard,OKC,0.025203252032520326
2006-07,Aaron Williams,williaa01,PF,35,LAC,38,7,374,4.1,7.5,0.547,0.0,0.1,0.0,4.1,7.4,0.5579999999999999,2.5,3.1,0.818,3.8,8.2,12.0,1.0,1.0,2.0,2.5,7.9,10.7,108.0,105.0,2007,Aaron Williams-2007,0.0,Not Selected,Forward,LAC,0.032520325203252036
2006-07,Alvin Williams,willial02,PG,32,LAC,2,0,10,0.0,10.6,0.0,0.0,5.3,0.0,0.0,5.3,0.0,10.6,21.2,0.5,5.3,0.0,5.3,15.9,10.6,0.0,15.9,0.0,10.6,57.0,93.0,2007,Alvin Williams-2007,0.0,Not Selected,Guard,LAC,0.032520325203252036
2006-07,Deron Williams,willide01,PG,22,UTA,80,80,2950,8.8,19.2,0.456,1.5,4.5,0.322,7.3,14.7,0.498,4.0,5.3,0.767,0.7,4.0,4.7,13.2,1.4,0.2,4.4,4.5,23.0,111.0,110.0,2007,Deron Williams-2007,0.0,Not Selected,Guard,UTA,0.041463414634146344
2006-07,Eric Williams,willier01,SF,34,TOT,21,0,121,8.3,20.6,0.40399999999999997,3.5,8.3,0.42100000000000004,4.8,12.3,0.39299999999999996,3.5,6.1,0.5710000000000001,1.3,6.1,7.5,3.1,1.3,0.0,3.1,5.3,23.7,97.0,104.0,2007,Eric Williams-2007,0.0,Not Selected,Forward,TOT,0.03333333333333334
2006-07,Jason Williams,willija02,PG,31,MIA,61,55,1865,6.7,16.3,0.413,2.9,8.4,0.33899999999999997,3.9,7.8,0.493,2.7,2.9,0.9129999999999999,0.5,3.5,4.0,9.2,1.7,0.0,2.9,1.9,19.0,111.0,109.0,2007,Jason Williams-2007,0.0,Not Selected,Guard,MIA,0.03577235772357724
2006-07,Justin Williams,williju01,C,22,SAC,26,1,333,8.2,13.4,0.614,0.0,0.2,0.0,8.2,13.2,0.621,3.5,9.6,0.365,7.8,9.7,17.5,0.3,0.8,2.4,2.3,7.8,19.9,113.0,106.0,2007,Justin Williams-2007,0.0,Not Selected,Center,SAC,0.026829268292682926
2006-07,Lou Williams,willilo02,PG,20,PHI,61,0,688,7.2,16.2,0.441,0.9,2.8,0.324,6.2,13.4,0.466,4.9,7.1,0.696,1.3,4.1,5.4,8.5,1.7,0.1,3.5,3.2,20.2,105.0,109.0,2007,Lou Williams-2007,0.0,Not Selected,Guard,PHI,0.028455284552845527
2006-07,Marcus Williams,willima03,PG,21,NJN,79,2,1315,8.3,21.0,0.395,1.8,6.5,0.282,6.5,14.5,0.446,2.9,3.4,0.847,1.2,5.4,6.5,10.4,1.2,0.1,5.7,3.8,21.3,92.0,109.0,2007,Marcus Williams-2007,0.0,Not Selected,Guard,BRK,0.03333333333333333
2006-07,Marvin Williams,willima02,PF,20,ATL,64,63,2179,7.5,17.3,0.433,0.3,1.1,0.244,7.2,16.2,0.446,5.3,6.5,0.815,2.1,6.2,8.2,3.0,1.3,0.7,3.1,4.7,20.5,101.0,110.0,2007,Marvin Williams-2007,0.0,Not Selected,Forward,ATL,0.024390243902439025
2006-07,Mo Williams,willima01,PG,24,MIL,68,68,2472,9.8,22.1,0.446,1.7,4.8,0.34600000000000003,8.2,17.3,0.474,3.3,3.9,0.855,1.1,5.8,6.9,8.7,1.8,0.1,4.3,4.2,24.7,104.0,112.0,2007,Mo Williams-2007,0.0,Not Selected,Guard,MIL,0.022764227642276424
2006-07,Shammond Williams,willish01,PG,31,LAL,30,0,345,5.2,12.8,0.40700000000000003,3.0,7.4,0.4,2.2,5.4,0.41700000000000004,0.6,0.9,0.667,1.6,4.3,5.9,4.6,1.8,0.0,1.9,3.0,14.0,109.0,111.0,2007,Shammond Williams-2007,0.0,Not Selected,Guard,LAL,0.03414634146341464
2006-07,Shawne Williams,willish03,SG,20,IND,46,3,556,7.0,14.9,0.469,1.8,4.9,0.365,5.2,10.1,0.519,1.0,1.9,0.55,3.1,4.7,7.8,2.1,0.6,0.7,2.2,6.4,16.8,105.0,109.0,2007,Shawne Williams-2007,0.0,Not Selected,Guard,IND,0.028455284552845527
2006-07,Shelden Williams,willish02,PF,23,ATL,81,31,1514,5.8,12.9,0.455,0.1,0.1,0.5,5.8,12.7,0.45399999999999996,3.9,5.1,0.764,4.6,10.7,15.3,1.6,1.8,1.4,3.4,7.0,15.6,100.0,105.0,2007,Shelden Williams-2007,0.0,Not Selected,Forward,ATL,0.024390243902439025
2006-07,Corliss Williamson,willico02,PF,33,SAC,68,1,1337,8.9,17.5,0.51,0.0,0.1,0.0,8.9,17.5,0.512,5.6,7.8,0.715,2.4,6.0,8.4,1.5,1.1,0.6,3.7,6.9,23.5,102.0,110.0,2007,Corliss Williamson-2007,0.0,Not Selected,Forward,SAC,0.026829268292682926
2006-07,Kevin Willis,willike02,PF,44,DAL,5,0,43,6.2,16.2,0.385,0.0,0.0,0.0,6.2,16.2,0.385,2.5,2.5,1.0,2.5,7.5,10.0,1.2,2.5,1.2,2.5,13.7,15.0,90.0,100.0,2007,Kevin Willis-2007,0.0,Not Selected,Forward,DAL,0.05447154471544716
2006-07,Metta World Peace,artesro01,SF,27,SAC,70,65,2641,8.8,19.9,0.44,1.8,5.0,0.358,7.0,15.0,0.46799999999999997,5.9,8.0,0.74,2.0,6.7,8.7,4.5,2.9,0.8,2.8,3.9,25.2,108.0,105.0,2007,Metta World Peace-2007,0.0,Not Selected,Forward,SAC,0.026829268292682926
2006-07,Antoine Wright,wrighan01,SG,22,NJN,63,23,1137,5.1,11.6,0.43799999999999994,0.9,2.7,0.322,4.2,8.9,0.474,2.0,3.4,0.603,1.8,6.3,8.1,2.5,1.4,0.5,2.0,5.5,13.1,98.0,107.0,2007,Antoine Wright-2007,0.0,Not Selected,Guard,BRK,0.03333333333333333
2006-07,Bracey Wright,wrighbr02,SG,22,MIN,19,0,190,6.7,16.7,0.4,1.7,5.6,0.3,5.0,11.1,0.45,3.6,5.0,0.722,1.9,3.9,5.8,4.2,2.5,0.3,1.7,1.7,18.6,105.0,108.0,2007,Bracey Wright-2007,0.0,Not Selected,Guard,MIN,0.026016260162601626
2006-07,Dorell Wright,wrighdo01,SF,21,MIA,66,19,1292,6.7,15.0,0.445,0.2,1.4,0.147,6.5,13.6,0.47600000000000003,2.6,3.6,0.7440000000000001,1.7,9.6,11.2,3.9,1.7,1.9,2.7,4.6,16.2,97.0,102.0,2007,Dorell Wright-2007,0.0,Not Selected,Forward,MIA,0.03577235772357724
2006-07,Lorenzen Wright,wrighlo02,C,31,ATL,67,31,1035,4.2,9.4,0.44799999999999995,0.0,0.0,0.0,4.2,9.4,0.44799999999999995,0.5,1.6,0.281,4.4,6.8,11.1,2.1,1.4,1.4,2.0,10.5,8.9,95.0,108.0,2007,Lorenzen Wright-2007,0.0,Not Selected,Center,ATL,0.024390243902439025
2007-08,Shareef Abdur-Rahim,abdursh01,PF,31,SAC,6,0,51,3.0,13.9,0.214,0.0,0.0,0.0,3.0,13.9,0.214,4.0,4.0,1.0,6.0,4.0,9.9,4.0,1.0,0.0,1.0,8.9,9.9,95.0,114.0,2008,Shareef Abdur-Rahim-2008,0.0,Not Selected,Forward,SAC,0.030894308943089432
2007-08,Arron Afflalo,afflaar01,SG,22,DET,75,9,970,5.6,13.7,0.41100000000000003,0.6,2.7,0.20800000000000002,5.0,10.9,0.461,3.9,4.9,0.782,2.0,5.7,7.8,2.9,1.8,0.5,1.9,4.7,15.6,104.0,104.0,2008,Arron Afflalo-2008,0.0,Not Selected,Guard,DET,0.04796747967479675
2007-08,Maurice Ager,agerma01,SG,23,TOT,26,3,165,6.7,20.8,0.32299999999999995,1.0,6.1,0.158,5.8,14.7,0.391,1.9,3.8,0.5,1.3,2.9,4.2,2.6,0.0,0.3,1.9,5.4,16.3,77.0,114.0,2008,Maurice Ager-2008,0.0,Not Selected,Guard,TOT,0.03333333333333333
2007-08,Blake Ahearn,ahearbl01,PG,23,MIA,12,0,177,4.5,17.1,0.263,3.0,10.2,0.294,1.5,6.9,0.217,9.0,9.3,0.968,0.3,5.4,5.7,5.7,1.8,0.0,4.8,6.0,21.0,94.0,111.0,2008,Blake Ahearn-2008,0.0,Not Selected,Guard,MIA,0.012195121951219513
2007-08,LaMarcus Aldridge,aldrila01,PF,22,POR,76,76,2649,11.6,23.9,0.484,0.0,0.1,0.14300000000000002,11.5,23.8,0.486,4.7,6.1,0.762,4.5,7.4,11.9,2.5,1.1,1.9,2.6,4.9,27.8,108.0,107.0,2008,LaMarcus Aldridge-2008,0.0,Not Selected,Forward,POR,0.03333333333333333
2007-08,Malik Allen,allenma01,PF,29,TOT,73,16,1096,7.5,15.7,0.48,0.0,0.1,0.5,7.5,15.6,0.48,1.1,1.2,0.92,3.2,6.3,9.4,2.1,0.9,1.5,2.2,7.2,16.3,100.0,109.0,2008,Malik Allen-2008,0.0,Not Selected,Forward,TOT,0.03333333333333333
2007-08,Ray Allen,allenra02,SG,32,BOS,73,73,2624,8.8,19.8,0.445,3.6,9.1,0.39799999999999996,5.2,10.7,0.485,4.3,4.8,0.907,1.5,3.9,5.4,4.5,1.3,0.3,2.6,3.0,25.6,116.0,103.0,2008,Ray Allen-2008,0.0,Not Selected,Guard,BOS,0.05365853658536585
2007-08,Tony Allen,allento01,SG,26,BOS,75,11,1373,6.5,15.0,0.434,0.7,2.2,0.316,5.8,12.8,0.455,5.3,7.0,0.762,1.3,5.2,6.5,4.4,2.4,0.8,4.2,6.5,19.0,98.0,99.0,2008,Tony Allen-2008,0.0,Not Selected,Guard,BOS,0.05365853658536585
2007-08,Lance Allred,allrela01,C,26,CLE,3,0,10,5.3,21.3,0.25,0.0,0.0,0.0,5.3,21.3,0.25,5.3,10.6,0.5,0.0,5.3,5.3,0.0,0.0,0.0,0.0,5.3,16.0,72.0,112.0,2008,Lance Allred-2008,0.0,Not Selected,Center,CLE,0.036585365853658534
2007-08,Morris Almond,almonmo01,SG,22,UTA,9,0,39,5.3,19.8,0.267,1.3,5.3,0.25,4.0,14.5,0.273,5.3,7.9,0.667,0.0,2.6,2.6,4.0,1.3,0.0,2.6,6.6,17.2,81.0,111.0,2008,Morris Almond-2008,0.0,Not Selected,Guard,UTA,0.04390243902439024
2007-08,Rafer Alston,alstora01,PG,31,HOU,74,74,2526,7.7,19.4,0.39399999999999996,3.0,8.6,0.35100000000000003,4.6,10.9,0.42700000000000005,2.1,2.9,0.715,0.6,4.9,5.5,8.2,2.1,0.4,3.4,2.9,20.4,102.0,103.0,2008,Rafer Alston-2008,0.0,Not Selected,Guard,HOU,0.044715447154471545
2007-08,Lou Amundson,amundlo01,PF,25,PHI,16,0,64,6.6,13.3,0.5,0.0,0.0,0.0,6.6,13.3,0.5,1.7,5.8,0.28600000000000003,5.8,4.1,10.0,0.0,0.8,0.8,1.7,10.8,14.9,101.0,110.0,2008,Lou Amundson-2008,0.0,Not Selected,Forward,PHI,0.032520325203252036
2007-08,Chris Andersen,anderch01,C,29,NOH,5,0,34,3.1,11.0,0.28600000000000003,0.0,0.0,0.0,3.1,11.0,0.28600000000000003,3.1,6.3,0.5,3.1,11.0,14.1,0.0,0.0,6.3,1.6,9.4,9.4,78.0,101.0,2008,Chris Andersen-2008,0.0,Not Selected,Center,NOP,0.04552845528455285
2007-08,Derek Anderson,anderde01,SG,33,CHA,28,0,396,6.2,16.5,0.376,2.5,6.9,0.365,3.7,9.6,0.384,3.7,5.0,0.737,1.2,5.7,6.9,5.8,1.6,0.1,3.3,6.5,18.6,99.0,111.0,2008,Derek Anderson-2008,0.0,Not Selected,Guard,CHO,0.026016260162601626
2007-08,Carmelo Anthony,anthoca01,SF,23,DEN,77,77,2806,12.5,25.4,0.49200000000000005,1.0,2.8,0.354,11.5,22.6,0.509,8.0,10.1,0.7859999999999999,3.1,6.7,9.8,4.4,1.7,0.7,4.3,4.3,33.9,109.0,107.0,2008,Carmelo Anthony-2008,0.0,Not Selected,Forward,DEN,0.04065040650406504
2007-08,Joel Anthony,anthojo01,PF,25,MIA,24,1,498,3.0,6.4,0.467,0.0,0.0,0.0,3.0,6.4,0.467,3.1,5.2,0.5920000000000001,4.1,5.9,9.9,0.3,1.0,3.3,1.8,5.9,9.1,104.0,109.0,2008,Joel Anthony-2008,0.0,Not Selected,Forward,MIA,0.012195121951219513
2007-08,Gilbert Arenas,arenagi01,PG,26,WAS,13,8,425,9.8,24.7,0.39799999999999996,2.8,9.8,0.282,7.1,14.9,0.475,9.3,12.1,0.7709999999999999,0.8,5.7,6.4,8.3,2.9,0.1,6.2,3.8,31.8,102.0,109.0,2008,Gilbert Arenas-2008,0.0,Not Selected,Guard,WAS,0.034959349593495934
2007-08,Trevor Ariza,arizatr01,SF,22,TOT,35,3,546,6.4,12.6,0.507,0.5,1.7,0.278,5.9,10.9,0.542,4.5,6.9,0.653,2.8,7.2,10.0,4.1,2.9,1.0,2.1,4.2,17.7,116.0,103.0,2008,Trevor Ariza-2008,0.0,Not Selected,Forward,TOT,0.03333333333333333
2007-08,Darrell Armstrong,armstda01,PG,39,NJN,50,2,549,3.8,10.5,0.364,2.2,6.6,0.33299999999999996,1.6,3.9,0.415,1.9,2.9,0.667,1.6,4.8,6.4,7.0,2.7,0.2,3.9,5.1,11.8,95.0,109.0,2008,Darrell Armstrong-2008,0.0,Not Selected,Guard,BRK,0.027642276422764227
2007-08,Hilton Armstrong,armsthi01,C,23,NOH,65,3,732,4.9,10.8,0.45299999999999996,0.0,0.0,0.0,4.9,10.8,0.45299999999999996,3.2,5.1,0.629,4.7,7.1,11.9,1.7,1.1,2.5,4.3,9.5,13.0,92.0,105.0,2008,Hilton Armstrong-2008,0.0,Not Selected,Center,NOP,0.04552845528455285
2007-08,Carlos Arroyo,arroyca01,PG,28,ORL,62,20,1269,6.4,14.1,0.451,1.2,3.4,0.345,5.2,10.7,0.485,3.5,4.1,0.853,0.4,4.2,4.6,8.9,1.1,0.1,3.1,3.4,17.4,111.0,109.0,2008,Carlos Arroyo-2008,0.0,Not Selected,Guard,ORL,0.04227642276422764
2007-08,Chucky Atkins,atkinch01,SG,33,DEN,24,0,352,5.7,16.7,0.344,3.4,10.8,0.316,2.3,5.9,0.395,0.5,1.2,0.444,0.4,3.8,4.2,6.4,1.2,0.1,1.4,3.7,15.4,101.0,111.0,2008,Chucky Atkins-2008,0.0,Not Selected,Guard,DEN,0.04065040650406504
2007-08,James Augustine,augusja01,PF,23,ORL,25,0,149,6.2,11.7,0.529,0.0,0.0,0.0,6.2,11.7,0.529,1.4,2.8,0.5,5.5,4.8,10.4,0.7,1.7,0.7,2.1,6.2,13.8,109.0,106.0,2008,James Augustine-2008,0.0,Not Selected,Forward,ORL,0.04227642276422764
2007-08,Kelenna Azubuike,azubuke01,SG,24,GSW,81,17,1732,7.3,16.5,0.445,2.0,5.5,0.364,5.3,11.0,0.485,2.8,3.9,0.7170000000000001,3.0,6.1,9.1,2.1,1.3,1.0,1.6,4.5,19.4,112.0,111.0,2008,Kelenna Azubuike-2008,0.0,Not Selected,Guard,GSW,0.03902439024390244
2007-08,Renaldo Balkman,balkmre01,SF,23,NYK,65,0,952,5.0,10.2,0.489,0.1,0.7,0.083,5.0,9.6,0.517,2.3,5.2,0.43200000000000005,4.6,7.3,11.9,2.2,2.4,1.7,2.0,7.3,12.3,104.0,108.0,2008,Renaldo Balkman-2008,0.0,Not Selected,Forward,NYK,0.01869918699186992
2007-08,Marcus Banks,banksma01,PG,26,TOT,36,3,569,7.7,17.2,0.45,3.6,9.2,0.392,4.1,8.0,0.517,2.4,3.1,0.7709999999999999,0.4,3.7,4.0,5.5,1.3,1.2,3.3,5.8,21.5,106.0,111.0,2008,Marcus Banks-2008,0.0,Not Selected,Guard,TOT,0.03333333333333333
2007-08,Leandro Barbosa,barbole01,SG,25,PHO,82,12,2421,9.7,20.9,0.462,3.4,8.7,0.389,6.3,12.3,0.514,3.6,4.4,0.8220000000000001,0.8,3.9,4.7,4.4,1.5,0.4,2.4,4.0,26.3,111.0,111.0,2008,Leandro Barbosa-2008,0.0,Not Selected,Guard,PHO,0.044715447154471545
2007-08,J.J. Barea,bareajo01,PG,23,DAL,44,9,460,8.2,19.7,0.418,2.4,6.2,0.389,5.8,13.4,0.431,3.2,4.1,0.8,0.5,5.0,5.4,6.7,1.6,0.1,4.1,5.6,22.1,99.0,108.0,2008,J.J. Barea-2008,0.0,Not Selected,Guard,DAL,0.041463414634146344
2007-08,Andrea Bargnani,bargnan01,PF,22,TOR,78,53,1861,8.0,20.7,0.386,2.6,7.5,0.345,5.4,13.3,0.409,4.1,4.8,0.84,1.4,6.8,8.2,2.5,0.7,1.1,2.5,6.0,22.6,98.0,109.0,2008,Andrea Bargnani-2008,0.0,Not Selected,Forward,TOR,0.03333333333333333
2007-08,Matt Barnes,barnema02,PF,27,GSW,73,18,1414,6.4,15.2,0.423,1.8,6.2,0.293,4.6,9.0,0.513,2.0,2.7,0.747,3.2,7.9,11.1,4.8,1.6,1.2,2.9,5.5,16.7,105.0,108.0,2008,Matt Barnes-2008,0.0,Not Selected,Forward,GSW,0.03902439024390244
2007-08,Andre Barrett,barrean01,PG,25,LAC,4,0,25,4.2,10.4,0.4,2.1,6.3,0.33299999999999996,2.1,4.2,0.5,2.1,4.2,0.5,0.0,2.1,2.1,14.6,0.0,0.0,2.1,2.1,12.5,117.0,116.0,2008,Andre Barrett-2008,0.0,Not Selected,Guard,LAC,0.01869918699186992
2007-08,Earl Barron,barroea01,C,26,MIA,46,15,889,7.9,19.6,0.40399999999999997,0.1,0.8,0.077,7.8,18.8,0.41700000000000004,3.6,5.2,0.701,4.0,7.8,11.8,1.7,1.1,0.5,2.9,6.8,19.5,91.0,110.0,2008,Earl Barron-2008,0.0,Not Selected,Center,MIA,0.012195121951219513
2007-08,Brent Barry,barrybr01,SF,36,SAS,31,1,554,7.5,15.6,0.48100000000000004,4.7,10.9,0.429,2.8,4.7,0.604,1.9,2.0,0.95,1.2,4.2,5.4,5.3,1.7,0.3,1.8,4.2,21.6,128.0,104.0,2008,Brent Barry-2008,0.0,Not Selected,Forward,SAS,0.04552845528455285
2007-08,Brandon Bass,bassbr01,C,22,DAL,79,1,1557,8.4,16.9,0.499,0.0,0.1,0.0,8.4,16.7,0.503,5.5,6.7,0.8220000000000001,4.1,7.8,11.9,2.0,0.8,1.6,2.8,5.1,22.4,112.0,106.0,2008,Brandon Bass-2008,0.0,Not Selected,Center,DAL,0.041463414634146344
2007-08,Maceo Baston,bastoma01,PF,32,TOR,15,2,103,8.8,12.9,0.68,0.0,0.0,0.0,8.8,12.9,0.68,3.6,5.2,0.7,4.6,8.8,13.4,1.5,1.0,2.1,2.1,10.3,21.2,131.0,105.0,2008,Maceo Baston-2008,0.0,Not Selected,Forward,TOR,0.03333333333333333
2007-08,Shane Battier,battish01,SF,29,HOU,80,78,2907,4.8,11.3,0.428,2.5,6.7,0.377,2.3,4.6,0.504,1.4,1.8,0.743,2.4,5.0,7.4,2.8,1.4,1.6,1.4,3.6,13.6,117.0,103.0,2008,Shane Battier-2008,0.0,Not Selected,Forward,HOU,0.044715447154471545
2007-08,Marco Belinelli,belinma01,SG,21,GSW,33,0,241,7.3,18.7,0.387,3.2,8.3,0.39,4.0,10.5,0.385,1.4,1.8,0.778,0.6,2.2,2.8,3.0,1.0,0.0,2.4,3.0,19.1,97.0,115.0,2008,Marco Belinelli-2008,0.0,Not Selected,Guard,GSW,0.03902439024390244
2007-08,Charlie Bell,bellch01,SG,28,MIL,68,5,1628,6.0,15.7,0.381,2.4,7.0,0.341,3.6,8.7,0.413,2.3,2.8,0.805,1.0,4.4,5.4,6.8,1.7,0.1,2.5,3.9,16.6,105.0,115.0,2008,Charlie Bell-2008,0.0,Not Selected,Guard,MIL,0.02113821138211382
2007-08,Raja Bell,bellra01,SG,31,PHO,75,75,2646,5.9,14.1,0.42100000000000004,3.3,8.2,0.401,2.6,5.9,0.449,1.5,1.7,0.868,0.9,4.3,5.1,3.2,1.0,0.5,1.2,4.1,16.7,113.0,111.0,2008,Raja Bell-2008,0.0,Not Selected,Guard,PHO,0.044715447154471545
2007-08,Mike Bibby,bibbymi01,PG,29,TOT,48,44,1573,8.2,20.0,0.41100000000000003,3.1,8.2,0.375,5.1,11.8,0.43700000000000006,2.6,3.3,0.78,0.5,4.8,5.3,9.6,1.8,0.1,3.9,3.2,22.1,104.0,111.0,2008,Mike Bibby-2008,0.0,Not Selected,Guard,TOT,0.03333333333333333
2007-08,Andris Biedriņš,biedran01,C,21,GSW,76,59,2078,7.9,12.7,0.626,0.0,0.0,0.0,7.9,12.7,0.626,2.7,4.4,0.62,6.0,11.4,17.4,1.8,1.3,2.2,2.0,6.1,18.6,127.0,106.0,2008,Andris Biedriņš-2008,0.0,Not Selected,Center,GSW,0.03902439024390244
2007-08,Chauncey Billups,billuch01,PG,31,DET,78,78,2522,8.6,19.1,0.44799999999999995,3.0,7.5,0.401,5.6,11.7,0.479,8.7,9.5,0.9179999999999999,0.9,3.7,4.6,11.5,2.2,0.4,3.5,2.8,28.9,127.0,105.0,2008,Chauncey Billups-2008,0.0,Not Selected,Guard,DET,0.04796747967479675
2007-08,Steve Blake,blakest01,PG,27,POR,81,78,2424,5.9,14.4,0.408,2.7,6.7,0.406,3.2,7.7,0.409,1.1,1.4,0.7659999999999999,0.7,3.7,4.4,9.3,1.2,0.1,2.5,3.0,15.6,109.0,112.0,2008,Steve Blake-2008,0.0,Not Selected,Guard,POR,0.03333333333333333
2007-08,Andray Blatche,blatcan01,PF,21,WAS,82,15,1675,8.1,17.2,0.474,0.1,0.4,0.231,8.0,16.8,0.48,3.4,4.9,0.695,5.3,8.4,13.6,2.9,1.7,3.7,3.6,8.3,19.8,103.0,105.0,2008,Andray Blatche-2008,0.0,Not Selected,Forward,WAS,0.034959349593495934
2007-08,Mark Blount,blounma01,C,32,MIA,69,46,1542,8.2,17.8,0.462,0.6,1.5,0.386,7.6,16.2,0.469,3.0,4.8,0.638,2.4,6.7,9.1,1.4,1.1,1.2,2.4,4.6,20.0,97.0,111.0,2008,Mark Blount-2008,0.0,Not Selected,Center,MIA,0.012195121951219513
2007-08,Keith Bogans,boganke01,SG,27,ORL,82,35,2198,5.6,13.8,0.41,3.5,9.6,0.36200000000000004,2.2,4.2,0.52,1.9,2.6,0.736,1.0,5.2,6.2,2.4,1.4,0.2,1.2,3.8,16.6,113.0,107.0,2008,Keith Bogans-2008,0.0,Not Selected,Guard,ORL,0.04227642276422764
2007-08,Andrew Bogut,bogutan01,C,23,MIL,78,78,2720,9.0,17.6,0.511,0.0,0.1,0.0,9.0,17.4,0.515,3.7,6.2,0.5870000000000001,4.7,10.0,14.7,3.8,1.2,2.6,3.3,4.9,21.6,107.0,109.0,2008,Andrew Bogut-2008,0.0,Not Selected,Center,MIL,0.02113821138211382
2007-08,Matt Bonner,bonnema01,PF,27,SAS,68,3,853,7.7,18.4,0.41600000000000004,2.9,8.7,0.336,4.8,9.8,0.48700000000000004,2.4,2.8,0.8640000000000001,3.4,8.8,12.2,2.0,0.9,1.1,2.5,7.0,20.7,104.0,102.0,2008,Matt Bonner-2008,0.0,Not Selected,Forward,SAS,0.04552845528455285
2007-08,Josh Boone,boonejo01,PF,23,NJN,70,53,1773,7.0,12.8,0.5479999999999999,0.0,0.0,0.0,7.0,12.8,0.5479999999999999,2.9,6.4,0.456,5.7,9.4,15.1,1.6,1.1,1.8,2.0,4.6,17.0,110.0,108.0,2008,Josh Boone-2008,0.0,Not Selected,Forward,BRK,0.027642276422764227
2007-08,Calvin Booth,boothca01,C,31,PHI,31,0,204,2.3,7.0,0.33299999999999996,0.0,0.0,0.0,2.3,7.0,0.33299999999999996,1.6,2.6,0.6,1.6,8.3,9.9,2.1,1.6,4.7,1.0,9.1,6.2,91.0,102.0,2008,Calvin Booth-2008,0.0,Not Selected,Center,PHI,0.032520325203252036
2007-08,Carlos Boozer,boozeca01,PF,26,UTA,81,81,2827,12.9,23.6,0.547,0.0,0.0,0.0,12.9,23.6,0.547,5.3,7.2,0.738,3.6,11.8,15.4,4.2,1.8,0.7,3.8,5.3,31.1,112.0,103.0,2008,Carlos Boozer-2008,3.0,3rd,Forward,UTA,0.04390243902439024
2007-08,Chris Bosh,boshch01,C,23,TOR,67,67,2425,11.1,22.5,0.494,0.2,0.5,0.4,10.9,22.0,0.496,10.4,12.3,0.8440000000000001,3.8,9.0,12.8,3.8,1.4,1.5,3.4,3.4,32.8,117.0,105.0,2008,Chris Bosh-2008,0.0,Not Selected,Center,TOR,0.03333333333333333
2007-08,Bruce Bowen,bowenbr01,SF,36,SAS,81,81,2448,3.8,9.5,0.40700000000000003,2.0,4.7,0.419,1.9,4.7,0.39399999999999996,1.0,1.5,0.652,0.7,4.4,5.2,2.0,1.2,0.5,1.0,3.9,10.7,106.0,105.0,2008,Bruce Bowen-2008,0.0,Not Selected,Forward,SAS,0.04552845528455285
2007-08,Ryan Bowen,bowenry01,SF,32,NOH,53,4,660,4.0,8.1,0.49,0.0,0.1,0.0,4.0,8.0,0.495,1.3,2.3,0.552,4.4,3.6,8.1,2.0,2.6,0.9,1.2,6.2,9.2,115.0,106.0,2008,Ryan Bowen-2008,0.0,Not Selected,Forward,NOP,0.04552845528455285
2007-08,Earl Boykins,boykiea01,PG,31,CHA,36,0,577,5.5,15.6,0.355,1.3,4.0,0.318,4.3,11.6,0.36700000000000005,4.4,5.3,0.831,0.8,2.3,3.1,8.7,1.2,0.0,3.7,1.9,16.8,97.0,114.0,2008,Earl Boykins-2008,0.0,Not Selected,Guard,CHO,0.026016260162601626
2007-08,Elton Brand,brandel01,PF,28,LAC,8,6,274,9.9,21.7,0.456,0.0,0.0,0.0,9.9,21.7,0.456,7.0,8.9,0.787,4.0,8.2,12.2,3.0,0.6,2.9,3.2,4.0,26.8,104.0,108.0,2008,Elton Brand-2008,0.0,Not Selected,Forward,LAC,0.01869918699186992
2007-08,Corey Brewer,breweco01,SF,21,MIN,79,35,1803,5.3,14.1,0.374,0.2,1.0,0.19399999999999998,5.1,13.0,0.389,2.6,3.2,0.8,2.4,6.1,8.5,3.2,2.2,0.7,2.6,5.4,13.3,91.0,110.0,2008,Corey Brewer-2008,0.0,Not Selected,Forward,MIN,0.01788617886178862
2007-08,Ronnie Brewer,brewero02,SG,22,UTA,76,76,2088,8.7,15.6,0.5579999999999999,0.3,1.2,0.22,8.5,14.4,0.5870000000000001,4.8,6.3,0.759,2.4,3.0,5.4,3.3,3.2,0.5,1.7,2.7,22.5,124.0,106.0,2008,Ronnie Brewer-2008,0.0,Not Selected,Guard,UTA,0.04390243902439024
2007-08,Primož Brezec,brezepr01,C,28,TOT,50,18,475,4.9,10.5,0.46799999999999997,0.0,0.0,0.0,4.9,10.5,0.46799999999999997,2.7,4.5,0.6,3.3,5.7,9.0,1.2,0.3,0.8,2.7,9.3,12.5,95.0,111.0,2008,Primož Brezec-2008,0.0,Not Selected,Center,TOT,0.03333333333333333
2007-08,Aaron Brooks,brookaa01,PG,23,HOU,51,0,608,8.1,19.7,0.413,3.1,9.5,0.33,5.0,10.1,0.491,3.7,4.3,0.857,1.1,3.8,4.9,7.6,1.1,0.4,3.8,6.0,23.1,107.0,106.0,2008,Aaron Brooks-2008,0.0,Not Selected,Guard,HOU,0.044715447154471545
2007-08,Andre Brown,brownan01,PF,26,MEM,33,1,286,6.9,13.7,0.5,0.0,0.0,0.0,6.9,13.7,0.5,3.9,8.6,0.449,6.5,9.7,16.2,1.4,1.2,0.7,2.5,6.7,17.6,105.0,110.0,2008,Andre Brown-2008,0.0,Not Selected,Forward,MEM,0.01788617886178862
2007-08,Devin Brown,brownde02,SG,29,CLE,78,20,1762,6.6,16.0,0.409,1.4,4.4,0.308,5.2,11.6,0.447,3.2,4.3,0.754,2.0,6.0,7.9,5.3,1.6,0.2,3.0,4.4,17.7,102.0,108.0,2008,Devin Brown-2008,0.0,Not Selected,Guard,CLE,0.036585365853658534
2007-08,Kwame Brown,brownkw01,C,25,TOT,38,15,713,5.1,10.0,0.507,0.0,0.0,0.0,5.1,10.0,0.507,2.8,6.9,0.408,3.6,9.7,13.3,3.2,1.6,1.6,3.6,5.8,13.0,94.0,105.0,2008,Kwame Brown-2008,0.0,Not Selected,Center,TOT,0.03333333333333333
2007-08,P.J. Brown,brownpj01,PF,38,BOS,18,0,209,3.5,10.4,0.341,0.0,0.3,0.0,3.5,10.1,0.35,2.8,4.0,0.688,7.3,9.9,17.2,2.5,1.3,2.0,2.5,7.3,9.9,100.0,97.0,2008,P.J. Brown-2008,0.0,Not Selected,Forward,BOS,0.05365853658536585
2007-08,Shannon Brown,brownsh01,SG,22,TOT,21,4,240,9.7,27.9,0.349,2.0,6.6,0.3,7.7,21.2,0.365,3.8,6.4,0.586,1.3,3.1,4.4,3.8,2.4,0.7,5.3,6.4,25.2,81.0,107.0,2008,Shannon Brown-2008,0.0,Not Selected,Guard,TOT,0.03333333333333333
2007-08,Kobe Bryant,bryanko01,SG,29,LAL,82,82,3192,12.2,26.6,0.45899999999999996,2.4,6.5,0.361,9.8,20.1,0.49,9.8,11.7,0.84,1.5,6.7,8.1,6.9,2.4,0.6,4.0,3.6,36.5,115.0,105.0,2008,Kobe Bryant-2008,1.0,1st,Guard,LAL,0.046341463414634146
2007-08,Greg Buckner,buckngr01,SG,31,MIN,31,4,520,4.5,11.8,0.385,1.5,5.0,0.3,3.0,6.7,0.44799999999999995,1.9,2.2,0.8640000000000001,1.0,5.5,6.5,3.9,2.1,0.2,2.9,6.3,12.5,94.0,111.0,2008,Greg Buckner-2008,0.0,Not Selected,Guard,MIN,0.01788617886178862
2007-08,Caron Butler,butleca01,SF,27,WAS,58,58,2314,10.2,21.9,0.466,1.5,4.3,0.35700000000000004,8.6,17.6,0.49200000000000005,5.5,6.1,0.9009999999999999,2.2,6.8,9.0,6.6,3.0,0.5,3.5,3.7,27.4,113.0,107.0,2008,Caron Butler-2008,0.0,Not Selected,Forward,WAS,0.034959349593495934
2007-08,Rasual Butler,butlera01,SF,28,NOH,51,8,875,5.6,15.9,0.35,2.7,8.1,0.331,2.9,7.8,0.37,1.6,1.9,0.8390000000000001,1.0,5.1,6.1,2.2,0.9,1.3,0.6,4.0,15.4,103.0,108.0,2008,Rasual Butler-2008,0.0,Not Selected,Forward,NOP,0.04552845528455285
2007-08,Andrew Bynum,bynuman01,C,20,LAL,35,25,1008,9.4,14.8,0.636,0.0,0.0,0.0,9.4,14.8,0.636,4.1,5.9,0.695,5.2,12.5,17.7,3.0,0.6,3.6,2.6,4.9,22.9,127.0,101.0,2008,Andrew Bynum-2008,0.0,Not Selected,Center,LAL,0.046341463414634146
2007-08,José Calderón,caldejo01,PG,26,TOR,82,56,2484,7.9,15.1,0.519,1.7,3.9,0.429,6.2,11.2,0.551,2.3,2.6,0.9079999999999999,0.7,4.3,5.1,14.5,1.9,0.1,2.7,2.9,19.7,127.0,109.0,2008,José Calderón-2008,0.0,Not Selected,Guard,TOR,0.03333333333333333
2007-08,Marcus Camby,cambyma01,C,33,DEN,79,79,2758,5.0,11.1,0.45,0.1,0.3,0.3,4.9,10.7,0.455,2.5,3.5,0.708,4.0,14.1,18.1,4.5,1.5,5.0,2.1,3.8,12.6,110.0,98.0,2008,Marcus Camby-2008,0.0,Not Selected,Center,DEN,0.04065040650406504
2007-08,Brian Cardinal,cardibr01,PF,30,MEM,37,1,440,4.9,14.4,0.341,2.9,9.3,0.309,2.1,5.2,0.4,1.5,2.2,0.684,3.0,8.0,11.0,2.5,1.1,0.2,2.6,7.1,14.2,94.0,112.0,2008,Brian Cardinal-2008,0.0,Not Selected,Forward,MEM,0.01788617886178862
2007-08,Rodney Carney,carnero01,SF,23,PHI,70,6,1039,8.1,20.0,0.40299999999999997,1.9,6.1,0.317,6.1,13.9,0.441,2.8,4.1,0.679,2.6,5.1,7.6,1.6,2.0,1.2,1.7,4.9,20.9,103.0,107.0,2008,Rodney Carney-2008,0.0,Not Selected,Forward,PHI,0.032520325203252036
2007-08,Matt Carroll,carroma01,SG,27,CHA,80,18,2016,6.5,15.3,0.428,2.7,6.2,0.436,3.8,9.0,0.42200000000000004,2.9,3.6,0.804,0.9,5.0,5.9,1.9,1.2,0.5,1.5,4.8,18.7,110.0,112.0,2008,Matt Carroll-2008,0.0,Not Selected,Guard,CHO,0.026016260162601626
2007-08,Anthony Carter,cartean01,PG,32,DEN,70,67,1960,5.4,11.7,0.45799999999999996,1.1,3.2,0.349,4.2,8.5,0.499,1.6,2.1,0.753,0.7,4.2,4.9,9.5,2.6,0.7,3.0,4.2,13.4,108.0,107.0,2008,Anthony Carter-2008,0.0,Not Selected,Guard,DEN,0.04065040650406504
2007-08,Vince Carter,cartevi01,SG,31,NJN,76,72,2959,10.4,22.8,0.456,1.7,4.8,0.359,8.7,18.0,0.48200000000000004,6.2,7.6,0.816,2.0,6.0,8.0,6.9,1.6,0.6,3.2,4.3,28.8,111.0,110.0,2008,Vince Carter-2008,0.0,Not Selected,Guard,BRK,0.027642276422764227
2007-08,Sam Cassell,cassesa01,PG,38,TOT,55,34,1274,9.6,21.8,0.43799999999999994,0.9,3.1,0.303,8.6,18.7,0.461,5.2,5.9,0.882,0.7,4.9,5.6,8.8,1.5,0.2,4.0,4.0,25.3,102.0,109.0,2008,Sam Cassell-2008,0.0,Not Selected,Guard,TOT,0.03333333333333333
2007-08,Tyson Chandler,chandty01,C,25,NOH,79,79,2783,7.2,11.6,0.623,0.0,0.0,0.0,7.2,11.6,0.624,3.4,5.7,0.593,6.2,11.6,17.8,1.6,0.9,1.6,2.6,4.7,17.8,122.0,104.0,2008,Tyson Chandler-2008,0.0,Not Selected,Center,NOP,0.04552845528455285
2007-08,Wilson Chandler,chandwi01,SF,20,NYK,35,16,685,8.1,18.5,0.43799999999999994,0.7,2.3,0.3,7.4,16.2,0.45799999999999996,2.6,4.1,0.63,2.9,6.8,9.7,2.5,1.1,1.2,2.1,6.3,19.5,101.0,111.0,2008,Wilson Chandler-2008,0.0,Not Selected,Forward,NYK,0.01869918699186992
2007-08,Josh Childress,childjo01,SF,24,ATL,76,0,2274,7.6,13.3,0.5710000000000001,0.5,1.4,0.36700000000000005,7.1,11.9,0.595,5.1,6.4,0.807,4.0,4.6,8.6,2.7,1.6,1.0,2.3,3.0,20.8,127.0,110.0,2008,Josh Childress-2008,0.0,Not Selected,Forward,ATL,0.03008130081300813
2007-08,Jarron Collins,collija03,C,29,UTA,70,9,702,2.6,6.0,0.439,0.0,0.1,0.0,2.6,5.9,0.444,3.4,5.4,0.622,2.9,5.6,8.5,2.7,0.7,0.4,1.6,7.8,8.7,111.0,110.0,2008,Jarron Collins-2008,0.0,Not Selected,Center,UTA,0.04390243902439024
2007-08,Jason Collins,collija04,C,29,TOT,74,26,1172,2.3,5.0,0.469,0.0,0.0,0.0,2.3,4.9,0.473,1.5,3.3,0.45899999999999996,2.8,5.0,7.8,1.1,1.0,1.1,2.1,8.5,6.2,91.0,112.0,2008,Jason Collins-2008,0.0,Not Selected,Center,TOT,0.03333333333333333
2007-08,Mardy Collins,collima01,SG,23,NYK,46,8,634,4.7,14.5,0.326,0.7,2.6,0.25,4.0,11.8,0.34299999999999997,1.9,3.1,0.605,1.6,4.6,6.2,7.4,2.0,0.7,4.6,4.6,12.0,80.0,112.0,2008,Mardy Collins-2008,0.0,Not Selected,Guard,NYK,0.01869918699186992
2007-08,Nick Collison,collini01,PF,27,SEA,78,35,2223,7.2,14.4,0.502,0.0,0.0,0.0,7.2,14.3,0.504,2.8,3.7,0.737,5.7,10.7,16.4,2.5,1.1,1.3,2.6,5.6,17.2,109.0,107.0,2008,Nick Collison-2008,0.0,Not Selected,Forward,OKC,0.016260162601626018
2007-08,Mike Conley,conlemi01,PG,20,MEM,53,46,1381,6.9,16.1,0.428,1.1,3.3,0.33,5.8,12.8,0.45299999999999996,3.3,4.5,0.732,0.8,4.3,5.1,8.1,1.6,0.1,3.2,3.1,18.2,103.0,113.0,2008,Mike Conley-2008,0.0,Not Selected,Guard,MEM,0.01788617886178862
2007-08,Brian Cook,cookbr01,PF,27,TOT,51,2,629,7.2,19.1,0.376,3.5,9.4,0.374,3.7,9.7,0.37799999999999995,1.5,1.7,0.905,2.3,6.6,8.9,2.2,1.1,1.0,3.2,7.6,19.4,94.0,106.0,2008,Brian Cook-2008,0.0,Not Selected,Forward,TOT,0.03333333333333333
2007-08,Daequan Cook,cookda02,SG,20,MIA,59,19,1441,7.2,19.0,0.381,2.9,8.8,0.332,4.3,10.2,0.424,1.7,2.1,0.825,0.7,5.8,6.5,2.8,0.8,0.3,2.3,5.8,19.1,93.0,113.0,2008,Daequan Cook-2008,0.0,Not Selected,Guard,MIA,0.012195121951219513
2007-08,Jamal Crawford,crawfja01,SG,27,NYK,80,80,3190,9.4,22.8,0.41,2.9,8.1,0.35600000000000004,6.5,14.7,0.439,5.4,6.3,0.8640000000000001,0.6,2.8,3.4,6.5,1.3,0.3,3.2,2.4,27.0,109.0,115.0,2008,Jamal Crawford-2008,0.0,Not Selected,Guard,NYK,0.01869918699186992
2007-08,Javaris Crittenton,crittja01,SG,20,TOT,50,0,679,7.3,17.3,0.42100000000000004,0.7,2.7,0.27,6.5,14.5,0.449,5.3,7.7,0.6920000000000001,2.0,6.2,8.2,3.8,1.4,0.1,4.1,3.5,20.6,95.0,111.0,2008,Javaris Crittenton-2008,0.0,Not Selected,Guard,TOT,0.03333333333333333
2007-08,Austin Croshere,croshau01,PF,32,GSW,44,0,457,6.5,14.6,0.445,2.3,6.5,0.361,4.1,8.1,0.513,3.1,3.4,0.9059999999999999,3.5,7.5,11.1,3.2,0.9,0.6,2.3,6.4,18.4,116.0,111.0,2008,Austin Croshere-2008,0.0,Not Selected,Forward,GSW,0.03902439024390244
2007-08,Eddy Curry,curryed01,C,25,NYK,59,58,1530,10.2,18.6,0.546,0.0,0.0,0.0,10.2,18.6,0.546,6.4,10.3,0.623,3.8,5.6,9.4,1.1,0.5,1.0,4.3,5.4,26.7,105.0,114.0,2008,Eddy Curry-2008,0.0,Not Selected,Center,NYK,0.01869918699186992
2007-08,Samuel Dalembert,dalemsa01,C,26,PHI,82,82,2724,6.6,12.9,0.513,0.0,0.0,0.0,6.6,12.9,0.514,3.6,5.1,0.7070000000000001,5.9,10.6,16.5,0.9,0.8,3.7,3.0,5.2,16.8,109.0,103.0,2008,Samuel Dalembert-2008,0.0,Not Selected,Center,PHI,0.032520325203252036
2007-08,Erick Dampier,dampier01,C,32,DAL,72,64,1755,5.4,8.4,0.643,0.0,0.0,0.0,5.4,8.4,0.643,2.5,4.4,0.575,6.3,10.1,16.4,1.9,0.7,3.2,2.4,6.9,13.3,123.0,103.0,2008,Erick Dampier-2008,0.0,Not Selected,Center,DAL,0.041463414634146344
2007-08,Antonio Daniels,daniean01,PG,32,WAS,71,63,2161,5.1,11.1,0.45899999999999996,0.4,1.8,0.23,4.7,9.3,0.504,4.2,5.4,0.7759999999999999,0.6,4.5,5.0,8.4,1.7,0.0,2.3,1.9,14.8,117.0,112.0,2008,Antonio Daniels-2008,0.0,Not Selected,Guard,WAS,0.034959349593495934
2007-08,Marquis Daniels,daniema01,SG,27,IND,74,1,1546,7.7,17.8,0.43,0.9,3.2,0.265,6.8,14.6,0.466,3.1,4.4,0.698,2.1,4.6,6.7,4.4,2.5,0.6,3.6,3.8,19.3,95.0,107.0,2008,Marquis Daniels-2008,0.0,Not Selected,Guard,IND,0.02926829268292683
2007-08,Jermareo Davidson,davidje01,SF,23,CHA,38,2,322,8.3,20.3,0.408,0.0,0.0,0.0,8.3,20.3,0.408,2.9,4.5,0.643,3.4,6.7,10.1,2.1,1.1,2.4,2.8,7.5,19.5,90.0,109.0,2008,Jermareo Davidson-2008,0.0,Not Selected,Forward,CHO,0.026016260162601626
2007-08,Baron Davis,davisba01,PG,28,GSW,82,82,3196,9.9,23.2,0.426,2.6,8.0,0.33,7.2,15.2,0.47700000000000004,4.8,6.4,0.75,1.5,4.4,5.8,9.5,2.9,0.7,3.5,3.8,27.2,111.0,109.0,2008,Baron Davis-2008,0.0,Not Selected,Guard,GSW,0.03902439024390244
2007-08,Glen Davis,davisgl01,C,22,BOS,69,1,940,6.0,12.4,0.484,0.0,0.0,0.0,6.0,12.4,0.484,5.6,8.4,0.66,5.3,6.3,11.7,1.6,1.7,1.1,3.7,9.0,17.6,105.0,99.0,2008,Glen Davis-2008,0.0,Not Selected,Center,BOS,0.05365853658536585
2007-08,Paul Davis,davispa01,PF,23,LAC,22,1,194,6.4,17.5,0.369,0.0,0.0,0.0,6.4,17.5,0.369,1.6,2.7,0.6,6.7,5.9,12.6,2.7,1.6,1.6,2.4,8.9,14.5,90.0,108.0,2008,Paul Davis-2008,0.0,Not Selected,Forward,LAC,0.01869918699186992
2007-08,Ricky Davis,davisri01,SF,28,MIA,82,47,2963,7.5,17.4,0.433,2.4,6.0,0.405,5.1,11.5,0.447,2.8,3.5,0.787,1.0,5.3,6.3,5.0,1.6,0.3,3.4,3.4,20.3,100.0,112.0,2008,Ricky Davis-2008,0.0,Not Selected,Forward,MIA,0.012195121951219513
2007-08,Carlos Delfino,delfica01,SG,25,TOR,82,0,1928,6.9,17.4,0.397,3.3,8.7,0.382,3.6,8.8,0.41200000000000003,3.2,4.3,0.7440000000000001,1.8,8.1,9.9,4.0,1.9,0.3,2.1,4.9,20.4,107.0,106.0,2008,Carlos Delfino-2008,0.0,Not Selected,Guard,TOR,0.03333333333333333
2007-08,Luol Deng,denglu01,SF,22,CHI,63,59,2128,10.4,21.7,0.479,0.2,0.5,0.364,10.2,21.2,0.48200000000000004,4.9,6.4,0.77,3.3,6.3,9.6,3.8,1.4,0.7,2.9,2.8,25.9,107.0,109.0,2008,Luol Deng-2008,0.0,Not Selected,Forward,CHI,0.026829268292682926
2007-08,Boris Diaw,diawbo01,PF,25,PHO,82,19,2308,6.6,13.9,0.47700000000000004,0.3,0.9,0.317,6.3,13.0,0.488,2.1,2.8,0.7440000000000001,2.1,6.0,8.1,6.8,1.3,0.8,3.3,3.6,15.6,103.0,109.0,2008,Boris Diaw-2008,0.0,Not Selected,Forward,PHO,0.044715447154471545
2007-08,Yakhouba Diawara,diawaya01,SG,25,DEN,54,14,542,4.9,11.9,0.41,1.9,5.9,0.318,3.0,6.0,0.5,2.0,2.8,0.71,2.0,3.5,5.5,3.3,0.7,0.3,1.4,5.4,13.6,110.0,112.0,2008,Yakhouba Diawara-2008,0.0,Not Selected,Guard,DEN,0.04065040650406504
2007-08,Guillermo Díaz,diazgu01,SG,22,LAC,6,0,18,2.9,11.6,0.25,0.0,2.9,0.0,2.9,8.7,0.33299999999999996,8.7,14.5,0.6,5.8,0.0,5.8,2.9,0.0,0.0,0.0,0.0,14.5,108.0,118.0,2008,Guillermo Díaz-2008,0.0,Not Selected,Guard,LAC,0.01869918699186992
2007-08,Dan Dickau,dickada01,PG,29,LAC,67,8,1040,6.2,14.8,0.419,1.8,5.4,0.33299999999999996,4.4,9.4,0.46799999999999997,3.4,4.1,0.8290000000000001,0.7,4.2,4.9,8.6,1.6,0.2,2.8,5.4,17.6,107.0,111.0,2008,Dan Dickau-2008,0.0,Not Selected,Guard,LAC,0.01869918699186992
2007-08,Kaniel Dickens,dickeka01,PF,29,CLE,5,0,12,4.4,13.3,0.33299999999999996,0.0,0.0,0.0,4.4,13.3,0.33299999999999996,0.0,0.0,0.0,0.0,4.4,4.4,4.4,0.0,4.4,0.0,4.4,8.9,90.0,107.0,2008,Kaniel Dickens-2008,0.0,Not Selected,Forward,CLE,0.036585365853658534
2007-08,Travis Diener,dienetr01,PG,25,IND,66,21,1356,5.8,15.6,0.37,2.7,8.4,0.318,3.1,7.1,0.431,2.3,2.6,0.9009999999999999,0.9,3.2,4.2,9.1,1.3,0.1,2.0,3.9,16.5,111.0,111.0,2008,Travis Diener-2008,0.0,Not Selected,Guard,IND,0.02926829268292683
2007-08,Ike Diogu,dioguik01,PF,24,IND,30,1,305,10.3,21.6,0.478,0.0,0.0,0.0,10.3,21.6,0.478,6.4,7.6,0.851,6.1,7.6,13.7,1.6,1.1,0.5,3.2,6.9,27.1,109.0,108.0,2008,Ike Diogu-2008,0.0,Not Selected,Forward,IND,0.02926829268292683
2007-08,DeSagana Diop,diopde01,C,26,TOT,79,23,1295,3.8,7.4,0.522,0.0,0.0,0.0,3.8,7.4,0.522,1.6,2.9,0.5429999999999999,6.5,9.5,16.0,1.6,1.1,3.6,2.4,6.0,9.2,111.0,103.0,2008,DeSagana Diop-2008,0.0,Not Selected,Center,TOT,0.03333333333333333
2007-08,Juan Dixon,dixonju01,PG,29,TOT,53,0,668,8.5,20.8,0.41100000000000003,2.4,5.8,0.41700000000000004,6.1,15.0,0.409,1.7,2.1,0.8079999999999999,1.2,4.8,6.0,7.8,1.7,0.2,4.4,5.0,21.2,95.0,108.0,2008,Juan Dixon-2008,0.0,Not Selected,Guard,TOT,0.03333333333333333
2007-08,Michael Doleac,doleami01,C,30,MIN,24,8,257,5.7,12.8,0.444,0.0,0.0,0.0,5.7,12.8,0.444,0.2,0.4,0.5,3.3,6.7,10.0,1.4,2.0,2.0,2.4,8.9,11.6,89.0,109.0,2008,Michael Doleac-2008,0.0,Not Selected,Center,MIN,0.01788617886178862
2007-08,Keyon Dooling,doolike01,PG,27,ORL,72,1,1334,7.6,16.3,0.46799999999999997,0.8,2.5,0.33799999999999997,6.8,13.8,0.49200000000000005,6.3,7.4,0.845,0.3,3.6,3.9,5.1,1.4,0.2,2.4,5.0,22.4,115.0,108.0,2008,Keyon Dooling-2008,0.0,Not Selected,Guard,ORL,0.04227642276422764
2007-08,Quincy Douby,doubyqu01,PG,23,SAC,74,0,876,7.6,19.4,0.39399999999999996,2.4,7.1,0.344,5.2,12.3,0.423,2.8,3.0,0.9229999999999999,1.0,3.8,4.8,3.1,1.7,0.7,3.4,4.6,20.5,95.0,112.0,2008,Quincy Douby-2008,0.0,Not Selected,Guard,SAC,0.030894308943089432
2007-08,Jared Dudley,dudleja01,PF,22,CHA,73,14,1384,6.2,13.1,0.46799999999999997,0.3,1.5,0.22,5.8,11.6,0.502,3.3,4.5,0.737,4.6,6.2,10.8,3.1,2.1,0.4,1.9,4.8,15.9,112.0,109.0,2008,Jared Dudley-2008,0.0,Not Selected,Forward,CHO,0.026016260162601626
2007-08,Chris Duhon,duhonch01,PG,25,CHI,66,18,1490,4.6,11.9,0.387,1.9,5.4,0.348,2.7,6.5,0.418,2.3,2.8,0.813,0.7,3.4,4.0,9.1,1.7,0.1,2.5,3.2,13.3,109.0,111.0,2008,Chris Duhon-2008,0.0,Not Selected,Guard,CHI,0.026829268292682926
2007-08,Tim Duncan,duncati01,C,31,SAS,78,78,2651,11.9,24.0,0.49700000000000005,0.0,0.1,0.0,11.9,23.9,0.498,6.9,9.4,0.73,4.8,13.1,18.0,4.4,1.1,3.1,3.6,3.8,30.8,110.0,97.0,2008,Tim Duncan-2008,2.0,2nd,Forward,SAS,0.04552845528455285
2007-08,Mike Dunleavy,dunlemi02,SG,27,IND,82,82,2953,8.9,18.6,0.47600000000000003,2.7,6.5,0.424,6.1,12.1,0.504,5.6,6.7,0.8340000000000001,1.0,6.1,7.1,4.8,1.4,0.5,3.2,3.5,26.0,115.0,109.0,2008,Mike Dunleavy-2008,0.0,Not Selected,Guard,IND,0.02926829268292683
2007-08,Ronald Dupree,duprero01,SF,27,TOT,5,0,21,2.4,7.2,0.33299999999999996,0.0,0.0,0.0,2.4,7.2,0.33299999999999996,4.8,4.8,1.0,2.4,16.8,19.2,2.4,2.4,0.0,0.0,0.0,9.6,131.0,102.0,2008,Ronald Dupree-2008,0.0,Not Selected,Forward,TOT,0.03333333333333333
2007-08,Kevin Durant,duranke01,SG,19,SEA,80,80,2768,10.6,24.6,0.43,1.1,3.7,0.28800000000000003,9.5,20.9,0.455,7.0,8.1,0.873,1.3,5.0,6.3,3.5,1.4,1.3,4.2,2.2,29.2,100.0,110.0,2008,Kevin Durant-2008,0.0,Not Selected,Guard,OKC,0.016260162601626018
2007-08,Monta Ellis,ellismo01,SG,22,GSW,81,72,3071,10.3,19.4,0.531,0.2,0.8,0.231,10.1,18.6,0.545,5.1,6.6,0.767,2.1,4.3,6.4,5.0,2.0,0.4,2.7,3.1,25.9,117.0,111.0,2008,Monta Ellis-2008,0.0,Not Selected,Guard,GSW,0.03902439024390244
2007-08,Francisco Elson,elsonfr01,C,31,TOT,63,5,813,5.9,15.3,0.39,0.0,0.1,0.0,5.9,15.2,0.391,1.7,2.4,0.703,3.2,9.7,12.9,1.6,1.0,1.3,3.0,6.2,13.6,83.0,104.0,2008,Francisco Elson-2008,0.0,Not Selected,Center,TOT,0.03333333333333333
2007-08,Melvin Ely,elyme01,C,29,NOH,52,1,621,7.3,15.5,0.47200000000000003,0.0,0.0,0.0,7.3,15.5,0.47200000000000003,2.8,5.0,0.552,2.4,10.1,12.5,1.9,0.6,1.5,3.6,6.8,17.4,91.0,105.0,2008,Melvin Ely-2008,0.0,Not Selected,Center,NOP,0.04552845528455285
2007-08,Maurice Evans,evansma01,SG,29,TOT,75,47,1720,7.8,16.3,0.48100000000000004,2.4,6.2,0.38799999999999996,5.4,10.0,0.539,1.8,2.5,0.711,2.7,3.8,6.5,2.4,1.4,0.3,1.2,4.2,19.8,118.0,108.0,2008,Maurice Evans-2008,0.0,Not Selected,Guard,TOT,0.03333333333333333
2007-08,Reggie Evans,evansre01,PF,27,PHI,81,61,1879,4.3,9.8,0.439,0.0,0.0,1.0,4.3,9.7,0.43799999999999994,3.4,7.3,0.467,6.3,10.9,17.3,1.8,2.4,0.2,3.1,6.0,12.0,97.0,103.0,2008,Reggie Evans-2008,0.0,Not Selected,Forward,PHI,0.032520325203252036
2007-08,Jordan Farmar,farmajo01,PG,21,LAL,82,0,1690,8.6,18.7,0.461,3.4,9.1,0.371,5.3,9.6,0.546,1.6,2.3,0.679,1.2,4.3,5.4,6.7,2.3,0.1,3.2,3.1,22.3,109.0,107.0,2008,Jordan Farmar-2008,0.0,Not Selected,Guard,LAL,0.046341463414634146
2007-08,Nick Fazekas,fazekni01,PF,22,TOT,26,0,269,8.9,15.9,0.561,0.0,0.4,0.0,8.9,15.5,0.575,2.9,4.3,0.682,6.6,10.7,17.3,2.1,1.6,2.1,2.5,4.8,20.8,115.0,105.0,2008,Nick Fazekas-2008,0.0,Not Selected,Forward,TOT,0.03333333333333333
2007-08,Raymond Felton,feltora01,PG,23,CHA,79,79,2972,7.2,17.5,0.413,1.0,3.5,0.28,6.3,14.0,0.447,4.6,5.7,0.8,0.7,3.5,4.2,10.3,1.7,0.2,3.7,3.2,20.1,104.0,112.0,2008,Raymond Felton-2008,0.0,Not Selected,Guard,CHO,0.026016260162601626
2007-08,Kyrylo Fesenko,fesenky01,C,21,UTA,9,0,70,4.4,11.8,0.375,0.0,0.0,0.0,4.4,11.8,0.375,1.5,2.9,0.5,10.3,8.1,18.4,1.5,0.0,2.2,5.9,14.0,10.3,84.0,107.0,2008,Kyrylo Fesenko-2008,0.0,Not Selected,Center,UTA,0.04390243902439024
2007-08,Michael Finley,finlemi01,SG,34,SAS,82,61,2204,7.7,18.7,0.414,3.2,8.8,0.37,4.5,9.9,0.45299999999999996,1.6,2.0,0.8,0.7,5.6,6.2,2.8,0.7,0.2,1.4,2.3,20.3,105.0,105.0,2008,Michael Finley-2008,0.0,Not Selected,Guard,SAS,0.04552845528455285
2007-08,Derek Fisher,fishede01,PG,33,LAL,82,82,2249,7.6,17.3,0.436,2.5,6.2,0.406,5.1,11.2,0.45299999999999996,3.7,4.2,0.883,0.5,3.3,3.8,5.3,1.9,0.1,2.0,4.2,21.3,114.0,109.0,2008,Derek Fisher-2008,0.0,Not Selected,Guard,LAL,0.046341463414634146
2007-08,T.J. Ford,fordtj01,PG,24,TOR,51,26,1199,10.9,23.2,0.469,0.7,2.3,0.294,10.2,21.0,0.488,4.9,5.5,0.88,1.0,3.4,4.4,13.9,2.4,0.0,4.5,4.1,27.4,109.0,108.0,2008,T.J. Ford-2008,0.0,Not Selected,Guard,TOR,0.03333333333333333
2007-08,Jeff Foster,fosteje01,C,31,IND,77,52,1884,5.3,9.7,0.55,0.0,0.1,0.0,5.3,9.7,0.5539999999999999,2.2,3.8,0.593,6.9,10.5,17.4,3.4,1.5,0.8,1.6,5.8,12.9,126.0,105.0,2008,Jeff Foster-2008,0.0,Not Selected,Center,IND,0.02926829268292683
2007-08,Randy Foye,foyera01,PG,24,MIN,39,31,1259,8.2,19.2,0.429,2.5,6.1,0.41200000000000003,5.7,13.0,0.436,2.2,2.7,0.815,0.5,4.8,5.3,6.8,1.5,0.1,3.3,4.2,21.2,103.0,113.0,2008,Randy Foye-2008,0.0,Not Selected,Guard,MIN,0.01788617886178862
2007-08,Adonal Foyle,foylead01,C,32,ORL,82,0,774,4.6,10.2,0.45799999999999996,0.0,0.0,0.0,4.6,10.2,0.45799999999999996,1.1,2.3,0.47100000000000003,4.7,9.1,13.8,1.2,1.1,3.0,2.1,6.2,10.4,99.0,102.0,2008,Adonal Foyle-2008,0.0,Not Selected,Center,ORL,0.04227642276422764
2007-08,Richie Frahm,frahmri01,SG,30,LAC,10,2,163,6.4,17.3,0.37,2.2,8.0,0.28,4.2,9.3,0.44799999999999995,0.0,0.6,0.0,1.3,3.2,4.5,2.6,0.6,0.0,1.9,2.2,15.0,85.0,114.0,2008,Richie Frahm-2008,0.0,Not Selected,Guard,LAC,0.01869918699186992
2007-08,Steve Francis,francst01,PG,30,HOU,10,3,199,5.1,15.2,0.33299999999999996,1.1,4.5,0.235,4.0,10.7,0.375,3.5,6.1,0.565,2.1,4.0,6.1,8.0,2.4,1.3,3.7,6.7,14.7,91.0,102.0,2008,Steve Francis-2008,0.0,Not Selected,Guard,HOU,0.044715447154471545
2007-08,Channing Frye,fryech01,C,24,POR,78,20,1342,9.0,18.4,0.488,0.1,0.4,0.3,8.9,18.0,0.49200000000000005,3.5,4.4,0.78,4.4,10.0,14.4,2.3,1.2,1.1,2.2,8.5,21.6,109.0,106.0,2008,Channing Frye-2008,0.0,Not Selected,Center,POR,0.03333333333333333
2007-08,Dan Gadzuric,gadzuda01,C,29,MIL,51,4,534,6.3,15.2,0.41600000000000004,0.0,0.1,0.0,6.3,15.1,0.418,3.2,6.2,0.524,6.6,7.6,14.2,1.1,2.0,2.4,3.3,8.2,15.8,93.0,109.0,2008,Dan Gadzuric-2008,0.0,Not Selected,Center,MIL,0.02113821138211382
2007-08,Jorge Garbajosa,garbajo01,PF,30,TOR,7,0,74,5.8,18.0,0.32,4.3,11.5,0.375,1.4,6.5,0.222,0.0,0.0,0.0,1.4,9.3,10.8,2.2,2.2,0.0,0.7,1.4,15.8,95.0,105.0,2008,Jorge Garbajosa-2008,0.0,Not Selected,Forward,TOR,0.03333333333333333
2007-08,Francisco García,garcifr01,SF,26,SAC,79,20,2096,8.4,18.2,0.46299999999999997,2.7,7.0,0.391,5.7,11.2,0.508,3.9,5.0,0.779,1.3,5.1,6.4,3.1,2.3,1.2,3.1,5.6,23.5,108.0,109.0,2008,Francisco García-2008,0.0,Not Selected,Forward,SAC,0.030894308943089432
2007-08,Thomas Gardner,gardnth01,SG,22,CHI,4,0,45,10.3,26.4,0.391,3.4,13.8,0.25,6.9,12.6,0.545,0.0,2.3,0.0,3.4,1.1,4.6,1.1,0.0,0.0,4.6,4.6,24.1,81.0,116.0,2008,Thomas Gardner-2008,0.0,Not Selected,Guard,CHI,0.026829268292682926
2007-08,Kevin Garnett,garneke01,PF,31,BOS,71,71,2328,12.1,22.5,0.539,0.0,0.2,0.0,12.1,22.2,0.545,6.1,7.6,0.8009999999999999,3.1,11.8,14.9,5.5,2.3,2.0,3.1,3.7,30.3,118.0,94.0,2008,Kevin Garnett-2008,1.0,1st,Forward,BOS,0.05365853658536585
2007-08,Pat Garrity,garripa01,PF,31,ORL,31,0,284,4.9,14.5,0.33799999999999997,1.4,6.7,0.21600000000000003,3.4,7.8,0.442,0.7,0.9,0.8,1.6,6.3,8.0,2.4,1.1,0.2,3.1,6.3,11.9,79.0,107.0,2008,Pat Garrity-2008,0.0,Not Selected,Forward,ORL,0.04227642276422764
2007-08,Pau Gasol,gasolpa01,C,27,TOT,66,66,2351,10.2,19.0,0.534,0.1,0.3,0.25,10.1,18.7,0.539,6.2,7.7,0.807,3.3,8.5,11.8,4.5,0.6,2.1,2.7,3.0,26.7,119.0,109.0,2008,Pau Gasol-2008,0.0,Not Selected,Center,TOT,0.03333333333333333
2007-08,Rudy Gay,gayru01,SF,21,MEM,81,81,3000,10.5,22.7,0.461,2.2,6.5,0.34600000000000003,8.2,16.2,0.507,4.2,5.3,0.785,2.4,6.0,8.4,2.7,1.9,1.3,3.2,3.9,27.4,106.0,110.0,2008,Rudy Gay-2008,0.0,Not Selected,Forward,MEM,0.01788617886178862
2007-08,Mickaël Gelabale,gelabmi01,SG,24,SEA,39,0,465,7.4,16.8,0.439,1.7,4.0,0.43200000000000005,5.7,12.9,0.442,1.5,1.9,0.778,1.7,4.5,6.2,3.5,1.1,1.0,2.9,3.3,18.0,98.0,112.0,2008,Mickaël Gelabale-2008,0.0,Not Selected,Guard,OKC,0.016260162601626018
2007-08,Devean George,georgde01,SF,30,DAL,53,4,821,4.8,13.4,0.35700000000000004,1.4,4.4,0.324,3.4,9.0,0.374,1.6,2.2,0.706,1.8,7.1,8.9,2.3,1.2,0.8,1.6,5.8,12.6,94.0,106.0,2008,Devean George-2008,0.0,Not Selected,Forward,DAL,0.041463414634146344
2007-08,Daniel Gibson,gibsoda01,PG,21,CLE,58,26,1765,6.1,14.0,0.43200000000000005,3.6,8.1,0.44,2.5,5.9,0.42100000000000004,2.6,3.2,0.81,0.9,3.1,4.0,4.4,1.4,0.4,2.3,4.9,18.3,116.0,110.0,2008,Daniel Gibson-2008,0.0,Not Selected,Guard,CLE,0.036585365853658534
2007-08,Eddie Gill,gilled01,PG,29,TOT,14,1,154,4.1,10.5,0.387,1.7,5.1,0.33299999999999996,2.4,5.4,0.43799999999999994,3.1,3.1,1.0,0.3,7.1,7.5,7.5,2.4,0.7,3.1,6.1,12.9,105.0,107.0,2008,Eddie Gill-2008,0.0,Not Selected,Guard,TOT,0.03333333333333333
2007-08,Manu Ginóbili,ginobma01,SG,30,SAS,74,23,2299,10.7,23.1,0.46,3.7,9.2,0.401,7.0,14.0,0.499,8.9,10.4,0.86,1.5,6.8,8.3,7.8,2.6,0.8,4.7,4.1,33.9,116.0,100.0,2008,Manu Ginóbili-2008,3.0,3rd,Guard,SAS,0.04552845528455285
2007-08,Gordan Giriček,giricgo01,SG,30,TOT,56,0,831,8.1,18.4,0.44,2.2,6.0,0.364,5.9,12.4,0.478,1.4,1.6,0.885,1.0,4.9,5.9,3.8,1.5,0.2,3.2,5.0,19.8,98.0,110.0,2008,Gordan Giriček-2008,0.0,Not Selected,Guard,TOT,0.03333333333333333
2007-08,Ryan Gomes,gomesry01,PF,25,MIN,82,74,2434,8.4,18.4,0.457,1.3,3.8,0.33,7.1,14.6,0.491,4.1,4.9,0.83,2.9,7.3,10.2,3.1,1.4,0.2,2.1,3.3,22.2,112.0,112.0,2008,Ryan Gomes-2008,0.0,Not Selected,Forward,MIN,0.01788617886178862
2007-08,Drew Gooden,goodedr01,PF,26,TOT,69,65,2122,8.3,18.4,0.449,0.0,0.1,0.0,8.3,18.3,0.452,4.0,5.3,0.753,4.4,10.3,14.7,2.0,1.2,1.3,3.0,5.1,20.6,101.0,105.0,2008,Drew Gooden-2008,0.0,Not Selected,Forward,TOT,0.03333333333333333
2007-08,Ben Gordon,gordobe01,SG,24,CHI,72,27,2291,10.4,24.1,0.434,3.2,7.8,0.41,7.3,16.3,0.445,6.0,6.6,0.9079999999999999,0.9,4.1,5.0,4.8,1.2,0.2,3.4,3.9,30.1,110.0,111.0,2008,Ben Gordon-2008,0.0,Not Selected,Guard,CHI,0.026829268292682926
2007-08,Marcin Gortat,gortama01,C,23,ORL,6,0,41,10.0,21.3,0.47100000000000003,0.0,0.0,0.0,10.0,21.3,0.47100000000000003,2.5,3.8,0.667,10.0,10.0,20.1,2.5,1.3,1.3,2.5,5.0,22.6,111.0,103.0,2008,Marcin Gortat-2008,0.0,Not Selected,Center,ORL,0.04227642276422764
2007-08,Joey Graham,grahajo01,SF,25,TOR,38,3,331,7.9,18.2,0.434,0.3,0.5,0.667,7.6,17.7,0.42700000000000005,6.1,7.2,0.8440000000000001,2.9,7.9,10.8,2.4,0.5,0.0,3.7,7.6,22.2,99.0,110.0,2008,Joey Graham-2008,0.0,Not Selected,Forward,TOR,0.03333333333333333
2007-08,Stephen Graham,grahast01,SF,25,IND,22,0,128,13.1,22.3,0.586,2.7,5.4,0.5,10.4,16.9,0.614,4.6,6.1,0.75,1.5,6.9,8.4,3.5,1.5,0.4,3.8,5.4,33.4,117.0,108.0,2008,Stephen Graham-2008,0.0,Not Selected,Forward,IND,0.02926829268292683
2007-08,Danny Granger,grangda01,SF,24,IND,80,80,2876,9.2,20.6,0.446,2.9,7.2,0.40399999999999997,6.3,13.4,0.46799999999999997,5.5,6.5,0.852,1.6,6.7,8.3,2.8,1.6,1.4,2.9,5.0,26.8,110.0,107.0,2008,Danny Granger-2008,0.0,Not Selected,Forward,IND,0.02926829268292683
2007-08,Aaron Gray,grayaa01,C,23,CHI,61,1,613,8.7,17.2,0.505,0.0,0.1,0.0,8.7,17.1,0.507,4.7,8.3,0.5660000000000001,5.9,8.2,14.1,3.5,1.8,1.3,4.8,9.8,22.0,100.0,105.0,2008,Aaron Gray-2008,0.0,Not Selected,Center,CHI,0.026829268292682926
2007-08,Gerald Green,greenge01,SF,22,TOT,30,0,362,7.5,21.8,0.344,2.2,5.6,0.385,5.3,16.2,0.33,4.9,5.9,0.8290000000000001,1.9,7.4,9.2,4.2,1.2,0.6,4.6,6.5,22.1,89.0,112.0,2008,Gerald Green-2008,0.0,Not Selected,Forward,TOT,0.03333333333333333
2007-08,Jeff Green,greenje02,SF,21,SEA,80,52,2253,7.1,16.6,0.42700000000000005,0.5,1.7,0.276,6.6,14.9,0.444,3.9,5.3,0.7440000000000001,2.2,6.1,8.4,2.6,1.0,1.1,3.5,4.4,18.5,94.0,111.0,2008,Jeff Green-2008,0.0,Not Selected,Forward,OKC,0.016260162601626018
2007-08,Taurean Green,greenta01,SG-PG,21,TOT,17,0,74,4.9,17.5,0.28,1.4,7.7,0.182,3.5,9.8,0.35700000000000004,7.7,8.4,0.917,0.0,7.0,7.0,7.7,1.4,0.0,6.3,3.5,18.9,84.0,109.0,2008,Taurean Green-2008,0.0,Not Selected,Guard,TOT,0.03333333333333333
2007-08,Willie Green,greenwi01,SG,26,PHI,74,74,1970,10.2,23.4,0.436,1.4,4.8,0.285,8.8,18.6,0.475,3.0,4.0,0.757,0.9,4.0,4.9,4.1,1.5,0.6,2.9,3.2,24.8,101.0,109.0,2008,Willie Green-2008,0.0,Not Selected,Guard,PHI,0.032520325203252036
2007-08,Orien Greene,greenor01,SG,25,SAC,7,2,61,2.5,9.1,0.273,0.0,0.8,0.0,2.5,8.3,0.3,0.0,0.0,0.0,0.0,5.0,5.0,2.5,2.5,0.8,5.8,7.5,5.0,42.0,109.0,2008,Orien Greene-2008,0.0,Not Selected,Guard,SAC,0.030894308943089432
2007-08,Adrian Griffin,griffad01,SG-SF,33,TOT,35,2,307,5.0,12.6,0.395,0.0,0.0,0.0,5.0,12.6,0.395,0.8,1.5,0.556,4.7,5.2,9.8,4.5,2.8,0.3,3.5,4.5,10.8,88.0,107.0,2008,Adrian Griffin-2008,0.0,Not Selected,Forward,TOT,0.03333333333333333
2007-08,Richard Hamilton,hamilri01,SG,29,DET,72,72,2424,11.3,23.4,0.484,1.4,3.2,0.44,9.9,20.2,0.49200000000000005,4.2,5.0,0.833,1.7,3.6,5.3,6.8,1.7,0.2,3.0,3.9,28.2,113.0,106.0,2008,Richard Hamilton-2008,0.0,Not Selected,Guard,DET,0.04796747967479675
2007-08,Anfernee Hardaway,hardaan01,SF,36,MIA,16,8,325,3.6,9.8,0.36700000000000005,1.3,3.1,0.42100000000000004,2.3,6.7,0.341,1.3,1.5,0.889,0.5,5.2,5.7,5.7,3.1,0.2,2.1,3.9,9.8,97.0,108.0,2008,Anfernee Hardaway-2008,0.0,Not Selected,Forward,MIA,0.012195121951219513
2007-08,Matt Harpring,harprma01,SF,31,UTA,76,0,1374,8.9,17.8,0.5,0.1,0.4,0.2,8.8,17.4,0.506,5.5,7.7,0.7120000000000001,3.6,5.4,9.0,3.1,1.7,0.5,3.6,6.1,23.3,107.0,108.0,2008,Matt Harpring-2008,0.0,Not Selected,Forward,UTA,0.04390243902439024
2007-08,Al Harrington,harrial01,C,27,GSW,81,59,2190,8.9,20.5,0.434,3.4,9.0,0.375,5.5,11.4,0.48200000000000004,3.3,4.2,0.774,2.4,7.4,9.7,2.9,1.6,0.4,2.0,5.9,24.4,113.0,110.0,2008,Al Harrington-2008,0.0,Not Selected,Center,GSW,0.03902439024390244
2007-08,Othella Harrington,harriot01,C,34,CHA,22,0,166,5.7,13.2,0.429,0.0,0.0,0.0,5.7,13.2,0.429,3.1,5.0,0.625,3.5,9.8,13.2,1.3,0.3,1.3,3.5,10.7,14.5,89.0,109.0,2008,Othella Harrington-2008,0.0,Not Selected,Center,CHO,0.026016260162601626
2007-08,Devin Harris,harride01,PG,24,TOT,64,61,2022,8.4,18.1,0.46299999999999997,1.5,4.4,0.335,6.9,13.8,0.504,6.5,7.9,0.8240000000000001,0.7,3.8,4.5,9.7,2.4,0.3,4.2,5.0,24.8,112.0,108.0,2008,Devin Harris-2008,0.0,Not Selected,Guard,TOT,0.03333333333333333
2007-08,Mike Harris,harrimi01,PF,24,HOU,17,0,159,9.0,18.0,0.5,0.0,0.7,0.0,9.0,17.4,0.519,2.7,4.3,0.615,8.0,10.0,18.0,1.0,2.0,1.0,3.0,5.3,20.7,107.0,99.0,2008,Mike Harris-2008,0.0,Not Selected,Forward,HOU,0.044715447154471545
2007-08,David Harrison,harrida01,C,25,IND,55,0,702,6.3,11.9,0.529,0.0,0.0,0.0,6.3,11.9,0.529,3.4,6.7,0.51,3.0,5.2,8.3,1.0,1.4,4.1,4.1,11.5,16.0,92.0,105.0,2008,David Harrison-2008,0.0,Not Selected,Center,IND,0.02926829268292683
2007-08,Jason Hart,hartja01,PG,29,UTA,57,0,606,4.9,15.3,0.322,0.9,2.6,0.355,4.0,12.7,0.315,3.2,3.8,0.8440000000000001,0.4,4.2,4.7,7.3,2.5,0.3,2.4,6.4,14.0,95.0,107.0,2008,Jason Hart-2008,0.0,Not Selected,Guard,UTA,0.04390243902439024
2007-08,Udonis Haslem,hasleud01,PF,27,MIA,49,48,1805,7.0,14.9,0.467,0.0,0.0,0.0,7.0,14.9,0.467,3.4,4.2,0.81,3.2,9.9,13.1,2.0,1.1,0.5,2.0,4.3,17.4,104.0,109.0,2008,Udonis Haslem-2008,0.0,Not Selected,Forward,MIA,0.012195121951219513
2007-08,Trenton Hassell,hassetr01,SG,28,TOT,63,6,773,3.9,9.2,0.42200000000000004,0.1,0.6,0.222,3.8,8.6,0.43700000000000006,0.5,0.7,0.7,1.4,4.3,5.7,2.8,0.9,0.2,1.5,6.2,8.4,93.0,111.0,2008,Trenton Hassell-2008,0.0,Not Selected,Guard,TOT,0.03333333333333333
2007-08,Spencer Hawes,hawessp01,C,19,SAC,71,8,931,8.0,17.3,0.45899999999999996,0.2,1.1,0.19,7.7,16.2,0.478,2.1,3.2,0.655,3.7,8.8,12.5,2.4,0.8,2.2,3.0,7.0,18.2,97.0,109.0,2008,Spencer Hawes-2008,0.0,Not Selected,Center,SAC,0.030894308943089432
2007-08,Chuck Hayes,hayesch01,PF,24,HOU,79,44,1575,3.8,7.5,0.511,0.0,0.1,0.0,3.8,7.4,0.518,0.4,0.8,0.45799999999999996,4.5,9.9,14.4,3.1,2.9,1.5,2.1,7.2,8.0,107.0,97.0,2008,Chuck Hayes-2008,0.0,Not Selected,Forward,HOU,0.044715447154471545
2007-08,Jarvis Hayes,hayesja01,SF,26,DET,82,1,1287,9.3,21.5,0.431,3.1,8.3,0.376,6.2,13.2,0.465,1.9,2.6,0.75,1.5,6.1,7.6,2.6,2.0,0.3,2.0,5.9,23.6,105.0,104.0,2008,Jarvis Hayes-2008,0.0,Not Selected,Forward,DET,0.04796747967479675
2007-08,Brendan Haywood,haywobr01,C,28,WAS,80,80,2228,7.6,14.4,0.528,0.0,0.0,0.0,7.6,14.4,0.528,5.2,7.1,0.735,6.6,7.3,13.9,1.7,0.7,3.2,2.6,5.2,20.4,119.0,109.0,2008,Brendan Haywood-2008,0.0,Not Selected,Center,WAS,0.034959349593495934
2007-08,Luther Head,headlu01,SG,25,HOU,73,17,1379,7.9,18.4,0.43200000000000005,3.0,8.7,0.35100000000000003,4.9,9.7,0.504,2.5,3.1,0.815,0.7,4.5,5.2,5.3,1.7,0.3,2.7,2.9,21.5,108.0,104.0,2008,Luther Head-2008,0.0,Not Selected,Guard,HOU,0.044715447154471545
2007-08,Walter Herrmann,herrmwa01,PF,28,TOT,45,0,373,8.1,20.7,0.389,2.9,9.2,0.313,5.2,11.5,0.45,3.0,3.6,0.84,3.2,7.3,10.5,2.6,1.0,0.1,1.7,3.5,22.0,106.0,108.0,2008,Walter Herrmann-2008,0.0,Not Selected,Forward,TOT,0.03333333333333333
2007-08,Nenê,hilarne01,PF,25,DEN,16,1,266,5.2,12.8,0.408,0.0,0.2,0.0,5.2,12.7,0.414,4.9,8.9,0.551,5.4,10.3,15.7,2.7,1.6,2.5,3.8,8.3,15.4,94.0,103.0,2008,Nenê-2008,0.0,Not Selected,Forward,DEN,0.04065040650406504
2007-08,Grant Hill,hillgr01,SF,35,PHO,70,68,2222,8.0,15.9,0.503,0.7,2.3,0.317,7.3,13.6,0.535,3.8,4.4,0.867,1.7,6.2,7.9,4.5,1.5,1.3,2.1,3.4,20.5,115.0,108.0,2008,Grant Hill-2008,0.0,Not Selected,Forward,PHO,0.044715447154471545
2007-08,Kirk Hinrich,hinriki01,PG,27,CHI,75,72,2380,7.2,17.3,0.414,1.8,5.2,0.35,5.3,12.1,0.442,2.6,3.1,0.831,0.6,4.7,5.3,9.8,1.9,0.4,3.4,4.9,18.7,104.0,109.0,2008,Kirk Hinrich-2008,0.0,Not Selected,Guard,CHI,0.026829268292682926
2007-08,Ryan Hollins,holliry01,PF,23,CHA,60,1,532,4.5,9.2,0.489,0.0,0.0,0.0,4.5,9.2,0.489,5.4,8.1,0.6709999999999999,5.2,5.3,10.5,1.4,1.0,2.9,2.5,9.4,14.4,113.0,109.0,2008,Ryan Hollins-2008,0.0,Not Selected,Forward,CHO,0.026016260162601626
2007-08,Al Horford,horfoal01,C,21,ATL,81,77,2540,6.9,13.9,0.499,0.0,0.1,0.0,6.9,13.8,0.502,3.2,4.4,0.731,5.1,11.1,16.3,2.6,1.2,1.6,2.8,5.5,17.0,108.0,106.0,2008,Al Horford-2008,0.0,Not Selected,Center,ATL,0.03008130081300813
2007-08,Robert Horry,horryro01,PF,37,SAS,45,5,583,3.5,11.0,0.319,1.7,6.5,0.257,1.9,4.5,0.408,1.7,2.6,0.643,3.2,6.9,10.1,4.4,1.9,1.8,2.0,5.1,10.4,98.0,100.0,2008,Robert Horry-2008,0.0,Not Selected,Forward,SAS,0.04552845528455285
2007-08,Eddie House,houseed01,PG,29,BOS,78,2,1480,7.7,18.9,0.409,4.2,10.6,0.39299999999999996,3.6,8.3,0.429,1.2,1.3,0.917,0.7,5.3,6.0,5.4,2.1,0.4,2.7,4.1,20.8,105.0,100.0,2008,Eddie House-2008,0.0,Not Selected,Guard,BOS,0.05365853658536585
2007-08,Dwight Howard,howardw01,C,22,ORL,82,82,3088,9.7,16.2,0.599,0.0,0.1,0.0,9.7,16.1,0.601,8.8,14.9,0.59,4.6,14.7,19.3,1.8,1.2,2.9,4.4,4.6,28.2,113.0,99.0,2008,Dwight Howard-2008,1.0,1st,Center,ORL,0.04227642276422764
2007-08,Josh Howard,howarjo01,SF,27,DAL,76,76,2757,10.9,24.1,0.455,1.3,4.1,0.319,9.7,20.0,0.48200000000000004,6.0,7.4,0.813,2.3,8.0,10.3,3.2,1.1,0.6,2.2,3.9,29.2,111.0,106.0,2008,Josh Howard-2008,0.0,Not Selected,Forward,DAL,0.041463414634146344
2007-08,Juwan Howard,howarju01,PF,34,DAL,50,0,353,3.5,9.7,0.359,0.0,0.0,0.0,3.5,9.7,0.359,1.7,2.1,0.7859999999999999,3.2,9.0,12.2,2.6,0.8,0.3,2.6,9.4,8.6,88.0,107.0,2008,Juwan Howard-2008,0.0,Not Selected,Forward,DAL,0.041463414634146344
2007-08,Troy Hudson,hudsotr01,PG,31,GSW,9,0,93,4.7,16.2,0.29,2.1,6.3,0.33299999999999996,2.6,9.9,0.263,3.1,3.1,1.0,0.0,3.7,3.7,4.7,1.6,0.0,3.7,2.1,14.6,83.0,113.0,2008,Troy Hudson-2008,0.0,Not Selected,Guard,GSW,0.03902439024390244
2007-08,Larry Hughes,hughela01,PG-SG,29,TOT,68,57,2020,7.9,20.8,0.381,1.7,5.0,0.345,6.2,15.8,0.392,3.9,4.9,0.7979999999999999,1.0,5.0,6.0,4.7,2.6,0.4,3.0,3.6,21.5,97.0,107.0,2008,Larry Hughes-2008,0.0,Not Selected,Guard,TOT,0.03333333333333333
2007-08,Kris Humphries,humphkr01,PF,22,TOR,70,0,925,9.3,19.2,0.483,0.0,0.1,0.0,9.3,19.0,0.486,4.3,7.1,0.605,5.2,9.7,14.9,1.6,1.4,1.6,2.7,6.2,22.8,103.0,105.0,2008,Kris Humphries-2008,0.0,Not Selected,Forward,TOR,0.03333333333333333
2007-08,Lindsey Hunter,hunteli01,PG,37,DET,24,0,215,5.6,16.4,0.344,1.8,6.6,0.26899999999999996,3.8,9.7,0.395,1.8,2.3,0.778,1.0,2.3,3.3,8.4,3.3,0.5,3.3,7.7,14.8,94.0,103.0,2008,Lindsey Hunter-2008,0.0,Not Selected,Guard,DET,0.04796747967479675
2007-08,Steven Hunter,huntest01,C,26,DEN,19,2,120,6.0,11.2,0.536,0.0,0.0,0.0,6.0,11.2,0.536,3.6,8.0,0.45,4.0,7.6,11.6,0.0,0.0,2.4,2.8,8.0,15.6,98.0,108.0,2008,Steven Hunter-2008,0.0,Not Selected,Center,DEN,0.04065040650406504
2007-08,Andre Iguodala,iguodan01,SF,24,PHI,82,82,3242,9.5,20.9,0.456,1.7,5.0,0.32899999999999996,7.9,15.9,0.496,6.0,8.3,0.721,1.4,5.9,7.3,6.4,2.8,0.8,3.5,3.1,26.7,110.0,105.0,2008,Andre Iguodala-2008,0.0,Not Selected,Forward,PHI,0.032520325203252036
2007-08,Zydrunas Ilgauskas,ilgauzy01,C,32,CLE,73,73,2222,10.0,21.1,0.474,0.0,0.0,0.0,10.0,21.0,0.475,4.7,5.8,0.802,6.3,10.0,16.3,2.5,0.8,2.9,3.2,5.9,24.7,108.0,104.0,2008,Zydrunas Ilgauskas-2008,0.0,Not Selected,Center,CLE,0.036585365853658534
2007-08,D.J. Mbenga,mbengdj01,C,27,TOT,42,0,326,5.9,12.8,0.46399999999999997,0.0,0.0,0.0,5.9,12.8,0.46399999999999997,0.8,1.8,0.41700000000000004,4.3,6.7,10.9,1.5,1.1,4.0,1.8,10.6,12.6,100.0,105.0,2008,D.J. Mbenga-2008,0.0,Not Selected,Center,TOT,0.03333333333333333
2007-08,Allen Iverson,iversal01,SG,32,DEN,82,82,3424,10.0,21.9,0.45799999999999996,1.3,3.9,0.345,8.7,18.0,0.48200000000000004,9.1,11.2,0.809,0.7,2.8,3.4,8.2,2.2,0.2,3.4,1.5,30.4,115.0,109.0,2008,Allen Iverson-2008,0.0,Not Selected,Guard,DEN,0.04065040650406504
2007-08,Royal Ivey,iveyro01,PG,26,MIL,75,20,1437,5.4,13.8,0.39399999999999996,1.3,3.9,0.327,4.2,9.9,0.42100000000000004,3.1,4.3,0.726,1.4,2.9,4.3,5.9,1.6,0.3,2.7,6.1,15.3,102.0,115.0,2008,Royal Ivey-2008,0.0,Not Selected,Guard,MIL,0.02113821138211382
2007-08,Jarrett Jack,jackja01,SG,24,POR,82,16,2229,6.5,15.2,0.431,1.6,4.7,0.342,4.9,10.5,0.47,5.3,6.1,0.867,0.8,5.0,5.7,7.7,1.5,0.0,4.4,3.2,19.9,105.0,110.0,2008,Jarrett Jack-2008,0.0,Not Selected,Guard,POR,0.03333333333333333
2007-08,Bobby Jackson,jacksbo01,SG-PG,34,TOT,72,5,1389,7.8,19.4,0.40299999999999997,3.1,8.7,0.358,4.7,10.7,0.439,2.5,3.1,0.79,1.3,5.7,6.9,5.3,1.7,0.2,2.3,3.7,21.2,107.0,106.0,2008,Bobby Jackson-2008,0.0,Not Selected,Guard,TOT,0.03333333333333333
2007-08,Luke Jackson,jackslu02,SF,26,MIA,14,1,228,6.1,18.7,0.325,2.6,7.0,0.36700000000000005,3.5,11.7,0.3,3.7,5.4,0.696,1.6,6.1,7.7,4.0,1.9,0.0,2.1,5.1,18.4,93.0,111.0,2008,Luke Jackson-2008,0.0,Not Selected,Forward,MIA,0.012195121951219513
2007-08,Stephen Jackson,jacksst02,SF,29,GSW,73,73,2855,8.3,20.5,0.405,3.1,8.5,0.363,5.2,12.0,0.435,5.2,6.3,0.8320000000000001,1.1,4.3,5.4,5.1,1.6,0.5,3.4,2.9,24.9,107.0,112.0,2008,Stephen Jackson-2008,0.0,Not Selected,Forward,GSW,0.03902439024390244
2007-08,Casey Jacobsen,jacobca01,SG,26,MEM,53,0,547,3.6,10.6,0.33899999999999997,1.5,6.6,0.222,2.1,4.0,0.535,1.2,1.6,0.765,1.1,4.9,6.0,1.8,0.5,0.1,1.5,3.1,9.9,91.0,115.0,2008,Casey Jacobsen-2008,0.0,Not Selected,Guard,MEM,0.01788617886178862
2007-08,Jerome James,jamesje01,C,32,NYK,2,0,5,10.5,10.5,1.0,0.0,0.0,0.0,10.5,10.5,1.0,21.0,21.0,1.0,0.0,31.4,31.4,0.0,0.0,0.0,0.0,0.0,41.9,228.0,100.0,2008,Jerome James-2008,0.0,Not Selected,Center,NYK,0.01869918699186992
2007-08,LeBron James,jamesle01,SF,23,CLE,75,74,3027,14.0,28.9,0.484,2.0,6.3,0.315,12.0,22.6,0.531,9.7,13.6,0.7120000000000001,2.3,8.1,10.4,9.5,2.4,1.4,4.5,2.9,39.6,116.0,104.0,2008,LeBron James-2008,1.0,1st,Forward,CLE,0.036585365853658534
2007-08,Mike James,jamesmi01,PG,32,TOT,54,1,720,7.5,21.4,0.348,2.3,7.2,0.32,5.2,14.3,0.363,2.9,3.5,0.813,1.0,4.1,5.1,4.4,1.6,0.1,2.7,4.1,20.1,93.0,106.0,2008,Mike James-2008,0.0,Not Selected,Guard,TOT,0.03333333333333333
2007-08,Antawn Jamison,jamisan01,PF,31,WAS,79,79,3061,10.8,24.8,0.436,2.1,6.2,0.33899999999999997,8.7,18.6,0.46799999999999997,5.8,7.7,0.76,3.8,10.4,14.1,2.1,1.9,0.6,2.0,3.4,29.6,112.0,107.0,2008,Antawn Jamison-2008,0.0,Not Selected,Forward,WAS,0.034959349593495934
2007-08,Marko Jarić,jaricma01,SG,29,MIN,75,56,2189,5.4,12.6,0.43,1.1,3.0,0.36200000000000004,4.3,9.6,0.451,2.9,3.9,0.742,0.9,4.4,5.3,7.4,2.3,0.8,3.1,4.3,14.8,104.0,111.0,2008,Marko Jarić-2008,0.0,Not Selected,Guard,MIN,0.01788617886178862
2007-08,Al Jefferson,jeffeal01,C,23,MIN,82,82,2919,12.9,25.8,0.5,0.0,0.1,0.0,12.9,25.7,0.502,5.1,7.1,0.721,5.5,10.8,16.3,2.1,1.3,2.1,3.0,4.0,30.9,109.0,108.0,2008,Al Jefferson-2008,0.0,Not Selected,Center,MIN,0.01788617886178862
2007-08,Richard Jefferson,jefferi01,SF,27,NJN,82,82,3200,10.2,21.8,0.466,1.3,3.5,0.36200000000000004,8.9,18.3,0.486,8.9,11.1,0.7979999999999999,1.5,4.1,5.6,4.1,1.2,0.3,3.3,3.7,30.5,112.0,112.0,2008,Richard Jefferson-2008,0.0,Not Selected,Forward,BRK,0.027642276422764227
2007-08,Jared Jeffries,jeffrja01,SF,26,NYK,73,19,1325,4.3,10.7,0.4,0.2,1.0,0.16,4.1,9.7,0.424,1.9,3.7,0.527,4.7,4.9,9.6,2.6,1.4,0.9,2.5,5.2,10.6,94.0,112.0,2008,Jared Jeffries-2008,0.0,Not Selected,Forward,NYK,0.01869918699186992
2007-08,Yi Jianlian,jianlyi01,PF,20,MIL,66,49,1647,7.0,16.6,0.42100000000000004,0.2,0.7,0.28600000000000003,6.8,15.9,0.42700000000000005,3.9,4.6,0.841,3.4,7.6,11.0,1.8,1.1,1.8,2.9,4.9,18.1,98.0,112.0,2008,Yi Jianlian-2008,0.0,Not Selected,Forward,MIL,0.02113821138211382
2007-08,Alexander Johnson,johnsal01,PF,24,MIA,43,6,549,5.9,12.1,0.488,0.0,0.0,0.0,5.9,12.1,0.488,5.5,8.0,0.687,3.1,6.0,9.1,1.3,1.3,1.0,4.1,7.8,17.3,97.0,111.0,2008,Alexander Johnson-2008,0.0,Not Selected,Forward,MIA,0.012195121951219513
2007-08,Amir Johnson,johnsam01,PF,20,DET,62,0,764,6.6,11.9,0.5579999999999999,0.0,0.0,0.0,6.6,11.9,0.5579999999999999,2.7,4.0,0.6729999999999999,6.3,10.7,16.9,2.1,1.7,5.9,2.8,10.1,15.9,115.0,95.0,2008,Amir Johnson-2008,0.0,Not Selected,Forward,DET,0.04796747967479675
2007-08,Anthony Johnson,johnsan02,PG,33,TOT,69,52,1531,5.3,12.1,0.43700000000000006,1.4,3.2,0.452,3.8,8.9,0.431,1.2,1.5,0.8140000000000001,0.7,3.9,4.7,8.9,1.8,0.3,2.9,3.9,13.2,107.0,111.0,2008,Anthony Johnson-2008,0.0,Not Selected,Guard,TOT,0.03333333333333333
2007-08,DerMarr Johnson,johnsde03,SF,27,SAS,5,0,28,13.5,27.0,0.5,5.8,17.4,0.33299999999999996,7.7,9.7,0.8,0.0,3.9,0.0,0.0,1.9,1.9,1.9,1.9,0.0,0.0,7.7,32.8,111.0,105.0,2008,DerMarr Johnson-2008,0.0,Not Selected,Forward,SAS,0.04552845528455285
2007-08,Joe Johnson,johnsjo02,SG,26,ATL,82,82,3343,10.2,23.6,0.43200000000000005,2.7,7.0,0.381,7.5,16.6,0.45399999999999996,5.0,6.0,0.8340000000000001,1.3,4.5,5.8,7.5,1.3,0.3,3.5,2.6,28.1,109.0,112.0,2008,Joe Johnson-2008,0.0,Not Selected,Guard,ATL,0.03008130081300813
2007-08,Linton Johnson,johnsli01,PF,27,TOT,8,0,63,7.2,15.1,0.474,0.8,2.4,0.33299999999999996,6.4,12.7,0.5,1.6,1.6,1.0,4.0,7.2,11.2,3.2,0.0,0.8,4.0,8.8,16.7,98.0,111.0,2008,Linton Johnson-2008,0.0,Not Selected,Forward,TOT,0.03333333333333333
2007-08,Bobby Jones,jonesbo02,SF,24,TOT,47,2,531,5.7,13.3,0.429,1.7,5.0,0.34,4.0,8.2,0.483,3.8,4.8,0.784,2.7,6.0,8.7,2.7,1.4,0.3,2.7,8.0,16.9,106.0,110.0,2008,Bobby Jones-2008,0.0,Not Selected,Forward,TOT,0.03333333333333333
2007-08,Dahntay Jones,jonesda02,SG,27,SAC,25,0,206,5.7,13.0,0.434,0.2,1.5,0.16699999999999998,5.4,11.6,0.46799999999999997,8.4,12.6,0.667,1.7,6.9,8.6,3.0,2.0,1.5,2.5,6.9,19.9,108.0,108.0,2008,Dahntay Jones-2008,0.0,Not Selected,Guard,SAC,0.030894308943089432
2007-08,Damon Jones,jonesda01,SG,31,CLE,67,3,1336,6.0,14.5,0.41600000000000004,4.6,11.0,0.41700000000000004,1.4,3.5,0.414,0.8,1.1,0.7140000000000001,0.2,2.7,2.9,5.0,0.8,0.0,1.4,2.6,17.4,121.0,112.0,2008,Damon Jones-2008,0.0,Not Selected,Guard,CLE,0.036585365853658534
2007-08,Dwayne Jones,jonesdw02,PF,24,CLE,56,0,472,2.8,5.3,0.532,0.0,0.1,0.0,2.8,5.2,0.5429999999999999,3.2,6.5,0.483,7.8,8.0,15.8,1.1,1.1,2.8,1.9,9.9,8.8,116.0,104.0,2008,Dwayne Jones-2008,0.0,Not Selected,Forward,CLE,0.036585365853658534
2007-08,Eddie Jones,jonesed02,SG,36,DAL,47,33,922,3.8,10.4,0.36700000000000005,2.0,6.7,0.293,1.8,3.7,0.5,0.6,0.8,0.7140000000000001,1.0,6.6,7.6,4.0,1.5,0.5,1.7,4.2,10.2,100.0,107.0,2008,Eddie Jones-2008,0.0,Not Selected,Guard,DAL,0.041463414634146344
2007-08,Fred Jones,jonesfr01,SG,28,NYK,70,26,1757,5.4,12.9,0.42100000000000004,2.2,5.7,0.385,3.2,7.2,0.45,2.8,3.8,0.746,0.9,4.2,5.1,4.9,1.4,0.5,2.3,4.2,15.9,110.0,113.0,2008,Fred Jones-2008,0.0,Not Selected,Guard,NYK,0.01869918699186992
2007-08,James Jones,jonesja02,SF,27,POR,58,3,1276,6.1,14.0,0.43700000000000006,3.9,8.8,0.444,2.2,5.2,0.426,3.7,4.2,0.878,1.8,5.0,6.9,1.5,1.0,0.6,1.2,4.1,19.8,126.0,111.0,2008,James Jones-2008,0.0,Not Selected,Forward,POR,0.03333333333333333
2007-08,Solomon Jones,jonesso01,PF,23,ATL,35,0,145,4.4,10.9,0.4,0.0,0.7,0.0,4.4,10.2,0.429,4.0,7.3,0.55,6.9,8.4,15.3,0.0,1.1,1.8,4.0,10.2,12.7,89.0,108.0,2008,Solomon Jones-2008,0.0,Not Selected,Forward,ATL,0.03008130081300813
2007-08,Chris Kaman,kamanch01,C,25,LAC,56,55,2083,8.5,17.5,0.483,0.0,0.1,0.0,8.5,17.4,0.486,5.1,6.6,0.762,4.3,13.5,17.8,2.7,0.8,3.9,4.1,4.5,22.0,100.0,103.0,2008,Chris Kaman-2008,0.0,Not Selected,Center,LAC,0.01869918699186992
2007-08,Jason Kapono,kaponja01,SF,26,TOR,81,7,1530,8.4,17.3,0.488,2.0,4.1,0.483,6.5,13.2,0.489,1.3,1.5,0.86,1.1,3.1,4.2,2.3,1.2,0.1,2.0,4.6,20.2,105.0,111.0,2008,Jason Kapono-2008,0.0,Not Selected,Forward,TOR,0.03333333333333333
2007-08,Coby Karl,karlco01,SG,24,LAL,17,0,71,6.4,18.4,0.34600000000000003,2.8,9.2,0.308,3.5,9.2,0.385,5.7,7.1,0.8,2.1,7.8,9.9,6.4,2.8,1.4,3.5,2.8,21.2,103.0,102.0,2008,Coby Karl-2008,0.0,Not Selected,Guard,LAL,0.046341463414634146
2007-08,Viktor Khryapa,khryavi01,PF,25,CHI,9,0,105,5.9,15.2,0.387,0.0,0.5,0.0,5.9,14.7,0.4,3.9,6.9,0.5710000000000001,2.9,6.9,9.8,3.9,2.9,0.0,2.9,5.4,15.7,91.0,105.0,2008,Viktor Khryapa-2008,0.0,Not Selected,Forward,CHI,0.026829268292682926
2007-08,Jason Kidd,kiddja01,PG,34,TOT,80,80,2906,5.5,14.4,0.385,2.2,5.7,0.381,3.4,8.7,0.387,2.4,3.0,0.818,1.7,9.2,10.9,14.6,2.5,0.5,4.8,3.0,15.7,104.0,105.0,2008,Jason Kidd-2008,0.0,Not Selected,Guard,TOT,0.03333333333333333
2007-08,Tarence Kinsey,kinseta01,SG,23,MEM,11,0,96,8.4,19.9,0.42100000000000004,1.6,3.7,0.429,6.8,16.3,0.419,2.6,3.1,0.833,1.6,4.7,6.3,1.0,1.6,0.0,1.6,5.8,21.0,99.0,113.0,2008,Tarence Kinsey-2008,0.0,Not Selected,Guard,MEM,0.01788617886178862
2007-08,Andrei Kirilenko,kirilan01,SF,26,UTA,72,72,2217,6.4,12.6,0.506,1.0,2.7,0.379,5.4,9.9,0.54,4.6,6.0,0.77,2.8,5.1,7.9,6.6,2.0,2.5,3.3,3.8,18.4,118.0,105.0,2008,Andrei Kirilenko-2008,0.0,Not Selected,Forward,UTA,0.04390243902439024
2007-08,Linas Kleiza,kleizli01,SF,23,DEN,79,13,1889,7.9,16.8,0.47200000000000003,2.4,7.1,0.33899999999999997,5.5,9.7,0.568,4.2,5.4,0.77,2.3,6.1,8.5,2.4,1.1,0.5,2.3,4.6,22.4,114.0,109.0,2008,Linas Kleiza-2008,0.0,Not Selected,Forward,DEN,0.04065040650406504
2007-08,Brevin Knight,knighbr01,PG,32,LAC,74,39,1674,4.3,10.7,0.40399999999999997,0.0,0.2,0.0,4.3,10.5,0.41100000000000003,1.9,2.2,0.873,0.5,4.0,4.4,10.2,3.1,0.3,2.2,5.0,10.5,102.0,108.0,2008,Brevin Knight-2008,0.0,Not Selected,Guard,LAC,0.01869918699186992
2007-08,Kyle Korver,korveky01,SG-PF,26,TOT,75,0,1732,7.7,17.3,0.44299999999999995,3.3,8.9,0.375,4.3,8.4,0.516,3.6,3.9,0.915,0.6,4.5,5.2,3.0,1.3,0.9,2.3,5.8,22.3,114.0,109.0,2008,Kyle Korver-2008,0.0,Not Selected,Forward,TOT,0.03333333333333333
2007-08,Nenad Krstić,krstine01,C,24,NJN,45,38,812,7.9,19.4,0.41,0.0,0.1,0.0,7.9,19.3,0.413,3.4,4.5,0.754,2.3,10.7,12.9,1.7,0.6,1.1,2.6,7.2,19.3,90.0,108.0,2008,Nenad Krstić-2008,0.0,Not Selected,Center,BRK,0.027642276422764227
2007-08,Raef LaFrentz,lafrera01,C,31,POR,39,0,291,5.1,11.4,0.44299999999999995,0.0,0.8,0.0,5.1,10.7,0.474,2.1,3.6,0.579,5.3,7.3,12.6,1.1,2.3,3.2,1.9,11.1,12.2,102.0,103.0,2008,Raef LaFrentz-2008,0.0,Not Selected,Center,POR,0.03333333333333333
2007-08,Carl Landry,landrca01,PF,24,HOU,42,0,711,10.1,16.4,0.616,0.0,0.1,0.0,10.1,16.3,0.619,5.4,8.1,0.6609999999999999,7.2,8.3,15.5,1.6,1.3,0.5,1.9,7.3,25.6,130.0,102.0,2008,Carl Landry-2008,0.0,Not Selected,Forward,HOU,0.044715447154471545
2007-08,Keith Langford,langfke01,SG,24,SAS,2,0,10,5.4,21.6,0.25,0.0,0.0,0.0,5.4,21.6,0.25,0.0,0.0,0.0,0.0,10.8,10.8,0.0,0.0,0.0,0.0,5.4,10.8,55.0,104.0,2008,Keith Langford-2008,0.0,Not Selected,Guard,SAS,0.04552845528455285
2007-08,Stéphane Lasme,lasmest01,PF-SF,25,TOT,16,4,303,5.6,12.5,0.451,0.0,0.0,0.0,5.6,12.5,0.451,3.3,5.6,0.594,4.6,4.7,9.3,0.5,2.3,3.9,2.6,6.1,14.6,96.0,107.0,2008,Stéphane Lasme-2008,0.0,Not Selected,Forward,TOT,0.03333333333333333
2007-08,Acie Law,lawac01,PG,23,ATL,56,6,865,5.8,14.4,0.401,0.4,2.1,0.20600000000000002,5.4,12.4,0.433,2.3,2.9,0.792,0.7,2.7,3.5,6.9,1.8,0.0,3.4,4.4,14.3,93.0,112.0,2008,Acie Law-2008,0.0,Not Selected,Guard,ATL,0.03008130081300813
2007-08,David Lee,leeda02,PF,24,NYK,81,29,2356,7.6,13.7,0.552,0.0,0.0,0.0,7.6,13.7,0.5539999999999999,4.3,5.3,0.8190000000000001,5.4,10.7,16.1,2.1,1.2,0.6,2.2,4.7,19.5,123.0,110.0,2008,David Lee-2008,0.0,Not Selected,Forward,NYK,0.01869918699186992
2007-08,Rashard Lewis,lewisra02,PF,28,ORL,81,81,3076,8.6,19.0,0.455,3.8,9.2,0.409,4.8,9.7,0.498,3.6,4.3,0.838,1.6,5.7,7.3,3.3,1.7,0.6,2.3,3.6,24.7,115.0,106.0,2008,Rashard Lewis-2008,0.0,Not Selected,Forward,ORL,0.04227642276422764
2007-08,Kyle Lowry,lowryky01,PG,21,MEM,82,9,2089,6.2,14.3,0.43200000000000005,0.9,3.4,0.257,5.3,10.9,0.48700000000000004,5.9,8.4,0.698,1.0,5.0,6.0,7.1,2.2,0.5,3.1,4.5,19.1,108.0,111.0,2008,Kyle Lowry-2008,0.0,Not Selected,Guard,MEM,0.01788617886178862
2007-08,Tyronn Lue,luety01,PG,30,TOT,50,3,736,8.1,18.2,0.447,2.8,6.2,0.45299999999999996,5.3,12.0,0.44299999999999995,1.8,2.3,0.7809999999999999,0.6,3.2,3.9,5.3,0.8,0.1,1.9,4.7,20.8,112.0,113.0,2008,Tyronn Lue-2008,0.0,Not Selected,Guard,TOT,0.03333333333333333
2007-08,Mark Madsen,madsema01,PF,32,MIN,20,6,151,1.0,6.6,0.158,0.0,0.0,0.0,1.0,6.6,0.158,1.0,4.2,0.25,6.2,6.9,13.1,1.4,1.0,0.7,3.1,8.7,3.1,62.0,112.0,2008,Mark Madsen-2008,0.0,Not Selected,Forward,MIN,0.01788617886178862
2007-08,Corey Maggette,maggeco01,SF,28,LAC,70,65,2502,9.5,20.8,0.45799999999999996,1.6,4.2,0.384,7.9,16.6,0.47700000000000004,11.5,14.2,0.812,1.6,6.6,8.2,3.9,1.5,0.1,4.1,4.4,32.2,112.0,110.0,2008,Corey Maggette-2008,0.0,Not Selected,Forward,LAC,0.01869918699186992
2007-08,Jamaal Magloire,magloja01,C,29,TOT,31,2,286,3.3,10.1,0.327,0.0,0.0,0.0,3.3,10.1,0.327,3.7,8.1,0.455,3.5,12.9,16.4,1.3,0.2,1.8,5.5,9.2,10.3,67.0,107.0,2008,Jamaal Magloire-2008,0.0,Not Selected,Center,TOT,0.03333333333333333
2007-08,Ian Mahinmi,mahinia01,C,21,SAS,6,0,23,14.1,28.2,0.5,0.0,0.0,0.0,14.1,28.2,0.5,21.2,21.2,1.0,0.0,11.8,11.8,2.4,0.0,9.4,4.7,9.4,49.4,123.0,92.0,2008,Ian Mahinmi-2008,0.0,Not Selected,Center,SAS,0.04552845528455285
2007-08,Stephon Marbury,marbust01,PG,30,NYK,24,19,805,7.2,17.2,0.419,1.8,4.8,0.37799999999999995,5.4,12.4,0.435,5.4,7.5,0.716,1.1,2.7,3.8,7.4,1.4,0.1,3.1,3.7,21.7,109.0,115.0,2008,Stephon Marbury-2008,0.0,Not Selected,Guard,NYK,0.01869918699186992
2007-08,Shawn Marion,mariosh01,PF,29,TOT,63,62,2315,8.7,17.2,0.508,1.4,4.3,0.33299999999999996,7.3,12.9,0.5670000000000001,2.3,3.3,0.7070000000000001,3.0,11.1,14.0,3.0,2.7,1.9,1.9,3.3,21.2,113.0,102.0,2008,Shawn Marion-2008,0.0,Not Selected,Forward,TOT,0.03333333333333333
2007-08,Sean Marks,marksse01,C,32,PHO,19,0,130,8.8,16.4,0.535,0.4,1.5,0.25,8.4,14.9,0.564,4.6,7.3,0.632,3.4,10.3,13.8,1.5,1.1,3.8,3.1,8.8,22.5,107.0,103.0,2008,Sean Marks-2008,0.0,Not Selected,Center,PHO,0.044715447154471545
2007-08,Donyell Marshall,marshdo01,PF,34,TOT,26,1,340,4.8,14.8,0.327,2.3,8.0,0.28300000000000003,2.6,6.8,0.37799999999999995,2.9,3.3,0.8640000000000001,3.6,7.9,11.5,1.5,0.9,2.4,2.3,4.7,14.8,97.0,107.0,2008,Donyell Marshall-2008,0.0,Not Selected,Forward,TOT,0.03333333333333333
2007-08,Darrick Martin,martida01,PG,36,TOR,17,0,141,3.8,16.2,0.233,0.8,6.0,0.125,3.0,10.2,0.29600000000000004,1.9,2.3,0.833,1.1,1.5,2.6,7.9,2.3,0.0,0.4,4.5,10.2,87.0,110.0,2008,Darrick Martin-2008,0.0,Not Selected,Guard,TOR,0.03333333333333333
2007-08,Kenyon Martin,martike01,PF,30,DEN,71,71,2159,8.4,15.6,0.5379999999999999,0.0,0.2,0.182,8.3,15.3,0.544,2.7,4.7,0.58,2.3,7.9,10.3,2.0,2.0,1.9,2.0,5.2,19.5,108.0,104.0,2008,Kenyon Martin-2008,0.0,Not Selected,Forward,DEN,0.04065040650406504
2007-08,Kevin Martin,martike02,SG,24,SAC,61,57,2216,9.5,20.9,0.456,2.4,6.1,0.402,7.1,14.8,0.478,11.5,13.2,0.8690000000000001,1.1,5.1,6.2,3.0,1.4,0.1,3.0,3.4,33.0,121.0,112.0,2008,Kevin Martin-2008,0.0,Not Selected,Guard,SAC,0.030894308943089432
2007-08,Desmond Mason,masonde01,SF,30,MIL,59,56,1702,7.1,14.7,0.48200000000000004,0.0,0.0,0.0,7.1,14.7,0.48200000000000004,3.5,5.3,0.659,2.3,5.6,7.9,3.7,1.2,0.9,2.6,3.3,17.7,105.0,114.0,2008,Desmond Mason-2008,0.0,Not Selected,Forward,MIL,0.02113821138211382
2007-08,Roger Mason,masonro01,PG,27,WAS,80,9,1708,8.4,18.8,0.44299999999999995,4.1,10.3,0.39799999999999996,4.3,8.6,0.498,1.9,2.2,0.873,0.5,3.6,4.1,4.2,1.3,0.6,2.2,4.4,22.7,114.0,113.0,2008,Roger Mason-2008,0.0,Not Selected,Guard,WAS,0.034959349593495934
2007-08,Jason Maxiell,maxieja01,C,24,DET,82,7,1768,7.5,13.9,0.5379999999999999,0.0,0.0,0.0,7.5,13.8,0.539,5.3,8.4,0.633,5.5,8.0,13.5,1.4,0.7,2.9,2.2,5.7,20.2,117.0,103.0,2008,Jason Maxiell-2008,0.0,Not Selected,Center,DET,0.04796747967479675
2007-08,Rashad McCants,mccanra01,SG,23,MIN,75,24,2020,11.1,24.4,0.45299999999999996,3.7,9.0,0.40700000000000003,7.4,15.4,0.48100000000000004,3.0,4.0,0.748,1.3,4.0,5.3,4.2,1.7,0.5,4.4,6.1,28.8,102.0,113.0,2008,Rashad McCants-2008,0.0,Not Selected,Guard,MIN,0.01788617886178862
2007-08,Jelani McCoy,mccoyje01,C,30,DEN,6,1,33,1.5,1.5,1.0,0.0,0.0,0.0,1.5,1.5,1.0,1.5,2.9,0.5,1.5,8.7,10.2,0.0,0.0,7.3,5.8,10.2,4.4,51.0,102.0,2008,Jelani McCoy-2008,0.0,Not Selected,Center,DEN,0.04065040650406504
2007-08,Antonio McDyess,mcdyean01,PF,33,DET,78,78,2285,7.0,14.4,0.488,0.0,0.0,0.0,7.0,14.4,0.49,2.3,3.8,0.622,4.9,11.1,16.0,2.1,1.5,1.3,1.8,5.9,16.4,110.0,100.0,2008,Antonio McDyess-2008,0.0,Not Selected,Forward,DET,0.04796747967479675
2007-08,Tracy McGrady,mcgratr01,SG,28,HOU,66,62,2440,11.9,28.5,0.419,1.9,6.4,0.292,10.1,22.0,0.457,5.3,7.8,0.684,0.9,6.5,7.4,8.4,1.5,0.7,3.5,2.0,31.1,104.0,103.0,2008,Tracy McGrady-2008,3.0,3rd,Guard,HOU,0.044715447154471545
2007-08,Dominic McGuire,mcguido01,SG,22,WAS,70,1,695,3.0,8.0,0.379,0.1,0.5,0.16699999999999998,2.9,7.5,0.392,1.1,2.5,0.43799999999999994,4.1,6.6,10.7,3.1,1.5,2.0,3.1,5.9,7.2,86.0,109.0,2008,Dominic McGuire-2008,0.0,Not Selected,Guard,WAS,0.034959349593495934
2007-08,Jeff McInnis,mcinnje01,PG,33,CHA,54,26,1410,4.0,9.2,0.434,0.1,0.7,0.158,3.9,8.5,0.457,0.9,1.1,0.767,0.6,3.0,3.6,8.2,0.9,0.1,2.8,4.4,9.0,97.0,114.0,2008,Jeff McInnis-2008,0.0,Not Selected,Guard,CHO,0.026016260162601626
2007-08,Josh McRoberts,mcrobjo01,PF,20,POR,8,0,28,11.7,19.5,0.6,0.0,2.0,0.0,11.7,17.6,0.667,0.0,0.0,0.0,3.9,15.6,19.5,3.9,2.0,0.0,3.9,2.0,23.4,107.0,102.0,2008,Josh McRoberts-2008,0.0,Not Selected,Forward,POR,0.03333333333333333
2007-08,Chris Mihm,mihmch01,C,28,LAL,23,5,278,5.8,17.2,0.337,0.0,0.0,0.0,5.8,17.2,0.337,3.3,4.9,0.667,5.1,8.9,13.9,2.3,0.7,2.5,3.1,7.6,14.8,87.0,105.0,2008,Chris Mihm-2008,0.0,Not Selected,Center,LAL,0.046341463414634146
2007-08,C.J. Miles,milescj01,SG,20,UTA,60,13,689,8.4,17.6,0.479,2.2,5.8,0.39,6.2,11.9,0.522,3.1,3.9,0.7879999999999999,1.2,4.6,5.8,4.0,2.4,0.6,2.0,7.3,22.2,115.0,107.0,2008,C.J. Miles-2008,0.0,Not Selected,Guard,UTA,0.04390243902439024
2007-08,Darko Miličić,milicda01,C,22,MEM,70,64,1663,6.6,15.1,0.43799999999999994,0.0,0.0,0.0,6.6,15.1,0.439,2.0,3.7,0.5539999999999999,3.8,9.0,12.8,1.8,1.0,3.5,3.1,5.6,15.3,91.0,108.0,2008,Darko Miličić-2008,0.0,Not Selected,Center,MEM,0.01788617886178862
2007-08,Andre Miller,millean02,PG,31,PHI,82,82,3016,10.0,20.3,0.49200000000000005,0.1,0.6,0.08800000000000001,10.0,19.7,0.504,4.5,5.9,0.772,1.7,4.0,5.7,9.9,1.8,0.1,3.6,3.2,24.6,112.0,109.0,2008,Andre Miller-2008,0.0,Not Selected,Guard,PHI,0.032520325203252036
2007-08,Brad Miller,millebr01,C,31,SAC,72,72,2513,6.8,14.7,0.46299999999999997,0.6,1.8,0.311,6.2,12.9,0.484,5.3,6.2,0.848,3.4,10.4,13.7,5.3,1.4,1.5,3.3,5.0,19.4,112.0,107.0,2008,Brad Miller-2008,0.0,Not Selected,Center,SAC,0.030894308943089432
2007-08,Mike Miller,millemi01,SG,27,MEM,70,70,2474,8.4,16.8,0.502,3.2,7.3,0.43200000000000005,5.3,9.5,0.557,3.3,4.3,0.774,1.0,8.5,9.5,4.9,0.7,0.3,3.7,3.0,23.3,112.0,112.0,2008,Mike Miller-2008,0.0,Not Selected,Guard,MEM,0.01788617886178862
2007-08,Paul Millsap,millspa01,PF,22,UTA,82,2,1702,7.7,15.2,0.504,0.0,0.1,0.0,7.7,15.1,0.508,4.7,6.9,0.677,5.1,8.9,13.9,2.5,2.2,2.2,2.6,8.1,20.0,112.0,103.0,2008,Paul Millsap-2008,0.0,Not Selected,Forward,UTA,0.04390243902439024
2007-08,Yao Ming,mingya01,C,27,HOU,55,55,2044,11.2,22.1,0.507,0.0,0.1,0.0,11.2,22.1,0.508,9.0,10.6,0.85,4.5,11.0,15.4,3.4,0.6,2.9,4.8,4.4,31.4,112.0,99.0,2008,Yao Ming-2008,3.0,3rd,Center,HOU,0.044715447154471545
2007-08,Cuttino Mobley,moblecu01,SG,32,LAC,77,38,2702,7.3,16.8,0.433,1.3,3.7,0.349,6.0,13.1,0.457,3.1,3.8,0.8190000000000001,1.0,4.3,5.3,3.9,1.5,0.7,2.4,2.9,19.0,100.0,111.0,2008,Cuttino Mobley-2008,0.0,Not Selected,Guard,LAC,0.01869918699186992
2007-08,Nazr Mohammed,mohamna01,C,30,TOT,82,29,1650,8.7,16.8,0.515,0.0,0.0,0.0,8.7,16.8,0.516,3.0,5.2,0.583,6.2,9.6,15.8,2.3,1.4,1.9,3.2,7.3,20.4,106.0,106.0,2008,Nazr Mohammed-2008,0.0,Not Selected,Center,TOT,0.03333333333333333
2007-08,Jamario Moon,moonja01,SF,27,TOR,78,75,2166,6.9,14.1,0.485,1.0,3.0,0.32799999999999996,5.9,11.1,0.528,1.5,2.1,0.741,2.3,9.6,11.9,2.2,2.0,2.7,1.3,3.7,16.2,110.0,102.0,2008,Jamario Moon-2008,0.0,Not Selected,Forward,TOR,0.03333333333333333
2007-08,Mikki Moore,mooremi01,PF,32,SAC,82,79,2385,6.0,10.4,0.5770000000000001,0.0,0.0,0.0,6.0,10.4,0.579,2.8,3.9,0.736,3.4,7.1,10.5,1.8,0.7,1.0,2.3,6.6,14.8,116.0,111.0,2008,Mikki Moore-2008,0.0,Not Selected,Forward,SAC,0.030894308943089432
2007-08,Randolph Morris,morrira01,C,22,NYK,18,2,181,6.1,16.8,0.36200000000000004,0.0,0.0,0.0,6.1,16.8,0.36200000000000004,4.1,8.4,0.483,3.5,7.2,10.7,0.6,1.2,0.6,2.6,10.7,16.2,83.0,112.0,2008,Randolph Morris-2008,0.0,Not Selected,Center,NYK,0.01869918699186992
2007-08,Alonzo Mourning,mournal01,C,37,MIA,25,0,389,7.1,13.0,0.547,0.0,0.0,0.0,7.1,13.0,0.547,6.2,10.4,0.5920000000000001,4.6,8.1,12.7,1.0,0.5,5.7,3.4,7.7,20.4,106.0,106.0,2008,Alonzo Mourning-2008,0.0,Not Selected,Center,MIA,0.012195121951219513
2007-08,Troy Murphy,murphtr01,PF,27,IND,75,61,2106,7.3,16.2,0.455,2.2,5.5,0.39799999999999996,5.2,10.7,0.484,4.5,5.6,0.797,2.5,10.1,12.7,3.8,1.1,0.7,2.2,5.1,21.4,115.0,106.0,2008,Troy Murphy-2008,0.0,Not Selected,Forward,IND,0.02926829268292683
2007-08,Ronald Murray,murraro01,PG,28,TOT,42,19,874,9.0,21.5,0.42,1.2,3.7,0.317,7.9,17.8,0.441,4.0,5.8,0.6940000000000001,1.4,3.5,4.9,8.5,2.2,0.2,4.9,2.9,23.2,95.0,108.0,2008,Ronald Murray-2008,0.0,Not Selected,Guard,TOT,0.03333333333333333
2007-08,Dikembe Mutombo,mutomdi01,C,41,HOU,39,25,619,3.7,6.9,0.5379999999999999,0.0,0.0,0.0,3.7,6.9,0.5379999999999999,2.7,3.9,0.711,5.8,11.2,17.1,0.4,0.9,4.1,1.5,4.7,10.1,124.0,97.0,2008,Dikembe Mutombo-2008,0.0,Not Selected,Center,HOU,0.044715447154471545
2007-08,Boštjan Nachbar,nachbbo01,PF,27,NJN,75,1,1660,7.7,19.3,0.402,3.0,8.3,0.359,4.8,11.0,0.435,4.9,6.2,0.7859999999999999,1.8,6.4,8.2,2.8,1.4,0.7,2.7,5.8,23.3,104.0,110.0,2008,Boštjan Nachbar-2008,0.0,Not Selected,Forward,BRK,0.027642276422764227
2007-08,Eduardo Nájera,najered01,PF,31,DEN,78,3,1664,5.0,10.6,0.473,1.5,4.3,0.361,3.5,6.4,0.5479999999999999,1.8,2.6,0.708,3.3,6.5,9.7,2.7,2.0,1.2,1.7,5.8,13.4,116.0,106.0,2008,Eduardo Nájera-2008,0.0,Not Selected,Forward,DEN,0.04065040650406504
2007-08,Steve Nash,nashst01,PG,33,PHO,81,81,2780,8.7,17.2,0.504,3.2,6.8,0.47,5.5,10.4,0.527,4.0,4.4,0.9059999999999999,0.5,4.5,5.0,16.0,0.9,0.1,5.3,2.0,24.5,121.0,112.0,2008,Steve Nash-2008,2.0,2nd,Guard,PHO,0.044715447154471545
2007-08,Juan Carlos Navarro,navarju01,SG,27,MEM,82,30,2117,7.3,18.2,0.402,3.7,10.3,0.361,3.6,7.9,0.455,2.9,3.5,0.8490000000000001,0.8,4.2,5.0,4.2,1.1,0.0,3.2,2.2,21.3,103.0,115.0,2008,Juan Carlos Navarro-2008,0.0,Not Selected,Guard,MEM,0.01788617886178862
2007-08,Jameer Nelson,nelsoja01,PG,25,ORL,69,62,1961,7.4,15.8,0.469,1.7,4.0,0.41600000000000004,5.7,11.8,0.488,3.3,4.0,0.828,0.7,5.6,6.4,10.0,1.7,0.1,3.7,4.4,19.8,113.0,107.0,2008,Jameer Nelson-2008,0.0,Not Selected,Guard,ORL,0.04227642276422764
2007-08,Rasho Nesterović,nestera01,C,31,TOR,71,39,1486,9.2,16.7,0.55,0.0,0.1,0.33299999999999996,9.2,16.6,0.552,1.3,1.8,0.755,4.7,7.6,12.2,2.9,0.7,1.9,2.1,4.7,19.8,114.0,107.0,2008,Rasho Nesterović-2008,0.0,Not Selected,Center,TOR,0.03333333333333333
2007-08,Ira Newble,newblir01,SG-SF,33,TOT,49,13,698,5.8,13.2,0.43700000000000006,1.2,3.7,0.327,4.6,9.5,0.48,1.5,2.0,0.769,3.6,5.9,9.5,1.4,2.1,0.6,2.6,5.2,14.3,100.0,106.0,2008,Ira Newble-2008,0.0,Not Selected,Forward,TOT,0.03333333333333333
2007-08,Demetris Nichols,nichode01,SF,23,TOT,14,0,44,7.1,27.2,0.261,3.6,15.4,0.231,3.6,11.8,0.3,0.0,0.0,0.0,0.0,5.9,5.9,1.2,0.0,3.6,4.7,4.7,17.8,60.0,108.0,2008,Demetris Nichols-2008,0.0,Not Selected,Forward,TOT,0.03333333333333333
2007-08,Joakim Noah,noahjo01,C,22,CHI,74,31,1534,6.0,12.3,0.48200000000000004,0.0,0.0,0.0,6.0,12.3,0.484,4.5,6.5,0.691,5.9,8.1,14.0,2.8,2.3,2.2,3.0,5.8,16.4,109.0,104.0,2008,Joakim Noah-2008,0.0,Not Selected,Center,CHI,0.026829268292682926
2007-08,Andrés Nocioni,nocioan01,SF,28,CHI,82,27,2021,9.7,22.4,0.43200000000000005,3.2,8.8,0.364,6.5,13.6,0.47600000000000003,5.0,6.2,0.807,1.2,7.5,8.7,2.4,0.6,1.1,3.4,6.3,27.6,104.0,109.0,2008,Andrés Nocioni-2008,0.0,Not Selected,Forward,CHI,0.026829268292682926
2007-08,Steve Novak,novakst01,SF,24,HOU,35,0,264,9.9,20.5,0.48,6.8,14.3,0.479,3.0,6.2,0.484,0.6,0.8,0.75,0.8,6.2,7.0,1.2,0.4,0.6,0.8,3.4,27.2,128.0,105.0,2008,Steve Novak-2008,0.0,Not Selected,Forward,HOU,0.044715447154471545
2007-08,Dirk Nowitzki,nowitdi01,PF,29,DAL,77,77,2769,12.1,25.3,0.479,1.5,4.2,0.359,10.6,21.0,0.504,9.2,10.5,0.879,1.8,10.8,12.7,5.1,1.0,1.4,3.1,3.8,34.9,118.0,104.0,2008,Dirk Nowitzki-2008,2.0,2nd,Forward,DAL,0.041463414634146344
2007-08,Patrick O'Bryant,obryapa01,C,21,GSW,24,0,99,7.8,14.2,0.552,0.0,0.0,0.0,7.8,14.2,0.552,1.5,2.5,0.6,4.9,9.3,14.2,2.0,2.0,4.4,3.4,13.2,17.2,105.0,103.0,2008,Patrick O'Bryant-2008,0.0,Not Selected,Center,GSW,0.03902439024390244
2007-08,Jermaine O'Neal,onealje01,C,29,IND,42,34,1206,9.2,20.9,0.439,0.0,0.2,0.0,9.2,20.7,0.444,4.9,6.6,0.742,3.3,8.2,11.5,3.8,0.8,3.5,4.3,5.3,23.3,95.0,105.0,2008,Jermaine O'Neal-2008,0.0,Not Selected,Center,IND,0.02926829268292683
2007-08,Shaquille O'Neal,onealsh01,C,35,TOT,61,61,1748,9.8,16.4,0.593,0.0,0.0,0.0,9.8,16.4,0.593,5.0,10.0,0.503,4.9,11.4,16.3,2.7,0.9,2.6,5.3,6.7,24.5,101.0,105.0,2008,Shaquille O'Neal-2008,0.0,Not Selected,Center,TOT,0.03333333333333333
2007-08,Fabricio Oberto,obertfa01,PF,32,SAS,82,64,1644,5.9,9.7,0.608,0.0,0.0,0.0,5.9,9.7,0.61,1.2,2.0,0.607,5.0,9.1,14.1,3.1,1.2,0.7,1.7,6.7,13.1,125.0,101.0,2008,Fabricio Oberto-2008,0.0,Not Selected,Forward,SAS,0.04552845528455285
2007-08,Lamar Odom,odomla01,PF,28,LAL,77,77,2921,7.2,13.7,0.525,0.5,1.9,0.27399999999999997,6.6,11.7,0.5660000000000001,3.9,5.6,0.698,3.4,10.7,14.1,4.7,1.3,1.2,2.7,3.8,18.8,116.0,104.0,2008,Lamar Odom-2008,0.0,Not Selected,Forward,LAL,0.046341463414634146
2007-08,Emeka Okafor,okafoem01,C,25,CHA,82,82,2718,8.8,16.5,0.535,0.0,0.0,0.0,8.8,16.5,0.535,4.1,7.2,0.57,4.9,11.9,16.8,1.3,1.2,2.7,3.2,4.6,21.8,106.0,105.0,2008,Emeka Okafor-2008,0.0,Not Selected,Center,CHO,0.026016260162601626
2007-08,Mehmet Okur,okurme01,C,28,UTA,72,72,2390,8.1,18.1,0.445,2.5,6.3,0.38799999999999996,5.6,11.8,0.475,4.0,5.0,0.804,2.8,9.1,12.0,3.1,1.2,0.6,2.2,5.1,22.6,114.0,107.0,2008,Mehmet Okur-2008,0.0,Not Selected,Center,UTA,0.04390243902439024
2007-08,Kevin Ollie,ollieke01,SG,35,PHI,40,0,300,5.1,12.2,0.42,0.0,0.2,0.0,5.1,12.0,0.426,2.1,2.7,0.8,0.7,2.7,3.4,6.7,1.8,0.0,0.9,5.0,12.4,112.0,110.0,2008,Kevin Ollie-2008,0.0,Not Selected,Guard,PHI,0.032520325203252036
2007-08,Bo Outlaw,outlabo01,PF,36,ORL,2,0,7,14.7,22.0,0.667,0.0,0.0,0.0,14.7,22.0,0.667,0.0,0.0,0.0,0.0,0.0,0.0,0.0,0.0,0.0,7.3,7.3,29.4,86.0,114.0,2008,Bo Outlaw-2008,0.0,Not Selected,Forward,ORL,0.04227642276422764
2007-08,Travis Outlaw,outlatr01,PF,23,POR,82,6,2186,10.4,24.1,0.433,1.0,2.5,0.396,9.4,21.6,0.43700000000000006,5.4,7.3,0.741,2.4,7.0,9.4,2.6,1.5,1.6,2.7,4.3,27.3,102.0,107.0,2008,Travis Outlaw-2008,0.0,Not Selected,Forward,POR,0.03333333333333333
2007-08,Andre Owens,owensan01,PG,27,IND,31,7,392,5.0,13.4,0.374,2.3,5.0,0.45,2.8,8.4,0.32799999999999996,3.1,4.3,0.735,1.6,4.3,5.9,5.9,1.6,0.4,3.0,4.6,15.4,102.0,110.0,2008,Andre Owens-2008,0.0,Not Selected,Guard,IND,0.02926829268292683
2007-08,Zaza Pachulia,pachuza01,C,23,ATL,62,5,944,6.0,13.7,0.43700000000000006,0.0,0.2,0.0,6.0,13.5,0.442,6.0,8.5,0.706,5.0,8.9,13.8,2.0,1.3,0.7,3.9,7.8,18.0,101.0,108.0,2008,Zaza Pachulia-2008,0.0,Not Selected,Center,ATL,0.03008130081300813
2007-08,Jannero Pargo,pargoja01,SG,28,NOH,80,5,1497,9.1,23.3,0.39,2.3,6.6,0.349,6.7,16.6,0.406,2.5,2.9,0.877,0.9,3.7,4.6,6.8,1.8,0.2,3.3,4.4,23.0,98.0,108.0,2008,Jannero Pargo-2008,0.0,Not Selected,Guard,NOP,0.04552845528455285
2007-08,Anthony Parker,parkean01,SG,32,TOR,82,82,2634,8.0,16.7,0.47600000000000003,2.7,6.1,0.43799999999999994,5.3,10.6,0.499,2.1,2.5,0.816,1.0,5.7,6.7,3.7,1.6,0.3,1.8,3.2,20.7,113.0,108.0,2008,Anthony Parker-2008,0.0,Not Selected,Guard,TOR,0.03333333333333333
2007-08,Smush Parker,parkesm01,PG,26,TOT,28,2,592,5.7,16.3,0.348,1.6,6.9,0.231,4.1,9.4,0.434,1.7,2.5,0.679,0.4,4.2,4.5,7.4,2.1,0.5,3.9,5.3,14.6,83.0,110.0,2008,Smush Parker-2008,0.0,Not Selected,Guard,TOT,0.03333333333333333
2007-08,Tony Parker,parketo01,PG,25,SAS,69,68,2312,12.0,24.4,0.494,0.4,1.5,0.258,11.6,22.9,0.51,5.8,8.1,0.715,0.7,4.5,5.2,9.6,1.3,0.2,3.8,2.2,30.3,109.0,105.0,2008,Tony Parker-2008,0.0,Not Selected,Guard,SAS,0.04552845528455285
2007-08,Ruben Patterson,patteru01,SF,32,LAC,20,5,327,6.2,13.7,0.45299999999999996,0.0,0.3,0.0,6.2,13.4,0.46399999999999997,3.8,6.9,0.5579999999999999,3.8,6.4,10.2,2.7,3.3,1.1,4.3,5.9,16.3,89.0,105.0,2008,Ruben Patterson-2008,0.0,Not Selected,Forward,LAC,0.01869918699186992
2007-08,Chris Paul,paulch01,PG,22,NOH,80,80,3006,11.2,22.9,0.488,1.6,4.4,0.369,9.6,18.5,0.516,5.9,6.9,0.851,1.1,4.6,5.7,16.4,3.9,0.1,3.6,3.3,29.9,125.0,103.0,2008,Chris Paul-2008,1.0,1st,Guard,NOP,0.04552845528455285
2007-08,Sasha Pavlović,pavloal01,SG,24,CLE,51,45,1188,6.5,18.1,0.36200000000000004,1.5,5.1,0.298,5.0,13.0,0.38799999999999996,2.4,3.5,0.688,1.6,4.2,5.7,3.7,1.3,0.3,2.5,5.2,17.0,93.0,109.0,2008,Sasha Pavlović-2008,0.0,Not Selected,Guard,CLE,0.036585365853658534
2007-08,Oleksiy Pecherov,pecheol01,C,22,WAS,35,0,320,7.4,21.0,0.35200000000000004,2.9,10.1,0.28300000000000003,4.5,10.9,0.415,3.4,5.2,0.645,3.5,7.5,11.1,1.2,1.0,0.8,2.9,5.0,21.0,94.0,111.0,2008,Oleksiy Pecherov-2008,0.0,Not Selected,Center,WAS,0.034959349593495934
2007-08,Kendrick Perkins,perkike01,C,23,BOS,78,78,1912,5.9,9.6,0.615,0.0,0.0,0.0,5.9,9.6,0.617,3.1,5.1,0.623,4.0,9.1,13.1,2.3,0.9,3.1,3.5,6.7,15.0,110.0,97.0,2008,Kendrick Perkins-2008,0.0,Not Selected,Center,BOS,0.05365853658536585
2007-08,Kosta Perović,perovko01,C,22,GSW,7,0,38,3.8,12.8,0.3,0.0,0.0,0.0,3.8,12.8,0.3,5.1,7.7,0.667,7.7,8.9,16.6,1.3,0.0,2.6,1.3,7.7,12.8,104.0,110.0,2008,Kosta Perović-2008,0.0,Not Selected,Center,GSW,0.03902439024390244
2007-08,Morris Peterson,petermo01,SG,30,NOH,76,76,1796,6.4,15.3,0.41700000000000004,3.4,8.5,0.39399999999999996,3.0,6.8,0.445,1.9,2.5,0.765,1.1,5.1,6.1,2.0,1.4,0.2,1.2,3.7,18.1,112.0,108.0,2008,Morris Peterson-2008,0.0,Not Selected,Guard,NOP,0.04552845528455285
2007-08,Johan Petro,petrojo01,C,22,SEA,72,28,1310,7.0,16.7,0.419,0.0,0.0,0.0,7.0,16.7,0.42,2.4,3.3,0.736,3.7,10.3,14.1,1.2,1.3,1.6,2.8,6.6,16.4,91.0,107.0,2008,Johan Petro-2008,0.0,Not Selected,Center,OKC,0.016260162601626018
2007-08,Eric Piatkowski,piatker01,SF,37,PHO,16,0,113,5.3,14.5,0.364,4.8,11.4,0.423,0.4,3.1,0.14300000000000002,1.8,1.8,1.0,0.4,4.8,5.3,4.4,0.0,0.4,2.6,4.8,17.1,105.0,113.0,2008,Eric Piatkowski-2008,0.0,Not Selected,Forward,PHO,0.044715447154471545
2007-08,Paul Pierce,piercpa01,SF,30,BOS,80,80,2874,9.4,20.2,0.46399999999999997,2.6,6.7,0.392,6.7,13.5,0.499,7.5,8.9,0.843,1.0,6.6,7.5,6.7,1.9,0.7,4.1,3.7,28.8,115.0,100.0,2008,Paul Pierce-2008,3.0,3rd,Forward,BOS,0.05365853658536585
2007-08,Mickaël Piétrus,pietrmi01,SF,25,GSW,66,16,1316,6.3,14.3,0.439,2.4,6.8,0.361,3.8,7.5,0.51,2.4,3.6,0.6729999999999999,2.5,6.5,8.9,1.8,2.4,1.6,1.8,7.4,17.4,111.0,107.0,2008,Mickaël Piétrus-2008,0.0,Not Selected,Forward,GSW,0.03902439024390244
2007-08,Scot Pollard,pollasc01,C,32,BOS,22,0,173,3.7,7.0,0.522,0.0,0.0,0.0,3.7,7.0,0.522,4.6,6.7,0.682,4.3,7.0,11.3,0.9,0.9,1.8,1.5,13.1,11.9,123.0,100.0,2008,Scot Pollard-2008,0.0,Not Selected,Center,BOS,0.05365853658536585
2007-08,James Posey,poseyja01,PF,31,BOS,74,2,1821,5.0,12.0,0.418,3.1,8.1,0.38,1.9,3.9,0.496,2.7,3.3,0.809,0.9,8.5,9.3,3.3,2.1,0.6,1.9,5.3,15.8,114.0,98.0,2008,James Posey-2008,0.0,Not Selected,Forward,BOS,0.05365853658536585
2007-08,Leon Powe,powele01,C,24,BOS,56,5,809,10.0,17.6,0.5720000000000001,0.0,0.1,0.0,10.0,17.5,0.575,8.9,12.6,0.71,6.2,8.6,14.8,1.0,1.0,1.0,2.8,8.3,29.0,124.0,100.0,2008,Leon Powe-2008,0.0,Not Selected,Center,BOS,0.05365853658536585
2007-08,Josh Powell,poweljo01,C,25,LAC,64,25,1228,6.2,13.4,0.46,0.0,0.1,0.0,6.2,13.2,0.465,2.7,3.7,0.7240000000000001,4.9,9.2,14.1,2.0,0.6,1.0,2.8,5.5,15.0,100.0,109.0,2008,Josh Powell-2008,0.0,Not Selected,Center,LAC,0.01869918699186992
2007-08,Kasib Powell,powelka01,SF,26,MIA,11,4,304,6.1,16.6,0.368,1.4,5.8,0.242,4.7,10.8,0.435,1.0,1.6,0.667,1.4,6.3,7.7,3.1,1.6,0.3,0.9,3.1,14.7,94.0,111.0,2008,Kasib Powell-2008,0.0,Not Selected,Forward,MIA,0.012195121951219513
2007-08,Ronnie Price,pricero01,PG,24,UTA,61,3,588,7.7,17.9,0.431,2.3,6.6,0.34700000000000003,5.4,11.3,0.48100000000000004,2.3,3.3,0.684,0.7,3.3,4.0,6.8,2.8,0.3,2.6,7.3,20.0,106.0,107.0,2008,Ronnie Price-2008,0.0,Not Selected,Guard,UTA,0.04390243902439024
2007-08,Tayshaun Prince,princta01,SF,27,DET,82,82,2694,8.6,19.2,0.44799999999999995,1.1,3.0,0.363,7.5,16.2,0.46299999999999997,3.8,4.9,0.768,2.2,5.9,8.1,5.5,0.9,0.7,1.9,1.8,22.0,112.0,106.0,2008,Tayshaun Prince-2008,0.0,Not Selected,Forward,DET,0.04796747967479675
2007-08,Gabe Pruitt,pruitga01,PG,21,BOS,15,0,95,7.8,21.7,0.359,1.7,6.7,0.25,6.1,15.0,0.40700000000000003,0.6,1.1,0.5,0.6,3.9,4.4,7.2,2.8,0.0,2.8,5.6,17.8,89.0,100.0,2008,Gabe Pruitt-2008,0.0,Not Selected,Guard,BOS,0.05365853658536585
2007-08,Joel Przybilla,przybjo01,C,28,POR,77,67,1819,4.3,7.5,0.5760000000000001,0.0,0.0,0.0,4.3,7.5,0.578,2.5,3.7,0.68,5.9,13.6,19.5,0.8,0.4,2.8,2.9,7.0,11.1,111.0,104.0,2008,Joel Przybilla-2008,0.0,Not Selected,Center,POR,0.03333333333333333
2007-08,Chris Quinn,quinnch01,PG,24,MIA,60,25,1340,6.3,14.8,0.424,2.5,6.3,0.40299999999999997,3.7,8.5,0.439,3.4,3.9,0.867,0.4,4.2,4.7,7.1,1.8,0.2,2.2,3.6,18.5,113.0,112.0,2008,Chris Quinn-2008,0.0,Not Selected,Guard,MIA,0.012195121951219513
2007-08,Vladimir Radmanović,radmavl01,SF,27,LAL,65,41,1483,6.7,14.8,0.45299999999999996,3.2,7.9,0.406,3.5,6.9,0.507,1.8,2.2,0.8,1.9,5.4,7.3,4.2,1.6,0.4,2.5,5.0,18.4,113.0,108.0,2008,Vladimir Radmanović-2008,0.0,Not Selected,Forward,LAL,0.046341463414634146
2007-08,Shavlik Randolph,randosh01,PF,24,PHI,9,0,27,7.9,27.5,0.28600000000000003,0.0,0.0,0.0,7.9,27.5,0.28600000000000003,0.0,0.0,0.0,17.7,3.9,21.6,5.9,2.0,5.9,3.9,9.8,15.7,88.0,102.0,2008,Shavlik Randolph-2008,0.0,Not Selected,Forward,PHI,0.032520325203252036
2007-08,Zach Randolph,randoza01,C,26,NYK,69,68,2244,11.3,24.7,0.45899999999999996,0.5,1.9,0.275,10.8,22.8,0.474,5.2,6.7,0.772,4.3,12.3,16.6,3.3,1.4,0.4,4.3,4.5,28.4,101.0,109.0,2008,Zach Randolph-2008,0.0,Not Selected,Center,NYK,0.01869918699186992
2007-08,Theo Ratliff,ratlith01,C-PF,34,TOT,26,9,437,5.0,10.4,0.48200000000000004,0.0,0.1,0.0,5.0,10.3,0.488,3.6,5.3,0.674,3.9,7.0,10.9,1.7,0.9,4.5,2.6,7.2,13.6,105.0,105.0,2008,Theo Ratliff-2008,0.0,Not Selected,Forward,TOT,0.03333333333333333
2007-08,Michael Redd,reddmi01,SG,28,MIL,72,71,2702,10.7,24.2,0.442,2.5,7.0,0.36200000000000004,8.2,17.2,0.475,7.8,9.5,0.82,1.7,4.4,6.0,4.8,1.3,0.3,3.5,2.3,31.7,112.0,115.0,2008,Michael Redd-2008,0.0,Not Selected,Guard,MIL,0.02113821138211382
2007-08,J.J. Redick,redicjj01,SG,23,ORL,34,0,276,8.9,20.1,0.444,3.2,8.0,0.395,5.8,12.1,0.47700000000000004,5.0,6.3,0.794,0.2,4.1,4.3,3.0,0.7,0.0,2.8,5.4,26.1,108.0,110.0,2008,J.J. Redick-2008,0.0,Not Selected,Guard,ORL,0.04227642276422764
2007-08,Chris Richard,richach01,C,23,MIN,52,3,556,3.9,8.2,0.47100000000000003,0.0,0.0,0.0,3.9,8.2,0.47100000000000003,1.5,2.5,0.593,4.9,7.8,12.7,1.7,0.9,1.1,2.3,7.8,9.2,102.0,111.0,2008,Chris Richard-2008,0.0,Not Selected,Center,MIN,0.01788617886178862
2007-08,Jason Richardson,richaja01,SF,27,CHA,82,82,3149,10.8,24.4,0.441,4.0,9.9,0.406,6.7,14.4,0.466,4.1,5.5,0.752,1.3,6.0,7.3,4.3,1.9,0.9,2.8,4.0,29.7,109.0,109.0,2008,Jason Richardson-2008,0.0,Not Selected,Forward,CHO,0.026016260162601626
2007-08,Jeremy Richardson,richaje01,SF-SG,23,TOT,27,1,132,6.4,17.6,0.364,2.8,7.6,0.368,3.6,10.0,0.36,0.8,0.8,1.0,0.4,3.2,3.6,0.8,1.2,0.0,2.4,5.2,16.4,84.0,112.0,2008,Jeremy Richardson-2008,0.0,Not Selected,Forward,TOT,0.03333333333333333
2007-08,Quentin Richardson,richaqu01,SF,27,NYK,65,65,1841,5.7,15.8,0.359,2.0,6.1,0.322,3.7,9.7,0.381,1.7,2.5,0.682,1.6,7.4,9.0,3.3,1.3,0.4,2.0,4.4,15.0,95.0,112.0,2008,Quentin Richardson-2008,0.0,Not Selected,Forward,NYK,0.01869918699186992
2007-08,Luke Ridnour,ridnolu01,PG,26,SEA,61,5,1223,6.0,15.0,0.39899999999999997,0.9,2.9,0.29600000000000004,5.1,12.1,0.424,3.2,3.7,0.857,0.5,3.3,3.8,9.8,1.5,0.6,3.3,4.9,16.0,101.0,112.0,2008,Luke Ridnour-2008,0.0,Not Selected,Guard,OKC,0.016260162601626018
2007-08,Nate Robinson,robinna01,PG,23,NYK,72,17,1883,9.2,21.8,0.423,2.7,8.1,0.332,6.5,13.6,0.478,4.3,5.5,0.7859999999999999,1.4,4.8,6.2,5.9,1.7,0.0,2.9,5.2,25.4,109.0,113.0,2008,Nate Robinson-2008,0.0,Not Selected,Guard,NYK,0.01869918699186992
2007-08,Sergio Rodríguez,rodrise01,PG,21,POR,72,0,628,6.0,17.0,0.35200000000000004,1.5,5.0,0.293,4.5,12.0,0.377,2.2,3.3,0.6579999999999999,1.1,3.9,5.0,10.7,2.1,0.0,4.6,5.0,15.7,90.0,110.0,2008,Sergio Rodríguez-2008,0.0,Not Selected,Guard,POR,0.03333333333333333
2007-08,Rajon Rondo,rondora01,PG,21,BOS,77,77,2306,8.0,16.3,0.49200000000000005,0.1,0.4,0.263,7.9,15.9,0.499,2.4,4.0,0.611,1.8,5.6,7.4,9.0,3.0,0.3,3.4,4.3,18.6,107.0,98.0,2008,Rajon Rondo-2008,0.0,Not Selected,Guard,BOS,0.05365853658536585
2007-08,Malik Rose,rosema01,PF,33,NYK,49,3,494,7.0,19.1,0.36700000000000005,0.2,0.7,0.28600000000000003,6.8,18.3,0.37,3.9,5.4,0.725,3.3,7.6,10.9,3.0,1.7,0.7,4.2,8.5,18.1,85.0,110.0,2008,Malik Rose-2008,0.0,Not Selected,Forward,NYK,0.01869918699186992
2007-08,Quinton Ross,rossqu01,SG,26,LAC,76,44,1505,4.5,11.6,0.391,0.3,0.7,0.429,4.2,10.9,0.389,1.4,2.1,0.667,1.9,4.1,6.0,3.0,1.5,1.1,1.0,4.6,10.8,96.0,111.0,2008,Quinton Ross-2008,0.0,Not Selected,Guard,LAC,0.01869918699186992
2007-08,Brandon Roy,roybr01,SG,23,POR,74,74,2792,10.4,22.9,0.45399999999999996,1.4,4.2,0.34,9.0,18.7,0.48,5.5,7.3,0.753,1.6,5.2,6.8,8.4,1.5,0.3,2.7,2.9,27.7,113.0,110.0,2008,Brandon Roy-2008,0.0,Not Selected,Guard,POR,0.03333333333333333
2007-08,Michael Ruffin,ruffimi01,C,31,MIL,46,2,632,2.7,5.2,0.532,0.0,0.0,0.0,2.7,5.2,0.532,2.1,5.2,0.397,7.5,8.0,15.5,2.0,2.6,1.6,1.6,7.7,7.6,117.0,108.0,2008,Michael Ruffin-2008,0.0,Not Selected,Center,MIL,0.02113821138211382
2007-08,Kareem Rush,rushka01,SG,27,IND,71,15,1504,7.4,18.6,0.401,3.3,8.6,0.389,4.1,10.0,0.41,1.0,1.4,0.7140000000000001,0.6,4.9,5.5,2.9,1.4,0.6,2.0,3.5,19.2,98.0,110.0,2008,Kareem Rush-2008,0.0,Not Selected,Guard,IND,0.02926829268292683
2007-08,John Salmons,salmojo01,SG,28,SAC,81,41,2517,7.7,16.1,0.47700000000000004,0.8,2.4,0.325,6.9,13.7,0.504,4.3,5.2,0.823,1.5,5.5,7.0,4.2,1.9,0.6,3.4,3.4,20.4,106.0,110.0,2008,John Salmons-2008,0.0,Not Selected,Guard,SAC,0.030894308943089432
2007-08,Cheikh Samb,sambch01,C,23,DET,4,0,31,5.3,7.1,0.75,0.0,0.0,0.0,5.3,7.1,0.75,1.8,3.5,0.5,5.3,7.1,12.4,0.0,1.8,3.5,1.8,14.2,12.4,129.0,100.0,2008,Cheikh Samb-2008,0.0,Not Selected,Center,DET,0.04796747967479675
2007-08,Brian Scalabrine,scalabr01,PF,29,BOS,48,9,512,3.0,9.7,0.309,1.5,4.7,0.326,1.4,4.9,0.292,1.5,2.1,0.75,2.3,5.9,8.1,4.1,0.9,0.8,2.7,6.5,9.1,92.0,102.0,2008,Brian Scalabrine-2008,0.0,Not Selected,Forward,BOS,0.05365853658536585
2007-08,Luis Scola,scolalu01,PF,27,HOU,82,39,2024,9.1,17.6,0.515,0.0,0.1,0.0,9.1,17.5,0.517,4.1,6.2,0.6679999999999999,4.6,9.2,13.8,2.8,1.6,0.5,2.8,6.2,22.2,111.0,101.0,2008,Luis Scola-2008,0.0,Not Selected,Forward,HOU,0.044715447154471545
2007-08,Thabo Sefolosha,sefolth01,SG,23,CHI,69,22,1436,6.5,15.1,0.428,1.0,3.2,0.33,5.4,12.0,0.45299999999999996,2.7,3.7,0.721,1.8,7.4,9.2,4.6,2.2,1.1,3.3,4.6,16.7,97.0,106.0,2008,Thabo Sefolosha-2008,0.0,Not Selected,Guard,CHI,0.026829268292682926
2007-08,Mouhamed Sene,senesa01,C,21,SEA,13,0,62,8.8,19.3,0.45799999999999996,0.0,0.0,0.0,8.8,19.3,0.45799999999999996,6.4,13.7,0.47100000000000003,5.6,7.2,12.9,0.8,0.0,5.6,0.0,7.2,24.1,110.0,107.0,2008,Mouhamed Sene-2008,0.0,Not Selected,Center,OKC,0.016260162601626018
2007-08,Ramon Sessions,sessira01,PG,21,MIL,17,7,450,6.0,13.7,0.436,0.4,0.8,0.429,5.6,12.8,0.436,3.7,4.8,0.78,0.9,5.8,6.8,14.8,2.0,0.4,4.2,3.0,16.0,109.0,113.0,2008,Ramon Sessions-2008,0.0,Not Selected,Guard,MIL,0.02113821138211382
2007-08,Bobby Simmons,simmobo01,SF,27,MIL,70,21,1521,7.2,17.1,0.42100000000000004,2.1,5.9,0.35100000000000003,5.1,11.2,0.45799999999999996,1.8,2.4,0.757,2.3,5.5,7.8,2.8,1.7,0.2,2.7,4.8,18.3,100.0,114.0,2008,Bobby Simmons-2008,0.0,Not Selected,Forward,MIL,0.02113821138211382
2007-08,Cedric Simmons,simmoce01,PF,22,TOT,14,0,87,2.4,8.5,0.28600000000000003,0.0,0.0,0.0,2.4,8.5,0.28600000000000003,0.0,6.1,0.0,3.6,7.3,10.9,0.0,1.2,3.0,3.6,4.9,4.9,47.0,105.0,2008,Cedric Simmons-2008,0.0,Not Selected,Forward,TOT,0.03333333333333333
2007-08,Courtney Sims,simsco01,C,24,IND,3,0,11,0.0,4.5,0.0,0.0,0.0,0.0,0.0,4.5,0.0,0.0,0.0,0.0,4.5,4.5,8.9,4.5,0.0,0.0,0.0,8.9,0.0,93.0,113.0,2008,Courtney Sims-2008,0.0,Not Selected,Center,IND,0.02926829268292683
2007-08,Brian Skinner,skinnbr01,C,31,PHO,66,0,844,5.4,11.7,0.465,0.1,0.2,0.667,5.3,11.5,0.462,1.9,3.7,0.524,3.7,10.3,14.0,0.9,1.2,4.5,2.3,6.6,12.9,97.0,103.0,2008,Brian Skinner-2008,0.0,Not Selected,Center,PHO,0.044715447154471545
2007-08,Craig Smith,smithcr01,PF,24,MIN,77,11,1547,10.0,17.8,0.563,0.0,0.3,0.0,10.0,17.5,0.5720000000000001,4.5,6.8,0.665,4.2,7.8,11.9,2.0,1.2,0.6,3.0,7.3,24.6,113.0,111.0,2008,Craig Smith-2008,0.0,Not Selected,Forward,MIN,0.01788617886178862
2007-08,J.R. Smith,smithjr01,SG,22,DEN,74,0,1421,10.5,22.8,0.461,5.3,13.2,0.40299999999999997,5.2,9.6,0.542,4.3,6.0,0.7190000000000001,1.5,3.7,5.1,4.3,2.1,0.4,3.8,4.9,30.7,111.0,109.0,2008,J.R. Smith-2008,0.0,Not Selected,Guard,DEN,0.04065040650406504
2007-08,Jason Smith,smithja02,PF,21,PHI,76,1,1107,6.8,14.9,0.455,0.2,0.7,0.28600000000000003,6.6,14.2,0.46299999999999997,2.6,3.9,0.659,3.7,7.3,11.0,1.0,1.1,2.4,2.3,6.8,16.3,101.0,106.0,2008,Jason Smith-2008,0.0,Not Selected,Forward,PHI,0.032520325203252036
2007-08,Joe Smith,smithjo02,PF,32,TOT,77,36,1726,9.4,19.7,0.478,0.0,0.1,0.0,9.4,19.6,0.48,4.7,6.2,0.755,4.9,7.2,12.1,2.0,1.0,1.4,2.1,5.6,23.5,110.0,108.0,2008,Joe Smith-2008,0.0,Not Selected,Forward,TOT,0.03333333333333333
2007-08,Josh Smith,smithjo03,PF,22,ATL,81,81,2873,9.5,20.8,0.457,0.5,1.8,0.253,9.0,19.0,0.47700000000000004,6.1,8.6,0.71,3.0,9.3,12.2,5.0,2.3,4.2,4.5,4.9,25.6,102.0,103.0,2008,Josh Smith-2008,0.0,Not Selected,Forward,ATL,0.03008130081300813
2007-08,Eric Snow,snower01,PG,34,CLE,22,5,305,1.0,6.6,0.158,0.0,0.3,0.0,1.0,6.3,0.16699999999999998,1.7,3.8,0.455,0.7,2.8,3.5,7.3,1.7,0.7,1.7,5.2,3.8,77.0,109.0,2008,Eric Snow-2008,0.0,Not Selected,Guard,CLE,0.036585365853658534
2007-08,Kirk Snyder,snydeki01,SF-PF,24,TOT,36,18,761,6.6,13.0,0.508,0.3,1.6,0.217,6.3,11.4,0.5479999999999999,4.4,6.1,0.727,2.1,6.6,8.7,4.4,1.4,1.0,3.6,3.8,18.0,106.0,111.0,2008,Kirk Snyder-2008,0.0,Not Selected,Forward,TOT,0.03333333333333333
2007-08,Darius Songaila,songada01,C,29,WAS,80,13,1554,7.4,16.1,0.45799999999999996,0.0,0.1,0.0,7.4,16.1,0.46,2.3,2.5,0.9179999999999999,2.8,6.6,9.4,4.7,1.8,0.6,3.0,6.2,17.1,102.0,110.0,2008,Darius Songaila-2008,0.0,Not Selected,Center,WAS,0.034959349593495934
2007-08,Jerry Stackhouse,stackje01,SG,33,DAL,58,13,1412,8.0,19.8,0.405,2.3,6.9,0.326,5.8,12.9,0.447,5.0,5.6,0.892,1.2,3.8,5.0,5.5,1.1,0.4,3.2,3.1,23.3,105.0,110.0,2008,Jerry Stackhouse-2008,0.0,Not Selected,Guard,DAL,0.041463414634146344
2007-08,DeShawn Stevenson,stevede01,SG,26,WAS,82,82,2564,6.3,16.3,0.386,3.3,8.6,0.38299999999999995,3.0,7.7,0.39,3.3,4.1,0.797,0.8,4.1,4.9,5.3,1.4,0.3,2.1,2.3,19.2,111.0,113.0,2008,DeShawn Stevenson-2008,0.0,Not Selected,Guard,WAS,0.034959349593495934
2007-08,Peja Stojaković,stojape01,SF,30,NOH,77,77,2711,8.9,20.2,0.44,4.6,10.3,0.441,4.3,9.9,0.43799999999999994,2.6,2.8,0.929,1.3,5.3,6.5,1.9,1.1,0.2,1.2,2.5,24.9,119.0,109.0,2008,Peja Stojaković-2008,0.0,Not Selected,Forward,NOP,0.04552845528455285
2007-08,Awvee Storey,storeaw01,SG,30,MIL,26,0,259,7.9,18.1,0.43799999999999994,0.0,1.4,0.0,7.9,16.6,0.47600000000000003,2.8,5.9,0.483,6.3,4.7,11.0,3.2,1.4,0.2,2.0,8.3,18.7,103.0,114.0,2008,Awvee Storey-2008,0.0,Not Selected,Guard,MIL,0.02113821138211382
2007-08,Damon Stoudamire,stoudda01,PG,34,TOT,60,33,1037,6.0,16.8,0.35600000000000004,2.5,7.4,0.336,3.5,9.4,0.37200000000000005,1.3,1.7,0.794,1.0,4.9,5.9,8.2,1.5,0.1,4.0,3.8,15.8,92.0,110.0,2008,Damon Stoudamire-2008,0.0,Not Selected,Guard,TOT,0.03333333333333333
2007-08,Salim Stoudamire,stoudsa01,PG,25,ATL,35,0,402,8.5,23.6,0.361,3.8,11.1,0.341,4.7,12.5,0.379,5.4,6.6,0.82,0.5,2.6,3.1,3.7,0.9,0.7,2.8,4.5,26.2,101.0,114.0,2008,Salim Stoudamire-2008,0.0,Not Selected,Guard,ATL,0.03008130081300813
2007-08,Amar'e Stoudemire,stoudam01,C,25,PHO,79,79,2677,13.2,22.5,0.59,0.1,0.6,0.161,13.2,21.9,0.601,10.3,12.8,0.805,3.3,10.0,13.3,2.2,1.2,3.0,3.2,5.5,36.9,124.0,104.0,2008,Amar'e Stoudemire-2008,2.0,2nd,Center,PHO,0.044715447154471545
2007-08,D.J. Strawberry,strawdj01,SG,22,PHO,33,0,270,5.3,16.9,0.315,1.1,4.6,0.24,4.2,12.3,0.34299999999999997,1.7,3.5,0.474,1.7,3.5,5.2,5.5,2.2,1.1,2.0,6.6,13.4,85.0,109.0,2008,D.J. Strawberry-2008,0.0,Not Selected,Guard,PHO,0.044715447154471545
2007-08,Rodney Stuckey,stuckro01,PG,21,DET,57,2,1081,7.8,19.4,0.401,0.2,0.8,0.188,7.6,18.6,0.41,6.5,7.9,0.8140000000000001,1.6,4.9,6.6,8.1,2.5,0.3,4.0,5.7,22.2,101.0,103.0,2008,Rodney Stuckey-2008,0.0,Not Selected,Guard,DET,0.04796747967479675
2007-08,Robert Swift,swiftro01,C,22,SEA,8,4,98,3.1,8.6,0.353,0.0,0.0,0.0,3.1,8.6,0.353,1.0,1.0,1.0,3.1,6.1,9.2,0.5,2.5,3.1,5.1,8.1,7.1,62.0,105.0,2008,Robert Swift-2008,0.0,Not Selected,Center,OKC,0.016260162601626018
2007-08,Stromile Swift,swiftst01,PF,28,TOT,56,4,844,8.2,16.0,0.509,0.0,0.1,0.0,8.2,15.9,0.513,4.4,6.6,0.67,3.9,8.2,12.0,1.6,0.9,3.3,3.1,6.8,20.8,105.0,108.0,2008,Stromile Swift-2008,0.0,Not Selected,Forward,TOT,0.03333333333333333
2007-08,Wally Szczerbiak,szczewa02,SF,30,TOT,75,2,1736,9.1,21.2,0.431,2.6,6.4,0.413,6.5,14.8,0.43799999999999994,4.4,5.1,0.851,1.0,5.4,6.4,3.0,0.7,0.4,2.2,3.0,25.2,108.0,112.0,2008,Wally Szczerbiak-2008,0.0,Not Selected,Forward,TOT,0.03333333333333333
2007-08,Sebastian Telfair,telfase01,PG,22,MIN,60,51,1933,6.0,15.0,0.401,0.9,3.1,0.281,5.2,11.9,0.43200000000000005,2.1,2.8,0.743,0.4,3.2,3.6,9.6,1.6,0.3,3.0,4.6,15.0,100.0,114.0,2008,Sebastian Telfair-2008,0.0,Not Selected,Guard,MIN,0.01788617886178862
2007-08,Jason Terry,terryja01,SG,30,DAL,82,34,2579,9.7,20.8,0.467,2.8,7.5,0.375,6.9,13.3,0.519,3.9,4.6,0.857,0.6,3.7,4.3,5.4,1.8,0.4,1.9,3.5,26.2,118.0,108.0,2008,Jason Terry-2008,0.0,Not Selected,Guard,DAL,0.041463414634146344
2007-08,Billy Thomas,thomabi01,SF,32,TOT,11,0,42,5.1,21.5,0.235,5.1,20.2,0.25,0.0,1.3,0.0,2.5,2.5,1.0,0.0,2.5,2.5,0.0,1.3,0.0,5.1,5.1,17.7,67.0,111.0,2008,Billy Thomas-2008,0.0,Not Selected,Forward,TOT,0.03333333333333333
2007-08,Kenny Thomas,thomake01,PF,30,SAC,23,3,281,2.9,6.9,0.42100000000000004,0.0,0.0,0.0,2.9,6.9,0.42100000000000004,0.0,0.9,0.0,3.2,7.8,11.0,2.3,1.1,0.2,3.8,6.9,5.8,74.0,111.0,2008,Kenny Thomas-2008,0.0,Not Selected,Forward,SAC,0.030894308943089432
2007-08,Kurt Thomas,thomaku01,C-PF,35,TOT,70,48,1584,6.3,12.8,0.49200000000000005,0.0,0.0,0.0,6.3,12.8,0.494,1.7,2.6,0.6629999999999999,4.2,12.2,16.4,2.2,1.8,1.8,1.5,6.1,14.3,109.0,102.0,2008,Kurt Thomas-2008,0.0,Not Selected,Forward,TOT,0.03333333333333333
2007-08,Tim Thomas,thomati01,PF,30,LAC,63,51,1940,7.8,18.9,0.413,2.2,7.3,0.306,5.6,11.7,0.479,3.1,4.1,0.752,1.7,7.0,8.7,4.6,1.1,0.8,2.6,5.2,21.0,100.0,110.0,2008,Tim Thomas-2008,0.0,Not Selected,Forward,LAC,0.01869918699186992
2007-08,Tyrus Thomas,thomaty01,PF,21,CHI,74,27,1330,7.2,17.1,0.423,0.0,0.2,0.16699999999999998,7.2,16.8,0.426,5.0,6.7,0.741,4.0,9.3,13.3,3.5,1.9,2.8,3.0,6.6,19.5,101.0,103.0,2008,Tyrus Thomas-2008,0.0,Not Selected,Forward,CHI,0.026829268292682926
2007-08,Al Thornton,thornal01,PF,24,LAC,79,31,2158,9.0,21.0,0.429,1.0,3.1,0.331,8.0,17.9,0.447,5.2,7.0,0.743,2.4,6.3,8.6,2.4,1.1,1.0,3.1,4.7,24.3,97.0,110.0,2008,Al Thornton-2008,0.0,Not Selected,Forward,LAC,0.01869918699186992
2007-08,Jamaal Tinsley,tinslja01,PG,29,IND,39,36,1293,6.7,17.6,0.38,1.5,5.4,0.284,5.2,12.2,0.42200000000000004,2.7,3.8,0.72,0.9,4.4,5.4,12.4,2.5,0.4,4.9,3.7,17.6,96.0,108.0,2008,Jamaal Tinsley-2008,0.0,Not Selected,Guard,IND,0.02926829268292683
2007-08,Alando Tucker,tuckeal02,SF,23,PHO,6,0,48,8.3,22.8,0.364,1.0,4.1,0.25,7.2,18.6,0.389,5.2,6.2,0.833,4.1,4.1,8.3,0.0,0.0,1.0,0.0,2.1,22.8,103.0,113.0,2008,Alando Tucker-2008,0.0,Not Selected,Forward,PHO,0.044715447154471545
2007-08,Ronny Turiaf,turiaro01,C,25,LAL,78,21,1458,6.5,13.7,0.474,0.0,0.0,0.0,6.5,13.6,0.475,4.8,6.4,0.753,3.3,7.3,10.5,4.4,1.0,3.7,2.5,6.9,17.8,112.0,104.0,2008,Ronny Turiaf-2008,0.0,Not Selected,Center,LAL,0.046341463414634146
2007-08,Hedo Türkoğlu,turkohe01,SF,28,ORL,82,82,3026,9.4,20.7,0.456,2.8,7.1,0.4,6.6,13.7,0.485,5.5,6.6,0.8290000000000001,1.4,6.6,8.0,6.9,1.3,0.4,4.2,4.1,27.2,111.0,107.0,2008,Hedo Türkoğlu-2008,0.0,Not Selected,Forward,ORL,0.04227642276422764
2007-08,Ime Udoka,udokaim01,PF,30,SAS,73,0,1316,6.5,15.4,0.424,2.5,6.8,0.37,4.0,8.6,0.467,1.8,2.4,0.759,1.5,7.9,9.4,2.6,2.3,0.7,2.4,5.2,17.4,101.0,100.0,2008,Ime Udoka-2008,0.0,Not Selected,Forward,SAS,0.04552845528455285
2007-08,Beno Udrih,udrihbe01,PG,25,SAC,65,51,2080,8.0,17.3,0.46299999999999997,1.3,3.3,0.387,6.7,13.9,0.48200000000000004,3.0,3.6,0.85,0.8,4.5,5.3,6.9,1.4,0.2,3.6,3.4,20.3,105.0,113.0,2008,Beno Udrih-2008,0.0,Not Selected,Guard,SAC,0.030894308943089432
2007-08,Anderson Varejão,varejan01,C,25,CLE,48,13,1320,5.5,11.9,0.461,0.0,0.1,0.0,5.5,11.8,0.46399999999999997,2.0,3.3,0.598,5.4,10.7,16.1,2.1,1.5,1.0,2.4,5.4,12.9,103.0,104.0,2008,Anderson Varejão-2008,0.0,Not Selected,Center,CLE,0.036585365853658534
2007-08,Jacque Vaughn,vaughja01,PG,32,SAS,74,9,1139,5.7,13.4,0.428,0.1,0.5,0.3,5.6,13.0,0.43200000000000005,2.9,3.8,0.763,0.6,2.9,3.5,7.5,1.1,0.0,2.6,4.6,14.5,101.0,106.0,2008,Jacque Vaughn-2008,0.0,Not Selected,Guard,SAS,0.04552845528455285
2007-08,Charlie Villanueva,villach01,PF,23,MIL,76,31,1829,10.2,23.4,0.435,1.6,5.3,0.297,8.6,18.1,0.475,3.5,4.5,0.7829999999999999,4.2,9.2,13.4,2.2,0.9,1.0,3.1,5.0,25.5,102.0,112.0,2008,Charlie Villanueva-2008,0.0,Not Selected,Forward,MIL,0.02113821138211382
2007-08,Marcus Vinicius,vincima01,SF,23,NOH,13,0,69,7.0,15.5,0.45,3.9,9.3,0.41700000000000004,3.1,6.2,0.5,3.9,8.5,0.455,0.8,5.4,6.2,1.5,0.8,0.8,2.3,3.1,21.7,105.0,109.0,2008,Marcus Vinicius-2008,0.0,Not Selected,Forward,NOP,0.04552845528455285
2007-08,Jake Voskuhl,voskuja01,C,30,MIL,44,0,386,5.0,10.9,0.46299999999999997,0.0,0.0,0.0,5.0,10.9,0.46299999999999997,3.3,3.9,0.828,4.1,9.1,13.2,1.8,1.2,2.9,3.9,11.3,13.3,95.0,109.0,2008,Jake Voskuhl-2008,0.0,Not Selected,Center,MIL,0.02113821138211382
2007-08,Sasha Vujačić,vujacsa01,SG,23,LAL,72,0,1279,8.6,18.9,0.45399999999999996,4.6,10.6,0.43700000000000006,4.0,8.3,0.47600000000000003,3.0,3.6,0.835,0.7,5.3,6.0,2.8,1.4,0.2,2.0,4.2,24.8,116.0,108.0,2008,Sasha Vujačić-2008,0.0,Not Selected,Guard,LAL,0.046341463414634146
2007-08,Dwyane Wade,wadedw01,SG,26,MIA,51,49,1954,12.0,25.5,0.469,0.6,2.1,0.28600000000000003,11.4,23.4,0.485,9.6,12.7,0.758,1.2,4.6,5.8,9.6,2.4,1.0,6.1,3.7,34.1,103.0,110.0,2008,Dwyane Wade-2008,0.0,Not Selected,Guard,MIA,0.012195121951219513
2007-08,Von Wafer,wafervo01,SG,22,TOT,29,0,154,5.6,20.1,0.27899999999999997,1.3,8.5,0.154,4.3,11.5,0.371,2.6,3.9,0.667,0.3,5.9,6.2,2.3,0.7,1.0,4.3,2.3,15.1,66.0,110.0,2008,Von Wafer-2008,0.0,Not Selected,Guard,TOT,0.03333333333333333
2007-08,Antoine Walker,walkean02,PF,31,MIN,46,1,892,8.0,22.0,0.363,3.6,11.0,0.324,4.4,11.0,0.401,2.1,3.9,0.53,3.3,6.6,9.8,2.6,1.9,0.5,2.7,4.7,21.6,95.0,111.0,2008,Antoine Walker-2008,0.0,Not Selected,Forward,MIN,0.01788617886178862
2007-08,Ben Wallace,wallabe01,C-PF,33,TOT,72,72,2205,3.3,8.3,0.392,0.0,0.1,0.0,3.3,8.2,0.397,1.7,4.0,0.426,5.5,8.7,14.2,2.5,2.1,2.8,1.6,2.9,8.2,100.0,103.0,2008,Ben Wallace-2008,0.0,Not Selected,Forward,TOT,0.03333333333333333
2007-08,Gerald Wallace,wallage01,PF,25,CHA,62,59,2376,9.0,20.0,0.449,1.6,4.9,0.321,7.4,15.1,0.491,6.9,9.4,0.731,1.3,6.9,8.2,4.8,2.9,1.3,4.0,4.2,26.4,104.0,106.0,2008,Gerald Wallace-2008,0.0,Not Selected,Forward,CHO,0.026016260162601626
2007-08,Rasheed Wallace,wallara01,C,33,DET,77,76,2346,8.8,20.4,0.43200000000000005,2.6,7.4,0.35600000000000004,6.2,13.0,0.47600000000000003,2.7,3.5,0.767,2.0,10.0,12.0,3.2,2.1,3.0,2.0,5.0,22.9,108.0,98.0,2008,Rasheed Wallace-2008,0.0,Not Selected,Center,DET,0.04796747967479675
2007-08,Luke Walton,waltolu01,SF,27,LAL,74,31,1729,6.2,13.9,0.45,0.8,2.4,0.33299999999999996,5.4,11.4,0.475,2.2,3.2,0.706,2.5,6.0,8.5,6.3,1.7,0.5,2.9,3.9,15.5,106.0,107.0,2008,Luke Walton-2008,0.0,Not Selected,Forward,LAL,0.046341463414634146
2007-08,Hakim Warrick,warriha01,PF,25,MEM,75,30,1754,9.4,18.7,0.502,0.4,1.4,0.271,9.0,17.4,0.521,5.3,7.5,0.7040000000000001,3.5,6.7,10.2,1.5,1.0,0.8,2.4,4.5,24.5,110.0,112.0,2008,Hakim Warrick-2008,0.0,Not Selected,Forward,MEM,0.01788617886178862
2007-08,Darius Washington,washida01,SG,22,SAS,18,0,146,7.8,17.8,0.43799999999999994,1.5,4.4,0.33299999999999996,6.3,13.3,0.47200000000000003,2.6,4.8,0.5379999999999999,1.5,5.9,7.4,5.6,1.9,0.0,5.2,5.9,19.6,89.0,103.0,2008,Darius Washington-2008,0.0,Not Selected,Guard,SAS,0.04552845528455285
2007-08,Darryl Watkins,watkida01,C,23,SAC,9,0,71,3.6,10.7,0.33299999999999996,0.0,0.0,0.0,3.6,10.7,0.33299999999999996,1.4,3.6,0.4,3.6,5.0,8.6,0.0,1.4,1.4,5.0,5.7,8.6,62.0,111.0,2008,Darryl Watkins-2008,0.0,Not Selected,Center,SAC,0.030894308943089432
2007-08,C.J. Watson,watsocj01,PG,23,GSW,32,0,368,5.7,13.3,0.426,1.2,3.4,0.34600000000000003,4.5,9.9,0.45299999999999996,3.0,3.8,0.7929999999999999,1.7,2.5,4.2,4.6,2.0,0.0,2.4,2.5,15.6,107.0,113.0,2008,C.J. Watson-2008,0.0,Not Selected,Guard,GSW,0.03902439024390244
2007-08,Earl Watson,watsoea01,PG,28,SEA,78,73,2269,7.4,16.4,0.45399999999999996,1.1,2.9,0.371,6.4,13.5,0.47200000000000003,2.4,3.2,0.7659999999999999,0.9,4.0,4.9,11.7,1.5,0.2,3.8,3.5,18.4,105.0,112.0,2008,Earl Watson-2008,0.0,Not Selected,Guard,OKC,0.016260162601626018
2007-08,Chris Webber,webbech01,PF,34,GSW,9,8,126,5.8,11.9,0.484,0.0,0.0,0.0,5.8,11.9,0.484,1.9,4.6,0.41700000000000004,0.8,11.6,12.3,6.9,1.5,2.3,4.2,6.6,13.5,91.0,105.0,2008,Chris Webber-2008,0.0,Not Selected,Forward,GSW,0.03902439024390244
2007-08,Martell Webster,webstma02,SF,21,POR,75,70,2132,7.1,16.8,0.42200000000000004,3.2,8.1,0.38799999999999996,3.9,8.7,0.45399999999999996,3.1,4.3,0.735,1.4,6.2,7.6,2.3,1.1,0.7,2.1,4.1,20.5,107.0,110.0,2008,Martell Webster-2008,0.0,Not Selected,Forward,POR,0.03333333333333333
2007-08,Bonzi Wells,wellsbo01,SG,31,TOT,73,7,1562,8.6,19.4,0.44299999999999995,0.4,1.7,0.24,8.2,17.7,0.462,5.0,7.7,0.643,2.9,8.4,11.3,3.3,2.6,1.1,3.5,5.3,22.5,99.0,100.0,2008,Bonzi Wells-2008,0.0,Not Selected,Guard,TOT,0.03333333333333333
2007-08,David West,westda01,PF,27,NOH,76,76,2870,11.7,24.3,0.48200000000000004,0.1,0.5,0.24,11.6,23.8,0.48700000000000004,5.6,6.6,0.85,3.3,9.2,12.6,3.3,1.2,1.8,3.1,3.9,29.1,109.0,104.0,2008,David West-2008,0.0,Not Selected,Forward,NOP,0.04552845528455285
2007-08,Delonte West,westde01,PG,24,TOT,61,31,1533,6.6,16.0,0.413,1.6,4.5,0.35600000000000004,5.0,11.4,0.435,2.3,3.1,0.736,1.0,5.4,6.5,7.7,2.0,1.0,3.9,3.5,17.1,97.0,108.0,2008,Delonte West-2008,0.0,Not Selected,Guard,TOT,0.03333333333333333
2007-08,Mario West,westma02,SG,23,ATL,64,2,269,4.1,9.6,0.429,0.0,0.8,0.0,4.1,8.8,0.467,3.3,5.1,0.654,5.1,4.3,9.4,2.5,2.4,0.8,1.8,12.0,11.6,110.0,109.0,2008,Mario West-2008,0.0,Not Selected,Guard,ATL,0.03008130081300813
2007-08,Chris Wilcox,wilcoch01,PF,25,SEA,62,55,1739,9.6,18.3,0.524,0.0,0.1,0.0,9.6,18.2,0.526,4.6,7.1,0.645,3.6,8.8,12.4,2.1,1.3,1.0,3.0,5.0,23.7,107.0,108.0,2008,Chris Wilcox-2008,0.0,Not Selected,Forward,OKC,0.016260162601626018
2007-08,Damien Wilkins,wilkida02,SF,28,SEA,76,31,1843,7.3,18.2,0.40299999999999997,1.4,4.2,0.32299999999999995,6.0,14.0,0.42700000000000005,2.9,3.9,0.736,1.9,4.7,6.6,4.1,1.7,0.5,2.4,3.5,18.9,98.0,111.0,2008,Damien Wilkins-2008,0.0,Not Selected,Forward,OKC,0.016260162601626018
2007-08,Mike Wilks,wilksmi01,PG,28,TOT,15,0,188,4.5,9.5,0.47200000000000003,0.8,2.1,0.375,3.7,7.4,0.5,1.1,1.1,1.0,1.3,3.7,5.0,3.7,2.4,0.0,2.4,3.4,10.8,102.0,109.0,2008,Mike Wilks-2008,0.0,Not Selected,Guard,TOT,0.03333333333333333
2007-08,Aaron Williams,williaa01,C,36,LAC,30,5,297,4.7,9.7,0.491,0.0,0.0,0.0,4.7,9.7,0.491,2.5,3.2,0.778,2.6,8.1,10.7,1.6,2.1,2.6,2.3,7.7,11.9,101.0,105.0,2008,Aaron Williams-2008,0.0,Not Selected,Center,LAC,0.01869918699186992
2007-08,Deron Williams,willide01,PG,23,UTA,82,82,3059,9.5,18.8,0.507,1.4,3.5,0.395,8.1,15.3,0.5329999999999999,5.6,6.9,0.8029999999999999,0.6,3.5,4.1,14.5,1.5,0.4,4.7,3.4,26.0,118.0,110.0,2008,Deron Williams-2008,2.0,2nd,Guard,UTA,0.04390243902439024
2007-08,Jason Williams,willija02,PG,32,MIA,67,53,1886,6.0,15.5,0.384,2.7,7.8,0.353,3.2,7.8,0.415,1.9,2.3,0.863,0.3,3.3,3.7,8.7,2.3,0.1,2.6,2.6,16.6,104.0,111.0,2008,Jason Williams-2008,0.0,Not Selected,Guard,MIA,0.012195121951219513
2007-08,Justin Williams,williju01,C,23,TOT,23,0,123,5.4,12.0,0.44799999999999995,0.0,0.0,0.0,5.4,12.0,0.44799999999999995,3.3,10.7,0.308,8.3,12.0,20.2,0.0,2.1,2.1,1.7,7.0,14.0,99.0,104.0,2008,Justin Williams-2008,0.0,Not Selected,Center,TOT,0.03333333333333333
2007-08,Lou Williams,willilo02,PG,21,PHI,80,0,1862,9.1,21.4,0.424,1.6,4.4,0.359,7.5,17.1,0.441,6.5,8.3,0.7829999999999999,1.2,3.6,4.8,7.2,2.3,0.4,3.6,3.7,26.2,108.0,108.0,2008,Lou Williams-2008,0.0,Not Selected,Guard,PHI,0.032520325203252036
2007-08,Marcus Williams,willima03,PG,22,NJN,53,7,854,6.8,18.0,0.379,3.3,8.7,0.38,3.5,9.3,0.377,2.3,2.9,0.787,0.9,5.3,6.2,8.6,1.5,0.2,4.6,3.2,19.2,96.0,111.0,2008,Marcus Williams-2008,0.0,Not Selected,Guard,BRK,0.027642276422764227
2007-08,Marvin Williams,willima02,SF,21,ATL,80,80,2765,8.1,17.5,0.462,0.0,0.2,0.1,8.1,17.3,0.466,6.4,7.8,0.8220000000000001,2.3,6.4,8.7,2.6,1.5,0.6,2.4,4.3,22.6,110.0,110.0,2008,Marvin Williams-2008,0.0,Not Selected,Forward,ATL,0.03008130081300813
2007-08,Mo Williams,willima01,PG,25,MIL,66,66,2410,9.6,20.0,0.48,1.9,5.0,0.385,7.7,15.0,0.512,3.6,4.2,0.856,0.8,4.2,5.0,9.1,1.7,0.2,4.0,4.1,24.8,111.0,114.0,2008,Mo Williams-2008,0.0,Not Selected,Guard,MIL,0.02113821138211382
2007-08,Sean Williams,willise01,C,21,NJN,73,29,1278,6.7,12.5,0.5379999999999999,0.0,0.0,0.0,6.7,12.5,0.5379999999999999,3.3,5.5,0.609,4.7,8.5,13.2,1.1,1.1,4.4,2.9,7.9,16.8,105.0,105.0,2008,Sean Williams-2008,0.0,Not Selected,Center,BRK,0.027642276422764227
2007-08,Shawne Williams,willish03,SF,21,IND,65,3,967,8.1,18.9,0.42700000000000005,2.2,7.0,0.314,5.9,11.9,0.494,3.9,5.4,0.7170000000000001,2.7,6.2,8.9,3.0,1.3,1.3,2.9,6.7,22.2,102.0,108.0,2008,Shawne Williams-2008,0.0,Not Selected,Forward,IND,0.02926829268292683
2007-08,Shelden Williams,willish02,PF,24,TOT,64,0,776,6.1,14.1,0.434,0.0,0.1,0.0,6.1,14.0,0.43799999999999994,4.7,7.0,0.6759999999999999,4.5,9.1,13.7,1.3,1.5,1.4,2.3,7.3,17.0,103.0,107.0,2008,Shelden Williams-2008,0.0,Not Selected,Forward,TOT,0.03333333333333333
2007-08,Loren Woods,woodslo01,C,29,HOU,7,0,17,9.4,15.6,0.6,0.0,0.0,0.0,9.4,15.6,0.6,0.0,0.0,0.0,0.0,3.1,3.1,6.2,0.0,0.0,0.0,6.2,18.7,136.0,109.0,2008,Loren Woods-2008,0.0,Not Selected,Center,HOU,0.044715447154471545
2007-08,Metta World Peace,artesro01,SF,28,SAC,57,54,2172,10.2,22.5,0.45299999999999996,2.0,5.2,0.38,8.2,17.3,0.475,4.9,6.9,0.7190000000000001,2.4,5.3,7.7,4.6,3.1,0.9,3.5,3.7,27.3,106.0,108.0,2008,Metta World Peace-2008,0.0,Not Selected,Forward,SAC,0.030894308943089432
2007-08,Antoine Wright,wrighan01,SG,23,TOT,56,10,1232,5.8,14.0,0.413,1.4,4.7,0.29100000000000004,4.4,9.3,0.475,2.0,2.9,0.687,1.7,4.6,6.3,3.4,1.2,0.9,2.1,5.4,14.9,99.0,111.0,2008,Antoine Wright-2008,0.0,Not Selected,Guard,TOT,0.03333333333333333
2007-08,Brandan Wright,wrighbr03,PF,20,GSW,38,6,376,8.0,14.5,0.5539999999999999,0.0,0.0,0.0,8.0,14.5,0.5539999999999999,3.5,5.2,0.675,4.9,7.9,12.8,1.2,0.8,2.8,1.7,4.6,19.5,120.0,109.0,2008,Brandan Wright-2008,0.0,Not Selected,Forward,GSW,0.03902439024390244
2007-08,Dorell Wright,wrighdo01,SF,22,MIA,44,34,1104,6.9,14.1,0.488,0.2,0.5,0.364,6.7,13.6,0.493,2.7,3.3,0.826,2.3,8.3,10.6,2.9,1.4,2.0,1.4,3.8,16.7,111.0,108.0,2008,Dorell Wright-2008,0.0,Not Selected,Forward,MIA,0.012195121951219513
2007-08,Julian Wright,wrighju01,SF,20,NOH,57,1,640,7.5,14.1,0.5329999999999999,0.8,2.0,0.41700000000000004,6.7,12.1,0.552,2.8,4.3,0.635,2.8,7.0,9.8,3.3,2.4,1.0,2.8,3.6,18.6,111.0,104.0,2008,Julian Wright-2008,0.0,Not Selected,Forward,NOP,0.04552845528455285
2007-08,Lorenzen Wright,wrighlo02,C,32,TOT,18,1,161,2.0,6.9,0.28600000000000003,0.0,0.0,0.0,2.0,6.9,0.28600000000000003,1.0,2.0,0.5,2.6,9.8,12.4,1.3,1.0,1.0,1.3,10.1,4.9,79.0,108.0,2008,Lorenzen Wright-2008,0.0,Not Selected,Center,TOT,0.03333333333333333
2007-08,Nick Young,youngni01,SG,22,WAS,75,2,1158,9.7,22.1,0.439,1.9,4.6,0.4,7.9,17.5,0.45,4.7,5.7,0.815,1.1,4.3,5.3,2.9,1.6,0.3,4.4,6.0,26.0,98.0,112.0,2008,Nick Young-2008,0.0,Not Selected,Guard,WAS,0.034959349593495934
2007-08,Thaddeus Young,youngth01,PF,19,PHI,74,22,1554,9.0,16.7,0.539,0.2,0.6,0.316,8.8,16.1,0.5479999999999999,2.6,3.5,0.738,4.1,6.6,10.7,2.0,2.5,0.3,2.2,4.3,20.8,115.0,106.0,2008,Thaddeus Young-2008,0.0,Not Selected,Forward,PHI,0.032520325203252036
2008-09,Alex Acker,ackeral01,SG,26,TOT,25,0,199,7.9,20.0,0.395,1.8,5.3,0.35,6.1,14.8,0.41100000000000003,1.3,2.6,0.5,2.1,4.2,6.3,3.2,1.3,1.1,1.8,2.4,19.0,94.0,114.0,2009,Alex Acker-2009,0.0,Not Selected,Guard,TOT,0.03333333333333333
2008-09,Hassan Adams,adamsha01,SG,24,TOR,12,0,52,4.0,13.0,0.308,0.0,0.0,0.0,4.0,13.0,0.308,3.0,6.0,0.5,1.0,6.0,7.0,1.0,1.0,1.0,4.0,4.0,11.0,63.0,111.0,2009,Hassan Adams-2009,0.0,Not Selected,Guard,TOR,0.026829268292682926
2008-09,Arron Afflalo,afflaar01,SG,23,DET,74,8,1234,5.9,13.5,0.43700000000000006,1.9,4.8,0.402,3.9,8.7,0.456,2.6,3.2,0.8170000000000001,1.3,4.7,6.0,2.0,1.3,0.6,1.9,6.5,16.3,107.0,110.0,2009,Arron Afflalo-2009,0.0,Not Selected,Guard,DET,0.03170731707317073
2008-09,Maurice Ager,agerma01,SG,24,NJN,20,0,97,8.3,23.7,0.349,0.0,3.3,0.0,8.3,20.4,0.405,2.2,4.4,0.5,1.7,3.9,5.5,1.7,0.6,1.1,2.2,9.4,18.7,77.0,115.0,2009,Maurice Ager-2009,0.0,Not Selected,Guard,BRK,0.027642276422764227
2008-09,Blake Ahearn,ahearbl01,PG,24,SAS,3,0,19,5.7,17.1,0.33299999999999996,5.7,11.4,0.5,0.0,5.7,0.0,5.7,5.7,1.0,0.0,2.9,2.9,5.7,2.9,0.0,2.9,8.6,22.9,113.0,104.0,2009,Blake Ahearn-2009,0.0,Not Selected,Guard,SAS,0.04390243902439024
2008-09,Alexis Ajinça,ajincal01,PF,20,CHA,31,4,182,7.5,20.6,0.36200000000000004,0.0,0.6,0.0,7.5,20.0,0.373,6.0,8.4,0.7140000000000001,2.7,6.3,9.0,0.9,2.1,1.8,3.6,10.2,20.9,86.0,104.0,2009,Alexis Ajinça-2009,0.0,Not Selected,Forward,CHO,0.028455284552845527
2008-09,LaMarcus Aldridge,aldrila01,PF,23,POR,81,81,3004,11.1,22.9,0.484,0.1,0.5,0.25,11.0,22.4,0.489,4.8,6.2,0.7809999999999999,4.3,6.8,11.2,2.9,1.4,1.4,2.2,3.8,27.1,115.0,108.0,2009,LaMarcus Aldridge-2009,0.0,Not Selected,Forward,POR,0.04390243902439024
2008-09,Joe Alexander,alexajo01,SF,22,MIL,59,0,716,7.4,17.7,0.41600000000000004,1.2,3.3,0.348,6.2,14.4,0.43200000000000005,4.2,6.0,0.6990000000000001,3.2,5.1,8.3,3.0,1.1,2.1,3.8,7.7,20.1,96.0,108.0,2009,Joe Alexander-2009,0.0,Not Selected,Forward,MIL,0.027642276422764227
2008-09,Malik Allen,allenma01,PF,30,MIL,49,3,579,6.5,15.2,0.429,0.0,0.1,0.0,6.5,15.1,0.43200000000000005,0.9,1.9,0.47600000000000003,3.1,6.1,9.2,3.1,0.6,1.1,1.8,8.0,14.0,96.0,110.0,2009,Malik Allen-2009,0.0,Not Selected,Forward,MIL,0.027642276422764227
2008-09,Ray Allen,allenra02,SG,33,BOS,79,79,2876,9.2,19.2,0.48,3.7,9.0,0.409,5.5,10.2,0.542,4.4,4.6,0.9520000000000001,1.2,3.9,5.1,4.0,1.3,0.2,2.5,2.9,26.5,122.0,106.0,2009,Ray Allen-2009,0.0,Not Selected,Guard,BOS,0.05040650406504065
2008-09,Tony Allen,allento01,SG,27,BOS,46,2,887,8.2,17.0,0.48200000000000004,0.4,1.6,0.222,7.8,15.4,0.51,4.7,6.5,0.725,1.3,4.9,6.2,4.0,3.2,1.4,4.6,5.9,21.5,98.0,100.0,2009,Tony Allen-2009,0.0,Not Selected,Guard,BOS,0.05040650406504065
2008-09,Morris Almond,almonmo01,SG,23,UTA,25,1,255,6.7,16.4,0.40700000000000003,1.0,3.4,0.294,5.7,12.9,0.43799999999999994,4.2,5.3,0.8079999999999999,1.8,5.5,7.3,1.4,0.8,0.8,3.2,6.3,18.6,94.0,110.0,2009,Morris Almond-2009,0.0,Not Selected,Guard,UTA,0.03902439024390244
2008-09,Rafer Alston,alstora01,PG,32,TOT,77,76,2447,6.8,17.7,0.385,2.4,7.1,0.33799999999999997,4.4,10.5,0.41700000000000004,3.4,4.5,0.75,0.7,4.2,4.9,8.8,2.3,0.2,3.0,2.9,19.4,105.0,104.0,2009,Rafer Alston-2009,0.0,Not Selected,Guard,TOT,0.03333333333333333
2008-09,Lou Amundson,amundlo01,PF,26,PHO,76,0,1044,6.4,12.0,0.536,0.0,0.0,0.0,6.4,11.9,0.5379999999999999,2.5,5.7,0.442,6.1,6.8,12.9,1.3,1.5,3.1,2.7,7.4,15.4,108.0,109.0,2009,Lou Amundson-2009,0.0,Not Selected,Forward,PHO,0.03739837398373984
2008-09,Chris Andersen,anderch01,C,30,DEN,71,1,1460,5.6,10.2,0.5479999999999999,0.1,0.3,0.2,5.5,9.8,0.56,4.5,6.3,0.718,5.7,9.7,15.4,1.1,1.4,6.1,2.4,6.1,15.8,120.0,101.0,2009,Chris Andersen-2009,0.0,Not Selected,Center,DEN,0.04390243902439024
2008-09,Ryan Anderson,anderry01,PF,20,NJN,66,30,1312,6.5,16.6,0.39299999999999996,2.8,7.7,0.365,3.7,8.9,0.41700000000000004,4.0,4.7,0.845,4.2,8.4,12.7,2.1,1.8,0.8,2.6,6.4,19.8,108.0,109.0,2009,Ryan Anderson-2009,0.0,Not Selected,Forward,BRK,0.027642276422764227
2008-09,Carmelo Anthony,anthoca01,SF,24,DEN,66,66,2277,12.0,27.0,0.44299999999999995,1.4,3.8,0.371,10.6,23.2,0.455,8.3,10.5,0.7929999999999999,2.4,7.7,10.1,5.0,1.7,0.5,4.5,4.4,33.6,105.0,107.0,2009,Carmelo Anthony-2009,3.0,3rd,Forward,DEN,0.04390243902439024
2008-09,Joel Anthony,anthojo01,C,26,MIA,65,28,1048,2.9,6.0,0.483,0.0,0.0,0.0,2.9,6.0,0.483,1.5,2.3,0.652,4.5,5.5,10.0,1.4,1.0,4.7,2.1,7.1,7.3,106.0,106.0,2009,Joel Anthony-2009,0.0,Not Selected,Center,MIA,0.034959349593495934
2008-09,Gilbert Arenas,arenagi01,PG,27,WAS,2,2,63,5.0,19.3,0.261,1.7,5.9,0.28600000000000003,3.3,13.4,0.25,10.0,13.4,0.75,0.8,6.7,7.5,16.7,0.0,0.8,0.8,3.3,21.8,116.0,117.0,2009,Gilbert Arenas-2009,0.0,Not Selected,Guard,WAS,0.015447154471544716
2008-09,Trevor Ariza,arizatr01,SF,23,LAL,82,20,1999,7.0,15.2,0.46,1.6,4.9,0.319,5.4,10.3,0.526,3.1,4.3,0.71,2.8,6.1,9.0,3.7,3.5,0.6,2.2,4.2,18.6,112.0,102.0,2009,Trevor Ariza-2009,0.0,Not Selected,Forward,LAL,0.052845528455284556
2008-09,Hilton Armstrong,armsthi01,C,24,NOH,70,29,1092,6.9,12.3,0.561,0.0,0.1,0.0,6.9,12.2,0.5660000000000001,3.1,4.9,0.633,4.1,5.7,9.8,1.5,1.3,2.3,4.0,9.1,16.9,102.0,107.0,2009,Hilton Armstrong-2009,0.0,Not Selected,Center,NOP,0.03983739837398374
2008-09,Darrell Arthur,arthuda01,PF,20,MEM,76,64,1464,6.9,15.9,0.43799999999999994,0.0,0.1,0.0,6.9,15.8,0.44,1.5,2.2,0.667,3.9,8.7,12.6,1.6,1.9,1.9,1.7,7.5,15.3,99.0,107.0,2009,Darrell Arthur-2009,0.0,Not Selected,Forward,MEM,0.01951219512195122
2008-09,Chucky Atkins,atkinch01,PG,34,TOT,33,0,412,4.2,14.0,0.301,1.9,7.1,0.263,2.4,7.0,0.33899999999999997,1.9,2.0,0.938,0.6,2.4,3.0,7.3,1.2,0.2,2.9,3.4,12.2,91.0,113.0,2009,Chucky Atkins-2009,0.0,Not Selected,Guard,TOT,0.03333333333333333
2008-09,D.J. Augustin,augusdj01,PG,21,CHA,72,12,1908,7.6,17.7,0.43,3.1,7.0,0.439,4.5,10.7,0.424,5.9,6.6,0.893,0.5,3.3,3.8,7.1,1.2,0.1,3.4,4.0,24.2,115.0,110.0,2009,D.J. Augustin-2009,0.0,Not Selected,Guard,CHO,0.028455284552845527
2008-09,Kelenna Azubuike,azubuke01,SF,25,GSW,74,51,2375,8.1,17.4,0.46399999999999997,1.9,4.3,0.44799999999999995,6.1,13.1,0.469,3.8,4.7,0.8079999999999999,2.3,5.3,7.6,2.4,1.2,1.0,2.0,3.8,21.9,114.0,115.0,2009,Kelenna Azubuike-2009,0.0,Not Selected,Forward,GSW,0.023577235772357725
2008-09,Renaldo Balkman,balkmre01,PF,24,DEN,53,10,780,7.2,12.9,0.5579999999999999,0.1,0.5,0.28600000000000003,7.1,12.4,0.568,2.7,4.2,0.6459999999999999,5.6,7.6,13.3,2.2,3.1,1.5,2.3,6.4,17.2,118.0,103.0,2009,Renaldo Balkman-2009,0.0,Not Selected,Forward,DEN,0.04390243902439024
2008-09,Marcus Banks,banksma01,PG,27,TOT,22,0,206,5.4,14.7,0.368,0.8,4.9,0.158,4.6,9.8,0.474,2.8,4.6,0.611,0.3,4.4,4.6,7.2,2.8,0.5,3.6,6.7,14.4,88.0,108.0,2009,Marcus Banks-2009,0.0,Not Selected,Guard,TOT,0.03333333333333333
2008-09,Leandro Barbosa,barbole01,SG,26,PHO,70,11,1705,10.7,22.3,0.48200000000000004,2.6,7.0,0.375,8.1,15.2,0.532,5.0,5.7,0.8809999999999999,1.0,4.3,5.3,4.8,2.4,0.2,2.7,3.4,29.1,117.0,112.0,2009,Leandro Barbosa-2009,0.0,Not Selected,Guard,PHO,0.03739837398373984
2008-09,J.J. Barea,bareajo01,SG,24,DAL,79,15,1600,8.1,18.3,0.442,1.8,5.1,0.35700000000000004,6.3,13.2,0.474,2.3,3.1,0.753,1.2,4.6,5.8,8.8,1.2,0.2,3.4,4.0,20.2,106.0,112.0,2009,J.J. Barea-2009,0.0,Not Selected,Guard,DAL,0.04065040650406504
2008-09,Andrea Bargnani,bargnan01,PF,23,TOR,78,59,2453,9.2,20.4,0.45,2.5,6.2,0.409,6.6,14.2,0.46799999999999997,4.7,5.7,0.831,1.5,7.4,8.8,2.0,0.7,2.1,2.9,5.1,25.6,105.0,110.0,2009,Andrea Bargnani-2009,0.0,Not Selected,Forward,TOR,0.026829268292682926
2008-09,Matt Barnes,barnema02,PF,28,PHO,77,40,2082,6.8,16.2,0.423,2.8,8.2,0.34299999999999997,4.0,8.0,0.505,2.4,3.3,0.743,1.9,8.2,10.1,5.1,1.2,0.6,3.1,5.0,18.9,107.0,111.0,2009,Matt Barnes-2009,0.0,Not Selected,Forward,PHO,0.03739837398373984
2008-09,Brent Barry,barrybr01,SG,37,HOU,56,1,857,4.3,10.7,0.40700000000000003,3.0,8.1,0.374,1.3,2.5,0.512,1.2,1.2,0.95,1.1,4.8,5.8,4.8,1.5,0.2,3.0,2.8,12.9,106.0,107.0,2009,Brent Barry-2009,0.0,Not Selected,Guard,HOU,0.043089430894308944
2008-09,Brandon Bass,bassbr01,C,23,DAL,81,0,1574,8.4,16.9,0.496,0.0,0.2,0.0,8.4,16.7,0.502,6.1,7.0,0.867,4.3,7.9,12.2,1.4,0.9,1.8,2.9,4.7,22.9,113.0,108.0,2009,Brandon Bass-2009,0.0,Not Selected,Center,DAL,0.04065040650406504
2008-09,Maceo Baston,bastoma01,PF,33,IND,27,0,217,5.7,10.5,0.5429999999999999,0.0,0.2,0.0,5.7,10.3,0.556,3.9,6.2,0.63,5.0,6.9,11.9,1.6,1.4,2.3,2.8,8.9,15.4,112.0,108.0,2009,Maceo Baston-2009,0.0,Not Selected,Forward,IND,0.02926829268292683
2008-09,Tony Battie,battito01,PF,32,ORL,77,3,1202,6.8,14.0,0.489,0.1,0.4,0.222,6.7,13.6,0.49700000000000005,2.3,3.5,0.659,4.0,8.0,12.0,1.3,1.1,1.1,2.0,4.8,16.1,106.0,102.0,2009,Tony Battie-2009,0.0,Not Selected,Forward,ORL,0.04796747967479675
2008-09,Shane Battier,battish01,SG,30,HOU,60,59,2031,3.8,9.3,0.41,2.4,6.2,0.384,1.4,3.1,0.462,1.4,1.8,0.821,1.4,6.1,7.5,3.6,1.3,1.4,1.3,3.0,11.4,118.0,105.0,2009,Shane Battier-2009,0.0,Not Selected,Guard,HOU,0.043089430894308944
2008-09,Nicolas Batum,batumni01,SF,20,POR,79,76,1454,6.1,13.8,0.446,2.4,6.4,0.369,3.8,7.4,0.513,1.6,2.0,0.8079999999999999,3.2,5.2,8.4,2.8,1.9,1.5,1.9,5.3,16.2,117.0,107.0,2009,Nicolas Batum-2009,0.0,Not Selected,Forward,POR,0.04390243902439024
2008-09,Jerryd Bayless,bayleje01,PG,20,POR,53,0,655,5.8,16.0,0.365,0.6,2.3,0.259,5.2,13.7,0.38299999999999995,7.0,8.7,0.8059999999999999,0.7,4.1,4.8,6.6,1.4,0.2,4.7,6.9,19.3,97.0,111.0,2009,Jerryd Bayless-2009,0.0,Not Selected,Guard,POR,0.04390243902439024
2008-09,Michael Beasley,beaslmi01,PF,20,MIA,81,19,2009,12.0,25.4,0.47200000000000003,0.9,2.2,0.40700000000000003,11.1,23.3,0.478,4.9,6.4,0.772,2.9,8.7,11.7,2.2,1.1,1.0,3.2,4.9,29.8,103.0,108.0,2009,Michael Beasley-2009,0.0,Not Selected,Forward,MIA,0.034959349593495934
2008-09,Marco Belinelli,belinma01,SG,22,GSW,42,23,882,7.8,17.6,0.442,2.9,7.3,0.397,4.9,10.3,0.473,2.2,2.9,0.769,0.6,3.4,3.9,4.9,2.0,0.1,3.3,4.0,20.6,104.0,116.0,2009,Marco Belinelli-2009,0.0,Not Selected,Guard,GSW,0.023577235772357725
2008-09,Charlie Bell,bellch01,SG,29,MIL,70,23,1783,6.3,15.2,0.414,2.5,7.0,0.363,3.8,8.3,0.45799999999999996,1.9,2.3,0.825,0.9,3.0,3.9,4.4,1.5,0.2,2.2,4.0,17.1,105.0,111.0,2009,Charlie Bell-2009,0.0,Not Selected,Guard,MIL,0.027642276422764227
2008-09,Raja Bell,bellra01,SG,32,TOT,67,66,2315,6.8,15.6,0.43700000000000006,2.6,6.2,0.42100000000000004,4.2,9.4,0.44799999999999995,2.0,2.3,0.853,0.9,4.6,5.6,3.2,1.1,0.2,2.0,3.8,18.3,109.0,111.0,2009,Raja Bell-2009,0.0,Not Selected,Guard,TOT,0.03333333333333333
2008-09,Mike Bibby,bibbymi01,PG,30,ATL,79,79,2740,8.5,19.6,0.435,3.3,8.4,0.39,5.3,11.3,0.46799999999999997,2.6,3.3,0.789,0.7,4.7,5.4,7.7,1.9,0.2,2.5,2.8,23.0,113.0,109.0,2009,Mike Bibby-2009,0.0,Not Selected,Guard,ATL,0.038211382113821135
2008-09,Andris Biedriņš,biedran01,C,22,GSW,62,58,1863,8.1,14.0,0.578,0.0,0.0,0.0,8.1,14.0,0.579,3.1,5.7,0.551,5.9,12.3,18.2,3.2,1.7,2.5,2.9,6.2,19.3,116.0,107.0,2009,Andris Biedriņš-2009,0.0,Not Selected,Center,GSW,0.023577235772357725
2008-09,Chauncey Billups,billuch01,PG,32,TOT,79,79,2789,7.5,17.9,0.418,3.0,7.3,0.408,4.5,10.7,0.425,7.6,8.4,0.9129999999999999,0.6,3.8,4.4,9.3,1.7,0.3,3.2,2.9,25.6,121.0,110.0,2009,Chauncey Billups-2009,3.0,3rd,Guard,TOT,0.03333333333333333
2008-09,Steve Blake,blakest01,PG,28,POR,69,69,2188,7.0,16.4,0.428,3.5,8.3,0.42700000000000005,3.5,8.1,0.429,1.6,1.9,0.84,0.7,3.7,4.4,8.8,1.7,0.1,2.7,3.2,19.2,118.0,110.0,2009,Steve Blake-2009,0.0,Not Selected,Guard,POR,0.04390243902439024
2008-09,Andray Blatche,blatcan01,C,22,WAS,71,36,1703,9.2,19.5,0.47100000000000003,0.2,0.7,0.23800000000000002,9.0,18.9,0.479,3.5,5.0,0.7040000000000001,3.9,7.8,11.7,3.7,1.6,2.3,3.6,6.5,22.1,101.0,111.0,2009,Andray Blatche-2009,0.0,Not Selected,Center,WAS,0.015447154471544716
2008-09,Mark Blount,blounma01,C,33,MIA,20,0,207,7.7,20.1,0.385,2.8,7.0,0.40700000000000003,4.9,13.2,0.373,2.1,3.4,0.615,2.6,8.0,10.6,1.0,0.3,1.8,3.6,4.4,20.4,88.0,109.0,2009,Mark Blount-2009,0.0,Not Selected,Center,MIA,0.034959349593495934
2008-09,Keith Bogans,boganke01,SG,28,TOT,65,15,1272,4.9,13.2,0.36700000000000005,3.0,8.9,0.33899999999999997,1.8,4.3,0.425,2.1,2.3,0.912,1.3,7.0,8.2,2.6,1.8,0.2,1.7,4.3,14.9,106.0,105.0,2009,Keith Bogans-2009,0.0,Not Selected,Guard,TOT,0.03333333333333333
2008-09,Andrew Bogut,bogutan01,C,24,MIL,36,33,1124,8.4,14.6,0.5770000000000001,0.0,0.0,0.0,8.4,14.6,0.5770000000000001,2.6,4.5,0.5710000000000001,5.4,11.6,17.0,3.3,1.1,1.7,4.0,6.0,19.5,107.0,105.0,2009,Andrew Bogut-2009,0.0,Not Selected,Center,MIL,0.027642276422764227
2008-09,Matt Bonner,bonnema01,PF,28,SAS,81,67,1928,7.5,15.1,0.496,3.3,7.5,0.44,4.2,7.5,0.552,0.5,0.6,0.7390000000000001,2.7,8.1,10.9,2.3,1.3,0.7,1.0,5.4,18.8,123.0,104.0,2009,Matt Bonner-2009,0.0,Not Selected,Forward,SAS,0.04390243902439024
2008-09,Josh Boone,boonejo01,C,24,NJN,62,7,995,6.1,11.5,0.528,0.0,0.0,0.0,6.1,11.5,0.528,1.7,4.6,0.376,5.6,8.3,13.8,1.7,1.2,2.6,1.7,5.7,13.8,110.0,109.0,2009,Josh Boone-2009,0.0,Not Selected,Center,BRK,0.027642276422764227
2008-09,Calvin Booth,boothca01,C,32,TOT,8,0,56,4.6,9.1,0.5,0.0,0.0,0.0,4.6,9.1,0.5,5.5,7.3,0.75,4.6,5.5,10.0,0.0,0.9,1.8,0.9,9.1,14.6,127.0,115.0,2009,Calvin Booth-2009,0.0,Not Selected,Center,TOT,0.03333333333333333
2008-09,Carlos Boozer,boozeca01,PF,27,UTA,37,37,1197,10.8,22.0,0.49,0.0,0.0,0.0,10.8,22.0,0.49,4.2,6.0,0.698,4.8,11.8,16.6,3.4,1.7,0.3,3.4,5.7,25.8,105.0,105.0,2009,Carlos Boozer-2009,0.0,Not Selected,Forward,UTA,0.03902439024390244
2008-09,Chris Bosh,boshch01,C,24,TOR,77,77,2928,11.0,22.5,0.48700000000000004,0.2,0.9,0.245,10.7,21.6,0.49700000000000005,9.0,11.0,0.8170000000000001,3.8,9.9,13.7,3.4,1.2,1.4,3.1,3.4,31.1,114.0,108.0,2009,Chris Bosh-2009,0.0,Not Selected,Center,TOR,0.026829268292682926
2008-09,Bruce Bowen,bowenbr01,SF,37,SAS,80,10,1506,2.8,6.7,0.42200000000000004,1.5,3.5,0.429,1.3,3.2,0.41600000000000004,0.5,0.9,0.5379999999999999,0.6,4.7,5.2,1.4,1.3,0.5,0.9,4.4,7.7,104.0,106.0,2009,Bruce Bowen-2009,0.0,Not Selected,Forward,SAS,0.04390243902439024
2008-09,Ryan Bowen,bowenry01,SF,33,NOH,21,3,219,5.5,9.5,0.579,0.0,0.0,0.0,5.5,9.5,0.579,0.7,1.2,0.6,2.5,3.5,6.0,2.2,3.5,1.2,1.2,9.2,11.7,118.0,105.0,2009,Ryan Bowen-2009,0.0,Not Selected,Forward,NOP,0.03983739837398374
2008-09,Elton Brand,brandel01,PF,29,PHI,29,23,920,9.5,21.2,0.447,0.0,0.0,0.0,9.5,21.2,0.447,4.2,6.3,0.6759999999999999,4.5,10.3,14.7,2.1,1.0,2.6,3.9,4.5,23.1,97.0,105.0,2009,Elton Brand-2009,0.0,Not Selected,Forward,PHI,0.03333333333333333
2008-09,Corey Brewer,breweco01,SF,22,MIN,15,8,307,6.3,15.4,0.41100000000000003,0.9,2.0,0.41700000000000004,5.5,13.3,0.41,2.4,3.2,0.737,3.1,5.3,8.4,4.3,2.6,0.5,2.2,6.3,15.9,102.0,110.0,2009,Corey Brewer-2009,0.0,Not Selected,Forward,MIN,0.01951219512195122
2008-09,Ronnie Brewer,brewero02,SF,23,UTA,81,80,2605,8.3,16.4,0.508,0.4,1.7,0.259,7.9,14.7,0.537,4.9,7.0,0.7020000000000001,2.0,3.9,5.9,3.5,2.7,0.6,2.2,2.5,22.0,113.0,108.0,2009,Ronnie Brewer-2009,0.0,Not Selected,Forward,UTA,0.03902439024390244
2008-09,Aaron Brooks,brookaa01,PG,24,HOU,80,35,1998,8.4,20.9,0.40399999999999997,3.0,8.2,0.366,5.4,12.6,0.428,4.0,4.6,0.866,0.9,3.3,4.2,6.3,1.2,0.2,3.3,4.0,23.8,105.0,108.0,2009,Aaron Brooks-2009,0.0,Not Selected,Guard,HOU,0.043089430894308944
2008-09,Andre Brown,brownan01,PF,27,CHA,4,0,41,1.3,9.3,0.14300000000000002,0.0,0.0,0.0,1.3,9.3,0.14300000000000002,2.7,2.7,1.0,9.3,6.6,15.9,1.3,1.3,0.0,6.6,11.9,5.3,64.0,107.0,2009,Andre Brown-2009,0.0,Not Selected,Forward,CHO,0.028455284552845527
2008-09,Bobby Brown,brownbo02,SG-PG,24,TOT,68,2,931,7.8,19.8,0.392,2.5,7.2,0.34600000000000003,5.3,12.7,0.41700000000000004,1.9,2.4,0.7909999999999999,0.8,2.1,2.9,6.5,1.2,0.2,3.5,5.2,19.9,96.0,118.0,2009,Bobby Brown-2009,0.0,Not Selected,Guard,TOT,0.03333333333333333
2008-09,Dee Brown,brownde03,PG,24,TOT,19,11,261,3.6,9.8,0.36700000000000005,1.4,4.8,0.292,2.2,5.0,0.44,0.6,1.0,0.6,1.4,4.4,5.8,7.2,2.0,0.0,3.4,5.6,9.2,92.0,115.0,2009,Dee Brown-2009,0.0,Not Selected,Guard,TOT,0.03333333333333333
2008-09,Devin Brown,brownde02,SG,30,NOH,63,5,869,7.0,19.7,0.355,1.8,6.1,0.289,5.2,13.6,0.384,4.9,6.3,0.78,2.0,5.5,7.5,3.4,2.0,0.3,3.4,5.1,20.6,92.0,108.0,2009,Devin Brown-2009,0.0,Not Selected,Guard,NOP,0.03983739837398374
2008-09,Kwame Brown,brownkw01,C,26,DET,58,30,999,5.0,9.4,0.5329999999999999,0.0,0.0,0.0,5.0,9.4,0.5329999999999999,3.5,6.8,0.516,5.0,11.0,16.1,1.8,1.3,1.3,2.8,7.6,13.5,106.0,105.0,2009,Kwame Brown-2009,0.0,Not Selected,Center,DET,0.03170731707317073
2008-09,Shannon Brown,brownsh01,SG,23,TOT,48,0,477,8.7,18.4,0.473,1.6,4.1,0.37799999999999995,7.2,14.3,0.5,3.6,4.4,0.821,1.2,3.7,4.9,4.2,2.5,0.8,4.2,4.7,22.6,101.0,106.0,2009,Shannon Brown-2009,0.0,Not Selected,Guard,TOT,0.03333333333333333
2008-09,Kobe Bryant,bryanko01,SG,30,LAL,82,82,2960,13.8,29.4,0.467,2.0,5.8,0.35100000000000003,11.7,23.7,0.496,8.3,9.7,0.856,1.5,5.8,7.4,6.9,2.1,0.6,3.6,3.3,37.8,115.0,106.0,2009,Kobe Bryant-2009,1.0,1st,Guard,LAL,0.052845528455284556
2008-09,Greg Buckner,buckngr01,SF,32,MEM,63,0,878,3.7,9.6,0.384,0.8,3.1,0.255,2.9,6.5,0.444,1.2,1.5,0.8,1.9,5.9,7.9,3.5,1.8,0.5,2.3,6.5,9.4,94.0,110.0,2009,Greg Buckner-2009,0.0,Not Selected,Forward,MEM,0.01951219512195122
2008-09,Caron Butler,butleca01,SG,28,WAS,67,67,2585,10.0,22.1,0.45299999999999996,1.3,4.3,0.31,8.7,17.9,0.48700000000000004,7.0,8.2,0.858,2.4,6.0,8.4,5.9,2.2,0.4,4.3,3.4,28.4,108.0,113.0,2009,Caron Butler-2009,0.0,Not Selected,Guard,WAS,0.015447154471544716
2008-09,Rasual Butler,butlera01,SF,29,NOH,82,74,2614,7.3,16.8,0.433,2.9,7.5,0.39,4.4,9.3,0.46799999999999997,1.8,2.3,0.782,1.0,4.6,5.7,1.6,1.1,1.3,1.2,3.3,19.3,109.0,109.0,2009,Rasual Butler-2009,0.0,Not Selected,Forward,NOP,0.03983739837398374
2008-09,Andrew Bynum,bynuman01,C,21,LAL,50,50,1446,9.9,17.7,0.56,0.0,0.0,0.0,9.9,17.7,0.56,5.4,7.6,0.7070000000000001,4.8,9.2,14.0,2.5,0.6,3.2,3.0,5.5,25.1,118.0,104.0,2009,Andrew Bynum-2009,0.0,Not Selected,Center,LAL,0.052845528455284556
2008-09,Will Bynum,bynumwi01,PG,26,DET,57,1,803,10.8,23.6,0.456,0.2,1.3,0.158,10.5,22.3,0.474,6.5,8.2,0.7979999999999999,1.3,3.9,5.2,10.8,2.3,0.1,5.2,5.9,28.3,103.0,109.0,2009,Will Bynum-2009,0.0,Not Selected,Guard,DET,0.03170731707317073
2008-09,José Calderón,caldejo01,PG,27,TOR,68,68,2333,7.2,14.4,0.49700000000000005,1.8,4.5,0.406,5.3,9.9,0.5379999999999999,3.4,3.4,0.981,0.4,4.0,4.3,13.6,1.7,0.2,3.2,2.5,19.5,123.0,112.0,2009,José Calderón-2009,0.0,Not Selected,Guard,TOR,0.026829268292682926
2008-09,Marcus Camby,cambyma01,C,34,LAC,62,55,1925,6.9,13.4,0.512,0.0,0.1,0.25,6.9,13.3,0.514,3.6,4.9,0.725,4.4,14.3,18.7,3.4,1.4,3.6,2.5,3.5,17.4,112.0,104.0,2009,Marcus Camby-2009,0.0,Not Selected,Center,LAC,0.015447154471544716
2008-09,Brian Cardinal,cardibr01,PF,31,MIN,64,4,909,3.7,9.7,0.385,1.7,5.3,0.326,2.0,4.4,0.455,1.7,2.0,0.857,2.2,5.9,8.2,4.4,2.1,0.7,2.8,7.8,11.0,102.0,110.0,2009,Brian Cardinal-2009,0.0,Not Selected,Forward,MIN,0.01951219512195122
2008-09,Rodney Carney,carnero01,SG,24,MIN,67,6,1199,7.7,18.5,0.41600000000000004,3.5,9.9,0.35,4.2,8.6,0.49200000000000005,2.2,2.9,0.758,1.6,3.9,5.5,1.1,2.0,1.3,1.9,4.1,21.0,105.0,111.0,2009,Rodney Carney-2009,0.0,Not Selected,Guard,MIN,0.01951219512195122
2008-09,Matt Carroll,carroma01,SG,28,TOT,55,10,616,5.7,15.0,0.38,1.1,4.6,0.245,4.6,10.3,0.441,1.8,2.2,0.84,0.6,5.4,6.0,2.4,1.8,0.5,2.9,5.9,14.4,86.0,108.0,2009,Matt Carroll-2009,0.0,Not Selected,Guard,TOT,0.03333333333333333
2008-09,Anthony Carter,cartean01,PG,33,DEN,78,5,1787,4.8,11.0,0.433,0.6,2.5,0.239,4.2,8.5,0.49,1.6,2.2,0.731,1.1,4.7,5.8,10.4,2.7,0.4,4.4,4.0,11.7,98.0,107.0,2009,Anthony Carter-2009,0.0,Not Selected,Guard,DEN,0.04390243902439024
2008-09,Vince Carter,cartevi01,SG,32,NJN,80,80,2946,10.7,24.4,0.43700000000000006,2.7,7.1,0.385,7.9,17.3,0.45899999999999996,6.1,7.4,0.8170000000000001,1.3,6.1,7.4,6.8,1.5,0.7,3.0,4.2,30.1,112.0,112.0,2009,Vince Carter-2009,0.0,Not Selected,Guard,BRK,0.027642276422764227
2008-09,Mario Chalmers,chalmma01,PG,22,MIA,82,82,2626,5.7,13.5,0.42,2.3,6.3,0.36700000000000005,3.3,7.1,0.467,3.0,3.9,0.767,0.8,3.9,4.6,8.2,3.3,0.2,3.4,4.9,16.6,107.0,107.0,2009,Mario Chalmers-2009,0.0,Not Selected,Guard,MIA,0.034959349593495934
2008-09,Tyson Chandler,chandty01,C,26,NOH,45,45,1445,6.1,10.7,0.565,0.0,0.0,0.0,6.1,10.7,0.565,2.9,5.0,0.579,6.2,8.7,14.9,0.8,0.6,2.1,2.6,5.4,15.0,113.0,107.0,2009,Tyson Chandler-2009,0.0,Not Selected,Center,NOP,0.03983739837398374
2008-09,Wilson Chandler,chandwi01,SF,21,NYK,82,70,2735,8.3,19.1,0.43200000000000005,1.9,5.7,0.32799999999999996,6.4,13.4,0.47600000000000003,3.1,3.9,0.795,1.7,6.4,8.1,3.1,1.3,1.4,2.5,4.5,21.5,103.0,110.0,2009,Wilson Chandler-2009,0.0,Not Selected,Forward,NYK,0.026016260162601626
2008-09,Speedy Claxton,claxtsp01,PG,30,ATL,2,0,15,7.1,25.0,0.28600000000000003,0.0,0.0,0.0,7.1,25.0,0.28600000000000003,3.6,7.1,0.5,0.0,0.0,0.0,10.7,0.0,0.0,0.0,3.6,17.9,88.0,117.0,2009,Speedy Claxton-2009,0.0,Not Selected,Guard,ATL,0.038211382113821135
2008-09,Jarron Collins,collija03,C,30,UTA,26,3,201,4.1,9.0,0.457,0.0,0.0,0.0,4.1,9.0,0.457,2.1,2.8,0.727,5.1,4.4,9.5,1.8,0.5,0.3,2.3,9.0,10.3,105.0,112.0,2009,Jarron Collins-2009,0.0,Not Selected,Center,UTA,0.03902439024390244
2008-09,Jason Collins,collija04,C,30,MIN,31,22,422,2.7,8.7,0.314,0.0,0.0,0.0,2.7,8.7,0.314,1.6,3.5,0.46399999999999997,3.5,5.2,8.7,1.4,1.1,1.6,1.5,9.1,7.1,84.0,112.0,2009,Jason Collins-2009,0.0,Not Selected,Center,MIN,0.01951219512195122
2008-09,Mardy Collins,collima01,PG-SG,24,TOT,48,14,890,6.1,14.4,0.425,0.8,1.8,0.419,5.4,12.6,0.426,1.6,2.7,0.609,1.8,4.4,6.2,6.5,1.8,0.6,3.4,4.7,14.6,94.0,113.0,2009,Mardy Collins-2009,0.0,Not Selected,Guard,TOT,0.03333333333333333
2008-09,Nick Collison,collini01,C,28,OKC,71,40,1831,6.8,12.0,0.568,0.0,0.1,0.0,6.8,11.9,0.57,2.7,3.8,0.721,5.1,8.6,13.7,1.8,1.4,1.4,2.0,6.7,16.4,119.0,108.0,2009,Nick Collison-2009,0.0,Not Selected,Center,OKC,0.01869918699186992
2008-09,Mike Conley,conlemi01,PG,21,MEM,82,61,2508,6.9,15.5,0.442,1.9,4.6,0.406,5.0,10.9,0.45799999999999996,3.4,4.2,0.8170000000000001,0.5,5.3,5.9,7.5,1.9,0.2,3.0,3.1,19.0,109.0,111.0,2009,Mike Conley-2009,0.0,Not Selected,Guard,MEM,0.01951219512195122
2008-09,Brian Cook,cookbr01,PF,28,TOT,30,0,171,8.5,23.2,0.368,4.0,9.2,0.433,4.6,14.0,0.326,1.5,1.8,0.833,2.1,7.6,9.8,1.5,0.9,0.9,4.0,7.9,22.6,88.0,103.0,2009,Brian Cook-2009,0.0,Not Selected,Forward,TOT,0.03333333333333333
2008-09,Daequan Cook,cookda02,SF,21,MIA,75,4,1833,7.0,18.8,0.375,4.5,11.5,0.387,2.6,7.3,0.35600000000000004,1.4,1.6,0.875,0.6,5.0,5.5,2.1,1.1,0.3,1.2,3.6,20.0,104.0,111.0,2009,Daequan Cook-2009,0.0,Not Selected,Forward,MIA,0.034959349593495934
2008-09,Jamal Crawford,crawfja01,PG-SG,28,TOT,65,65,2479,8.3,20.2,0.41,2.8,7.8,0.36,5.5,12.4,0.441,5.9,6.8,0.872,0.5,3.4,3.8,5.7,1.1,0.3,2.9,1.8,25.3,110.0,117.0,2009,Jamal Crawford-2009,0.0,Not Selected,Guard,TOT,0.03333333333333333
2008-09,Joe Crawford,crawfjo01,SF,22,NYK,2,0,23,6.5,21.6,0.3,2.2,8.6,0.25,4.3,12.9,0.33299999999999996,4.3,4.3,1.0,2.2,6.5,8.6,2.2,2.2,0.0,0.0,4.3,19.4,99.0,110.0,2009,Joe Crawford-2009,0.0,Not Selected,Forward,NYK,0.026016260162601626
2008-09,Javaris Crittenton,crittja01,PG-SG,21,TOT,63,10,1174,5.9,12.8,0.46,0.1,0.7,0.133,5.8,12.1,0.478,2.4,4.1,0.5760000000000001,2.6,4.9,7.5,6.7,1.8,0.3,3.7,4.5,14.2,97.0,115.0,2009,Javaris Crittenton-2009,0.0,Not Selected,Guard,TOT,0.03333333333333333
2008-09,Austin Croshere,croshau01,PF,33,TOT,14,0,100,7.3,20.4,0.359,2.6,7.9,0.33299999999999996,4.7,12.6,0.375,3.7,6.3,0.583,5.8,12.1,17.8,4.7,0.5,0.5,3.1,2.6,21.0,99.0,106.0,2009,Austin Croshere-2009,0.0,Not Selected,Forward,TOT,0.03333333333333333
2008-09,Eddy Curry,curryed01,C,26,NYK,3,0,12,8.3,8.3,1.0,0.0,0.0,0.0,8.3,8.3,1.0,4.1,12.4,0.33299999999999996,0.0,16.5,16.5,0.0,0.0,0.0,8.3,20.7,20.7,77.0,107.0,2009,Eddy Curry-2009,0.0,Not Selected,Center,NYK,0.026016260162601626
2008-09,Samuel Dalembert,dalemsa01,C,27,PHI,82,82,2036,5.7,11.4,0.498,0.0,0.1,0.0,5.7,11.3,0.5,2.4,3.2,0.7340000000000001,5.6,12.8,18.4,0.5,0.9,3.8,3.1,6.5,13.7,103.0,103.0,2009,Samuel Dalembert-2009,0.0,Not Selected,Center,PHI,0.03333333333333333
2008-09,Erick Dampier,dampier01,C,33,DAL,80,80,1836,5.2,8.0,0.65,0.0,0.0,0.0,5.2,8.0,0.65,2.6,4.0,0.638,6.2,10.0,16.1,2.2,0.7,2.7,2.1,5.5,13.0,129.0,107.0,2009,Erick Dampier-2009,0.0,Not Selected,Center,DAL,0.04065040650406504
2008-09,Antonio Daniels,daniean01,PG,33,TOT,74,9,1021,5.2,12.5,0.419,1.2,3.2,0.36700000000000005,4.1,9.3,0.43799999999999994,4.2,5.3,0.8,0.3,3.8,4.1,9.4,1.4,0.1,3.3,2.9,15.9,108.0,112.0,2009,Antonio Daniels-2009,0.0,Not Selected,Guard,TOT,0.03333333333333333
2008-09,Marquis Daniels,daniema01,SF,28,IND,54,43,1700,9.1,20.2,0.451,0.5,2.6,0.2,8.6,17.5,0.489,2.7,3.8,0.721,2.3,4.9,7.3,3.3,1.8,0.8,2.8,3.5,21.4,99.0,110.0,2009,Marquis Daniels-2009,0.0,Not Selected,Forward,IND,0.02926829268292683
2008-09,Jermareo Davidson,davidje01,SF,24,GSW,14,0,111,7.5,15.4,0.486,0.0,0.0,0.0,7.5,15.4,0.486,3.5,7.5,0.47100000000000003,4.4,10.6,15.0,0.4,0.9,1.3,2.2,5.3,18.5,101.0,112.0,2009,Jermareo Davidson-2009,0.0,Not Selected,Forward,GSW,0.023577235772357725
2008-09,Baron Davis,davisba01,PG,29,LAC,65,60,2248,8.2,22.2,0.37,2.3,7.6,0.302,5.9,14.6,0.406,3.7,4.9,0.757,1.1,4.5,5.5,11.6,2.5,0.8,4.5,4.5,22.4,97.0,111.0,2009,Baron Davis-2009,0.0,Not Selected,Guard,LAC,0.015447154471544716
2008-09,Glen Davis,davisgl01,C,23,BOS,76,16,1637,6.5,14.6,0.442,0.1,0.2,0.4,6.4,14.4,0.44299999999999995,4.2,5.8,0.73,3.9,5.8,9.8,2.2,1.7,0.6,2.3,7.5,17.2,106.0,103.0,2009,Glen Davis-2009,0.0,Not Selected,Center,BOS,0.05040650406504065
2008-09,Paul Davis,davispa01,PF,24,LAC,27,1,320,6.5,16.0,0.408,0.0,0.2,0.0,6.5,15.8,0.41200000000000003,4.4,5.5,0.794,4.6,6.4,10.9,2.0,1.6,0.5,2.1,7.2,17.4,102.0,112.0,2009,Paul Davis-2009,0.0,Not Selected,Forward,LAC,0.015447154471544716
2008-09,Ricky Davis,davisri01,SG,29,LAC,36,9,785,5.5,16.3,0.33899999999999997,2.3,7.4,0.315,3.2,8.9,0.358,2.1,2.4,0.861,0.6,3.4,4.0,5.4,1.3,0.3,2.6,4.2,15.4,92.0,115.0,2009,Ricky Davis-2009,0.0,Not Selected,Guard,LAC,0.015447154471544716
2008-09,Luol Deng,denglu01,SF,23,CHI,49,46,1665,8.2,18.3,0.44799999999999995,0.2,0.6,0.4,8.0,17.7,0.45,4.7,5.9,0.7959999999999999,2.5,6.7,9.1,2.9,1.9,0.8,2.2,2.6,21.4,106.0,109.0,2009,Luol Deng-2009,0.0,Not Selected,Forward,CHI,0.03333333333333333
2008-09,Boris Diaw,diawbo01,PF,26,TOT,81,59,2754,8.7,17.2,0.507,1.5,3.5,0.414,7.2,13.6,0.531,2.0,2.9,0.687,2.3,6.1,8.4,6.5,1.2,1.0,4.2,3.9,20.8,105.0,109.0,2009,Boris Diaw-2009,0.0,Not Selected,Forward,TOT,0.03333333333333333
2008-09,Yakhouba Diawara,diawaya01,SF,26,MIA,63,21,851,4.8,13.6,0.35,3.2,10.2,0.313,1.6,3.4,0.46299999999999997,0.6,1.2,0.526,1.6,3.5,5.1,1.7,0.8,0.4,1.0,4.7,13.4,101.0,113.0,2009,Yakhouba Diawara-2009,0.0,Not Selected,Forward,MIA,0.034959349593495934
2008-09,Travis Diener,dienetr01,PG,26,IND,55,0,719,5.1,12.4,0.413,3.2,8.2,0.39,1.9,4.2,0.45899999999999996,0.8,1.0,0.8,0.4,5.5,5.9,8.4,1.8,0.3,1.5,2.9,14.3,122.0,110.0,2009,Travis Diener-2009,0.0,Not Selected,Guard,IND,0.02926829268292683
2008-09,Ike Diogu,dioguik01,PF,25,TOT,29,1,215,9.5,18.0,0.527,0.2,0.5,0.5,9.3,17.5,0.528,9.7,12.9,0.755,6.3,7.3,13.6,0.7,0.7,0.7,2.9,5.6,29.0,121.0,114.0,2009,Ike Diogu-2009,0.0,Not Selected,Forward,TOT,0.03333333333333333
2008-09,DeSagana Diop,diopde01,C,27,TOT,75,1,1036,3.8,8.8,0.433,0.0,0.0,0.0,3.8,8.8,0.433,1.1,3.4,0.33299999999999996,5.9,8.2,14.1,1.7,1.5,2.9,2.0,6.6,8.8,97.0,104.0,2009,DeSagana Diop-2009,0.0,Not Selected,Center,TOT,0.03333333333333333
2008-09,Juan Dixon,dixonju01,PG,30,WAS,50,6,816,6.5,16.6,0.395,1.6,4.8,0.33299999999999996,4.9,11.7,0.42,2.2,2.5,0.872,0.5,3.8,4.3,7.6,2.3,0.4,4.5,4.8,16.9,92.0,115.0,2009,Juan Dixon-2009,0.0,Not Selected,Guard,WAS,0.015447154471544716
2008-09,Keyon Dooling,doolike01,PG,28,NJN,77,18,2074,6.7,15.4,0.436,2.5,6.0,0.42100000000000004,4.2,9.3,0.446,3.3,4.0,0.825,0.6,3.4,4.0,7.0,1.8,0.2,2.7,3.5,19.3,112.0,113.0,2009,Keyon Dooling-2009,0.0,Not Selected,Guard,BRK,0.027642276422764227
2008-09,Joey Dorsey,dorsejo01,PF,25,HOU,3,0,6,8.9,17.7,0.5,0.0,0.0,0.0,8.9,17.7,0.5,0.0,0.0,0.0,0.0,8.9,8.9,8.9,0.0,0.0,0.0,0.0,17.7,122.0,108.0,2009,Joey Dorsey-2009,0.0,Not Selected,Forward,HOU,0.043089430894308944
2008-09,Quincy Douby,doubyqu01,PG,24,TOT,27,0,300,7.2,18.8,0.382,2.4,7.9,0.304,4.8,10.9,0.43799999999999994,2.9,3.2,0.895,1.0,4.4,5.5,4.3,0.9,0.9,2.2,4.6,19.6,100.0,116.0,2009,Quincy Douby-2009,0.0,Not Selected,Guard,TOT,0.03333333333333333
2008-09,Chris Douglas-Roberts,douglch01,SG,22,NJN,44,3,585,7.4,16.1,0.46,0.3,1.1,0.25,7.1,15.0,0.47600000000000003,4.7,5.7,0.823,1.3,3.3,4.6,4.7,1.1,0.6,2.8,3.1,19.7,106.0,115.0,2009,Chris Douglas-Roberts-2009,0.0,Not Selected,Guard,BRK,0.027642276422764227
2008-09,Goran Dragić,dragigo01,PG,22,PHO,55,1,728,6.0,15.4,0.39299999999999996,1.4,3.7,0.37,4.7,11.7,0.4,3.4,4.5,0.769,2.3,4.8,7.1,7.6,2.0,0.2,5.0,6.0,16.9,96.0,113.0,2009,Goran Dragić-2009,0.0,Not Selected,Guard,PHO,0.03739837398373984
2008-09,Jared Dudley,dudleja01,SF,23,TOT,68,7,1155,6.1,12.7,0.47700000000000004,1.3,3.3,0.392,4.8,9.4,0.507,3.2,4.7,0.6759999999999999,3.7,5.5,9.1,2.5,2.5,0.4,1.9,4.7,16.6,116.0,109.0,2009,Jared Dudley-2009,0.0,Not Selected,Forward,TOT,0.03333333333333333
2008-09,Chris Duhon,duhonch01,PG,26,NYK,79,78,2906,4.9,11.6,0.42100000000000004,2.2,5.6,0.391,2.7,6.1,0.449,3.1,3.6,0.856,0.8,3.4,4.2,9.7,1.2,0.1,3.8,2.2,15.0,110.0,114.0,2009,Chris Duhon-2009,0.0,Not Selected,Guard,NYK,0.026016260162601626
2008-09,Tim Duncan,duncati01,C,32,SAS,75,75,2524,12.0,23.8,0.504,0.0,0.0,0.0,12.0,23.8,0.505,7.2,10.4,0.6920000000000001,4.3,12.9,17.2,5.7,0.8,2.7,3.5,3.7,31.2,111.0,100.0,2009,Tim Duncan-2009,2.0,2nd,Forward,SAS,0.04390243902439024
2008-09,Mike Dunleavy,dunlemi02,SG,28,IND,18,14,495,9.3,23.3,0.401,3.2,9.0,0.35600000000000004,6.1,14.3,0.43,5.3,6.5,0.815,1.4,5.4,6.8,4.4,1.2,0.9,3.8,3.6,27.2,101.0,111.0,2009,Mike Dunleavy-2009,0.0,Not Selected,Guard,IND,0.02926829268292683
2008-09,Kevin Durant,duranke01,SF,20,OKC,74,74,2885,11.7,24.7,0.47600000000000003,1.7,4.1,0.42200000000000004,10.0,20.6,0.486,8.0,9.3,0.863,1.4,7.2,8.6,3.6,1.7,0.9,4.0,2.4,33.3,111.0,109.0,2009,Kevin Durant-2009,0.0,Not Selected,Forward,OKC,0.01869918699186992
2008-09,Monta Ellis,ellismo01,SG,23,GSW,25,25,892,10.6,23.6,0.451,0.4,1.4,0.308,10.2,22.1,0.46,4.3,5.2,0.83,0.8,5.2,5.9,5.1,2.1,0.4,3.7,3.7,26.0,99.0,114.0,2009,Monta Ellis-2009,0.0,Not Selected,Guard,GSW,0.023577235772357725
2008-09,Francisco Elson,elsonfr01,C,32,MIL,59,23,977,4.4,9.0,0.491,0.1,0.2,0.25,4.4,8.8,0.49700000000000005,1.8,2.1,0.846,5.3,6.8,12.2,1.7,1.9,1.9,2.5,7.6,10.6,107.0,106.0,2009,Francisco Elson-2009,0.0,Not Selected,Center,MIL,0.027642276422764227
2008-09,Melvin Ely,elyme01,C,30,NOH,31,4,373,5.4,13.9,0.389,0.0,0.0,0.0,5.4,13.9,0.389,3.4,5.3,0.639,4.4,5.0,9.4,2.6,0.3,1.3,3.4,8.5,14.2,91.0,111.0,2009,Melvin Ely-2009,0.0,Not Selected,Center,NOP,0.03983739837398374
2008-09,Maurice Evans,evansma01,SF,30,ATL,80,25,1840,6.1,14.0,0.43200000000000005,2.9,7.2,0.395,3.2,6.8,0.47,1.7,2.1,0.8220000000000001,2.6,4.5,7.1,1.6,1.5,0.3,1.3,4.7,16.7,115.0,110.0,2009,Maurice Evans-2009,0.0,Not Selected,Forward,ATL,0.038211382113821135
2008-09,Reggie Evans,evansre01,PF,28,PHI,79,7,1137,3.7,8.4,0.444,0.0,0.0,0.0,3.7,8.3,0.446,4.9,8.2,0.594,6.3,10.6,16.9,1.2,1.9,0.4,3.2,7.6,12.3,102.0,105.0,2009,Reggie Evans-2009,0.0,Not Selected,Forward,PHI,0.03333333333333333
2008-09,Jordan Farmar,farmajo01,PG,22,LAL,65,0,1192,6.9,17.6,0.391,2.1,6.2,0.336,4.8,11.4,0.42100000000000004,1.9,3.3,0.584,0.9,4.1,5.0,6.6,2.4,0.4,3.7,4.5,17.8,95.0,106.0,2009,Jordan Farmar-2009,0.0,Not Selected,Guard,LAL,0.052845528455284556
2008-09,Desmon Farmer,farmede01,SG,27,SAS,3,0,54,4.0,14.1,0.28600000000000003,3.0,12.1,0.25,1.0,2.0,0.5,2.0,2.0,1.0,0.0,6.0,6.0,2.0,0.0,0.0,4.0,6.0,13.1,74.0,109.0,2009,Desmon Farmer-2009,0.0,Not Selected,Guard,SAS,0.04390243902439024
2008-09,Raymond Felton,feltora01,PG,24,CHA,82,81,3086,7.8,19.1,0.408,1.0,3.6,0.285,6.7,15.4,0.43700000000000006,3.9,4.8,0.805,1.0,4.5,5.5,9.7,2.2,0.5,4.0,3.4,20.5,101.0,107.0,2009,Raymond Felton-2009,0.0,Not Selected,Guard,CHO,0.028455284552845527
2008-09,Rudy Fernández,fernaru01,SG,23,POR,78,4,1993,7.4,17.5,0.425,4.4,11.1,0.39899999999999997,3.0,6.4,0.47,3.3,4.0,0.8390000000000001,1.3,4.4,5.8,4.4,1.9,0.3,2.4,3.1,22.7,120.0,109.0,2009,Rudy Fernández-2009,0.0,Not Selected,Guard,POR,0.04390243902439024
2008-09,Kyrylo Fesenko,fesenky01,C,22,UTA,21,1,156,6.9,11.9,0.583,0.0,0.0,0.0,6.9,11.9,0.583,2.3,6.9,0.33299999999999996,4.6,7.6,12.2,1.3,2.3,5.0,3.0,11.6,16.2,100.0,101.0,2009,Kyrylo Fesenko-2009,0.0,Not Selected,Center,UTA,0.03902439024390244
2008-09,Michael Finley,finlemi01,SF,35,SAS,81,77,2336,7.0,16.0,0.43700000000000006,3.0,7.4,0.41100000000000003,4.0,8.6,0.45899999999999996,1.2,1.4,0.823,0.6,5.7,6.3,2.6,0.9,0.4,1.4,1.9,18.2,107.0,107.0,2009,Michael Finley-2009,0.0,Not Selected,Forward,SAS,0.04390243902439024
2008-09,Derek Fisher,fishede01,PG,34,LAL,82,82,2441,6.1,14.3,0.424,2.5,6.3,0.397,3.6,8.0,0.446,2.3,2.7,0.846,0.5,3.4,3.9,5.4,2.0,0.1,1.5,3.9,17.0,117.0,108.0,2009,Derek Fisher-2009,0.0,Not Selected,Guard,LAL,0.052845528455284556
2008-09,T.J. Ford,fordtj01,PG,25,IND,74,49,2258,9.1,20.1,0.452,0.8,2.3,0.337,8.3,17.8,0.467,5.4,6.2,0.872,1.3,4.4,5.7,8.6,2.0,0.4,4.0,4.0,24.4,108.0,110.0,2009,T.J. Ford-2009,0.0,Not Selected,Guard,IND,0.02926829268292683
2008-09,Jeff Foster,fosteje01,C,32,IND,74,26,1828,4.8,9.6,0.501,0.1,0.2,0.28600000000000003,4.8,9.4,0.506,2.6,4.0,0.6579999999999999,5.9,8.0,13.8,3.5,1.4,1.3,2.4,6.2,12.3,115.0,108.0,2009,Jeff Foster-2009,0.0,Not Selected,Center,IND,0.02926829268292683
2008-09,Randy Foye,foyera01,SG,25,MIN,70,61,2494,8.4,20.6,0.40700000000000003,2.3,6.5,0.36,6.1,14.1,0.428,4.8,5.7,0.846,0.7,3.8,4.5,6.4,1.5,0.5,3.2,4.2,23.9,106.0,113.0,2009,Randy Foye-2009,0.0,Not Selected,Guard,MIN,0.01951219512195122
2008-09,Adonal Foyle,foylead01,C,33,TOT,10,0,62,5.9,9.2,0.636,0.0,0.0,0.0,5.9,9.2,0.636,2.5,5.0,0.5,7.6,14.3,21.8,0.8,0.0,6.7,2.5,4.2,14.3,121.0,95.0,2009,Adonal Foyle-2009,0.0,Not Selected,Center,TOT,0.03333333333333333
2008-09,Channing Frye,fryech01,PF,25,POR,63,1,746,8.4,19.8,0.423,0.8,2.5,0.33299999999999996,7.6,17.4,0.436,1.9,2.7,0.722,3.0,7.4,10.4,1.8,1.3,1.2,2.2,7.9,19.5,100.0,108.0,2009,Channing Frye-2009,0.0,Not Selected,Forward,POR,0.04390243902439024
2008-09,Dan Gadzuric,gadzuda01,C,30,MIL,67,26,941,6.4,13.4,0.48,0.0,0.1,0.0,6.4,13.3,0.483,2.0,3.7,0.544,5.2,8.8,14.1,2.1,1.8,2.4,2.3,8.9,14.9,104.0,104.0,2009,Dan Gadzuric-2009,0.0,Not Selected,Center,MIL,0.027642276422764227
2008-09,Danilo Gallinari,gallida01,SG,20,NYK,28,2,412,6.7,15.1,0.44799999999999995,3.9,8.7,0.444,2.9,6.4,0.45299999999999996,3.1,3.3,0.963,1.6,5.1,6.6,1.8,1.7,0.5,1.8,5.8,20.5,120.0,111.0,2009,Danilo Gallinari-2009,0.0,Not Selected,Guard,NYK,0.026016260162601626
2008-09,Francisco García,garcifr01,SF,27,SAC,65,36,1975,7.6,17.2,0.444,2.3,5.7,0.39799999999999996,5.3,11.5,0.466,3.8,4.6,0.82,1.4,4.2,5.6,3.9,2.1,1.7,2.9,5.1,21.3,107.0,114.0,2009,Francisco García-2009,0.0,Not Selected,Forward,SAC,0.013821138211382113
2008-09,Thomas Gardner,gardnth01,SG,23,ATL,16,0,98,4.9,19.7,0.25,2.2,12.6,0.174,2.7,7.1,0.385,1.1,2.2,0.5,0.0,3.8,3.8,1.1,2.2,0.5,1.6,2.2,13.1,67.0,109.0,2009,Thomas Gardner-2009,0.0,Not Selected,Guard,ATL,0.038211382113821135
2008-09,Kevin Garnett,garneke01,PF,32,BOS,57,57,1772,11.8,22.2,0.531,0.1,0.2,0.25,11.7,21.9,0.534,3.3,4.0,0.841,2.3,12.2,14.5,4.3,1.9,2.0,2.7,3.8,26.9,112.0,98.0,2009,Kevin Garnett-2009,0.0,Not Selected,Forward,BOS,0.05040650406504065
2008-09,Marc Gasol,gasolma01,C,24,MEM,82,75,2521,7.4,14.0,0.53,0.0,0.0,0.0,7.4,13.9,0.53,5.8,7.9,0.733,4.2,8.5,12.8,3.0,1.3,1.9,3.5,5.6,20.6,112.0,108.0,2009,Marc Gasol-2009,0.0,Not Selected,Center,MEM,0.01951219512195122
2008-09,Pau Gasol,gasolpa01,C,28,LAL,81,81,2999,10.0,17.7,0.5670000000000001,0.0,0.0,0.5,10.0,17.7,0.5670000000000001,5.8,7.5,0.7809999999999999,4.4,8.8,13.2,4.8,0.9,1.4,2.7,2.9,25.9,126.0,105.0,2009,Pau Gasol-2009,3.0,3rd,Forward,LAL,0.052845528455284556
2008-09,Rudy Gay,gayru01,SF,22,MEM,79,78,2945,10.3,22.8,0.45299999999999996,1.5,4.4,0.35100000000000003,8.8,18.4,0.47700000000000004,4.8,6.2,0.767,2.0,5.9,7.9,2.4,1.8,1.1,3.7,4.0,27.0,101.0,110.0,2009,Rudy Gay-2009,0.0,Not Selected,Forward,MEM,0.01951219512195122
2008-09,Devean George,georgde01,SF,31,DAL,43,17,708,4.0,10.5,0.38,1.6,5.6,0.289,2.4,4.9,0.485,1.3,1.6,0.773,1.9,3.9,5.8,1.1,1.7,0.8,1.3,4.2,10.9,101.0,110.0,2009,Devean George-2009,0.0,Not Selected,Forward,DAL,0.04065040650406504
2008-09,Daniel Gibson,gibsoda01,PG,22,CLE,75,0,1795,6.2,15.9,0.391,3.3,8.5,0.382,3.0,7.4,0.402,2.0,2.6,0.767,0.9,3.7,4.7,4.0,1.3,0.5,1.8,4.9,17.7,108.0,106.0,2009,Daniel Gibson-2009,0.0,Not Selected,Guard,CLE,0.05365853658536585
2008-09,J.R. Giddens,giddejr01,SF,23,BOS,6,0,8,13.3,19.9,0.667,0.0,0.0,0.0,13.3,19.9,0.667,0.0,0.0,0.0,13.3,6.6,19.9,0.0,6.6,0.0,6.6,6.6,26.6,109.0,93.0,2009,J.R. Giddens-2009,0.0,Not Selected,Forward,BOS,0.05040650406504065
2008-09,Eddie Gill,gilled01,PG,30,MIL,6,0,43,7.2,10.9,0.667,2.4,3.6,0.667,4.8,7.2,0.667,0.0,0.0,0.0,0.0,4.8,4.8,13.3,3.6,1.2,6.0,12.1,16.9,116.0,104.0,2009,Eddie Gill-2009,0.0,Not Selected,Guard,MIL,0.027642276422764227
2008-09,Manu Ginóbili,ginobma01,SG,31,SAS,44,7,1181,10.3,22.6,0.45399999999999996,3.2,9.6,0.33,7.1,13.0,0.546,7.7,8.7,0.884,1.1,8.0,9.1,7.2,2.9,0.7,4.0,4.1,31.4,114.0,101.0,2009,Manu Ginóbili-2009,0.0,Not Selected,Guard,SAS,0.04390243902439024
2008-09,Ryan Gomes,gomesry01,SF,26,MIN,82,76,2614,8.4,19.5,0.431,2.1,5.7,0.37200000000000005,6.3,13.8,0.456,2.9,3.6,0.807,2.1,5.7,7.9,2.7,1.3,0.4,2.6,3.7,21.9,104.0,113.0,2009,Ryan Gomes-2009,0.0,Not Selected,Forward,MIN,0.01951219512195122
2008-09,Drew Gooden,goodedr01,PF,27,TOT,51,28,1264,9.8,20.9,0.46799999999999997,0.0,0.2,0.0,9.8,20.7,0.47200000000000003,5.4,6.4,0.84,4.7,10.3,15.0,2.0,1.2,0.7,3.1,5.9,25.0,106.0,106.0,2009,Drew Gooden-2009,0.0,Not Selected,Forward,TOT,0.03333333333333333
2008-09,Ben Gordon,gordobe01,SG,25,CHI,82,76,2999,10.3,22.6,0.455,3.0,7.3,0.41,7.3,15.4,0.47600000000000003,5.7,6.6,0.8640000000000001,0.9,4.0,4.9,4.8,1.2,0.4,3.4,3.2,29.2,112.0,112.0,2009,Ben Gordon-2009,0.0,Not Selected,Guard,CHI,0.03333333333333333
2008-09,Eric Gordon,gordoer01,SG,20,LAC,78,65,2677,8.0,17.5,0.456,2.6,6.6,0.389,5.5,11.0,0.496,5.8,6.8,0.8540000000000001,0.9,3.0,3.9,4.2,1.5,0.7,3.2,3.3,24.4,112.0,115.0,2009,Eric Gordon-2009,0.0,Not Selected,Guard,LAC,0.015447154471544716
2008-09,Marcin Gortat,gortama01,PF,24,ORL,63,3,794,6.9,12.2,0.5670000000000001,0.1,0.1,1.0,6.9,12.2,0.565,1.7,2.9,0.578,6.3,12.4,18.7,0.9,1.2,3.5,1.6,7.3,15.6,121.0,97.0,2009,Marcin Gortat-2009,0.0,Not Selected,Forward,ORL,0.04796747967479675
2008-09,Joey Graham,grahajo01,SF,26,TOR,78,10,1541,7.8,16.3,0.48100000000000004,0.1,0.5,0.188,7.7,15.7,0.491,4.5,5.4,0.825,3.2,6.7,9.9,1.6,1.2,0.4,2.5,6.5,20.2,106.0,111.0,2009,Joey Graham-2009,0.0,Not Selected,Forward,TOR,0.026829268292682926
2008-09,Stephen Graham,grahast01,SG,26,IND,52,6,684,7.7,18.6,0.414,1.5,4.8,0.303,6.3,13.8,0.45299999999999996,3.6,4.5,0.8059999999999999,1.5,5.5,7.0,2.4,0.7,0.3,3.3,6.0,20.5,95.0,112.0,2009,Stephen Graham-2009,0.0,Not Selected,Guard,IND,0.02926829268292683
2008-09,Danny Granger,grangda01,SF,25,IND,67,66,2424,11.7,26.2,0.447,3.7,9.2,0.40399999999999997,8.0,17.0,0.47,8.3,9.4,0.878,1.0,6.0,7.0,3.8,1.4,2.0,3.4,4.2,35.5,114.0,109.0,2009,Danny Granger-2009,0.0,Not Selected,Forward,IND,0.02926829268292683
2008-09,Aaron Gray,grayaa01,C,24,CHI,56,18,715,5.8,12.0,0.485,0.0,0.1,0.0,5.8,12.0,0.488,2.5,4.3,0.5760000000000001,6.1,9.8,15.9,3.3,1.0,1.3,2.9,9.7,14.1,107.0,107.0,2009,Aaron Gray-2009,0.0,Not Selected,Center,CHI,0.03333333333333333
2008-09,Gerald Green,greenge01,SG,23,DAL,38,12,376,11.0,25.1,0.439,2.0,6.4,0.304,9.1,18.7,0.485,3.8,4.5,0.8440000000000001,2.0,5.6,7.5,2.1,1.4,0.7,4.6,7.1,27.8,94.0,110.0,2009,Gerald Green-2009,0.0,Not Selected,Guard,DAL,0.04065040650406504
2008-09,Jeff Green,greenje02,PF,22,OKC,78,78,2873,8.5,19.1,0.446,1.7,4.4,0.389,6.8,14.7,0.46299999999999997,4.3,5.5,0.7879999999999999,2.1,7.1,9.3,2.8,1.4,0.6,3.1,3.6,23.0,105.0,110.0,2009,Jeff Green-2009,0.0,Not Selected,Forward,OKC,0.01869918699186992
2008-09,Willie Green,greenwi01,SG,27,PHI,81,60,1828,8.3,19.2,0.435,1.5,4.7,0.317,6.9,14.5,0.473,1.8,2.5,0.7290000000000001,0.8,2.8,3.7,4.6,1.5,0.4,1.9,4.5,20.0,105.0,112.0,2009,Willie Green-2009,0.0,Not Selected,Guard,PHI,0.03333333333333333
2008-09,Donté Greene,greendo01,SF,20,SAC,55,4,725,5.4,16.6,0.326,1.8,7.0,0.26,3.6,9.6,0.375,2.0,2.4,0.853,1.3,4.7,6.0,2.1,1.1,1.0,2.6,4.8,14.7,84.0,116.0,2009,Donté Greene-2009,0.0,Not Selected,Forward,SAC,0.013821138211382113
2008-09,Hamed Haddadi,haddaha01,C,23,MEM,19,0,120,6.7,13.8,0.484,0.0,0.0,0.0,6.7,13.8,0.484,8.0,13.3,0.6,7.1,13.8,20.9,3.5,0.4,5.3,4.0,8.9,21.3,109.0,103.0,2009,Hamed Haddadi-2009,0.0,Not Selected,Center,MEM,0.01951219512195122
2008-09,Malik Hairston,hairsma01,SG,21,SAS,15,0,155,8.4,17.2,0.49,0.0,0.4,0.0,8.4,16.8,0.5,0.7,2.5,0.28600000000000003,3.9,6.0,9.8,4.6,2.1,2.5,4.2,6.7,17.5,92.0,101.0,2009,Malik Hairston-2009,0.0,Not Selected,Guard,SAS,0.04390243902439024
2008-09,Richard Hamilton,hamilri01,SG,30,DET,67,51,2279,11.3,25.3,0.447,1.7,4.6,0.368,9.6,20.7,0.46399999999999997,5.4,6.4,0.848,1.1,4.0,5.0,7.2,1.0,0.1,3.2,4.3,29.7,108.0,112.0,2009,Richard Hamilton-2009,0.0,Not Selected,Guard,DET,0.03170731707317073
2008-09,Matt Harpring,harprma01,SG,32,UTA,63,2,693,8.3,17.9,0.461,0.0,0.1,0.0,8.3,17.8,0.46399999999999997,4.1,5.4,0.764,3.5,5.7,9.1,2.1,2.2,0.7,2.2,7.6,20.6,105.0,107.0,2009,Matt Harpring-2009,0.0,Not Selected,Guard,UTA,0.03902439024390244
2008-09,Al Harrington,harrial01,PF,28,TOT,73,56,2546,10.4,23.6,0.439,3.3,9.2,0.364,7.0,14.5,0.48700000000000004,4.6,5.7,0.7929999999999999,1.9,6.9,8.9,2.0,1.7,0.4,3.1,4.4,28.6,105.0,110.0,2009,Al Harrington-2009,0.0,Not Selected,Forward,TOT,0.03333333333333333
2008-09,Devin Harris,harride01,PG,25,NJN,69,69,2494,9.7,22.2,0.43799999999999994,1.4,4.7,0.29100000000000004,8.4,17.5,0.47700000000000004,10.6,13.0,0.82,0.6,4.3,4.9,10.2,2.4,0.3,4.5,3.5,31.5,113.0,111.0,2009,Devin Harris-2009,0.0,Not Selected,Guard,BRK,0.027642276422764227
2008-09,Jason Hart,hartja01,PG,30,TOT,39,2,348,4.5,14.0,0.319,0.0,0.9,0.0,4.5,13.2,0.341,2.7,3.4,0.7829999999999999,1.9,4.9,6.9,7.2,1.8,0.6,3.3,5.8,11.7,85.0,112.0,2009,Jason Hart-2009,0.0,Not Selected,Guard,TOT,0.03333333333333333
2008-09,Udonis Haslem,hasleud01,PF,28,MIA,75,75,2560,6.9,13.4,0.518,0.0,0.0,0.0,6.9,13.4,0.518,2.7,3.5,0.753,3.5,9.4,12.9,1.8,0.9,0.5,1.7,4.3,16.6,113.0,108.0,2009,Udonis Haslem-2009,0.0,Not Selected,Forward,MIA,0.034959349593495934
2008-09,Trenton Hassell,hassetr01,SF,29,NJN,53,31,1094,4.2,9.3,0.45,0.1,0.4,0.25,4.1,8.9,0.45899999999999996,1.0,1.2,0.8,2.4,4.7,7.1,2.5,1.0,0.8,1.5,4.5,9.5,103.0,114.0,2009,Trenton Hassell-2009,0.0,Not Selected,Forward,BRK,0.027642276422764227
2008-09,Spencer Hawes,hawessp01,C,20,SAC,77,51,2259,8.4,18.0,0.466,0.9,2.6,0.348,7.5,15.4,0.486,2.0,3.1,0.662,3.3,9.0,12.4,3.4,1.0,2.1,3.6,5.6,19.8,98.0,113.0,2009,Spencer Hawes-2009,0.0,Not Selected,Center,SAC,0.013821138211382113
2008-09,Chuck Hayes,hayesch01,C,25,HOU,71,1,858,2.6,7.0,0.37200000000000005,0.0,0.2,0.0,2.6,6.8,0.385,0.4,1.2,0.368,4.6,10.9,15.5,2.6,2.1,1.2,1.6,8.3,5.6,98.0,100.0,2009,Chuck Hayes-2009,0.0,Not Selected,Center,HOU,0.043089430894308944
2008-09,Jarvis Hayes,hayesja01,SF,27,NJN,74,1,1832,7.5,16.8,0.445,2.7,7.1,0.385,4.8,9.7,0.489,1.0,1.5,0.6920000000000001,0.8,7.0,7.8,1.6,1.5,0.2,1.4,4.7,18.8,105.0,112.0,2009,Jarvis Hayes-2009,0.0,Not Selected,Forward,BRK,0.027642276422764227
2008-09,Brendan Haywood,haywobr01,C,29,WAS,6,5,175,7.2,15.1,0.48,0.0,0.0,0.0,7.2,15.1,0.48,3.0,6.3,0.47600000000000003,3.9,9.3,13.3,2.4,1.2,4.5,2.7,4.2,17.5,99.0,109.0,2009,Brendan Haywood-2009,0.0,Not Selected,Center,WAS,0.015447154471544716
2008-09,Luther Head,headlu01,PG-SG,26,TOT,32,4,498,5.9,15.4,0.382,2.1,5.8,0.37,3.7,9.6,0.389,2.0,2.6,0.792,0.6,4.9,5.6,6.2,1.8,0.2,2.7,4.0,15.9,100.0,107.0,2009,Luther Head-2009,0.0,Not Selected,Guard,TOT,0.03333333333333333
2008-09,Walter Herrmann,herrmwa01,SF,29,DET,59,0,630,7.2,18.2,0.396,3.6,10.5,0.342,3.6,7.6,0.47100000000000003,1.7,2.2,0.76,2.5,6.9,9.4,1.9,0.6,0.4,1.5,3.8,19.7,107.0,110.0,2009,Walter Herrmann-2009,0.0,Not Selected,Forward,DET,0.03170731707317073
2008-09,Roy Hibbert,hibbero01,C,22,IND,70,42,1009,9.8,20.7,0.47100000000000003,0.0,0.0,0.0,9.8,20.7,0.47100000000000003,4.8,7.2,0.667,5.7,6.3,12.0,2.4,1.0,3.7,2.7,10.6,24.4,107.0,107.0,2009,Roy Hibbert-2009,0.0,Not Selected,Center,IND,0.02926829268292683
2008-09,J.J. Hickson,hicksjj01,C,20,CLE,62,0,705,7.7,14.9,0.515,0.0,0.0,0.0,7.7,14.9,0.515,3.5,5.1,0.672,4.0,8.7,12.7,0.7,1.1,2.3,3.5,6.2,18.8,102.0,101.0,2009,J.J. Hickson-2009,0.0,Not Selected,Center,CLE,0.05365853658536585
2008-09,Nenê,hilarne01,C,26,DEN,77,76,2510,8.7,14.4,0.604,0.0,0.1,0.2,8.7,14.3,0.607,5.4,7.5,0.723,3.7,8.4,12.1,2.2,1.9,2.0,3.0,5.6,22.8,120.0,105.0,2009,Nenê-2009,0.0,Not Selected,Center,DEN,0.04390243902439024
2008-09,George Hill,hillge01,PG,22,SAS,77,7,1270,6.4,15.9,0.40299999999999997,1.0,3.1,0.32899999999999996,5.4,12.8,0.42100000000000004,4.9,6.2,0.7809999999999999,1.3,5.5,6.8,5.8,1.9,0.9,3.2,6.4,18.7,101.0,104.0,2009,George Hill-2009,0.0,Not Selected,Guard,SAS,0.04390243902439024
2008-09,Grant Hill,hillgr01,SF,36,PHO,82,68,2445,8.0,15.2,0.523,0.5,1.6,0.316,7.5,13.7,0.547,3.7,4.6,0.8079999999999999,1.3,7.0,8.3,3.8,1.8,1.1,2.6,3.7,20.1,114.0,111.0,2009,Grant Hill-2009,0.0,Not Selected,Forward,PHO,0.03739837398373984
2008-09,Steven Hill,hillst01,PF,23,OKC,1,0,2,25.6,25.6,1.0,0.0,0.0,0.0,25.6,25.6,1.0,0.0,0.0,0.0,51.3,25.6,76.9,0.0,0.0,0.0,0.0,0.0,51.3,205.0,103.0,2009,Steven Hill-2009,0.0,Not Selected,Forward,OKC,0.01869918699186992
2008-09,Kirk Hinrich,hinriki01,SG,28,CHI,51,4,1339,7.0,16.1,0.43700000000000006,2.7,6.5,0.408,4.4,9.6,0.456,2.6,3.3,0.7909999999999999,0.6,4.1,4.7,7.6,2.5,0.7,3.4,4.9,19.4,108.0,109.0,2009,Kirk Hinrich-2009,0.0,Not Selected,Guard,CHI,0.03333333333333333
2008-09,Ryan Hollins,holliry01,C,24,TOT,45,3,444,6.0,11.3,0.532,0.0,0.0,0.0,6.0,11.3,0.532,5.2,8.6,0.597,5.5,6.1,11.6,0.8,0.8,3.8,2.9,9.4,17.1,110.0,106.0,2009,Ryan Hollins-2009,0.0,Not Selected,Center,TOT,0.03333333333333333
2008-09,Al Horford,horfoal01,C,22,ATL,67,67,2242,7.5,14.2,0.525,0.0,0.0,0.0,7.5,14.2,0.526,3.6,4.9,0.727,3.5,11.4,14.9,3.9,1.3,2.3,2.5,4.5,18.5,114.0,104.0,2009,Al Horford-2009,0.0,Not Selected,Center,ATL,0.038211382113821135
2008-09,Eddie House,houseed01,PG,30,BOS,81,0,1479,8.9,20.1,0.445,5.4,12.2,0.444,3.5,7.9,0.445,1.5,1.9,0.792,0.4,5.2,5.6,3.3,2.2,0.3,2.0,4.1,24.8,115.0,103.0,2009,Eddie House-2009,0.0,Not Selected,Guard,BOS,0.05040650406504065
2008-09,Dwight Howard,howardw01,C,23,ORL,79,79,2821,10.3,18.0,0.5720000000000001,0.0,0.0,0.0,10.3,18.0,0.573,9.3,15.6,0.594,6.2,13.9,20.1,2.1,1.4,4.3,4.4,5.0,29.9,113.0,95.0,2009,Dwight Howard-2009,1.0,1st,Center,ORL,0.04796747967479675
2008-09,Josh Howard,howarjo01,SF,28,DAL,52,51,1663,11.1,24.7,0.451,1.8,5.3,0.345,9.3,19.4,0.48,5.4,6.9,0.782,1.9,6.4,8.3,2.6,1.7,0.9,2.8,4.3,29.5,106.0,109.0,2009,Josh Howard-2009,0.0,Not Selected,Forward,DAL,0.04065040650406504
2008-09,Juwan Howard,howarju01,SF-PF,35,TOT,42,2,472,8.6,16.9,0.51,0.0,0.0,0.0,8.6,16.9,0.51,2.6,3.9,0.6759999999999999,3.4,5.3,8.7,3.0,0.8,0.7,3.0,8.1,19.9,104.0,109.0,2009,Juwan Howard-2009,0.0,Not Selected,Forward,TOT,0.03333333333333333
2008-09,Larry Hughes,hughela01,SF-SG,30,TOT,55,20,1479,7.7,19.1,0.402,2.6,6.6,0.389,5.1,12.5,0.409,4.0,5.0,0.807,0.5,4.9,5.4,4.1,2.5,0.5,2.4,3.3,21.9,104.0,109.0,2009,Larry Hughes-2009,0.0,Not Selected,Forward,TOT,0.03333333333333333
2008-09,Kris Humphries,humphkr01,SF,23,TOR,29,0,265,7.5,17.7,0.42200000000000004,0.0,0.0,0.0,7.5,17.7,0.42200000000000004,7.5,9.5,0.792,4.7,9.1,13.8,2.0,1.6,1.2,1.6,6.1,22.4,112.0,108.0,2009,Kris Humphries-2009,0.0,Not Selected,Forward,TOR,0.026829268292682926
2008-09,Lindsey Hunter,hunteli01,PG,38,CHI,28,0,266,5.2,15.9,0.32899999999999996,3.1,9.3,0.33299999999999996,2.1,6.6,0.324,0.6,1.0,0.6,0.4,1.9,2.3,7.2,3.9,0.2,3.7,5.4,14.2,89.0,108.0,2009,Lindsey Hunter-2009,0.0,Not Selected,Guard,CHI,0.03333333333333333
2008-09,Othello Hunter,hunteot01,PF,22,ATL,16,0,92,6.4,11.6,0.55,0.0,0.0,0.0,6.4,11.6,0.55,0.0,2.9,0.0,5.2,8.7,14.0,0.6,1.2,2.9,1.2,6.4,12.8,106.0,105.0,2009,Othello Hunter-2009,0.0,Not Selected,Forward,ATL,0.038211382113821135
2008-09,Andre Iguodala,iguodan01,SF,25,PHI,82,82,3269,8.8,18.7,0.473,1.3,4.3,0.307,7.5,14.5,0.521,6.2,8.5,0.7240000000000001,1.5,6.2,7.7,7.1,2.1,0.6,3.6,2.5,25.2,112.0,108.0,2009,Andre Iguodala-2009,0.0,Not Selected,Forward,PHI,0.03333333333333333
2008-09,Zydrunas Ilgauskas,ilgauzy01,C,33,CLE,65,65,1765,10.5,22.2,0.47200000000000003,0.5,1.2,0.385,10.0,21.0,0.47700000000000004,4.3,5.3,0.799,4.8,10.2,15.0,2.0,0.9,2.6,2.8,5.6,25.7,108.0,101.0,2009,Zydrunas Ilgauskas-2009,0.0,Not Selected,Center,CLE,0.05365853658536585
2008-09,D.J. Mbenga,mbengdj01,C,28,LAL,23,0,181,7.6,16.0,0.474,0.0,0.3,0.0,7.6,15.7,0.48200000000000004,2.0,2.2,0.875,2.5,6.2,8.7,2.5,2.8,6.7,3.7,9.3,17.2,95.0,97.0,2009,D.J. Mbenga-2009,0.0,Not Selected,Center,LAL,0.052845528455284556
2008-09,Allen Iverson,iversal01,PG-SG,33,TOT,57,53,2093,9.2,21.9,0.41700000000000004,0.7,2.6,0.28300000000000003,8.4,19.3,0.435,7.1,9.1,0.7809999999999999,0.8,3.8,4.6,7.4,2.3,0.2,3.8,2.3,26.2,103.0,109.0,2009,Allen Iverson-2009,0.0,Not Selected,Guard,TOT,0.03333333333333333
2008-09,Royal Ivey,iveyro01,SG,27,PHI,71,0,861,4.3,12.9,0.332,2.4,7.1,0.342,1.9,5.8,0.319,2.1,2.7,0.7909999999999999,1.2,3.5,4.7,2.7,2.2,0.4,1.4,4.7,13.1,102.0,110.0,2009,Royal Ivey-2009,0.0,Not Selected,Guard,PHI,0.03333333333333333
2008-09,Jarrett Jack,jackja01,SG,25,IND,82,53,2716,7.1,15.6,0.45299999999999996,1.4,4.0,0.353,5.6,11.6,0.48700000000000004,4.1,4.8,0.852,0.8,4.2,5.1,6.2,1.6,0.3,3.4,3.3,19.7,107.0,111.0,2009,Jarrett Jack-2009,0.0,Not Selected,Guard,IND,0.02926829268292683
2008-09,Bobby Jackson,jacksbo01,PG,35,SAC,71,10,1484,6.6,16.6,0.39799999999999996,2.1,6.8,0.305,4.6,9.9,0.462,3.0,3.5,0.851,1.4,5.4,6.9,4.9,2.1,0.1,2.3,3.4,18.3,104.0,115.0,2009,Bobby Jackson-2009,0.0,Not Selected,Guard,SAC,0.013821138211382113
2008-09,Darnell Jackson,jacksda01,PF,23,CLE,51,2,430,4.7,10.8,0.43,0.0,0.3,0.0,4.7,10.6,0.44,3.0,4.4,0.6859999999999999,4.0,6.9,10.9,1.0,1.3,0.5,1.8,9.7,12.3,105.0,104.0,2009,Darnell Jackson-2009,0.0,Not Selected,Forward,CLE,0.05365853658536585
2008-09,Stephen Jackson,jacksst02,SF,30,GSW,59,59,2339,8.6,20.8,0.414,2.2,6.4,0.33799999999999997,6.5,14.5,0.44799999999999995,6.1,7.4,0.826,1.5,4.9,6.3,8.0,1.8,0.6,4.8,3.2,25.6,104.0,114.0,2009,Stephen Jackson-2009,0.0,Not Selected,Forward,GSW,0.023577235772357725
2008-09,Jerome James,jamesje01,C,33,NYK,2,0,10,14.9,39.7,0.375,0.0,0.0,0.0,14.9,39.7,0.375,0.0,0.0,0.0,5.0,9.9,14.9,0.0,5.0,5.0,5.0,9.9,29.8,73.0,96.0,2009,Jerome James-2009,0.0,Not Selected,Center,NYK,0.026016260162601626
2008-09,LeBron James,jamesle01,SF,24,CLE,81,81,3054,14.0,28.6,0.489,2.3,6.8,0.344,11.6,21.8,0.535,10.5,13.5,0.78,1.9,9.0,10.9,10.4,2.4,1.6,4.3,2.5,40.8,122.0,99.0,2009,LeBron James-2009,1.0,1st,Forward,CLE,0.05365853658536585
2008-09,Mike James,jamesmi01,PG,33,TOT,61,50,1649,6.3,16.5,0.38299999999999995,2.2,5.9,0.375,4.1,10.6,0.38799999999999996,2.2,2.6,0.8290000000000001,0.8,3.5,4.3,6.4,1.4,0.2,3.0,3.5,17.0,99.0,117.0,2009,Mike James-2009,0.0,Not Selected,Guard,TOT,0.03333333333333333
2008-09,Antawn Jamison,jamisan01,PF,32,WAS,81,81,3096,11.5,24.6,0.46799999999999997,1.9,5.4,0.35100000000000003,9.6,19.1,0.501,5.8,7.7,0.754,3.3,8.9,12.3,2.6,1.6,0.4,2.1,3.7,30.7,114.0,113.0,2009,Antawn Jamison-2009,0.0,Not Selected,Forward,WAS,0.015447154471544716
2008-09,Marko Jarić,jaricma01,SG,30,MEM,53,0,605,4.2,12.8,0.331,1.0,2.5,0.39299999999999996,3.3,10.3,0.316,2.6,3.6,0.7070000000000001,2.0,3.7,5.7,6.5,2.6,1.0,4.3,5.5,12.0,85.0,109.0,2009,Marko Jarić-2009,0.0,Not Selected,Guard,MEM,0.01951219512195122
2008-09,Nathan Jawai,jawaina01,PF,22,TOR,6,0,19,2.7,11.0,0.25,0.0,0.0,0.0,2.7,11.0,0.25,0.0,0.0,0.0,2.7,2.7,5.5,0.0,0.0,0.0,5.5,8.2,5.5,44.0,117.0,2009,Nathan Jawai-2009,0.0,Not Selected,Forward,TOR,0.026829268292682926
2008-09,Al Jefferson,jeffeal01,C,24,MIN,50,50,1836,13.8,27.8,0.49700000000000005,0.0,0.1,0.0,13.8,27.7,0.499,5.3,7.2,0.738,4.9,10.7,15.6,2.3,1.1,2.4,2.6,4.0,33.0,109.0,108.0,2009,Al Jefferson-2009,0.0,Not Selected,Center,MIN,0.01951219512195122
2008-09,Dontell Jefferson,jeffedo01,SG,25,CHA,6,0,84,7.1,14.2,0.5,0.6,1.3,0.5,6.5,12.9,0.5,3.9,5.8,0.667,0.6,7.1,7.8,5.8,2.6,0.6,3.9,5.8,18.8,103.0,104.0,2009,Dontell Jefferson-2009,0.0,Not Selected,Guard,CHO,0.028455284552845527
2008-09,Richard Jefferson,jefferi01,SF,28,MIL,82,82,2939,9.5,21.6,0.439,2.0,5.2,0.397,7.4,16.4,0.45299999999999996,7.4,9.1,0.805,1.0,5.6,6.6,3.5,1.2,0.2,2.9,4.4,28.4,110.0,110.0,2009,Richard Jefferson-2009,0.0,Not Selected,Forward,MIL,0.027642276422764227
2008-09,Jared Jeffries,jeffrja01,SF,27,NYK,56,36,1310,4.5,10.3,0.44,0.0,0.5,0.083,4.5,9.9,0.456,2.1,3.4,0.611,4.9,3.9,8.8,3.0,1.8,1.3,2.5,5.8,11.2,102.0,111.0,2009,Jared Jeffries-2009,0.0,Not Selected,Forward,NYK,0.026016260162601626
2008-09,Yi Jianlian,jianlyi01,PF,21,NJN,61,52,1421,7.2,18.8,0.382,1.8,5.3,0.34299999999999997,5.4,13.5,0.397,3.6,4.6,0.772,2.5,9.7,12.2,2.3,1.1,1.4,2.6,5.9,19.7,96.0,110.0,2009,Yi Jianlian-2009,0.0,Not Selected,Forward,BRK,0.027642276422764227
2008-09,Amir Johnson,johnsam01,PF,21,DET,62,24,911,5.9,9.9,0.595,0.0,0.0,0.0,5.9,9.9,0.595,1.4,2.1,0.657,6.2,7.9,14.1,1.2,1.2,3.6,2.0,10.4,13.2,120.0,105.0,2009,Amir Johnson-2009,0.0,Not Selected,Forward,DET,0.03170731707317073
2008-09,Anthony Johnson,johnsan02,PG,34,ORL,80,12,1481,5.4,13.4,0.40399999999999997,1.8,4.7,0.391,3.6,8.7,0.41100000000000003,2.1,2.8,0.753,1.0,4.1,5.2,7.0,1.6,0.2,2.9,3.9,14.8,104.0,105.0,2009,Anthony Johnson-2009,0.0,Not Selected,Guard,ORL,0.04796747967479675
2008-09,Joe Johnson,johnsjo02,SG,27,ATL,79,79,3124,10.6,24.3,0.43700000000000006,2.6,7.1,0.36,8.1,17.2,0.46799999999999997,5.1,6.2,0.826,1.1,4.8,5.9,7.8,1.4,0.3,3.3,3.0,28.9,110.0,110.0,2009,Joe Johnson-2009,0.0,Not Selected,Guard,ATL,0.038211382113821135
2008-09,Linton Johnson,johnsli01,PF,28,TOT,10,0,55,3.8,10.4,0.364,0.9,1.9,0.5,2.8,8.5,0.33299999999999996,0.0,0.0,0.0,2.8,4.7,7.6,1.9,0.9,0.0,1.9,6.6,8.5,89.0,112.0,2009,Linton Johnson-2009,0.0,Not Selected,Forward,TOT,0.03333333333333333
2008-09,Trey Johnson,johnstr01,SG,24,CLE,4,0,14,0.0,19.3,0.0,0.0,0.0,0.0,0.0,19.3,0.0,15.5,15.5,1.0,0.0,3.9,3.9,0.0,0.0,0.0,3.9,15.5,15.5,62.0,109.0,2009,Trey Johnson-2009,0.0,Not Selected,Guard,CLE,0.05365853658536585
2008-09,Dahntay Jones,jonesda02,SG,28,DEN,79,71,1426,5.5,12.0,0.45799999999999996,0.4,0.6,0.647,5.1,11.4,0.44799999999999995,3.9,5.4,0.728,2.1,3.9,6.0,2.8,1.7,0.7,2.4,7.1,15.3,105.0,110.0,2009,Dahntay Jones-2009,0.0,Not Selected,Guard,DEN,0.04390243902439024
2008-09,Damon Jones,jonesda01,PG,32,MIL,18,0,108,5.3,16.3,0.324,5.3,13.4,0.39299999999999996,0.0,2.9,0.0,0.0,0.0,0.0,0.0,2.9,2.9,3.4,1.4,0.0,2.9,1.9,15.8,91.0,111.0,2009,Damon Jones-2009,0.0,Not Selected,Guard,MIL,0.027642276422764227
2008-09,Dwayne Jones,jonesdw02,PF,25,CHA,6,0,52,4.2,7.3,0.5710000000000001,0.0,0.0,0.0,4.2,7.3,0.5710000000000001,4.2,6.3,0.667,6.3,6.3,12.5,0.0,0.0,1.0,4.2,6.3,12.5,102.0,110.0,2009,Dwayne Jones-2009,0.0,Not Selected,Forward,CHO,0.028455284552845527
2008-09,Fred Jones,jonesfr01,SF,29,LAC,52,21,1495,4.5,11.1,0.40700000000000003,1.9,5.1,0.36700000000000005,2.6,5.9,0.441,2.3,2.8,0.815,0.8,3.6,4.4,6.6,1.8,0.4,2.3,3.9,13.2,109.0,114.0,2009,Fred Jones-2009,0.0,Not Selected,Forward,LAC,0.015447154471544716
2008-09,James Jones,jonesja02,SF,28,MIA,40,1,630,4.7,12.6,0.369,2.8,8.1,0.344,1.9,4.5,0.415,2.2,2.6,0.8390000000000001,1.0,4.2,5.3,1.7,1.0,1.2,1.0,4.9,14.3,108.0,111.0,2009,James Jones-2009,0.0,Not Selected,Forward,MIA,0.034959349593495934
2008-09,Solomon Jones,jonesso01,C,24,ATL,63,0,675,5.3,8.8,0.604,0.1,0.2,0.5,5.2,8.6,0.606,4.2,5.9,0.716,4.1,7.1,11.3,1.2,0.6,2.7,2.1,9.9,14.9,124.0,108.0,2009,Solomon Jones-2009,0.0,Not Selected,Center,ATL,0.038211382113821135
2008-09,DeAndre Jordan,jordade01,C,20,LAC,53,13,771,6.3,9.9,0.633,0.0,0.0,0.0,6.3,9.9,0.633,2.8,7.4,0.385,4.9,11.2,16.0,0.7,0.7,4.0,2.8,6.5,15.4,105.0,107.0,2009,DeAndre Jordan-2009,0.0,Not Selected,Center,LAC,0.015447154471544716
2008-09,Chris Kaman,kamanch01,C,26,LAC,31,24,921,9.1,17.3,0.528,0.0,0.0,0.0,9.1,17.3,0.528,2.9,4.2,0.68,4.2,9.7,14.0,2.6,1.0,2.5,4.8,5.3,21.1,97.0,109.0,2009,Chris Kaman-2009,0.0,Not Selected,Center,LAC,0.015447154471544716
2008-09,Jason Kapono,kaponja01,SG,27,TOR,80,12,1831,7.4,17.2,0.43200000000000005,2.8,6.5,0.428,4.6,10.7,0.435,1.0,1.2,0.81,0.7,3.9,4.6,3.0,0.6,0.1,2.0,4.1,18.6,101.0,115.0,2009,Jason Kapono-2009,0.0,Not Selected,Guard,TOR,0.026829268292682926
2008-09,Jason Kidd,kiddja01,PG,35,DAL,81,81,2886,4.7,11.2,0.41600000000000004,2.4,5.9,0.406,2.3,5.4,0.42700000000000005,1.6,1.9,0.8190000000000001,1.5,7.5,9.1,12.8,2.9,0.7,3.4,3.1,13.3,116.0,106.0,2009,Jason Kidd-2009,0.0,Not Selected,Guard,DAL,0.04065040650406504
2008-09,Tarence Kinsey,kinseta01,SG,24,CLE,50,3,277,6.1,13.5,0.449,1.4,3.5,0.389,4.7,10.0,0.47100000000000003,6.4,7.4,0.868,2.0,5.5,7.4,2.0,2.3,0.0,4.3,6.6,19.9,105.0,103.0,2009,Tarence Kinsey-2009,0.0,Not Selected,Guard,CLE,0.05365853658536585
2008-09,Andrei Kirilenko,kirilan01,PF,27,UTA,67,10,1831,7.2,16.0,0.449,0.6,2.1,0.27399999999999997,6.6,14.0,0.475,6.9,8.8,0.785,2.4,6.6,9.0,4.9,2.3,2.2,3.4,3.6,21.8,109.0,105.0,2009,Andrei Kirilenko-2009,0.0,Not Selected,Forward,UTA,0.03902439024390244
2008-09,Linas Kleiza,kleizli01,SF,24,DEN,82,7,1824,8.1,18.0,0.447,2.4,7.5,0.326,5.6,10.6,0.5329999999999999,4.1,5.7,0.725,2.6,6.6,9.1,1.8,0.9,0.4,2.3,4.3,22.7,110.0,110.0,2009,Linas Kleiza-2009,0.0,Not Selected,Forward,DEN,0.04390243902439024
2008-09,Brevin Knight,knighbr01,PG,33,UTA,74,0,938,3.6,10.4,0.349,0.0,0.3,0.0,3.6,10.1,0.361,2.6,3.5,0.75,0.7,4.1,4.8,10.4,3.7,0.2,3.6,5.4,9.9,93.0,105.0,2009,Brevin Knight-2009,0.0,Not Selected,Guard,UTA,0.03902439024390244
2008-09,Kyle Korver,korveky01,SF,27,UTA,78,2,1874,6.7,15.4,0.43799999999999994,2.8,7.3,0.386,3.9,8.1,0.485,3.1,3.5,0.882,1.0,6.1,7.1,3.8,1.3,0.8,2.5,4.7,19.4,110.0,109.0,2009,Kyle Korver-2009,0.0,Not Selected,Forward,UTA,0.03902439024390244
2008-09,Kosta Koufos,koufoko01,C,19,UTA,48,7,565,8.6,16.9,0.508,0.0,0.0,0.0,8.6,16.9,0.508,3.3,4.7,0.706,4.6,8.0,12.6,1.8,1.1,2.8,2.4,6.4,20.4,109.0,106.0,2009,Kosta Koufos-2009,0.0,Not Selected,Center,UTA,0.03902439024390244
2008-09,Nenad Krstić,krstine01,C,25,OKC,46,29,1141,8.6,18.3,0.469,0.0,0.0,0.0,8.6,18.3,0.469,2.8,3.6,0.797,3.8,7.6,11.4,1.3,0.9,2.2,2.0,5.1,20.0,104.0,109.0,2009,Nenad Krstić-2009,0.0,Not Selected,Center,OKC,0.01869918699186992
2008-09,Rob Kurz,kurzro01,SF,23,GSW,40,5,442,5.6,14.5,0.389,1.7,4.2,0.395,4.0,10.3,0.387,4.4,5.5,0.8,3.7,5.3,9.0,2.2,1.5,2.1,1.8,8.6,17.4,111.0,113.0,2009,Rob Kurz-2009,0.0,Not Selected,Forward,GSW,0.023577235772357725
2008-09,Carl Landry,landrca01,PF,25,HOU,69,0,1467,8.7,15.2,0.574,0.0,0.1,0.33299999999999996,8.7,15.1,0.5760000000000001,5.7,7.0,0.813,4.5,7.9,12.4,1.4,0.9,1.1,2.5,6.0,23.1,123.0,104.0,2009,Carl Landry-2009,0.0,Not Selected,Forward,HOU,0.043089430894308944
2008-09,Acie Law,lawac01,PG,24,ATL,55,1,560,5.0,13.3,0.374,0.9,2.8,0.31,4.1,10.5,0.391,4.7,5.7,0.8170000000000001,0.6,5.0,5.5,8.2,1.1,0.3,2.8,4.1,15.5,105.0,111.0,2009,Acie Law-2009,0.0,Not Selected,Guard,ATL,0.038211382113821135
2008-09,Courtney Lee,leeco01,SG,23,ORL,77,42,1939,6.5,14.5,0.45,2.2,5.4,0.40399999999999997,4.3,9.0,0.478,2.1,2.5,0.83,0.5,4.3,4.8,2.4,2.0,0.4,1.8,4.2,17.3,107.0,104.0,2009,Courtney Lee-2009,0.0,Not Selected,Guard,ORL,0.04796747967479675
2008-09,David Lee,leeda02,C,25,NYK,81,74,2824,9.2,16.7,0.5489999999999999,0.0,0.1,0.0,9.2,16.7,0.551,4.4,5.8,0.755,4.5,12.2,16.7,3.1,1.4,0.4,2.6,4.6,22.7,118.0,108.0,2009,David Lee-2009,0.0,Not Selected,Center,NYK,0.026016260162601626
2008-09,Rashard Lewis,lewisra02,PF,29,ORL,79,79,2859,8.7,19.8,0.439,4.0,10.1,0.397,4.7,9.7,0.48200000000000004,4.1,4.9,0.836,1.7,6.6,8.2,3.7,1.5,0.9,2.9,3.5,25.5,113.0,103.0,2009,Rashard Lewis-2009,0.0,Not Selected,Forward,ORL,0.04796747967479675
2008-09,Shaun Livingston,livinsh01,PG,23,TOT,12,1,231,6.9,13.4,0.517,0.0,0.0,0.0,6.9,13.4,0.517,2.0,2.2,0.9,0.7,5.6,6.3,4.5,1.6,0.4,2.0,2.7,15.9,109.0,111.0,2009,Shaun Livingston-2009,0.0,Not Selected,Guard,TOT,0.03333333333333333
2008-09,Brook Lopez,lopezbr01,C,20,NJN,82,75,2501,9.6,18.0,0.531,0.0,0.0,0.0,9.6,18.0,0.532,3.7,4.6,0.7929999999999999,4.8,9.4,14.2,1.8,0.9,3.2,3.1,5.5,22.8,110.0,108.0,2009,Brook Lopez-2009,0.0,Not Selected,Center,BRK,0.027642276422764227
2008-09,Robin Lopez,lopezro01,C,20,PHO,60,7,614,5.8,11.2,0.518,0.0,0.1,0.0,5.8,11.1,0.522,3.8,5.5,0.691,4.2,5.4,9.6,0.7,0.9,3.3,2.3,7.9,15.4,112.0,111.0,2009,Robin Lopez-2009,0.0,Not Selected,Center,PHO,0.03739837398373984
2008-09,Kevin Love,loveke01,C,20,MIN,81,37,2048,8.1,17.6,0.45899999999999996,0.1,0.5,0.105,8.0,17.1,0.469,6.8,8.6,0.789,7.0,11.8,18.8,2.1,0.9,1.3,3.0,5.2,23.0,112.0,109.0,2009,Kevin Love-2009,0.0,Not Selected,Center,MIN,0.01951219512195122
2008-09,Kyle Lowry,lowryky01,PG,22,TOT,77,21,1679,6.0,13.8,0.435,0.8,3.1,0.255,5.2,10.7,0.488,5.7,7.2,0.8009999999999999,0.8,5.2,6.0,8.7,2.2,0.5,3.7,4.6,18.5,109.0,108.0,2009,Kyle Lowry-2009,0.0,Not Selected,Guard,TOT,0.03333333333333333
2008-09,Tyronn Lue,luety01,PG,31,TOT,44,0,521,7.1,16.1,0.43799999999999994,2.7,6.2,0.435,4.4,10.0,0.44,1.4,1.9,0.737,0.6,4.0,4.6,6.0,0.8,0.0,2.3,5.4,18.2,108.0,111.0,2009,Tyronn Lue-2009,0.0,Not Selected,Guard,TOT,0.03333333333333333
2008-09,Mark Madsen,madsema01,C,33,MIN,19,1,116,1.4,6.3,0.214,0.0,0.0,0.0,1.4,6.3,0.214,0.0,1.8,0.0,4.5,3.6,8.1,1.8,0.5,0.5,1.4,8.1,2.7,71.0,116.0,2009,Mark Madsen-2009,0.0,Not Selected,Center,MIN,0.01951219512195122
2008-09,Corey Maggette,maggeco01,PF,29,GSW,51,19,1588,9.0,19.5,0.461,0.7,2.9,0.253,8.3,16.6,0.49700000000000005,10.5,12.8,0.8240000000000001,1.5,7.2,8.7,2.8,1.4,0.2,3.7,5.9,29.2,112.0,114.0,2009,Corey Maggette-2009,0.0,Not Selected,Forward,GSW,0.023577235772357725
2008-09,Jamaal Magloire,magloja01,C,30,MIA,55,12,709,4.9,9.9,0.496,0.0,0.0,0.0,4.9,9.9,0.496,2.2,4.5,0.483,6.2,10.5,16.7,1.7,0.8,1.9,2.4,9.1,12.0,106.0,106.0,2009,Jamaal Magloire-2009,0.0,Not Selected,Center,MIA,0.034959349593495934
2008-09,Stephon Marbury,marbust01,PG,31,BOS,23,4,414,4.9,14.2,0.342,0.8,3.2,0.24,4.1,11.0,0.37200000000000005,0.8,1.7,0.462,0.3,3.3,3.6,9.6,1.3,0.4,4.7,4.4,11.3,81.0,106.0,2009,Stephon Marbury-2009,0.0,Not Selected,Guard,BOS,0.05040650406504065
2008-09,Shawn Marion,mariosh01,SF,30,TOT,69,68,2470,8.2,16.9,0.485,0.2,1.1,0.18899999999999997,8.0,15.7,0.506,2.5,3.1,0.7959999999999999,3.9,8.8,12.6,3.0,1.9,1.4,2.2,2.8,19.1,107.0,106.0,2009,Shawn Marion-2009,0.0,Not Selected,Forward,TOT,0.03333333333333333
2008-09,Sean Marks,marksse01,C,33,NOH,60,5,838,5.2,10.8,0.485,0.1,0.7,0.2,5.1,10.1,0.503,2.0,2.9,0.682,4.0,8.2,12.2,0.9,0.5,2.2,2.3,7.9,12.5,103.0,107.0,2009,Sean Marks-2009,0.0,Not Selected,Center,NOP,0.03983739837398374
2008-09,Donyell Marshall,marshdo01,PF,35,PHI,25,0,189,9.3,20.6,0.452,7.1,15.5,0.455,2.3,5.1,0.444,0.8,1.7,0.5,1.7,9.6,11.3,4.2,1.1,1.4,1.7,6.8,26.5,127.0,107.0,2009,Donyell Marshall-2009,0.0,Not Selected,Forward,PHI,0.03333333333333333
2008-09,Cartier Martin,martica01,SF,24,CHA,33,1,266,5.7,15.7,0.364,2.0,6.7,0.303,3.7,9.0,0.409,4.1,5.1,0.8,1.4,5.3,6.7,2.7,1.6,0.8,1.8,6.7,17.6,103.0,107.0,2009,Cartier Martin-2009,0.0,Not Selected,Forward,CHO,0.028455284552845527
2008-09,Kenyon Martin,martike01,PF,31,DEN,66,66,2111,7.7,15.6,0.491,0.3,0.9,0.368,7.3,14.7,0.498,2.9,4.8,0.604,2.0,7.6,9.5,3.2,2.3,1.8,2.5,4.8,18.5,104.0,105.0,2009,Kenyon Martin-2009,0.0,Not Selected,Forward,DEN,0.04390243902439024
2008-09,Kevin Martin,martike02,SG,25,SAC,51,46,1947,8.9,21.2,0.42,3.0,7.2,0.415,5.9,14.0,0.423,12.0,13.8,0.867,0.8,4.0,4.8,3.6,1.6,0.2,3.8,3.0,32.8,115.0,117.0,2009,Kevin Martin-2009,0.0,Not Selected,Guard,SAC,0.013821138211382113
2008-09,Desmond Mason,masonde01,SG,31,OKC,39,19,1064,6.0,13.7,0.435,0.0,0.1,0.0,6.0,13.6,0.44,2.2,4.1,0.541,2.0,5.6,7.6,2.2,0.7,1.4,2.7,4.6,14.2,90.0,111.0,2009,Desmond Mason-2009,0.0,Not Selected,Guard,OKC,0.01869918699186992
2008-09,Roger Mason,masonro01,SG,28,SAS,82,71,2496,7.6,17.9,0.425,3.6,8.6,0.42100000000000004,4.0,9.3,0.428,2.3,2.6,0.89,0.3,5.1,5.5,3.8,0.9,0.3,2.2,3.5,21.1,107.0,107.0,2009,Roger Mason-2009,0.0,Not Selected,Guard,SAS,0.04390243902439024
2008-09,Jason Maxiell,maxieja01,C,25,DET,78,4,1408,7.2,12.6,0.575,0.0,0.0,0.0,7.2,12.5,0.5770000000000001,3.3,6.2,0.532,6.6,6.1,12.7,0.9,1.0,2.5,1.8,6.2,17.8,120.0,108.0,2009,Jason Maxiell-2009,0.0,Not Selected,Center,DET,0.03170731707317073
2008-09,Sean May,mayse01,PF,24,CHA,24,12,301,7.0,17.7,0.39799999999999996,0.2,0.2,1.0,6.9,17.5,0.392,2.5,3.6,0.7,3.6,8.8,12.5,1.8,0.9,0.7,4.7,5.8,16.8,82.0,106.0,2009,Sean May-2009,0.0,Not Selected,Forward,CHO,0.028455284552845527
2008-09,O.J. Mayo,mayooj01,SG,21,MEM,82,82,3120,9.6,21.9,0.43799999999999994,2.5,6.5,0.384,7.1,15.4,0.461,4.2,4.8,0.879,1.0,4.3,5.3,4.5,1.6,0.2,3.9,3.5,25.9,103.0,112.0,2009,O.J. Mayo-2009,0.0,Not Selected,Guard,MEM,0.01951219512195122
2008-09,Luc Mbah a Moute,mbahalu01,PF,22,MIL,82,52,2114,5.6,12.0,0.462,0.0,0.1,0.0,5.6,11.9,0.466,3.4,4.7,0.7290000000000001,4.6,7.3,11.9,2.1,2.1,1.1,2.5,5.0,14.6,106.0,106.0,2009,Luc Mbah a Moute-2009,0.0,Not Selected,Forward,MIL,0.027642276422764227
2008-09,Rashad McCants,mccanra01,SG,24,TOT,58,3,1101,9.0,22.9,0.39299999999999996,3.0,8.9,0.33299999999999996,6.1,14.1,0.431,5.0,6.6,0.759,1.0,4.2,5.2,3.2,2.2,0.7,3.0,4.8,26.1,100.0,113.0,2009,Rashad McCants-2009,0.0,Not Selected,Guard,TOT,0.03333333333333333
2008-09,Antonio McDyess,mcdyean01,PF,34,DET,62,30,1866,7.9,15.6,0.51,0.0,0.0,0.0,7.9,15.6,0.51,1.8,2.6,0.698,5.5,12.5,18.0,2.5,1.2,1.5,1.5,5.7,17.7,115.0,104.0,2009,Antonio McDyess-2009,0.0,Not Selected,Forward,DET,0.03170731707317073
2008-09,JaVale McGee,mcgeeja01,C,21,WAS,75,14,1143,8.8,17.9,0.494,0.0,0.0,0.0,8.8,17.9,0.494,4.9,7.5,0.66,5.5,8.0,13.6,1.1,1.5,3.5,2.8,7.2,22.6,107.0,110.0,2009,JaVale McGee-2009,0.0,Not Selected,Center,WAS,0.015447154471544716
2008-09,Tracy McGrady,mcgratr01,SG,29,HOU,35,35,1181,8.5,21.9,0.38799999999999996,2.0,5.3,0.376,6.5,16.6,0.391,5.6,7.0,0.8009999999999999,0.9,6.0,6.9,7.9,1.9,0.7,3.1,1.7,24.6,105.0,104.0,2009,Tracy McGrady-2009,0.0,Not Selected,Guard,HOU,0.043089430894308944
2008-09,Dominic McGuire,mcguido01,SF,23,WAS,79,57,2072,3.6,8.2,0.43200000000000005,0.1,0.1,0.5,3.5,8.1,0.431,1.9,2.6,0.725,2.9,8.0,10.9,5.0,1.6,1.9,2.3,3.9,9.1,103.0,112.0,2009,Dominic McGuire-2009,0.0,Not Selected,Forward,WAS,0.015447154471544716
2008-09,Josh McRoberts,mcrobjo01,PF,21,IND,33,0,279,6.2,14.8,0.42200000000000004,0.0,1.8,0.0,6.2,13.0,0.479,1.8,2.3,0.769,4.6,8.6,13.2,2.9,2.1,2.9,2.1,7.3,14.3,100.0,105.0,2009,Josh McRoberts-2009,0.0,Not Selected,Forward,IND,0.02926829268292683
2008-09,Pops Mensah-Bonsu,mensapo01,PF,25,TOT,22,0,283,7.2,19.0,0.379,0.0,0.4,0.0,7.2,18.7,0.386,6.1,8.9,0.688,10.2,10.7,20.9,1.1,1.7,0.9,3.5,8.0,20.5,99.0,107.0,2009,Pops Mensah-Bonsu-2009,0.0,Not Selected,Forward,TOT,0.03333333333333333
2008-09,Chris Mihm,mihmch01,C,29,LAL,18,0,105,7.3,19.4,0.375,0.0,0.0,0.0,7.3,19.4,0.375,2.9,3.4,0.857,7.3,9.2,16.5,4.8,0.5,2.9,4.8,11.1,17.5,92.0,104.0,2009,Chris Mihm-2009,0.0,Not Selected,Center,LAL,0.052845528455284556
2008-09,C.J. Miles,milescj01,SG,21,UTA,72,72,1623,8.2,17.8,0.45899999999999996,2.0,5.7,0.35200000000000004,6.2,12.2,0.509,2.5,2.8,0.8759999999999999,1.4,3.9,5.3,3.4,1.5,0.5,2.0,5.9,20.9,109.0,110.0,2009,C.J. Miles-2009,0.0,Not Selected,Guard,UTA,0.03902439024390244
2008-09,Darius Miles,milesda01,SF,27,MEM,34,0,298,8.6,17.7,0.485,0.2,1.1,0.16699999999999998,8.4,16.6,0.505,4.1,5.5,0.742,3.4,6.8,10.2,3.0,2.0,3.6,3.8,5.7,21.4,102.0,106.0,2009,Darius Miles-2009,0.0,Not Selected,Forward,MEM,0.01951219512195122
2008-09,Darko Miličić,milicda01,C,23,MEM,61,15,1034,7.1,13.7,0.515,0.0,0.0,0.0,7.1,13.7,0.515,3.0,5.4,0.562,4.3,9.3,13.6,1.8,1.1,2.6,2.5,6.9,17.1,106.0,107.0,2009,Darko Miličić-2009,0.0,Not Selected,Center,MEM,0.01951219512195122
2008-09,Andre Miller,millean02,PG,32,PHI,82,82,2976,8.8,18.7,0.473,0.3,1.0,0.28300000000000003,8.6,17.7,0.483,6.1,7.3,0.826,2.2,4.4,6.6,9.6,2.0,0.3,3.6,3.5,24.0,115.0,110.0,2009,Andre Miller-2009,0.0,Not Selected,Guard,PHI,0.03333333333333333
2008-09,Brad Miller,millebr01,C,32,TOT,70,43,2100,7.1,15.0,0.47600000000000003,0.6,1.4,0.41100000000000003,6.6,13.6,0.48200000000000004,5.5,6.6,0.8240000000000001,3.7,9.6,13.3,5.7,1.3,0.9,3.2,5.4,20.2,114.0,111.0,2009,Brad Miller-2009,0.0,Not Selected,Center,TOT,0.03333333333333333
2008-09,Mike Miller,millemi01,SF,28,MIN,73,47,2356,5.9,12.2,0.48200000000000004,1.9,5.0,0.37799999999999995,4.0,7.2,0.5539999999999999,2.4,3.3,0.732,1.6,9.1,10.7,7.3,0.7,0.7,3.2,3.1,16.1,112.0,112.0,2009,Mike Miller-2009,0.0,Not Selected,Forward,MIN,0.01951219512195122
2008-09,Paul Millsap,millspa01,PF,23,UTA,76,38,2290,9.0,16.9,0.534,0.0,0.1,0.0,9.0,16.8,0.537,5.1,7.3,0.6990000000000001,5.6,9.1,14.7,3.1,1.8,1.6,2.9,6.5,23.1,116.0,105.0,2009,Paul Millsap-2009,0.0,Not Selected,Forward,UTA,0.03902439024390244
2008-09,Yao Ming,mingya01,C,28,HOU,77,77,2589,11.6,21.2,0.5479999999999999,0.0,0.0,1.0,11.6,21.2,0.5479999999999999,7.8,9.0,0.866,4.2,11.4,15.6,2.8,0.6,3.1,4.8,5.3,31.1,114.0,101.0,2009,Yao Ming-2009,2.0,2nd,Center,HOU,0.043089430894308944
2008-09,Cuttino Mobley,moblecu01,SG,33,LAC,11,11,365,9.0,20.9,0.43200000000000005,1.7,5.0,0.34299999999999997,7.3,15.9,0.45899999999999996,1.9,2.6,0.722,1.3,2.9,4.1,1.7,2.1,0.3,2.6,3.0,21.6,94.0,114.0,2009,Cuttino Mobley-2009,0.0,Not Selected,Guard,LAC,0.015447154471544716
2008-09,Nazr Mohammed,mohamna01,C,31,CHA,39,1,341,6.5,16.1,0.406,0.0,0.0,0.0,6.5,16.1,0.406,3.5,6.4,0.55,5.6,7.0,12.6,1.3,0.8,2.5,3.7,10.0,16.6,89.0,106.0,2009,Nazr Mohammed-2009,0.0,Not Selected,Center,CHO,0.028455284552845527
2008-09,Jamario Moon,moonja01,SF,28,TOT,80,60,2068,5.6,12.1,0.46799999999999997,1.7,4.7,0.355,4.0,7.4,0.54,1.7,2.0,0.85,1.5,7.8,9.3,2.4,2.2,1.5,1.1,3.4,14.7,116.0,107.0,2009,Jamario Moon-2009,0.0,Not Selected,Forward,TOT,0.03333333333333333
2008-09,Mikki Moore,mooremi01,PF-C,33,TOT,70,20,1202,4.9,8.9,0.5529999999999999,0.0,0.0,0.0,4.9,8.9,0.5529999999999999,2.1,2.6,0.787,3.3,7.8,11.1,2.3,0.7,0.8,2.1,9.0,11.9,114.0,111.0,2009,Mikki Moore-2009,0.0,Not Selected,Forward,TOT,0.03333333333333333
2008-09,Randolph Morris,morrira01,C,23,ATL,23,0,89,4.2,10.2,0.41200000000000003,0.0,0.0,0.0,4.2,10.2,0.41200000000000003,2.4,2.4,1.0,2.4,9.6,12.0,1.2,1.2,0.6,4.2,15.0,10.8,81.0,106.0,2009,Randolph Morris-2009,0.0,Not Selected,Center,ATL,0.038211382113821135
2008-09,Adam Morrison,morriad01,SF,24,TOT,52,5,711,6.1,17.0,0.359,2.4,7.3,0.33299999999999996,3.7,9.7,0.37799999999999995,1.3,1.8,0.7390000000000001,1.4,4.7,6.1,3.1,0.7,0.3,2.4,5.9,15.9,92.0,110.0,2009,Adam Morrison-2009,0.0,Not Selected,Forward,TOT,0.03333333333333333
2008-09,Anthony Morrow,morroan01,SG,23,GSW,67,17,1515,8.2,17.2,0.478,2.8,5.9,0.467,5.5,11.3,0.483,2.6,3.0,0.87,2.5,3.9,6.4,2.6,1.2,0.4,1.7,4.2,21.8,119.0,117.0,2009,Anthony Morrow-2009,0.0,Not Selected,Guard,GSW,0.023577235772357725
2008-09,Troy Murphy,murphtr01,PF,28,IND,73,73,2482,7.3,15.4,0.475,3.2,7.2,0.45,4.1,8.2,0.496,3.0,3.7,0.826,2.9,14.3,17.3,3.4,1.2,0.7,2.3,4.5,20.9,120.0,106.0,2009,Troy Murphy-2009,0.0,Not Selected,Forward,IND,0.02926829268292683
2008-09,Ronald Murray,murraro01,SG,29,ATL,80,2,1975,9.6,21.6,0.447,2.4,6.6,0.36,7.3,15.0,0.485,4.8,6.3,0.76,0.6,4.0,4.6,4.3,2.4,0.5,3.5,4.7,26.4,104.0,109.0,2009,Ronald Murray-2009,0.0,Not Selected,Guard,ATL,0.038211382113821135
2008-09,Dikembe Mutombo,mutomdi01,C,42,HOU,9,2,96,2.8,7.2,0.385,0.0,0.0,0.0,2.8,7.2,0.385,3.3,5.0,0.667,6.7,11.6,18.3,0.0,0.0,6.1,3.3,6.1,8.9,95.0,99.0,2009,Dikembe Mutombo-2009,0.0,Not Selected,Center,HOU,0.043089430894308944
2008-09,Eduardo Nájera,najered01,PF,32,NJN,27,0,319,5.5,12.4,0.446,0.8,4.2,0.2,4.7,8.2,0.5710000000000001,1.3,3.7,0.364,2.8,8.4,11.2,3.2,1.7,0.7,3.0,8.4,13.2,93.0,110.0,2009,Eduardo Nájera-2009,0.0,Not Selected,Forward,BRK,0.027642276422764227
2008-09,Steve Nash,nashst01,PG,34,PHO,74,74,2484,8.6,17.1,0.503,2.2,5.0,0.439,6.4,12.2,0.529,3.9,4.2,0.9329999999999999,0.4,4.1,4.5,14.4,1.1,0.2,5.0,2.2,23.4,119.0,115.0,2009,Steve Nash-2009,0.0,Not Selected,Guard,PHO,0.03739837398373984
2008-09,DeMarcus Nelson,nelsode01,PG,23,GSW,13,5,171,6.9,15.4,0.444,0.0,0.9,0.0,6.9,14.6,0.47100000000000003,1.4,4.0,0.35700000000000004,1.7,5.1,6.9,3.7,2.6,0.6,4.3,6.9,15.2,82.0,113.0,2009,DeMarcus Nelson-2009,0.0,Not Selected,Guard,GSW,0.023577235772357725
2008-09,Jameer Nelson,nelsoja01,PG,26,ORL,42,42,1309,10.6,21.1,0.503,3.3,7.2,0.45299999999999996,7.3,13.9,0.529,3.4,3.9,0.887,0.8,5.0,5.8,9.0,2.0,0.1,3.3,4.9,27.9,121.0,103.0,2009,Jameer Nelson-2009,0.0,Not Selected,Guard,ORL,0.04796747967479675
2008-09,Rasho Nesterović,nestera01,C,32,IND,70,19,1214,9.2,17.9,0.513,0.0,0.0,0.0,9.2,17.9,0.514,1.0,1.3,0.7809999999999999,3.8,6.0,9.8,4.5,1.2,1.6,2.6,7.0,19.4,108.0,109.0,2009,Rasho Nesterović-2009,0.0,Not Selected,Center,IND,0.02926829268292683
2008-09,Demetris Nichols,nichode01,SF,24,TOT,4,0,14,10.8,32.3,0.33299999999999996,0.0,7.2,0.0,10.8,25.2,0.429,3.6,7.2,0.5,0.0,7.2,7.2,3.6,0.0,3.6,0.0,3.6,25.2,82.0,110.0,2009,Demetris Nichols-2009,0.0,Not Selected,Forward,TOT,0.03333333333333333
2008-09,Joakim Noah,noahjo01,C,23,CHI,80,55,1938,5.5,9.9,0.556,0.0,0.0,0.0,5.5,9.9,0.5579999999999999,3.3,4.8,0.6759999999999999,6.5,9.6,16.1,2.8,1.3,2.9,2.2,6.3,14.3,123.0,105.0,2009,Joakim Noah-2009,0.0,Not Selected,Center,CHI,0.03333333333333333
2008-09,Andrés Nocioni,nocioan01,PF-SF,29,TOT,76,18,1991,7.7,18.1,0.42700000000000005,3.2,8.0,0.39899999999999997,4.5,10.1,0.449,3.7,4.7,0.792,1.4,7.9,9.3,2.6,1.0,0.9,2.9,6.7,22.4,106.0,111.0,2009,Andrés Nocioni-2009,0.0,Not Selected,Forward,TOT,0.03333333333333333
2008-09,Steve Novak,novakst01,PF,25,LAC,71,3,1161,7.9,17.8,0.444,5.3,12.8,0.41600000000000004,2.6,4.9,0.518,0.9,1.0,0.9129999999999999,0.9,4.8,5.6,1.8,0.9,0.2,1.0,3.2,22.1,119.0,115.0,2009,Steve Novak-2009,0.0,Not Selected,Forward,LAC,0.015447154471544716
2008-09,Dirk Nowitzki,nowitdi01,PF,30,DAL,81,81,3050,13.3,27.8,0.479,1.0,2.9,0.359,12.3,24.9,0.493,8.3,9.4,0.89,1.5,10.2,11.7,3.4,1.0,1.1,2.7,3.0,36.0,114.0,108.0,2009,Dirk Nowitzki-2009,1.0,1st,Forward,DAL,0.04065040650406504
2008-09,Patrick O'Bryant,obryapa01,C,22,TOT,39,3,255,9.3,17.3,0.536,0.0,0.4,0.0,9.3,16.9,0.5489999999999999,2.3,4.1,0.55,2.7,10.9,13.6,2.3,1.2,3.9,4.5,12.6,20.8,94.0,101.0,2009,Patrick O'Bryant-2009,0.0,Not Selected,Center,TOT,0.03333333333333333
2008-09,Jermaine O'Neal,onealje01,C,30,TOT,68,61,2027,9.5,20.0,0.474,0.0,0.0,0.0,9.5,20.0,0.475,4.5,5.8,0.7879999999999999,3.3,8.0,11.2,3.2,0.8,3.5,3.7,5.5,23.5,100.0,107.0,2009,Jermaine O'Neal-2009,0.0,Not Selected,Center,TOT,0.03333333333333333
2008-09,Shaquille O'Neal,onealsh01,C,36,PHO,75,75,2252,11.4,18.7,0.609,0.0,0.0,0.0,11.4,18.7,0.61,6.9,11.5,0.595,4.2,9.9,14.1,2.8,1.1,2.4,3.7,5.6,29.6,117.0,109.0,2009,Shaquille O'Neal-2009,3.0,3rd,Center,PHO,0.03739837398373984
2008-09,Fabricio Oberto,obertfa01,C,33,SAS,54,11,677,4.9,8.3,0.5870000000000001,0.0,0.1,0.0,4.9,8.3,0.5920000000000001,1.6,2.8,0.5710000000000001,5.2,6.2,11.4,4.7,0.6,0.9,3.0,7.6,11.4,115.0,106.0,2009,Fabricio Oberto-2009,0.0,Not Selected,Center,SAS,0.04390243902439024
2008-09,Greg Oden,odengr01,C,21,POR,61,39,1314,8.3,14.8,0.564,0.0,0.0,0.0,8.3,14.8,0.564,6.1,9.5,0.637,7.1,10.8,17.9,1.3,1.1,2.9,3.7,10.0,22.8,116.0,104.0,2009,Greg Oden-2009,0.0,Not Selected,Center,POR,0.04390243902439024
2008-09,Lamar Odom,odomla01,PF,29,LAL,78,32,2316,7.6,15.5,0.49200000000000005,0.7,2.3,0.32,6.9,13.2,0.522,3.5,5.6,0.623,3.9,10.1,14.0,4.5,1.7,2.2,3.0,5.2,19.5,110.0,102.0,2009,Lamar Odom-2009,0.0,Not Selected,Forward,LAL,0.052845528455284556
2008-09,Emeka Okafor,okafoem01,C,26,CHA,82,81,2691,8.7,15.6,0.561,0.0,0.0,0.0,8.7,15.6,0.561,4.4,7.5,0.593,5.6,11.1,16.7,1.1,1.0,2.7,2.9,5.0,21.9,112.0,103.0,2009,Emeka Okafor-2009,0.0,Not Selected,Center,CHO,0.028455284552845527
2008-09,Mehmet Okur,okurme01,C,29,UTA,72,72,2409,9.2,19.0,0.485,1.9,4.3,0.446,7.3,14.7,0.49700000000000005,5.8,7.1,0.8170000000000001,2.7,9.3,11.9,2.6,1.2,1.1,2.8,4.7,26.2,115.0,107.0,2009,Mehmet Okur-2009,0.0,Not Selected,Center,UTA,0.03902439024390244
2008-09,Kevin Ollie,ollieke01,PG,36,MIN,50,21,850,3.8,9.2,0.40700000000000003,0.0,0.1,0.0,3.8,9.2,0.409,4.9,5.9,0.833,0.8,3.8,4.6,7.2,1.2,0.2,2.1,4.9,12.5,113.0,114.0,2009,Kevin Ollie-2009,0.0,Not Selected,Guard,MIN,0.01951219512195122
2008-09,Travis Outlaw,outlatr01,SF,24,POR,81,6,2246,9.5,21.0,0.45299999999999996,2.2,5.8,0.377,7.3,15.1,0.48200000000000004,4.3,6.0,0.723,1.7,6.4,8.2,2.0,1.2,1.4,2.3,4.1,25.5,111.0,109.0,2009,Travis Outlaw-2009,0.0,Not Selected,Forward,POR,0.04390243902439024
2008-09,Zaza Pachulia,pachuza01,C,24,ATL,77,26,1473,5.8,11.6,0.49700000000000005,0.0,0.1,0.0,5.8,11.5,0.502,5.9,8.4,0.7090000000000001,6.3,9.6,15.9,2.1,1.3,0.9,3.3,7.6,17.5,113.0,106.0,2009,Zaza Pachulia-2009,0.0,Not Selected,Center,ATL,0.038211382113821135
2008-09,Anthony Parker,parkean01,SG,33,TOR,80,71,2637,6.4,14.9,0.426,1.9,4.8,0.39,4.5,10.2,0.442,2.4,2.9,0.8340000000000001,0.9,5.4,6.3,5.3,2.0,0.3,2.3,2.9,17.0,105.0,111.0,2009,Anthony Parker-2009,0.0,Not Selected,Guard,TOR,0.026829268292682926
2008-09,Tony Parker,parketo01,PG,26,SAS,72,71,2456,14.1,27.9,0.506,0.4,1.4,0.292,13.7,26.5,0.518,6.3,8.0,0.782,0.6,4.3,4.9,11.0,1.5,0.1,4.1,2.4,35.0,112.0,107.0,2009,Tony Parker-2009,3.0,3rd,Guard,SAS,0.04390243902439024
2008-09,Chris Paul,paulch01,PG,23,NOH,78,78,3002,11.5,22.9,0.503,1.2,3.2,0.364,10.3,19.6,0.525,8.3,9.5,0.868,1.3,6.6,7.9,15.7,3.9,0.2,4.2,3.9,32.4,124.0,103.0,2009,Chris Paul-2009,2.0,2nd,Guard,NOP,0.03983739837398374
2008-09,Sasha Pavlović,pavloal01,SF,25,CLE,66,12,1053,6.0,14.1,0.42200000000000004,2.5,6.0,0.41,3.5,8.1,0.43,1.3,2.8,0.46299999999999997,1.6,4.9,6.5,3.7,1.1,0.8,2.5,6.3,15.7,102.0,105.0,2009,Sasha Pavlović-2009,0.0,Not Selected,Forward,CLE,0.05365853658536585
2008-09,Oleksiy Pecherov,pecheol01,C,23,WAS,32,0,277,7.4,19.2,0.386,2.7,8.2,0.326,4.8,11.0,0.431,4.6,5.5,0.828,6.7,7.8,14.5,0.4,1.1,0.6,1.9,6.5,22.1,111.0,114.0,2009,Oleksiy Pecherov-2009,0.0,Not Selected,Center,WAS,0.015447154471544716
2008-09,Kendrick Perkins,perkike01,C,24,BOS,76,76,2253,6.5,11.3,0.5770000000000001,0.0,0.0,0.0,6.5,11.2,0.58,2.3,3.8,0.6,4.8,9.8,14.6,2.3,0.5,3.5,3.9,6.0,15.3,105.0,100.0,2009,Kendrick Perkins-2009,0.0,Not Selected,Center,BOS,0.05040650406504065
2008-09,Morris Peterson,petermo01,SG,31,NOH,43,9,515,7.7,19.4,0.39899999999999997,3.5,9.0,0.38799999999999996,4.2,10.4,0.408,1.3,2.0,0.632,1.4,7.5,8.9,1.7,1.6,0.2,1.6,5.4,20.3,100.0,107.0,2009,Morris Peterson-2009,0.0,Not Selected,Guard,NOP,0.03983739837398374
2008-09,Johan Petro,petrojo01,C,23,TOT,49,22,559,6.7,16.1,0.415,0.0,0.2,0.0,6.7,15.9,0.42,1.5,2.7,0.552,3.8,10.6,14.5,1.5,1.7,1.4,2.6,9.8,14.8,90.0,105.0,2009,Johan Petro-2009,0.0,Not Selected,Center,TOT,0.03333333333333333
2008-09,Paul Pierce,piercpa01,SF,31,BOS,81,81,3035,9.4,20.7,0.457,2.1,5.3,0.391,7.4,15.3,0.48,8.0,9.7,0.83,1.0,7.0,8.0,5.1,1.4,0.5,4.0,3.8,29.0,112.0,104.0,2009,Paul Pierce-2009,2.0,2nd,Forward,BOS,0.05040650406504065
2008-09,Mickaël Piétrus,pietrmi01,SG,26,ORL,54,25,1329,6.9,16.7,0.413,3.1,8.7,0.359,3.8,7.9,0.473,3.1,4.3,0.7090000000000001,1.7,5.2,6.9,2.5,1.2,0.9,2.2,4.9,19.9,106.0,104.0,2009,Mickaël Piétrus-2009,0.0,Not Selected,Guard,ORL,0.04796747967479675
2008-09,James Posey,poseyja01,SG,32,NOH,75,0,2140,5.5,13.4,0.41200000000000003,3.0,8.0,0.369,2.6,5.4,0.47600000000000003,3.1,3.7,0.8220000000000001,1.0,8.3,9.2,2.1,1.5,0.5,2.0,5.5,17.1,109.0,107.0,2009,James Posey-2009,0.0,Not Selected,Guard,NOP,0.03983739837398374
2008-09,Leon Powe,powele01,PF,25,BOS,70,7,1227,7.7,14.6,0.524,0.0,0.0,0.0,7.7,14.6,0.524,8.0,11.6,0.6890000000000001,6.3,8.7,14.9,2.0,1.0,1.6,3.3,8.3,23.3,117.0,102.0,2009,Leon Powe-2009,0.0,Not Selected,Forward,BOS,0.05040650406504065
2008-09,Josh Powell,poweljo01,PF,26,LAL,60,1,703,7.7,17.3,0.444,0.0,0.0,0.0,7.7,17.3,0.444,2.8,3.6,0.76,5.1,7.6,12.7,2.0,0.7,1.2,3.7,7.1,18.1,97.0,106.0,2009,Josh Powell-2009,0.0,Not Selected,Forward,LAL,0.052845528455284556
2008-09,Ronnie Price,pricero01,PG,25,UTA,52,17,738,5.4,14.2,0.379,1.3,4.3,0.311,4.1,9.9,0.408,2.4,3.1,0.7559999999999999,0.8,4.0,4.8,7.5,2.7,0.3,4.3,5.2,14.5,91.0,108.0,2009,Ronnie Price-2009,0.0,Not Selected,Guard,UTA,0.03902439024390244
2008-09,Tayshaun Prince,princta01,SF,28,DET,82,82,3057,8.3,18.5,0.45,1.0,2.6,0.397,7.3,15.9,0.45799999999999996,3.4,4.4,0.778,2.3,6.3,8.6,4.6,0.8,0.9,1.8,1.9,21.1,110.0,110.0,2009,Tayshaun Prince-2009,0.0,Not Selected,Forward,DET,0.03170731707317073
2008-09,Gabe Pruitt,pruitga01,SG,22,BOS,47,0,366,4.5,14.7,0.307,2.0,7.0,0.292,2.5,7.7,0.321,2.5,3.0,0.81,1.3,4.9,6.2,5.7,2.2,0.4,2.8,4.9,13.5,93.0,103.0,2009,Gabe Pruitt-2009,0.0,Not Selected,Guard,BOS,0.05040650406504065
2008-09,Joel Przybilla,przybjo01,C,29,POR,82,43,1952,4.8,7.6,0.625,0.0,0.0,0.0,4.8,7.6,0.627,3.2,4.8,0.6629999999999999,5.8,14.6,20.3,0.8,1.0,2.8,2.2,6.1,12.7,124.0,102.0,2009,Joel Przybilla-2009,0.0,Not Selected,Center,POR,0.04390243902439024
2008-09,Chris Quinn,quinnch01,PG,25,MIA,66,0,962,6.5,16.0,0.408,3.1,7.6,0.409,3.4,8.4,0.408,2.6,3.2,0.81,0.4,3.7,4.2,7.3,1.3,0.1,1.8,4.4,18.8,114.0,112.0,2009,Chris Quinn-2009,0.0,Not Selected,Guard,MIA,0.034959349593495934
2008-09,Vladimir Radmanović,radmavl01,SF,28,TOT,78,31,1445,7.1,16.9,0.42100000000000004,3.8,9.5,0.401,3.3,7.4,0.446,1.6,2.1,0.741,1.6,6.4,8.1,2.9,1.7,0.5,3.6,4.0,19.6,100.0,106.0,2009,Vladimir Radmanović-2009,0.0,Not Selected,Forward,TOT,0.03333333333333333
2008-09,Anthony Randolph,randoan01,PF,19,GSW,63,22,1129,8.6,18.7,0.462,0.0,0.2,0.0,8.6,18.5,0.466,4.4,6.1,0.716,5.5,10.2,15.7,2.1,1.8,3.2,3.5,6.1,21.6,102.0,108.0,2009,Anthony Randolph-2009,0.0,Not Selected,Forward,GSW,0.023577235772357725
2008-09,Shavlik Randolph,randosh01,PF,25,POR,10,0,37,12.0,19.5,0.615,1.5,1.5,1.0,10.5,18.0,0.583,1.5,6.0,0.25,15.0,12.0,27.0,0.0,0.0,1.5,9.0,6.0,27.0,98.0,107.0,2009,Shavlik Randolph-2009,0.0,Not Selected,Forward,POR,0.04390243902439024
2008-09,Zach Randolph,randoza01,PF-C,27,TOT,50,45,1757,12.2,25.6,0.475,0.9,2.8,0.33,11.2,22.8,0.494,5.3,7.2,0.7340000000000001,4.6,10.2,14.8,3.0,1.3,0.5,3.3,3.9,30.5,105.0,110.0,2009,Zach Randolph-2009,0.0,Not Selected,Forward,TOT,0.03333333333333333
2008-09,Theo Ratliff,ratlith01,C,35,PHI,46,0,579,3.1,5.9,0.531,0.0,0.0,0.0,3.1,5.9,0.531,1.9,3.2,0.6,4.2,7.6,11.8,0.8,1.6,4.3,1.3,7.1,8.2,117.0,104.0,2009,Theo Ratliff-2009,0.0,Not Selected,Center,PHI,0.03333333333333333
2008-09,Michael Redd,reddmi01,SG,29,MIL,33,32,1203,10.7,23.6,0.455,3.0,8.2,0.366,7.7,15.3,0.503,5.6,6.9,0.8140000000000001,1.0,3.6,4.6,3.8,1.5,0.1,2.3,1.9,30.1,114.0,111.0,2009,Michael Redd-2009,0.0,Not Selected,Guard,MIL,0.027642276422764227
2008-09,J.J. Redick,redicjj01,SG,24,ORL,64,5,1111,5.5,14.0,0.391,3.1,8.4,0.374,2.3,5.6,0.41700000000000004,3.8,4.4,0.871,0.4,4.7,5.1,3.4,1.0,0.0,2.5,3.4,17.9,107.0,106.0,2009,J.J. Redick-2009,0.0,Not Selected,Guard,ORL,0.04796747967479675
2008-09,Jason Richardson,richaja01,SG,28,TOT,72,71,2410,9.8,20.5,0.47700000000000004,2.7,6.9,0.397,7.1,13.7,0.518,3.2,4.2,0.769,1.6,5.1,6.7,3.1,1.6,0.6,2.0,3.1,25.6,115.0,112.0,2009,Jason Richardson-2009,0.0,Not Selected,Guard,TOT,0.03333333333333333
2008-09,Jeremy Richardson,richaje01,SF,24,ORL,12,0,93,7.8,27.4,0.28600000000000003,3.4,9.5,0.353,4.5,17.9,0.25,1.7,3.4,0.5,0.6,7.3,7.8,1.7,0.0,0.0,1.7,3.4,20.7,76.0,107.0,2009,Jeremy Richardson-2009,0.0,Not Selected,Forward,ORL,0.04796747967479675
2008-09,Quentin Richardson,richaqu01,SG,28,NYK,72,51,1894,6.9,17.5,0.39299999999999996,3.1,8.6,0.365,3.7,8.9,0.42,2.3,3.1,0.7609999999999999,1.9,6.5,8.4,3.1,1.2,0.2,1.9,3.5,19.2,105.0,112.0,2009,Quentin Richardson-2009,0.0,Not Selected,Guard,NYK,0.026016260162601626
2008-09,Luke Ridnour,ridnolu01,PG,27,MIL,72,50,2033,6.4,15.8,0.40299999999999997,1.4,4.0,0.35,5.0,11.8,0.42,3.4,3.9,0.8690000000000001,0.8,4.7,5.6,9.3,2.3,0.4,3.3,5.1,17.5,105.0,108.0,2009,Luke Ridnour-2009,0.0,Not Selected,Guard,MIL,0.027642276422764227
2008-09,Anthony Roberson,roberan02,PG,25,TOT,29,0,276,7.9,21.7,0.36700000000000005,4.7,14.6,0.321,3.2,7.0,0.462,0.9,0.9,1.0,1.1,2.9,4.0,3.6,1.8,0.2,1.4,3.2,21.5,103.0,113.0,2009,Anthony Roberson-2009,0.0,Not Selected,Guard,TOT,0.03333333333333333
2008-09,Nate Robinson,robinna01,PG,24,NYK,74,11,2209,10.1,23.1,0.43700000000000006,2.8,8.7,0.325,7.3,14.4,0.504,5.6,6.7,0.841,2.2,4.3,6.5,6.8,2.1,0.1,3.1,4.6,28.6,113.0,111.0,2009,Nate Robinson-2009,0.0,Not Selected,Guard,NYK,0.026016260162601626
2008-09,Sergio Rodríguez,rodrise01,PG,22,POR,80,13,1225,5.8,14.9,0.392,1.7,5.2,0.325,4.2,9.7,0.428,2.8,3.5,0.792,1.9,3.9,5.9,12.9,2.4,0.1,5.4,6.0,16.1,103.0,109.0,2009,Sergio Rodríguez-2009,0.0,Not Selected,Guard,POR,0.04390243902439024
2008-09,Rajon Rondo,rondora01,PG,22,BOS,80,80,2642,7.7,15.3,0.505,0.3,1.0,0.313,7.4,14.3,0.518,3.5,5.4,0.642,2.0,6.4,8.4,13.2,3.0,0.2,4.2,3.9,19.2,114.0,101.0,2009,Rajon Rondo-2009,0.0,Not Selected,Guard,BOS,0.05040650406504065
2008-09,Derrick Rose,rosede01,PG,20,CHI,81,80,3000,9.9,20.8,0.475,0.3,1.2,0.222,9.6,19.5,0.491,3.4,4.3,0.7879999999999999,1.7,3.8,5.4,8.8,1.1,0.3,3.5,2.1,23.4,108.0,113.0,2009,Derrick Rose-2009,0.0,Not Selected,Guard,CHI,0.03333333333333333
2008-09,Malik Rose,rosema01,PF,34,TOT,38,0,470,4.9,14.1,0.344,0.0,0.8,0.0,4.9,13.4,0.363,4.3,5.5,0.784,1.8,8.5,10.4,3.9,1.1,0.3,3.9,7.8,14.0,84.0,110.0,2009,Malik Rose-2009,0.0,Not Selected,Forward,TOT,0.03333333333333333
2008-09,Quinton Ross,rossqu01,SF,27,MEM,68,7,1164,4.5,11.8,0.382,1.5,4.0,0.375,3.0,7.8,0.386,1.6,1.9,0.81,1.3,4.4,5.8,2.1,1.5,0.6,1.6,5.2,12.1,98.0,112.0,2009,Quinton Ross-2009,0.0,Not Selected,Forward,MEM,0.01951219512195122
2008-09,Brandon Roy,roybr01,SG,24,POR,78,78,2903,12.1,25.2,0.48,1.6,4.2,0.377,10.5,21.0,0.501,7.9,9.6,0.8240000000000001,2.0,5.1,7.1,7.6,1.7,0.4,2.9,2.4,33.7,123.0,109.0,2009,Brandon Roy-2009,2.0,2nd,Guard,POR,0.04390243902439024
2008-09,Michael Ruffin,ruffimi01,PF,32,POR,11,0,35,3.2,11.1,0.28600000000000003,0.0,0.0,0.0,3.2,11.1,0.28600000000000003,3.2,3.2,1.0,9.5,7.9,17.4,0.0,4.7,1.6,3.2,11.1,9.5,95.0,99.0,2009,Michael Ruffin-2009,0.0,Not Selected,Forward,POR,0.04390243902439024
2008-09,Brandon Rush,rushbr01,SG,23,IND,75,19,1803,6.7,15.9,0.423,2.2,5.8,0.373,4.6,10.1,0.451,1.3,1.8,0.6970000000000001,0.9,5.5,6.4,1.8,1.0,1.0,2.1,3.5,16.8,97.0,111.0,2009,Brandon Rush-2009,0.0,Not Selected,Guard,IND,0.02926829268292683
2008-09,Kareem Rush,rushka01,SG,28,PHI,25,1,199,5.4,15.6,0.345,2.7,8.8,0.303,2.7,6.7,0.4,1.1,1.1,1.0,0.0,4.0,4.0,4.0,1.3,0.3,2.7,2.7,14.5,92.0,111.0,2009,Kareem Rush-2009,0.0,Not Selected,Guard,PHI,0.03333333333333333
2008-09,John Salmons,salmojo01,SF,29,TOT,79,74,2959,8.9,18.9,0.47200000000000003,2.2,5.2,0.41700000000000004,6.7,13.7,0.493,5.0,6.0,0.83,1.0,4.7,5.8,4.3,1.4,0.4,2.9,3.1,25.0,113.0,115.0,2009,John Salmons-2009,0.0,Not Selected,Forward,TOT,0.03333333333333333
2008-09,Cheikh Samb,sambch01,C,24,TOT,18,0,83,3.7,19.9,0.188,0.0,1.9,0.0,3.7,18.0,0.207,1.9,4.3,0.429,6.2,8.7,14.9,0.6,1.9,6.2,1.9,4.3,9.3,61.0,103.0,2009,Cheikh Samb-2009,0.0,Not Selected,Center,TOT,0.03333333333333333
2008-09,Brian Scalabrine,scalabr01,C,30,BOS,39,8,504,5.1,12.0,0.42100000000000004,2.5,6.4,0.39299999999999996,2.5,5.6,0.45299999999999996,1.7,1.9,0.889,0.7,4.5,5.3,1.9,0.7,1.1,1.3,7.7,14.3,112.0,106.0,2009,Brian Scalabrine-2009,0.0,Not Selected,Center,BOS,0.05040650406504065
2008-09,Luis Scola,scolalu01,PF,28,HOU,82,82,2488,9.1,17.1,0.531,0.0,0.1,0.0,9.1,17.0,0.5329999999999999,4.2,5.5,0.76,4.3,11.1,15.4,2.6,1.5,0.2,2.6,5.6,22.3,114.0,102.0,2009,Luis Scola-2009,0.0,Not Selected,Forward,HOU,0.043089430894308944
2008-09,Thabo Sefolosha,sefolth01,SF-SG,24,TOT,66,36,1453,5.4,12.6,0.426,0.8,3.1,0.276,4.5,9.6,0.474,2.2,2.6,0.836,1.9,6.7,8.6,3.9,2.7,1.6,2.3,3.7,13.8,103.0,106.0,2009,Thabo Sefolosha-2009,0.0,Not Selected,Forward,TOT,0.03333333333333333
2008-09,Mouhamed Sene,senesa01,C,22,TOT,6,0,29,10.5,15.8,0.667,0.0,0.0,0.0,10.5,15.8,0.667,14.0,17.6,0.8,8.8,15.8,24.6,0.0,1.8,5.3,7.0,3.5,35.1,122.0,99.0,2009,Mouhamed Sene-2009,0.0,Not Selected,Center,TOT,0.03333333333333333
2008-09,Ramon Sessions,sessira01,PG,22,MIL,79,39,2173,8.2,18.5,0.445,0.1,0.8,0.17600000000000002,8.1,17.7,0.457,6.7,8.4,0.794,1.5,4.9,6.4,10.8,2.0,0.2,3.6,3.8,23.3,111.0,109.0,2009,Ramon Sessions-2009,0.0,Not Selected,Guard,MIL,0.027642276422764227
2008-09,Walter Sharpe,sharpwa01,PF,22,DET,8,0,20,11.1,30.4,0.364,0.0,5.5,0.0,11.1,24.9,0.444,0.0,5.5,0.0,0.0,8.3,8.3,0.0,0.0,5.5,0.0,8.3,22.1,71.0,105.0,2009,Walter Sharpe-2009,0.0,Not Selected,Forward,DET,0.03170731707317073
2008-09,Bobby Simmons,simmobo01,SF,28,NJN,71,44,1729,6.1,13.6,0.449,3.6,8.1,0.447,2.5,5.5,0.45299999999999996,1.3,1.8,0.741,2.2,6.3,8.6,2.8,1.5,0.3,1.9,5.7,17.2,116.0,112.0,2009,Bobby Simmons-2009,0.0,Not Selected,Forward,BRK,0.027642276422764227
2008-09,Cedric Simmons,simmoce01,PF,23,TOT,18,0,84,6.7,15.3,0.44,0.0,0.0,0.0,6.7,15.3,0.44,4.3,9.8,0.43799999999999994,3.1,6.7,9.8,1.2,0.6,2.4,1.2,4.9,17.7,97.0,111.0,2009,Cedric Simmons-2009,0.0,Not Selected,Forward,TOT,0.03333333333333333
2008-09,Courtney Sims,simsco01,C,25,TOT,2,0,13,11.5,22.9,0.5,0.0,0.0,0.0,11.5,22.9,0.5,0.0,0.0,0.0,7.6,7.6,15.3,0.0,0.0,0.0,3.8,3.8,22.9,95.0,114.0,2009,Courtney Sims-2009,0.0,Not Selected,Center,TOT,0.03333333333333333
2008-09,Sean Singletary,singlse01,PG,23,TOT,37,2,303,5.4,14.7,0.365,1.7,4.3,0.4,3.6,10.4,0.35,3.1,3.6,0.857,1.7,4.3,6.1,5.0,1.9,0.0,4.0,7.8,15.6,93.0,110.0,2009,Sean Singletary-2009,0.0,Not Selected,Guard,TOT,0.03333333333333333
2008-09,James Singleton,singlja01,PF,27,DAL,62,6,884,6.9,13.1,0.529,0.8,2.4,0.325,6.2,10.7,0.575,4.0,4.6,0.8590000000000001,5.3,9.6,14.8,1.0,1.5,1.7,2.1,6.5,18.6,122.0,106.0,2009,James Singleton-2009,0.0,Not Selected,Forward,DAL,0.04065040650406504
2008-09,Brian Skinner,skinnbr01,PF,32,LAC,51,21,843,5.7,12.7,0.449,0.0,0.1,0.0,5.7,12.6,0.45299999999999996,1.9,2.9,0.638,4.5,8.1,12.6,1.7,1.1,3.2,2.7,5.8,13.2,95.0,110.0,2009,Brian Skinner-2009,0.0,Not Selected,Forward,LAC,0.015447154471544716
2008-09,Craig Smith,smithcr01,PF,25,MIN,74,31,1460,10.4,18.5,0.562,0.0,0.0,0.0,10.4,18.4,0.563,6.0,8.9,0.677,3.5,6.7,10.2,2.8,1.1,0.7,3.8,6.6,26.8,112.0,112.0,2009,Craig Smith-2009,0.0,Not Selected,Forward,MIN,0.01951219512195122
2008-09,J.R. Smith,smithjr01,SG,23,DEN,81,18,2245,9.6,21.5,0.446,4.1,10.3,0.397,5.5,11.3,0.491,4.6,6.2,0.754,1.0,5.8,6.7,5.1,1.8,0.3,3.4,4.3,28.0,111.0,109.0,2009,J.R. Smith-2009,0.0,Not Selected,Guard,DEN,0.04390243902439024
2008-09,Joe Smith,smithjo02,C,33,TOT,57,3,1102,7.4,15.8,0.46799999999999997,0.1,0.3,0.429,7.3,15.5,0.469,2.8,3.9,0.72,4.2,8.3,12.5,1.9,0.8,1.9,1.2,5.8,17.7,112.0,107.0,2009,Joe Smith-2009,0.0,Not Selected,Center,TOT,0.03333333333333333
2008-09,Josh Smith,smithjo03,PF,23,ATL,69,69,2421,9.2,18.8,0.49200000000000005,0.6,1.9,0.299,8.7,16.9,0.514,4.7,7.9,0.588,3.0,8.1,11.0,3.7,2.1,2.5,3.6,4.1,23.7,103.0,104.0,2009,Josh Smith-2009,0.0,Not Selected,Forward,ATL,0.038211382113821135
2008-09,Will Solomon,solomwi01,PG,30,TOT,53,9,712,7.7,17.9,0.429,2.0,6.3,0.326,5.6,11.6,0.484,1.8,2.5,0.735,0.9,3.8,4.7,9.7,2.0,0.3,3.9,5.2,19.2,101.0,112.0,2009,Will Solomon-2009,0.0,Not Selected,Guard,TOT,0.03333333333333333
2008-09,Darius Songaila,songada01,C,30,WAS,77,29,1521,8.4,15.9,0.532,0.0,0.0,0.0,8.4,15.8,0.5329999999999999,2.8,3.1,0.889,2.6,5.3,7.9,3.3,2.2,0.7,2.6,6.9,19.6,111.0,113.0,2009,Darius Songaila-2009,0.0,Not Selected,Center,WAS,0.015447154471544716
2008-09,Marreese Speights,speigma01,C,21,PHI,79,2,1263,10.6,21.2,0.502,0.1,0.3,0.25,10.6,20.9,0.506,4.3,5.6,0.773,5.2,7.2,12.4,1.3,1.1,2.4,1.9,7.6,25.7,115.0,107.0,2009,Marreese Speights-2009,0.0,Not Selected,Center,PHI,0.03333333333333333
2008-09,Jerry Stackhouse,stackje01,SG,34,DAL,10,1,162,5.2,19.4,0.267,1.0,6.2,0.158,4.2,13.3,0.317,2.3,2.3,1.0,1.6,3.9,5.5,3.9,1.3,0.3,2.9,1.9,13.6,75.0,112.0,2009,Jerry Stackhouse-2009,0.0,Not Selected,Guard,DAL,0.04065040650406504
2008-09,DeShawn Stevenson,stevede01,SG,27,WAS,32,25,886,4.3,13.8,0.312,2.1,7.7,0.271,2.2,6.1,0.363,1.9,3.6,0.5329999999999999,0.7,3.9,4.5,5.8,1.3,0.1,1.9,2.6,12.6,93.0,117.0,2009,DeShawn Stevenson-2009,0.0,Not Selected,Guard,WAS,0.015447154471544716
2008-09,Peja Stojaković,stojape01,SF,31,NOH,61,59,2089,7.5,18.8,0.39899999999999997,3.8,10.0,0.37799999999999995,3.7,8.8,0.424,2.4,2.7,0.894,1.2,5.8,6.9,2.0,1.4,0.1,1.3,2.6,21.2,108.0,109.0,2009,Peja Stojaković-2009,0.0,Not Selected,Forward,NOP,0.03983739837398374
2008-09,Amar'e Stoudemire,stoudam01,PF,26,PHO,53,53,1948,10.4,19.2,0.539,0.1,0.2,0.429,10.3,19.1,0.54,8.3,9.9,0.835,3.0,8.1,11.0,2.7,1.3,1.5,3.9,4.2,29.1,117.0,111.0,2009,Amar'e Stoudemire-2009,0.0,Not Selected,Forward,PHO,0.03739837398373984
2008-09,Rodney Stuckey,stuckro01,PG,22,DET,79,65,2517,8.8,20.1,0.439,0.5,1.7,0.295,8.3,18.4,0.45299999999999996,5.1,6.4,0.8029999999999999,1.5,4.5,6.0,8.5,1.7,0.2,3.8,4.8,23.3,104.0,110.0,2009,Rodney Stuckey-2009,0.0,Not Selected,Guard,DET,0.03170731707317073
2008-09,Robert Swift,swiftro01,C,23,OKC,26,10,343,5.5,10.6,0.521,0.0,0.0,0.0,5.5,10.6,0.521,1.8,2.4,0.75,3.1,10.2,13.3,1.3,0.7,2.5,1.2,7.5,12.9,115.0,107.0,2009,Robert Swift-2009,0.0,Not Selected,Center,OKC,0.01869918699186992
2008-09,Stromile Swift,swiftst01,PF,29,TOT,19,0,185,6.6,15.5,0.429,0.3,0.3,1.0,6.4,15.2,0.418,3.6,7.2,0.5,4.4,8.3,12.7,0.8,1.1,2.2,4.4,11.1,17.1,87.0,110.0,2009,Stromile Swift-2009,0.0,Not Selected,Forward,TOT,0.03333333333333333
2008-09,Wally Szczerbiak,szczewa02,SF,31,CLE,74,5,1527,6.3,14.1,0.45,2.4,6.0,0.41100000000000003,3.9,8.1,0.478,3.2,3.8,0.8490000000000001,1.5,6.7,8.2,2.9,1.0,0.4,1.9,4.6,18.3,116.0,105.0,2009,Wally Szczerbiak-2009,0.0,Not Selected,Forward,CLE,0.05365853658536585
2008-09,Mike Taylor,taylomi01,PG,23,LAC,51,5,771,7.4,18.1,0.41200000000000003,0.9,2.7,0.325,6.6,15.3,0.42700000000000005,3.8,5.5,0.691,1.5,4.4,5.9,7.2,2.4,0.0,4.9,5.7,19.5,91.0,112.0,2009,Mike Taylor-2009,0.0,Not Selected,Guard,LAC,0.015447154471544716
2008-09,Sebastian Telfair,telfase01,PG,23,MIN,75,43,2095,6.7,17.4,0.38299999999999995,1.8,5.3,0.34600000000000003,4.9,12.2,0.39899999999999997,3.3,4.0,0.8190000000000001,0.8,2.4,3.2,8.6,1.8,0.3,3.7,4.6,18.5,100.0,114.0,2009,Sebastian Telfair-2009,0.0,Not Selected,Guard,MIN,0.01951219512195122
2008-09,Jason Terry,terryja01,SG,31,DAL,74,11,2491,11.4,24.6,0.46299999999999997,3.5,9.6,0.366,7.9,15.0,0.525,4.2,4.7,0.88,0.8,2.9,3.7,5.3,2.0,0.4,2.5,3.0,30.5,115.0,111.0,2009,Jason Terry-2009,0.0,Not Selected,Guard,DAL,0.04065040650406504
2008-09,Etan Thomas,thomaet01,C,30,WAS,26,7,306,5.5,11.4,0.485,0.0,0.0,0.0,5.5,11.4,0.485,2.8,4.0,0.696,4.3,7.1,11.4,1.0,0.5,3.1,3.1,6.0,13.8,99.0,113.0,2009,Etan Thomas-2009,0.0,Not Selected,Center,WAS,0.015447154471544716
2008-09,Kenny Thomas,thomake01,PF,31,SAC,8,0,62,2.5,6.6,0.375,0.0,0.0,0.0,2.5,6.6,0.375,0.0,0.0,0.0,3.3,9.0,12.3,0.8,4.9,0.8,0.8,7.4,4.9,94.0,105.0,2009,Kenny Thomas-2009,0.0,Not Selected,Forward,SAC,0.013821138211382113
2008-09,Kurt Thomas,thomaku01,PF,36,SAS,79,10,1404,5.9,11.8,0.503,0.0,0.1,0.0,5.9,11.7,0.507,1.4,1.7,0.8220000000000001,5.2,10.5,15.7,2.6,1.3,2.2,1.6,6.6,13.3,115.0,101.0,2009,Kurt Thomas-2009,0.0,Not Selected,Forward,SAS,0.04390243902439024
2008-09,Tim Thomas,thomati01,PF,31,TOT,64,6,1247,7.6,17.7,0.43200000000000005,3.2,7.6,0.413,4.5,10.1,0.446,3.6,4.9,0.736,1.7,6.4,8.1,2.8,1.3,0.4,2.8,5.8,22.1,106.0,111.0,2009,Tim Thomas-2009,0.0,Not Selected,Forward,TOT,0.03333333333333333
2008-09,Tyrus Thomas,thomaty01,PF,22,CHI,79,61,2175,7.3,16.2,0.451,0.1,0.2,0.33299999999999996,7.2,16.0,0.45299999999999996,5.6,7.2,0.7829999999999999,3.5,8.5,12.0,1.8,2.2,3.6,3.1,5.2,20.3,104.0,104.0,2009,Tyrus Thomas-2009,0.0,Not Selected,Forward,CHI,0.03333333333333333
2008-09,Jason Thompson,thompja02,PF,22,SAC,82,56,2303,7.9,15.9,0.49700000000000005,0.0,0.2,0.0,7.9,15.7,0.502,4.4,6.3,0.6920000000000001,5.2,8.2,13.4,2.1,1.0,1.3,3.2,6.9,20.1,106.0,114.0,2009,Jason Thompson-2009,0.0,Not Selected,Forward,SAC,0.013821138211382113
2008-09,Al Thornton,thornal01,SF,25,LAC,71,67,2654,9.2,20.6,0.446,0.4,1.6,0.253,8.8,19.1,0.462,4.6,6.1,0.754,2.4,4.8,7.2,2.0,1.2,1.2,2.6,4.5,23.5,100.0,114.0,2009,Al Thornton-2009,0.0,Not Selected,Forward,LAC,0.015447154471544716
2008-09,Anthony Tolliver,tollian01,PF,23,SAS,19,0,208,5.0,17.0,0.292,2.3,10.7,0.22,2.6,6.3,0.41700000000000004,1.3,2.6,0.5,3.1,7.6,10.7,4.4,1.3,0.3,1.8,4.2,13.6,89.0,105.0,2009,Anthony Tolliver-2009,0.0,Not Selected,Forward,SAS,0.04390243902439024
2008-09,Alando Tucker,tuckeal02,SG,24,PHO,30,1,282,9.2,21.5,0.43,1.4,4.1,0.348,7.8,17.4,0.449,4.6,5.9,0.7879999999999999,3.4,2.1,5.5,2.1,0.9,0.2,2.5,2.5,24.5,106.0,117.0,2009,Alando Tucker-2009,0.0,Not Selected,Guard,PHO,0.03739837398373984
2008-09,Ronny Turiaf,turiaro01,C,26,GSW,79,26,1696,5.4,10.6,0.508,0.0,0.1,0.0,5.4,10.5,0.512,2.8,3.6,0.79,2.5,7.8,10.4,4.8,1.0,4.8,2.0,7.0,13.5,116.0,110.0,2009,Ronny Turiaf-2009,0.0,Not Selected,Center,GSW,0.023577235772357725
2008-09,Hedo Türkoğlu,turkohe01,SF,29,ORL,77,77,2815,7.8,18.9,0.413,2.5,6.9,0.35600000000000004,5.3,12.0,0.445,5.8,7.2,0.807,0.8,6.7,7.6,6.9,1.2,0.4,3.8,4.0,23.9,107.0,104.0,2009,Hedo Türkoğlu-2009,0.0,Not Selected,Forward,ORL,0.04796747967479675
2008-09,Ime Udoka,udokaim01,SF,31,SAS,67,3,1035,5.8,15.1,0.38299999999999995,2.2,6.6,0.32799999999999996,3.6,8.5,0.426,1.5,2.4,0.609,1.5,8.3,9.8,2.8,1.9,0.6,2.0,4.5,15.2,95.0,103.0,2009,Ime Udoka-2009,0.0,Not Selected,Forward,SAS,0.04390243902439024
2008-09,Beno Udrih,udrihbe01,PG,26,SAC,73,72,2270,7.2,15.6,0.461,0.8,2.5,0.31,6.4,13.1,0.491,2.8,3.4,0.82,1.0,3.9,4.9,7.7,1.8,0.3,3.5,4.3,18.0,104.0,116.0,2009,Beno Udrih-2009,0.0,Not Selected,Guard,SAC,0.013821138211382113
2008-09,Roko Ukić,ukicro01,PG,24,TOR,72,0,890,7.2,19.0,0.38,0.6,3.6,0.177,6.6,15.4,0.42700000000000005,2.6,3.5,0.733,1.6,2.8,4.4,9.0,1.8,0.1,3.5,4.5,17.6,93.0,113.0,2009,Roko Ukić-2009,0.0,Not Selected,Guard,TOR,0.026829268292682926
2008-09,Anderson Varejão,varejan01,PF,26,CLE,81,42,2306,6.3,11.8,0.536,0.0,0.0,0.0,6.3,11.8,0.5379999999999999,3.6,5.9,0.616,3.9,9.7,13.6,1.9,1.8,1.5,1.9,5.6,16.3,116.0,100.0,2009,Anderson Varejão-2009,0.0,Not Selected,Forward,CLE,0.05365853658536585
2008-09,Jacque Vaughn,vaughja01,PG,33,SAS,30,0,292,4.5,13.9,0.32,0.2,0.2,1.0,4.3,13.8,0.311,3.0,3.3,0.889,0.7,3.3,4.1,10.2,1.1,0.0,2.8,4.8,12.1,93.0,108.0,2009,Jacque Vaughn-2009,0.0,Not Selected,Guard,SAS,0.04390243902439024
2008-09,Charlie Villanueva,villach01,PF,24,MIL,78,47,2095,12.1,27.0,0.447,2.2,6.4,0.345,9.9,20.6,0.479,5.0,5.9,0.838,3.8,9.1,12.9,3.4,1.2,1.4,3.4,6.3,31.3,106.0,106.0,2009,Charlie Villanueva-2009,0.0,Not Selected,Forward,MIL,0.027642276422764227
2008-09,Jake Voskuhl,voskuja01,C,31,TOR,38,1,240,2.6,9.8,0.267,0.0,0.0,0.0,2.6,9.8,0.267,2.4,3.0,0.7859999999999999,4.6,8.3,12.8,1.7,0.7,0.9,3.7,13.0,7.6,75.0,111.0,2009,Jake Voskuhl-2009,0.0,Not Selected,Center,TOR,0.026829268292682926
2008-09,Sasha Vujačić,vujacsa01,SG,24,LAL,80,0,1293,6.1,15.8,0.387,3.2,8.8,0.363,2.9,7.0,0.41600000000000004,2.8,3.0,0.9209999999999999,0.7,4.6,5.3,4.4,3.0,0.3,1.4,6.1,18.1,115.0,104.0,2009,Sasha Vujačić-2009,0.0,Not Selected,Guard,LAL,0.052845528455284556
2008-09,Dwyane Wade,wadedw01,SG,27,MIA,79,79,3048,15.0,30.5,0.491,1.5,4.9,0.317,13.4,25.6,0.524,10.3,13.5,0.765,1.6,5.4,7.0,10.3,3.0,1.9,4.8,3.1,41.8,115.0,105.0,2009,Dwyane Wade-2009,1.0,1st,Guard,MIA,0.034959349593495934
2008-09,Von Wafer,wafervo01,SG,23,HOU,63,11,1225,9.9,22.2,0.447,2.8,7.1,0.39,7.2,15.1,0.474,3.8,5.1,0.752,0.8,4.1,4.9,3.1,1.7,0.3,2.6,3.1,26.5,106.0,106.0,2009,Von Wafer-2009,0.0,Not Selected,Guard,HOU,0.043089430894308944
2008-09,Henry Walker,walkebi01,SF,21,BOS,29,0,216,8.9,14.3,0.621,0.0,0.2,0.0,8.9,14.0,0.632,3.9,5.7,0.696,2.0,5.2,7.1,3.2,1.5,0.5,4.4,12.5,21.6,108.0,104.0,2009,Henry Walker-2009,0.0,Not Selected,Forward,BOS,0.05040650406504065
2008-09,Ben Wallace,wallabe01,PF,34,CLE,56,53,1314,2.8,6.4,0.445,0.0,0.0,0.0,2.8,6.4,0.445,1.1,2.6,0.42200000000000004,5.6,9.3,14.9,1.8,2.0,3.1,1.4,3.4,6.8,111.0,98.0,2009,Ben Wallace-2009,0.0,Not Selected,Forward,CLE,0.05365853658536585
2008-09,Gerald Wallace,wallage01,SF,26,CHA,71,71,2669,7.9,16.5,0.48,0.8,2.7,0.298,7.1,13.8,0.515,7.4,9.2,0.804,2.3,9.0,11.3,3.8,2.5,1.4,3.0,4.3,24.1,115.0,102.0,2009,Gerald Wallace-2009,0.0,Not Selected,Forward,CHO,0.028455284552845527
2008-09,Rasheed Wallace,wallara01,C,34,DET,66,63,2123,7.9,18.8,0.419,2.9,8.3,0.354,4.9,10.5,0.47100000000000003,2.0,2.6,0.772,1.5,11.3,12.8,2.4,1.6,2.2,1.5,5.1,20.7,107.0,103.0,2009,Rasheed Wallace-2009,0.0,Not Selected,Center,DET,0.03170731707317073
2008-09,Luke Walton,waltolu01,SF,28,LAL,65,34,1166,5.8,13.4,0.436,0.7,2.5,0.298,5.1,10.9,0.46799999999999997,1.8,2.5,0.7190000000000001,2.4,5.5,7.9,7.7,1.4,0.4,3.0,4.6,14.2,106.0,107.0,2009,Luke Walton-2009,0.0,Not Selected,Forward,LAL,0.052845528455284556
2008-09,Hakim Warrick,warriha01,PF,26,MEM,82,7,2029,8.9,18.2,0.491,0.1,0.6,0.217,8.8,17.6,0.5,7.0,9.8,0.711,3.4,7.3,10.7,1.7,1.3,1.0,2.6,4.5,25.0,111.0,110.0,2009,Hakim Warrick-2009,0.0,Not Selected,Forward,MEM,0.01951219512195122
2008-09,C.J. Watson,watsocj01,PG,24,GSW,77,18,1883,6.7,14.6,0.457,1.2,3.1,0.4,5.4,11.5,0.473,4.4,5.0,0.87,1.0,4.0,5.0,5.3,2.5,0.1,2.4,3.6,19.0,114.0,114.0,2009,C.J. Watson-2009,0.0,Not Selected,Guard,GSW,0.023577235772357725
2008-09,Earl Watson,watsoea01,PG,29,OKC,68,18,1776,5.0,13.1,0.384,0.6,2.5,0.235,4.4,10.6,0.418,2.3,3.1,0.755,1.0,4.2,5.3,11.3,1.4,0.3,4.5,4.0,12.9,93.0,112.0,2009,Earl Watson-2009,0.0,Not Selected,Guard,OKC,0.01869918699186992
2008-09,Kyle Weaver,weaveky01,SG,22,OKC,56,19,1166,5.0,10.8,0.45899999999999996,1.4,4.1,0.344,3.6,6.7,0.529,1.8,2.6,0.7070000000000001,1.4,4.4,5.7,4.4,2.1,1.1,3.0,3.6,13.1,101.0,110.0,2009,Kyle Weaver-2009,0.0,Not Selected,Guard,OKC,0.01869918699186992
2008-09,Martell Webster,webstma02,SF,22,POR,1,0,5,0.0,11.1,0.0,0.0,11.1,0.0,0.0,0.0,0.0,0.0,0.0,0.0,0.0,0.0,0.0,0.0,0.0,0.0,0.0,0.0,0.0,0.0,117.0,2009,Martell Webster-2009,0.0,Not Selected,Forward,POR,0.04390243902439024
2008-09,Sonny Weems,weemsso01,SG,22,DEN,12,0,55,7.4,23.1,0.32,0.0,2.8,0.0,7.4,20.4,0.364,2.8,7.4,0.375,0.0,3.7,3.7,2.8,0.9,0.0,5.6,7.4,17.6,62.0,112.0,2009,Sonny Weems-2009,0.0,Not Selected,Guard,DEN,0.04390243902439024
2008-09,David West,westda01,PF,28,NOH,76,76,2982,11.2,23.7,0.47200000000000003,0.1,0.5,0.24,11.1,23.2,0.47700000000000004,6.7,7.6,0.884,2.9,8.9,11.8,3.2,0.9,1.2,3.0,3.8,29.2,109.0,107.0,2009,David West-2009,0.0,Not Selected,Forward,NOP,0.03983739837398374
2008-09,Delonte West,westde01,SG,25,CLE,64,64,2152,7.2,15.7,0.457,2.3,5.7,0.39899999999999997,4.9,10.0,0.49,2.3,2.7,0.833,0.8,4.3,5.1,5.7,2.4,0.3,2.3,3.1,18.9,114.0,104.0,2009,Delonte West-2009,0.0,Not Selected,Guard,CLE,0.05365853658536585
2008-09,Mario West,westma02,SG,24,ATL,53,3,269,2.8,6.8,0.41200000000000003,0.2,0.2,1.0,2.6,6.6,0.39399999999999996,2.8,6.0,0.467,4.8,6.4,11.1,3.8,3.6,0.8,2.6,7.0,8.6,101.0,104.0,2009,Mario West-2009,0.0,Not Selected,Guard,ATL,0.038211382113821135
2008-09,Russell Westbrook,westbru01,PG,20,OKC,82,65,2668,8.4,21.0,0.39799999999999996,0.7,2.5,0.271,7.7,18.6,0.415,6.7,8.2,0.815,3.4,4.2,7.7,8.4,2.1,0.3,5.3,3.7,24.1,99.0,111.0,2009,Russell Westbrook-2009,0.0,Not Selected,Guard,OKC,0.01869918699186992
2008-09,D.J. White,whitedj01,PF,22,OKC,7,0,130,10.3,19.7,0.52,0.0,0.0,0.0,10.3,19.7,0.52,3.9,5.1,0.769,3.9,8.7,12.6,2.4,1.2,2.0,1.2,3.9,24.5,119.0,108.0,2009,D.J. White-2009,0.0,Not Selected,Forward,OKC,0.01869918699186992
2008-09,James White,whiteja02,SF,26,HOU,4,0,11,14.5,24.2,0.6,4.8,9.7,0.5,9.7,14.5,0.667,0.0,0.0,0.0,0.0,0.0,0.0,4.8,4.8,4.8,14.5,9.7,33.9,80.0,97.0,2009,James White-2009,0.0,Not Selected,Forward,HOU,0.043089430894308944
2008-09,Chris Wilcox,wilcoch01,C,26,TOT,62,6,1049,8.9,17.9,0.49700000000000005,0.0,0.2,0.0,8.9,17.7,0.503,3.8,6.8,0.564,4.6,8.8,13.4,2.3,1.3,0.8,3.6,6.6,21.6,100.0,109.0,2009,Chris Wilcox-2009,0.0,Not Selected,Center,TOT,0.03333333333333333
2008-09,Damien Wilkins,wilkida02,SG,29,OKC,41,14,636,6.2,17.2,0.36200000000000004,2.2,5.8,0.375,4.0,11.4,0.355,3.0,3.7,0.804,1.6,4.0,5.6,3.0,1.8,0.6,3.0,4.4,17.6,94.0,111.0,2009,Damien Wilkins-2009,0.0,Not Selected,Guard,OKC,0.01869918699186992
2008-09,Deron Williams,willide01,PG,24,UTA,68,68,2505,9.5,20.2,0.47100000000000003,1.4,4.6,0.31,8.1,15.6,0.518,6.7,7.9,0.8490000000000001,0.5,3.5,4.0,14.9,1.5,0.4,4.7,2.8,27.2,116.0,111.0,2009,Deron Williams-2009,0.0,Not Selected,Guard,UTA,0.03902439024390244
2008-09,Jawad Williams,willija04,SF,25,CLE,10,0,20,13.5,32.5,0.41700000000000004,5.4,16.2,0.33299999999999996,8.1,16.2,0.5,0.0,0.0,0.0,2.7,2.7,5.4,0.0,2.7,0.0,2.7,5.4,32.5,96.0,104.0,2009,Jawad Williams-2009,0.0,Not Selected,Forward,CLE,0.05365853658536585
2008-09,Lou Williams,willilo02,SG,22,PHI,81,0,1919,9.3,23.5,0.39799999999999996,1.8,6.1,0.28600000000000003,7.6,17.4,0.43799999999999994,8.5,10.7,0.79,1.0,3.6,4.6,6.7,2.4,0.4,4.2,3.6,28.9,105.0,109.0,2009,Lou Williams-2009,0.0,Not Selected,Guard,PHI,0.03333333333333333
2008-09,Marcus Williams,willima03,PG,23,GSW,9,0,54,3.6,15.4,0.235,1.8,5.4,0.33299999999999996,1.8,10.0,0.182,1.8,5.4,0.33299999999999996,0.0,3.6,3.6,11.8,0.9,0.9,3.6,5.4,10.9,78.0,117.0,2009,Marcus Williams-2009,0.0,Not Selected,Guard,GSW,0.023577235772357725
2008-09,Marvin Williams,willima02,SF,22,ATL,61,59,2093,7.3,15.9,0.45799999999999996,1.4,4.0,0.355,5.9,11.9,0.493,5.6,7.0,0.8059999999999999,2.8,7.0,9.8,2.1,1.5,1.0,1.8,3.2,21.6,117.0,108.0,2009,Marvin Williams-2009,0.0,Not Selected,Forward,ATL,0.038211382113821135
2008-09,Mo Williams,willima01,PG,26,CLE,81,81,2834,10.0,21.5,0.467,3.5,8.0,0.436,6.5,13.5,0.486,4.0,4.4,0.912,0.9,4.4,5.3,6.3,1.3,0.2,3.4,4.1,27.5,115.0,106.0,2009,Mo Williams-2009,0.0,Not Selected,Guard,CLE,0.05365853658536585
2008-09,Sean Williams,willise01,PF,22,NJN,33,0,366,4.4,10.5,0.41700000000000004,0.0,0.0,0.0,4.4,10.5,0.41700000000000004,2.9,4.7,0.625,5.0,6.6,11.5,1.9,1.0,4.2,2.9,10.5,11.7,96.0,108.0,2009,Sean Williams-2009,0.0,Not Selected,Forward,BRK,0.027642276422764227
2008-09,Shawne Williams,willish03,SF,22,DAL,15,0,170,4.9,17.3,0.28600000000000003,0.3,5.2,0.059000000000000004,4.6,12.0,0.385,2.8,3.4,0.818,5.9,8.3,14.2,0.6,0.6,2.8,1.5,5.9,13.0,87.0,108.0,2009,Shawne Williams-2009,0.0,Not Selected,Forward,DAL,0.04065040650406504
2008-09,Shelden Williams,willish02,PF,25,TOT,45,0,512,7.0,15.8,0.446,0.0,0.2,0.0,7.0,15.6,0.452,4.6,6.3,0.73,4.9,10.5,15.4,1.2,2.2,1.8,3.4,6.4,18.7,99.0,108.0,2009,Shelden Williams-2009,0.0,Not Selected,Forward,TOT,0.03333333333333333
2008-09,Metta World Peace,artesro01,SF,29,HOU,69,55,2452,9.0,22.5,0.401,3.3,8.3,0.39899999999999997,5.7,14.2,0.402,4.3,5.7,0.748,1.4,6.4,7.8,5.0,2.3,0.5,3.0,3.4,25.6,104.0,103.0,2009,Metta World Peace-2009,0.0,Not Selected,Forward,HOU,0.043089430894308944
2008-09,Antoine Wright,wrighan01,SF,24,DAL,65,53,1552,6.1,14.6,0.415,1.5,5.0,0.302,4.5,9.5,0.475,2.4,3.2,0.747,1.0,3.6,4.6,2.6,1.6,0.9,1.8,5.8,16.0,102.0,111.0,2009,Antoine Wright-2009,0.0,Not Selected,Forward,DAL,0.04065040650406504
2008-09,Brandan Wright,wrighbr03,PF,21,GSW,39,23,688,9.2,17.5,0.528,0.0,0.3,0.0,9.2,17.2,0.537,4.5,6.0,0.741,4.4,6.8,11.2,1.5,1.6,2.6,1.6,5.3,23.0,118.0,112.0,2009,Brandan Wright-2009,0.0,Not Selected,Forward,GSW,0.023577235772357725
2008-09,Dorell Wright,wrighdo01,SF,23,MIA,6,0,73,5.9,14.6,0.4,0.0,0.0,0.0,5.9,14.6,0.4,1.5,4.4,0.33299999999999996,1.5,13.2,14.6,1.5,1.5,0.0,4.4,5.9,13.2,70.0,105.0,2009,Dorell Wright-2009,0.0,Not Selected,Forward,MIA,0.034959349593495934
2008-09,Julian Wright,wrighju01,SF,21,NOH,54,19,772,7.7,16.6,0.466,0.1,1.5,0.095,7.6,15.1,0.502,1.2,2.1,0.5670000000000001,3.3,7.5,10.8,3.0,2.5,1.3,3.0,3.5,16.8,95.0,104.0,2009,Julian Wright-2009,0.0,Not Selected,Forward,NOP,0.03983739837398374
2008-09,Lorenzen Wright,wrighlo02,C,33,CLE,17,2,125,4.3,11.7,0.37,0.0,0.0,0.0,4.3,11.7,0.37,1.3,3.5,0.375,3.0,7.8,10.8,1.3,1.7,2.2,3.9,7.4,10.0,73.0,101.0,2009,Lorenzen Wright-2009,0.0,Not Selected,Center,CLE,0.05365853658536585
2008-09,Nick Young,youngni01,SG,23,WAS,82,5,1837,9.6,21.7,0.444,1.6,4.7,0.341,8.0,17.0,0.473,4.7,5.5,0.85,0.9,3.4,4.3,2.7,1.1,0.6,2.6,4.0,25.6,105.0,117.0,2009,Nick Young-2009,0.0,Not Selected,Guard,WAS,0.015447154471544716
2008-09,Thaddeus Young,youngth01,PF,20,PHI,75,71,2580,9.8,19.9,0.495,1.2,3.4,0.341,8.7,16.5,0.526,2.9,3.9,0.735,2.9,4.9,7.8,1.8,2.1,0.5,2.4,3.4,23.7,110.0,109.0,2009,Thaddeus Young-2009,0.0,Not Selected,Forward,PHI,0.03333333333333333
2008-09,Sun Yue,yuesu01,SG,23,LAL,10,0,28,5.5,20.0,0.273,0.0,10.9,0.0,5.5,9.1,0.6,0.0,0.0,0.0,0.0,0.0,0.0,3.6,1.8,1.8,5.5,18.2,10.9,53.0,108.0,2009,Sun Yue-2009,0.0,Not Selected,Guard,LAL,0.052845528455284556
2009-10,Arron Afflalo,afflaar01,SG,24,DEN,82,75,2221,6.2,13.3,0.465,2.5,5.7,0.434,3.7,7.7,0.488,1.6,2.2,0.735,1.3,4.4,5.7,3.1,1.0,0.7,1.7,5.1,16.5,114.0,111.0,2010,Arron Afflalo-2010,0.0,Not Selected,Guard,DEN,0.043089430894308944
2009-10,Alexis Ajinça,ajincal01,C,21,CHA,6,0,30,8.9,17.7,0.5,0.0,0.0,0.0,8.9,17.7,0.5,0.0,1.8,0.0,1.8,5.3,7.1,0.0,1.8,1.8,3.5,8.9,17.7,81.0,103.0,2010,Alexis Ajinça-2010,0.0,Not Selected,Center,CHO,0.03577235772357724
2009-10,LaMarcus Aldridge,aldrila01,PF,24,POR,78,78,2922,10.8,21.9,0.495,0.1,0.3,0.313,10.7,21.6,0.498,4.3,5.7,0.757,3.6,8.1,11.7,3.0,1.3,0.9,1.9,4.3,26.1,113.0,107.0,2010,LaMarcus Aldridge-2010,0.0,Not Selected,Forward,POR,0.04065040650406504
2009-10,Joe Alexander,alexajo01,SF,23,CHI,8,0,29,1.8,10.7,0.16699999999999998,0.0,1.8,0.0,1.8,8.9,0.2,3.6,5.3,0.667,3.6,5.3,8.9,3.6,1.8,1.8,0.0,16.0,7.1,88.0,104.0,2010,Joe Alexander-2010,0.0,Not Selected,Forward,CHI,0.03333333333333333
2009-10,Malik Allen,allenma01,PF,31,DEN,51,3,456,5.1,12.9,0.397,0.1,0.7,0.16699999999999998,5.0,12.2,0.409,1.3,1.4,0.9229999999999999,4.0,5.1,9.1,1.8,1.2,0.6,2.4,7.6,11.7,93.0,110.0,2010,Malik Allen-2010,0.0,Not Selected,Forward,DEN,0.043089430894308944
2009-10,Ray Allen,allenra02,SG,34,BOS,80,80,2819,8.6,18.1,0.47700000000000004,2.7,7.4,0.363,5.9,10.7,0.556,4.3,4.7,0.9129999999999999,0.8,3.9,4.7,3.9,1.2,0.5,2.4,3.4,24.2,115.0,108.0,2010,Ray Allen-2010,0.0,Not Selected,Guard,BOS,0.04065040650406504
2009-10,Tony Allen,allento01,SG,28,BOS,54,8,889,7.6,14.9,0.51,0.0,0.3,0.0,7.6,14.6,0.52,4.2,7.0,0.605,3.1,5.5,8.5,4.2,3.5,1.1,3.9,6.4,19.4,101.0,101.0,2010,Tony Allen-2010,0.0,Not Selected,Guard,BOS,0.04065040650406504
2009-10,Rafer Alston,alstora01,PG,33,TOT,52,38,1421,5.8,16.6,0.348,2.2,6.3,0.345,3.6,10.4,0.349,2.2,3.0,0.728,0.5,4.3,4.8,6.6,1.9,0.4,3.5,3.8,15.9,89.0,109.0,2010,Rafer Alston-2010,0.0,Not Selected,Guard,TOT,0.03333333333333333
2009-10,Lou Amundson,amundlo01,PF,27,PHO,79,0,1168,6.6,11.9,0.551,0.0,0.0,0.0,6.6,11.9,0.5529999999999999,2.9,5.3,0.545,5.5,9.4,14.9,1.3,1.0,3.1,2.5,7.3,16.0,113.0,107.0,2010,Lou Amundson-2010,0.0,Not Selected,Forward,PHO,0.04390243902439024
2009-10,Chris Andersen,anderch01,PF,31,DEN,76,0,1695,4.2,7.5,0.5660000000000001,0.0,0.1,0.0,4.2,7.4,0.573,4.9,7.1,0.695,4.4,10.0,14.4,1.0,1.3,4.3,1.8,5.1,13.4,126.0,103.0,2010,Chris Andersen-2010,0.0,Not Selected,Forward,DEN,0.043089430894308944
2009-10,David Andersen,anderda03,C,29,HOU,63,0,891,8.4,19.5,0.43200000000000005,1.5,4.5,0.34600000000000003,6.9,15.0,0.45799999999999996,2.6,3.8,0.687,3.1,8.8,11.9,2.5,0.9,0.7,2.1,6.8,21.0,103.0,108.0,2010,David Andersen-2010,0.0,Not Selected,Center,HOU,0.03414634146341464
2009-10,Antonio Anderson,anderan02,SF,24,OKC,1,0,15,3.4,10.3,0.33299999999999996,0.0,0.0,0.0,3.4,10.3,0.33299999999999996,0.0,0.0,0.0,3.4,0.0,3.4,0.0,0.0,0.0,3.4,3.4,6.9,66.0,114.0,2010,Antonio Anderson-2010,0.0,Not Selected,Forward,OKC,0.04065040650406504
2009-10,Ryan Anderson,anderry01,PF,21,ORL,63,6,911,9.7,22.2,0.436,4.5,12.1,0.37,5.2,10.1,0.514,4.1,4.7,0.866,4.0,7.6,11.6,2.1,1.4,0.8,3.2,4.6,27.9,112.0,103.0,2010,Ryan Anderson-2010,0.0,Not Selected,Forward,ORL,0.04796747967479675
2009-10,Carmelo Anthony,anthoca01,SF,25,DEN,69,69,2634,13.2,28.9,0.45799999999999996,1.1,3.6,0.316,12.1,25.3,0.478,9.8,11.8,0.83,2.9,5.8,8.7,4.3,1.7,0.6,4.0,4.3,37.4,110.0,109.0,2010,Carmelo Anthony-2010,2.0,2nd,Forward,DEN,0.043089430894308944
2009-10,Joel Anthony,anthojo01,C,27,MIA,80,16,1322,3.1,6.4,0.478,0.0,0.0,0.0,3.1,6.4,0.478,2.7,3.7,0.7170000000000001,5.0,5.1,10.1,0.5,0.8,4.4,1.8,6.4,8.8,112.0,103.0,2010,Joel Anthony-2010,0.0,Not Selected,Center,MIA,0.038211382113821135
2009-10,Gilbert Arenas,arenagi01,PG,28,WAS,32,32,1169,11.3,27.6,0.41100000000000003,2.8,8.1,0.348,8.5,19.5,0.43700000000000006,6.9,9.3,0.7390000000000001,0.8,5.2,6.0,10.3,1.8,0.4,5.2,4.3,32.3,103.0,110.0,2010,Gilbert Arenas-2010,0.0,Not Selected,Guard,WAS,0.02113821138211382
2009-10,Trevor Ariza,arizatr01,SF,24,HOU,72,71,2629,7.6,19.4,0.39399999999999996,2.6,7.9,0.33399999999999996,5.0,11.5,0.436,2.9,4.4,0.649,1.5,6.3,7.8,5.4,2.4,0.8,3.1,3.1,20.8,99.0,106.0,2010,Trevor Ariza-2010,0.0,Not Selected,Forward,HOU,0.03414634146341464
2009-10,Hilton Armstrong,armsthi01,PF-C,25,TOT,33,0,335,4.3,12.2,0.354,0.0,0.2,0.0,4.3,12.0,0.359,2.3,4.9,0.469,4.2,8.3,12.5,3.2,2.3,1.8,3.4,9.1,10.9,83.0,106.0,2010,Hilton Armstrong-2010,0.0,Not Selected,Forward,TOT,0.03333333333333333
2009-10,Carlos Arroyo,arroyca01,PG,30,MIA,72,35,1585,6.0,12.7,0.475,0.2,0.8,0.28,5.8,11.8,0.489,2.6,3.0,0.8440000000000001,0.9,3.5,4.4,7.6,1.2,0.2,1.8,3.4,14.8,115.0,108.0,2010,Carlos Arroyo-2010,0.0,Not Selected,Guard,MIA,0.038211382113821135
2009-10,Darrell Arthur,arthuda01,PF,21,MEM,32,1,457,7.1,16.4,0.43200000000000005,0.0,0.1,0.0,7.1,16.3,0.434,1.9,3.4,0.5670000000000001,4.2,8.2,12.3,1.7,1.6,1.6,2.5,6.7,16.1,96.0,108.0,2010,Darrell Arthur-2010,0.0,Not Selected,Forward,MEM,0.032520325203252036
2009-10,Chucky Atkins,atkinch01,PG,35,DET,40,11,644,4.8,13.2,0.363,1.9,6.1,0.301,2.9,7.1,0.41700000000000004,2.1,2.3,0.9259999999999999,0.4,2.0,2.4,7.7,1.4,0.0,2.7,4.5,13.6,102.0,115.0,2010,Chucky Atkins-2010,0.0,Not Selected,Guard,DET,0.02195121951219512
2009-10,D.J. Augustin,augusdj01,PG,22,CHA,80,2,1472,6.1,15.7,0.386,2.5,6.4,0.39299999999999996,3.5,9.3,0.381,3.7,4.7,0.779,0.4,3.1,3.5,7.0,1.6,0.2,2.7,4.6,18.3,106.0,107.0,2010,D.J. Augustin-2010,0.0,Not Selected,Guard,CHO,0.03577235772357724
2009-10,Jeff Ayres,pendeje02,C,22,POR,39,4,405,5.8,8.8,0.662,0.0,0.0,0.0,5.8,8.8,0.662,2.4,2.7,0.9,3.4,9.9,13.2,0.1,0.9,2.2,1.6,10.3,14.0,130.0,105.0,2010,Jeff Ayres-2010,0.0,Not Selected,Center,POR,0.04065040650406504
2009-10,Kelenna Azubuike,azubuke01,SF,26,GSW,9,7,231,9.9,18.2,0.545,2.1,5.6,0.37,7.9,12.6,0.623,3.9,5.8,0.679,2.5,6.0,8.5,2.1,1.0,1.9,1.4,3.3,25.9,122.0,113.0,2010,Kelenna Azubuike-2010,0.0,Not Selected,Forward,GSW,0.02113821138211382
2009-10,Renaldo Balkman,balkmre01,SF,25,DEN,13,1,91,3.3,10.0,0.33299999999999996,0.0,3.9,0.0,3.3,6.1,0.545,1.1,3.3,0.33299999999999996,2.2,10.6,12.8,3.9,4.5,1.1,3.3,8.9,7.8,74.0,99.0,2010,Renaldo Balkman-2010,0.0,Not Selected,Forward,DEN,0.043089430894308944
2009-10,Marcus Banks,banksma01,PG,28,TOR,22,0,244,8.2,15.4,0.534,1.5,5.1,0.292,6.8,10.4,0.653,5.1,6.1,0.828,0.6,4.2,4.9,5.5,2.5,0.4,4.2,6.3,23.0,112.0,112.0,2010,Marcus Banks-2010,0.0,Not Selected,Guard,TOR,0.032520325203252036
2009-10,Leandro Barbosa,barbole01,PG,27,PHO,44,5,786,9.9,23.4,0.425,2.8,8.7,0.324,7.1,14.7,0.485,4.1,4.7,0.877,0.7,3.7,4.4,4.1,1.5,0.8,2.9,4.5,26.8,105.0,112.0,2010,Leandro Barbosa-2010,0.0,Not Selected,Guard,PHO,0.04390243902439024
2009-10,J.J. Barea,bareajo01,PG,25,DAL,78,18,1546,7.8,17.7,0.44,1.9,5.3,0.35700000000000004,5.9,12.4,0.47600000000000003,2.6,3.0,0.8440000000000001,0.6,4.3,4.9,8.7,1.2,0.2,3.4,4.0,20.0,104.0,110.0,2010,J.J. Barea-2010,0.0,Not Selected,Guard,DAL,0.044715447154471545
2009-10,Andrea Bargnani,bargnan01,PF,24,TOR,80,80,2799,9.9,21.1,0.47,2.2,6.0,0.37200000000000005,7.7,15.1,0.509,3.3,4.3,0.774,1.9,7.2,9.1,1.7,0.5,2.0,2.2,4.0,25.4,108.0,113.0,2010,Andrea Bargnani-2010,0.0,Not Selected,Forward,TOR,0.032520325203252036
2009-10,Matt Barnes,barnema02,SF,29,ORL,81,58,2097,6.7,13.9,0.48700000000000004,1.6,5.1,0.319,5.1,8.7,0.586,2.7,3.6,0.74,2.6,8.4,11.1,3.3,1.5,0.7,2.8,4.6,17.8,111.0,103.0,2010,Matt Barnes-2010,0.0,Not Selected,Forward,ORL,0.04796747967479675
2009-10,Earl Barron,barroea01,C,28,NYK,7,6,232,6.6,15.0,0.441,0.0,0.0,0.0,6.6,15.0,0.441,4.8,6.4,0.759,6.8,10.1,17.0,1.8,0.9,0.9,2.4,5.3,18.1,110.0,110.0,2010,Earl Barron-2010,0.0,Not Selected,Center,NYK,0.023577235772357725
2009-10,Brandon Bass,bassbr01,PF,24,ORL,50,3,648,9.6,18.8,0.511,0.0,0.0,0.0,9.6,18.8,0.511,4.2,5.1,0.825,4.3,5.9,10.2,1.5,1.0,2.2,2.5,5.6,23.3,112.0,104.0,2010,Brandon Bass-2010,0.0,Not Selected,Forward,ORL,0.04796747967479675
2009-10,Tony Battie,battito01,C,33,NJN,15,0,134,5.5,15.7,0.35,0.4,1.6,0.25,5.1,14.1,0.361,2.7,3.9,0.7,1.6,7.5,9.0,1.2,1.6,0.8,1.2,7.5,14.1,88.0,110.0,2010,Tony Battie-2010,0.0,Not Selected,Center,BRK,0.00975609756097561
2009-10,Shane Battier,battish01,SG,31,HOU,67,62,2168,4.2,10.5,0.39799999999999996,2.4,6.6,0.36200000000000004,1.8,4.0,0.45799999999999996,1.8,2.5,0.726,1.7,5.6,7.3,3.9,1.2,1.8,1.5,3.3,12.6,114.0,108.0,2010,Shane Battier-2010,0.0,Not Selected,Guard,HOU,0.03414634146341464
2009-10,Nicolas Batum,batumni01,SF,21,POR,37,25,918,8.3,16.0,0.519,3.2,7.9,0.409,5.1,8.1,0.625,2.6,3.0,0.843,1.9,6.5,8.4,2.6,1.4,1.5,1.6,4.9,22.3,127.0,107.0,2010,Nicolas Batum-2010,0.0,Not Selected,Forward,POR,0.04065040650406504
2009-10,Jerryd Bayless,bayleje01,SG,21,POR,74,11,1304,8.4,20.3,0.414,1.2,3.9,0.315,7.2,16.4,0.43700000000000006,8.4,10.2,0.831,0.8,4.3,5.0,7.2,1.1,0.2,3.9,6.4,26.4,108.0,110.0,2010,Jerryd Bayless-2010,0.0,Not Selected,Guard,POR,0.04065040650406504
2009-10,Michael Beasley,beaslmi01,PF,21,MIA,78,78,2328,10.8,23.9,0.45,0.6,2.3,0.275,10.1,21.6,0.469,4.4,5.5,0.8,2.8,8.6,11.5,2.3,1.8,1.1,3.0,5.1,26.6,101.0,103.0,2010,Michael Beasley-2010,0.0,Not Selected,Forward,MIA,0.038211382113821135
2009-10,Rodrigue Beaubois,beaubro01,PG,21,DAL,56,16,700,11.5,22.2,0.518,3.3,8.2,0.409,8.2,14.0,0.5820000000000001,3.1,3.9,0.8079999999999999,0.9,4.9,5.8,5.5,2.1,0.9,4.0,6.2,29.4,111.0,107.0,2010,Rodrigue Beaubois-2010,0.0,Not Selected,Guard,DAL,0.044715447154471545
2009-10,Marco Belinelli,belinma01,SG,23,TOR,66,1,1121,7.1,17.4,0.406,2.8,7.3,0.38,4.3,10.2,0.425,4.6,5.6,0.835,0.6,3.7,4.4,4.1,1.9,0.2,2.8,3.7,21.6,106.0,114.0,2010,Marco Belinelli-2010,0.0,Not Selected,Guard,TOR,0.032520325203252036
2009-10,Charlie Bell,bellch01,SG,30,MIL,71,39,1611,5.5,14.4,0.381,2.4,6.5,0.365,3.1,7.9,0.395,1.6,2.2,0.716,1.0,3.3,4.3,3.4,1.3,0.4,1.8,4.4,14.9,100.0,106.0,2010,Charlie Bell-2010,0.0,Not Selected,Guard,MIL,0.03739837398373984
2009-10,Raja Bell,bellra01,SG,33,TOT,6,5,180,8.1,17.8,0.45899999999999996,3.5,7.9,0.444,4.7,9.9,0.47100000000000003,0.9,0.9,1.0,1.5,5.2,6.7,3.8,1.2,0.6,1.5,4.4,20.7,116.0,107.0,2010,Raja Bell-2010,0.0,Not Selected,Guard,TOT,0.03333333333333333
2009-10,Jonathan Bender,bendejo01,SF,29,NYK,25,1,292,7.0,17.5,0.4,2.4,6.8,0.359,4.5,10.7,0.426,4.2,4.5,0.9229999999999999,2.6,6.5,9.1,2.8,0.3,3.0,4.9,5.8,20.6,94.0,112.0,2010,Jonathan Bender-2010,0.0,Not Selected,Forward,NYK,0.023577235772357725
2009-10,Mike Bibby,bibbymi01,PG,31,ATL,80,80,2195,6.5,15.6,0.41600000000000004,3.1,7.9,0.389,3.4,7.8,0.444,1.7,1.9,0.861,0.5,4.0,4.5,7.5,1.6,0.1,2.2,3.8,17.7,113.0,110.0,2010,Mike Bibby-2010,0.0,Not Selected,Guard,ATL,0.043089430894308944
2009-10,Andris Biedriņš,biedran01,C,23,GSW,33,29,763,5.1,8.6,0.591,0.0,0.0,0.0,5.1,8.6,0.591,0.3,1.6,0.16,3.9,12.3,16.2,3.6,1.3,2.8,2.0,7.3,10.4,113.0,107.0,2010,Andris Biedriņš-2010,0.0,Not Selected,Center,GSW,0.02113821138211382
2009-10,Chauncey Billups,billuch01,PG,33,DEN,73,73,2490,8.2,19.6,0.418,3.2,8.3,0.386,5.0,11.3,0.441,9.5,10.4,0.91,0.5,4.1,4.6,8.3,1.7,0.2,3.6,3.1,29.0,120.0,110.0,2010,Chauncey Billups-2010,0.0,Not Selected,Guard,DEN,0.043089430894308944
2009-10,DeJuan Blair,blairde01,PF,20,SAS,82,23,1494,9.6,17.3,0.556,0.0,0.1,0.0,9.6,17.3,0.5579999999999999,3.1,5.6,0.547,7.0,11.4,18.4,2.3,1.8,1.4,3.9,7.9,22.4,108.0,101.0,2010,DeJuan Blair-2010,0.0,Not Selected,Forward,SAS,0.04065040650406504
2009-10,Steve Blake,blakest01,PG,29,TOT,80,38,2159,5.4,13.0,0.41600000000000004,2.9,7.3,0.395,2.5,5.7,0.44299999999999995,0.9,1.2,0.75,0.5,4.1,4.6,9.4,1.4,0.1,3.2,3.1,14.6,108.0,111.0,2010,Steve Blake-2010,0.0,Not Selected,Guard,TOT,0.03333333333333333
2009-10,Andray Blatche,blatcan01,PF,23,WAS,81,36,2256,11.1,23.2,0.478,0.3,1.0,0.295,10.8,22.2,0.48700000000000004,4.0,5.4,0.7440000000000001,3.7,8.1,11.8,3.9,2.0,1.6,4.2,5.1,26.5,101.0,106.0,2010,Andray Blatche-2010,0.0,Not Selected,Forward,WAS,0.02113821138211382
2009-10,Keith Bogans,boganke01,SF,29,SAS,79,50,1559,4.0,10.0,0.40299999999999997,2.4,6.6,0.35700000000000004,1.7,3.4,0.49,1.2,1.7,0.74,0.8,5.1,5.9,3.2,1.5,0.4,1.8,5.2,11.7,106.0,106.0,2010,Keith Bogans-2010,0.0,Not Selected,Forward,SAS,0.04065040650406504
2009-10,Andrew Bogut,bogutan01,C,25,MIL,69,69,2229,11.1,21.4,0.52,0.0,0.0,0.0,11.1,21.3,0.521,3.5,5.6,0.629,4.9,11.6,16.5,3.0,0.9,4.1,3.1,5.2,25.7,107.0,98.0,2010,Andrew Bogut-2010,3.0,3rd,Center,MIL,0.03739837398373984
2009-10,Matt Bonner,bonnema01,PF,29,SAS,65,8,1161,7.5,16.8,0.446,4.1,10.4,0.39,3.4,6.4,0.539,1.6,2.2,0.7290000000000001,2.3,7.3,9.7,3.1,1.4,1.1,1.8,4.9,20.6,117.0,104.0,2010,Matt Bonner-2010,0.0,Not Selected,Forward,SAS,0.04065040650406504
2009-10,Josh Boone,boonejo01,PF,25,NJN,63,28,1045,5.9,11.2,0.525,0.0,0.0,0.0,5.9,11.2,0.525,1.0,2.9,0.32799999999999996,6.2,9.6,15.8,1.5,1.5,2.4,1.9,5.6,12.7,107.0,107.0,2010,Josh Boone-2010,0.0,Not Selected,Forward,BRK,0.00975609756097561
2009-10,Carlos Boozer,boozeca01,PF,28,UTA,78,78,2673,11.8,21.0,0.562,0.0,0.0,0.0,11.8,21.0,0.562,5.5,7.4,0.742,3.5,13.3,16.7,4.7,1.6,0.7,4.1,5.2,29.1,112.0,102.0,2010,Carlos Boozer-2010,0.0,Not Selected,Forward,UTA,0.043089430894308944
2009-10,Chris Bosh,boshch01,C,25,TOR,70,70,2526,12.3,23.6,0.518,0.2,0.4,0.364,12.1,23.2,0.521,9.6,12.0,0.797,4.2,11.3,15.5,3.4,0.9,1.4,3.5,3.5,34.3,117.0,111.0,2010,Chris Bosh-2010,0.0,Not Selected,Center,TOR,0.032520325203252036
2009-10,Ryan Bowen,bowenry01,SF,34,OKC,1,0,8,6.4,6.4,1.0,0.0,0.0,0.0,6.4,6.4,1.0,12.9,12.9,1.0,6.4,6.4,12.9,0.0,6.4,0.0,0.0,12.9,25.8,224.0,96.0,2010,Ryan Bowen-2010,0.0,Not Selected,Forward,OKC,0.04065040650406504
2009-10,Earl Boykins,boykiea01,PG,33,WAS,67,1,1117,8.1,18.9,0.42700000000000005,0.9,2.8,0.317,7.2,16.1,0.446,3.6,4.2,0.865,0.8,2.7,3.5,8.0,1.1,0.1,3.2,2.3,20.6,103.0,114.0,2010,Earl Boykins-2010,0.0,Not Selected,Guard,WAS,0.02113821138211382
2009-10,Elton Brand,brandel01,PF,30,PHI,76,57,2297,9.4,19.6,0.48,0.0,0.0,0.0,9.4,19.6,0.48100000000000004,3.9,5.3,0.738,4.1,6.4,10.5,2.5,1.9,1.8,3.0,5.3,22.7,104.0,109.0,2010,Elton Brand-2010,0.0,Not Selected,Forward,PHI,0.02195121951219512
2009-10,Corey Brewer,breweco01,SG,23,MIN,82,82,2482,8.2,19.1,0.431,1.7,4.8,0.34600000000000003,6.6,14.3,0.45899999999999996,3.3,5.2,0.648,1.4,4.2,5.6,3.9,2.4,0.6,3.3,4.5,21.5,98.0,111.0,2010,Corey Brewer-2010,0.0,Not Selected,Guard,MIN,0.012195121951219513
2009-10,Ronnie Brewer,brewero02,SG,24,TOT,58,53,1742,6.1,12.6,0.48700000000000004,0.2,0.9,0.258,5.9,11.7,0.505,2.5,3.9,0.639,1.3,4.2,5.5,4.5,2.7,0.4,1.6,2.4,15.0,110.0,106.0,2010,Ronnie Brewer-2010,0.0,Not Selected,Guard,TOT,0.03333333333333333
2009-10,Primož Brezec,brezepr01,C,30,TOT,21,0,95,5.0,14.3,0.34600000000000003,0.0,0.0,0.0,5.0,14.3,0.34600000000000003,0.6,3.3,0.16699999999999998,6.6,7.2,13.8,0.6,0.6,1.7,1.1,10.5,10.5,85.0,107.0,2010,Primož Brezec-2010,0.0,Not Selected,Center,TOT,0.03333333333333333
2009-10,Jon Brockman,brockjo01,PF,22,SAC,52,4,654,4.3,8.0,0.534,0.0,0.0,0.0,4.3,8.0,0.534,2.9,4.8,0.597,8.2,8.4,16.6,1.7,1.2,0.4,1.8,9.0,11.5,124.0,110.0,2010,Jon Brockman-2010,0.0,Not Selected,Forward,SAC,0.02032520325203252
2009-10,Aaron Brooks,brookaa01,PG,25,HOU,82,82,2919,10.1,23.3,0.43200000000000005,3.7,9.2,0.39799999999999996,6.4,14.1,0.45399999999999996,4.3,5.2,0.8220000000000001,0.9,2.8,3.8,7.6,1.2,0.2,4.1,3.5,28.0,108.0,112.0,2010,Aaron Brooks-2010,0.0,Not Selected,Guard,HOU,0.03414634146341464
2009-10,Bobby Brown,brownbo02,PG,25,TOT,45,0,519,8.8,23.7,0.371,2.6,9.8,0.265,6.2,13.9,0.446,1.3,1.5,0.867,0.9,2.9,3.8,8.8,1.5,0.1,4.6,4.2,21.5,90.0,113.0,2010,Bobby Brown-2010,0.0,Not Selected,Guard,TOT,0.03333333333333333
2009-10,Derrick Brown,brownde04,SF,22,CHA,57,0,535,6.8,14.6,0.46299999999999997,0.2,0.7,0.28600000000000003,6.6,13.9,0.47100000000000003,4.8,7.1,0.667,3.1,4.7,7.7,1.9,2.1,1.0,1.9,5.3,18.5,107.0,104.0,2010,Derrick Brown-2010,0.0,Not Selected,Forward,CHO,0.03577235772357724
2009-10,Devin Brown,brownde02,SG,31,TOT,50,37,1060,6.6,17.6,0.377,2.8,8.0,0.354,3.8,9.6,0.396,3.4,4.2,0.802,1.4,4.6,6.1,3.2,1.6,0.3,3.0,3.5,19.5,97.0,111.0,2010,Devin Brown-2010,0.0,Not Selected,Guard,TOT,0.03333333333333333
2009-10,Kwame Brown,brownkw01,C,27,DET,48,1,660,5.1,10.2,0.5,0.0,0.1,0.0,5.1,10.1,0.504,2.7,8.0,0.337,4.4,10.2,14.5,1.8,1.2,1.0,3.5,7.6,12.9,89.0,110.0,2010,Kwame Brown-2010,0.0,Not Selected,Center,DET,0.02195121951219512
2009-10,Shannon Brown,brownsh01,SG,24,LAL,82,7,1700,7.7,18.0,0.42700000000000005,1.9,5.8,0.32799999999999996,5.8,12.3,0.474,3.0,3.7,0.818,0.9,4.7,5.6,3.3,1.7,0.9,2.0,3.9,20.3,105.0,105.0,2010,Shannon Brown-2010,0.0,Not Selected,Guard,LAL,0.046341463414634146
2009-10,Kobe Bryant,bryanko01,SG,31,LAL,73,73,2835,13.1,28.6,0.456,1.8,5.5,0.32899999999999996,11.3,23.1,0.48700000000000004,8.0,9.9,0.8109999999999999,1.4,5.7,7.1,6.7,2.1,0.4,4.3,3.4,35.9,109.0,104.0,2010,Kobe Bryant-2010,1.0,1st,Guard,LAL,0.046341463414634146
2009-10,Chase Budinger,budinch01,SF,21,HOU,74,4,1488,8.5,19.4,0.441,3.2,8.5,0.369,5.4,10.8,0.49700000000000005,2.3,3.0,0.77,1.3,6.2,7.5,3.0,1.2,0.4,1.6,2.9,22.5,111.0,110.0,2010,Chase Budinger-2010,0.0,Not Selected,Forward,HOU,0.03414634146341464
2009-10,Caron Butler,butleca01,SF-SG,29,TOT,74,74,2783,8.4,19.7,0.428,0.8,2.7,0.29,7.7,17.0,0.45,5.0,5.9,0.838,2.0,6.7,8.6,2.9,2.2,0.5,3.0,3.6,22.6,101.0,108.0,2010,Caron Butler-2010,0.0,Not Selected,Forward,TOT,0.03333333333333333
2009-10,Rasual Butler,butlera01,SF,30,LAC,82,64,2702,6.8,16.7,0.409,2.8,8.3,0.336,4.0,8.4,0.48200000000000004,2.3,2.8,0.841,0.7,3.9,4.6,2.2,0.7,1.3,1.5,2.3,18.8,106.0,113.0,2010,Rasual Butler-2010,0.0,Not Selected,Forward,LAC,0.023577235772357725
2009-10,Andrew Bynum,bynuman01,C,22,LAL,65,65,1977,10.3,18.0,0.57,0.0,0.0,0.0,10.3,18.0,0.5710000000000001,5.0,6.8,0.7390000000000001,4.6,9.5,14.2,1.8,0.9,2.5,3.0,5.0,25.6,117.0,102.0,2010,Andrew Bynum-2010,0.0,Not Selected,Center,LAL,0.046341463414634146
2009-10,Will Bynum,bynumwi01,PG,27,DET,63,20,1667,7.7,17.4,0.444,0.4,1.8,0.218,7.3,15.6,0.47,4.6,5.8,0.7979999999999999,0.8,3.8,4.6,9.2,1.8,0.2,3.7,4.7,20.4,105.0,113.0,2010,Will Bynum-2010,0.0,Not Selected,Guard,DET,0.02195121951219512
2009-10,José Calderón,caldejo01,PG,28,TOR,68,39,1817,7.8,16.1,0.48200000000000004,1.9,4.9,0.39799999999999996,5.8,11.3,0.519,2.4,3.0,0.7979999999999999,0.7,3.4,4.0,11.5,1.3,0.2,2.8,3.8,19.8,119.0,116.0,2010,José Calderón-2010,0.0,Not Selected,Guard,TOR,0.032520325203252036
2009-10,Marcus Camby,cambyma01,PF-C,35,TOT,74,74,2314,5.4,11.4,0.475,0.0,0.2,0.28600000000000003,5.4,11.3,0.478,1.8,2.8,0.639,5.7,14.2,19.8,4.2,2.2,3.3,2.1,3.7,12.7,112.0,101.0,2010,Marcus Camby-2010,0.0,Not Selected,Forward,TOT,0.03333333333333333
2009-10,Brian Cardinal,cardibr01,PF,32,MIN,29,0,267,2.6,6.7,0.389,0.6,1.7,0.33299999999999996,2.1,5.1,0.40700000000000003,3.2,3.4,0.9440000000000001,1.3,4.1,5.4,4.5,1.7,0.6,1.3,10.5,9.0,118.0,113.0,2010,Brian Cardinal-2010,0.0,Not Selected,Forward,MIN,0.012195121951219513
2009-10,Rodney Carney,carnero01,SG,25,PHI,68,0,857,6.9,17.2,0.401,2.5,8.3,0.304,4.4,9.0,0.49,3.2,3.9,0.825,1.6,6.8,8.4,2.3,1.5,1.2,1.3,4.8,19.5,109.0,111.0,2010,Rodney Carney-2010,0.0,Not Selected,Guard,PHI,0.02195121951219512
2009-10,DeMarre Carroll,carrode01,SF,23,MEM,71,1,795,5.7,14.3,0.396,0.0,0.4,0.0,5.7,13.9,0.40700000000000003,2.1,3.4,0.623,3.4,6.3,9.7,2.1,1.8,0.6,1.5,6.9,13.5,98.0,110.0,2010,DeMarre Carroll-2010,0.0,Not Selected,Forward,MEM,0.032520325203252036
2009-10,Matt Carroll,carroma01,SG,29,DAL,25,0,121,7.7,21.4,0.36,1.7,8.1,0.21100000000000002,6.0,13.3,0.452,2.6,2.6,1.0,1.7,3.4,5.1,2.6,2.1,0.0,3.0,5.6,19.7,87.0,108.0,2010,Matt Carroll-2010,0.0,Not Selected,Guard,DAL,0.044715447154471545
2009-10,Anthony Carter,cartean01,PG,34,DEN,54,7,859,4.5,10.7,0.42,1.0,3.7,0.27,3.5,7.0,0.5,0.6,0.8,0.846,1.0,4.2,5.2,9.4,2.3,0.8,3.4,4.2,10.6,100.0,108.0,2010,Anthony Carter-2010,0.0,Not Selected,Guard,DEN,0.043089430894308944
2009-10,Vince Carter,cartevi01,SG,33,ORL,75,74,2310,9.8,22.9,0.428,2.7,7.3,0.36700000000000005,7.1,15.6,0.456,5.8,6.9,0.84,0.7,5.9,6.6,5.3,1.2,0.4,2.4,4.3,28.1,112.0,105.0,2010,Vince Carter-2010,0.0,Not Selected,Guard,ORL,0.04796747967479675
2009-10,Omri Casspi,casspom01,SF,21,SAC,77,31,1931,7.9,17.8,0.446,2.0,5.4,0.369,6.0,12.4,0.48,3.1,4.6,0.672,2.0,7.2,9.2,2.5,1.4,0.4,2.6,3.3,20.9,104.0,110.0,2010,Omri Casspi-2010,0.0,Not Selected,Forward,SAC,0.02032520325203252
2009-10,Mario Chalmers,chalmma01,PG,23,MIA,73,22,1807,5.4,13.5,0.401,2.2,7.0,0.318,3.2,6.5,0.491,2.4,3.3,0.745,0.7,3.3,4.0,7.3,2.7,0.4,3.6,5.2,15.4,100.0,105.0,2010,Mario Chalmers-2010,0.0,Not Selected,Guard,MIA,0.038211382113821135
2009-10,Tyson Chandler,chandty01,C,27,CHA,51,27,1163,5.0,8.7,0.574,0.0,0.0,0.0,5.0,8.7,0.574,5.3,7.2,0.732,5.2,9.4,14.6,0.7,0.8,2.5,4.2,6.3,15.2,107.0,102.0,2010,Tyson Chandler-2010,0.0,Not Selected,Center,CHO,0.03577235772357724
2009-10,Wilson Chandler,chandwi01,SG,22,NYK,65,64,2320,9.1,18.9,0.479,0.9,3.3,0.267,8.2,15.6,0.524,2.8,3.5,0.8059999999999999,2.0,5.6,7.7,3.0,1.0,1.1,2.4,4.1,21.9,106.0,113.0,2010,Wilson Chandler-2010,0.0,Not Selected,Guard,NYK,0.023577235772357725
2009-10,Earl Clark,clarkea01,PF,22,PHO,51,0,383,7.4,19.9,0.371,0.3,0.7,0.4,7.1,19.2,0.37,3.4,4.7,0.722,2.4,5.8,8.2,2.8,0.9,1.7,3.0,3.3,18.4,89.0,111.0,2010,Earl Clark-2010,0.0,Not Selected,Forward,PHO,0.04390243902439024
2009-10,Jarron Collins,collija03,C,31,PHO,34,10,261,2.3,6.0,0.387,0.0,0.0,0.0,2.3,6.0,0.387,1.9,4.8,0.4,4.2,7.7,12.0,1.2,0.4,0.6,1.9,8.1,6.6,93.0,112.0,2010,Jarron Collins-2010,0.0,Not Selected,Center,PHO,0.04390243902439024
2009-10,Jason Collins,collija04,C,31,ATL,24,0,115,3.7,10.7,0.348,0.0,0.5,0.0,3.7,10.2,0.364,0.0,0.9,0.0,2.3,4.2,6.5,1.9,1.4,0.9,2.3,9.7,7.4,73.0,109.0,2010,Jason Collins-2010,0.0,Not Selected,Center,ATL,0.043089430894308944
2009-10,Mardy Collins,collima01,SG,25,LAC,43,0,470,5.2,14.1,0.36700000000000005,0.4,1.9,0.235,4.7,12.2,0.387,1.4,2.3,0.619,1.4,4.1,5.5,4.9,2.5,0.1,3.5,5.0,12.2,82.0,111.0,2010,Mardy Collins-2010,0.0,Not Selected,Guard,LAC,0.023577235772357725
2009-10,Darren Collison,collida01,PG,22,NOH,76,37,2109,9.2,19.4,0.47700000000000004,1.1,2.8,0.4,8.1,16.6,0.49,3.6,4.3,0.851,1.0,3.7,4.7,10.6,1.9,0.1,5.0,2.3,23.2,105.0,112.0,2010,Darren Collison-2010,0.0,Not Selected,Guard,NOP,0.03008130081300813
2009-10,Nick Collison,collini01,C,29,OKC,75,5,1557,6.0,10.2,0.589,0.0,0.1,0.25,6.0,10.1,0.593,2.5,3.5,0.6920000000000001,5.0,7.7,12.7,1.3,1.2,1.6,2.1,7.6,14.5,120.0,105.0,2010,Nick Collison-2010,0.0,Not Selected,Center,OKC,0.04065040650406504
2009-10,Mike Conley,conlemi01,PG,22,MEM,80,80,2569,7.4,16.6,0.445,1.6,4.2,0.387,5.7,12.3,0.46399999999999997,2.8,3.7,0.743,0.6,3.2,3.8,8.5,2.2,0.2,3.4,3.6,19.2,108.0,112.0,2010,Mike Conley-2010,0.0,Not Selected,Guard,MEM,0.032520325203252036
2009-10,Will Conroy,conrowi01,PG,27,HOU,5,0,36,4.3,14.2,0.3,0.0,4.3,0.0,4.3,9.9,0.429,0.0,2.8,0.0,0.0,4.3,4.3,9.9,0.0,0.0,5.7,7.1,8.5,63.0,113.0,2010,Will Conroy-2010,0.0,Not Selected,Guard,HOU,0.03414634146341464
2009-10,Brian Cook,cookbr01,PF,29,HOU,15,0,44,8.1,26.7,0.304,2.3,10.4,0.222,5.8,16.2,0.35700000000000004,5.8,8.1,0.7140000000000001,1.2,9.3,10.4,1.2,0.0,2.3,7.0,5.8,24.4,72.0,108.0,2010,Brian Cook-2010,0.0,Not Selected,Forward,HOU,0.03414634146341464
2009-10,Daequan Cook,cookda02,SG,22,MIA,45,3,691,6.3,19.6,0.32,3.1,9.8,0.317,3.2,9.8,0.32299999999999995,1.6,1.9,0.84,0.7,5.7,6.4,3.3,1.1,0.8,1.9,3.9,17.3,90.0,107.0,2010,Daequan Cook-2010,0.0,Not Selected,Guard,MIA,0.038211382113821135
2009-10,Jamal Crawford,crawfja01,SG,29,ATL,79,0,2460,10.7,23.9,0.449,3.5,9.2,0.382,7.2,14.7,0.491,5.8,6.8,0.857,0.7,3.6,4.4,5.2,1.3,0.3,3.0,2.9,30.9,114.0,110.0,2010,Jamal Crawford-2010,0.0,Not Selected,Guard,ATL,0.043089430894308944
2009-10,Dante Cunningham,cunnida01,PF,22,POR,63,2,707,8.2,16.6,0.495,0.0,0.2,0.0,8.2,16.4,0.5,2.4,3.7,0.6459999999999999,4.2,8.2,12.4,1.1,1.9,1.7,1.2,7.5,18.8,112.0,104.0,2010,Dante Cunningham-2010,0.0,Not Selected,Forward,POR,0.04065040650406504
2009-10,Eddy Curry,curryed01,C,27,NYK,7,0,62,6.6,17.3,0.381,0.0,0.0,0.0,6.6,17.3,0.381,8.2,14.0,0.588,3.3,7.4,10.7,0.0,0.0,0.8,10.7,10.7,21.4,68.0,114.0,2010,Eddy Curry-2010,0.0,Not Selected,Center,NYK,0.023577235772357725
2009-10,JamesOn Curry,curryja01,PG,24,LAC,1,0,0,0.0,0.0,0.0,0.0,0.0,0.0,0.0,0.0,0.0,0.0,0.0,0.0,0.0,0.0,0.0,0.0,0.0,0.0,0.0,0.0,0.0,0.0,0.0,2010,JamesOn Curry-2010,0.0,Not Selected,Guard,LAC,0.023577235772357725
2009-10,Stephen Curry,curryst01,PG,21,GSW,80,77,2896,8.7,18.9,0.462,2.7,6.3,0.43700000000000006,6.0,12.6,0.474,2.9,3.3,0.885,0.8,5.1,5.9,7.8,2.5,0.3,4.0,4.2,23.1,107.0,111.0,2010,Stephen Curry-2010,0.0,Not Selected,Guard,GSW,0.02113821138211382
2009-10,Samuel Dalembert,dalemsa01,C,28,PHI,82,80,2124,7.0,12.9,0.545,0.0,0.0,0.0,7.0,12.9,0.545,2.4,3.3,0.7290000000000001,5.9,13.5,19.3,1.6,1.0,3.7,3.0,6.2,16.5,110.0,105.0,2010,Samuel Dalembert-2010,0.0,Not Selected,Center,PHI,0.02195121951219512
2009-10,Erick Dampier,dampier01,C,34,DAL,55,47,1280,5.4,8.6,0.624,0.0,0.1,0.33299999999999996,5.4,8.5,0.629,2.5,4.1,0.604,5.2,11.0,16.2,1.3,0.6,3.1,2.5,6.2,13.3,118.0,104.0,2010,Erick Dampier-2010,0.0,Not Selected,Center,DAL,0.044715447154471545
2009-10,Marquis Daniels,daniema01,SF,29,BOS,51,4,937,6.9,13.9,0.498,0.3,1.6,0.214,6.6,12.4,0.534,1.9,3.1,0.607,1.5,3.8,5.3,3.7,1.5,0.3,2.3,5.1,16.1,102.0,107.0,2010,Marquis Daniels-2010,0.0,Not Selected,Forward,BOS,0.04065040650406504
2009-10,Baron Davis,davisba01,PG,30,LAC,75,73,2523,8.5,20.9,0.406,1.7,6.1,0.27699999999999997,6.8,14.8,0.45899999999999996,4.9,6.0,0.821,1.1,4.4,5.5,12.3,2.6,0.9,4.3,4.3,23.5,105.0,109.0,2010,Baron Davis-2010,0.0,Not Selected,Guard,LAC,0.023577235772357725
2009-10,Glen Davis,davisgl01,PF,24,BOS,54,1,933,6.8,15.7,0.43700000000000006,0.0,0.2,0.0,6.8,15.4,0.444,5.4,7.7,0.696,5.7,5.8,11.5,2.0,1.2,0.8,3.0,7.4,19.1,103.0,106.0,2010,Glen Davis-2010,0.0,Not Selected,Forward,BOS,0.04065040650406504
2009-10,Paul Davis,davispa01,PF,25,WAS,2,0,8,13.1,26.2,0.5,0.0,0.0,0.0,13.1,26.2,0.5,6.5,13.1,0.5,0.0,0.0,0.0,19.6,0.0,6.5,0.0,0.0,32.7,129.0,111.0,2010,Paul Davis-2010,0.0,Not Selected,Forward,WAS,0.02113821138211382
2009-10,Ricky Davis,davisri01,SF,30,LAC,36,2,499,6.4,14.9,0.434,1.7,4.4,0.381,4.8,10.5,0.455,1.9,3.2,0.581,1.0,4.9,5.9,4.1,1.1,0.3,3.0,4.1,16.4,96.0,113.0,2010,Ricky Davis-2010,0.0,Not Selected,Forward,LAC,0.023577235772357725
2009-10,Austin Daye,dayeau01,SF,21,DET,69,4,915,8.1,17.5,0.46399999999999997,1.7,5.6,0.305,6.4,11.8,0.54,2.7,3.3,0.821,2.0,8.3,10.3,2.0,1.5,1.5,2.8,6.8,20.7,105.0,110.0,2010,Austin Daye-2010,0.0,Not Selected,Forward,DET,0.02195121951219512
2009-10,Carlos Delfino,delfica01,SF,27,MIL,75,66,2279,6.9,16.8,0.408,3.1,8.4,0.36700000000000005,3.8,8.4,0.45,2.1,2.7,0.782,1.2,7.9,9.1,4.6,1.8,0.5,2.7,3.2,19.0,103.0,103.0,2010,Carlos Delfino-2010,0.0,Not Selected,Forward,MIL,0.03739837398373984
2009-10,Luol Deng,denglu01,SF,24,CHI,70,69,2651,9.2,19.7,0.466,0.6,1.6,0.386,8.6,18.1,0.474,4.9,6.4,0.764,2.5,7.4,10.0,2.8,1.3,1.2,2.6,2.5,23.9,106.0,106.0,2010,Luol Deng-2010,0.0,Not Selected,Forward,CHI,0.03333333333333333
2009-10,DeMar DeRozan,derozde01,SG,20,TOR,77,65,1664,7.9,15.9,0.498,0.1,0.5,0.25,7.8,15.4,0.506,4.6,6.0,0.763,2.0,4.9,6.9,1.6,1.3,0.6,1.9,5.5,20.5,110.0,115.0,2010,DeMar DeRozan-2010,0.0,Not Selected,Guard,TOR,0.032520325203252036
2009-10,Boris Diaw,diawbo01,PF,27,CHA,82,82,2906,6.8,14.1,0.483,1.2,3.8,0.32,5.6,10.4,0.541,2.1,2.7,0.769,2.4,5.4,7.8,5.9,1.1,1.0,3.3,4.0,16.9,107.0,105.0,2010,Boris Diaw-2010,0.0,Not Selected,Forward,CHO,0.03577235772357724
2009-10,Yakhouba Diawara,diawaya01,SG,27,MIA,6,2,44,2.4,12.2,0.2,1.2,7.3,0.16699999999999998,1.2,4.9,0.25,0.0,0.0,0.0,1.2,3.7,4.9,3.7,1.2,0.0,3.7,9.7,6.1,57.0,108.0,2010,Yakhouba Diawara-2010,0.0,Not Selected,Guard,MIA,0.038211382113821135
2009-10,Travis Diener,dienetr01,PG,27,TOT,9,0,51,2.0,10.2,0.2,1.0,7.1,0.14300000000000002,1.0,3.1,0.33299999999999996,1.0,4.1,0.25,0.0,3.1,3.1,8.2,4.1,0.0,0.0,2.0,6.1,85.0,105.0,2010,Travis Diener-2010,0.0,Not Selected,Guard,TOT,0.03333333333333333
2009-10,DeSagana Diop,diopde01,C,28,CHA,27,0,262,3.0,5.9,0.517,0.0,0.0,0.0,3.0,5.9,0.517,0.4,1.8,0.222,4.9,8.3,13.2,1.0,1.0,2.8,2.4,6.3,6.5,94.0,101.0,2010,DeSagana Diop-2010,0.0,Not Selected,Center,CHO,0.03577235772357724
2009-10,Keyon Dooling,doolike01,PG,29,NJN,53,8,971,7.0,17.5,0.39799999999999996,3.2,8.5,0.376,3.8,9.0,0.419,2.5,3.3,0.77,0.4,2.5,2.9,7.3,1.8,0.0,3.2,4.4,19.7,102.0,113.0,2010,Keyon Dooling-2010,0.0,Not Selected,Guard,BRK,0.00975609756097561
2009-10,Joey Dorsey,dorsejo01,PF,26,TOT,15,0,106,4.3,9.6,0.45,0.0,0.0,0.0,4.3,9.6,0.45,2.4,5.8,0.41700000000000004,7.7,13.0,20.7,1.0,1.4,1.0,2.9,10.1,11.1,98.0,105.0,2010,Joey Dorsey-2010,0.0,Not Selected,Forward,TOT,0.03333333333333333
2009-10,Toney Douglas,douglto01,PG,23,NYK,56,12,1087,8.4,18.4,0.45799999999999996,3.2,8.2,0.389,5.2,10.2,0.514,2.6,3.2,0.809,1.9,3.2,5.1,5.3,2.0,0.1,2.6,5.5,22.6,113.0,113.0,2010,Toney Douglas-2010,0.0,Not Selected,Guard,NYK,0.023577235772357725
2009-10,Chris Douglas-Roberts,douglch01,SF,23,NJN,67,38,1730,7.7,17.4,0.445,0.4,1.6,0.259,7.3,15.8,0.46399999999999997,4.0,4.8,0.847,1.4,4.6,6.0,2.8,1.7,0.6,2.9,3.1,20.0,98.0,112.0,2010,Chris Douglas-Roberts-2010,0.0,Not Selected,Forward,BRK,0.00975609756097561
2009-10,Goran Dragić,dragigo01,PG,23,PHO,80,2,1442,7.8,17.1,0.452,2.6,6.6,0.39399999999999996,5.2,10.6,0.488,4.1,5.6,0.736,1.3,4.6,6.0,8.4,1.7,0.3,4.4,4.6,22.2,110.0,112.0,2010,Goran Dragić-2010,0.0,Not Selected,Guard,PHO,0.04390243902439024
2009-10,Jared Dudley,dudleja01,SF,24,PHO,82,1,1991,5.7,12.4,0.45899999999999996,3.0,6.6,0.45799999999999996,2.7,5.8,0.461,2.6,3.5,0.754,2.5,4.6,7.1,2.9,2.0,0.4,1.7,4.1,17.0,124.0,111.0,2010,Jared Dudley-2010,0.0,Not Selected,Forward,PHO,0.04390243902439024
2009-10,Chris Duhon,duhonch01,PG,27,NYK,67,59,2072,4.1,11.1,0.373,2.2,6.4,0.349,1.9,4.8,0.40399999999999997,1.7,2.3,0.716,0.7,3.7,4.4,9.3,1.5,0.1,2.7,2.0,12.2,107.0,114.0,2010,Chris Duhon-2010,0.0,Not Selected,Guard,NYK,0.023577235772357725
2009-10,Tim Duncan,duncati01,C,33,SAS,78,77,2438,12.0,23.2,0.518,0.0,0.2,0.182,12.0,23.0,0.522,5.8,8.0,0.725,4.7,12.2,16.9,5.3,1.0,2.5,3.0,3.3,30.0,116.0,101.0,2010,Tim Duncan-2010,3.0,3rd,Forward,SAS,0.04065040650406504
2009-10,Mike Dunleavy,dunlemi02,SF,29,IND,67,15,1486,7.6,18.6,0.41,2.5,7.9,0.318,5.1,10.7,0.478,4.4,5.3,0.8420000000000001,0.8,7.0,7.9,3.4,1.3,0.5,2.4,3.5,22.2,104.0,108.0,2010,Mike Dunleavy-2010,0.0,Not Selected,Forward,IND,0.026016260162601626
2009-10,Kevin Durant,duranke01,SF,21,OKC,82,82,3239,12.6,26.6,0.47600000000000003,2.0,5.6,0.365,10.6,21.0,0.506,12.0,13.4,0.9,1.7,8.2,9.9,3.7,1.8,1.3,4.3,2.7,39.4,118.0,104.0,2010,Kevin Durant-2010,1.0,1st,Forward,OKC,0.04065040650406504
2009-10,Wayne Ellington,ellinwa01,SG,22,MIN,76,1,1384,6.9,16.2,0.424,2.3,5.8,0.395,4.5,10.3,0.441,2.2,2.5,0.871,1.2,4.5,5.7,2.7,0.7,0.2,2.7,2.6,18.2,101.0,115.0,2010,Wayne Ellington-2010,0.0,Not Selected,Guard,MIN,0.012195121951219513
2009-10,Monta Ellis,ellismo01,SG,24,GSW,64,64,2647,11.4,25.4,0.449,1.4,4.1,0.33799999999999997,10.0,21.3,0.47,5.3,7.0,0.753,0.8,3.8,4.6,6.1,2.6,0.5,4.4,3.4,29.5,99.0,112.0,2010,Monta Ellis-2010,0.0,Not Selected,Guard,GSW,0.02113821138211382
2009-10,Francisco Elson,elsonfr01,C,33,TOT,12,0,66,4.0,11.9,0.33299999999999996,0.0,0.0,0.0,4.0,11.9,0.33299999999999996,1.6,4.0,0.4,4.8,6.3,11.1,1.6,0.8,0.0,0.8,5.6,9.5,90.0,107.0,2010,Francisco Elson-2010,0.0,Not Selected,Center,TOT,0.03333333333333333
2009-10,Maurice Evans,evansma01,SF,31,ATL,79,5,1317,7.1,15.9,0.445,2.3,6.8,0.337,4.8,9.1,0.527,1.9,2.5,0.754,2.4,3.8,6.2,1.9,1.4,0.7,0.8,5.1,18.3,117.0,109.0,2010,Maurice Evans-2010,0.0,Not Selected,Forward,ATL,0.043089430894308944
2009-10,Reggie Evans,evansre01,PF,29,TOR,28,1,311,5.6,11.4,0.493,0.0,0.0,0.0,5.6,11.4,0.493,4.5,10.0,0.45,5.0,12.4,17.4,1.3,2.3,0.7,3.6,7.3,15.8,96.0,107.0,2010,Reggie Evans-2010,0.0,Not Selected,Forward,TOR,0.032520325203252036
2009-10,Tyreke Evans,evansty01,SG,20,SAC,72,72,2677,10.2,22.2,0.45799999999999996,0.7,2.7,0.255,9.5,19.5,0.485,6.6,8.9,0.748,1.3,6.0,7.2,7.9,2.1,0.5,4.1,3.9,27.7,107.0,110.0,2010,Tyreke Evans-2010,0.0,Not Selected,Guard,SAC,0.02032520325203252
2009-10,Jordan Farmar,farmajo01,PG,23,LAL,82,0,1474,7.9,18.1,0.435,3.0,8.0,0.376,4.8,10.0,0.483,2.0,3.0,0.6709999999999999,0.5,4.1,4.6,4.5,1.8,0.4,2.5,3.8,20.7,105.0,106.0,2010,Jordan Farmar-2010,0.0,Not Selected,Guard,LAL,0.046341463414634146
2009-10,Raymond Felton,feltora01,PG,25,CHA,80,80,2643,7.8,17.0,0.45899999999999996,1.2,3.1,0.385,6.6,13.9,0.475,2.7,3.5,0.763,1.1,4.7,5.8,9.0,2.5,0.4,3.4,3.5,19.5,107.0,103.0,2010,Raymond Felton-2010,0.0,Not Selected,Guard,CHO,0.03577235772357724
2009-10,Rudy Fernández,fernaru01,SG,24,POR,62,2,1441,6.1,16.1,0.37799999999999995,3.7,10.1,0.368,2.4,6.0,0.395,3.2,3.7,0.867,1.3,4.9,6.2,4.8,2.4,0.4,2.7,3.3,19.1,108.0,107.0,2010,Rudy Fernández-2010,0.0,Not Selected,Guard,POR,0.04065040650406504
2009-10,Kyrylo Fesenko,fesenky01,C,23,UTA,49,5,408,6.5,11.9,0.547,0.0,0.1,0.0,6.5,11.8,0.5529999999999999,3.0,7.1,0.42100000000000004,4.1,7.1,11.3,1.9,0.8,2.4,3.0,9.8,16.1,100.0,105.0,2010,Kyrylo Fesenko-2010,0.0,Not Selected,Center,UTA,0.043089430894308944
2009-10,Michael Finley,finlemi01,SF,36,TOT,46,7,709,6.0,13.6,0.44,2.4,6.1,0.39,3.6,7.5,0.48,0.6,1.1,0.5329999999999999,0.4,4.8,5.2,3.2,0.7,0.4,1.6,2.4,14.9,104.0,108.0,2010,Michael Finley-2010,0.0,Not Selected,Forward,TOT,0.03333333333333333
2009-10,Derek Fisher,fishede01,PG,35,LAL,82,82,2227,4.9,13.0,0.38,1.8,5.2,0.348,3.1,7.8,0.401,2.6,3.1,0.856,0.6,3.4,3.9,4.7,2.1,0.2,1.8,4.7,14.3,105.0,106.0,2010,Derek Fisher-2010,0.0,Not Selected,Guard,LAL,0.046341463414634146
2009-10,Jonny Flynn,flynnjo01,PG,20,MIN,81,81,2339,8.5,20.3,0.41700000000000004,1.6,4.6,0.358,6.8,15.7,0.434,4.8,5.8,0.826,0.5,3.6,4.1,7.6,1.8,0.0,5.0,2.1,23.4,97.0,114.0,2010,Jonny Flynn-2010,0.0,Not Selected,Guard,MIN,0.012195121951219513
2009-10,T.J. Ford,fordtj01,PG,26,IND,47,32,1189,7.7,17.4,0.445,0.3,2.1,0.16,7.4,15.3,0.484,4.3,5.6,0.77,1.7,4.5,6.2,7.5,1.8,0.5,3.7,4.2,20.1,101.0,108.0,2010,T.J. Ford-2010,0.0,Not Selected,Guard,IND,0.026016260162601626
2009-10,Jeff Foster,fosteje01,C,33,IND,16,3,255,4.3,8.9,0.478,0.0,0.2,0.0,4.3,8.7,0.489,1.0,1.7,0.556,6.6,9.1,15.7,4.1,0.6,0.8,2.7,8.7,9.5,107.0,107.0,2010,Jeff Foster-2010,0.0,Not Selected,Center,IND,0.026016260162601626
2009-10,Randy Foye,foyera01,PG,26,WAS,70,38,1667,8.0,19.4,0.414,2.0,5.7,0.34600000000000003,6.1,13.7,0.442,4.1,4.6,0.89,0.5,3.6,4.1,7.2,1.0,0.3,3.0,3.9,22.1,106.0,113.0,2010,Randy Foye-2010,0.0,Not Selected,Guard,WAS,0.02113821138211382
2009-10,Channing Frye,fryech01,C,26,PHO,81,41,2190,7.3,16.2,0.451,4.0,9.0,0.439,3.3,7.2,0.466,2.3,2.8,0.81,1.5,8.3,9.8,2.6,1.5,1.7,1.7,6.0,20.8,120.0,108.0,2010,Channing Frye-2010,0.0,Not Selected,Center,PHO,0.04390243902439024
2009-10,Dan Gadzuric,gadzuda01,C,31,MIL,32,6,314,6.5,14.8,0.43799999999999994,0.0,0.0,0.0,6.5,14.8,0.43799999999999994,1.7,4.2,0.4,6.3,9.0,15.3,2.0,1.5,2.2,2.5,10.5,14.7,96.0,100.0,2010,Dan Gadzuric-2010,0.0,Not Selected,Center,MIL,0.03739837398373984
2009-10,Sundiata Gaines,gainesu01,PG,23,UTA,32,0,217,9.0,19.3,0.46299999999999997,1.7,6.1,0.26899999999999996,7.3,13.2,0.5539999999999999,5.4,10.8,0.5,1.4,5.4,6.8,9.2,2.8,0.0,3.3,4.0,25.0,107.0,105.0,2010,Sundiata Gaines-2010,0.0,Not Selected,Guard,UTA,0.043089430894308944
2009-10,Danilo Gallinari,gallida01,SF,21,NYK,81,74,2747,7.3,17.2,0.423,3.5,9.1,0.381,3.8,8.2,0.469,4.7,5.7,0.818,1.2,6.2,7.4,2.5,1.4,1.1,2.0,3.6,22.7,113.0,112.0,2010,Danilo Gallinari-2010,0.0,Not Selected,Forward,NYK,0.023577235772357725
2009-10,Francisco García,garcifr01,SG,28,SAC,25,4,575,7.3,15.6,0.466,2.0,5.2,0.39,5.2,10.4,0.504,1.3,1.5,0.882,1.0,4.9,5.9,4.0,0.9,1.7,1.9,4.4,17.9,111.0,111.0,2010,Francisco García-2010,0.0,Not Selected,Guard,SAC,0.02032520325203252
2009-10,Kevin Garnett,garneke01,PF,33,BOS,69,69,2060,10.2,19.6,0.521,0.0,0.1,0.2,10.2,19.5,0.523,4.7,5.6,0.8370000000000001,2.0,10.9,12.9,4.7,1.7,1.4,2.6,4.3,25.2,112.0,101.0,2010,Kevin Garnett-2010,0.0,Not Selected,Forward,BOS,0.04065040650406504
2009-10,Marc Gasol,gasolma01,C,25,MEM,69,69,2469,7.9,13.5,0.581,0.0,0.0,0.0,7.9,13.5,0.5820000000000001,5.2,7.8,0.67,4.3,9.0,13.3,3.4,1.4,2.3,2.8,5.3,20.9,121.0,108.0,2010,Marc Gasol-2010,0.0,Not Selected,Center,MEM,0.032520325203252036
2009-10,Pau Gasol,gasolpa01,C,29,LAL,65,65,2403,9.7,18.2,0.536,0.0,0.1,0.0,9.7,18.1,0.539,6.2,7.8,0.79,5.2,10.6,15.8,4.7,0.8,2.4,3.1,3.3,25.6,120.0,102.0,2010,Pau Gasol-2010,3.0,3rd,Forward,LAL,0.046341463414634146
2009-10,Rudy Gay,gayru01,SF,23,MEM,80,80,3175,9.7,20.8,0.466,1.1,3.3,0.327,8.6,17.5,0.49200000000000005,4.9,6.5,0.753,1.9,5.8,7.6,2.5,1.9,1.0,2.7,3.2,25.3,109.0,110.0,2010,Rudy Gay-2010,0.0,Not Selected,Forward,MEM,0.032520325203252036
2009-10,Alonzo Gee,geeal01,SG,22,WAS,11,2,182,8.1,17.0,0.475,2.0,2.6,0.778,6.0,14.4,0.42,5.2,8.3,0.621,4.3,5.2,9.5,2.0,2.0,0.3,2.9,3.7,23.3,111.0,110.0,2010,Alonzo Gee-2010,0.0,Not Selected,Guard,WAS,0.02113821138211382
2009-10,Devean George,georgde01,SF,32,GSW,45,4,761,5.6,12.9,0.43200000000000005,3.0,7.7,0.39,2.6,5.2,0.494,1.0,1.4,0.696,1.3,5.8,7.2,2.0,2.6,0.6,0.9,5.6,15.2,113.0,110.0,2010,Devean George-2010,0.0,Not Selected,Forward,GSW,0.02113821138211382
2009-10,Daniel Gibson,gibsoda01,PG,23,CLE,56,10,1068,6.1,13.2,0.466,3.5,7.3,0.47700000000000004,2.7,5.9,0.45399999999999996,1.7,2.4,0.6940000000000001,0.6,3.0,3.6,3.4,1.2,0.3,1.8,3.9,17.5,117.0,108.0,2010,Daniel Gibson-2010,0.0,Not Selected,Guard,CLE,0.04959349593495935
2009-10,Taj Gibson,gibsota01,PF,24,CHI,82,70,2204,7.3,14.7,0.494,0.0,0.0,0.0,7.3,14.7,0.494,2.6,4.1,0.6459999999999999,5.3,9.0,14.3,1.6,1.2,2.4,2.7,6.6,17.2,104.0,103.0,2010,Taj Gibson-2010,0.0,Not Selected,Forward,CHI,0.03333333333333333
2009-10,J.R. Giddens,giddejr01,SF,24,TOT,32,1,239,6.0,13.0,0.467,0.0,2.2,0.0,6.0,10.8,0.56,2.8,5.0,0.565,3.5,7.6,11.0,2.8,1.9,0.4,3.7,6.3,14.9,93.0,107.0,2010,J.R. Giddens-2010,0.0,Not Selected,Forward,TOT,0.03333333333333333
2009-10,Trey Gilder,gildetr01,SF,25,MEM,2,0,5,10.3,10.3,1.0,0.0,0.0,0.0,10.3,10.3,1.0,0.0,0.0,0.0,0.0,10.3,10.3,0.0,10.3,0.0,0.0,0.0,20.5,200.0,91.0,2010,Trey Gilder-2010,0.0,Not Selected,Forward,MEM,0.032520325203252036
2009-10,Manu Ginóbili,ginobma01,SG,32,SAS,75,21,2150,9.7,22.0,0.441,3.2,8.5,0.377,6.5,13.5,0.48100000000000004,7.5,8.6,0.87,1.7,5.3,6.9,9.0,2.5,0.6,3.8,3.8,30.1,118.0,104.0,2010,Manu Ginóbili-2010,0.0,Not Selected,Guard,SAS,0.04065040650406504
2009-10,Ryan Gomes,gomesry01,SF,27,MIN,76,64,2210,7.4,16.5,0.447,1.7,4.5,0.37200000000000005,5.7,12.0,0.475,2.4,2.8,0.825,1.7,6.1,7.9,2.8,1.4,0.4,2.1,3.5,18.8,106.0,113.0,2010,Ryan Gomes-2010,0.0,Not Selected,Forward,MIN,0.012195121951219513
2009-10,Drew Gooden,goodedr01,C-PF,28,TOT,70,33,1755,8.5,17.8,0.478,0.0,0.2,0.125,8.5,17.6,0.483,5.5,6.4,0.861,6.1,9.9,16.0,1.4,1.2,1.7,3.2,5.7,22.6,109.0,106.0,2010,Drew Gooden-2010,0.0,Not Selected,Forward,TOT,0.03333333333333333
2009-10,Ben Gordon,gordobe01,SG,26,DET,62,17,1730,9.1,21.9,0.41600000000000004,2.4,7.3,0.321,6.8,14.6,0.465,6.2,7.2,0.861,0.8,2.9,3.7,5.2,1.5,0.2,3.7,4.6,26.8,106.0,114.0,2010,Ben Gordon-2010,0.0,Not Selected,Guard,DET,0.02195121951219512
2009-10,Eric Gordon,gordoer01,SG,21,LAC,62,60,2229,8.2,18.2,0.449,2.8,7.5,0.371,5.4,10.8,0.503,5.2,7.0,0.742,0.6,3.1,3.7,4.3,1.6,0.3,3.3,2.2,24.3,107.0,113.0,2010,Eric Gordon-2010,0.0,Not Selected,Guard,LAC,0.023577235772357725
2009-10,Marcin Gortat,gortama01,C,25,ORL,81,0,1088,5.8,10.9,0.5329999999999999,0.0,0.1,0.0,5.8,10.7,0.54,2.4,3.6,0.68,5.0,11.4,16.3,0.8,0.8,3.4,2.2,6.6,14.0,113.0,99.0,2010,Marcin Gortat-2010,0.0,Not Selected,Center,ORL,0.04796747967479675
2009-10,Joey Graham,grahajo01,SF,27,DEN,63,18,759,7.0,13.5,0.52,0.1,0.9,0.154,6.9,12.6,0.545,3.6,4.9,0.74,2.6,5.6,8.2,1.5,1.5,0.5,2.9,6.9,17.8,106.0,109.0,2010,Joey Graham-2010,0.0,Not Selected,Forward,DEN,0.043089430894308944
2009-10,Stephen Graham,grahast01,SG,27,CHA,70,8,804,7.9,15.9,0.496,1.1,3.3,0.32,6.8,12.6,0.542,2.8,4.3,0.6459999999999999,1.6,7.3,8.9,1.5,1.3,0.7,2.4,6.2,19.6,104.0,104.0,2010,Stephen Graham-2010,0.0,Not Selected,Guard,CHO,0.03577235772357724
2009-10,Danny Granger,grangda01,SF,26,IND,62,62,2278,10.6,24.7,0.428,3.4,9.5,0.361,7.2,15.2,0.47100000000000003,7.9,9.3,0.848,1.5,6.0,7.4,3.7,2.0,1.1,3.4,4.0,32.5,108.0,106.0,2010,Danny Granger-2010,0.0,Not Selected,Forward,IND,0.026016260162601626
2009-10,Aaron Gray,grayaa01,C,25,TOT,32,0,311,7.0,13.7,0.512,0.0,0.0,0.0,7.0,13.7,0.512,3.3,4.7,0.7140000000000001,7.5,10.2,17.6,3.7,1.5,1.8,3.0,9.0,17.3,115.0,106.0,2010,Aaron Gray-2010,0.0,Not Selected,Center,TOT,0.03333333333333333
2009-10,Danny Green,greenda02,SG,22,CLE,20,0,115,6.9,17.8,0.385,2.7,10.1,0.273,4.1,7.8,0.529,1.8,2.7,0.667,3.7,4.1,7.8,2.3,2.7,1.4,2.3,4.1,18.3,100.0,103.0,2010,Danny Green-2010,0.0,Not Selected,Guard,CLE,0.04959349593495935
2009-10,Jeff Green,greenje02,PF,23,OKC,82,82,3043,8.2,18.1,0.45299999999999996,1.8,5.3,0.33299999999999996,6.5,12.8,0.503,2.8,3.8,0.74,1.9,6.4,8.3,2.3,1.8,1.2,2.3,3.7,21.0,106.0,105.0,2010,Jeff Green-2010,0.0,Not Selected,Forward,OKC,0.04065040650406504
2009-10,Willie Green,greenwi01,SG,28,PHI,73,18,1553,8.4,18.3,0.457,1.6,4.6,0.34600000000000003,6.8,13.7,0.494,3.2,3.8,0.833,0.7,3.7,4.4,5.1,1.1,0.4,2.3,4.6,21.5,109.0,114.0,2010,Willie Green-2010,0.0,Not Selected,Guard,PHI,0.02195121951219512
2009-10,Donté Greene,greendo01,SF,21,SAC,76,50,1630,7.6,17.3,0.441,2.2,5.7,0.377,5.5,11.6,0.473,2.8,4.4,0.643,1.7,5.7,7.3,2.2,1.3,1.7,2.9,4.7,20.3,101.0,110.0,2010,Donté Greene-2010,0.0,Not Selected,Forward,SAC,0.02032520325203252
2009-10,Taylor Griffin,griffta01,SF,23,PHO,8,0,32,6.3,15.7,0.4,0.0,3.1,0.0,6.3,12.6,0.5,3.1,6.3,0.5,0.0,3.1,3.1,1.6,0.0,3.1,1.6,6.3,15.7,87.0,113.0,2010,Taylor Griffin-2010,0.0,Not Selected,Forward,PHO,0.04390243902439024
2009-10,Hamed Haddadi,haddaha01,C,24,MEM,36,0,240,5.1,13.3,0.387,0.0,0.6,0.0,5.1,12.6,0.40700000000000003,3.0,4.1,0.737,5.6,10.5,16.0,2.1,0.2,3.0,4.3,12.2,13.3,89.0,108.0,2010,Hamed Haddadi-2010,0.0,Not Selected,Center,MEM,0.032520325203252036
2009-10,Malik Hairston,hairsma01,SG,22,SAS,47,0,317,6.6,12.6,0.526,0.3,1.8,0.182,6.3,10.7,0.585,2.8,5.0,0.5670000000000001,2.1,5.9,8.1,2.6,0.7,1.5,1.8,4.8,16.4,111.0,106.0,2010,Malik Hairston-2010,0.0,Not Selected,Guard,SAS,0.04065040650406504
2009-10,Marcus Haislip,haislma01,SF,29,SAS,10,0,44,11.9,25.0,0.47600000000000003,3.6,6.0,0.6,8.3,19.0,0.43799999999999994,2.4,6.0,0.4,4.8,7.1,11.9,0.0,0.0,2.4,3.6,6.0,29.8,100.0,106.0,2010,Marcus Haislip-2010,0.0,Not Selected,Forward,SAS,0.04065040650406504
2009-10,Richard Hamilton,hamilri01,SG,31,DET,46,46,1552,10.2,25.0,0.409,1.4,4.8,0.297,8.8,20.2,0.435,7.1,8.4,0.846,1.0,3.2,4.3,7.1,1.0,0.1,4.0,4.0,29.0,104.0,115.0,2010,Richard Hamilton-2010,0.0,Not Selected,Guard,DET,0.02195121951219512
2009-10,Tyler Hansbrough,hansbty01,PF,24,IND,29,1,511,7.8,21.8,0.36,0.0,0.4,0.0,7.8,21.4,0.36700000000000005,8.1,10.9,0.743,5.8,7.5,13.4,2.7,1.6,0.8,2.0,6.8,23.8,101.0,106.0,2010,Tyler Hansbrough-2010,0.0,Not Selected,Forward,IND,0.026016260162601626
2009-10,James Harden,hardeja01,SG,20,OKC,76,0,1738,6.9,17.1,0.40299999999999997,2.8,7.4,0.375,4.2,9.8,0.424,5.8,7.1,0.8079999999999999,1.4,5.8,7.2,4.1,2.4,0.6,3.1,5.9,22.3,109.0,104.0,2010,James Harden-2010,0.0,Not Selected,Guard,OKC,0.04065040650406504
2009-10,Al Harrington,harrial01,PF,29,NYK,72,15,2195,10.4,24.0,0.435,3.3,9.5,0.342,7.2,14.5,0.496,5.6,7.4,0.757,2.0,7.4,9.4,2.6,1.4,0.6,3.1,4.9,29.7,106.0,111.0,2010,Al Harrington-2010,0.0,Not Selected,Forward,NYK,0.023577235772357725
2009-10,Devin Harris,harride01,PG,26,NJN,64,61,2221,8.4,20.9,0.40299999999999997,1.4,5.1,0.276,7.0,15.8,0.444,7.3,9.1,0.7979999999999999,0.6,4.2,4.8,10.0,1.9,0.4,4.3,4.2,25.6,103.0,112.0,2010,Devin Harris-2010,0.0,Not Selected,Guard,BRK,0.00975609756097561
2009-10,Mike Harris,harrimi01,PF,26,TOT,13,0,96,5.9,16.0,0.36700000000000005,0.0,0.5,0.0,5.9,15.5,0.379,3.7,5.9,0.636,5.3,7.5,12.8,1.6,2.7,0.5,4.8,7.5,15.5,82.0,105.0,2010,Mike Harris-2010,0.0,Not Selected,Forward,TOT,0.03333333333333333
2009-10,Jason Hart,hartja01,PG,31,TOT,5,0,22,2.3,4.7,0.5,0.0,0.0,0.0,2.3,4.7,0.5,0.0,0.0,0.0,0.0,4.7,4.7,14.0,4.7,2.3,7.0,9.3,4.7,79.0,103.0,2010,Jason Hart-2010,0.0,Not Selected,Guard,TOT,0.03333333333333333
2009-10,Udonis Haslem,hasleud01,PF,29,MIA,78,0,2177,7.7,15.5,0.494,0.0,0.0,0.0,7.7,15.5,0.494,3.6,4.7,0.762,4.1,11.4,15.5,1.3,0.7,0.6,1.8,4.3,19.0,111.0,104.0,2010,Udonis Haslem-2010,0.0,Not Selected,Forward,MIA,0.038211382113821135
2009-10,Trenton Hassell,hassetr01,SF,30,NJN,52,31,1106,4.3,10.4,0.41100000000000003,0.0,0.2,0.0,4.3,10.2,0.42100000000000004,2.5,3.3,0.754,2.7,4.6,7.2,2.4,0.8,0.4,2.2,4.3,11.0,94.0,114.0,2010,Trenton Hassell-2010,0.0,Not Selected,Forward,BRK,0.00975609756097561
2009-10,Spencer Hawes,hawessp01,C,21,SAC,72,59,1904,8.4,17.9,0.46799999999999997,0.7,2.3,0.299,7.7,15.5,0.494,2.0,2.8,0.6890000000000001,3.9,7.8,11.7,4.2,0.9,2.2,3.5,5.4,19.4,101.0,109.0,2010,Spencer Hawes-2010,0.0,Not Selected,Center,SAC,0.02032520325203252
2009-10,Chuck Hayes,hayesch01,C,26,HOU,82,82,1773,4.6,9.5,0.489,0.0,0.0,0.0,4.6,9.5,0.489,1.0,1.9,0.545,4.3,9.0,13.4,4.0,2.1,1.2,2.1,6.3,10.3,108.0,105.0,2010,Chuck Hayes-2010,0.0,Not Selected,Center,HOU,0.03414634146341464
2009-10,Jarvis Hayes,hayesja01,SF,28,NJN,45,19,1033,7.0,16.7,0.42100000000000004,3.1,9.1,0.335,4.0,7.6,0.523,0.7,0.9,0.778,0.5,5.0,5.5,2.0,1.5,0.5,1.4,4.6,17.8,102.0,112.0,2010,Jarvis Hayes-2010,0.0,Not Selected,Forward,BRK,0.00975609756097561
2009-10,Brendan Haywood,haywobr01,C,30,TOT,77,67,2355,6.1,10.9,0.562,0.0,0.0,0.0,6.1,10.9,0.563,3.4,5.4,0.62,6.2,9.7,15.9,1.0,0.6,3.5,2.2,4.6,15.6,117.0,106.0,2010,Brendan Haywood-2010,0.0,Not Selected,Center,TOT,0.03333333333333333
2009-10,Luther Head,headlu01,SG,27,IND,47,10,813,8.3,18.9,0.43700000000000006,2.3,6.4,0.35200000000000004,6.0,12.5,0.48100000000000004,2.9,3.5,0.828,0.4,4.5,4.9,4.4,1.1,0.5,3.3,3.2,21.7,98.0,110.0,2010,Luther Head-2010,0.0,Not Selected,Guard,IND,0.026016260162601626
2009-10,Gerald Henderson,hendege02,SG,22,CHA,43,0,355,5.5,15.6,0.35600000000000004,0.6,2.8,0.21100000000000002,4.9,12.7,0.38799999999999996,5.2,7.0,0.745,2.2,6.0,8.2,1.9,1.5,1.3,2.1,3.7,16.9,96.0,104.0,2010,Gerald Henderson-2010,0.0,Not Selected,Guard,CHO,0.03577235772357724
2009-10,Roy Hibbert,hibbero01,C,23,IND,81,69,2035,9.4,19.0,0.495,0.1,0.1,0.5,9.3,18.9,0.495,4.1,5.4,0.754,4.3,7.0,11.3,3.8,0.7,3.2,3.5,6.9,23.0,105.0,106.0,2010,Roy Hibbert-2010,0.0,Not Selected,Center,IND,0.026016260162601626
2009-10,J.J. Hickson,hicksjj01,PF,21,CLE,81,73,1691,9.0,16.2,0.5539999999999999,0.0,0.0,0.0,9.0,16.2,0.555,3.4,5.1,0.6809999999999999,3.4,9.0,12.4,1.2,1.1,1.2,2.9,4.1,21.4,109.0,104.0,2010,J.J. Hickson-2010,0.0,Not Selected,Forward,CLE,0.04959349593495935
2009-10,Nenê,hilarne01,C,27,DEN,82,82,2755,7.7,13.2,0.5870000000000001,0.0,0.0,0.0,7.7,13.1,0.589,5.4,7.6,0.7040000000000001,3.1,8.5,11.5,3.7,2.1,1.5,2.3,5.2,20.9,124.0,105.0,2010,Nenê-2010,0.0,Not Selected,Center,DEN,0.043089430894308944
2009-10,George Hill,hillge01,PG,23,SAS,78,43,2276,8.1,17.0,0.478,1.7,4.3,0.39899999999999997,6.4,12.7,0.505,4.2,5.5,0.772,1.0,3.8,4.7,5.2,1.6,0.6,2.3,5.1,22.2,115.0,106.0,2010,George Hill-2010,0.0,Not Selected,Guard,SAS,0.04065040650406504
2009-10,Grant Hill,hillgr01,SF,37,PHO,81,81,2430,7.0,14.6,0.478,0.7,1.7,0.43799999999999994,6.2,12.9,0.483,4.2,5.2,0.8170000000000001,1.5,7.7,9.2,4.0,1.2,0.7,2.2,3.4,18.9,114.0,110.0,2010,Grant Hill-2010,0.0,Not Selected,Forward,PHO,0.04390243902439024
2009-10,Jordan Hill,hilljo01,PF,22,TOT,47,0,624,8.1,16.4,0.493,0.0,0.2,0.0,8.1,16.3,0.49700000000000005,3.8,5.6,0.6759999999999999,6.2,8.1,14.3,1.6,1.1,1.7,2.5,7.5,20.0,109.0,108.0,2010,Jordan Hill-2010,0.0,Not Selected,Forward,TOT,0.03333333333333333
2009-10,Kirk Hinrich,hinriki01,SG,29,CHI,74,53,2481,6.4,15.6,0.409,2.2,5.8,0.371,4.2,9.8,0.431,1.8,2.3,0.752,0.5,4.9,5.4,6.9,1.8,0.5,2.3,4.2,16.7,104.0,107.0,2010,Kirk Hinrich-2010,0.0,Not Selected,Guard,CHI,0.03333333333333333
2009-10,Jrue Holiday,holidjr01,PG,19,PHI,73,51,1767,6.8,15.4,0.442,1.8,4.7,0.39,5.0,10.7,0.465,1.9,2.6,0.7559999999999999,1.7,4.0,5.7,8.3,2.3,0.5,4.6,4.5,17.4,100.0,111.0,2010,Jrue Holiday-2010,0.0,Not Selected,Guard,PHI,0.02195121951219512
2009-10,Ryan Hollins,holliry01,C,25,MIN,73,27,1223,6.9,12.4,0.5579999999999999,0.0,0.0,0.0,6.9,12.3,0.56,4.5,6.5,0.69,3.2,5.2,8.5,2.1,0.8,1.6,3.9,8.1,18.3,105.0,113.0,2010,Ryan Hollins-2010,0.0,Not Selected,Center,MIN,0.012195121951219513
2009-10,Al Horford,horfoal01,C,23,ATL,81,81,2845,8.7,15.9,0.551,0.0,0.0,1.0,8.7,15.8,0.551,4.0,5.1,0.789,4.4,10.5,15.0,3.5,1.1,1.7,2.3,4.2,21.5,121.0,105.0,2010,Al Horford-2010,0.0,Not Selected,Center,ATL,0.043089430894308944
2009-10,Eddie House,houseed01,PG-SG,31,TOT,68,0,1217,7.4,19.4,0.38,3.4,9.7,0.348,4.0,9.7,0.41200000000000003,2.1,2.2,0.9229999999999999,0.6,4.1,4.7,3.6,1.7,0.3,2.0,3.5,20.2,99.0,109.0,2010,Eddie House-2010,0.0,Not Selected,Guard,TOT,0.03333333333333333
2009-10,Dwight Howard,howardw01,C,24,ORL,82,82,2843,9.4,15.3,0.612,0.0,0.1,0.0,9.4,15.2,0.617,8.9,15.0,0.5920000000000001,5.2,14.6,19.8,2.6,1.4,4.2,5.0,5.3,27.6,113.0,95.0,2010,Dwight Howard-2010,1.0,1st,Center,ORL,0.04796747967479675
2009-10,Josh Howard,howarjo01,SF,29,TOT,35,12,918,8.9,22.0,0.405,1.3,4.9,0.267,7.6,17.1,0.444,6.2,7.9,0.784,1.7,5.4,7.1,2.7,1.5,0.6,2.6,5.1,25.2,100.0,108.0,2010,Josh Howard-2010,0.0,Not Selected,Forward,TOT,0.03333333333333333
2009-10,Juwan Howard,howarju01,C,36,POR,73,27,1632,6.4,12.6,0.509,0.0,0.0,0.0,6.4,12.5,0.511,1.8,2.3,0.7859999999999999,3.6,7.6,11.2,2.0,0.9,0.3,2.4,6.4,14.7,107.0,108.0,2010,Juwan Howard-2010,0.0,Not Selected,Center,POR,0.04065040650406504
2009-10,Lester Hudson,hudsole01,PG,25,TOT,25,0,131,8.3,21.0,0.396,2.0,6.3,0.313,6.3,14.7,0.43200000000000005,4.4,5.1,0.846,2.8,4.4,7.1,5.1,3.2,1.2,5.5,4.8,23.0,94.0,105.0,2010,Lester Hudson-2010,0.0,Not Selected,Guard,TOT,0.03333333333333333
2009-10,Larry Hughes,hughela01,SG,31,TOT,45,16,1115,6.3,17.9,0.355,2.0,6.4,0.309,4.4,11.4,0.381,4.4,5.2,0.8320000000000001,1.1,5.5,6.6,6.3,2.4,0.7,3.5,3.2,19.0,97.0,108.0,2010,Larry Hughes-2010,0.0,Not Selected,Guard,TOT,0.03333333333333333
2009-10,Kris Humphries,humphkr01,PF,24,TOT,69,0,1221,7.7,17.5,0.441,0.0,0.0,0.0,7.7,17.5,0.442,5.4,8.1,0.6679999999999999,5.1,11.1,16.2,1.4,1.5,2.1,2.8,6.2,20.9,101.0,105.0,2010,Kris Humphries-2010,0.0,Not Selected,Forward,TOT,0.03333333333333333
2009-10,Chris Hunter,huntech01,C,25,GSW,60,9,783,6.7,13.3,0.502,0.0,0.2,0.0,6.7,13.0,0.512,3.2,4.2,0.754,3.4,6.8,10.2,2.3,0.8,2.1,1.8,8.1,16.5,111.0,112.0,2010,Chris Hunter-2010,0.0,Not Selected,Center,GSW,0.02113821138211382
2009-10,Lindsey Hunter,hunteli01,PG,39,CHI,13,0,122,2.1,12.7,0.16699999999999998,0.4,5.5,0.077,1.7,7.2,0.235,0.8,0.8,1.0,0.4,5.5,5.9,3.8,0.4,0.0,1.7,5.1,5.5,56.0,110.0,2010,Lindsey Hunter-2010,0.0,Not Selected,Guard,CHI,0.03333333333333333
2009-10,Othello Hunter,hunteot01,SF,23,ATL,7,0,33,6.5,19.4,0.33299999999999996,0.0,0.0,0.0,6.5,19.4,0.33299999999999996,4.8,6.5,0.75,9.7,9.7,19.4,0.0,0.0,1.6,4.8,8.1,17.8,88.0,107.0,2010,Othello Hunter-2010,0.0,Not Selected,Forward,ATL,0.043089430894308944
2009-10,Steven Hunter,huntest01,C,28,MEM,21,0,158,5.5,14.0,0.395,0.0,0.0,0.0,5.5,14.0,0.395,6.2,11.7,0.528,5.8,7.8,13.6,0.0,0.3,3.2,2.9,3.2,17.2,95.0,110.0,2010,Steven Hunter-2010,0.0,Not Selected,Center,MEM,0.032520325203252036
2009-10,Serge Ibaka,ibakase01,PF,20,OKC,73,0,1323,7.8,14.4,0.5429999999999999,0.0,0.1,0.5,7.8,14.3,0.5429999999999999,2.3,3.6,0.63,5.4,10.1,15.5,0.4,1.0,3.8,2.7,7.6,18.0,109.0,101.0,2010,Serge Ibaka-2010,0.0,Not Selected,Forward,OKC,0.04065040650406504
2009-10,Andre Iguodala,iguodan01,SF,26,PHI,82,82,3193,8.1,18.4,0.44299999999999995,1.5,5.0,0.31,6.6,13.4,0.49200000000000005,5.2,7.1,0.733,1.3,7.3,8.7,7.7,2.3,0.9,3.6,2.4,23.0,108.0,109.0,2010,Andre Iguodala-2010,0.0,Not Selected,Forward,PHI,0.02195121951219512
2009-10,Zydrunas Ilgauskas,ilgauzy01,C,34,CLE,64,6,1339,7.6,17.2,0.44299999999999995,0.4,0.9,0.478,7.2,16.3,0.441,2.9,4.0,0.743,4.5,9.1,13.5,1.9,0.5,2.0,2.5,7.2,18.6,102.0,104.0,2010,Zydrunas Ilgauskas-2010,0.0,Not Selected,Center,CLE,0.04959349593495935
2009-10,D.J. Mbenga,mbengdj01,C,29,LAL,49,2,355,7.0,15.0,0.466,0.0,0.0,0.0,7.0,15.0,0.466,1.3,2.8,0.474,4.7,8.0,12.7,1.2,0.7,4.2,2.2,7.9,15.3,99.0,101.0,2010,D.J. Mbenga-2010,0.0,Not Selected,Center,LAL,0.046341463414634146
2009-10,Ersan İlyasova,ilyaser01,PF,22,MIL,81,31,1898,8.9,20.1,0.44299999999999995,2.2,6.6,0.336,6.7,13.5,0.496,3.1,4.4,0.715,4.3,9.9,14.3,2.3,1.5,0.6,2.0,6.9,23.2,110.0,102.0,2010,Ersan İlyasova-2010,0.0,Not Selected,Forward,MIL,0.03739837398373984
2009-10,Allen Iverson,iversal01,SG-PG,34,TOT,28,24,865,8.2,19.1,0.43,0.5,1.5,0.36,7.7,17.6,0.436,6.3,7.9,0.794,1.0,3.8,4.8,6.8,1.1,0.1,3.9,2.9,23.3,103.0,114.0,2010,Allen Iverson-2010,0.0,Not Selected,Guard,TOT,0.03333333333333333
2009-10,Royal Ivey,iveyro01,SG,28,TOT,44,0,326,5.6,13.3,0.42200000000000004,2.3,5.6,0.4,3.4,7.7,0.43799999999999994,1.4,1.9,0.75,1.0,4.5,5.5,4.3,3.1,0.3,1.8,6.3,14.9,108.0,108.0,2010,Royal Ivey-2010,0.0,Not Selected,Guard,TOT,0.03333333333333333
2009-10,Jarrett Jack,jackja01,PG,26,TOR,82,43,2243,7.4,15.4,0.48100000000000004,1.9,4.6,0.41200000000000003,5.5,10.9,0.511,4.7,5.5,0.8420000000000001,0.7,4.4,5.1,9.5,1.4,0.1,3.7,3.5,21.4,116.0,115.0,2010,Jarrett Jack-2010,0.0,Not Selected,Guard,TOR,0.032520325203252036
2009-10,Cedric Jackson,jacksce01,PG,23,TOT,12,0,74,4.2,14.2,0.3,0.7,4.2,0.16699999999999998,3.5,9.9,0.35700000000000004,5.0,8.5,0.583,1.4,4.2,5.7,9.9,2.1,1.4,7.8,5.0,14.2,76.0,107.0,2010,Cedric Jackson-2010,0.0,Not Selected,Guard,TOT,0.03333333333333333
2009-10,Darnell Jackson,jacksda01,PF,24,TOT,28,0,123,3.8,12.8,0.3,0.4,1.7,0.25,3.4,11.1,0.308,1.7,2.6,0.667,3.8,5.6,9.4,1.7,0.9,1.7,5.6,9.0,9.8,67.0,105.0,2010,Darnell Jackson-2010,0.0,Not Selected,Forward,TOT,0.03333333333333333
2009-10,Stephen Jackson,jacksst02,SG-PF,31,TOT,81,81,3129,10.1,23.8,0.423,2.2,6.6,0.32799999999999996,7.9,17.2,0.46,5.7,7.3,0.779,1.3,5.4,6.7,5.0,2.2,0.7,4.4,3.3,28.0,100.0,104.0,2010,Stephen Jackson-2010,0.0,Not Selected,Forward,TOT,0.03333333333333333
2009-10,LeBron James,jamesle01,SF,25,CLE,76,76,2966,13.6,27.1,0.503,2.3,6.9,0.33299999999999996,11.3,20.2,0.56,10.5,13.7,0.767,1.3,8.6,9.8,11.5,2.2,1.4,4.6,2.1,40.0,121.0,102.0,2010,LeBron James-2010,1.0,1st,Forward,CLE,0.04959349593495935
2009-10,Mike James,jamesmi01,PG,34,WAS,4,0,46,6.8,22.8,0.3,2.3,6.8,0.33299999999999996,4.6,15.9,0.28600000000000003,4.6,9.1,0.5,1.1,2.3,3.4,5.7,3.4,0.0,5.7,3.4,20.5,76.0,109.0,2010,Mike James-2010,0.0,Not Selected,Guard,WAS,0.02113821138211382
2009-10,Antawn Jamison,jamisan01,PF,33,TOT,66,64,2406,10.4,22.6,0.461,1.9,5.4,0.344,8.6,17.2,0.498,4.2,6.5,0.647,3.0,9.1,12.1,1.8,1.5,0.5,2.0,3.9,26.9,108.0,107.0,2010,Antawn Jamison-2010,0.0,Not Selected,Forward,TOT,0.03333333333333333
2009-10,Nathan Jawai,jawaina01,C,23,MIN,39,2,412,5.9,13.5,0.441,0.0,0.1,0.0,5.9,13.3,0.445,3.2,4.6,0.684,5.9,6.7,12.6,2.9,1.2,1.1,3.3,7.0,15.0,100.0,112.0,2010,Nathan Jawai-2010,0.0,Not Selected,Center,MIN,0.012195121951219513
2009-10,Othyus Jeffers,jeffeot01,SG,24,UTA,14,0,73,8.4,20.3,0.414,0.0,0.0,0.0,8.4,20.3,0.414,9.1,13.3,0.684,5.6,7.7,13.3,0.7,2.8,0.0,4.2,7.0,25.9,98.0,103.0,2010,Othyus Jeffers-2010,0.0,Not Selected,Guard,UTA,0.043089430894308944
2009-10,Al Jefferson,jeffeal01,C,25,MIN,76,76,2463,11.4,22.8,0.498,0.0,0.1,0.0,11.4,22.7,0.5,3.7,5.4,0.68,3.7,10.6,14.3,2.8,1.3,2.0,2.8,4.2,26.4,106.0,108.0,2010,Al Jefferson-2010,0.0,Not Selected,Center,MIN,0.012195121951219513
2009-10,Richard Jefferson,jefferi01,SF,29,SAS,81,70,2520,7.5,16.1,0.467,1.2,3.9,0.316,6.3,12.2,0.515,4.4,6.0,0.735,1.2,6.2,7.4,3.3,0.9,0.8,2.2,3.7,20.7,110.0,106.0,2010,Richard Jefferson-2010,0.0,Not Selected,Forward,SAS,0.04065040650406504
2009-10,Jared Jeffries,jeffrja01,PF-SF,28,TOT,70,37,1794,3.9,8.9,0.439,0.6,2.0,0.29600000000000004,3.3,6.9,0.48100000000000004,2.1,3.4,0.625,3.7,4.5,8.2,2.9,1.8,2.0,2.2,5.8,10.6,106.0,110.0,2010,Jared Jeffries-2010,0.0,Not Selected,Forward,TOT,0.03333333333333333
2009-10,Brandon Jennings,jennibr01,PG,20,MIL,82,82,2671,8.8,23.8,0.371,2.8,7.6,0.374,6.0,16.2,0.37,4.4,5.4,0.8170000000000001,1.0,4.6,5.5,9.2,2.1,0.4,3.9,3.7,24.9,100.0,104.0,2010,Brandon Jennings-2010,0.0,Not Selected,Guard,MIL,0.03739837398373984
2009-10,Jonas Jerebko,jerebjo01,PF,22,DET,80,73,2232,7.0,14.6,0.48100000000000004,0.9,2.8,0.313,6.2,11.9,0.52,3.0,4.3,0.71,4.7,6.9,11.6,1.4,1.9,0.7,2.0,5.6,18.0,113.0,111.0,2010,Jonas Jerebko-2010,0.0,Not Selected,Forward,DET,0.02195121951219512
2009-10,Yi Jianlian,jianlyi01,PF,22,NJN,52,51,1655,7.2,17.9,0.40299999999999997,0.5,1.3,0.366,6.7,16.6,0.406,4.9,6.1,0.7979999999999999,3.7,8.2,11.8,1.5,1.2,1.7,2.4,5.4,19.8,99.0,109.0,2010,Yi Jianlian-2010,0.0,Not Selected,Forward,BRK,0.00975609756097561
2009-10,Amir Johnson,johnsam01,PF,22,TOR,82,5,1453,7.4,11.9,0.623,0.0,0.1,0.0,7.4,11.7,0.63,3.4,5.3,0.638,5.5,8.6,14.0,1.7,1.6,2.3,2.2,9.1,18.1,124.0,110.0,2010,Amir Johnson-2010,0.0,Not Selected,Forward,TOR,0.032520325203252036
2009-10,Anthony Johnson,johnsan02,PG,35,ORL,31,0,406,6.3,14.3,0.441,1.7,5.0,0.33299999999999996,4.6,9.2,0.5,2.4,2.6,0.95,1.0,5.1,6.2,8.1,1.4,0.1,3.3,4.1,16.7,110.0,106.0,2010,Anthony Johnson-2010,0.0,Not Selected,Guard,ORL,0.04796747967479675
2009-10,James Johnson,johnsja01,PF,22,CHI,65,11,757,6.5,14.3,0.452,1.0,3.1,0.326,5.4,11.2,0.488,3.5,4.8,0.7290000000000001,2.3,6.4,8.7,3.3,1.4,2.9,4.2,8.6,17.4,95.0,104.0,2010,James Johnson-2010,0.0,Not Selected,Forward,CHI,0.03333333333333333
2009-10,Joe Johnson,johnsjo02,SG,28,ATL,76,76,2886,11.7,25.6,0.45799999999999996,2.4,6.5,0.369,9.3,19.1,0.488,4.1,5.0,0.818,1.4,5.1,6.5,6.8,1.5,0.1,2.7,2.7,29.9,112.0,109.0,2010,Joe Johnson-2010,3.0,3rd,Guard,ATL,0.043089430894308944
2009-10,Dahntay Jones,jonesda02,SF,29,IND,76,26,1892,7.5,16.3,0.461,0.1,0.8,0.125,7.4,15.4,0.479,5.2,6.7,0.77,1.3,4.7,6.0,3.9,1.0,1.0,3.4,6.2,20.3,100.0,109.0,2010,Dahntay Jones-2010,0.0,Not Selected,Forward,IND,0.026016260162601626
2009-10,Dwayne Jones,jonesdw02,PF,26,PHO,2,0,7,0.0,0.0,0.0,0.0,0.0,0.0,0.0,0.0,0.0,0.0,0.0,0.0,0.0,14.4,14.4,0.0,0.0,0.0,0.0,7.2,0.0,0.0,108.0,2010,Dwayne Jones-2010,0.0,Not Selected,Forward,PHO,0.04390243902439024
2009-10,James Jones,jonesja02,SF,29,MIA,36,6,503,4.6,12.7,0.361,3.9,9.6,0.41100000000000003,0.6,3.1,0.207,2.4,3.0,0.821,0.4,4.4,4.8,1.8,1.2,0.4,1.2,4.8,15.5,113.0,108.0,2010,James Jones-2010,0.0,Not Selected,Forward,MIA,0.038211382113821135
2009-10,Solomon Jones,jonesso01,C,25,IND,52,2,675,5.7,12.9,0.44299999999999995,0.0,0.2,0.0,5.7,12.7,0.451,3.7,5.2,0.718,3.7,6.8,10.6,2.3,1.0,2.7,2.9,9.2,15.2,99.0,106.0,2010,Solomon Jones-2010,0.0,Not Selected,Center,IND,0.026016260162601626
2009-10,DeAndre Jordan,jordade01,C,21,LAC,70,12,1137,6.6,10.9,0.605,0.0,0.1,0.0,6.6,10.8,0.61,2.2,5.8,0.375,5.6,10.5,16.1,1.0,0.7,2.8,3.4,6.9,15.3,101.0,107.0,2010,DeAndre Jordan-2010,0.0,Not Selected,Center,LAC,0.023577235772357725
2009-10,Chris Kaman,kamanch01,C,27,LAC,76,76,2608,11.7,23.9,0.49,0.0,0.1,0.0,11.7,23.8,0.49200000000000005,4.6,6.1,0.7490000000000001,3.7,10.3,14.0,2.4,0.7,1.9,4.4,4.2,28.0,99.0,109.0,2010,Chris Kaman-2010,0.0,Not Selected,Center,LAC,0.023577235772357725
2009-10,Jason Kapono,kaponja01,SF,28,PHI,57,12,976,6.8,16.2,0.419,3.4,9.2,0.368,3.4,7.0,0.485,0.5,0.8,0.6,0.8,2.8,3.5,2.1,1.1,0.3,1.8,4.3,17.4,103.0,115.0,2010,Jason Kapono-2010,0.0,Not Selected,Forward,PHI,0.02195121951219512
2009-10,Coby Karl,karlco01,SF-SG,26,TOT,7,1,113,4.7,13.6,0.344,0.8,4.7,0.182,3.8,8.9,0.429,1.7,2.5,0.667,1.7,5.9,7.6,6.4,1.3,0.4,4.2,5.9,11.9,82.0,113.0,2010,Coby Karl-2010,0.0,Not Selected,Forward,TOT,0.03333333333333333
2009-10,Jason Kidd,kiddja01,PG,36,DAL,80,80,2881,5.1,12.1,0.423,3.2,7.5,0.425,1.9,4.6,0.42,1.4,1.8,0.8079999999999999,0.9,7.2,8.0,13.0,2.6,0.6,3.5,2.6,14.8,115.0,105.0,2010,Jason Kidd-2010,0.0,Not Selected,Guard,DAL,0.044715447154471545
2009-10,Andrei Kirilenko,kirilan01,SF,28,UTA,58,35,1681,7.4,14.7,0.506,0.8,2.7,0.292,6.6,12.0,0.555,5.3,7.1,0.7440000000000001,2.3,5.7,8.0,4.8,2.5,2.2,2.4,3.1,20.9,117.0,103.0,2010,Andrei Kirilenko-2010,0.0,Not Selected,Forward,UTA,0.043089430894308944
2009-10,Kyle Korver,korveky01,SG,28,UTA,52,0,952,7.4,15.0,0.493,3.2,5.9,0.536,4.2,9.1,0.465,2.1,2.6,0.7959999999999999,0.5,5.4,6.0,4.8,1.4,0.6,2.3,4.1,20.1,116.0,107.0,2010,Kyle Korver-2010,0.0,Not Selected,Guard,UTA,0.043089430894308944
2009-10,Kosta Koufos,koufoko01,C,20,UTA,36,0,172,6.5,14.0,0.46799999999999997,0.0,0.0,0.0,6.5,14.0,0.46799999999999997,2.7,4.5,0.6,4.8,8.6,13.4,1.8,0.6,1.2,4.5,7.7,15.8,91.0,106.0,2010,Kosta Koufos-2010,0.0,Not Selected,Center,UTA,0.043089430894308944
2009-10,Nenad Krstić,krstine01,C,26,OKC,76,76,1741,8.3,16.6,0.502,0.0,0.1,0.2,8.3,16.4,0.505,2.3,3.1,0.7170000000000001,4.0,7.4,11.3,1.5,0.9,1.3,1.7,5.2,18.9,111.0,106.0,2010,Nenad Krstić-2010,0.0,Not Selected,Center,OKC,0.04065040650406504
2009-10,Oliver Lafayette,lafayol01,SG,25,BOS,1,0,22,7.1,14.3,0.5,2.4,4.8,0.5,4.8,9.5,0.5,0.0,0.0,0.0,2.4,7.1,9.5,4.8,0.0,0.0,2.4,0.0,16.7,112.0,109.0,2010,Oliver Lafayette-2010,0.0,Not Selected,Guard,BOS,0.04065040650406504
2009-10,Carl Landry,landrca01,PF,26,TOT,80,29,2469,10.3,19.3,0.536,0.0,0.1,0.33299999999999996,10.3,19.2,0.537,7.1,8.8,0.8059999999999999,3.9,5.8,9.7,1.4,1.1,1.3,2.8,4.8,27.8,117.0,110.0,2010,Carl Landry-2010,0.0,Not Selected,Forward,TOT,0.03333333333333333
2009-10,Marcus Landry,landrma01,SF,24,TOT,18,0,111,7.4,19.8,0.37200000000000005,4.1,12.9,0.321,3.2,6.9,0.467,1.4,2.3,0.6,2.3,6.4,8.7,0.0,0.5,0.9,2.8,6.4,20.3,90.0,113.0,2010,Marcus Landry-2010,0.0,Not Selected,Forward,TOT,0.03333333333333333
2009-10,Acie Law,lawac01,PG,25,TOT,26,1,234,7.6,16.2,0.467,1.1,3.5,0.313,6.5,12.8,0.508,8.2,10.6,0.7759999999999999,0.6,3.0,3.7,5.6,2.4,0.2,3.7,3.5,24.5,111.0,109.0,2010,Acie Law-2010,0.0,Not Selected,Guard,TOT,0.03333333333333333
2009-10,Ty Lawson,lawsoty01,PG,22,DEN,65,8,1318,7.7,15.0,0.515,1.3,3.2,0.41,6.4,11.8,0.544,4.1,5.4,0.757,1.6,3.2,4.8,7.8,1.8,0.1,3.2,3.4,20.8,118.0,111.0,2010,Ty Lawson-2010,0.0,Not Selected,Guard,DEN,0.043089430894308944
2009-10,Courtney Lee,leeco01,SG,24,NJN,71,66,2375,7.5,17.1,0.436,1.7,5.0,0.33799999999999997,5.8,12.2,0.47600000000000003,2.9,3.4,0.8690000000000001,1.3,4.2,5.6,2.7,2.1,0.4,1.7,2.9,19.6,106.0,111.0,2010,Courtney Lee-2010,0.0,Not Selected,Guard,BRK,0.00975609756097561
2009-10,David Lee,leeda02,C,26,NYK,81,81,3019,11.6,21.3,0.545,0.0,0.1,0.0,11.6,21.1,0.5489999999999999,4.5,5.6,0.812,3.9,12.2,16.1,5.0,1.4,0.7,3.2,4.3,27.7,116.0,108.0,2010,David Lee-2010,0.0,Not Selected,Center,NYK,0.023577235772357725
2009-10,Rashard Lewis,lewisra02,PF,30,ORL,72,72,2369,7.7,17.7,0.435,3.7,9.3,0.397,4.0,8.4,0.47600000000000003,3.2,4.0,0.8059999999999999,1.4,5.6,7.0,2.4,1.7,0.6,2.4,4.0,22.3,111.0,104.0,2010,Rashard Lewis-2010,0.0,Not Selected,Forward,ORL,0.04796747967479675
2009-10,Shaun Livingston,livinsh01,PG,24,TOT,36,18,796,6.8,13.2,0.517,0.0,0.4,0.0,6.8,12.8,0.5329999999999999,2.8,3.2,0.875,1.1,4.1,5.1,8.5,1.1,0.7,3.8,4.0,16.4,107.0,111.0,2010,Shaun Livingston-2010,0.0,Not Selected,Guard,TOT,0.03333333333333333
2009-10,Brook Lopez,lopezbr01,C,21,NJN,82,82,3027,9.8,19.6,0.499,0.0,0.0,0.0,9.8,19.6,0.5,7.2,8.8,0.8170000000000001,4.7,7.6,12.3,3.2,1.0,2.4,3.5,4.4,26.8,112.0,110.0,2010,Brook Lopez-2010,0.0,Not Selected,Center,BRK,0.00975609756097561
2009-10,Robin Lopez,lopezro01,C,21,PHO,51,31,986,8.7,14.9,0.588,0.0,0.0,0.0,8.7,14.9,0.588,4.5,6.4,0.7040000000000001,5.3,7.4,12.7,0.4,0.5,2.7,2.1,6.0,22.0,123.0,110.0,2010,Robin Lopez-2010,0.0,Not Selected,Center,PHO,0.04390243902439024
2009-10,Kevin Love,loveke01,PF,21,MIN,60,22,1714,8.5,18.8,0.45,1.0,3.1,0.33,7.5,15.7,0.474,6.6,8.0,0.815,6.6,12.6,19.2,4.0,1.3,0.7,3.4,4.0,24.5,113.0,109.0,2010,Kevin Love-2010,0.0,Not Selected,Forward,MIN,0.012195121951219513
2009-10,Kyle Lowry,lowryky01,PG,23,HOU,68,0,1651,5.7,14.3,0.397,1.1,4.2,0.272,4.5,10.1,0.44799999999999995,6.6,8.0,0.8270000000000001,2.8,4.8,7.6,9.4,1.9,0.3,3.6,5.3,19.2,113.0,109.0,2010,Kyle Lowry-2010,0.0,Not Selected,Guard,HOU,0.03414634146341464
2009-10,Corey Maggette,maggeco01,PF,30,GSW,70,49,2081,10.5,20.4,0.516,0.3,1.1,0.26,10.2,19.2,0.531,10.6,12.7,0.835,2.1,6.5,8.6,4.0,1.2,0.1,3.9,5.3,31.9,116.0,113.0,2010,Corey Maggette-2010,0.0,Not Selected,Forward,GSW,0.02113821138211382
2009-10,Jamaal Magloire,magloja01,C,31,MIA,36,0,359,4.2,8.4,0.5,0.0,0.0,0.0,4.2,8.4,0.5,3.1,8.8,0.35600000000000004,6.1,11.9,18.1,0.1,1.3,1.6,2.5,8.8,11.5,96.0,101.0,2010,Jamaal Magloire-2010,0.0,Not Selected,Center,MIA,0.038211382113821135
2009-10,Ian Mahinmi,mahinia01,C,23,SAS,26,0,165,11.1,17.5,0.636,0.0,0.0,0.0,11.1,17.5,0.636,9.8,14.9,0.66,4.1,12.4,16.5,0.6,1.0,2.5,4.8,10.2,32.1,115.0,100.0,2010,Ian Mahinmi-2010,0.0,Not Selected,Center,SAS,0.04065040650406504
2009-10,Shawn Marion,mariosh01,SF,31,DAL,75,75,2385,8.6,16.9,0.508,0.1,0.4,0.158,8.5,16.5,0.516,2.3,3.0,0.755,3.4,6.9,10.4,2.3,1.5,1.3,2.2,3.1,19.5,107.0,106.0,2010,Shawn Marion-2010,0.0,Not Selected,Forward,DAL,0.044715447154471545
2009-10,Sean Marks,marksse01,C,34,NOH,14,0,75,2.8,5.5,0.5,0.0,0.0,0.0,2.8,5.5,0.5,1.4,3.5,0.4,9.7,6.2,15.9,1.4,0.0,2.1,1.4,11.7,6.9,126.0,112.0,2010,Sean Marks-2010,0.0,Not Selected,Center,NOP,0.03008130081300813
2009-10,Cartier Martin,martica01,SF,25,TOT,18,2,390,6.3,17.1,0.368,2.1,6.2,0.34700000000000003,4.2,10.9,0.379,3.0,3.8,0.8,3.1,5.4,8.6,2.0,1.4,0.1,2.4,6.0,17.7,97.0,113.0,2010,Cartier Martin-2010,0.0,Not Selected,Forward,TOT,0.03333333333333333
2009-10,Kenyon Martin,martike01,PF,32,DEN,58,58,1986,7.2,15.8,0.456,0.2,0.7,0.276,7.0,15.1,0.465,2.4,4.3,0.557,3.6,10.3,13.9,2.8,1.8,1.6,2.3,4.7,17.0,101.0,104.0,2010,Kenyon Martin-2010,0.0,Not Selected,Forward,DEN,0.043089430894308944
2009-10,Kevin Martin,martike02,SG,26,TOT,46,43,1633,9.0,21.7,0.41700000000000004,2.2,6.6,0.33299999999999996,6.8,15.1,0.45299999999999996,9.3,10.6,0.8759999999999999,0.9,4.2,5.1,3.5,1.4,0.2,2.9,3.0,29.6,113.0,111.0,2010,Kevin Martin-2010,0.0,Not Selected,Guard,TOT,0.03333333333333333
2009-10,Desmond Mason,masonde01,SF,32,SAC,5,4,66,3.9,9.3,0.41700000000000004,0.0,0.0,0.0,3.9,9.3,0.41700000000000004,2.3,3.1,0.75,3.1,7.0,10.1,1.5,0.8,0.8,3.1,3.9,10.1,89.0,111.0,2010,Desmond Mason-2010,0.0,Not Selected,Forward,SAC,0.02032520325203252
2009-10,Roger Mason,masonro01,SG,29,SAS,79,5,1515,6.7,17.1,0.389,3.0,9.1,0.33299999999999996,3.6,8.0,0.45299999999999996,0.9,1.2,0.794,0.4,5.2,5.6,4.7,1.0,0.5,2.0,3.4,17.3,101.0,107.0,2010,Roger Mason-2010,0.0,Not Selected,Guard,SAS,0.04065040650406504
2009-10,Wesley Matthews,matthwe02,SG,23,UTA,82,48,2025,6.9,14.3,0.483,1.6,4.2,0.382,5.3,10.1,0.525,4.0,4.9,0.8290000000000001,1.3,3.6,4.8,3.1,1.6,0.4,2.3,3.8,19.4,113.0,108.0,2010,Wesley Matthews-2010,0.0,Not Selected,Guard,UTA,0.043089430894308944
2009-10,Jason Maxiell,maxieja01,C,26,DET,76,29,1550,7.4,14.5,0.511,0.0,0.0,0.0,7.4,14.5,0.512,3.1,5.4,0.574,5.6,8.4,14.0,1.4,1.3,1.3,2.4,6.1,17.9,109.0,110.0,2010,Jason Maxiell-2010,0.0,Not Selected,Center,DET,0.02195121951219512
2009-10,Sean May,mayse01,C,25,SAC,37,4,331,7.9,17.1,0.45899999999999996,0.0,0.6,0.0,7.9,16.5,0.47700000000000004,3.2,4.9,0.6559999999999999,3.1,7.7,10.8,2.6,1.9,1.1,2.9,7.1,19.0,99.0,108.0,2010,Sean May-2010,0.0,Not Selected,Center,SAC,0.02032520325203252
2009-10,Eric Maynor,maynoer01,PG,22,TOT,81,2,1269,6.2,14.9,0.418,0.9,2.9,0.31,5.4,12.0,0.444,2.1,2.9,0.722,0.9,4.4,5.2,10.8,1.6,0.4,3.4,4.7,15.5,103.0,107.0,2010,Eric Maynor-2010,0.0,Not Selected,Guard,TOT,0.03333333333333333
2009-10,O.J. Mayo,mayooj01,SG,22,MEM,82,82,3113,8.9,19.5,0.45799999999999996,2.2,5.9,0.38299999999999995,6.7,13.6,0.49,3.5,4.3,0.809,1.0,4.1,5.1,4.0,1.6,0.3,2.9,2.9,23.6,110.0,112.0,2010,O.J. Mayo-2010,0.0,Not Selected,Guard,MEM,0.032520325203252036
2009-10,Luc Mbah a Moute,mbahalu01,PF,23,MIL,73,62,1866,5.0,10.4,0.48,0.2,0.5,0.353,4.8,9.9,0.486,2.6,3.7,0.6990000000000001,4.8,6.4,11.2,2.3,1.7,1.1,2.0,5.1,12.7,111.0,103.0,2010,Luc Mbah a Moute-2010,0.0,Not Selected,Forward,MIL,0.03739837398373984
2009-10,Antonio McDyess,mcdyean01,PF,35,SAS,77,50,1617,6.6,13.9,0.479,0.0,0.1,0.0,6.6,13.8,0.48100000000000004,1.2,1.8,0.632,4.8,9.9,14.7,2.7,1.4,1.0,2.6,4.8,14.4,103.0,103.0,2010,Antonio McDyess-2010,0.0,Not Selected,Forward,SAS,0.04065040650406504
2009-10,JaVale McGee,mcgeeja01,C,22,WAS,60,19,968,8.4,16.6,0.508,0.0,0.1,0.0,8.4,16.6,0.51,4.0,6.3,0.638,4.8,8.4,13.1,0.8,0.9,5.5,2.8,6.6,20.9,106.0,105.0,2010,JaVale McGee-2010,0.0,Not Selected,Center,WAS,0.02113821138211382
2009-10,Tracy McGrady,mcgratr01,SG,30,TOT,30,24,673,6.9,17.8,0.387,1.2,4.9,0.25,5.7,13.0,0.439,3.6,4.8,0.746,1.7,5.5,7.1,7.5,1.1,1.1,3.3,3.0,18.6,98.0,112.0,2010,Tracy McGrady-2010,0.0,Not Selected,Guard,TOT,0.03333333333333333
2009-10,Dominic McGuire,mcguido01,SF,24,TOT,51,2,307,3.2,8.8,0.365,0.0,0.0,0.0,3.2,8.8,0.365,0.0,1.2,0.0,3.9,9.5,13.4,1.9,0.8,0.7,2.9,5.9,6.4,75.0,109.0,2010,Dominic McGuire-2010,0.0,Not Selected,Forward,TOT,0.03333333333333333
2009-10,Josh McRoberts,mcrobjo01,C,22,IND,42,3,524,7.2,13.8,0.521,0.8,2.2,0.348,6.4,11.6,0.5529999999999999,1.8,3.6,0.5,3.8,8.2,12.0,4.2,1.6,1.5,1.8,7.0,16.9,114.0,105.0,2010,Josh McRoberts-2010,0.0,Not Selected,Center,IND,0.026016260162601626
2009-10,Jodie Meeks,meeksjo01,SG,22,TOT,60,0,719,7.6,19.5,0.38799999999999996,3.1,9.6,0.318,4.5,9.9,0.456,2.3,2.8,0.795,0.7,6.6,7.2,2.8,1.3,0.4,1.8,3.8,20.5,100.0,107.0,2010,Jodie Meeks-2010,0.0,Not Selected,Guard,TOT,0.03333333333333333
2009-10,Pops Mensah-Bonsu,mensapo01,PF,26,TOT,20,0,120,5.6,14.2,0.39399999999999996,0.0,0.0,0.0,5.6,14.2,0.39399999999999996,5.6,10.3,0.542,6.9,8.2,15.0,1.3,1.7,3.9,4.3,8.6,16.7,92.0,107.0,2010,Pops Mensah-Bonsu-2010,0.0,Not Selected,Forward,TOT,0.03333333333333333
2009-10,C.J. Miles,milescj01,SF,22,UTA,63,28,1497,8.2,19.2,0.429,2.5,7.4,0.341,5.7,11.8,0.484,2.3,3.2,0.695,1.4,4.3,5.7,3.6,2.0,0.6,2.8,6.5,21.3,100.0,107.0,2010,C.J. Miles-2010,0.0,Not Selected,Forward,UTA,0.043089430894308944
2009-10,Darko Miličić,milicda01,C,24,TOT,32,18,685,7.3,14.9,0.49,0.0,0.1,0.0,7.3,14.8,0.493,1.1,2.0,0.536,3.4,7.6,11.0,3.4,1.6,2.5,2.6,6.0,15.7,101.0,109.0,2010,Darko Miličić-2010,0.0,Not Selected,Center,TOT,0.03333333333333333
2009-10,Andre Miller,millean02,PG,33,POR,82,66,2500,8.8,19.9,0.445,0.4,1.8,0.2,8.5,18.1,0.469,7.0,8.6,0.821,1.8,4.0,5.8,9.7,2.0,0.2,3.8,3.7,25.1,111.0,108.0,2010,Andre Miller-2010,0.0,Not Selected,Guard,POR,0.04065040650406504
2009-10,Brad Miller,millebr01,C,33,CHI,82,37,1950,6.6,15.4,0.43,1.0,3.5,0.28,5.6,11.9,0.474,4.8,5.8,0.8270000000000001,2.2,8.4,10.6,4.1,1.2,0.8,2.8,5.0,19.0,106.0,105.0,2010,Brad Miller-2010,0.0,Not Selected,Center,CHI,0.03333333333333333
2009-10,Mike Miller,millemi01,SG,29,WAS,54,50,1805,6.3,12.6,0.501,2.4,5.0,0.48,3.9,7.6,0.515,2.0,2.5,0.8240000000000001,1.6,8.2,9.8,6.2,1.1,0.3,3.3,3.8,17.0,114.0,110.0,2010,Mike Miller-2010,0.0,Not Selected,Guard,WAS,0.02113821138211382
2009-10,Patty Mills,millspa02,PG,21,POR,10,0,38,14.4,34.6,0.41700000000000004,2.9,5.8,0.5,11.5,28.8,0.4,5.8,10.1,0.5710000000000001,1.4,1.4,2.9,7.2,0.0,0.0,5.8,8.6,37.4,95.0,114.0,2010,Patty Mills-2010,0.0,Not Selected,Guard,POR,0.04065040650406504
2009-10,Paul Millsap,millspa01,PF,24,UTA,82,8,2277,8.7,16.1,0.5379999999999999,0.0,0.2,0.111,8.6,15.9,0.5429999999999999,4.1,5.9,0.693,4.2,8.4,12.6,2.9,1.4,2.2,2.6,6.4,21.4,113.0,103.0,2010,Paul Millsap-2010,0.0,Not Selected,Forward,UTA,0.043089430894308944
2009-10,Nazr Mohammed,mohamna01,C,32,CHA,58,29,984,10.2,18.5,0.5529999999999999,0.0,0.0,0.0,10.2,18.5,0.5529999999999999,4.4,6.7,0.648,6.2,10.3,16.4,1.5,0.8,2.3,2.9,5.7,24.8,113.0,101.0,2010,Nazr Mohammed-2010,0.0,Not Selected,Center,CHO,0.03577235772357724
2009-10,Jamario Moon,moonja01,SF,29,CLE,61,2,1052,5.7,12.3,0.462,1.6,5.0,0.32,4.1,7.3,0.5579999999999999,1.8,2.2,0.8,1.3,8.2,9.5,2.4,1.7,1.5,1.1,3.4,14.8,114.0,103.0,2010,Jamario Moon-2010,0.0,Not Selected,Forward,CLE,0.04959349593495935
2009-10,Mikki Moore,mooremi01,C,34,GSW,23,20,406,6.4,10.6,0.6,0.0,0.0,0.0,6.4,10.6,0.6,0.8,1.3,0.636,3.1,5.1,8.1,4.2,0.6,1.5,2.5,7.1,13.5,115.0,114.0,2010,Mikki Moore-2010,0.0,Not Selected,Center,GSW,0.02113821138211382
2009-10,Randolph Morris,morrira01,PF,24,ATL,28,0,124,9.9,17.6,0.561,0.0,0.0,0.0,9.9,17.6,0.561,6.9,11.6,0.593,4.3,12.0,16.3,0.9,2.1,1.3,5.2,14.6,26.6,102.0,101.0,2010,Randolph Morris-2010,0.0,Not Selected,Forward,ATL,0.043089430894308944
2009-10,Adam Morrison,morriad01,SF,25,LAL,31,0,241,6.9,18.2,0.376,1.1,4.5,0.23800000000000002,5.8,13.7,0.42200000000000004,1.1,1.7,0.625,2.1,4.7,6.9,3.9,0.6,0.4,2.1,3.6,15.9,92.0,108.0,2010,Adam Morrison-2010,0.0,Not Selected,Forward,LAL,0.046341463414634146
2009-10,Anthony Morrow,morroan01,SG,24,GSW,69,37,2018,7.8,16.7,0.46799999999999997,3.3,7.3,0.456,4.5,9.4,0.47700000000000004,2.4,2.7,0.8859999999999999,1.4,4.7,6.1,2.5,1.5,0.4,2.0,3.7,21.3,113.0,114.0,2010,Anthony Morrow-2010,0.0,Not Selected,Guard,GSW,0.02113821138211382
2009-10,Byron Mullens,mulleby01,PF,20,OKC,13,0,54,6.7,18.1,0.368,0.0,0.0,0.0,6.7,18.1,0.368,0.0,0.0,0.0,2.9,6.7,9.5,1.0,1.9,0.0,3.8,12.4,13.4,72.0,105.0,2010,Byron Mullens-2010,0.0,Not Selected,Forward,OKC,0.04065040650406504
2009-10,Troy Murphy,murphtr01,PF,29,IND,72,69,2344,8.1,17.2,0.47200000000000003,2.7,7.0,0.384,5.4,10.1,0.5329999999999999,3.2,4.1,0.7979999999999999,2.7,12.8,15.6,3.2,1.5,0.7,2.1,3.7,22.2,115.0,103.0,2010,Troy Murphy-2010,0.0,Not Selected,Forward,IND,0.026016260162601626
2009-10,Ronald Murray,murraro01,SG,30,TOT,75,2,1673,8.4,21.4,0.392,2.2,6.9,0.312,6.2,14.5,0.431,4.4,6.1,0.727,0.9,4.9,5.7,4.2,1.4,0.5,2.9,4.0,23.4,98.0,106.0,2010,Ronald Murray-2010,0.0,Not Selected,Guard,TOT,0.03333333333333333
2009-10,Eduardo Nájera,najered01,PF,33,TOT,46,5,685,4.7,11.1,0.425,1.4,4.9,0.297,3.3,6.2,0.524,1.1,1.8,0.583,2.6,6.2,8.7,2.2,2.0,1.1,1.9,7.1,11.9,100.0,107.0,2010,Eduardo Nájera-2010,0.0,Not Selected,Forward,TOT,0.03333333333333333
2009-10,Steve Nash,nashst01,PG,35,PHO,81,81,2660,9.4,18.6,0.507,2.3,5.5,0.426,7.1,13.1,0.54,4.0,4.3,0.938,0.6,4.4,5.1,16.9,0.8,0.2,5.6,2.0,25.2,121.0,114.0,2010,Steve Nash-2010,2.0,2nd,Guard,PHO,0.04390243902439024
2009-10,Jameer Nelson,nelsoja01,PG,27,ORL,65,64,1860,8.9,19.8,0.449,2.4,6.3,0.381,6.5,13.5,0.48100000000000004,2.7,3.3,0.845,0.7,4.7,5.4,9.9,1.3,0.1,3.9,4.1,22.9,110.0,106.0,2010,Jameer Nelson-2010,0.0,Not Selected,Guard,ORL,0.04796747967479675
2009-10,Rasho Nesterović,nestera01,C,33,TOR,42,8,413,10.1,18.6,0.544,0.0,0.0,0.0,10.1,18.6,0.544,0.1,0.6,0.2,4.6,6.5,11.1,3.1,1.2,2.1,2.0,6.7,20.4,111.0,112.0,2010,Rasho Nesterović-2010,0.0,Not Selected,Center,TOR,0.032520325203252036
2009-10,Joakim Noah,noahjo01,C,24,CHI,64,54,1925,7.0,13.9,0.504,0.0,0.0,0.0,7.0,13.9,0.504,4.4,5.9,0.7440000000000001,5.9,13.0,18.9,3.5,0.9,2.7,3.1,5.3,18.4,112.0,101.0,2010,Joakim Noah-2010,0.0,Not Selected,Center,CHI,0.03333333333333333
2009-10,Andrés Nocioni,nocioan01,SF,30,SAC,75,28,1477,8.1,20.3,0.39899999999999997,3.3,8.6,0.386,4.8,11.7,0.408,2.5,3.4,0.7170000000000001,1.1,6.6,7.7,2.6,1.1,0.9,2.3,5.5,22.0,101.0,111.0,2010,Andrés Nocioni-2010,0.0,Not Selected,Forward,SAC,0.02032520325203252
2009-10,Steve Novak,novakst01,SF,26,LAC,54,0,362,6.0,15.5,0.389,3.2,10.2,0.31,2.9,5.3,0.541,1.0,1.3,0.778,0.1,4.6,4.7,0.9,1.0,0.3,0.3,3.0,16.2,107.0,113.0,2010,Steve Novak-2010,0.0,Not Selected,Forward,LAC,0.023577235772357725
2009-10,Dirk Nowitzki,nowitdi01,PF,31,DAL,81,80,3039,12.3,25.5,0.48100000000000004,0.9,2.1,0.42100000000000004,11.4,23.5,0.48700000000000004,9.2,10.0,0.915,1.4,9.2,10.6,3.7,1.2,1.3,2.5,3.6,34.6,116.0,105.0,2010,Dirk Nowitzki-2010,2.0,2nd,Forward,DAL,0.044715447154471545
2009-10,Patrick O'Bryant,obryapa01,C,23,TOR,11,0,51,8.1,15.2,0.5329999999999999,0.0,1.0,0.0,8.1,14.2,0.5710000000000001,3.0,6.1,0.5,2.0,9.1,11.1,1.0,2.0,4.0,5.1,12.1,19.2,87.0,106.0,2010,Patrick O'Bryant-2010,0.0,Not Selected,Center,TOR,0.032520325203252036
2009-10,Jermaine O'Neal,onealje01,C,31,MIA,70,70,1991,10.6,20.0,0.529,0.0,0.1,0.0,10.6,20.0,0.53,4.4,6.1,0.72,3.3,9.7,13.1,2.5,0.7,2.6,3.4,5.7,25.6,108.0,103.0,2010,Jermaine O'Neal-2010,0.0,Not Selected,Center,MIA,0.038211382113821135
2009-10,Shaquille O'Neal,onealsh01,C,37,CLE,53,53,1240,11.1,19.6,0.5660000000000001,0.0,0.0,0.0,11.1,19.6,0.5670000000000001,4.7,9.6,0.496,3.9,11.1,15.0,3.4,0.6,2.6,4.4,7.2,27.0,104.0,102.0,2010,Shaquille O'Neal-2010,0.0,Not Selected,Center,CLE,0.04959349593495935
2009-10,Fabricio Oberto,obertfa01,C,34,WAS,57,20,650,2.8,4.5,0.625,0.0,0.0,0.0,2.8,4.5,0.625,1.0,1.4,0.765,2.7,5.7,8.5,4.1,0.9,0.7,2.9,9.8,6.7,106.0,111.0,2010,Fabricio Oberto-2010,0.0,Not Selected,Center,WAS,0.02113821138211382
2009-10,Greg Oden,odengr01,C,22,POR,21,21,502,10.0,16.6,0.605,0.0,0.0,0.0,10.0,16.6,0.605,5.3,7.0,0.7659999999999999,7.0,12.4,19.4,2.1,0.9,5.2,4.3,9.2,25.4,118.0,100.0,2010,Greg Oden-2010,0.0,Not Selected,Center,POR,0.04065040650406504
2009-10,Lamar Odom,odomla01,PF,30,LAL,82,38,2585,6.8,14.8,0.46299999999999997,1.2,3.6,0.319,5.7,11.1,0.51,2.8,4.0,0.693,3.7,12.4,16.0,5.3,1.5,1.2,3.0,4.5,17.6,109.0,100.0,2010,Lamar Odom-2010,0.0,Not Selected,Forward,LAL,0.046341463414634146
2009-10,Emeka Okafor,okafoem01,C,27,NOH,82,82,2370,7.6,14.3,0.53,0.0,0.0,0.0,7.6,14.3,0.53,3.4,6.0,0.562,5.5,10.7,16.2,1.2,1.2,2.8,2.4,4.8,18.6,110.0,106.0,2010,Emeka Okafor-2010,0.0,Not Selected,Center,NOP,0.03008130081300813
2009-10,Mehmet Okur,okurme01,C,30,UTA,73,73,2149,8.5,18.5,0.45799999999999996,2.0,5.1,0.385,6.5,13.4,0.486,4.7,5.7,0.82,3.1,9.1,12.3,2.8,0.9,1.9,3.0,5.3,23.5,109.0,104.0,2010,Mehmet Okur-2010,0.0,Not Selected,Center,UTA,0.043089430894308944
2009-10,Kevin Ollie,ollieke01,PG,37,OKC,25,0,263,3.5,8.8,0.4,0.0,0.2,0.0,3.5,8.6,0.409,1.6,1.6,1.0,0.6,4.3,4.9,3.9,1.8,0.0,1.2,3.1,8.6,102.0,108.0,2010,Kevin Ollie-2010,0.0,Not Selected,Guard,OKC,0.04065040650406504
2009-10,Travis Outlaw,outlatr01,SF,25,TOT,34,6,730,7.9,20.3,0.391,2.9,7.6,0.381,5.1,12.7,0.39799999999999996,3.5,4.3,0.831,2.4,6.4,8.7,2.5,1.3,1.2,2.3,3.1,22.3,103.0,110.0,2010,Travis Outlaw-2010,0.0,Not Selected,Forward,TOT,0.03333333333333333
2009-10,Zaza Pachulia,pachuza01,C,25,ATL,78,1,1089,5.9,12.0,0.488,0.0,0.2,0.0,5.9,11.8,0.496,4.5,7.0,0.65,5.7,8.6,14.3,2.1,1.8,1.5,2.8,9.1,16.3,110.0,104.0,2010,Zaza Pachulia-2010,0.0,Not Selected,Center,ATL,0.043089430894308944
2009-10,Jannero Pargo,pargoja01,PG,30,CHI,63,5,829,8.2,23.7,0.34600000000000003,2.4,8.6,0.275,5.8,15.1,0.387,2.6,2.8,0.9329999999999999,0.6,4.3,4.9,5.5,1.8,0.1,3.1,4.2,21.4,89.0,107.0,2010,Jannero Pargo-2010,0.0,Not Selected,Guard,CHI,0.03333333333333333
2009-10,Anthony Parker,parkean01,SG,34,CLE,81,81,2289,4.7,10.9,0.434,2.5,6.0,0.414,2.2,4.9,0.45799999999999996,1.7,2.2,0.789,0.7,4.6,5.3,3.6,1.4,0.4,1.6,3.5,13.7,113.0,107.0,2010,Anthony Parker-2010,0.0,Not Selected,Guard,CLE,0.04959349593495935
2009-10,Tony Parker,parketo01,PG,27,SAS,56,50,1728,10.6,21.7,0.48700000000000004,0.3,1.0,0.294,10.3,20.7,0.49700000000000005,5.6,7.5,0.7559999999999999,0.2,3.9,4.1,9.6,0.9,0.2,4.5,2.9,27.1,106.0,108.0,2010,Tony Parker-2010,0.0,Not Selected,Guard,SAS,0.04065040650406504
2009-10,Chris Paul,paulch01,PG,24,NOH,45,45,1712,9.5,19.3,0.493,1.6,3.8,0.409,7.9,15.4,0.514,4.9,5.8,0.847,0.6,5.2,5.8,14.5,2.9,0.2,3.4,3.6,25.5,122.0,109.0,2010,Chris Paul-2010,0.0,Not Selected,Guard,NOP,0.03008130081300813
2009-10,Sasha Pavlović,pavloal01,SF,26,MIN,71,0,877,6.2,17.1,0.363,2.0,6.7,0.297,4.2,10.4,0.40700000000000003,0.6,1.5,0.385,0.7,6.0,6.7,3.3,1.3,0.3,3.0,4.8,15.0,83.0,113.0,2010,Sasha Pavlović-2010,0.0,Not Selected,Forward,MIN,0.012195121951219513
2009-10,Oleksiy Pecherov,pecheol01,C,24,MIN,44,5,447,8.6,21.0,0.41,1.6,5.8,0.26899999999999996,7.0,15.2,0.46299999999999997,3.2,3.6,0.9059999999999999,3.6,10.3,13.9,1.2,1.0,1.6,3.6,6.1,22.0,95.0,109.0,2010,Oleksiy Pecherov-2010,0.0,Not Selected,Center,MIN,0.012195121951219513
2009-10,Kendrick Perkins,perkike01,C,25,BOS,78,78,2154,7.6,12.7,0.602,0.0,0.1,0.0,7.6,12.6,0.605,4.0,6.8,0.5820000000000001,3.8,10.7,14.5,1.9,0.6,3.2,4.0,5.3,19.2,105.0,101.0,2010,Kendrick Perkins-2010,0.0,Not Selected,Center,BOS,0.04065040650406504
2009-10,Morris Peterson,petermo01,SG,32,NOH,46,39,973,6.2,16.0,0.385,3.3,9.1,0.363,2.9,6.9,0.415,1.8,2.9,0.611,0.9,5.8,6.7,2.2,1.3,0.3,1.4,4.3,17.4,102.0,112.0,2010,Morris Peterson-2010,0.0,Not Selected,Guard,NOP,0.03008130081300813
2009-10,Johan Petro,petrojo01,C,24,DEN,36,16,436,6.3,11.7,0.535,0.0,0.1,0.0,6.3,11.6,0.54,1.6,2.4,0.667,3.7,11.3,15.0,1.6,1.2,1.5,2.7,9.3,14.2,105.0,105.0,2010,Johan Petro-2010,0.0,Not Selected,Center,DEN,0.043089430894308944
2009-10,Paul Pierce,piercpa01,SF,32,BOS,71,71,2411,8.9,18.8,0.47200000000000003,2.4,5.7,0.414,6.5,13.1,0.49700000000000005,8.0,9.4,0.852,0.8,5.9,6.7,4.7,1.8,0.7,3.6,4.3,28.2,114.0,105.0,2010,Paul Pierce-2010,0.0,Not Selected,Forward,BOS,0.04065040650406504
2009-10,Mickaël Piétrus,pietrmi01,SF,27,ORL,75,24,1687,7.2,16.7,0.43200000000000005,3.6,9.5,0.379,3.6,7.2,0.502,2.1,3.4,0.633,1.2,5.4,6.6,1.5,1.6,1.0,2.1,4.3,20.1,106.0,104.0,2010,Mickaël Piétrus-2010,0.0,Not Selected,Forward,ORL,0.04796747967479675
2009-10,James Posey,poseyja01,SF,33,NOH,77,2,1731,3.8,10.3,0.365,2.4,7.2,0.335,1.3,3.1,0.43700000000000006,2.0,2.4,0.825,1.0,8.9,9.8,3.5,1.3,0.6,1.5,6.1,11.9,108.0,110.0,2010,James Posey-2010,0.0,Not Selected,Forward,NOP,0.03008130081300813
2009-10,Leon Powe,powele01,SF,26,CLE,20,2,236,4.7,10.9,0.429,0.0,0.0,0.0,4.7,10.9,0.429,8.2,14.0,0.5870000000000001,4.2,9.4,13.6,0.0,1.3,0.4,2.4,8.0,17.6,104.0,104.0,2010,Leon Powe-2010,0.0,Not Selected,Forward,CLE,0.04959349593495935
2009-10,Josh Powell,poweljo01,PF,27,LAL,63,0,581,6.3,17.3,0.366,0.6,1.4,0.43799999999999994,5.7,15.8,0.36,1.8,2.8,0.645,3.9,6.4,10.3,3.1,0.8,0.5,2.9,6.3,15.0,89.0,106.0,2010,Josh Powell-2010,0.0,Not Selected,Forward,LAL,0.046341463414634146
2009-10,A.J. Price,priceaj01,PG,23,IND,56,2,865,8.3,20.2,0.41,3.4,9.9,0.345,4.9,10.3,0.47200000000000003,3.4,4.3,0.8,0.7,4.3,5.0,6.1,2.0,0.2,3.4,3.0,23.4,102.0,108.0,2010,A.J. Price-2010,0.0,Not Selected,Guard,IND,0.026016260162601626
2009-10,Ronnie Price,pricero01,PG,26,UTA,60,4,806,6.2,15.4,0.405,1.1,4.0,0.28600000000000003,5.1,11.4,0.447,2.6,3.7,0.695,1.8,2.9,4.7,7.8,2.5,0.8,3.6,6.9,16.2,98.0,106.0,2010,Ronnie Price-2010,0.0,Not Selected,Guard,UTA,0.043089430894308944
2009-10,Tayshaun Prince,princta01,SF,29,DET,49,49,1664,9.2,18.9,0.486,0.9,2.4,0.37,8.3,16.5,0.503,2.3,3.2,0.7140000000000001,2.3,5.8,8.1,5.2,1.1,0.7,2.0,2.5,21.5,113.0,113.0,2010,Tayshaun Prince-2010,0.0,Not Selected,Forward,DET,0.02195121951219512
2009-10,Joel Przybilla,przybjo01,C,30,POR,30,9,681,3.6,6.9,0.523,0.0,0.0,0.0,3.6,6.9,0.523,2.7,4.1,0.647,5.8,13.3,19.1,0.6,0.6,3.5,3.1,7.6,9.9,104.0,102.0,2010,Joel Przybilla-2010,0.0,Not Selected,Center,POR,0.04065040650406504
2009-10,Chris Quinn,quinnch01,PG,26,NJN,25,0,223,4.7,13.2,0.35700000000000004,2.4,7.5,0.313,2.4,5.7,0.41700000000000004,1.4,1.4,1.0,0.2,3.5,3.8,6.8,2.1,0.2,2.4,3.5,13.2,99.0,112.0,2010,Chris Quinn-2010,0.0,Not Selected,Guard,BRK,0.00975609756097561
2009-10,Vladimir Radmanović,radmavl01,PF,29,TOT,41,20,891,5.6,14.9,0.377,1.6,5.9,0.278,4.0,9.0,0.442,1.1,1.5,0.741,2.8,6.9,9.7,2.5,1.6,0.4,2.4,5.3,14.0,92.0,111.0,2010,Vladimir Radmanović-2010,0.0,Not Selected,Forward,TOT,0.03333333333333333
2009-10,Anthony Randolph,randoan01,C,20,GSW,33,8,749,8.7,19.7,0.44299999999999995,0.1,0.3,0.2,8.7,19.4,0.447,7.0,8.7,0.8009999999999999,4.7,9.1,13.7,2.7,1.8,3.3,3.1,5.9,24.5,106.0,107.0,2010,Anthony Randolph-2010,0.0,Not Selected,Center,GSW,0.02113821138211382
2009-10,Shavlik Randolph,randosh01,PF,26,TOT,6,0,53,6.1,18.2,0.33299999999999996,0.0,0.0,0.0,6.1,18.2,0.33299999999999996,2.0,2.0,1.0,7.1,7.1,14.2,1.0,1.0,1.0,3.0,9.1,14.2,86.0,106.0,2010,Shavlik Randolph-2010,0.0,Not Selected,Forward,TOT,0.03333333333333333
2009-10,Zach Randolph,randoza01,PF,28,MEM,81,81,3051,11.0,22.5,0.488,0.3,0.9,0.28800000000000003,10.7,21.6,0.496,6.1,7.8,0.778,5.5,10.4,16.0,2.5,1.3,0.6,2.9,3.8,28.3,115.0,109.0,2010,Zach Randolph-2010,0.0,Not Selected,Forward,MEM,0.032520325203252036
2009-10,Theo Ratliff,ratlith01,C,36,TOT,49,29,807,4.6,10.0,0.461,0.0,0.0,0.0,4.6,10.0,0.461,2.5,3.3,0.76,3.9,6.4,10.3,1.6,0.8,4.0,2.7,5.7,11.7,100.0,102.0,2010,Theo Ratliff-2010,0.0,Not Selected,Center,TOT,0.03333333333333333
2009-10,Michael Redd,reddmi01,SG,30,MIL,18,12,492,8.0,22.7,0.35200000000000004,1.9,6.4,0.3,6.1,16.3,0.373,5.0,7.0,0.7120000000000001,1.2,4.6,5.7,4.1,2.0,0.2,1.6,2.6,22.9,98.0,104.0,2010,Michael Redd-2010,0.0,Not Selected,Guard,MIL,0.03739837398373984
2009-10,J.J. Redick,redicjj01,SG,25,ORL,82,9,1808,7.0,16.0,0.439,3.2,7.9,0.405,3.8,8.0,0.473,5.5,6.4,0.86,0.5,4.0,4.5,4.6,0.8,0.1,1.8,3.4,22.7,123.0,108.0,2010,J.J. Redick-2010,0.0,Not Selected,Guard,ORL,0.04796747967479675
2009-10,Chris Richard,richach01,PF,25,CHI,18,0,224,3.5,6.7,0.517,0.0,0.0,0.0,3.5,6.7,0.517,1.6,2.5,0.636,4.4,9.2,13.6,1.6,1.8,0.9,3.2,11.5,8.5,96.0,103.0,2010,Chris Richard-2010,0.0,Not Selected,Forward,CHI,0.03333333333333333
2009-10,Jason Richardson,richaja01,SG,29,PHO,79,76,2485,9.6,20.2,0.474,3.2,8.1,0.39299999999999996,6.4,12.1,0.528,2.8,3.7,0.7390000000000001,1.6,6.5,8.2,2.9,1.3,0.7,1.9,3.4,25.1,116.0,111.0,2010,Jason Richardson-2010,0.0,Not Selected,Guard,PHO,0.04390243902439024
2009-10,Quentin Richardson,richaqu01,SF,29,MIA,76,75,2082,6.2,14.4,0.431,3.7,9.2,0.397,2.6,5.2,0.493,1.3,1.8,0.732,1.6,8.0,9.6,2.4,1.8,0.5,1.6,4.3,17.4,114.0,104.0,2010,Quentin Richardson-2010,0.0,Not Selected,Forward,MIA,0.038211382113821135
2009-10,Luke Ridnour,ridnolu01,PG,28,MIL,82,0,1759,9.8,20.4,0.478,2.1,5.4,0.381,7.7,15.0,0.513,3.8,4.2,0.907,0.7,3.5,4.3,9.6,1.6,0.2,3.2,5.4,25.4,116.0,106.0,2010,Luke Ridnour-2010,0.0,Not Selected,Guard,MIL,0.03739837398373984
2009-10,Nate Robinson,robinna01,PG,25,TOT,56,2,1115,9.9,22.8,0.436,4.0,10.3,0.39,5.9,12.5,0.474,2.3,3.1,0.746,1.3,3.8,5.1,7.5,2.3,0.2,3.4,5.4,26.2,107.0,110.0,2010,Nate Robinson-2010,0.0,Not Selected,Guard,TOT,0.03333333333333333
2009-10,Sergio Rodríguez,rodrise01,PG,23,TOT,66,8,1048,8.1,17.1,0.47600000000000003,1.6,4.4,0.35200000000000004,6.6,12.7,0.519,3.3,4.5,0.731,1.2,3.2,4.3,10.3,2.4,0.2,5.6,4.1,21.2,103.0,112.0,2010,Sergio Rodríguez-2010,0.0,Not Selected,Guard,TOT,0.03333333333333333
2009-10,Rajon Rondo,rondora01,PG,23,BOS,81,81,2963,8.1,16.0,0.508,0.3,1.4,0.213,7.8,14.6,0.536,3.1,5.0,0.621,1.8,4.6,6.4,14.0,3.3,0.2,4.3,3.5,19.6,111.0,103.0,2010,Rajon Rondo-2010,0.0,Not Selected,Guard,BOS,0.04065040650406504
2009-10,Derrick Rose,rosede01,PG,21,CHI,78,78,2871,12.1,24.7,0.489,0.3,1.1,0.267,11.8,23.6,0.5,4.7,6.1,0.7659999999999999,1.2,4.1,5.3,8.4,1.0,0.5,3.9,1.7,29.1,106.0,109.0,2010,Derrick Rose-2010,0.0,Not Selected,Guard,CHI,0.03333333333333333
2009-10,Quinton Ross,rossqu01,SF-SG,28,TOT,52,7,562,3.7,10.3,0.36,0.4,1.9,0.19,3.3,8.3,0.4,0.7,1.3,0.5710000000000001,1.6,3.0,4.5,1.1,1.2,0.6,1.0,6.4,8.5,86.0,111.0,2010,Quinton Ross-2010,0.0,Not Selected,Forward,TOT,0.03333333333333333
2009-10,Brandon Roy,roybr01,SG,25,POR,65,65,2419,11.1,23.5,0.473,1.7,5.0,0.33,9.5,18.5,0.512,7.8,10.0,0.78,1.7,4.8,6.4,6.9,1.4,0.4,2.9,3.1,31.6,117.0,109.0,2010,Brandon Roy-2010,3.0,3rd,Guard,POR,0.04065040650406504
2009-10,Brandon Rush,rushbr01,SG,24,IND,82,64,2491,5.9,13.9,0.423,2.5,6.0,0.41100000000000003,3.4,7.9,0.433,1.1,1.8,0.629,0.8,6.1,6.9,2.2,1.1,1.3,1.8,3.2,15.4,99.0,108.0,2010,Brandon Rush-2010,0.0,Not Selected,Guard,IND,0.026016260162601626
2009-10,Kareem Rush,rushka01,SG,29,LAC,7,0,58,3.6,9.8,0.364,0.9,2.7,0.33299999999999996,2.7,7.2,0.375,0.0,0.0,0.0,0.9,4.5,5.4,3.6,1.8,2.7,2.7,7.2,8.0,80.0,109.0,2010,Kareem Rush-2010,0.0,Not Selected,Guard,LAC,0.023577235772357725
2009-10,John Salmons,salmojo01,SG,30,TOT,81,56,2824,8.0,18.2,0.441,2.2,5.7,0.382,5.9,12.5,0.46799999999999997,4.6,5.6,0.83,0.6,4.3,5.0,4.1,1.8,0.5,2.3,3.0,22.9,110.0,106.0,2010,John Salmons-2010,0.0,Not Selected,Guard,TOT,0.03333333333333333
2009-10,Brian Scalabrine,scalabr01,PF,31,BOS,52,3,472,3.2,9.4,0.341,1.8,5.4,0.327,1.4,4.0,0.361,0.4,0.7,0.667,1.0,4.3,5.3,3.0,1.0,0.4,1.9,6.5,8.7,89.0,108.0,2010,Brian Scalabrine-2010,0.0,Not Selected,Forward,BOS,0.04065040650406504
2009-10,Luis Scola,scolalu01,PF,29,HOU,82,82,2671,10.7,20.8,0.514,0.0,0.1,0.2,10.7,20.7,0.515,4.0,5.1,0.779,3.3,10.1,13.5,3.2,1.2,0.5,3.1,4.7,25.4,108.0,107.0,2010,Luis Scola-2010,0.0,Not Selected,Forward,HOU,0.03414634146341464
2009-10,Thabo Sefolosha,sefolth01,SG,25,OKC,82,82,2348,4.3,9.7,0.44,0.9,2.9,0.313,3.4,6.8,0.494,1.3,2.0,0.674,1.7,6.8,8.5,3.2,2.1,1.0,2.0,3.4,10.7,103.0,104.0,2010,Thabo Sefolosha-2010,0.0,Not Selected,Guard,OKC,0.04065040650406504
2009-10,Ramon Sessions,sessira01,PG,23,MIN,82,1,1732,7.3,16.0,0.456,0.0,0.4,0.067,7.3,15.6,0.467,4.8,6.7,0.7170000000000001,1.7,4.5,6.2,7.4,1.6,0.1,4.0,4.0,19.4,101.0,113.0,2010,Ramon Sessions-2010,0.0,Not Selected,Guard,MIN,0.012195121951219513
2009-10,Bobby Simmons,simmobo01,PF,29,NJN,23,2,395,5.6,15.6,0.359,2.7,8.4,0.317,2.9,7.2,0.40700000000000003,2.4,2.7,0.9,1.5,6.9,8.4,2.0,2.0,0.4,2.5,6.9,16.2,94.0,110.0,2010,Bobby Simmons-2010,0.0,Not Selected,Forward,BRK,0.00975609756097561
2009-10,James Singleton,singlja01,PF-SF,28,TOT,57,3,977,5.2,13.6,0.382,0.4,2.0,0.18899999999999997,4.8,11.6,0.415,2.8,3.3,0.855,5.8,9.0,14.8,1.7,1.5,2.3,2.6,6.0,13.6,98.0,106.0,2010,James Singleton-2010,0.0,Not Selected,Forward,TOT,0.03333333333333333
2009-10,Brian Skinner,skinnbr01,PF,33,LAC,16,1,123,4.2,10.5,0.4,0.0,0.0,0.0,4.2,10.5,0.4,2.5,3.4,0.75,3.8,7.6,11.4,0.0,1.3,1.7,3.0,8.4,11.0,87.0,109.0,2010,Brian Skinner-2010,0.0,Not Selected,Forward,LAC,0.023577235772357725
2009-10,Craig Smith,smithcr01,PF,26,LAC,75,2,1232,9.5,16.7,0.569,0.0,0.2,0.2,9.5,16.5,0.574,5.6,8.8,0.635,4.1,8.0,12.1,3.5,1.4,1.1,3.7,8.2,24.6,112.0,109.0,2010,Craig Smith-2010,0.0,Not Selected,Forward,LAC,0.023577235772357725
2009-10,J.R. Smith,smithjr01,SG,24,DEN,75,0,2082,10.4,25.1,0.414,3.8,11.4,0.33799999999999997,6.6,13.8,0.47700000000000004,3.5,4.9,0.706,0.7,5.0,5.7,4.5,2.4,0.5,3.4,4.2,28.1,101.0,108.0,2010,J.R. Smith-2010,0.0,Not Selected,Guard,DEN,0.043089430894308944
2009-10,Jason Smith,smithja02,PF,23,PHI,56,2,658,6.0,13.9,0.431,0.8,2.3,0.345,5.2,11.6,0.44799999999999995,2.3,3.3,0.69,4.3,6.5,10.8,2.6,1.7,2.2,2.8,8.8,15.1,101.0,109.0,2010,Jason Smith-2010,0.0,Not Selected,Forward,PHI,0.02195121951219512
2009-10,Joe Smith,smithjo02,PF,34,ATL,64,1,592,6.9,17.4,0.39899999999999997,0.1,0.6,0.14300000000000002,6.8,16.7,0.409,3.5,4.3,0.813,5.9,8.2,14.1,1.9,0.5,1.7,2.0,8.5,17.5,104.0,107.0,2010,Joe Smith-2010,0.0,Not Selected,Forward,ATL,0.043089430894308944
2009-10,Josh Smith,smithjo03,PF,24,ATL,81,81,2871,9.4,18.5,0.505,0.0,0.1,0.0,9.4,18.4,0.508,4.8,7.8,0.618,4.1,8.9,13.1,6.3,2.4,3.2,3.7,4.5,23.5,109.0,101.0,2010,Josh Smith-2010,0.0,Not Selected,Forward,ATL,0.043089430894308944
2009-10,Darius Songaila,songada01,C,31,NOH,75,1,1410,8.9,17.9,0.494,0.0,0.2,0.16699999999999998,8.8,17.7,0.498,2.2,2.7,0.8109999999999999,2.2,6.4,8.5,2.6,2.3,0.5,3.0,7.6,20.0,99.0,109.0,2010,Darius Songaila-2010,0.0,Not Selected,Center,NOP,0.03008130081300813
2009-10,Marreese Speights,speigma01,C,22,PHI,62,1,1016,10.9,22.9,0.47700000000000004,0.0,0.3,0.0,10.9,22.7,0.483,5.6,7.5,0.745,4.4,8.6,13.0,1.9,1.5,1.8,2.6,7.8,27.4,107.0,109.0,2010,Marreese Speights-2010,0.0,Not Selected,Center,PHI,0.02195121951219512
2009-10,Jerry Stackhouse,stackje01,SG,35,MIL,42,0,855,7.9,19.3,0.408,2.8,8.0,0.34600000000000003,5.1,11.4,0.452,3.4,4.2,0.797,1.2,5.0,6.1,4.3,1.3,0.6,4.0,3.4,21.9,97.0,105.0,2010,Jerry Stackhouse-2010,0.0,Not Selected,Guard,MIL,0.03739837398373984
2009-10,DeShawn Stevenson,stevede01,SG,28,TOT,64,18,883,2.7,9.6,0.282,1.1,5.1,0.218,1.6,4.5,0.355,1.5,2.1,0.7140000000000001,0.7,4.7,5.4,3.3,0.9,0.4,1.8,4.4,8.0,83.0,112.0,2010,DeShawn Stevenson-2010,0.0,Not Selected,Guard,TOT,0.03333333333333333
2009-10,Peja Stojaković,stojape01,SF,32,NOH,62,55,1947,7.4,18.3,0.40399999999999997,3.5,9.4,0.375,3.9,8.9,0.435,2.6,2.8,0.897,1.0,5.0,6.0,2.4,1.3,0.1,1.5,2.2,20.9,108.0,113.0,2010,Peja Stojaković-2010,0.0,Not Selected,Forward,NOP,0.03008130081300813
2009-10,Amar'e Stoudemire,stoudam01,PF,27,PHO,82,82,2838,12.5,22.4,0.557,0.0,0.1,0.16699999999999998,12.5,22.3,0.5589999999999999,8.6,11.2,0.7709999999999999,4.1,8.9,13.0,1.5,0.9,1.5,3.8,5.0,33.6,117.0,109.0,2010,Amar'e Stoudemire-2010,2.0,2nd,Center,PHO,0.04390243902439024
2009-10,Rodney Stuckey,stuckro01,PG,23,DET,73,67,2499,9.7,24.1,0.405,0.4,1.7,0.228,9.3,22.3,0.418,6.5,7.8,0.833,1.5,4.6,6.1,7.5,2.2,0.3,3.5,4.4,26.4,103.0,112.0,2010,Rodney Stuckey-2010,0.0,Not Selected,Guard,DET,0.02195121951219512
2009-10,DaJuan Summers,summeda01,SF,22,DET,44,0,405,6.2,17.4,0.354,2.0,5.6,0.35700000000000004,4.1,11.8,0.35200000000000004,3.6,5.1,0.711,1.9,4.1,6.0,2.1,1.1,0.9,2.1,7.0,17.9,97.0,114.0,2010,DaJuan Summers-2010,0.0,Not Selected,Forward,DET,0.02195121951219512
2009-10,Jermaine Taylor,tayloje02,SG,23,HOU,31,4,303,7.6,20.0,0.37799999999999995,0.8,3.7,0.22699999999999998,6.7,16.3,0.41200000000000003,5.6,7.7,0.7170000000000001,3.5,4.2,7.7,2.7,1.7,0.5,3.2,2.5,21.6,95.0,110.0,2010,Jermaine Taylor-2010,0.0,Not Selected,Guard,HOU,0.03414634146341464
2009-10,Jeff Teague,teaguje01,PG,21,ATL,71,3,719,6.7,16.8,0.396,0.5,2.4,0.21899999999999997,6.1,14.4,0.426,3.0,3.6,0.8370000000000001,0.4,4.6,5.0,9.0,2.5,0.8,3.7,6.1,16.9,96.0,106.0,2010,Jeff Teague-2010,0.0,Not Selected,Guard,ATL,0.043089430894308944
2009-10,Sebastian Telfair,telfase01,PG,24,TOT,43,1,659,6.5,15.8,0.413,1.0,4.4,0.23199999999999998,5.5,11.4,0.483,2.3,2.9,0.784,0.4,3.2,3.5,9.9,1.9,0.4,3.9,5.6,16.4,98.0,111.0,2010,Sebastian Telfair-2010,0.0,Not Selected,Guard,TOT,0.03333333333333333
2009-10,Garrett Temple,templga01,SG,23,TOT,27,4,334,6.8,15.7,0.436,2.0,5.7,0.35100000000000003,4.8,9.9,0.484,5.4,7.8,0.7,0.9,3.9,4.8,3.3,2.0,0.9,4.2,6.5,21.1,99.0,107.0,2010,Garrett Temple-2010,0.0,Not Selected,Guard,TOT,0.03333333333333333
2009-10,Jason Terry,terryja01,SG,32,DAL,77,12,2540,9.3,21.3,0.43799999999999994,2.8,7.6,0.365,6.5,13.6,0.479,4.7,5.5,0.866,0.4,2.5,2.9,6.0,1.9,0.3,2.2,2.9,26.2,112.0,109.0,2010,Jason Terry-2010,0.0,Not Selected,Guard,DAL,0.044715447154471545
2009-10,Hasheem Thabeet,thabeha01,C,22,MEM,68,13,883,4.5,7.6,0.588,0.0,0.0,0.0,4.5,7.6,0.588,3.1,5.4,0.581,4.9,9.2,14.1,0.6,0.9,5.2,2.5,9.4,12.1,113.0,105.0,2010,Hasheem Thabeet-2010,0.0,Not Selected,Center,MEM,0.032520325203252036
2009-10,Etan Thomas,thomaet01,C,31,OKC,23,1,321,5.0,10.9,0.456,0.0,0.0,0.0,5.0,10.9,0.456,2.1,3.5,0.591,2.9,7.4,10.3,0.2,0.6,2.6,2.9,6.3,12.0,89.0,105.0,2010,Etan Thomas-2010,0.0,Not Selected,Center,OKC,0.04065040650406504
2009-10,Kenny Thomas,thomake01,PF,32,SAC,26,2,313,2.8,5.7,0.486,0.0,0.0,0.0,2.8,5.7,0.486,1.1,2.0,0.583,5.7,8.3,14.0,2.4,1.6,1.6,2.8,6.9,6.7,102.0,108.0,2010,Kenny Thomas-2010,0.0,Not Selected,Forward,SAC,0.02032520325203252
2009-10,Kurt Thomas,thomaku01,C,37,MIL,70,9,1049,4.9,10.4,0.47600000000000003,0.0,0.0,0.0,4.9,10.4,0.47600000000000003,0.6,0.7,0.8,4.2,10.3,14.5,2.3,1.3,2.3,2.4,7.9,10.5,99.0,100.0,2010,Kurt Thomas-2010,0.0,Not Selected,Center,MIL,0.03739837398373984
2009-10,Tim Thomas,thomati01,SF,32,DAL,18,1,285,8.9,19.3,0.462,2.9,7.8,0.37200000000000005,6.0,11.5,0.524,3.8,4.4,0.875,2.4,5.1,7.5,2.5,1.8,0.4,2.5,5.6,24.6,111.0,108.0,2010,Tim Thomas-2010,0.0,Not Selected,Forward,DAL,0.044715447154471545
2009-10,Tyrus Thomas,thomaty01,PF-C,23,TOT,54,3,1220,8.3,18.0,0.462,0.0,0.1,0.0,8.3,17.9,0.465,5.1,7.5,0.6859999999999999,3.5,10.9,14.3,2.4,2.7,3.6,3.9,5.5,21.8,97.0,96.0,2010,Tyrus Thomas-2010,0.0,Not Selected,Forward,TOT,0.03333333333333333
2009-10,Jason Thompson,thompja02,C,23,SAC,75,58,2357,8.0,17.0,0.47200000000000003,0.0,0.2,0.1,8.0,16.8,0.47700000000000004,4.3,6.0,0.715,4.9,8.9,13.8,2.7,0.9,1.6,3.0,6.0,20.3,106.0,109.0,2010,Jason Thompson-2010,0.0,Not Selected,Center,SAC,0.02032520325203252
2009-10,Al Thornton,thornal01,SF,26,TOT,75,46,2079,8.0,16.9,0.473,0.3,0.8,0.355,7.7,16.1,0.479,3.8,5.3,0.725,2.9,4.5,7.4,2.3,1.1,0.9,2.6,5.2,20.1,104.0,112.0,2010,Al Thornton-2010,0.0,Not Selected,Forward,TOT,0.03333333333333333
2009-10,Marcus Thornton,thornma01,SG,22,NOH,73,17,1872,11.0,24.4,0.451,3.2,8.7,0.374,7.8,15.8,0.493,4.0,4.9,0.8140000000000001,2.0,3.8,5.8,3.2,1.6,0.3,2.1,3.5,29.3,111.0,112.0,2010,Marcus Thornton-2010,0.0,Not Selected,Guard,NOP,0.03008130081300813
2009-10,Jamaal Tinsley,tinslja01,PG,31,MEM,38,1,589,4.5,12.2,0.371,0.6,3.4,0.179,3.9,8.8,0.446,1.9,2.4,0.815,1.0,4.8,5.7,9.4,2.9,0.4,5.5,5.8,11.6,86.0,109.0,2010,Jamaal Tinsley-2010,0.0,Not Selected,Guard,MEM,0.032520325203252036
2009-10,Anthony Tolliver,tollian01,PF,24,TOT,46,29,1427,6.5,15.1,0.43,1.7,5.1,0.32899999999999996,4.8,10.0,0.48100000000000004,3.5,4.5,0.769,2.8,7.9,10.7,2.9,1.1,1.1,1.5,4.3,18.1,111.0,112.0,2010,Anthony Tolliver-2010,0.0,Not Selected,Forward,TOT,0.03333333333333333
2009-10,Alando Tucker,tuckeal02,SF,25,TOT,15,0,96,8.9,20.4,0.436,0.5,3.7,0.14300000000000002,8.4,16.7,0.5,8.4,11.0,0.762,3.1,2.1,5.2,2.1,0.0,0.0,2.6,3.1,26.7,109.0,118.0,2010,Alando Tucker-2010,0.0,Not Selected,Forward,TOT,0.03333333333333333
2009-10,Ronny Turiaf,turiaro01,C,27,GSW,42,20,872,4.7,8.0,0.5820000000000001,0.0,0.1,0.0,4.7,8.0,0.586,2.0,4.3,0.474,3.0,7.5,10.5,4.9,1.3,3.0,2.7,5.4,11.4,110.0,110.0,2010,Ronny Turiaf-2010,0.0,Not Selected,Center,GSW,0.02113821138211382
2009-10,Hedo Türkoğlu,turkohe01,SF,30,TOR,74,69,2272,6.3,15.3,0.409,2.5,6.6,0.374,3.8,8.7,0.436,4.0,5.1,0.774,1.0,6.8,7.8,6.9,1.2,0.7,2.8,5.0,19.0,109.0,113.0,2010,Hedo Türkoğlu-2010,0.0,Not Selected,Forward,TOR,0.032520325203252036
2009-10,Ime Udoka,udokaim01,SG,32,SAC,69,2,944,4.9,13.0,0.37799999999999995,1.4,4.9,0.28600000000000003,3.5,8.1,0.433,2.3,3.1,0.737,2.8,7.6,10.3,3.1,1.8,0.3,2.3,4.5,13.5,99.0,109.0,2010,Ime Udoka-2010,0.0,Not Selected,Guard,SAC,0.02032520325203252
2009-10,Beno Udrih,udrihbe01,PG,27,SAC,79,41,2477,8.6,17.3,0.493,1.5,4.1,0.377,7.0,13.2,0.53,2.4,2.9,0.8370000000000001,0.8,3.7,4.5,7.7,1.8,0.2,2.8,3.4,21.1,114.0,112.0,2010,Beno Udrih-2010,0.0,Not Selected,Guard,SAC,0.02032520325203252
2009-10,Roko Ukić,ukicro01,PG,25,MIL,13,0,97,7.6,16.2,0.467,1.6,6.5,0.25,5.9,9.7,0.611,4.9,5.9,0.818,0.0,1.6,1.6,6.5,0.5,0.0,3.2,3.2,21.6,110.0,110.0,2010,Roko Ukić-2010,0.0,Not Selected,Guard,MIL,0.03739837398373984
2009-10,Anderson Varejão,varejan01,PF,27,CLE,76,7,2166,6.5,11.3,0.5720000000000001,0.0,0.1,0.2,6.5,11.2,0.5760000000000001,2.8,4.2,0.6629999999999999,4.6,9.4,14.0,2.1,1.7,1.6,1.6,5.4,15.8,123.0,102.0,2010,Anderson Varejão-2010,0.0,Not Selected,Forward,CLE,0.04959349593495935
2009-10,Charlie Villanueva,villach01,PF,25,DET,78,16,1848,10.6,24.3,0.439,2.9,8.3,0.35100000000000003,7.7,16.0,0.484,3.1,3.8,0.815,2.5,8.2,10.7,1.6,1.4,1.6,2.2,6.5,27.3,108.0,110.0,2010,Charlie Villanueva-2010,0.0,Not Selected,Forward,DET,0.02195121951219512
2009-10,Sasha Vujačić,vujacsa01,SG,25,LAL,67,1,575,5.9,14.8,0.402,2.2,7.3,0.309,3.7,7.5,0.494,2.5,3.0,0.848,2.2,4.9,7.1,3.7,1.8,0.4,1.5,6.0,16.6,112.0,105.0,2010,Sasha Vujačić-2010,0.0,Not Selected,Guard,LAL,0.046341463414634146
2009-10,Dwyane Wade,wadedw01,SG,28,MIA,77,77,2792,13.8,29.0,0.47600000000000003,1.4,4.7,0.3,12.4,24.3,0.509,10.2,13.5,0.7609999999999999,2.1,5.1,7.2,9.6,2.7,1.6,4.8,3.5,39.2,113.0,103.0,2010,Dwyane Wade-2010,1.0,1st,Guard,MIA,0.038211382113821135
2009-10,Henry Walker,walkebi01,SG-SF,22,TOT,35,13,768,8.0,15.4,0.517,3.3,7.7,0.431,4.7,7.7,0.603,2.6,3.3,0.7959999999999999,1.0,4.9,5.9,2.7,1.5,0.2,1.9,5.5,21.9,122.0,113.0,2010,Henry Walker-2010,0.0,Not Selected,Forward,TOT,0.03333333333333333
2009-10,Ben Wallace,wallabe01,C,35,DET,69,67,1975,4.3,8.0,0.541,0.0,0.1,0.0,4.3,8.0,0.545,1.8,4.4,0.406,6.7,9.7,16.4,2.9,2.4,2.3,1.8,3.6,10.5,116.0,106.0,2010,Ben Wallace-2010,0.0,Not Selected,Center,DET,0.02195121951219512
2009-10,Gerald Wallace,wallage01,SF,27,CHA,76,76,3119,7.8,16.1,0.484,0.9,2.4,0.371,6.9,13.7,0.503,7.2,9.3,0.7759999999999999,2.6,10.4,13.0,2.7,2.0,1.4,3.0,3.3,23.6,113.0,100.0,2010,Gerald Wallace-2010,0.0,Not Selected,Forward,CHO,0.03577235772357724
2009-10,Rasheed Wallace,wallara01,C,35,BOS,79,13,1780,7.8,19.1,0.409,2.4,8.5,0.28300000000000003,5.4,10.6,0.511,2.8,3.7,0.768,1.2,8.3,9.6,2.4,2.4,2.1,1.9,6.5,20.9,100.0,100.0,2010,Rasheed Wallace-2010,0.0,Not Selected,Center,BOS,0.04065040650406504
2009-10,Luke Walton,waltolu01,SF,29,LAL,29,0,272,5.7,16.0,0.35700000000000004,1.3,3.2,0.41200000000000003,4.4,12.7,0.34299999999999997,0.4,0.8,0.5,2.3,4.9,7.2,7.6,1.9,0.2,2.3,3.6,13.1,96.0,105.0,2010,Luke Walton-2010,0.0,Not Selected,Forward,LAL,0.046341463414634146
2009-10,Hakim Warrick,warriha01,PF,27,TOT,76,6,1557,8.9,18.4,0.48200000000000004,0.0,0.2,0.14300000000000002,8.8,18.2,0.486,6.8,9.2,0.737,4.2,6.3,10.5,1.7,0.8,0.6,2.7,4.2,24.5,110.0,106.0,2010,Hakim Warrick-2010,0.0,Not Selected,Forward,TOT,0.03333333333333333
2009-10,C.J. Watson,watsocj01,PG,25,GSW,65,15,1788,6.6,14.1,0.46799999999999997,1.2,3.9,0.31,5.4,10.2,0.527,3.4,4.4,0.7709999999999999,0.7,3.8,4.5,4.8,2.8,0.2,1.8,3.3,17.8,112.0,112.0,2010,C.J. Watson-2010,0.0,Not Selected,Guard,GSW,0.02113821138211382
2009-10,Earl Watson,watsoea01,PG,30,IND,79,52,2322,4.7,11.2,0.426,1.1,3.9,0.28800000000000003,3.6,7.2,0.5,2.6,3.6,0.71,1.2,4.0,5.1,8.5,2.2,0.3,3.7,3.9,13.2,100.0,108.0,2010,Earl Watson-2010,0.0,Not Selected,Guard,IND,0.026016260162601626
2009-10,Kyle Weaver,weaveky01,SG,23,OKC,12,0,144,4.3,11.8,0.364,2.5,6.8,0.368,1.8,5.0,0.35700000000000004,1.8,2.1,0.833,0.4,6.1,6.4,3.9,2.1,2.1,1.4,4.7,12.9,108.0,103.0,2010,Kyle Weaver-2010,0.0,Not Selected,Guard,OKC,0.04065040650406504
2009-10,Martell Webster,webstma02,SF,23,POR,82,49,2005,7.1,17.4,0.405,3.4,9.1,0.373,3.7,8.4,0.44,3.4,4.2,0.813,1.3,6.0,7.3,1.7,1.2,1.1,1.6,4.2,21.0,111.0,108.0,2010,Martell Webster-2010,0.0,Not Selected,Forward,POR,0.04065040650406504
2009-10,Sonny Weems,weemsso01,SG,23,TOR,69,19,1368,8.9,17.3,0.515,0.1,0.6,0.133,8.8,16.7,0.528,1.7,2.4,0.688,1.6,5.7,7.2,3.8,1.5,0.9,2.5,4.8,19.5,104.0,113.0,2010,Sonny Weems-2010,0.0,Not Selected,Guard,TOR,0.032520325203252036
2009-10,David West,westda01,PF,29,NOH,81,81,2949,10.9,21.5,0.505,0.1,0.5,0.259,10.8,21.1,0.51,5.2,6.0,0.865,2.9,7.7,10.6,4.2,1.3,1.1,3.0,4.1,27.1,111.0,110.0,2010,David West-2010,0.0,Not Selected,Forward,NOP,0.03008130081300813
2009-10,Delonte West,westde01,SG,26,CLE,60,3,1500,6.8,15.3,0.445,0.9,2.7,0.325,5.9,12.6,0.47100000000000003,4.0,5.0,0.81,1.0,4.9,5.9,6.9,1.9,1.0,3.2,3.0,18.5,106.0,105.0,2010,Delonte West-2010,0.0,Not Selected,Guard,CLE,0.04959349593495935
2009-10,Mario West,westma02,SG,25,ATL,39,1,142,4.5,7.9,0.5710000000000001,0.0,0.4,0.0,4.5,7.5,0.6,2.3,3.8,0.6,3.0,7.1,10.1,3.4,3.0,0.0,2.6,9.4,11.3,110.0,104.0,2010,Mario West-2010,0.0,Not Selected,Guard,ATL,0.043089430894308944
2009-10,Russell Westbrook,westbru01,PG,21,OKC,82,82,2813,8.9,21.3,0.418,0.4,1.9,0.221,8.5,19.4,0.43799999999999994,6.0,7.7,0.78,2.6,4.7,7.4,12.0,2.0,0.6,4.9,3.7,24.2,105.0,106.0,2010,Russell Westbrook-2010,0.0,Not Selected,Guard,OKC,0.04065040650406504
2009-10,D.J. White,whitedj01,PF,23,OKC,12,0,102,12.6,20.7,0.61,0.0,0.0,0.0,12.6,20.7,0.61,4.6,5.1,0.9,5.1,6.6,11.6,2.0,2.5,1.5,1.5,6.1,29.8,133.0,103.0,2010,D.J. White-2010,0.0,Not Selected,Forward,OKC,0.04065040650406504
2009-10,Chris Wilcox,wilcoch01,PF,27,DET,34,10,441,7.7,14.8,0.525,0.0,0.0,0.0,7.7,14.8,0.525,3.2,6.4,0.5,5.4,9.0,14.4,1.6,1.6,1.5,4.7,7.9,18.7,96.0,109.0,2010,Chris Wilcox-2010,0.0,Not Selected,Forward,DET,0.02195121951219512
2009-10,Damien Wilkins,wilkida02,SF,30,MIN,80,31,1585,5.2,12.0,0.433,0.6,1.9,0.295,4.6,10.1,0.45899999999999996,3.2,4.1,0.7979999999999999,2.3,5.6,7.8,4.3,2.1,0.8,2.4,4.5,14.2,105.0,111.0,2010,Damien Wilkins-2010,0.0,Not Selected,Forward,MIN,0.012195121951219513
2009-10,Mike Wilks,wilksmi01,PG,30,OKC,4,0,59,5.2,10.5,0.5,1.7,2.6,0.667,3.5,7.9,0.444,1.7,3.5,0.5,0.9,2.6,3.5,3.5,0.0,0.0,3.5,4.4,14.0,99.0,112.0,2010,Mike Wilks-2010,0.0,Not Selected,Guard,OKC,0.04065040650406504
2009-10,Deron Williams,willide01,PG,25,UTA,76,76,2802,9.0,19.2,0.469,1.8,4.7,0.371,7.3,14.5,0.501,6.1,7.6,0.8009999999999999,0.9,4.6,5.5,14.6,1.8,0.3,4.6,3.8,25.9,116.0,107.0,2010,Deron Williams-2010,2.0,2nd,Guard,UTA,0.043089430894308944
2009-10,Jason Williams,willija02,PG,34,ORL,82,18,1703,5.8,13.0,0.444,2.6,6.8,0.38,3.2,6.3,0.512,0.9,1.3,0.7559999999999999,0.2,3.6,3.9,9.1,1.6,0.1,2.7,2.0,15.1,115.0,106.0,2010,Jason Williams-2010,0.0,Not Selected,Guard,ORL,0.04796747967479675
2009-10,Jawad Williams,willija04,PG,26,CLE,54,6,742,5.7,14.6,0.39299999999999996,2.1,6.6,0.32299999999999995,3.6,8.0,0.451,2.3,3.2,0.711,1.1,4.7,5.9,2.4,0.8,0.4,1.3,5.2,15.9,104.0,108.0,2010,Jawad Williams-2010,0.0,Not Selected,Guard,CLE,0.04959349593495935
2009-10,Lou Williams,willilo02,PG,23,PHI,64,38,1912,8.7,18.6,0.47,1.9,5.6,0.34,6.8,12.9,0.527,5.3,6.4,0.8240000000000001,0.7,4.4,5.1,7.3,2.2,0.4,2.9,3.0,24.6,116.0,112.0,2010,Lou Williams-2010,0.0,Not Selected,Guard,PHI,0.02195121951219512
2009-10,Marcus Williams,willima03,PG,24,MEM,62,1,872,6.1,15.9,0.384,1.4,4.8,0.29600000000000004,4.7,11.2,0.42100000000000004,2.2,3.2,0.6729999999999999,0.8,4.7,5.5,9.5,1.9,0.1,4.4,2.5,15.8,95.0,112.0,2010,Marcus Williams-2010,0.0,Not Selected,Guard,MEM,0.032520325203252036
2009-10,Marvin Williams,willima02,SF,23,ATL,81,81,2468,6.5,14.3,0.455,0.9,2.8,0.303,5.7,11.5,0.49200000000000005,3.8,4.6,0.8190000000000001,2.3,6.7,9.0,2.0,1.4,1.0,1.6,3.5,17.7,113.0,107.0,2010,Marvin Williams-2010,0.0,Not Selected,Forward,ATL,0.043089430894308944
2009-10,Mo Williams,willima01,PG,27,CLE,69,68,2359,8.4,19.0,0.442,3.5,8.3,0.429,4.9,10.8,0.452,3.9,4.4,0.894,0.6,4.0,4.6,8.2,1.6,0.5,3.9,3.8,24.3,112.0,107.0,2010,Mo Williams-2010,0.0,Not Selected,Guard,CLE,0.04959349593495935
2009-10,Reggie Williams,willire02,SF,23,GSW,24,10,782,8.6,17.3,0.495,2.0,5.6,0.359,6.5,11.7,0.56,3.2,3.8,0.8390000000000001,1.1,5.6,6.7,4.0,1.4,0.4,1.8,3.0,22.3,116.0,113.0,2010,Reggie Williams-2010,0.0,Not Selected,Forward,GSW,0.02113821138211382
2009-10,Sean Williams,willise01,PF,23,NJN,20,0,227,4.9,11.3,0.429,0.0,0.2,0.0,4.9,11.1,0.43799999999999994,2.3,4.4,0.526,4.9,5.8,10.6,0.2,1.9,4.4,4.6,9.5,12.0,79.0,106.0,2010,Sean Williams-2010,0.0,Not Selected,Forward,BRK,0.00975609756097561
2009-10,Shelden Williams,willish02,PF,26,BOS,54,0,597,5.5,10.6,0.521,0.0,0.1,0.0,5.5,10.5,0.525,6.6,8.6,0.765,4.1,8.7,12.8,1.8,1.1,1.8,2.6,7.5,17.6,118.0,103.0,2010,Shelden Williams-2010,0.0,Not Selected,Forward,BOS,0.04065040650406504
2009-10,Terrence Williams,willite01,SF,22,NJN,78,9,1764,7.8,19.4,0.401,0.9,3.0,0.31,6.9,16.4,0.41700000000000004,3.1,4.3,0.715,1.4,9.0,10.4,6.6,1.3,0.3,3.7,3.8,19.5,92.0,110.0,2010,Terrence Williams-2010,0.0,Not Selected,Forward,BRK,0.00975609756097561
2009-10,Metta World Peace,artesro01,SF,30,LAL,77,77,2605,6.1,14.7,0.414,2.1,5.9,0.355,4.0,8.8,0.45299999999999996,2.5,3.7,0.688,2.0,4.6,6.6,4.6,2.1,0.4,2.4,3.3,16.8,106.0,105.0,2010,Metta World Peace-2010,0.0,Not Selected,Forward,LAL,0.046341463414634146
2009-10,Antoine Wright,wrighan01,SF,25,TOR,67,10,1392,6.0,14.8,0.406,2.1,6.4,0.335,3.9,8.4,0.46,2.0,2.9,0.688,1.4,5.6,7.0,2.6,1.1,0.4,2.1,5.0,16.1,100.0,115.0,2010,Antoine Wright-2010,0.0,Not Selected,Forward,TOR,0.032520325203252036
2009-10,Dorell Wright,wrighdo01,SF,24,MIA,72,1,1496,6.9,15.0,0.46299999999999997,2.2,5.6,0.389,4.8,9.4,0.508,2.2,2.5,0.884,1.8,6.6,8.4,3.3,1.9,1.1,1.9,3.4,18.3,114.0,104.0,2010,Dorell Wright-2010,0.0,Not Selected,Forward,MIA,0.038211382113821135
2009-10,Julian Wright,wrighju01,SF,22,NOH,68,14,871,6.9,13.8,0.5,0.1,0.4,0.33299999999999996,6.8,13.4,0.504,1.5,2.4,0.61,3.5,5.1,8.6,2.4,1.7,1.1,2.6,2.7,15.4,101.0,110.0,2010,Julian Wright-2010,0.0,Not Selected,Forward,NOP,0.03008130081300813
2009-10,Nick Young,youngni01,SG,24,WAS,74,23,1421,8.6,20.6,0.418,2.5,6.3,0.406,6.0,14.3,0.423,3.8,4.8,0.8,0.7,3.0,3.8,1.8,1.0,0.3,2.1,5.4,23.6,104.0,113.0,2010,Nick Young-2010,0.0,Not Selected,Guard,WAS,0.02113821138211382
2009-10,Sam Young,youngsa01,SF,24,MEM,80,1,1321,8.7,19.3,0.451,0.4,2.2,0.196,8.3,17.1,0.483,5.3,6.8,0.777,3.0,4.8,7.8,2.0,1.3,0.8,3.7,4.1,23.1,102.0,112.0,2010,Sam Young-2010,0.0,Not Selected,Forward,MEM,0.032520325203252036
2009-10,Thaddeus Young,youngth01,PF,21,PHI,67,45,2145,9.3,19.9,0.47,1.2,3.4,0.348,8.2,16.5,0.495,2.8,4.0,0.691,3.2,5.4,8.6,2.4,2.0,0.4,3.1,3.3,22.6,102.0,111.0,2010,Thaddeus Young-2010,0.0,Not Selected,Forward,PHI,0.02195121951219512
2010-11,Jeff Adrien,adrieje01,PF,24,GSW,23,0,196,5.9,13.9,0.426,0.0,0.0,0.0,5.9,13.9,0.426,2.8,4.9,0.579,5.9,9.0,15.0,2.6,1.0,1.3,2.3,7.2,14.7,102.0,110.0,2011,Jeff Adrien-2011,0.0,Not Selected,Forward,GSW,0.02926829268292683
2010-11,Arron Afflalo,afflaar01,SG,25,DEN,69,69,2324,6.7,13.5,0.498,2.3,5.4,0.423,4.5,8.2,0.546,3.0,3.5,0.847,1.0,4.5,5.4,3.6,0.7,0.7,1.5,3.3,18.7,123.0,111.0,2011,Arron Afflalo-2011,0.0,Not Selected,Guard,DEN,0.04065040650406504
2010-11,Maurice Ager,agerma01,SG,26,MIN,4,0,29,10.3,18.9,0.545,5.1,6.9,0.75,5.1,12.0,0.429,0.0,0.0,0.0,0.0,3.4,3.4,1.7,1.7,0.0,6.9,6.9,25.7,94.0,114.0,2011,Maurice Ager-2011,0.0,Not Selected,Guard,MIN,0.013821138211382113
2010-11,Alexis Ajinça,ajincal01,C,22,TOT,34,2,340,9.0,20.3,0.444,1.8,5.2,0.353,7.2,15.1,0.475,2.0,2.7,0.722,2.6,9.3,11.9,1.5,1.7,2.9,2.7,11.1,21.8,98.0,107.0,2011,Alexis Ajinça-2011,0.0,Not Selected,Center,TOT,0.03333333333333333
2010-11,Solomon Alabi,alabiso01,C,22,TOR,12,0,59,2.6,13.1,0.2,0.0,0.0,0.0,2.6,13.1,0.2,0.0,1.8,0.0,6.1,6.1,12.3,1.8,1.8,1.8,2.6,4.4,5.3,61.0,112.0,2011,Solomon Alabi-2011,0.0,Not Selected,Center,TOR,0.01788617886178862
2010-11,Cole Aldrich,aldrico01,C,22,OKC,18,0,142,2.9,5.5,0.5329999999999999,0.0,0.0,0.0,2.9,5.5,0.5329999999999999,0.7,1.5,0.5,4.7,8.0,12.8,1.5,1.8,2.6,2.9,10.9,6.6,98.0,104.0,2011,Cole Aldrich-2011,0.0,Not Selected,Center,OKC,0.044715447154471545
2010-11,LaMarcus Aldridge,aldrila01,PF,25,POR,81,81,3211,12.0,24.1,0.5,0.1,0.4,0.174,12.0,23.7,0.505,6.0,7.5,0.7909999999999999,4.7,7.3,12.1,2.9,1.4,1.6,2.6,3.7,30.1,114.0,107.0,2011,LaMarcus Aldridge-2011,3.0,3rd,Forward,POR,0.03902439024390244
2010-11,Malik Allen,allenma01,PF,32,ORL,18,0,178,3.3,9.2,0.355,0.0,0.0,0.0,3.3,9.2,0.355,0.3,0.6,0.5,3.5,5.9,9.5,1.2,0.3,1.2,0.9,8.9,6.8,92.0,105.0,2011,Malik Allen-2011,0.0,Not Selected,Forward,ORL,0.04227642276422764
2010-11,Ray Allen,allenra02,SG,35,BOS,80,80,2890,8.8,18.0,0.491,3.1,6.9,0.444,5.7,11.0,0.52,3.5,4.0,0.8809999999999999,0.9,4.1,5.0,4.0,1.4,0.3,2.2,2.7,24.3,116.0,104.0,2011,Ray Allen-2011,0.0,Not Selected,Guard,BOS,0.04552845528455285
2010-11,Tony Allen,allento01,SG,29,MEM,72,31,1494,8.8,17.2,0.51,0.1,0.8,0.174,8.6,16.4,0.527,4.8,6.4,0.753,2.4,4.3,6.7,3.6,4.5,1.5,3.0,5.6,22.5,110.0,101.0,2011,Tony Allen-2011,0.0,Not Selected,Guard,MEM,0.03739837398373984
2010-11,Al-Farouq Aminu,aminual01,SF,20,LAC,81,14,1452,5.7,14.5,0.39399999999999996,1.6,5.1,0.315,4.1,9.4,0.43700000000000006,3.3,4.2,0.773,2.7,6.8,9.5,2.1,2.1,0.9,3.7,4.3,16.3,94.0,108.0,2011,Al-Farouq Aminu-2011,0.0,Not Selected,Forward,LAC,0.026016260162601626
2010-11,Lou Amundson,amundlo01,PF,28,GSW,46,7,691,6.1,13.4,0.45399999999999996,0.0,0.0,0.0,6.1,13.4,0.45399999999999996,2.5,6.4,0.391,5.9,7.6,13.6,1.2,1.0,2.4,1.8,6.4,14.7,101.0,110.0,2011,Lou Amundson-2011,0.0,Not Selected,Forward,GSW,0.02926829268292683
2010-11,Chris Andersen,anderch01,C,32,DEN,45,0,732,5.6,9.4,0.599,0.0,0.1,0.0,5.6,9.3,0.603,5.9,9.3,0.637,5.1,9.9,15.0,1.4,1.6,4.0,1.7,5.4,17.2,129.0,102.0,2011,Chris Andersen-2011,0.0,Not Selected,Center,DEN,0.04065040650406504
2010-11,David Andersen,anderda03,PF,30,TOT,40,0,373,8.0,17.2,0.46299999999999997,1.1,3.3,0.348,6.8,14.0,0.49,2.0,3.1,0.636,2.8,9.1,12.0,1.9,0.7,1.3,3.1,5.7,19.1,97.0,108.0,2011,David Andersen-2011,0.0,Not Selected,Forward,TOT,0.03333333333333333
2010-11,James Anderson,anderja01,SF,21,SAS,26,2,286,5.6,14.7,0.38299999999999995,3.3,8.4,0.391,2.4,6.4,0.371,2.5,3.3,0.778,0.4,3.8,4.2,3.3,0.5,1.1,2.4,4.4,17.1,102.0,110.0,2011,James Anderson-2011,0.0,Not Selected,Forward,SAS,0.04959349593495935
2010-11,Ryan Anderson,anderry01,PF,22,ORL,64,14,1424,8.3,19.4,0.43,5.0,12.6,0.39299999999999996,3.4,6.8,0.5,3.5,4.3,0.812,4.8,8.3,13.1,1.9,1.1,1.4,1.8,5.1,25.2,122.0,102.0,2011,Ryan Anderson-2011,0.0,Not Selected,Forward,ORL,0.04227642276422764
2010-11,Carmelo Anthony,anthoca01,SF,26,TOT,77,77,2751,12.5,27.4,0.455,1.7,4.6,0.37799999999999995,10.8,22.9,0.47,9.3,11.0,0.838,2.2,8.1,10.3,4.0,1.2,0.8,3.8,4.1,36.0,109.0,108.0,2011,Carmelo Anthony-2011,0.0,Not Selected,Forward,TOT,0.03333333333333333
2010-11,Joel Anthony,anthojo01,C,28,MIA,75,11,1463,1.9,3.6,0.535,0.0,0.0,0.0,1.9,3.6,0.535,1.7,2.6,0.644,3.8,5.8,9.6,0.9,0.4,3.4,1.3,7.0,5.5,120.0,104.0,2011,Joel Anthony-2011,0.0,Not Selected,Center,MIA,0.04715447154471545
2010-11,Gilbert Arenas,arenagi01,PG,29,TOT,70,16,1796,7.8,21.3,0.366,2.8,9.5,0.297,5.0,11.8,0.423,3.5,4.4,0.784,0.6,4.8,5.5,7.9,2.1,0.6,5.1,5.4,21.9,93.0,106.0,2011,Gilbert Arenas-2011,0.0,Not Selected,Guard,TOT,0.03333333333333333
2010-11,Trevor Ariza,arizatr01,SF,25,NOH,75,75,2600,6.3,15.9,0.39799999999999996,1.7,5.6,0.303,4.6,10.2,0.45,2.9,4.1,0.701,1.3,7.2,8.5,3.4,2.5,0.6,2.5,3.7,17.2,97.0,104.0,2011,Trevor Ariza-2011,0.0,Not Selected,Forward,NOP,0.03739837398373984
2010-11,Hilton Armstrong,armsthi01,C,26,TOT,53,2,488,3.9,8.0,0.48700000000000004,0.2,0.4,0.5,3.7,7.6,0.486,1.7,3.5,0.485,4.4,9.4,13.8,1.5,1.9,2.2,3.0,8.9,9.7,95.0,106.0,2011,Hilton Armstrong-2011,0.0,Not Selected,Center,TOT,0.03333333333333333
2010-11,Carlos Arroyo,arroyca01,PG,31,TOT,64,43,1185,5.4,12.2,0.44,1.4,3.1,0.449,4.0,9.1,0.436,1.7,2.1,0.83,0.9,3.7,4.6,5.6,0.9,0.0,2.7,3.2,13.8,104.0,108.0,2011,Carlos Arroyo-2011,0.0,Not Selected,Guard,TOT,0.03333333333333333
2010-11,Darrell Arthur,arthuda01,PF,22,MEM,80,9,1609,10.1,20.3,0.49700000000000005,0.0,0.2,0.0,10.1,20.1,0.502,3.5,4.3,0.813,3.7,7.4,11.1,1.7,1.7,2.0,2.9,7.4,23.7,106.0,104.0,2011,Darrell Arthur-2011,0.0,Not Selected,Forward,MEM,0.03739837398373984
2010-11,Ömer Aşık,asikom01,C,24,CHI,82,0,989,4.2,7.6,0.5529999999999999,0.0,0.0,0.0,4.2,7.6,0.5529999999999999,3.9,7.8,0.503,6.0,10.4,16.4,1.7,1.1,3.0,3.4,8.2,12.3,104.0,97.0,2011,Ömer Aşık-2011,0.0,Not Selected,Center,CHI,0.05040650406504065
2010-11,D.J. Augustin,augusdj01,PG,23,CHA,82,82,2757,7.7,18.6,0.41600000000000004,2.2,6.5,0.33299999999999996,5.6,12.1,0.461,5.2,5.8,0.9059999999999999,0.7,3.6,4.4,9.7,1.0,0.1,3.0,3.0,22.9,112.0,112.0,2011,D.J. Augustin-2011,0.0,Not Selected,Guard,CHO,0.027642276422764227
2010-11,Luke Babbitt,babbilu01,SF,21,POR,24,0,137,6.0,21.9,0.273,1.2,6.4,0.188,4.8,15.5,0.308,1.2,3.6,0.33299999999999996,2.4,9.6,12.0,2.4,0.8,0.8,3.2,6.0,14.3,68.0,107.0,2011,Luke Babbitt-2011,0.0,Not Selected,Forward,POR,0.03902439024390244
2010-11,Renaldo Balkman,balkmre01,SF,26,TOT,8,0,62,4.9,10.5,0.462,0.8,1.6,0.5,4.1,8.9,0.455,2.4,3.2,0.75,1.6,4.1,5.7,1.6,3.2,1.6,0.8,12.2,13.0,115.0,105.0,2011,Renaldo Balkman-2011,0.0,Not Selected,Forward,TOT,0.03333333333333333
2010-11,Marcus Banks,banksma01,PG,29,TOR,3,0,22,0.0,4.7,0.0,0.0,0.0,0.0,0.0,4.7,0.0,14.1,18.8,0.75,0.0,2.3,2.3,7.0,2.3,0.0,4.7,9.4,14.1,99.0,114.0,2011,Marcus Banks-2011,0.0,Not Selected,Guard,TOR,0.01788617886178862
2010-11,Leandro Barbosa,barbole01,SG,28,TOR,58,0,1395,10.9,24.2,0.45,2.7,7.9,0.33799999999999997,8.2,16.3,0.505,4.0,5.1,0.7959999999999999,0.5,3.1,3.7,4.4,1.9,0.2,3.1,4.2,28.5,105.0,115.0,2011,Leandro Barbosa-2011,0.0,Not Selected,Guard,TOR,0.01788617886178862
2010-11,J.J. Barea,bareajo01,PG,26,DAL,81,2,1669,9.0,20.4,0.439,2.1,6.0,0.349,6.9,14.5,0.47600000000000003,4.2,4.9,0.847,0.9,4.1,5.0,10.0,0.9,0.0,4.3,4.3,24.2,106.0,109.0,2011,J.J. Barea-2011,0.0,Not Selected,Guard,DAL,0.046341463414634146
2010-11,Andrea Bargnani,bargnan01,C,25,TOR,66,66,2353,11.5,25.8,0.44799999999999995,1.7,4.9,0.345,9.8,20.9,0.47200000000000003,6.3,7.7,0.82,1.6,5.9,7.5,2.6,0.7,1.0,3.3,3.5,31.1,105.0,115.0,2011,Andrea Bargnani-2011,0.0,Not Selected,Center,TOR,0.01788617886178862
2010-11,Matt Barnes,barnema02,SF,30,LAL,53,0,1020,6.8,14.5,0.47,1.8,5.5,0.318,5.0,8.9,0.564,3.1,4.0,0.779,3.8,8.0,11.8,3.7,2.0,1.1,3.0,6.6,18.5,112.0,103.0,2011,Matt Barnes-2011,0.0,Not Selected,Forward,LAL,0.046341463414634146
2010-11,Earl Barron,barroea01,C,29,TOT,21,7,305,5.5,16.9,0.32299999999999995,0.0,0.0,0.0,5.5,16.9,0.32299999999999995,2.6,4.1,0.625,5.5,7.5,13.0,1.9,1.4,1.0,2.7,7.8,13.5,83.0,107.0,2011,Earl Barron-2011,0.0,Not Selected,Center,TOT,0.03333333333333333
2010-11,Brandon Bass,bassbr01,PF,25,ORL,76,51,1980,8.8,17.1,0.515,0.0,0.1,0.0,8.8,17.1,0.516,5.0,6.2,0.815,3.6,7.7,11.3,1.5,0.7,1.4,2.6,4.2,22.7,113.0,103.0,2011,Brandon Bass-2011,0.0,Not Selected,Forward,ORL,0.04227642276422764
2010-11,Tony Battie,battito01,C,34,PHI,38,0,377,6.2,13.3,0.469,0.3,0.4,0.667,6.0,12.9,0.462,1.1,1.9,0.5710000000000001,2.4,11.4,13.7,1.7,0.7,2.1,1.7,8.2,13.9,99.0,103.0,2011,Tony Battie-2011,0.0,Not Selected,Center,PHI,0.03333333333333333
2010-11,Shane Battier,battish01,SF,32,TOT,82,59,2375,4.9,11.0,0.45,2.2,5.8,0.382,2.7,5.2,0.525,1.4,2.0,0.688,1.9,6.1,8.0,4.0,1.5,1.7,1.7,3.4,13.5,115.0,108.0,2011,Shane Battier-2011,0.0,Not Selected,Forward,TOT,0.03333333333333333
2010-11,Nicolas Batum,batumni01,SF,22,POR,80,67,2522,7.9,17.5,0.455,2.6,7.4,0.345,5.4,10.1,0.535,3.0,3.6,0.841,2.4,5.5,7.8,2.7,1.5,1.1,1.8,4.2,21.4,116.0,108.0,2011,Nicolas Batum-2011,0.0,Not Selected,Forward,POR,0.03902439024390244
2010-11,Jerryd Bayless,bayleje01,PG,22,TOT,71,14,1496,7.6,17.9,0.42200000000000004,1.7,5.1,0.336,5.9,12.9,0.456,5.8,7.1,0.8059999999999999,0.9,4.8,5.7,9.2,1.3,0.2,4.4,5.2,22.6,105.0,114.0,2011,Jerryd Bayless-2011,0.0,Not Selected,Guard,TOT,0.03333333333333333
2010-11,Michael Beasley,beaslmi01,SF,22,MIN,73,73,2361,11.8,26.3,0.45,1.3,3.5,0.366,10.6,22.8,0.46299999999999997,4.6,6.1,0.753,2.5,6.1,8.6,3.3,1.1,1.1,4.1,4.7,29.5,100.0,112.0,2011,Michael Beasley-2011,0.0,Not Selected,Forward,MIN,0.013821138211382113
2010-11,Rodrigue Beaubois,beaubro01,PG,22,DAL,28,26,496,10.0,23.6,0.42200000000000004,2.7,8.8,0.301,7.3,14.8,0.493,2.4,3.2,0.767,0.7,4.8,5.5,6.8,2.1,0.8,5.0,8.1,25.0,93.0,105.0,2011,Rodrigue Beaubois-2011,0.0,Not Selected,Guard,DAL,0.046341463414634146
2010-11,Marco Belinelli,belinma01,SG,24,NOH,80,69,1957,8.3,19.1,0.43700000000000006,3.7,9.0,0.414,4.6,10.1,0.45799999999999996,2.7,3.5,0.784,0.5,3.7,4.2,2.5,1.1,0.2,2.1,4.0,23.1,107.0,109.0,2011,Marco Belinelli-2011,0.0,Not Selected,Guard,NOP,0.03739837398373984
2010-11,Charlie Bell,bellch01,SG,31,GSW,19,0,171,3.6,12.7,0.27899999999999997,1.8,6.2,0.28600000000000003,1.8,6.5,0.273,0.6,1.2,0.5,1.8,3.6,5.3,3.8,1.8,0.3,1.8,3.8,9.5,85.0,114.0,2011,Charlie Bell-2011,0.0,Not Selected,Guard,GSW,0.02926829268292683
2010-11,Raja Bell,bellra01,SG,34,UTA,68,63,2097,4.8,11.7,0.409,1.7,4.9,0.35200000000000004,3.1,6.9,0.449,2.3,2.6,0.892,0.8,3.6,4.4,3.0,1.4,0.4,1.6,4.2,13.6,107.0,114.0,2011,Raja Bell-2011,0.0,Not Selected,Guard,UTA,0.03170731707317073
2010-11,Mike Bibby,bibbymi01,PG,32,TOT,80,68,2285,5.8,13.5,0.431,3.6,8.1,0.44,2.2,5.3,0.41700000000000004,0.9,1.5,0.629,0.4,4.2,4.6,6.2,1.2,0.2,2.4,4.1,16.1,110.0,109.0,2011,Mike Bibby-2011,0.0,Not Selected,Guard,TOT,0.03333333333333333
2010-11,Andris Biedriņš,biedran01,C,24,GSW,59,55,1397,5.1,9.6,0.534,0.0,0.0,0.0,5.1,9.6,0.534,0.4,1.1,0.32299999999999995,5.3,10.2,15.4,2.2,1.9,1.9,2.1,7.2,10.7,109.0,107.0,2011,Andris Biedriņš-2011,0.0,Not Selected,Center,GSW,0.02926829268292683
2010-11,Chauncey Billups,billuch01,PG,34,TOT,72,72,2310,7.4,17.3,0.42700000000000005,3.2,7.9,0.402,4.2,9.4,0.44799999999999995,8.3,9.1,0.9159999999999999,0.5,3.6,4.1,8.4,1.5,0.3,3.8,3.2,26.3,120.0,111.0,2011,Chauncey Billups-2011,0.0,Not Selected,Guard,TOT,0.03333333333333333
2010-11,DeJuan Blair,blairde01,PF,21,SAS,81,65,1734,8.8,17.5,0.501,0.0,0.1,0.0,8.8,17.4,0.503,2.7,4.1,0.657,6.4,10.5,16.9,2.3,2.8,1.3,3.4,6.4,20.2,106.0,100.0,2011,DeJuan Blair-2011,0.0,Not Selected,Forward,SAS,0.04959349593495935
2010-11,Steve Blake,blakest01,PG,30,LAL,79,0,1581,3.7,10.2,0.359,2.4,6.5,0.37799999999999995,1.2,3.8,0.327,0.9,1.0,0.867,0.6,4.6,5.2,5.7,1.3,0.1,2.4,3.3,10.7,101.0,108.0,2011,Steve Blake-2011,0.0,Not Selected,Guard,LAL,0.046341463414634146
2010-11,Andray Blatche,blatcan01,PF,24,WAS,64,63,2172,10.0,22.5,0.445,0.1,0.4,0.222,9.9,22.1,0.449,5.2,6.7,0.777,4.3,8.1,12.4,3.4,2.3,1.2,4.1,4.3,25.3,100.0,108.0,2011,Andray Blatche-2011,0.0,Not Selected,Forward,WAS,0.01869918699186992
2010-11,Eric Bledsoe,bledser01,PG,21,LAC,81,25,1841,5.8,13.6,0.424,0.9,3.3,0.276,4.9,10.4,0.47,2.8,3.7,0.7440000000000001,1.9,4.4,6.3,8.1,2.6,0.7,5.4,3.7,15.2,93.0,108.0,2011,Eric Bledsoe-2011,0.0,Not Selected,Guard,LAC,0.026016260162601626
2010-11,Keith Bogans,boganke01,SG,30,CHI,82,82,1461,4.5,11.2,0.40399999999999997,3.3,8.6,0.38,1.2,2.5,0.486,0.8,1.2,0.6559999999999999,0.7,4.7,5.4,3.7,1.4,0.3,1.5,4.1,13.1,113.0,103.0,2011,Keith Bogans-2011,0.0,Not Selected,Guard,CHI,0.05040650406504065
2010-11,Andrew Bogut,bogutan01,C,26,MIL,65,65,2297,8.5,17.3,0.495,0.0,0.1,0.0,8.5,17.2,0.49700000000000005,2.2,5.1,0.442,4.6,12.1,16.8,3.0,1.1,3.9,2.9,5.1,19.3,100.0,97.0,2011,Andrew Bogut-2011,0.0,Not Selected,Center,MIL,0.028455284552845527
2010-11,Matt Bonner,bonnema01,PF,30,SAS,66,1,1432,6.2,13.5,0.46399999999999997,3.8,8.4,0.457,2.4,5.1,0.475,1.2,1.6,0.7440000000000001,2.2,6.5,8.7,2.2,0.9,0.8,1.0,4.0,17.5,125.0,108.0,2011,Matt Bonner-2011,0.0,Not Selected,Forward,SAS,0.04959349593495935
2010-11,Trevor Booker,booketr01,PF,23,WAS,65,14,1063,6.7,12.2,0.5489999999999999,0.0,0.0,0.0,6.7,12.1,0.552,3.3,4.9,0.6729999999999999,4.7,7.4,12.1,1.7,1.4,2.0,1.8,5.5,16.7,118.0,109.0,2011,Trevor Booker-2011,0.0,Not Selected,Forward,WAS,0.01869918699186992
2010-11,Carlos Boozer,boozeca01,C,29,CHI,59,59,1882,12.2,23.9,0.51,0.0,0.0,0.0,12.2,23.9,0.51,4.8,6.9,0.701,3.7,12.3,15.9,4.1,1.3,0.5,4.2,5.3,29.2,105.0,99.0,2011,Carlos Boozer-2011,0.0,Not Selected,Center,CHI,0.05040650406504065
2010-11,Chris Bosh,boshch01,PF,26,MIA,77,77,2795,9.9,20.0,0.496,0.1,0.5,0.24,9.8,19.5,0.502,7.3,8.9,0.815,2.7,9.4,12.1,2.7,1.1,0.9,2.6,3.2,27.2,115.0,103.0,2011,Chris Bosh-2011,0.0,Not Selected,Forward,MIA,0.04715447154471545
2010-11,Earl Boykins,boykiea01,PG,34,MIL,57,0,862,9.7,21.8,0.44299999999999995,1.7,4.4,0.38,8.0,17.4,0.45899999999999996,4.3,5.1,0.841,0.9,2.5,3.4,8.7,2.4,0.2,3.2,2.7,25.3,108.0,105.0,2011,Earl Boykins-2011,0.0,Not Selected,Guard,MIL,0.028455284552845527
2010-11,Craig Brackins,brackcr01,PF,23,PHI,3,0,33,6.3,25.4,0.25,0.0,7.9,0.0,6.3,17.5,0.364,0.0,0.0,0.0,3.2,3.2,6.3,1.6,1.6,0.0,0.0,4.8,12.7,66.0,108.0,2011,Craig Brackins-2011,0.0,Not Selected,Forward,PHI,0.03333333333333333
2010-11,Avery Bradley,bradlav01,PG,20,BOS,31,0,162,7.5,22.0,0.34299999999999997,0.0,1.6,0.0,7.5,20.3,0.371,2.0,3.9,0.5,1.3,4.3,5.6,3.9,3.0,0.0,5.2,6.6,17.0,68.0,101.0,2011,Avery Bradley-2011,0.0,Not Selected,Guard,BOS,0.04552845528455285
2010-11,Elton Brand,brandel01,PF,31,PHI,81,81,2809,9.4,18.3,0.512,0.0,0.0,0.0,9.4,18.3,0.512,4.0,5.1,0.78,4.4,8.2,12.6,2.2,1.7,2.0,1.9,4.5,22.7,114.0,103.0,2011,Elton Brand-2011,0.0,Not Selected,Forward,PHI,0.03333333333333333
2010-11,Corey Brewer,breweco01,SF-SG,24,TOT,69,24,1510,6.4,16.2,0.395,1.0,3.7,0.268,5.4,12.5,0.434,4.5,6.4,0.708,1.9,3.9,5.8,2.9,3.3,0.5,2.9,5.3,18.3,98.0,109.0,2011,Corey Brewer-2011,0.0,Not Selected,Forward,TOT,0.03333333333333333
2010-11,Ronnie Brewer,brewero02,SG,25,CHI,81,1,1781,6.1,12.7,0.48,0.2,0.8,0.222,5.9,11.9,0.498,2.6,4.0,0.654,1.6,6.2,7.8,4.2,3.2,0.7,1.6,2.4,15.0,110.0,98.0,2011,Ronnie Brewer-2011,0.0,Not Selected,Guard,CHI,0.05040650406504065
2010-11,Jon Brockman,brockjo01,C,23,MIL,63,6,677,3.8,7.4,0.511,0.0,0.0,0.0,3.8,7.4,0.511,3.2,4.7,0.6779999999999999,5.8,8.7,14.5,1.4,1.1,0.2,1.9,9.4,10.7,117.0,103.0,2011,Jon Brockman-2011,0.0,Not Selected,Center,MIL,0.028455284552845527
2010-11,Aaron Brooks,brookaa01,PG,26,TOT,59,12,1284,8.7,23.3,0.375,2.8,9.4,0.297,5.9,13.9,0.42700000000000005,4.9,5.6,0.8859999999999999,0.8,2.3,3.1,9.2,1.3,0.1,3.9,4.6,25.1,102.0,113.0,2011,Aaron Brooks-2011,0.0,Not Selected,Guard,TOT,0.03333333333333333
2010-11,Derrick Brown,brownde04,SF,23,TOT,49,1,576,6.8,12.1,0.565,0.5,0.9,0.5,6.3,11.1,0.57,2.9,5.5,0.5329999999999999,3.8,5.3,9.1,3.0,1.8,0.9,3.2,5.4,17.0,108.0,109.0,2011,Derrick Brown-2011,0.0,Not Selected,Forward,TOT,0.03333333333333333
2010-11,Kwame Brown,brownkw01,C,28,CHA,66,50,1714,6.1,11.7,0.517,0.0,0.0,0.0,6.1,11.7,0.517,4.2,7.2,0.589,4.6,9.5,14.1,1.3,0.8,1.2,2.2,5.4,16.4,110.0,108.0,2011,Kwame Brown-2011,0.0,Not Selected,Center,CHO,0.027642276422764227
2010-11,Shannon Brown,brownsh01,SG,25,LAL,82,0,1568,9.2,21.7,0.425,2.5,7.2,0.349,6.7,14.5,0.462,3.1,3.4,0.9109999999999999,1.2,4.1,5.3,3.2,2.3,0.5,2.5,4.2,24.0,105.0,106.0,2011,Shannon Brown-2011,0.0,Not Selected,Guard,LAL,0.046341463414634146
2010-11,Kobe Bryant,bryanko01,SG,32,LAL,82,82,2779,14.1,31.2,0.451,2.2,6.8,0.32299999999999995,11.9,24.4,0.48700000000000004,9.2,11.1,0.828,1.6,6.4,8.0,7.4,1.9,0.2,4.6,3.3,39.6,111.0,105.0,2011,Kobe Bryant-2011,1.0,1st,Guard,LAL,0.046341463414634146
2010-11,Chase Budinger,budinch01,SF,22,HOU,78,22,1738,8.2,19.2,0.425,2.6,8.0,0.325,5.6,11.2,0.49700000000000005,3.5,4.0,0.855,1.5,6.7,8.2,3.7,1.2,0.5,2.0,3.3,22.4,110.0,110.0,2011,Chase Budinger-2011,0.0,Not Selected,Forward,HOU,0.034959349593495934
2010-11,Caron Butler,butleca01,SF,30,DAL,29,29,867,10.3,22.9,0.45,1.7,3.9,0.431,8.6,19.0,0.45399999999999996,4.1,5.3,0.773,1.3,5.8,7.2,2.8,1.7,0.5,3.0,3.6,26.4,100.0,106.0,2011,Caron Butler-2011,0.0,Not Selected,Forward,DAL,0.046341463414634146
2010-11,Rasual Butler,butlera01,SG,31,TOT,47,2,770,5.3,15.9,0.33299999999999996,3.1,9.1,0.33799999999999997,2.2,6.8,0.327,1.2,1.8,0.667,0.7,4.5,5.2,1.8,0.5,1.0,1.6,2.5,14.9,92.0,112.0,2011,Rasual Butler-2011,0.0,Not Selected,Guard,TOT,0.03333333333333333
2010-11,Andrew Bynum,bynuman01,C,23,LAL,54,47,1500,8.4,14.6,0.574,0.0,0.0,0.0,8.4,14.6,0.574,4.9,7.4,0.66,6.0,11.9,17.9,2.6,0.7,3.7,2.6,4.9,21.6,121.0,100.0,2011,Andrew Bynum-2011,0.0,Not Selected,Center,LAL,0.046341463414634146
2010-11,Will Bynum,bynumwi01,PG,28,DET,61,5,1125,8.7,19.4,0.44799999999999995,0.8,2.4,0.32,7.9,17.0,0.466,4.9,5.8,0.836,0.7,2.8,3.5,9.3,2.5,0.2,4.0,5.4,23.1,106.0,113.0,2011,Will Bynum-2011,0.0,Not Selected,Guard,DET,0.024390243902439025
2010-11,José Calderón,caldejo01,PG,29,TOR,68,55,2102,6.4,14.7,0.44,1.4,3.8,0.365,5.0,10.8,0.466,2.2,2.5,0.8540000000000001,0.7,4.2,5.0,14.9,2.0,0.2,3.6,3.5,16.5,112.0,114.0,2011,José Calderón-2011,0.0,Not Selected,Guard,TOR,0.01788617886178862
2010-11,Marcus Camby,cambyma01,C,36,POR,59,51,1540,4.1,10.4,0.39799999999999996,0.0,0.0,0.0,4.1,10.4,0.39899999999999997,1.5,2.5,0.614,6.5,15.0,21.5,4.3,1.4,3.3,2.2,5.0,9.8,105.0,100.0,2011,Marcus Camby-2011,0.0,Not Selected,Center,POR,0.03902439024390244
2010-11,Derrick Caracter,caracde01,C,22,LAL,41,0,215,7.9,16.2,0.485,0.0,0.0,0.0,7.9,16.2,0.485,4.2,5.7,0.7390000000000001,4.7,5.9,10.6,1.7,1.0,2.5,4.7,11.6,19.9,98.0,105.0,2011,Derrick Caracter-2011,0.0,Not Selected,Center,LAL,0.046341463414634146
2010-11,Brian Cardinal,cardibr01,SF,33,DAL,56,4,618,3.7,8.5,0.43,3.6,7.4,0.483,0.1,1.1,0.077,1.4,1.5,0.9440000000000001,0.9,4.2,5.0,3.4,2.0,0.6,1.4,7.0,12.3,126.0,106.0,2011,Brian Cardinal-2011,0.0,Not Selected,Forward,DAL,0.046341463414634146
2010-11,Rodney Carney,carnero01,SF,26,TOT,27,1,336,6.9,16.6,0.418,2.6,5.7,0.447,4.4,10.9,0.40299999999999997,2.7,4.1,0.667,2.0,5.3,7.2,1.7,1.8,0.8,2.4,5.0,19.1,102.0,112.0,2011,Rodney Carney-2011,0.0,Not Selected,Forward,TOT,0.03333333333333333
2010-11,DeMarre Carroll,carrode01,PF,24,TOT,12,0,50,4.2,12.5,0.33299999999999996,0.0,0.0,0.0,4.2,12.5,0.33299999999999996,2.1,2.1,1.0,2.1,6.2,8.3,4.2,1.0,1.0,0.0,5.2,10.4,105.0,108.0,2011,DeMarre Carroll-2011,0.0,Not Selected,Forward,TOT,0.03333333333333333
2010-11,Matt Carroll,carroma01,SG,30,CHA,54,1,582,8.2,18.3,0.447,1.6,4.2,0.37,6.6,14.1,0.47100000000000003,3.7,4.8,0.769,1.1,5.2,6.3,2.1,1.6,0.6,2.1,4.0,21.6,103.0,109.0,2011,Matt Carroll-2011,0.0,Not Selected,Guard,CHO,0.027642276422764227
2010-11,Anthony Carter,cartean01,PG,35,TOT,33,0,463,4.9,11.5,0.425,1.3,4.3,0.3,3.6,7.2,0.5,0.9,0.9,1.0,0.8,4.8,5.5,7.5,2.9,0.7,4.2,5.3,11.9,94.0,108.0,2011,Anthony Carter-2011,0.0,Not Selected,Guard,TOT,0.03333333333333333
2010-11,Vince Carter,cartevi01,SG,34,TOT,73,63,2051,9.8,22.3,0.43700000000000006,2.9,8.0,0.361,6.8,14.3,0.479,3.2,4.3,0.74,1.4,5.5,6.9,3.7,1.7,0.5,2.3,4.8,25.6,106.0,108.0,2011,Vince Carter-2011,0.0,Not Selected,Guard,TOT,0.03333333333333333
2010-11,Omri Casspi,casspom01,SF,22,SAC,71,27,1702,6.7,16.2,0.41200000000000003,2.7,7.3,0.37200000000000005,3.9,8.9,0.445,2.0,3.0,0.6729999999999999,2.2,6.9,9.1,2.2,1.6,0.4,2.0,3.4,18.1,106.0,109.0,2011,Omri Casspi-2011,0.0,Not Selected,Forward,SAC,0.01951219512195122
2010-11,Mario Chalmers,chalmma01,PG,24,MIA,70,28,1579,5.2,13.0,0.39899999999999997,2.8,7.7,0.359,2.4,5.3,0.45899999999999996,1.8,2.1,0.871,0.4,4.5,4.9,5.9,2.5,0.2,3.0,5.3,14.9,103.0,104.0,2011,Mario Chalmers-2011,0.0,Not Selected,Guard,MIA,0.04715447154471545
2010-11,Tyson Chandler,chandty01,C,28,DAL,74,74,2059,6.8,10.4,0.654,0.0,0.0,0.0,6.8,10.4,0.654,5.5,7.5,0.732,5.3,12.4,17.7,0.8,0.9,2.0,2.2,6.1,19.1,131.0,102.0,2011,Tyson Chandler-2011,0.0,Not Selected,Center,DAL,0.046341463414634146
2010-11,Wilson Chandler,chandwi01,SF,23,TOT,72,49,2401,9.0,19.9,0.45,2.3,6.7,0.35,6.6,13.2,0.501,2.7,3.4,0.807,1.6,7.0,8.5,2.5,1.0,2.0,2.2,4.2,23.0,106.0,109.0,2011,Wilson Chandler-2011,0.0,Not Selected,Forward,TOT,0.03333333333333333
2010-11,Josh Childress,childjo01,SG,27,PHO,54,3,894,6.9,12.2,0.565,0.1,0.9,0.063,6.8,11.3,0.606,1.6,3.4,0.49200000000000005,3.9,4.9,8.8,2.4,1.9,1.3,2.5,3.9,15.5,109.0,110.0,2011,Josh Childress-2011,0.0,Not Selected,Guard,PHO,0.032520325203252036
2010-11,Earl Clark,clarkea01,SF,23,TOT,42,0,464,7.7,17.8,0.43,0.0,0.6,0.0,7.7,17.3,0.444,3.0,5.3,0.574,4.2,7.2,11.4,1.0,0.9,2.0,3.2,5.1,18.4,91.0,103.0,2011,Earl Clark-2011,0.0,Not Selected,Forward,TOT,0.03333333333333333
2010-11,Jarron Collins,collija03,C,32,TOT,28,0,181,1.7,6.0,0.28600000000000003,0.0,0.0,0.0,1.7,6.0,0.28600000000000003,2.0,2.9,0.7,4.0,2.9,6.9,0.6,1.2,0.3,2.0,8.3,5.5,85.0,113.0,2011,Jarron Collins-2011,0.0,Not Selected,Center,TOT,0.03333333333333333
2010-11,Jason Collins,collija04,C,32,ATL,49,28,593,3.1,6.4,0.479,0.1,0.1,1.0,3.0,6.3,0.47100000000000003,2.4,3.7,0.659,2.7,6.5,9.2,2.0,0.8,0.8,2.4,8.8,8.7,101.0,108.0,2011,Jason Collins-2011,0.0,Not Selected,Center,ATL,0.03577235772357724
2010-11,Sherron Collins,collish01,PG,23,CHA,20,0,66,5.7,20.3,0.28,1.6,8.1,0.2,4.1,12.2,0.33299999999999996,0.8,0.8,1.0,0.0,4.1,4.1,6.5,1.6,0.0,3.2,1.6,13.8,73.0,111.0,2011,Sherron Collins-2011,0.0,Not Selected,Guard,CHO,0.027642276422764227
2010-11,Darren Collison,collida01,PG,23,IND,79,79,2360,8.5,18.7,0.457,0.9,2.7,0.331,7.7,16.0,0.479,4.3,5.0,0.871,0.9,4.0,4.8,8.7,1.9,0.3,4.2,2.3,22.3,105.0,108.0,2011,Darren Collison-2011,0.0,Not Selected,Guard,IND,0.03008130081300813
2010-11,Nick Collison,collini01,C,30,OKC,71,2,1524,4.7,8.2,0.5660000000000001,0.0,0.0,0.0,4.7,8.2,0.5660000000000001,1.9,2.5,0.753,4.0,6.7,10.7,2.3,1.4,1.1,1.9,7.1,11.2,120.0,108.0,2011,Nick Collison-2011,0.0,Not Selected,Center,OKC,0.044715447154471545
2010-11,Mike Conley,conlemi01,PG,23,MEM,81,81,2872,7.7,17.3,0.444,1.5,3.9,0.369,6.2,13.4,0.466,3.3,4.5,0.733,0.6,3.9,4.5,9.6,2.6,0.3,3.2,3.3,20.1,108.0,107.0,2011,Mike Conley-2011,0.0,Not Selected,Guard,MEM,0.03739837398373984
2010-11,Brian Cook,cookbr01,PF,30,LAC,40,0,447,8.3,19.7,0.424,3.9,9.1,0.43,4.4,10.5,0.418,1.7,2.8,0.625,2.2,8.9,11.1,1.7,1.4,1.3,2.9,8.7,22.3,101.0,107.0,2011,Brian Cook-2011,0.0,Not Selected,Forward,LAC,0.026016260162601626
2010-11,Daequan Cook,cookda02,SG,23,OKC,43,0,598,6.8,15.7,0.436,5.6,13.3,0.42200000000000004,1.2,2.3,0.519,1.4,1.7,0.8,0.7,5.5,6.2,1.7,1.2,0.1,1.5,4.4,20.7,122.0,110.0,2011,Daequan Cook-2011,0.0,Not Selected,Guard,OKC,0.044715447154471545
2010-11,Marcus Cousin,cousima01,C,24,UTA,4,0,18,5.9,8.8,0.667,0.0,0.0,0.0,5.9,8.8,0.667,0.0,0.0,0.0,0.0,8.8,8.8,0.0,0.0,2.9,2.9,2.9,11.7,90.0,111.0,2011,Marcus Cousin-2011,0.0,Not Selected,Center,UTA,0.03170731707317073
2010-11,DeMarcus Cousins,couside01,C,20,SAC,81,62,2309,9.4,21.9,0.43,0.1,0.4,0.16699999999999998,9.4,21.5,0.435,6.0,8.8,0.687,4.7,10.5,15.3,4.5,1.9,1.5,5.9,7.2,25.0,94.0,105.0,2011,DeMarcus Cousins-2011,0.0,Not Selected,Center,SAC,0.01951219512195122
2010-11,Jamal Crawford,crawfja01,SG,30,ATL,76,0,2297,8.6,20.4,0.42100000000000004,2.8,8.2,0.341,5.8,12.3,0.474,5.2,6.1,0.8540000000000001,0.5,2.5,3.0,5.6,1.3,0.3,3.4,2.3,25.2,105.0,111.0,2011,Jamal Crawford-2011,0.0,Not Selected,Guard,ATL,0.03577235772357724
2010-11,Jordan Crawford,crawfjo02,SG,22,TOT,42,18,1027,9.6,25.1,0.384,1.7,6.4,0.258,8.0,18.7,0.42700000000000005,3.7,4.2,0.8690000000000001,1.6,3.7,5.3,5.9,2.0,0.2,4.2,3.2,24.6,92.0,112.0,2011,Jordan Crawford-2011,0.0,Not Selected,Guard,TOT,0.03333333333333333
2010-11,Dante Cunningham,cunnida01,PF,23,TOT,78,18,1637,7.2,15.6,0.462,0.0,0.4,0.077,7.2,15.2,0.473,1.5,2.1,0.726,3.2,6.0,9.2,1.4,1.8,1.4,1.7,5.9,16.0,101.0,107.0,2011,Dante Cunningham-2011,0.0,Not Selected,Forward,TOT,0.03333333333333333
2010-11,Stephen Curry,curryst01,PG,22,GSW,74,74,2489,10.3,21.4,0.48,3.1,7.0,0.442,7.2,14.5,0.498,4.3,4.6,0.934,1.1,4.8,5.8,8.8,2.2,0.4,4.6,4.7,27.9,113.0,112.0,2011,Stephen Curry-2011,0.0,Not Selected,Guard,GSW,0.02926829268292683
2010-11,Samuel Dalembert,dalemsa01,C,29,SAC,80,46,1938,7.0,14.8,0.473,0.0,0.1,0.0,7.0,14.7,0.474,2.8,3.9,0.73,5.5,11.6,17.1,1.7,0.9,3.0,3.4,5.9,16.8,100.0,105.0,2011,Samuel Dalembert-2011,0.0,Not Selected,Center,SAC,0.01951219512195122
2010-11,Erick Dampier,dampier01,C,35,MIA,51,22,815,3.4,5.8,0.584,0.0,0.1,0.0,3.4,5.7,0.591,1.6,2.9,0.545,3.4,8.0,11.5,1.4,0.9,3.0,2.1,5.3,8.3,110.0,102.0,2011,Erick Dampier-2011,0.0,Not Selected,Center,MIA,0.04715447154471545
2010-11,Antonio Daniels,daniean01,PG,35,PHI,4,0,35,3.0,7.5,0.4,0.0,3.0,0.0,3.0,4.5,0.667,3.0,3.0,1.0,0.0,7.5,7.5,3.0,0.0,0.0,1.5,0.0,9.0,101.0,109.0,2011,Antonio Daniels-2011,0.0,Not Selected,Guard,PHI,0.03333333333333333
2010-11,Marquis Daniels,daniema01,SF,30,BOS,49,0,938,6.5,13.1,0.491,0.2,1.2,0.19,6.2,11.9,0.521,2.2,3.2,0.684,1.4,5.0,6.4,3.6,2.2,1.2,2.2,3.6,15.3,102.0,101.0,2011,Marquis Daniels-2011,0.0,Not Selected,Forward,BOS,0.04552845528455285
2010-11,Baron Davis,davisba01,PG,31,TOT,58,44,1649,9.1,21.7,0.41700000000000004,2.5,7.5,0.33899999999999997,6.5,14.2,0.45799999999999996,3.2,4.1,0.7709999999999999,1.1,3.8,4.9,12.3,2.4,0.9,4.6,4.5,23.8,105.0,110.0,2011,Baron Davis-2011,0.0,Not Selected,Guard,TOT,0.03333333333333333
2010-11,Ed Davis,davised01,PF,21,TOR,65,17,1602,6.9,12.0,0.5760000000000001,0.0,0.0,0.0,6.9,12.0,0.5760000000000001,2.3,4.1,0.555,5.4,9.5,14.9,1.3,1.3,2.2,1.5,5.9,16.2,120.0,110.0,2011,Ed Davis-2011,0.0,Not Selected,Forward,TOR,0.01788617886178862
2010-11,Glen Davis,davisgl01,C,25,BOS,78,13,2298,8.3,18.5,0.44799999999999995,0.0,0.3,0.133,8.3,18.2,0.45399999999999996,4.5,6.1,0.736,2.3,7.5,9.8,2.1,1.8,0.7,2.0,5.3,21.1,101.0,100.0,2011,Glen Davis-2011,0.0,Not Selected,Center,BOS,0.04552845528455285
2010-11,Austin Daye,dayeau01,SF,22,DET,72,16,1446,7.2,17.5,0.41,2.6,6.4,0.401,4.6,11.1,0.415,3.1,4.0,0.759,2.4,7.8,10.2,2.9,1.5,1.5,2.2,6.1,20.0,106.0,110.0,2011,Austin Daye-2011,0.0,Not Selected,Forward,DET,0.024390243902439025
2010-11,Carlos Delfino,delfica01,SF,28,MIL,49,40,1590,6.7,17.3,0.39,3.5,9.6,0.37,3.2,7.7,0.415,2.0,2.5,0.8,0.8,5.9,6.7,3.8,2.6,0.3,1.9,2.4,19.0,104.0,102.0,2011,Carlos Delfino-2011,0.0,Not Selected,Forward,MIL,0.028455284552845527
2010-11,Luol Deng,denglu01,SF,25,CHI,82,82,3208,8.8,19.1,0.46,1.9,5.5,0.345,6.9,13.6,0.506,4.2,5.6,0.753,1.9,6.0,7.9,3.8,1.3,0.8,2.6,2.7,23.7,111.0,102.0,2011,Luol Deng-2011,0.0,Not Selected,Forward,CHI,0.05040650406504065
2010-11,DeMar DeRozan,derozde01,SG,21,TOR,82,82,2851,9.8,20.9,0.467,0.1,0.9,0.096,9.7,20.0,0.485,5.9,7.3,0.813,1.4,4.4,5.7,2.7,1.5,0.6,2.6,3.9,25.6,106.0,115.0,2011,DeMar DeRozan-2011,0.0,Not Selected,Guard,TOR,0.01788617886178862
2010-11,Boris Diaw,diawbo01,PF,28,CHA,82,82,2778,7.3,14.9,0.49200000000000005,1.5,4.4,0.345,5.8,10.6,0.5529999999999999,1.6,2.4,0.6829999999999999,2.0,6.0,8.0,6.5,1.4,0.9,3.2,3.7,17.8,107.0,109.0,2011,Boris Diaw-2011,0.0,Not Selected,Forward,CHO,0.027642276422764227
2010-11,Ike Diogu,dioguik01,PF,27,LAC,36,0,470,9.1,16.3,0.561,0.0,0.0,0.0,9.1,16.3,0.561,4.5,6.8,0.6609999999999999,4.5,8.1,12.6,0.2,0.3,0.3,2.4,7.9,22.8,113.0,111.0,2011,Ike Diogu-2011,0.0,Not Selected,Forward,LAC,0.026016260162601626
2010-11,DeSagana Diop,diopde01,C,29,CHA,16,0,181,2.4,7.1,0.33299999999999996,0.0,0.0,0.0,2.4,7.1,0.33299999999999996,1.2,3.3,0.364,3.5,8.3,11.8,2.1,1.2,4.4,3.3,7.7,5.9,73.0,104.0,2011,DeSagana Diop-2011,0.0,Not Selected,Center,CHO,0.027642276422764227
2010-11,Keyon Dooling,doolike01,PG,30,MIL,80,22,1757,6.3,15.8,0.397,2.5,7.1,0.34600000000000003,3.8,8.7,0.439,2.4,2.9,0.83,0.4,3.2,3.6,7.4,1.6,0.1,2.8,3.6,17.4,103.0,106.0,2011,Keyon Dooling-2011,0.0,Not Selected,Guard,MIL,0.028455284552845527
2010-11,Joey Dorsey,dorsejo01,C,27,TOR,43,9,522,5.1,9.8,0.525,0.0,0.0,0.0,5.1,9.8,0.525,3.1,6.4,0.47700000000000004,7.8,11.0,18.8,2.7,2.4,1.7,3.9,7.7,13.4,103.0,107.0,2011,Joey Dorsey-2011,0.0,Not Selected,Center,TOR,0.01788617886178862
2010-11,Toney Douglas,douglto01,SG,24,NYK,81,9,1971,8.0,19.2,0.41600000000000004,3.6,9.8,0.373,4.4,9.5,0.46,2.2,2.7,0.794,1.7,4.6,6.2,6.2,2.3,0.1,2.3,4.5,21.8,111.0,111.0,2011,Toney Douglas-2011,0.0,Not Selected,Guard,NYK,0.03414634146341464
2010-11,Chris Douglas-Roberts,douglch01,SF,24,MIL,44,12,884,7.1,16.5,0.429,0.9,2.8,0.326,6.2,13.7,0.449,4.5,5.4,0.831,0.4,4.9,5.3,3.0,1.8,0.8,2.1,4.4,19.5,102.0,104.0,2011,Chris Douglas-Roberts-2011,0.0,Not Selected,Forward,MIL,0.028455284552845527
2010-11,Zabian Dowdell,dowdeza01,PG,26,PHO,24,0,292,8.9,21.8,0.408,0.5,1.7,0.3,8.4,20.0,0.41700000000000004,2.8,3.0,0.941,0.9,2.6,3.5,8.9,3.5,0.3,5.1,5.2,21.1,91.0,109.0,2011,Zabian Dowdell-2011,0.0,Not Selected,Guard,PHO,0.032520325203252036
2010-11,Goran Dragić,dragigo01,PG,24,TOT,70,5,1234,7.9,18.2,0.435,2.3,6.4,0.361,5.6,11.8,0.47600000000000003,3.4,5.5,0.624,1.5,4.4,5.9,8.4,2.1,0.4,4.8,5.2,21.6,100.0,111.0,2011,Goran Dragić-2011,0.0,Not Selected,Guard,TOT,0.03333333333333333
2010-11,Jared Dudley,dudleja01,SF,25,PHO,82,15,2140,7.1,14.9,0.47700000000000004,2.5,6.0,0.415,4.6,8.9,0.519,3.8,5.2,0.743,2.6,4.9,7.6,2.6,2.1,0.5,1.8,3.3,20.6,119.0,111.0,2011,Jared Dudley-2011,0.0,Not Selected,Forward,PHO,0.032520325203252036
2010-11,Chris Duhon,duhonch01,PG,28,ORL,51,5,774,3.3,8.8,0.38,0.9,3.5,0.25,2.4,5.2,0.46799999999999997,1.0,1.7,0.56,0.6,2.9,3.5,8.0,1.1,0.1,4.1,2.0,8.5,88.0,107.0,2011,Chris Duhon-2011,0.0,Not Selected,Guard,ORL,0.04227642276422764
2010-11,Tim Duncan,duncati01,C,34,SAS,76,76,2156,10.1,20.2,0.5,0.0,0.1,0.0,10.1,20.1,0.502,4.4,6.2,0.716,4.1,12.3,16.4,4.9,1.2,3.5,2.9,2.9,24.6,111.0,100.0,2011,Tim Duncan-2011,0.0,Not Selected,Center,SAS,0.04959349593495935
2010-11,Mike Dunleavy,dunlemi02,SG,30,IND,61,44,1683,7.2,15.7,0.462,3.1,7.6,0.402,4.2,8.0,0.519,3.0,3.8,0.8,0.8,7.5,8.3,3.2,1.2,0.9,2.1,3.2,20.5,115.0,107.0,2011,Mike Dunleavy-2011,0.0,Not Selected,Guard,IND,0.03008130081300813
2010-11,Ronald Dupree,duprero01,SF,30,TOR,3,0,13,4.0,15.9,0.25,0.0,4.0,0.0,4.0,11.9,0.33299999999999996,0.0,0.0,0.0,0.0,11.9,11.9,4.0,0.0,0.0,0.0,8.0,8.0,69.0,113.0,2011,Ronald Dupree-2011,0.0,Not Selected,Forward,TOR,0.01788617886178862
2010-11,Kevin Durant,duranke01,SF,22,OKC,78,78,3038,12.1,26.2,0.462,2.5,7.1,0.35,9.6,19.2,0.504,10.1,11.5,0.88,1.0,8.1,9.1,3.6,1.5,1.3,3.7,2.7,36.8,115.0,107.0,2011,Kevin Durant-2011,1.0,1st,Forward,OKC,0.044715447154471545
2010-11,Devin Ebanks,ebankde01,SG,21,LAL,20,0,118,9.4,22.9,0.41200000000000003,0.9,2.2,0.4,8.5,20.6,0.413,8.1,10.3,0.7829999999999999,6.7,5.4,12.1,0.9,1.8,2.2,2.7,3.1,27.8,109.0,104.0,2011,Devin Ebanks-2011,0.0,Not Selected,Guard,LAL,0.046341463414634146
2010-11,Wayne Ellington,ellinwa01,SG,23,MIN,62,8,1181,6.7,16.7,0.40299999999999997,2.0,5.1,0.397,4.7,11.6,0.406,1.8,2.2,0.792,1.1,3.5,4.6,3.0,1.2,0.1,2.2,3.6,17.3,100.0,115.0,2011,Wayne Ellington-2011,0.0,Not Selected,Guard,MIN,0.013821138211382113
2010-11,Monta Ellis,ellismo01,SG,25,GSW,80,80,3227,11.4,25.3,0.451,2.1,5.9,0.361,9.2,19.3,0.478,5.3,6.8,0.789,0.7,3.7,4.4,7.1,2.6,0.4,4.0,3.2,30.3,107.0,112.0,2011,Monta Ellis-2011,0.0,Not Selected,Guard,GSW,0.02926829268292683
2010-11,Francisco Elson,elsonfr01,C,34,UTA,62,1,610,4.7,9.8,0.478,0.0,0.0,0.0,4.7,9.8,0.478,2.2,2.7,0.8390000000000001,3.0,6.9,9.9,2.9,1.8,1.2,2.8,7.3,11.6,101.0,109.0,2011,Francisco Elson-2011,0.0,Not Selected,Center,UTA,0.03170731707317073
2010-11,Melvin Ely,elyme01,C,32,DEN,30,2,366,3.8,7.0,0.5489999999999999,0.0,0.0,0.0,3.8,7.0,0.5489999999999999,1.8,2.9,0.619,3.7,6.4,10.2,1.9,0.5,1.5,1.9,6.9,9.5,113.0,109.0,2011,Melvin Ely-2011,0.0,Not Selected,Center,DEN,0.04065040650406504
2010-11,Semih Erden,erdense01,C,24,TOT,41,8,595,5.5,9.9,0.5589999999999999,0.0,0.0,0.0,5.5,9.9,0.5589999999999999,3.5,5.3,0.65,3.3,7.2,10.5,1.8,1.3,2.1,3.0,9.3,14.5,105.0,101.0,2011,Semih Erden-2011,0.0,Not Selected,Center,TOT,0.03333333333333333
2010-11,Jeremy Evans,evansje01,SF,23,UTA,49,3,463,8.7,13.1,0.6609999999999999,0.0,0.1,0.0,8.7,13.0,0.667,3.0,4.2,0.703,4.1,6.9,11.0,2.7,1.9,1.9,2.2,5.7,20.3,128.0,109.0,2011,Jeremy Evans-2011,0.0,Not Selected,Forward,UTA,0.03170731707317073
2010-11,Maurice Evans,evansma01,SF,32,TOT,73,24,1549,6.0,14.4,0.41700000000000004,1.9,5.7,0.32899999999999996,4.1,8.7,0.475,1.8,2.0,0.897,1.8,3.5,5.3,1.5,1.2,0.5,1.1,4.4,15.6,107.0,112.0,2011,Maurice Evans-2011,0.0,Not Selected,Forward,TOT,0.03333333333333333
2010-11,Reggie Evans,evansre01,PF,30,TOR,30,18,798,2.7,6.7,0.408,0.0,0.1,0.0,2.7,6.6,0.41200000000000003,3.1,5.7,0.545,7.7,14.6,22.3,2.5,1.9,0.4,2.5,5.8,8.6,106.0,107.0,2011,Reggie Evans-2011,0.0,Not Selected,Forward,TOR,0.01788617886178862
2010-11,Tyreke Evans,evansty01,SG,21,SAC,57,53,2107,9.1,22.3,0.409,1.0,3.5,0.29100000000000004,8.1,18.8,0.43200000000000005,4.9,6.4,0.7709999999999999,1.1,5.5,6.6,7.6,2.0,0.7,4.4,3.4,24.2,98.0,109.0,2011,Tyreke Evans-2011,0.0,Not Selected,Guard,SAC,0.01951219512195122
2010-11,Patrick Ewing,ewingpa02,SF,26,NOH,7,0,19,0.0,14.2,0.0,0.0,5.7,0.0,0.0,8.5,0.0,8.5,11.4,0.75,2.8,2.8,5.7,5.7,0.0,2.8,2.8,2.8,8.5,64.0,109.0,2011,Patrick Ewing-2011,0.0,Not Selected,Forward,NOP,0.03739837398373984
2010-11,Christian Eyenga,eyengch01,SF,21,CLE,44,18,947,7.1,16.7,0.425,1.4,5.0,0.275,5.7,11.7,0.488,1.0,1.5,0.643,1.5,5.2,6.7,1.9,1.9,1.5,2.6,4.2,16.5,90.0,111.0,2011,Christian Eyenga-2011,0.0,Not Selected,Forward,CLE,0.015447154471544716
2010-11,Jordan Farmar,farmajo01,PG,24,NJN,73,18,1796,7.6,19.4,0.392,3.2,9.0,0.359,4.3,10.3,0.42100000000000004,2.4,3.0,0.82,0.7,4.4,5.1,10.9,1.8,0.2,4.1,3.8,20.8,102.0,111.0,2011,Jordan Farmar-2011,0.0,Not Selected,Guard,BRK,0.01951219512195122
2010-11,Derrick Favors,favorde01,PF,19,TOT,78,27,1535,7.5,14.4,0.517,0.0,0.0,0.0,7.5,14.4,0.517,3.6,6.0,0.595,5.9,8.4,14.3,1.4,1.0,2.4,2.7,8.5,18.5,108.0,108.0,2011,Derrick Favors-2011,0.0,Not Selected,Forward,TOT,0.03333333333333333
2010-11,Raymond Felton,feltora01,PG-SG,26,TOT,75,54,2737,7.8,18.4,0.425,2.1,6.0,0.353,5.7,12.4,0.46,3.6,4.4,0.805,0.9,4.1,4.9,11.5,2.3,0.2,4.1,2.8,21.4,108.0,111.0,2011,Raymond Felton-2011,0.0,Not Selected,Guard,TOT,0.03333333333333333
2010-11,Rudy Fernández,fernaru01,SG,25,POR,78,3,1821,6.4,17.2,0.37,3.5,10.8,0.321,2.9,6.4,0.45299999999999996,3.8,4.4,0.863,1.1,4.0,5.2,5.8,2.6,0.4,2.6,4.0,20.0,108.0,108.0,2011,Rudy Fernández-2011,0.0,Not Selected,Guard,POR,0.03902439024390244
2010-11,Kyrylo Fesenko,fesenky01,C,24,UTA,53,1,456,5.1,11.6,0.44,0.0,0.1,0.0,5.1,11.4,0.444,2.1,5.3,0.391,3.9,8.6,12.5,2.1,0.5,1.8,2.9,10.4,12.3,89.0,110.0,2011,Kyrylo Fesenko-2011,0.0,Not Selected,Center,UTA,0.03170731707317073
2010-11,Landry Fields,fieldla01,SG,22,NYK,82,81,2541,5.9,11.9,0.49700000000000005,1.7,4.3,0.39299999999999996,4.2,7.6,0.556,2.2,2.9,0.769,2.1,8.2,10.3,3.1,1.6,0.3,2.1,2.3,15.8,115.0,110.0,2011,Landry Fields-2011,0.0,Not Selected,Guard,NYK,0.03414634146341464
2010-11,Derek Fisher,fishede01,PG,36,LAL,82,82,2297,4.7,12.2,0.389,1.5,3.7,0.396,3.3,8.5,0.386,1.9,2.4,0.8059999999999999,0.3,3.2,3.5,5.2,2.3,0.2,1.6,4.4,12.9,105.0,107.0,2011,Derek Fisher-2011,0.0,Not Selected,Guard,LAL,0.046341463414634146
2010-11,Jonny Flynn,flynnjo01,PG,21,MIN,53,8,983,5.5,15.0,0.365,1.6,5.1,0.31,3.9,9.9,0.39299999999999996,1.6,2.1,0.762,0.6,3.3,3.9,9.2,1.7,0.2,5.7,2.9,14.1,85.0,114.0,2011,Jonny Flynn-2011,0.0,Not Selected,Guard,MIN,0.013821138211382113
2010-11,Gary Forbes,forbega01,SF,25,DEN,63,11,791,7.9,17.3,0.45399999999999996,1.2,3.7,0.32799999999999996,6.7,13.7,0.488,3.7,5.5,0.6779999999999999,1.8,5.6,7.4,3.1,1.5,0.4,2.9,4.9,20.7,101.0,109.0,2011,Gary Forbes-2011,0.0,Not Selected,Forward,DEN,0.04065040650406504
2010-11,T.J. Ford,fordtj01,PG,27,IND,41,3,773,6.0,15.5,0.386,0.4,2.1,0.188,5.6,13.4,0.41700000000000004,2.3,3.1,0.7290000000000001,1.1,4.2,5.3,9.2,2.3,0.5,4.1,4.5,14.6,91.0,107.0,2011,T.J. Ford-2011,0.0,Not Selected,Guard,IND,0.03008130081300813
2010-11,Jeff Foster,fosteje01,C,34,IND,56,3,940,4.3,9.0,0.479,0.0,0.2,0.0,4.3,8.8,0.488,1.5,2.6,0.563,8.6,10.2,18.9,2.5,1.3,1.7,1.4,6.8,10.1,122.0,104.0,2011,Jeff Foster-2011,0.0,Not Selected,Center,IND,0.03008130081300813
2010-11,Randy Foye,foyera01,SG,27,LAC,63,24,1551,6.9,17.7,0.38799999999999996,2.4,7.2,0.327,4.5,10.5,0.43,4.4,5.0,0.893,0.4,3.0,3.4,5.7,1.6,0.7,3.2,4.1,20.5,103.0,112.0,2011,Randy Foye-2011,0.0,Not Selected,Guard,LAC,0.026016260162601626
2010-11,Channing Frye,fryech01,PF,27,PHO,77,64,2541,7.2,16.6,0.43200000000000005,3.4,8.8,0.39,3.7,7.8,0.479,1.8,2.1,0.8320000000000001,1.3,9.0,10.3,1.9,0.9,1.6,1.5,5.4,19.5,110.0,109.0,2011,Channing Frye-2011,0.0,Not Selected,Forward,PHO,0.032520325203252036
2010-11,Dan Gadzuric,gadzuda01,C-PF,32,TOT,42,9,463,6.0,14.4,0.419,0.0,0.1,0.0,6.0,14.3,0.42200000000000004,1.1,3.0,0.37,7.9,7.1,15.0,1.6,1.4,3.2,3.2,10.1,13.1,93.0,108.0,2011,Dan Gadzuric-2011,0.0,Not Selected,Forward,TOT,0.03333333333333333
2010-11,Sundiata Gaines,gainesu01,PG,24,TOT,24,0,301,7.3,18.2,0.4,1.6,6.6,0.237,5.7,11.6,0.493,3.1,6.2,0.5,2.2,4.3,6.6,7.3,2.8,0.2,4.7,4.3,19.2,92.0,110.0,2011,Sundiata Gaines-2011,0.0,Not Selected,Guard,TOT,0.03333333333333333
2010-11,Danilo Gallinari,gallida01,PF-SF,22,TOT,62,60,2104,6.3,15.3,0.414,2.5,7.0,0.35200000000000004,3.9,8.3,0.467,8.0,9.3,0.862,1.4,5.9,7.3,2.5,1.2,0.6,2.0,3.4,23.2,120.0,111.0,2011,Danilo Gallinari-2011,0.0,Not Selected,Forward,TOT,0.03333333333333333
2010-11,Francisco García,garcifr01,SF,29,SAC,58,34,1386,7.5,17.3,0.436,2.9,8.1,0.36200000000000004,4.6,9.1,0.502,2.4,2.8,0.855,0.9,4.0,4.8,2.6,1.9,1.8,1.6,4.6,20.4,113.0,109.0,2011,Francisco García-2011,0.0,Not Selected,Forward,SAC,0.01951219512195122
2010-11,Kevin Garnett,garneke01,PF,34,BOS,71,71,2220,10.4,19.7,0.528,0.0,0.1,0.2,10.4,19.5,0.53,4.5,5.2,0.862,2.0,13.1,15.1,4.1,2.3,1.4,2.8,3.5,25.3,110.0,95.0,2011,Kevin Garnett-2011,0.0,Not Selected,Forward,BOS,0.04552845528455285
2010-11,Marc Gasol,gasolma01,C,26,MEM,81,81,2586,7.4,14.0,0.527,0.1,0.1,0.429,7.3,13.8,0.528,4.4,5.9,0.748,3.1,8.4,11.5,4.0,1.5,2.7,2.9,5.4,19.2,113.0,103.0,2011,Marc Gasol-2011,0.0,Not Selected,Center,MEM,0.03739837398373984
2010-11,Pau Gasol,gasolpa01,C,30,LAL,82,82,3037,10.3,19.5,0.529,0.0,0.1,0.33299999999999996,10.3,19.5,0.53,6.2,7.5,0.823,4.7,9.9,14.6,4.8,0.8,2.3,2.5,3.5,26.8,123.0,103.0,2011,Pau Gasol-2011,2.0,2nd,Forward,LAL,0.046341463414634146
2010-11,Rudy Gay,gayru01,SF,24,MEM,54,54,2152,9.9,21.1,0.47100000000000003,1.4,3.5,0.396,8.5,17.6,0.486,4.7,5.8,0.805,2.0,6.2,8.2,3.7,2.2,1.4,3.3,3.2,25.9,108.0,105.0,2011,Rudy Gay-2011,0.0,Not Selected,Forward,MEM,0.03739837398373984
2010-11,Alonzo Gee,geeal01,SG,23,TOT,56,34,1118,5.6,12.2,0.45799999999999996,0.8,2.4,0.33299999999999996,4.8,9.8,0.488,3.3,4.2,0.7829999999999999,2.9,5.5,8.4,1.8,1.8,0.8,2.5,4.3,15.3,103.0,112.0,2011,Alonzo Gee-2011,0.0,Not Selected,Guard,TOT,0.03333333333333333
2010-11,Paul George,georgpa01,SG,20,IND,61,19,1265,7.2,15.8,0.45299999999999996,1.6,5.5,0.297,5.5,10.3,0.537,3.1,4.0,0.762,1.5,7.5,9.0,2.6,2.5,1.0,2.8,5.1,19.1,103.0,104.0,2011,Paul George-2011,0.0,Not Selected,Guard,IND,0.03008130081300813
2010-11,Daniel Gibson,gibsoda01,SG,24,CLE,67,15,1865,7.3,18.3,0.4,3.3,8.1,0.40299999999999997,4.0,10.2,0.39799999999999996,3.7,4.5,0.8220000000000001,0.7,4.2,4.9,5.6,1.3,0.6,2.2,4.3,21.6,108.0,114.0,2011,Daniel Gibson-2011,0.0,Not Selected,Guard,CLE,0.015447154471544716
2010-11,Taj Gibson,gibsota01,PF,25,CHI,80,19,1742,7.1,15.3,0.466,0.0,0.2,0.125,7.1,15.1,0.47200000000000003,3.0,4.5,0.6759999999999999,4.9,9.0,14.0,1.8,1.2,3.2,2.2,6.2,17.4,106.0,98.0,2011,Taj Gibson-2011,0.0,Not Selected,Forward,CHI,0.05040650406504065
2010-11,Manu Ginóbili,ginobma01,SG,33,SAS,80,79,2426,9.5,21.8,0.433,3.3,9.5,0.349,6.2,12.4,0.49700000000000005,7.7,8.8,0.871,0.9,5.4,6.3,8.4,2.6,0.6,3.7,3.5,29.9,116.0,105.0,2011,Manu Ginóbili-2011,3.0,3rd,Guard,SAS,0.04959349593495935
2010-11,Ryan Gomes,gomesry01,SF,28,LAC,76,62,2095,5.1,12.5,0.41,1.8,5.2,0.341,3.3,7.3,0.45899999999999996,1.5,2.1,0.718,1.5,4.8,6.3,2.9,1.5,0.3,1.4,3.9,13.5,107.0,111.0,2011,Ryan Gomes-2011,0.0,Not Selected,Forward,LAC,0.026016260162601626
2010-11,Drew Gooden,goodedr01,PF,29,MIL,35,18,860,9.7,22.5,0.431,0.2,1.2,0.15,9.5,21.3,0.447,5.0,6.3,0.794,4.5,10.3,14.8,2.9,1.3,1.1,2.9,6.1,24.6,101.0,101.0,2011,Drew Gooden-2011,0.0,Not Selected,Forward,MIL,0.028455284552845527
2010-11,Ben Gordon,gordobe01,SG,27,DET,82,27,2131,8.6,19.5,0.44,2.7,6.7,0.402,5.9,12.7,0.46,3.4,4.0,0.85,1.0,3.9,4.9,4.3,1.2,0.4,3.6,4.5,23.3,104.0,115.0,2011,Ben Gordon-2011,0.0,Not Selected,Guard,DET,0.024390243902439025
2010-11,Eric Gordon,gordoer01,SG,22,LAC,56,56,2112,10.5,23.2,0.45,2.6,7.1,0.364,7.9,16.1,0.488,7.0,8.5,0.825,1.1,2.9,4.0,6.0,1.7,0.4,3.7,2.8,30.5,112.0,112.0,2011,Eric Gordon-2011,0.0,Not Selected,Guard,LAC,0.026016260162601626
2010-11,Marcin Gortat,gortama01,C,26,TOT,80,14,2032,8.5,15.2,0.561,0.0,0.1,0.25,8.5,15.1,0.563,3.5,4.9,0.725,3.7,12.2,15.9,1.8,0.9,2.3,2.0,4.7,20.6,117.0,105.0,2011,Marcin Gortat-2011,0.0,Not Selected,Center,TOT,0.03333333333333333
2010-11,Joey Graham,grahajo01,SF,28,CLE,39,8,586,7.2,15.8,0.45799999999999996,0.8,2.6,0.3,6.4,13.1,0.49,2.6,3.2,0.8059999999999999,0.7,6.7,7.4,1.6,0.5,0.6,2.5,6.4,17.8,96.0,114.0,2011,Joey Graham-2011,0.0,Not Selected,Forward,CLE,0.015447154471544716
2010-11,Stephen Graham,grahast01,SG,28,NJN,59,28,959,4.5,11.1,0.405,0.3,1.2,0.23800000000000002,4.2,10.0,0.425,1.7,2.1,0.816,0.9,5.9,6.8,2.2,0.8,0.1,2.1,5.9,11.0,89.0,112.0,2011,Stephen Graham-2011,0.0,Not Selected,Guard,BRK,0.01951219512195122
2010-11,Danny Granger,grangda01,SF,27,IND,79,79,2763,9.8,23.1,0.425,2.9,7.5,0.386,6.9,15.6,0.44299999999999995,7.2,8.5,0.848,1.6,6.2,7.8,3.7,1.6,1.1,3.8,3.9,29.7,107.0,106.0,2011,Danny Granger-2011,0.0,Not Selected,Forward,IND,0.03008130081300813
2010-11,Aaron Gray,grayaa01,C,26,NOH,41,6,531,5.7,10.1,0.5660000000000001,0.0,0.0,0.0,5.7,10.1,0.5660000000000001,1.7,3.5,0.5,6.0,11.4,17.4,1.6,1.1,1.2,3.3,9.8,13.1,105.0,103.0,2011,Aaron Gray-2011,0.0,Not Selected,Center,NOP,0.03739837398373984
2010-11,Danny Green,greenda02,SG,23,SAS,8,0,92,9.6,19.8,0.486,4.0,10.7,0.368,5.7,9.0,0.625,0.0,0.0,0.0,1.7,6.8,8.5,1.1,1.1,0.6,2.8,4.0,23.2,104.0,107.0,2011,Danny Green-2011,0.0,Not Selected,Guard,SAS,0.04959349593495935
2010-11,Jeff Green,greenje02,PF-SF,24,TOT,75,51,2427,7.9,17.6,0.449,1.4,4.5,0.303,6.5,13.1,0.499,4.3,5.2,0.8109999999999999,1.6,6.2,7.7,2.3,1.1,0.8,2.1,4.5,21.4,108.0,108.0,2011,Jeff Green-2011,0.0,Not Selected,Forward,TOT,0.03333333333333333
2010-11,Willie Green,greenwi01,SG,29,NOH,77,13,1674,8.7,19.7,0.44299999999999995,1.7,5.0,0.348,7.0,14.7,0.47600000000000003,2.5,3.2,0.78,0.7,4.5,5.2,2.4,1.2,0.4,2.2,4.6,21.7,100.0,108.0,2011,Willie Green-2011,0.0,Not Selected,Guard,NOP,0.03739837398373984
2010-11,Donté Greene,greendo01,SF,22,SAC,69,21,1127,7.0,17.3,0.40399999999999997,2.0,6.9,0.292,5.0,10.4,0.478,1.9,2.9,0.662,2.2,4.4,6.6,2.1,1.6,0.9,2.7,3.9,17.9,97.0,110.0,2011,Donté Greene-2011,0.0,Not Selected,Forward,SAC,0.01951219512195122
2010-11,Orien Greene,greenor01,SG,28,NJN,3,0,5,10.7,21.4,0.5,0.0,0.0,0.0,10.7,21.4,0.5,10.7,21.4,0.5,0.0,0.0,0.0,10.7,10.7,0.0,0.0,0.0,32.0,121.0,95.0,2011,Orien Greene-2011,0.0,Not Selected,Guard,BRK,0.01951219512195122
2010-11,Blake Griffin,griffbl01,PF,21,LAC,82,82,3112,11.6,22.9,0.506,0.1,0.4,0.292,11.4,22.5,0.51,7.4,11.5,0.642,4.5,11.9,16.4,5.2,1.0,0.7,3.7,4.2,30.7,111.0,107.0,2011,Blake Griffin-2011,0.0,Not Selected,Forward,LAC,0.026016260162601626
2010-11,Hamed Haddadi,haddaha01,C,25,MEM,31,0,168,9.3,18.0,0.517,0.0,0.3,0.0,9.3,17.7,0.526,4.7,7.2,0.652,7.5,13.7,21.1,1.6,0.6,4.0,3.4,9.0,23.3,110.0,100.0,2011,Hamed Haddadi-2011,0.0,Not Selected,Center,MEM,0.03739837398373984
2010-11,Richard Hamilton,hamilri01,SG,32,DET,55,39,1498,10.4,24.1,0.429,2.0,5.2,0.382,8.4,18.9,0.442,5.2,6.2,0.8490000000000001,0.9,3.7,4.5,6.1,1.4,0.1,3.2,3.4,27.9,106.0,115.0,2011,Richard Hamilton-2011,0.0,Not Selected,Guard,DET,0.024390243902439025
2010-11,Tyler Hansbrough,hansbty01,PF,25,IND,70,29,1535,9.4,20.2,0.465,0.0,0.1,0.0,9.4,20.2,0.466,6.5,8.4,0.779,4.8,7.3,12.1,1.4,1.2,0.5,2.5,5.3,25.3,109.0,107.0,2011,Tyler Hansbrough-2011,0.0,Not Selected,Forward,IND,0.03008130081300813
2010-11,Luke Harangody,haranlu01,PF,23,TOT,49,0,640,6.4,16.8,0.38299999999999995,1.3,5.4,0.242,5.1,11.4,0.45,1.5,2.1,0.731,3.3,8.4,11.7,2.4,1.2,1.4,1.3,6.5,15.7,98.0,107.0,2011,Luke Harangody-2011,0.0,Not Selected,Forward,TOT,0.03333333333333333
2010-11,James Harden,hardeja01,SG,21,OKC,82,5,2189,7.0,16.2,0.436,2.7,7.7,0.349,4.4,8.5,0.514,6.8,8.1,0.843,1.0,5.0,6.0,4.2,2.2,0.6,2.5,4.9,23.6,119.0,108.0,2011,James Harden-2011,0.0,Not Selected,Guard,OKC,0.044715447154471545
2010-11,Al Harrington,harrial01,PF,30,DEN,73,3,1665,8.5,20.4,0.41600000000000004,3.5,9.9,0.35700000000000004,4.9,10.5,0.473,2.6,3.5,0.735,2.3,7.7,10.0,3.0,1.2,0.3,3.2,6.1,23.1,101.0,108.0,2011,Al Harrington-2011,0.0,Not Selected,Forward,DEN,0.04065040650406504
2010-11,Devin Harris,harride01,PG,27,TOT,71,70,2254,8.1,19.2,0.42200000000000004,1.4,4.3,0.322,6.7,15.0,0.45,7.9,9.5,0.833,0.4,3.6,4.0,11.9,1.7,0.2,4.9,3.8,25.5,108.0,112.0,2011,Devin Harris-2011,0.0,Not Selected,Guard,TOT,0.03333333333333333
2010-11,Manny Harris,harrima01,SG,21,CLE,54,15,933,6.0,16.0,0.374,1.9,5.1,0.37,4.1,10.9,0.376,3.9,5.1,0.763,2.0,5.8,7.7,4.7,1.7,0.4,3.5,3.6,17.7,95.0,112.0,2011,Manny Harris-2011,0.0,Not Selected,Guard,CLE,0.015447154471544716
2010-11,Mike Harris,harrimi01,PF,27,HOU,4,0,16,9.6,19.1,0.5,0.0,0.0,0.0,9.6,19.1,0.5,6.4,12.7,0.5,6.4,9.6,15.9,3.2,0.0,3.2,3.2,6.4,25.5,107.0,108.0,2011,Mike Harris-2011,0.0,Not Selected,Forward,HOU,0.034959349593495934
2010-11,Udonis Haslem,hasleud01,PF,30,MIA,13,0,345,6.7,13.2,0.512,0.0,0.0,0.0,6.7,13.2,0.512,2.4,3.1,0.8,4.4,11.8,16.2,0.9,1.1,0.5,2.1,6.0,15.9,110.0,102.0,2011,Udonis Haslem-2011,0.0,Not Selected,Forward,MIA,0.04715447154471545
2010-11,Spencer Hawes,hawessp01,C,22,PHI,81,81,1718,8.0,17.3,0.465,0.3,1.1,0.243,7.8,16.2,0.48,1.4,2.7,0.534,3.9,10.2,14.2,3.7,0.9,2.2,3.0,6.1,17.8,97.0,103.0,2011,Spencer Hawes-2011,0.0,Not Selected,Center,PHI,0.03333333333333333
2010-11,Chuck Hayes,hayesch01,C,27,HOU,74,63,2079,6.0,11.3,0.527,0.0,0.0,0.0,6.0,11.3,0.529,2.3,3.5,0.662,5.4,9.3,14.7,5.0,1.9,1.2,2.1,4.9,14.3,120.0,106.0,2011,Chuck Hayes-2011,0.0,Not Selected,Center,HOU,0.034959349593495934
2010-11,Gordon Hayward,haywago01,SF,20,UTA,72,17,1218,6.1,12.7,0.485,1.5,3.2,0.473,4.6,9.5,0.489,3.0,4.2,0.711,1.8,4.2,6.0,3.5,1.3,0.8,3.0,4.6,16.8,106.0,113.0,2011,Gordon Hayward-2011,0.0,Not Selected,Forward,UTA,0.03170731707317073
2010-11,Lazar Hayward,haywala01,SF,24,MIN,42,0,419,6.5,18.3,0.35700000000000004,2.0,7.1,0.28300000000000003,4.5,11.2,0.40399999999999997,3.9,5.0,0.7859999999999999,2.7,5.6,8.3,3.3,1.4,0.8,2.3,5.2,19.0,101.0,112.0,2011,Lazar Hayward-2011,0.0,Not Selected,Forward,MIN,0.013821138211382113
2010-11,Brendan Haywood,haywobr01,C,31,DAL,72,8,1331,5.1,8.8,0.574,0.0,0.0,0.0,5.1,8.8,0.5770000000000001,2.5,7.0,0.36200000000000004,5.1,9.8,14.9,0.8,0.6,2.9,2.0,5.8,12.6,106.0,103.0,2011,Brendan Haywood-2011,0.0,Not Selected,Center,DAL,0.046341463414634146
2010-11,Luther Head,headlu01,PG,28,SAC,36,14,586,5.9,14.1,0.415,2.2,5.5,0.391,3.7,8.6,0.43,3.4,4.3,0.78,1.4,3.8,5.2,6.0,0.9,0.8,2.8,3.7,17.2,110.0,112.0,2011,Luther Head-2011,0.0,Not Selected,Guard,SAC,0.01951219512195122
2010-11,Gerald Henderson,hendege02,SG,23,CHA,68,30,1661,8.3,18.4,0.45399999999999996,0.2,1.2,0.19399999999999998,8.1,17.2,0.47200000000000003,4.1,5.3,0.785,1.6,5.1,6.7,3.3,1.6,1.0,2.1,3.8,21.1,104.0,109.0,2011,Gerald Henderson-2011,0.0,Not Selected,Guard,CHO,0.027642276422764227
2010-11,Xavier Henry,henryxa01,SG,19,MEM,38,16,527,6.4,15.9,0.406,0.2,1.7,0.11800000000000001,6.2,14.2,0.441,3.3,5.2,0.635,0.9,2.8,3.7,1.8,1.1,0.3,1.3,4.8,16.4,97.0,111.0,2011,Xavier Henry-2011,0.0,Not Selected,Guard,MEM,0.03739837398373984
2010-11,Roy Hibbert,hibbero01,C,24,IND,81,80,2244,9.3,20.1,0.461,0.0,0.1,0.0,9.3,20.0,0.46299999999999997,4.6,6.2,0.745,4.1,9.7,13.8,3.7,0.7,3.2,4.2,5.8,23.1,100.0,104.0,2011,Roy Hibbert-2011,0.0,Not Selected,Center,IND,0.03008130081300813
2010-11,J.J. Hickson,hicksjj01,C,22,CLE,80,66,2256,9.8,21.4,0.45799999999999996,0.0,0.1,0.0,9.8,21.3,0.461,5.6,8.4,0.6729999999999999,5.0,10.9,15.9,2.1,1.1,1.2,4.0,4.9,25.3,98.0,109.0,2011,J.J. Hickson-2011,0.0,Not Selected,Center,CLE,0.015447154471544716
2010-11,Nenê,hilarne01,C,28,DEN,75,75,2291,8.8,14.3,0.615,0.0,0.1,0.2,8.8,14.2,0.618,6.3,8.8,0.711,3.2,9.3,12.5,3.3,1.8,1.6,2.9,5.2,23.9,123.0,104.0,2011,Nenê-2011,0.0,Not Selected,Center,DEN,0.04065040650406504
2010-11,George Hill,hillge01,PG,24,SAS,76,5,2148,6.9,15.3,0.45299999999999996,1.9,4.9,0.377,5.1,10.4,0.49,5.6,6.5,0.863,0.6,4.2,4.8,4.7,1.6,0.5,2.4,3.7,21.4,116.0,108.0,2011,George Hill-2011,0.0,Not Selected,Guard,SAS,0.04959349593495935
2010-11,Grant Hill,hillgr01,SF,38,PHO,80,80,2409,8.4,17.4,0.484,1.0,2.4,0.395,7.5,15.0,0.498,4.5,5.4,0.8290000000000001,1.6,5.5,7.1,4.2,1.4,0.7,2.8,3.9,22.3,109.0,111.0,2011,Grant Hill-2011,0.0,Not Selected,Forward,PHO,0.032520325203252036
2010-11,Jordan Hill,hilljo01,C,23,HOU,72,11,1125,7.8,15.9,0.491,0.0,0.1,0.0,7.8,15.9,0.494,2.7,3.8,0.706,5.8,8.1,13.9,1.3,0.6,2.4,2.8,7.1,18.4,105.0,108.0,2011,Jordan Hill-2011,0.0,Not Selected,Center,HOU,0.034959349593495934
2010-11,Kirk Hinrich,hinriki01,SG-PG,30,TOT,72,51,2157,6.7,15.0,0.446,1.8,4.5,0.39899999999999997,4.9,10.5,0.467,2.6,3.0,0.841,0.5,3.9,4.4,6.9,1.8,0.4,2.9,4.5,17.7,107.0,111.0,2011,Kirk Hinrich-2011,0.0,Not Selected,Guard,TOT,0.03333333333333333
2010-11,Jrue Holiday,holidjr01,PG,20,PHI,82,82,2901,8.0,18.0,0.446,1.5,4.0,0.365,6.6,14.0,0.47,3.1,3.8,0.823,1.2,4.8,6.0,9.6,2.2,0.5,3.9,3.7,20.7,104.0,106.0,2011,Jrue Holiday-2011,0.0,Not Selected,Guard,PHI,0.03333333333333333
2010-11,Ryan Hollins,holliry01,C,26,CLE,70,16,1182,5.7,9.6,0.598,0.0,0.0,0.0,5.7,9.6,0.598,4.8,7.1,0.6809999999999999,3.1,5.1,8.1,1.1,1.0,1.8,2.9,8.7,16.3,112.0,113.0,2011,Ryan Hollins-2011,0.0,Not Selected,Center,CLE,0.015447154471544716
2010-11,Al Horford,horfoal01,C,24,ATL,77,77,2704,10.2,18.3,0.557,0.0,0.1,0.5,10.2,18.2,0.557,3.0,3.7,0.7979999999999999,3.6,10.7,14.3,5.3,1.2,1.6,2.4,3.8,23.4,118.0,105.0,2011,Al Horford-2011,3.0,3rd,Center,ATL,0.03577235772357724
2010-11,Eddie House,houseed01,SG,32,MIA,56,1,978,6.9,17.3,0.39899999999999997,3.7,9.4,0.389,3.2,7.9,0.41100000000000003,2.1,2.2,0.95,0.5,4.5,5.0,3.3,1.7,0.2,1.6,3.7,19.5,109.0,106.0,2011,Eddie House-2011,0.0,Not Selected,Guard,MIA,0.04715447154471545
2010-11,Dwight Howard,howardw01,C,25,ORL,78,78,2935,11.1,18.7,0.593,0.0,0.1,0.0,11.1,18.6,0.597,9.8,16.4,0.596,5.5,14.1,19.7,1.9,1.9,3.3,5.0,4.6,32.0,113.0,94.0,2011,Dwight Howard-2011,1.0,1st,Center,ORL,0.04227642276422764
2010-11,Josh Howard,howarjo01,SF,30,WAS,18,10,409,7.3,20.3,0.358,0.9,3.6,0.24100000000000002,6.4,16.6,0.38299999999999995,3.6,5.9,0.617,2.3,7.0,9.3,3.0,1.6,0.6,2.5,4.3,19.0,89.0,111.0,2011,Josh Howard-2011,0.0,Not Selected,Forward,WAS,0.01869918699186992
2010-11,Juwan Howard,howarju01,PF,37,MIA,57,0,592,4.9,11.1,0.44,0.0,0.0,0.0,4.9,11.1,0.44,2.6,3.1,0.8290000000000001,3.2,7.7,10.9,2.1,0.9,0.4,2.2,5.4,12.4,102.0,105.0,2011,Juwan Howard-2011,0.0,Not Selected,Forward,MIA,0.04715447154471545
2010-11,Lester Hudson,hudsole01,PG,26,WAS,11,0,73,4.2,16.8,0.25,2.8,10.5,0.267,1.4,6.3,0.222,1.4,2.8,0.5,0.7,2.8,3.5,11.9,2.8,0.7,4.9,7.0,12.6,81.0,111.0,2011,Lester Hudson-2011,0.0,Not Selected,Guard,WAS,0.01869918699186992
2010-11,Kris Humphries,humphkr01,PF,25,NJN,74,44,2061,8.0,15.1,0.527,0.0,0.0,0.0,8.0,15.1,0.527,3.3,4.9,0.665,5.8,14.1,20.0,2.2,0.9,2.1,2.7,4.4,19.2,111.0,105.0,2011,Kris Humphries-2011,0.0,Not Selected,Forward,BRK,0.01951219512195122
2010-11,Serge Ibaka,ibakase01,PF,21,OKC,82,44,2216,7.8,14.4,0.5429999999999999,0.0,0.0,0.0,7.8,14.4,0.544,3.2,4.3,0.75,5.0,9.5,14.5,0.5,0.7,4.6,1.7,6.2,18.9,119.0,104.0,2011,Serge Ibaka-2011,0.0,Not Selected,Forward,OKC,0.044715447154471545
2010-11,Andre Iguodala,iguodan01,SF,27,PHI,67,67,2469,7.2,16.1,0.445,1.3,3.8,0.337,5.9,12.3,0.479,4.4,6.4,0.693,1.3,6.9,8.2,8.9,2.1,0.8,2.9,2.3,20.0,110.0,104.0,2011,Andre Iguodala-2011,0.0,Not Selected,Forward,PHI,0.03333333333333333
2010-11,Zydrunas Ilgauskas,ilgauzy01,C,35,MIA,72,51,1145,7.5,14.7,0.508,0.0,0.0,0.0,7.5,14.7,0.509,1.7,2.1,0.7829999999999999,5.0,8.3,13.2,1.2,1.1,2.7,2.4,8.5,16.6,107.0,102.0,2011,Zydrunas Ilgauskas-2011,0.0,Not Selected,Center,MIA,0.04715447154471545
2010-11,D.J. Mbenga,mbengdj01,C,30,NOH,41,0,330,3.8,8.0,0.469,0.0,0.0,0.0,3.8,8.0,0.469,2.1,3.0,0.722,5.7,8.4,14.1,1.0,1.0,4.4,3.4,8.5,9.7,97.0,102.0,2011,D.J. Mbenga-2011,0.0,Not Selected,Center,NOP,0.03739837398373984
2010-11,Ersan İlyasova,ilyaser01,PF,23,MIL,60,34,1505,7.9,18.0,0.436,1.3,4.3,0.298,6.6,13.7,0.479,3.3,3.7,0.894,3.7,9.2,13.0,2.0,1.8,0.9,2.2,5.6,20.3,105.0,101.0,2011,Ersan İlyasova-2011,0.0,Not Selected,Forward,MIL,0.028455284552845527
2010-11,Royal Ivey,iveyro01,SG,29,OKC,25,0,155,5.3,12.7,0.42100000000000004,2.3,5.3,0.43799999999999994,3.0,7.3,0.409,0.7,0.7,1.0,0.7,4.7,5.3,2.3,2.0,0.3,1.7,5.7,13.7,104.0,109.0,2011,Royal Ivey-2011,0.0,Not Selected,Guard,OKC,0.044715447154471545
2010-11,Jarrett Jack,jackja01,SG-PG,27,TOT,83,15,1722,8.1,19.8,0.408,1.0,3.4,0.306,7.1,16.5,0.429,5.7,6.7,0.85,0.6,4.8,5.4,7.5,1.7,0.2,3.4,3.2,22.9,102.0,109.0,2011,Jarrett Jack-2011,0.0,Not Selected,Guard,TOT,0.03333333333333333
2010-11,Darnell Jackson,jacksda01,PF,25,SAC,59,2,486,8.0,16.4,0.48700000000000004,0.3,1.1,0.273,7.7,15.2,0.503,3.1,5.1,0.612,5.1,4.7,9.8,1.5,1.2,0.3,2.4,6.3,19.4,107.0,111.0,2011,Darnell Jackson-2011,0.0,Not Selected,Forward,SAC,0.01951219512195122
2010-11,Stephen Jackson,jacksst02,SG,32,CHA,67,67,2405,9.7,23.6,0.41100000000000003,2.7,8.0,0.337,7.0,15.6,0.449,5.5,6.8,0.816,1.2,5.6,6.8,5.4,1.8,0.6,4.7,3.6,27.6,98.0,109.0,2011,Stephen Jackson-2011,0.0,Not Selected,Guard,CHO,0.027642276422764227
2010-11,Damion James,jamesda01,SF,23,NJN,25,9,403,6.1,13.6,0.447,0.0,0.4,0.0,6.1,13.2,0.46,2.4,3.7,0.643,2.3,9.0,11.3,2.6,2.1,1.6,3.3,4.8,14.6,90.0,106.0,2011,Damion James-2011,0.0,Not Selected,Forward,BRK,0.01951219512195122
2010-11,LeBron James,jamesle01,SF,26,MIA,79,79,3063,13.1,25.6,0.51,1.6,4.8,0.33,11.5,20.8,0.552,8.7,11.4,0.759,1.4,8.8,10.2,9.6,2.1,0.9,4.9,2.8,36.4,116.0,102.0,2011,LeBron James-2011,1.0,1st,Forward,MIA,0.04715447154471545
2010-11,Antawn Jamison,jamisan01,PF,34,CLE,56,38,1842,10.5,24.5,0.42700000000000005,2.5,7.4,0.34600000000000003,7.9,17.2,0.462,4.8,6.6,0.731,2.4,8.1,10.5,2.6,1.4,0.8,2.2,3.8,28.3,104.0,111.0,2011,Antawn Jamison-2011,0.0,Not Selected,Forward,CLE,0.015447154471544716
2010-11,Othyus Jeffers,jeffeot01,SG,25,TOT,17,1,322,4.9,10.3,0.47700000000000004,0.2,0.6,0.25,4.8,9.7,0.49200000000000005,4.8,7.3,0.652,4.0,6.7,10.6,3.2,2.7,0.0,2.2,5.1,14.8,112.0,109.0,2011,Othyus Jeffers-2011,0.0,Not Selected,Guard,TOT,0.03333333333333333
2010-11,Al Jefferson,jeffeal01,C,26,UTA,82,82,2940,11.7,23.7,0.496,0.0,0.0,0.0,11.7,23.7,0.496,3.9,5.2,0.7609999999999999,4.2,10.0,14.2,2.7,0.8,2.7,1.9,4.3,27.4,111.0,108.0,2011,Al Jefferson-2011,0.0,Not Selected,Center,UTA,0.03170731707317073
2010-11,Richard Jefferson,jefferi01,SF,30,SAS,81,81,2459,6.4,13.6,0.474,2.9,6.5,0.44,3.6,7.1,0.504,3.1,4.1,0.759,1.1,5.4,6.6,2.3,0.8,0.7,2.0,3.5,18.8,116.0,109.0,2011,Richard Jefferson-2011,0.0,Not Selected,Forward,SAS,0.04959349593495935
2010-11,Jared Jeffries,jeffrja01,PF,29,TOT,42,9,601,2.5,7.2,0.349,0.2,0.8,0.222,2.3,6.5,0.364,1.0,2.4,0.414,5.2,4.5,9.7,3.0,2.6,1.4,1.8,6.3,6.2,99.0,108.0,2011,Jared Jeffries-2011,0.0,Not Selected,Forward,TOT,0.03333333333333333
2010-11,Brandon Jennings,jennibr01,PG,21,MIL,63,61,2169,8.9,22.8,0.39,2.4,7.5,0.32299999999999995,6.5,15.4,0.42200000000000004,4.9,6.1,0.809,1.0,4.7,5.8,7.5,2.3,0.5,3.6,3.2,25.1,100.0,103.0,2011,Brandon Jennings-2011,0.0,Not Selected,Guard,MIL,0.028455284552845527
2010-11,Eugene Jeter,jetereu01,PG,27,SAC,62,1,858,6.2,15.2,0.409,0.4,1.8,0.2,5.9,13.5,0.43700000000000006,2.2,2.4,0.902,0.5,3.6,4.1,9.5,1.7,0.1,3.0,3.2,15.0,101.0,111.0,2011,Eugene Jeter-2011,0.0,Not Selected,Guard,SAC,0.01951219512195122
2010-11,Yi Jianlian,jianlyi01,PF,23,WAS,63,11,1112,6.7,16.0,0.418,0.1,0.6,0.231,6.5,15.4,0.425,2.9,4.2,0.6809999999999999,3.6,7.8,11.4,1.2,1.2,1.5,2.3,5.3,16.3,95.0,110.0,2011,Yi Jianlian-2011,0.0,Not Selected,Forward,WAS,0.01869918699186992
2010-11,Amir Johnson,johnsam01,PF,23,TOR,72,54,1853,7.8,13.8,0.568,0.0,0.0,0.0,7.8,13.8,0.569,3.5,4.5,0.7879999999999999,5.3,7.6,12.9,2.3,1.5,2.5,1.9,7.3,19.2,124.0,110.0,2011,Amir Johnson-2011,0.0,Not Selected,Forward,TOR,0.01788617886178862
2010-11,Armon Johnson,johnsar02,PG,21,POR,38,0,277,9.1,19.9,0.455,1.0,2.4,0.41700000000000004,8.1,17.5,0.461,2.6,4.3,0.591,2.2,4.9,7.1,8.9,1.0,0.2,7.5,6.1,21.7,89.0,111.0,2011,Armon Johnson-2011,0.0,Not Selected,Guard,POR,0.03902439024390244
2010-11,Chris Johnson,johnsch03,C,25,TOT,14,1,138,3.5,8.3,0.429,0.0,0.0,0.0,3.5,8.3,0.429,5.9,7.9,0.75,4.7,7.9,12.6,1.2,1.2,3.5,3.9,8.3,13.0,100.0,103.0,2011,Chris Johnson-2011,0.0,Not Selected,Center,TOT,0.03333333333333333
2010-11,James Johnson,johnsja01,SF,23,TOT,38,25,822,6.8,15.0,0.456,0.5,2.1,0.235,6.3,12.8,0.493,3.0,4.5,0.662,2.3,6.6,9.0,5.6,2.1,2.3,4.0,6.0,17.1,97.0,108.0,2011,James Johnson-2011,0.0,Not Selected,Forward,TOT,0.03333333333333333
2010-11,Joe Johnson,johnsjo02,SG,29,ATL,72,72,2554,10.8,24.4,0.44299999999999995,1.9,6.3,0.297,8.9,18.1,0.494,4.1,5.1,0.802,1.2,4.9,6.1,7.1,1.0,0.1,3.1,2.8,27.6,105.0,110.0,2011,Joe Johnson-2011,0.0,Not Selected,Guard,ATL,0.03577235772357724
2010-11,Trey Johnson,johnstr01,SG,26,TOT,8,0,94,6.6,18.2,0.364,0.6,1.7,0.33299999999999996,6.1,16.5,0.36700000000000005,5.0,5.5,0.9,1.1,2.8,3.9,6.1,0.6,0.6,2.8,6.6,18.8,98.0,117.0,2011,Trey Johnson-2011,0.0,Not Selected,Guard,TOT,0.03333333333333333
2010-11,Wesley Johnson,johnswe01,SG,23,MIN,79,63,2069,6.5,16.4,0.397,2.5,7.0,0.35600000000000004,4.0,9.5,0.42700000000000005,1.5,2.2,0.696,1.2,4.5,5.8,3.6,1.4,1.3,2.3,3.9,17.1,101.0,112.0,2011,Wesley Johnson-2011,0.0,Not Selected,Guard,MIN,0.013821138211382113
2010-11,Dahntay Jones,jonesda02,SG,30,IND,45,2,589,8.6,18.4,0.467,1.2,3.4,0.359,7.4,15.1,0.491,5.9,7.7,0.767,0.3,5.2,5.6,2.8,1.7,0.6,2.7,6.0,24.3,107.0,107.0,2011,Dahntay Jones-2011,0.0,Not Selected,Guard,IND,0.03008130081300813
2010-11,Dominique Jones,jonesdo02,SG,22,DAL,18,0,135,5.5,17.5,0.311,0.0,1.6,0.0,5.5,16.0,0.341,5.5,6.6,0.8240000000000001,2.3,7.4,9.7,7.4,1.9,1.2,3.9,2.7,16.4,89.0,104.0,2011,Dominique Jones-2011,0.0,Not Selected,Guard,DAL,0.046341463414634146
2010-11,James Jones,jonesja02,SF,30,MIA,81,8,1549,5.0,11.8,0.42200000000000004,4.2,9.8,0.429,0.8,2.0,0.39,2.0,2.5,0.833,0.8,4.7,5.5,1.5,1.0,0.6,0.7,4.4,16.2,128.0,107.0,2011,James Jones-2011,0.0,Not Selected,Forward,MIA,0.04715447154471545
2010-11,Solomon Jones,jonesso01,C,26,IND,39,0,528,4.7,11.6,0.405,0.0,0.1,0.0,4.7,11.5,0.408,3.9,6.0,0.6609999999999999,4.3,6.5,10.8,2.9,1.2,2.1,3.4,9.0,13.3,95.0,106.0,2011,Solomon Jones-2011,0.0,Not Selected,Center,IND,0.03008130081300813
2010-11,DeAndre Jordan,jordade01,C,22,LAC,80,66,2047,5.9,8.6,0.6859999999999999,0.0,0.0,0.0,5.9,8.6,0.688,2.5,5.5,0.452,5.2,9.3,14.5,1.1,1.0,3.6,2.6,6.4,14.3,116.0,105.0,2011,DeAndre Jordan-2011,0.0,Not Selected,Center,LAC,0.026016260162601626
2010-11,Chris Kaman,kamanch01,C,28,LAC,32,15,838,10.9,23.2,0.47100000000000003,0.0,0.0,0.0,10.9,23.2,0.47100000000000003,2.7,3.5,0.754,3.1,10.7,13.9,2.8,1.0,3.0,3.6,4.6,24.5,97.0,105.0,2011,Chris Kaman-2011,0.0,Not Selected,Center,LAC,0.026016260162601626
2010-11,Jason Kapono,kaponja01,SF,29,PHI,24,2,112,3.3,13.1,0.25,0.5,3.7,0.125,2.8,9.3,0.3,0.5,0.9,0.5,1.4,3.7,5.1,1.9,0.9,0.5,0.9,1.9,7.5,68.0,109.0,2011,Jason Kapono-2011,0.0,Not Selected,Forward,PHI,0.03333333333333333
2010-11,Jason Kidd,kiddja01,PG,37,DAL,80,80,2653,4.3,11.8,0.361,2.6,7.7,0.34,1.6,4.1,0.4,1.3,1.5,0.87,0.7,6.3,7.0,13.0,2.7,0.6,3.5,2.4,12.5,108.0,104.0,2011,Jason Kidd-2011,0.0,Not Selected,Guard,DAL,0.046341463414634146
2010-11,Andrei Kirilenko,kirilan01,SF,29,UTA,64,62,1999,6.7,14.3,0.467,0.9,2.6,0.36700000000000005,5.7,11.7,0.489,5.5,7.1,0.77,2.6,6.0,8.6,5.1,2.1,2.0,3.1,3.0,19.8,112.0,109.0,2011,Andrei Kirilenko-2011,0.0,Not Selected,Forward,UTA,0.03170731707317073
2010-11,Linas Kleiza,kleizli01,SF,26,TOR,39,23,1032,8.9,20.3,0.43799999999999994,2.0,6.6,0.298,7.0,13.8,0.505,2.1,3.3,0.631,1.9,7.0,8.9,2.0,1.0,0.4,3.3,5.0,21.8,95.0,114.0,2011,Linas Kleiza-2011,0.0,Not Selected,Forward,TOR,0.01788617886178862
2010-11,Kyle Korver,korveky01,SG,29,CHI,82,0,1649,7.8,17.9,0.434,3.9,9.3,0.415,3.9,8.6,0.455,2.5,2.8,0.885,0.4,4.4,4.8,4.0,1.1,0.6,1.9,5.0,21.9,115.0,104.0,2011,Kyle Korver-2011,0.0,Not Selected,Guard,CHI,0.05040650406504065
2010-11,Kosta Koufos,koufoko01,C,21,TOT,50,2,434,7.8,17.2,0.45299999999999996,0.0,0.2,0.0,7.8,17.0,0.45899999999999996,2.8,4.9,0.5579999999999999,6.5,8.4,14.9,0.8,1.1,2.9,3.6,6.8,18.4,95.0,108.0,2011,Kosta Koufos-2011,0.0,Not Selected,Center,TOT,0.03333333333333333
2010-11,Nenad Krstić,krstine01,C,27,TOT,71,67,1571,7.7,15.0,0.511,0.0,0.0,0.0,7.7,15.0,0.511,3.8,4.9,0.774,4.1,7.0,11.1,0.9,0.9,0.8,1.9,6.1,19.1,113.0,107.0,2011,Nenad Krstić-2011,0.0,Not Selected,Center,TOT,0.03333333333333333
2010-11,Carl Landry,landrca01,PF,27,TOT,76,26,2008,8.8,17.6,0.502,0.0,0.1,0.0,8.8,17.5,0.505,5.5,7.4,0.74,4.2,4.7,8.9,1.6,1.0,0.8,2.8,5.0,23.1,110.0,110.0,2011,Carl Landry-2011,0.0,Not Selected,Forward,TOT,0.03333333333333333
2010-11,Acie Law,lawac01,PG,26,TOT,51,0,726,5.7,13.0,0.435,0.4,2.5,0.16699999999999998,5.3,10.5,0.5,3.3,4.5,0.7340000000000001,0.8,3.6,4.4,5.9,2.2,0.0,3.0,4.3,15.1,100.0,112.0,2011,Acie Law-2011,0.0,Not Selected,Guard,TOT,0.03333333333333333
2010-11,Gani Lawal,lawalga01,PF,22,PHO,1,0,2,0.0,0.0,0.0,0.0,0.0,0.0,0.0,0.0,0.0,0.0,0.0,0.0,0.0,0.0,0.0,0.0,0.0,0.0,0.0,25.4,0.0,0.0,117.0,2011,Gani Lawal-2011,0.0,Not Selected,Forward,PHO,0.032520325203252036
2010-11,Ty Lawson,lawsoty01,PG,23,DEN,80,31,2103,8.3,16.4,0.503,1.6,4.1,0.40399999999999997,6.6,12.3,0.536,4.1,5.4,0.764,1.6,3.4,5.0,9.0,1.9,0.1,3.3,3.2,22.3,118.0,110.0,2011,Ty Lawson-2011,0.0,Not Selected,Guard,DEN,0.04065040650406504
2010-11,Courtney Lee,leeco01,SG,25,HOU,81,1,1723,7.5,17.0,0.439,2.1,5.1,0.408,5.4,11.9,0.45299999999999996,2.8,3.5,0.792,1.5,4.7,6.2,3.0,1.7,0.5,2.0,3.0,19.9,108.0,110.0,2011,Courtney Lee-2011,0.0,Not Selected,Guard,HOU,0.034959349593495934
2010-11,David Lee,leeda02,PF,27,GSW,73,73,2634,9.5,18.8,0.507,0.0,0.1,0.33299999999999996,9.5,18.7,0.508,4.0,5.1,0.787,4.2,9.6,13.7,4.5,1.4,0.6,3.3,4.1,23.1,111.0,110.0,2011,David Lee-2011,0.0,Not Selected,Forward,GSW,0.02926829268292683
2010-11,Rashard Lewis,lewisra02,SF-PF,31,TOT,57,52,1824,7.2,16.5,0.433,2.5,6.9,0.35700000000000004,4.7,9.6,0.488,2.2,2.7,0.802,2.0,6.2,8.2,2.6,1.5,0.9,2.5,4.5,19.0,105.0,107.0,2011,Rashard Lewis-2011,0.0,Not Selected,Forward,TOT,0.03333333333333333
2010-11,Jeremy Lin,linje01,PG,22,GSW,29,0,285,5.0,12.8,0.389,0.2,0.9,0.2,4.8,11.9,0.40299999999999997,3.4,4.4,0.76,2.1,3.9,6.0,7.5,5.9,1.6,3.2,5.5,13.5,100.0,103.0,2011,Jeremy Lin-2011,0.0,Not Selected,Guard,GSW,0.02926829268292683
2010-11,Shaun Livingston,livinsh01,PG,25,CHA,73,0,1261,7.9,16.9,0.466,0.0,0.2,0.25,7.8,16.7,0.46799999999999997,4.6,5.3,0.8640000000000001,1.2,5.1,6.3,7.0,2.0,1.2,3.7,4.6,20.3,103.0,108.0,2011,Shaun Livingston-2011,0.0,Not Selected,Guard,CHO,0.027642276422764227
2010-11,Brook Lopez,lopezbr01,C,22,NJN,82,82,2889,11.9,24.2,0.49200000000000005,0.0,0.0,0.0,11.9,24.2,0.49200000000000005,7.1,9.0,0.787,3.6,5.4,9.0,2.4,0.9,2.2,3.3,4.4,30.9,108.0,110.0,2011,Brook Lopez-2011,0.0,Not Selected,Center,BRK,0.01951219512195122
2010-11,Robin Lopez,lopezro01,C,22,PHO,67,56,991,9.2,18.3,0.501,0.0,0.0,0.0,9.2,18.3,0.501,3.8,5.1,0.74,4.2,6.9,11.1,0.4,0.9,2.3,2.5,7.3,22.2,105.0,110.0,2011,Robin Lopez-2011,0.0,Not Selected,Center,PHO,0.032520325203252036
2010-11,Kevin Love,loveke01,PF,22,MIN,73,73,2611,9.2,19.6,0.47,1.7,4.0,0.41700000000000004,7.5,15.5,0.483,8.1,9.5,0.85,6.3,14.9,21.2,3.5,0.9,0.5,3.0,2.8,28.1,123.0,108.0,2011,Kevin Love-2011,0.0,Not Selected,Forward,MIN,0.013821138211382113
2010-11,Kyle Lowry,lowryky01,PG,24,HOU,75,71,2563,6.9,16.1,0.426,2.6,6.8,0.376,4.3,9.3,0.46399999999999997,3.8,5.0,0.765,1.8,4.4,6.1,9.9,2.0,0.5,3.1,4.1,20.1,115.0,110.0,2011,Kyle Lowry-2011,0.0,Not Selected,Guard,HOU,0.034959349593495934
2010-11,John Lucas III,lucasjo02,PG,28,CHI,2,0,10,5.3,15.9,0.33299999999999996,0.0,5.3,0.0,5.3,10.6,0.5,0.0,10.6,0.0,0.0,0.0,0.0,5.3,0.0,0.0,0.0,0.0,10.6,67.0,110.0,2011,John Lucas III-2011,0.0,Not Selected,Guard,CHI,0.05040650406504065
2010-11,Corey Maggette,maggeco01,SF,31,MIL,67,18,1401,9.7,21.3,0.45299999999999996,1.1,3.0,0.359,8.6,18.4,0.46799999999999997,10.3,12.4,0.8340000000000001,1.7,7.5,9.2,3.2,0.8,0.2,4.8,6.7,30.7,105.0,105.0,2011,Corey Maggette-2011,0.0,Not Selected,Forward,MIL,0.028455284552845527
2010-11,Jamaal Magloire,magloja01,C,32,MIA,18,0,158,4.3,7.4,0.591,0.0,0.0,0.0,4.3,7.4,0.591,3.0,6.0,0.5,5.7,14.7,20.4,1.0,1.3,0.7,1.7,8.7,11.7,121.0,99.0,2011,Jamaal Magloire-2011,0.0,Not Selected,Center,MIA,0.04715447154471545
2010-11,Ian Mahinmi,mahinia01,C,24,DAL,56,0,488,5.9,10.6,0.561,0.0,0.2,0.0,5.9,10.3,0.573,6.8,8.8,0.768,4.6,8.3,12.9,0.9,1.5,1.6,2.7,11.3,18.6,121.0,103.0,2011,Ian Mahinmi-2011,0.0,Not Selected,Center,DAL,0.046341463414634146
2010-11,Shawn Marion,mariosh01,SF,32,DAL,80,27,2253,10.1,19.5,0.52,0.1,0.8,0.152,10.0,18.7,0.536,2.9,3.8,0.768,3.9,8.9,12.9,2.6,1.6,1.2,3.0,3.4,23.3,107.0,103.0,2011,Shawn Marion-2011,0.0,Not Selected,Forward,DAL,0.046341463414634146
2010-11,Sean Marks,marksse01,C,35,POR,29,0,208,5.0,11.5,0.43200000000000005,0.5,0.5,1.0,4.5,11.0,0.405,1.3,2.1,0.625,4.2,6.3,10.5,1.0,0.8,1.3,2.9,11.5,11.8,93.0,109.0,2011,Sean Marks-2011,0.0,Not Selected,Center,POR,0.03902439024390244
2010-11,Cartier Martin,martica01,SF,26,WAS,52,1,542,6.7,17.2,0.39,3.7,9.3,0.39399999999999996,3.0,7.8,0.386,2.6,3.8,0.7,1.9,5.1,7.0,1.7,1.7,0.6,1.5,4.9,19.7,109.0,112.0,2011,Cartier Martin-2011,0.0,Not Selected,Forward,WAS,0.01869918699186992
2010-11,Kenyon Martin,martike01,PF,33,DEN,48,48,1233,7.5,14.7,0.511,0.1,0.4,0.222,7.5,14.4,0.518,1.7,2.9,0.583,2.7,9.4,12.1,4.4,1.8,1.4,2.4,5.5,16.9,107.0,105.0,2011,Kenyon Martin-2011,0.0,Not Selected,Forward,DEN,0.04065040650406504
2010-11,Kevin Martin,martike02,SG,27,HOU,80,80,2603,10.8,24.8,0.436,3.4,9.0,0.38299999999999995,7.4,15.8,0.467,11.6,13.1,0.888,0.5,4.5,5.1,3.9,1.6,0.3,3.6,3.0,36.7,117.0,111.0,2011,Kevin Martin-2011,0.0,Not Selected,Guard,HOU,0.034959349593495934
2010-11,Roger Mason,masonro01,SG,30,NYK,26,0,319,4.1,12.1,0.33799999999999997,2.5,6.9,0.364,1.6,5.2,0.303,1.1,1.6,0.7,0.8,6.0,6.8,3.1,0.9,0.3,0.9,3.9,11.8,102.0,113.0,2011,Roger Mason-2011,0.0,Not Selected,Guard,NYK,0.03414634146341464
2010-11,Wesley Matthews,matthwe02,SG,24,POR,82,69,2758,8.7,19.4,0.449,3.0,7.5,0.40700000000000003,5.7,11.9,0.47600000000000003,5.3,6.2,0.8440000000000001,1.0,4.2,5.1,3.2,2.0,0.2,2.7,3.9,25.7,114.0,109.0,2011,Wesley Matthews-2011,0.0,Not Selected,Guard,POR,0.03902439024390244
2010-11,Jason Maxiell,maxieja01,PF,27,DET,57,14,930,5.4,10.9,0.49200000000000005,0.0,0.0,0.0,5.4,10.9,0.49200000000000005,3.0,5.7,0.515,3.8,6.2,10.0,1.0,1.4,1.2,2.5,5.3,13.7,99.0,112.0,2011,Jason Maxiell-2011,0.0,Not Selected,Forward,DET,0.024390243902439025
2010-11,Eric Maynor,maynoer01,PG,23,OKC,82,0,1200,5.8,14.4,0.402,1.6,4.1,0.385,4.2,10.2,0.409,1.9,2.5,0.7290000000000001,1.1,4.1,5.2,10.3,1.5,0.3,3.3,4.1,15.0,104.0,110.0,2011,Eric Maynor-2011,0.0,Not Selected,Guard,OKC,0.044715447154471545
2010-11,O.J. Mayo,mayooj01,SG,23,MEM,71,17,1869,8.5,20.9,0.40700000000000003,2.7,7.4,0.364,5.8,13.5,0.431,2.8,3.7,0.7559999999999999,1.0,3.8,4.8,4.1,2.0,0.7,2.8,3.5,22.4,101.0,107.0,2011,O.J. Mayo-2011,0.0,Not Selected,Guard,MEM,0.03739837398373984
2010-11,Luc Mbah a Moute,mbahalu01,PF,24,MIL,79,52,2093,5.1,10.9,0.46299999999999997,0.0,0.2,0.0,5.1,10.8,0.47,3.4,4.8,0.7070000000000001,4.3,6.4,10.7,1.7,1.8,0.7,2.0,4.6,13.5,107.0,103.0,2011,Luc Mbah a Moute-2011,0.0,Not Selected,Forward,MIL,0.028455284552845527
2010-11,Antonio McDyess,mcdyean01,PF,36,SAS,73,16,1387,6.3,12.9,0.491,0.0,0.0,0.0,6.3,12.9,0.493,1.9,2.9,0.675,4.6,10.2,14.8,3.1,1.3,1.5,2.7,6.1,14.6,106.0,104.0,2011,Antonio McDyess-2011,0.0,Not Selected,Forward,SAS,0.04959349593495935
2010-11,JaVale McGee,mcgeeja01,C,23,WAS,79,75,2193,7.7,14.1,0.55,0.0,0.1,0.0,7.7,14.0,0.552,3.1,5.4,0.583,5.2,9.6,14.8,0.9,1.0,4.5,2.4,5.4,18.6,111.0,106.0,2011,JaVale McGee-2011,0.0,Not Selected,Center,WAS,0.01869918699186992
2010-11,Tracy McGrady,mcgratr01,SG,31,DET,72,39,1686,7.2,16.4,0.442,1.0,2.8,0.341,6.3,13.6,0.462,2.9,4.1,0.698,1.6,6.5,8.0,8.0,2.1,1.1,3.3,3.2,18.3,104.0,110.0,2011,Tracy McGrady-2011,0.0,Not Selected,Guard,DET,0.024390243902439025
2010-11,Dominic McGuire,mcguido01,SF,25,CHA,52,8,760,5.1,12.8,0.396,0.0,0.1,0.0,5.1,12.7,0.4,2.1,2.7,0.769,4.4,9.6,14.0,3.0,0.7,2.3,1.8,6.6,12.3,100.0,106.0,2011,Dominic McGuire-2011,0.0,Not Selected,Forward,CHO,0.027642276422764227
2010-11,Josh McRoberts,mcrobjo01,PF,23,IND,72,51,1597,6.7,12.2,0.547,0.7,1.9,0.38299999999999995,6.0,10.3,0.5770000000000001,2.8,3.8,0.7390000000000001,3.5,8.7,12.1,4.8,1.5,1.8,3.0,5.2,16.9,116.0,104.0,2011,Josh McRoberts-2011,0.0,Not Selected,Forward,IND,0.03008130081300813
2010-11,Jodie Meeks,meeksjo01,SG,23,PHI,74,64,2062,6.1,14.5,0.425,3.5,8.8,0.397,2.6,5.6,0.46799999999999997,3.9,4.3,0.894,0.5,3.8,4.3,2.0,1.6,0.1,1.5,2.5,19.7,116.0,108.0,2011,Jodie Meeks-2011,0.0,Not Selected,Guard,PHI,0.03333333333333333
2010-11,Pops Mensah-Bonsu,mensapo01,PF,27,NOH,7,0,35,1.5,4.6,0.33299999999999996,0.0,0.0,0.0,1.5,4.6,0.33299999999999996,0.0,0.0,0.0,4.6,12.4,17.0,3.1,0.0,0.0,3.1,17.0,3.1,82.0,106.0,2011,Pops Mensah-Bonsu-2011,0.0,Not Selected,Forward,NOP,0.03739837398373984
2010-11,C.J. Miles,milescj01,SF,23,UTA,78,19,1969,9.8,24.1,0.40700000000000003,2.9,9.1,0.322,6.9,15.0,0.45899999999999996,4.3,5.2,0.8109999999999999,1.4,5.4,6.8,3.6,2.0,1.0,2.5,5.9,26.8,103.0,110.0,2011,C.J. Miles-2011,0.0,Not Selected,Forward,UTA,0.03170731707317073
2010-11,Darko Miličić,milicda01,C,25,MIN,69,69,1686,8.0,17.1,0.469,0.0,0.0,0.0,8.0,17.1,0.469,1.9,3.4,0.557,3.9,6.7,10.6,3.1,1.6,4.1,4.5,6.8,17.9,91.0,107.0,2011,Darko Miličić-2011,0.0,Not Selected,Center,MIN,0.013821138211382113
2010-11,Andre Miller,millean02,PG,34,POR,81,81,2650,8.0,17.4,0.46,0.1,0.8,0.10800000000000001,7.9,16.6,0.47600000000000003,5.1,6.0,0.853,2.0,4.2,6.2,11.7,2.3,0.2,4.1,3.5,21.2,111.0,108.0,2011,Andre Miller-2011,0.0,Not Selected,Guard,POR,0.03902439024390244
2010-11,Brad Miller,millebr01,C,34,HOU,60,5,1015,6.6,14.9,0.446,2.0,5.4,0.374,4.6,9.5,0.48700000000000004,3.9,4.7,0.83,2.2,8.9,11.1,7.3,1.4,1.1,2.7,4.9,19.2,117.0,108.0,2011,Brad Miller-2011,0.0,Not Selected,Center,HOU,0.034959349593495934
2010-11,Mike Miller,millemi01,SG,30,MIA,41,2,838,5.1,12.7,0.401,2.7,7.4,0.364,2.4,5.3,0.452,1.4,2.1,0.6759999999999999,2.4,9.2,11.6,3.2,1.3,0.1,2.6,5.5,14.4,104.0,104.0,2011,Mike Miller-2011,0.0,Not Selected,Guard,MIA,0.04715447154471545
2010-11,Patty Mills,millspa02,PG,22,POR,64,0,783,9.4,22.9,0.41200000000000003,3.3,9.3,0.353,6.1,13.6,0.451,2.5,3.3,0.7659999999999999,1.3,2.2,3.6,7.6,1.9,0.1,4.3,4.4,24.6,101.0,111.0,2011,Patty Mills-2011,0.0,Not Selected,Guard,POR,0.03902439024390244
2010-11,Paul Millsap,millspa01,PF,25,UTA,76,76,2605,10.6,20.0,0.531,0.2,0.5,0.391,10.4,19.5,0.535,5.2,6.8,0.757,3.3,8.4,11.7,3.8,2.1,1.4,2.9,5.5,26.6,114.0,108.0,2011,Paul Millsap-2011,0.0,Not Selected,Forward,UTA,0.03170731707317073
2010-11,Yao Ming,mingya01,C,30,HOU,5,5,91,10.1,20.7,0.486,0.0,0.0,0.0,10.1,20.7,0.486,8.4,9.0,0.938,3.9,11.2,15.1,2.2,0.0,4.5,3.9,7.3,28.6,111.0,105.0,2011,Yao Ming-2011,0.0,Not Selected,Center,HOU,0.034959349593495934
2010-11,Nazr Mohammed,mohamna01,C,33,TOT,75,37,1280,9.7,18.5,0.522,0.0,0.0,0.0,9.7,18.5,0.523,2.8,4.6,0.598,5.8,9.4,15.2,1.0,1.2,2.3,2.9,7.6,22.1,105.0,105.0,2011,Nazr Mohammed-2011,0.0,Not Selected,Center,TOT,0.03333333333333333
2010-11,Greg Monroe,monrogr01,C,20,DET,80,48,2222,7.3,13.3,0.551,0.0,0.0,0.0,7.3,13.3,0.552,3.5,5.6,0.622,6.0,8.6,14.6,2.5,2.3,1.1,2.0,4.7,18.2,120.0,109.0,2011,Greg Monroe-2011,0.0,Not Selected,Center,DET,0.024390243902439025
2010-11,Jamario Moon,moonja01,SF,30,TOT,59,20,1042,5.0,12.3,0.40700000000000003,1.9,6.1,0.309,3.1,6.2,0.504,0.7,0.8,0.882,1.1,7.0,8.2,2.6,1.4,1.6,1.1,3.2,12.6,104.0,110.0,2011,Jamario Moon-2011,0.0,Not Selected,Forward,TOT,0.03333333333333333
2010-11,Anthony Morrow,morroan01,SG,25,NJN,58,47,1856,8.0,17.8,0.45,3.2,7.5,0.423,4.9,10.4,0.469,2.8,3.1,0.897,1.1,3.9,4.9,2.0,0.5,0.2,1.6,3.9,22.0,113.0,114.0,2011,Anthony Morrow-2011,0.0,Not Selected,Guard,BRK,0.01951219512195122
2010-11,Timofey Mozgov,mozgoti01,C,24,TOT,45,14,524,6.0,12.7,0.474,0.0,0.0,0.0,6.0,12.7,0.474,3.5,5.0,0.7120000000000001,4.4,7.2,11.6,1.4,1.4,2.4,3.4,8.1,15.6,100.0,108.0,2011,Timofey Mozgov-2011,0.0,Not Selected,Center,TOT,0.03333333333333333
2010-11,Byron Mullens,mulleby01,PF,21,OKC,13,0,85,5.5,17.1,0.321,0.0,0.0,0.0,5.5,17.1,0.321,4.3,8.5,0.5,3.7,11.0,14.6,0.0,1.2,1.8,4.9,6.7,15.2,71.0,105.0,2011,Byron Mullens-2011,0.0,Not Selected,Forward,OKC,0.044715447154471545
2010-11,Troy Murphy,murphtr01,PF,30,TOT,35,4,466,4.8,13.0,0.368,0.6,3.8,0.152,4.2,9.3,0.457,2.3,3.4,0.667,2.5,10.4,12.9,2.6,1.7,0.3,2.3,5.4,12.5,90.0,104.0,2011,Troy Murphy-2011,0.0,Not Selected,Forward,TOT,0.03333333333333333
2010-11,Hamady N'Diaye,ndiayha01,C,24,WAS,16,0,80,2.6,3.2,0.8,0.0,0.0,0.0,2.6,3.2,0.8,3.8,7.7,0.5,1.3,3.2,4.5,0.0,1.3,3.2,1.9,11.5,9.0,107.0,111.0,2011,Hamady N'Diaye-2011,0.0,Not Selected,Center,WAS,0.01869918699186992
2010-11,Eduardo Nájera,najered01,PF,34,CHA,31,0,372,3.7,10.4,0.361,1.6,4.9,0.324,2.2,5.5,0.395,0.9,1.6,0.545,2.0,4.3,6.3,2.9,1.6,0.9,1.9,7.5,9.9,93.0,109.0,2011,Eduardo Nájera-2011,0.0,Not Selected,Forward,CHO,0.027642276422764227
2010-11,Steve Nash,nashst01,PG,36,PHO,75,75,2497,8.1,16.5,0.49200000000000005,1.6,4.2,0.395,6.5,12.3,0.525,4.6,5.1,0.912,0.8,4.5,5.3,17.4,1.0,0.1,5.4,1.8,22.5,118.0,114.0,2011,Steve Nash-2011,0.0,Not Selected,Guard,PHO,0.032520325203252036
2010-11,Gary Neal,nealga01,SG,26,SAS,80,1,1685,8.8,19.5,0.451,4.0,9.5,0.419,4.8,10.0,0.48100000000000004,2.6,3.2,0.8079999999999999,0.6,5.4,6.0,3.0,0.8,0.1,2.4,4.6,24.2,110.0,109.0,2011,Gary Neal-2011,0.0,Not Selected,Guard,SAS,0.04959349593495935
2010-11,Jameer Nelson,nelsoja01,PG,28,ORL,76,76,2319,8.5,19.0,0.446,2.7,6.7,0.401,5.8,12.3,0.47100000000000003,2.9,3.7,0.802,0.8,4.3,5.1,10.3,1.7,0.1,4.4,4.7,22.6,109.0,104.0,2011,Jameer Nelson-2011,0.0,Not Selected,Guard,ORL,0.04227642276422764
2010-11,Joakim Noah,noahjo01,C,25,CHI,48,48,1576,7.1,13.6,0.525,0.0,0.0,0.0,7.1,13.5,0.526,4.7,6.3,0.7390000000000001,6.1,10.7,16.8,3.6,1.6,2.4,3.0,5.3,18.9,117.0,97.0,2011,Joakim Noah-2011,0.0,Not Selected,Center,CHI,0.05040650406504065
2010-11,Andrés Nocioni,nocioan01,SF,31,PHI,54,17,931,6.6,15.6,0.426,2.4,6.6,0.35600000000000004,4.3,8.9,0.478,2.8,3.4,0.8029999999999999,1.1,8.4,9.5,2.5,0.8,0.8,2.6,5.6,18.4,101.0,106.0,2011,Andrés Nocioni-2011,0.0,Not Selected,Forward,PHI,0.03333333333333333
2010-11,Steve Novak,novakst01,SF,27,TOT,30,0,215,8.5,16.2,0.522,6.3,11.1,0.565,2.2,5.1,0.429,1.9,1.9,1.0,1.0,5.8,6.8,0.7,0.2,1.2,1.0,3.4,25.2,138.0,109.0,2011,Steve Novak-2011,0.0,Not Selected,Forward,TOT,0.03333333333333333
2010-11,Dirk Nowitzki,nowitdi01,PF,32,DAL,73,73,2504,12.8,24.8,0.517,1.4,3.5,0.39299999999999996,11.4,21.2,0.5379999999999999,8.3,9.3,0.892,1.0,9.7,10.8,4.0,0.8,1.0,2.9,3.6,35.3,118.0,105.0,2011,Dirk Nowitzki-2011,2.0,2nd,Forward,DAL,0.046341463414634146
2010-11,Jermaine O'Neal,onealje01,C,32,BOS,24,10,431,6.2,13.4,0.45899999999999996,0.0,0.1,0.0,6.2,13.3,0.46299999999999997,3.6,5.3,0.674,3.1,7.8,10.8,1.5,0.2,3.7,3.3,8.0,15.9,93.0,100.0,2011,Jermaine O'Neal-2011,0.0,Not Selected,Center,BOS,0.04552845528455285
2010-11,Shaquille O'Neal,onealsh01,C,38,BOS,37,36,752,9.5,14.2,0.667,0.0,0.0,0.0,9.5,14.2,0.667,5.2,9.3,0.557,3.4,9.2,12.6,1.8,1.1,3.0,4.0,8.5,24.1,111.0,98.0,2011,Shaquille O'Neal-2011,0.0,Not Selected,Center,BOS,0.04552845528455285
2010-11,Fabricio Oberto,obertfa01,C,35,POR,5,0,45,3.6,6.1,0.6,0.0,0.0,0.0,3.6,6.1,0.6,1.2,2.4,0.5,3.6,4.9,8.5,0.0,0.0,0.0,3.6,12.1,8.5,88.0,113.0,2011,Fabricio Oberto-2011,0.0,Not Selected,Center,POR,0.03902439024390244
2010-11,Lamar Odom,odomla01,PF,31,LAL,82,35,2639,9.5,17.9,0.53,1.4,3.6,0.382,8.1,14.3,0.5660000000000001,3.3,4.9,0.675,3.5,10.7,14.2,5.0,0.9,1.2,2.8,4.0,23.7,118.0,103.0,2011,Lamar Odom-2011,0.0,Not Selected,Forward,LAL,0.046341463414634146
2010-11,Emeka Okafor,okafoem01,C,28,NOH,72,72,2287,7.1,12.4,0.573,0.0,0.0,0.0,7.1,12.4,0.574,3.4,6.1,0.562,5.4,10.7,16.2,1.0,0.9,3.0,2.8,5.4,17.6,111.0,102.0,2011,Emeka Okafor-2011,0.0,Not Selected,Center,NOP,0.03739837398373984
2010-11,Mehmet Okur,okurme01,C,31,UTA,13,0,168,6.9,19.5,0.355,1.6,5.0,0.313,5.3,14.4,0.37,4.7,6.3,0.75,2.8,6.6,9.4,6.0,1.3,1.3,2.2,5.6,20.1,102.0,111.0,2011,Mehmet Okur-2011,0.0,Not Selected,Center,UTA,0.03170731707317073
2010-11,Travis Outlaw,outlatr01,SF,26,NJN,82,55,2358,6.2,16.6,0.375,1.7,5.7,0.302,4.5,10.8,0.413,3.0,3.9,0.772,1.2,6.1,7.4,1.9,0.8,0.8,1.6,3.4,17.1,97.0,112.0,2011,Travis Outlaw-2011,0.0,Not Selected,Forward,BRK,0.01951219512195122
2010-11,Larry Owens,owensla01,SF,28,TOT,12,0,143,5.4,11.5,0.469,2.2,4.7,0.462,3.2,6.8,0.474,1.4,3.2,0.444,0.4,5.0,5.4,2.9,3.2,1.8,1.8,6.5,14.4,106.0,106.0,2011,Larry Owens-2011,0.0,Not Selected,Forward,TOT,0.03333333333333333
2010-11,Zaza Pachulia,pachuza01,C,26,ATL,79,7,1244,4.6,10.0,0.461,0.0,0.0,0.0,4.6,10.0,0.461,5.8,7.7,0.754,5.1,9.2,14.4,2.5,1.5,1.0,3.0,7.9,15.1,111.0,105.0,2011,Zaza Pachulia-2011,0.0,Not Selected,Center,ATL,0.03577235772357724
2010-11,Anthony Parker,parkean01,SF,35,CLE,72,65,2091,5.4,13.6,0.39899999999999997,2.1,5.6,0.379,3.3,8.0,0.41200000000000003,1.8,2.3,0.779,0.8,4.6,5.4,5.4,1.7,0.2,2.0,2.7,14.8,103.0,113.0,2011,Anthony Parker-2011,0.0,Not Selected,Forward,CLE,0.015447154471544716
2010-11,Tony Parker,parketo01,PG,28,SAS,78,78,2528,11.4,22.0,0.519,0.5,1.4,0.35700000000000004,10.9,20.5,0.531,4.8,6.2,0.769,0.6,4.3,4.9,10.6,1.9,0.1,4.1,2.8,28.1,113.0,108.0,2011,Tony Parker-2011,0.0,Not Selected,Guard,SAS,0.04959349593495935
2010-11,Patrick Patterson,pattepa01,PF,21,HOU,52,6,868,8.7,15.7,0.5579999999999999,0.0,0.1,0.0,8.7,15.6,0.562,1.8,2.5,0.7140000000000001,5.0,6.7,11.7,2.4,1.0,2.2,1.8,4.5,19.3,118.0,109.0,2011,Patrick Patterson-2011,0.0,Not Selected,Forward,HOU,0.034959349593495934
2010-11,Chris Paul,paulch01,PG,25,NOH,80,80,2880,8.1,17.4,0.46299999999999997,1.3,3.4,0.38799999999999996,6.7,14.0,0.48200000000000004,6.3,7.2,0.878,0.7,5.4,6.1,14.7,3.5,0.1,3.3,3.7,23.8,122.0,103.0,2011,Chris Paul-2011,3.0,3rd,Guard,NOP,0.03739837398373984
2010-11,Sasha Pavlović,pavloal01,SG-SF,27,TOT,31,7,362,4.2,10.5,0.40299999999999997,1.8,4.5,0.387,2.5,6.0,0.415,0.9,1.5,0.6,0.1,4.5,4.7,2.3,1.5,1.0,1.8,5.0,11.1,92.0,105.0,2011,Sasha Pavlović-2011,0.0,Not Selected,Forward,TOT,0.03333333333333333
2010-11,Nikola Peković,pekovni01,C,25,MIN,65,11,887,7.6,14.8,0.517,0.0,0.0,0.0,7.6,14.8,0.517,4.9,6.4,0.763,5.0,5.8,10.8,1.5,1.0,2.0,5.1,10.2,20.1,100.0,111.0,2011,Nikola Peković-2011,0.0,Not Selected,Center,MIN,0.013821138211382113
2010-11,Kendrick Perkins,perkike01,C,26,TOT,29,24,742,4.7,9.2,0.515,0.0,0.0,0.0,4.7,9.2,0.515,2.8,5.1,0.556,4.4,12.0,16.4,1.8,0.6,1.8,3.9,6.4,12.3,95.0,103.0,2011,Kendrick Perkins-2011,0.0,Not Selected,Center,TOT,0.03333333333333333
2010-11,Morris Peterson,petermo01,SG,33,OKC,4,0,23,4.5,11.3,0.4,0.0,2.3,0.0,4.5,9.0,0.5,0.0,0.0,0.0,0.0,6.8,6.8,2.3,0.0,0.0,0.0,11.3,9.0,95.0,112.0,2011,Morris Peterson-2011,0.0,Not Selected,Guard,OKC,0.044715447154471545
2010-11,Johan Petro,petrojo01,C,25,NJN,77,1,893,7.7,17.3,0.445,0.0,0.2,0.0,7.7,17.1,0.451,0.9,1.7,0.536,3.7,9.0,12.7,2.6,2.0,2.0,2.8,10.6,16.3,92.0,105.0,2011,Johan Petro-2011,0.0,Not Selected,Center,BRK,0.01951219512195122
2010-11,Paul Pierce,piercpa01,SF,33,BOS,80,80,2774,9.7,19.5,0.49700000000000005,2.1,5.7,0.374,7.6,13.9,0.547,7.4,8.6,0.86,0.7,7.6,8.2,5.0,1.5,1.0,3.3,4.4,28.9,116.0,101.0,2011,Paul Pierce-2011,0.0,Not Selected,Forward,BOS,0.04552845528455285
2010-11,Mickaël Piétrus,pietrmi01,SG-SF,28,TOT,57,4,1107,6.7,17.0,0.392,4.0,11.0,0.36,2.7,6.0,0.45,1.8,2.7,0.684,0.7,5.2,5.9,1.5,1.3,1.0,1.8,4.7,19.1,101.0,108.0,2011,Mickaël Piétrus-2011,0.0,Not Selected,Forward,TOT,0.03333333333333333
2010-11,Dexter Pittman,pittmde01,C,22,MIA,2,0,11,4.8,14.4,0.33299999999999996,0.0,0.0,0.0,4.8,14.4,0.33299999999999996,0.0,0.0,0.0,4.8,9.6,14.4,0.0,0.0,0.0,9.6,9.6,9.6,52.0,106.0,2011,Dexter Pittman-2011,0.0,Not Selected,Center,MIA,0.04715447154471545
2010-11,Quincy Pondexter,pondequ01,SF,22,NOH,66,6,734,5.4,13.3,0.406,1.3,3.7,0.36,4.1,9.6,0.423,1.8,2.5,0.706,1.7,4.8,6.5,2.1,1.3,0.7,1.2,4.6,13.9,102.0,108.0,2011,Quincy Pondexter-2011,0.0,Not Selected,Forward,NOP,0.03739837398373984
2010-11,James Posey,poseyja01,SF,34,IND,49,0,839,4.9,14.6,0.336,4.0,12.8,0.316,0.8,1.8,0.483,0.7,0.9,0.733,0.6,8.3,8.9,2.1,1.4,0.4,1.4,6.2,14.5,98.0,106.0,2011,James Posey-2011,0.0,Not Selected,Forward,IND,0.03008130081300813
2010-11,Leon Powe,powele01,C-PF,27,TOT,30,3,328,9.3,18.8,0.496,0.0,0.3,0.0,9.3,18.5,0.504,6.3,11.4,0.556,3.8,6.2,10.0,1.1,1.6,0.6,1.9,7.0,25.0,107.0,110.0,2011,Leon Powe-2011,0.0,Not Selected,Forward,TOT,0.03333333333333333
2010-11,Josh Powell,poweljo01,PF,28,ATL,54,0,653,7.7,17.1,0.452,0.0,0.1,0.0,7.7,17.0,0.45399999999999996,3.0,3.7,0.8,4.0,7.1,11.1,1.8,0.4,0.4,4.4,6.4,18.4,90.0,110.0,2011,Josh Powell-2011,0.0,Not Selected,Forward,ATL,0.03577235772357724
2010-11,A.J. Price,priceaj01,PG,24,IND,50,0,795,7.3,20.4,0.35600000000000004,2.6,9.5,0.275,4.7,10.9,0.42700000000000005,3.4,5.2,0.667,1.0,3.6,4.6,7.1,1.8,0.1,3.4,3.9,20.6,95.0,109.0,2011,A.J. Price-2011,0.0,Not Selected,Guard,IND,0.03008130081300813
2010-11,Ronnie Price,pricero01,SG,27,UTA,59,0,717,5.4,15.4,0.35200000000000004,1.5,5.1,0.29,4.0,10.4,0.38299999999999995,2.1,2.9,0.7440000000000001,1.6,2.9,4.5,4.1,3.1,0.4,4.0,7.8,14.5,84.0,110.0,2011,Ronnie Price-2011,0.0,Not Selected,Guard,UTA,0.03170731707317073
2010-11,Tayshaun Prince,princta01,SF,30,DET,78,78,2562,9.9,21.0,0.473,0.7,2.1,0.34700000000000003,9.2,19.0,0.486,2.5,3.5,0.7020000000000001,1.6,5.3,6.9,4.5,0.6,0.9,1.7,1.9,23.1,108.0,115.0,2011,Tayshaun Prince-2011,0.0,Not Selected,Forward,DET,0.024390243902439025
2010-11,Joel Przybilla,przybjo01,C,31,TOT,36,9,519,2.6,4.6,0.568,0.0,0.0,0.0,2.6,4.6,0.568,1.5,2.8,0.519,3.9,11.3,15.2,1.4,0.5,1.6,3.0,8.3,6.7,94.0,106.0,2011,Joel Przybilla-2011,0.0,Not Selected,Center,TOT,0.03333333333333333
2010-11,Chris Quinn,quinnch01,PG,27,SAS,41,0,292,5.9,16.2,0.363,2.0,6.6,0.297,3.9,9.6,0.40700000000000003,0.7,1.4,0.5,0.5,3.9,4.5,7.5,0.9,0.2,2.1,5.2,14.4,97.0,110.0,2011,Chris Quinn-2011,0.0,Not Selected,Guard,SAS,0.04959349593495935
2010-11,Vladimir Radmanović,radmavl01,PF,30,GSW,74,6,1169,5.9,13.8,0.431,3.0,7.5,0.405,2.9,6.3,0.462,1.3,1.5,0.882,2.8,6.4,9.2,3.4,1.9,1.9,2.5,6.8,16.2,110.0,110.0,2011,Vladimir Radmanović-2011,0.0,Not Selected,Forward,GSW,0.02926829268292683
2010-11,Anthony Randolph,randoan01,C-PF,21,TOT,40,3,590,10.4,22.3,0.466,0.1,0.3,0.25,10.3,22.0,0.469,4.9,7.3,0.674,3.6,9.9,13.5,2.8,1.9,2.0,4.5,5.2,25.8,97.0,107.0,2011,Anthony Randolph-2011,0.0,Not Selected,Forward,TOT,0.03333333333333333
2010-11,Zach Randolph,randoza01,PF,29,MEM,75,74,2724,11.5,22.8,0.503,0.2,0.8,0.18600000000000003,11.3,22.0,0.515,5.8,7.6,0.758,6.3,11.3,17.5,3.1,1.2,0.5,2.9,3.4,28.8,115.0,105.0,2011,Zach Randolph-2011,3.0,3rd,Forward,MEM,0.03739837398373984
2010-11,Theo Ratliff,ratlith01,C,37,LAL,10,0,71,0.7,4.5,0.16699999999999998,0.0,0.0,0.0,0.7,4.5,0.16699999999999998,0.0,1.5,0.0,4.5,5.2,9.7,2.2,1.5,3.7,2.2,5.2,1.5,67.0,103.0,2011,Theo Ratliff-2011,0.0,Not Selected,Center,LAL,0.046341463414634146
2010-11,Andy Rautins,rautian01,SG,24,NYK,5,0,24,6.3,14.6,0.429,2.1,8.4,0.25,4.2,6.3,0.667,2.1,4.2,0.5,0.0,2.1,2.1,6.3,2.1,0.0,14.6,0.0,16.7,60.0,113.0,2011,Andy Rautins-2011,0.0,Not Selected,Guard,NYK,0.03414634146341464
2010-11,Michael Redd,reddmi01,SG,31,MIL,10,0,134,7.2,18.0,0.4,1.6,6.8,0.235,5.6,11.2,0.5,1.6,1.6,1.0,0.0,3.2,3.2,4.8,0.8,0.4,1.6,1.6,17.6,99.0,108.0,2011,Michael Redd-2011,0.0,Not Selected,Guard,MIL,0.028455284552845527
2010-11,J.J. Redick,redicjj01,SG,26,ORL,59,5,1513,6.9,15.5,0.441,3.0,7.6,0.397,3.8,7.9,0.48200000000000004,3.9,4.5,0.875,0.2,3.7,3.9,3.5,1.0,0.1,1.8,2.8,20.6,117.0,106.0,2011,J.J. Redick-2011,0.0,Not Selected,Guard,ORL,0.04227642276422764
2010-11,Jason Richardson,richaja01,SG,30,TOT,80,80,2715,9.1,20.3,0.447,3.6,9.2,0.395,5.4,11.1,0.49,2.2,3.1,0.73,1.3,5.1,6.3,2.8,1.8,0.2,1.8,3.1,24.0,110.0,106.0,2011,Jason Richardson-2011,0.0,Not Selected,Guard,TOT,0.03333333333333333
2010-11,Quentin Richardson,richaqu01,SF,30,ORL,57,19,955,4.8,14.0,0.341,2.3,8.0,0.28800000000000003,2.5,6.0,0.413,1.8,2.4,0.75,2.1,7.7,9.8,2.1,1.4,0.3,1.8,4.1,13.7,97.0,103.0,2011,Quentin Richardson-2011,0.0,Not Selected,Forward,ORL,0.04227642276422764
2010-11,Luke Ridnour,ridnolu01,PG,29,MIN,71,66,2159,7.4,15.7,0.46799999999999997,1.9,4.2,0.44,5.5,11.5,0.479,2.8,3.2,0.883,0.9,3.7,4.6,8.9,2.1,0.2,3.6,3.4,19.4,112.0,113.0,2011,Luke Ridnour-2011,0.0,Not Selected,Guard,MIN,0.013821138211382113
2010-11,Nate Robinson,robinna01,PG,26,TOT,59,11,1013,7.9,19.7,0.39899999999999997,3.4,10.5,0.325,4.5,9.2,0.483,1.9,2.3,0.818,0.8,3.9,4.7,5.8,1.5,0.2,3.6,6.0,21.0,96.0,104.0,2011,Nate Robinson-2011,0.0,Not Selected,Guard,TOT,0.03333333333333333
2010-11,Rajon Rondo,rondora01,PG,24,BOS,68,68,2527,6.7,14.1,0.475,0.2,0.9,0.233,6.5,13.2,0.491,1.6,2.8,0.568,1.8,4.4,6.2,16.0,3.2,0.2,4.9,2.5,15.2,104.0,100.0,2011,Rajon Rondo-2011,0.0,Not Selected,Guard,BOS,0.04552845528455285
2010-11,Derrick Rose,rosede01,PG,22,CHI,81,81,3026,12.5,28.0,0.445,2.2,6.8,0.332,10.2,21.3,0.48100000000000004,8.4,9.7,0.858,1.4,4.4,5.8,10.9,1.5,0.9,4.9,2.4,35.6,113.0,103.0,2011,Derrick Rose-2011,1.0,1st,Guard,CHI,0.05040650406504065
2010-11,Quinton Ross,rossqu01,SF,29,NJN,36,4,353,3.9,8.9,0.441,0.0,0.5,0.0,3.9,8.5,0.46399999999999997,0.8,2.1,0.35700000000000004,1.5,3.0,4.5,1.5,0.5,0.9,1.1,6.1,8.6,92.0,114.0,2011,Quinton Ross-2011,0.0,Not Selected,Forward,BRK,0.01951219512195122
2010-11,Brandon Roy,roybr01,SG,26,POR,47,23,1310,8.7,21.8,0.4,1.6,4.8,0.33299999999999996,7.1,17.0,0.418,4.9,5.8,0.848,1.2,3.9,5.0,5.4,1.5,0.5,2.3,3.2,23.9,105.0,110.0,2011,Brandon Roy-2011,0.0,Not Selected,Guard,POR,0.03902439024390244
2010-11,Brandon Rush,rushbr01,SG,25,IND,67,21,1754,6.3,14.9,0.42100000000000004,2.7,6.4,0.41700000000000004,3.6,8.4,0.425,2.3,3.1,0.755,1.0,5.3,6.3,1.8,1.2,1.0,2.0,3.1,17.5,104.0,108.0,2011,Brandon Rush-2011,0.0,Not Selected,Guard,IND,0.03008130081300813
2010-11,John Salmons,salmojo01,SG,31,MIL,73,70,2554,7.8,18.8,0.415,1.7,4.6,0.379,6.1,14.2,0.42700000000000005,4.1,5.0,0.813,0.6,5.0,5.6,5.3,1.5,0.6,2.9,3.3,21.4,101.0,105.0,2011,John Salmons-2011,0.0,Not Selected,Guard,MIL,0.028455284552845527
2010-11,Samardo Samuels,samuesa01,PF,22,CLE,37,10,701,8.1,17.7,0.456,0.0,0.2,0.0,8.1,17.5,0.462,5.0,8.1,0.618,5.5,6.1,11.6,1.3,1.1,1.3,3.9,6.5,21.2,96.0,112.0,2011,Samardo Samuels-2011,0.0,Not Selected,Forward,CLE,0.015447154471544716
2010-11,Larry Sanders,sandela01,C,22,MIL,60,12,872,7.1,16.4,0.433,0.0,0.0,0.0,7.1,16.4,0.433,1.7,3.1,0.56,3.6,7.3,10.9,1.0,1.3,4.4,2.3,7.2,15.9,91.0,99.0,2011,Larry Sanders-2011,0.0,Not Selected,Center,MIL,0.028455284552845527
2010-11,Brian Scalabrine,scalabr01,PF,32,CHI,18,0,88,6.0,11.5,0.526,0.0,3.0,0.0,6.0,8.5,0.7140000000000001,0.0,0.0,0.0,0.6,4.2,4.8,3.6,1.8,2.4,3.0,10.9,12.1,93.0,100.0,2011,Brian Scalabrine-2011,0.0,Not Selected,Forward,CHI,0.05040650406504065
2010-11,Luis Scola,scolalu01,PF,30,HOU,74,74,2412,12.0,23.9,0.504,0.0,0.1,0.0,12.0,23.8,0.505,4.5,6.1,0.738,3.1,9.7,12.8,3.9,1.0,0.9,3.1,4.8,28.6,108.0,108.0,2011,Luis Scola-2011,0.0,Not Selected,Forward,HOU,0.034959349593495934
2010-11,Thabo Sefolosha,sefolth01,SG,26,OKC,79,79,2049,4.0,8.4,0.47100000000000003,0.7,2.6,0.275,3.3,5.8,0.5579999999999999,1.5,2.0,0.747,1.6,7.1,8.7,2.8,2.5,1.0,1.4,4.3,10.1,112.0,106.0,2011,Thabo Sefolosha-2011,0.0,Not Selected,Guard,OKC,0.044715447154471545
2010-11,Kevin Séraphin,serapke01,PF,21,WAS,58,1,635,5.3,11.8,0.449,0.0,0.0,0.0,5.3,11.8,0.449,1.8,2.5,0.71,6.4,5.8,12.2,0.8,1.4,2.3,3.4,10.2,12.4,95.0,110.0,2011,Kevin Séraphin-2011,0.0,Not Selected,Forward,WAS,0.01869918699186992
2010-11,Ramon Sessions,sessira01,PG,24,CLE,81,38,2133,8.8,18.8,0.466,0.1,0.4,0.2,8.7,18.4,0.47200000000000003,8.4,10.2,0.823,1.1,5.1,6.2,10.1,1.5,0.2,4.3,2.2,26.0,110.0,114.0,2011,Ramon Sessions-2011,0.0,Not Selected,Guard,CLE,0.015447154471544716
2010-11,Mustafa Shakur,shakumu01,PG,26,WAS,22,0,159,6.8,19.0,0.35600000000000004,0.3,3.2,0.1,6.4,15.8,0.408,2.6,4.8,0.5329999999999999,2.3,4.8,7.1,8.0,1.6,1.0,5.8,4.8,16.4,79.0,112.0,2011,Mustafa Shakur-2011,0.0,Not Selected,Guard,WAS,0.01869918699186992
2010-11,Garret Siler,silerga01,C,24,PHO,21,0,101,8.6,15.6,0.5479999999999999,0.0,0.0,0.0,8.6,15.6,0.5479999999999999,5.5,11.1,0.5,8.1,6.0,14.1,1.5,0.5,2.0,5.0,10.1,22.7,103.0,111.0,2011,Garret Siler-2011,0.0,Not Selected,Center,PHO,0.032520325203252036
2010-11,Bobby Simmons,simmobo01,SF,30,SAS,2,0,16,0.0,9.8,0.0,0.0,9.8,0.0,0.0,0.0,0.0,0.0,0.0,0.0,0.0,0.0,0.0,6.5,0.0,0.0,0.0,6.5,0.0,40.0,114.0,2011,Bobby Simmons-2011,0.0,Not Selected,Forward,SAS,0.04959349593495935
2010-11,Brian Skinner,skinnbr01,C,34,MIL,2,0,6,0.0,0.0,0.0,0.0,0.0,0.0,0.0,0.0,0.0,0.0,0.0,0.0,0.0,0.0,0.0,0.0,0.0,0.0,0.0,0.0,0.0,0.0,112.0,2011,Brian Skinner-2011,0.0,Not Selected,Center,MIL,0.028455284552845527
2010-11,Craig Smith,smithcr01,PF,27,LAC,48,0,586,9.2,16.6,0.5529999999999999,0.0,0.4,0.0,9.2,16.1,0.568,4.4,6.0,0.735,3.8,6.5,10.3,2.7,1.4,0.6,2.9,7.4,22.8,114.0,109.0,2011,Craig Smith-2011,0.0,Not Selected,Forward,LAC,0.026016260162601626
2010-11,Ish Smith,smithis01,PG,22,TOT,43,3,442,5.0,13.3,0.374,0.3,1.2,0.3,4.6,12.2,0.381,1.4,2.4,0.5710000000000001,0.8,4.6,5.5,9.2,2.1,0.2,3.9,4.3,11.7,88.0,109.0,2011,Ish Smith-2011,0.0,Not Selected,Guard,TOT,0.03333333333333333
2010-11,J.R. Smith,smithjr01,SF,25,DEN,79,6,1968,8.7,20.0,0.435,3.2,8.1,0.39,5.5,11.9,0.466,4.2,5.6,0.738,1.1,7.1,8.2,4.5,2.3,0.4,2.6,4.4,24.7,109.0,106.0,2011,J.R. Smith-2011,0.0,Not Selected,Forward,DEN,0.04065040650406504
2010-11,Jason Smith,smithja02,C,24,NOH,77,6,1102,6.7,15.1,0.44299999999999995,0.0,0.1,0.0,6.7,15.0,0.446,2.9,3.4,0.843,4.4,7.5,11.8,1.8,1.3,1.6,2.6,7.4,16.3,100.0,105.0,2011,Jason Smith-2011,0.0,Not Selected,Center,NOP,0.03739837398373984
2010-11,Joe Smith,smithjo02,PF,35,TOT,16,3,69,2.3,12.3,0.188,0.0,0.0,0.0,2.3,12.3,0.188,1.5,1.5,1.0,2.3,13.8,16.2,3.1,0.0,3.1,3.8,10.0,6.2,57.0,102.0,2011,Joe Smith-2011,0.0,Not Selected,Forward,TOT,0.03333333333333333
2010-11,Josh Smith,smithjo03,PF,25,ATL,77,77,2645,10.1,21.1,0.47700000000000004,1.0,3.1,0.331,9.1,18.0,0.503,4.7,6.4,0.725,2.7,10.6,13.3,5.2,2.0,2.4,4.0,4.4,25.9,104.0,102.0,2011,Josh Smith-2011,0.0,Not Selected,Forward,ATL,0.03577235772357724
2010-11,Darius Songaila,songada01,C,32,PHI,10,0,71,5.2,11.1,0.467,0.0,0.0,0.0,5.2,11.1,0.467,1.5,2.9,0.5,1.5,5.9,7.4,1.5,0.0,0.0,2.9,11.8,11.8,85.0,110.0,2011,Darius Songaila-2011,0.0,Not Selected,Center,PHI,0.03333333333333333
2010-11,Marreese Speights,speigma01,C,23,PHI,64,1,734,10.3,20.8,0.495,0.1,0.3,0.25,10.2,20.5,0.498,3.9,5.2,0.753,4.6,10.4,15.0,2.1,0.6,1.4,2.9,8.6,24.5,105.0,104.0,2011,Marreese Speights-2011,0.0,Not Selected,Center,PHI,0.03333333333333333
2010-11,Tiago Splitter,splitti01,C,26,SAS,60,6,738,7.1,13.5,0.529,0.0,0.1,0.0,7.1,13.4,0.532,5.4,9.9,0.5429999999999999,5.1,9.1,14.2,1.8,2.0,1.2,2.3,6.4,19.6,113.0,103.0,2011,Tiago Splitter-2011,0.0,Not Selected,Center,SAS,0.04959349593495935
2010-11,Jerry Stackhouse,stackje01,SG,36,MIA,7,1,50,3.2,12.7,0.25,1.1,4.2,0.25,2.1,8.4,0.25,5.3,7.4,0.7140000000000001,1.1,6.3,7.4,3.2,0.0,2.1,2.1,3.2,12.7,88.0,106.0,2011,Jerry Stackhouse-2011,0.0,Not Selected,Guard,MIA,0.04715447154471545
2010-11,Lance Stephenson,stephla01,SG,20,IND,12,0,115,5.7,17.2,0.33299999999999996,0.0,2.2,0.0,5.7,15.0,0.382,4.8,6.2,0.7859999999999999,0.4,7.5,7.9,9.3,1.8,0.0,7.1,6.2,16.3,78.0,106.0,2011,Lance Stephenson-2011,0.0,Not Selected,Guard,IND,0.03008130081300813
2010-11,DeShawn Stevenson,stevede01,SG,29,DAL,72,54,1158,5.8,15.0,0.38799999999999996,4.3,11.3,0.37799999999999995,1.5,3.7,0.42,1.5,2.0,0.767,0.9,3.9,4.8,3.5,1.0,0.2,2.0,3.2,17.4,106.0,109.0,2011,DeShawn Stevenson-2011,0.0,Not Selected,Guard,DAL,0.046341463414634146
2010-11,Peja Stojaković,stojape01,SF,33,TOT,33,13,617,8.6,19.4,0.441,4.9,11.6,0.419,3.7,7.8,0.473,2.0,2.1,0.92,1.2,5.2,6.4,2.5,1.1,0.2,1.5,2.1,23.9,115.0,108.0,2011,Peja Stojaković-2011,0.0,Not Selected,Forward,TOT,0.03333333333333333
2010-11,Amar'e Stoudemire,stoudam01,C,28,NYK,78,78,2870,13.0,25.9,0.502,0.2,0.4,0.435,12.8,25.5,0.503,8.3,10.4,0.792,3.5,7.7,11.1,3.5,1.2,2.6,4.4,4.8,34.5,109.0,108.0,2011,Amar'e Stoudemire-2011,2.0,2nd,Center,NYK,0.03414634146341464
2010-11,Rodney Stuckey,stuckro01,PG,24,DET,70,54,2183,9.0,20.4,0.439,0.6,2.2,0.289,8.3,18.2,0.457,8.1,9.4,0.866,1.7,3.6,5.3,8.9,1.9,0.2,3.8,4.4,26.7,112.0,114.0,2011,Rodney Stuckey-2011,0.0,Not Selected,Guard,DET,0.024390243902439025
2010-11,DaJuan Summers,summeda01,SF,23,DET,22,1,199,7.6,18.7,0.406,2.4,5.7,0.429,5.1,13.0,0.396,2.4,5.4,0.45,0.5,2.7,3.2,0.5,0.8,0.3,3.5,5.7,20.0,84.0,116.0,2011,DaJuan Summers-2011,0.0,Not Selected,Forward,DET,0.024390243902439025
2010-11,Pape Sy,sypa01,SF,22,ATL,3,0,21,5.1,15.4,0.33299999999999996,0.0,2.6,0.0,5.1,12.8,0.4,7.7,7.7,1.0,5.1,2.6,7.7,5.1,2.6,0.0,7.7,2.6,17.9,86.0,108.0,2011,Pape Sy-2011,0.0,Not Selected,Forward,ATL,0.03577235772357724
2010-11,Jermaine Taylor,tayloje02,SG,24,TOT,34,8,483,9.8,20.5,0.48,1.5,4.7,0.311,8.4,15.8,0.53,2.2,2.9,0.75,2.7,3.8,6.5,3.3,1.5,0.5,4.8,4.1,23.3,97.0,111.0,2011,Jermaine Taylor-2011,0.0,Not Selected,Guard,TOT,0.03333333333333333
2010-11,Jeff Teague,teaguje01,PG,22,ATL,70,7,963,7.4,17.0,0.43799999999999994,1.0,2.7,0.375,6.4,14.3,0.449,4.3,5.4,0.794,0.6,5.1,5.7,7.7,2.5,1.4,3.6,4.6,20.1,102.0,105.0,2011,Jeff Teague-2011,0.0,Not Selected,Guard,ATL,0.03577235772357724
2010-11,Sebastian Telfair,telfase01,PG,25,MIN,37,8,711,6.8,16.9,0.402,2.0,5.5,0.359,4.8,11.4,0.423,3.1,4.2,0.733,1.2,2.6,3.8,7.8,1.7,0.2,4.5,4.5,18.6,98.0,114.0,2011,Sebastian Telfair-2011,0.0,Not Selected,Guard,MIN,0.013821138211382113
2010-11,Garrett Temple,templga01,PG-SG,24,TOT,24,0,230,4.6,15.8,0.294,2.3,8.6,0.27,2.3,7.2,0.32299999999999995,1.6,3.9,0.41200000000000003,0.2,5.1,5.3,7.4,2.6,1.4,5.3,5.6,13.2,73.0,104.0,2011,Garrett Temple-2011,0.0,Not Selected,Guard,TOT,0.03333333333333333
2010-11,Jason Terry,terryja01,SG,33,DAL,82,10,2564,10.1,22.4,0.451,2.6,7.2,0.36200000000000004,7.5,15.2,0.493,3.7,4.4,0.85,0.5,2.6,3.1,6.8,1.9,0.3,3.4,2.9,26.5,106.0,108.0,2011,Jason Terry-2011,0.0,Not Selected,Guard,DAL,0.046341463414634146
2010-11,Hasheem Thabeet,thabeha01,C,23,TOT,47,0,373,2.4,5.6,0.425,0.0,0.0,0.0,2.4,5.6,0.425,2.7,4.9,0.5429999999999999,3.4,7.1,10.5,0.6,1.3,2.2,2.4,10.6,7.4,91.0,105.0,2011,Hasheem Thabeet-2011,0.0,Not Selected,Center,TOT,0.03333333333333333
2010-11,Etan Thomas,thomaet01,C,32,ATL,13,0,82,6.6,13.8,0.47600000000000003,0.0,0.0,0.0,6.6,13.8,0.47600000000000003,7.9,9.8,0.8,3.9,11.1,15.1,1.3,0.7,2.6,3.3,7.2,21.0,110.0,104.0,2011,Etan Thomas-2011,0.0,Not Selected,Center,ATL,0.03577235772357724
2010-11,Kurt Thomas,thomaku01,PF,38,CHI,52,37,1178,4.3,8.4,0.511,0.0,0.0,1.0,4.2,8.3,0.508,0.9,1.4,0.625,3.4,10.2,13.6,2.7,1.4,1.9,1.9,7.4,9.5,108.0,98.0,2011,Kurt Thomas-2011,0.0,Not Selected,Forward,CHI,0.05040650406504065
2010-11,Tyrus Thomas,thomaty01,C,24,CHA,41,2,861,9.7,20.6,0.47100000000000003,0.0,0.2,0.0,9.7,20.4,0.47600000000000003,6.7,8.5,0.787,4.0,9.9,13.9,1.8,1.9,4.1,4.0,7.0,26.1,102.0,102.0,2011,Tyrus Thomas-2011,0.0,Not Selected,Center,CHO,0.027642276422764227
2010-11,Jason Thompson,thompja02,PF,24,SAC,75,39,1748,7.8,15.4,0.507,0.0,0.1,0.0,7.8,15.3,0.51,3.5,5.8,0.605,4.2,8.9,13.1,2.5,0.8,1.3,2.9,6.1,19.1,106.0,109.0,2011,Jason Thompson-2011,0.0,Not Selected,Forward,SAC,0.01951219512195122
2010-11,Al Thornton,thornal01,SF-PF,27,TOT,71,23,1383,7.6,15.9,0.47600000000000003,0.1,1.0,0.154,7.4,14.9,0.496,4.1,5.2,0.775,2.1,5.8,7.9,2.3,1.3,0.4,2.4,5.3,19.3,105.0,112.0,2011,Al Thornton-2011,0.0,Not Selected,Forward,TOT,0.03333333333333333
2010-11,Marcus Thornton,thornma01,SG,23,TOT,73,23,1775,10.2,23.6,0.434,2.6,7.0,0.36700000000000005,7.7,16.6,0.462,4.2,5.4,0.7879999999999999,1.8,5.8,7.5,3.9,1.9,0.3,2.7,3.2,27.3,106.0,108.0,2011,Marcus Thornton-2011,0.0,Not Selected,Guard,TOT,0.03333333333333333
2010-11,Anthony Tolliver,tollian01,SF,25,MIN,65,4,1362,5.2,11.4,0.45,1.7,4.2,0.409,3.4,7.2,0.475,3.8,4.8,0.802,3.4,7.4,10.8,3.0,1.0,1.0,1.8,5.3,15.9,122.0,112.0,2011,Anthony Tolliver-2011,0.0,Not Selected,Forward,MIN,0.013821138211382113
2010-11,Ronny Turiaf,turiaro01,C,28,NYK,64,21,1141,4.5,7.2,0.632,0.0,0.0,0.0,4.5,7.2,0.632,2.7,4.3,0.622,2.8,6.3,9.1,4.0,1.5,3.2,1.8,7.0,11.8,127.0,108.0,2011,Ronny Turiaf-2011,0.0,Not Selected,Center,NYK,0.03414634146341464
2010-11,Hedo Türkoğlu,turkohe01,SF-PF,31,TOT,81,72,2540,6.6,14.8,0.446,2.6,6.4,0.41,4.0,8.5,0.473,2.2,3.2,0.679,0.9,6.4,7.3,7.0,1.5,0.7,2.7,5.1,18.0,112.0,105.0,2011,Hedo Türkoğlu-2011,0.0,Not Selected,Forward,TOT,0.03333333333333333
2010-11,Evan Turner,turneev01,SG,22,PHI,78,14,1797,6.6,15.4,0.425,0.4,1.3,0.318,6.1,14.1,0.435,2.9,3.6,0.8079999999999999,1.2,7.7,8.9,4.6,1.4,0.4,2.3,4.0,16.5,99.0,106.0,2011,Evan Turner-2011,0.0,Not Selected,Guard,PHI,0.03333333333333333
2010-11,Ekpe Udoh,udohek01,C,23,GSW,58,18,1030,4.8,10.9,0.43700000000000006,0.0,0.0,0.0,4.8,10.9,0.43700000000000006,2.1,3.1,0.6559999999999999,3.9,5.0,8.9,2.0,1.1,4.2,2.4,7.1,11.6,98.0,110.0,2011,Ekpe Udoh-2011,0.0,Not Selected,Center,GSW,0.02926829268292683
2010-11,Ime Udoka,udokaim01,SF,33,SAS,20,0,130,2.0,8.4,0.23800000000000002,0.0,3.2,0.0,2.0,5.2,0.385,1.6,3.2,0.5,2.0,5.6,7.6,5.2,3.2,0.4,2.0,5.6,5.6,80.0,104.0,2011,Ime Udoka-2011,0.0,Not Selected,Forward,SAS,0.04959349593495935
2010-11,Beno Udrih,udrihbe01,PG,28,SAC,79,64,2734,7.6,15.2,0.5,1.2,3.4,0.35700000000000004,6.4,11.8,0.54,3.6,4.2,0.8640000000000001,0.8,4.1,4.9,7.1,1.7,0.2,2.6,3.3,20.0,118.0,111.0,2011,Beno Udrih-2011,0.0,Not Selected,Guard,SAC,0.01951219512195122
2010-11,Ben Uzoh,uzohbe01,PG,22,NJN,42,0,438,7.4,17.6,0.424,0.4,1.0,0.375,7.1,16.6,0.426,4.0,6.8,0.589,3.7,3.8,7.4,8.4,1.6,1.0,3.0,3.5,19.3,103.0,111.0,2011,Ben Uzoh-2011,0.0,Not Selected,Guard,BRK,0.01951219512195122
2010-11,Anderson Varejão,varejan01,C,28,CLE,31,31,994,5.9,11.2,0.528,0.0,0.1,0.0,5.9,11.1,0.5329999999999999,2.8,4.2,0.667,5.1,10.5,15.6,2.3,1.4,2.0,2.1,4.5,14.6,114.0,108.0,2011,Anderson Varejão-2011,0.0,Not Selected,Center,CLE,0.015447154471544716
2010-11,Greivis Vásquez,vasqugr01,SG,24,MEM,70,1,860,5.8,14.2,0.408,1.5,5.2,0.29100000000000004,4.3,8.9,0.47600000000000003,2.1,2.7,0.773,0.7,3.7,4.4,9.2,1.3,0.2,4.3,5.0,15.1,97.0,109.0,2011,Greivis Vásquez-2011,0.0,Not Selected,Guard,MEM,0.03739837398373984
2010-11,Charlie Villanueva,villach01,PF,26,DET,76,11,1666,10.1,22.9,0.442,4.0,10.4,0.387,6.1,12.4,0.488,2.9,3.7,0.767,1.6,7.9,9.5,1.6,1.4,1.4,2.1,5.7,27.1,109.0,111.0,2011,Charlie Villanueva-2011,0.0,Not Selected,Forward,DET,0.024390243902439025
2010-11,Sasha Vujačić,vujacsa01,SG,26,TOT,67,17,1648,7.7,19.3,0.402,3.1,8.5,0.37,4.6,10.8,0.426,2.6,3.1,0.8440000000000001,1.0,5.1,6.0,4.3,1.7,0.2,2.1,4.4,21.2,104.0,111.0,2011,Sasha Vujačić-2011,0.0,Not Selected,Guard,TOT,0.03333333333333333
2010-11,Dwyane Wade,wadedw01,SG,29,MIA,76,76,2823,12.9,25.9,0.5,1.2,3.9,0.306,11.8,22.0,0.534,9.2,12.2,0.758,2.3,6.8,9.1,6.5,2.1,1.6,4.4,3.7,36.3,114.0,102.0,2011,Dwyane Wade-2011,2.0,2nd,Guard,MIA,0.04715447154471545
2010-11,Von Wafer,wafervo01,SG,25,BOS,58,2,553,6.4,15.3,0.42100000000000004,1.7,6.4,0.26899999999999996,4.7,8.8,0.5329999999999999,3.1,3.6,0.8420000000000001,0.7,4.0,4.7,3.4,1.7,0.5,1.9,3.7,17.7,102.0,103.0,2011,Von Wafer-2011,0.0,Not Selected,Guard,BOS,0.04552845528455285
2010-11,Henry Walker,walkebi01,SG,23,NYK,61,1,784,6.7,15.1,0.441,3.8,9.8,0.386,2.9,5.3,0.542,2.0,2.8,0.705,1.0,6.8,7.8,2.2,1.3,0.4,2.4,5.2,19.1,108.0,111.0,2011,Henry Walker-2011,0.0,Not Selected,Guard,NYK,0.03414634146341464
2010-11,John Wall,walljo01,PG,20,WAS,69,64,2606,7.8,19.1,0.409,0.7,2.3,0.29600000000000004,7.1,16.8,0.425,5.9,7.7,0.7659999999999999,0.7,5.5,6.2,11.3,2.4,0.7,5.1,3.4,22.2,100.0,110.0,2011,John Wall-2011,0.0,Not Selected,Guard,WAS,0.01869918699186992
2010-11,Ben Wallace,wallabe01,C,36,DET,54,49,1238,2.9,6.5,0.45,0.0,0.1,0.5,2.9,6.4,0.449,0.8,2.5,0.33299999999999996,5.6,9.6,15.2,3.1,2.3,2.3,1.9,3.5,6.7,105.0,107.0,2011,Ben Wallace-2011,0.0,Not Selected,Center,DET,0.024390243902439025
2010-11,Gerald Wallace,wallage01,SF-PF,28,TOT,71,63,2693,7.7,17.0,0.45399999999999996,1.2,3.7,0.33299999999999996,6.5,13.3,0.48700000000000004,5.6,7.5,0.746,2.2,9.2,11.4,3.5,2.1,1.3,3.0,3.7,22.3,107.0,105.0,2011,Gerald Wallace-2011,0.0,Not Selected,Forward,TOT,0.03333333333333333
2010-11,Luke Walton,waltolu01,SF,30,LAL,54,0,484,4.2,12.7,0.32799999999999996,0.9,3.7,0.235,3.3,9.0,0.366,0.8,1.1,0.7,1.0,6.3,7.3,6.8,1.0,0.4,3.4,4.2,9.9,83.0,107.0,2011,Luke Walton-2011,0.0,Not Selected,Forward,LAL,0.046341463414634146
2010-11,Willie Warren,warrewi01,PG,21,LAC,19,0,134,5.0,13.5,0.371,1.9,5.8,0.33299999999999996,3.1,7.7,0.4,2.3,3.1,0.75,0.4,4.2,4.6,10.4,2.3,0.0,3.1,6.2,14.3,105.0,110.0,2011,Willie Warren-2011,0.0,Not Selected,Guard,LAC,0.026016260162601626
2010-11,Hakim Warrick,warriha01,PF,28,PHO,80,6,1416,8.2,16.0,0.511,0.0,0.4,0.091,8.2,15.6,0.522,7.6,10.6,0.721,3.2,7.5,10.6,2.5,1.1,0.3,2.8,3.6,24.0,113.0,111.0,2011,Hakim Warrick-2011,0.0,Not Selected,Forward,PHO,0.032520325203252036
2010-11,C.J. Watson,watsocj01,PG,26,CHI,82,1,1091,7.1,19.2,0.371,2.1,5.5,0.39299999999999996,5.0,13.7,0.36200000000000004,3.4,4.5,0.742,0.8,3.8,4.6,9.1,2.7,0.5,3.6,4.0,19.7,100.0,101.0,2011,C.J. Watson-2011,0.0,Not Selected,Guard,CHI,0.05040650406504065
2010-11,Earl Watson,watsoea01,PG,31,UTA,80,13,1567,4.2,10.3,0.41,1.2,3.6,0.336,3.0,6.7,0.45,1.9,2.8,0.6709999999999999,1.7,4.4,6.1,9.4,2.1,0.6,3.9,4.9,11.5,100.0,112.0,2011,Earl Watson-2011,0.0,Not Selected,Guard,UTA,0.03170731707317073
2010-11,Kyle Weaver,weaveky01,SG,24,UTA,5,0,69,6.9,19.1,0.36,2.3,5.3,0.429,4.6,13.8,0.33299999999999996,5.3,6.1,0.875,1.5,6.1,7.6,5.3,1.5,1.5,5.3,2.3,21.4,92.0,111.0,2011,Kyle Weaver-2011,0.0,Not Selected,Guard,UTA,0.03170731707317073
2010-11,Martell Webster,webstma02,SF,24,MIN,46,1,1094,6.9,15.5,0.447,2.5,6.0,0.41700000000000004,4.4,9.5,0.466,4.3,5.5,0.77,1.6,5.0,6.7,2.4,1.3,0.4,2.6,4.6,20.6,111.0,113.0,2011,Martell Webster-2011,0.0,Not Selected,Forward,MIN,0.013821138211382113
2010-11,Sonny Weems,weemsso01,SF,24,TOR,59,28,1413,8.3,18.8,0.444,0.6,2.2,0.27899999999999997,7.7,16.5,0.467,2.6,3.4,0.7659999999999999,1.4,4.2,5.6,3.8,1.2,0.1,3.1,3.2,19.9,96.0,116.0,2011,Sonny Weems-2011,0.0,Not Selected,Forward,TOR,0.01788617886178862
2010-11,David West,westda01,PF,30,NOH,70,70,2451,11.7,23.0,0.508,0.0,0.2,0.222,11.6,22.8,0.51,5.8,7.2,0.807,3.4,8.3,11.7,3.6,1.5,1.4,3.1,4.5,29.2,111.0,104.0,2011,David West-2011,0.0,Not Selected,Forward,NOP,0.03739837398373984
2010-11,Delonte West,westde01,PG,27,BOS,24,2,453,6.4,14.1,0.45799999999999996,1.4,3.9,0.364,5.0,10.2,0.494,1.5,1.8,0.867,0.7,3.6,4.3,7.5,2.3,1.2,3.5,3.4,15.8,100.0,101.0,2011,Delonte West-2011,0.0,Not Selected,Guard,BOS,0.04552845528455285
2010-11,Mario West,westma02,SG,26,NJN,6,3,116,4.1,9.7,0.429,0.5,1.8,0.25,3.7,7.8,0.47100000000000003,1.4,2.3,0.6,0.9,4.1,5.1,4.6,3.2,0.0,0.9,6.0,10.1,107.0,108.0,2011,Mario West-2011,0.0,Not Selected,Guard,BRK,0.01951219512195122
2010-11,Russell Westbrook,westbru01,PG,22,OKC,82,82,2847,11.2,25.3,0.442,0.6,1.9,0.33,10.5,23.4,0.451,9.7,11.5,0.8420000000000001,2.2,4.7,6.9,12.2,2.8,0.5,5.7,3.8,32.6,110.0,107.0,2011,Russell Westbrook-2011,2.0,2nd,Guard,OKC,0.044715447154471545
2010-11,D.J. White,whitedj01,C-PF,24,TOT,47,0,685,8.6,16.9,0.507,0.0,0.2,0.0,8.6,16.8,0.512,3.6,4.9,0.7190000000000001,3.3,8.9,12.2,1.5,0.9,1.5,1.1,6.0,20.7,114.0,107.0,2011,D.J. White-2011,0.0,Not Selected,Forward,TOT,0.03333333333333333
2010-11,Hassan Whiteside,whiteha01,C,21,SAC,1,0,2,0.0,0.0,0.0,0.0,0.0,0.0,0.0,0.0,0.0,0.0,0.0,0.0,0.0,0.0,0.0,0.0,0.0,0.0,0.0,50.4,0.0,0.0,115.0,2011,Hassan Whiteside-2011,0.0,Not Selected,Center,SAC,0.01951219512195122
2010-11,Chris Wilcox,wilcoch01,PF,28,DET,57,29,995,10.1,17.4,0.581,0.0,0.1,0.0,10.1,17.4,0.583,2.7,4.8,0.562,5.1,9.5,14.7,2.3,1.6,0.9,2.3,7.8,22.9,116.0,110.0,2011,Chris Wilcox-2011,0.0,Not Selected,Forward,DET,0.024390243902439025
2010-11,Damien Wilkins,wilkida02,SF,31,ATL,52,0,676,5.5,10.9,0.504,0.2,0.8,0.2,5.3,10.1,0.528,3.2,4.5,0.7140000000000001,1.8,5.3,7.2,3.3,2.1,0.7,1.7,5.7,14.3,112.0,107.0,2011,Damien Wilkins-2011,0.0,Not Selected,Forward,ATL,0.03577235772357724
2010-11,Deron Williams,willide01,PG,26,TOT,65,65,2465,9.2,20.9,0.439,2.3,6.8,0.331,6.9,14.1,0.491,7.5,8.8,0.845,0.9,4.7,5.6,14.3,1.7,0.3,4.9,4.1,28.1,114.0,112.0,2011,Deron Williams-2011,0.0,Not Selected,Guard,TOT,0.03333333333333333
2010-11,Jason Williams,willija02,PG,35,TOT,27,0,295,3.9,11.9,0.32799999999999996,1.8,6.8,0.263,2.1,5.2,0.414,0.0,0.0,0.0,0.5,4.8,5.3,9.2,2.0,0.2,3.2,1.4,9.6,91.0,105.0,2011,Jason Williams-2011,0.0,Not Selected,Guard,TOT,0.03333333333333333
2010-11,Jawad Williams,willija04,SF,27,CLE,26,1,391,5.4,16.6,0.325,1.7,5.9,0.289,3.7,10.7,0.34600000000000003,1.2,1.6,0.75,0.9,5.4,6.3,2.9,1.2,0.4,2.1,4.5,13.7,82.0,114.0,2011,Jawad Williams-2011,0.0,Not Selected,Forward,CLE,0.015447154471544716
2010-11,Lou Williams,willilo02,SG,24,PHI,75,0,1747,9.7,23.8,0.406,2.6,7.6,0.348,7.0,16.2,0.434,8.8,10.7,0.823,1.0,3.5,4.5,7.6,1.4,0.5,3.1,3.8,30.8,111.0,108.0,2011,Lou Williams-2011,0.0,Not Selected,Guard,PHI,0.03333333333333333
2010-11,Marvin Williams,willima02,SF,24,ATL,65,52,1865,7.1,15.5,0.45799999999999996,1.1,3.2,0.336,6.0,12.3,0.489,4.2,5.0,0.845,2.0,7.1,9.0,2.5,1.0,0.7,1.8,3.0,19.5,111.0,108.0,2011,Marvin Williams-2011,0.0,Not Selected,Forward,ATL,0.03577235772357724
2010-11,Mo Williams,willima01,PG,28,TOT,58,56,1788,8.4,21.1,0.39899999999999997,2.3,7.0,0.324,6.1,14.0,0.436,4.4,5.1,0.853,0.6,3.8,4.4,11.0,1.5,0.3,4.9,4.3,23.4,100.0,113.0,2011,Mo Williams-2011,0.0,Not Selected,Guard,TOT,0.03333333333333333
2010-11,Reggie Williams,willire02,SF,24,GSW,80,9,1626,8.3,17.8,0.469,3.2,7.5,0.423,5.2,10.3,0.502,3.1,4.2,0.746,1.4,5.3,6.7,3.8,0.9,0.1,1.8,3.9,23.0,118.0,114.0,2011,Reggie Williams-2011,0.0,Not Selected,Forward,GSW,0.02926829268292683
2010-11,Shawne Williams,willish03,PF,24,NYK,64,11,1323,6.2,14.6,0.426,3.2,8.0,0.401,3.0,6.6,0.457,1.6,1.9,0.8370000000000001,2.3,6.8,9.1,1.8,1.5,1.9,1.7,6.2,17.2,111.0,109.0,2011,Shawne Williams-2011,0.0,Not Selected,Forward,NYK,0.03414634146341464
2010-11,Shelden Williams,willish02,PF,27,TOT,59,38,911,5.7,12.1,0.46799999999999997,0.0,0.0,0.0,5.7,12.1,0.46799999999999997,3.2,4.1,0.773,5.1,9.9,15.0,1.8,1.3,1.4,2.4,6.9,14.6,109.0,106.0,2011,Shelden Williams-2011,0.0,Not Selected,Forward,TOT,0.03333333333333333
2010-11,Terrence Williams,willite01,SG,23,TOT,21,0,290,7.8,20.9,0.374,1.1,4.0,0.273,6.7,16.9,0.39799999999999996,2.5,3.8,0.667,0.7,8.5,9.3,6.9,1.6,0.0,6.0,4.5,19.2,80.0,109.0,2011,Terrence Williams-2011,0.0,Not Selected,Guard,TOT,0.03333333333333333
2010-11,Metta World Peace,artesro01,SF,31,LAL,82,82,2410,5.7,14.4,0.397,1.8,5.1,0.35600000000000004,3.9,9.3,0.419,2.0,3.0,0.6759999999999999,2.2,3.7,5.9,3.8,2.7,0.8,2.0,4.0,15.3,104.0,105.0,2011,Metta World Peace-2011,0.0,Not Selected,Forward,LAL,0.046341463414634146
2010-11,Antoine Wright,wrighan01,SG,26,SAC,7,0,31,1.6,13.0,0.125,0.0,6.5,0.0,1.6,6.5,0.25,0.0,0.0,0.0,3.3,1.6,4.9,0.0,1.6,0.0,1.6,4.9,3.3,41.0,113.0,2011,Antoine Wright-2011,0.0,Not Selected,Guard,SAC,0.01951219512195122
2010-11,Brandan Wright,wrighbr03,PF,23,TOT,37,2,379,8.2,16.0,0.513,0.0,0.0,0.0,8.2,16.0,0.513,2.9,4.2,0.677,4.2,7.9,12.2,1.6,1.5,2.3,1.9,4.7,19.3,110.0,108.0,2011,Brandan Wright-2011,0.0,Not Selected,Forward,TOT,0.03333333333333333
2010-11,Dorell Wright,wrighdo01,SF,25,GSW,82,82,3147,7.8,18.4,0.423,3.1,8.3,0.376,4.7,10.1,0.462,2.9,3.7,0.789,1.4,5.5,6.9,3.9,2.0,1.0,2.1,2.8,21.6,110.0,111.0,2011,Dorell Wright-2011,0.0,Not Selected,Forward,GSW,0.02926829268292683
2010-11,Julian Wright,wrighju01,SF,23,TOR,52,6,766,5.5,10.8,0.513,0.1,0.7,0.2,5.4,10.1,0.5329999999999999,1.5,2.9,0.512,3.2,4.8,8.0,3.9,2.6,1.3,2.9,3.0,12.7,101.0,111.0,2011,Julian Wright-2011,0.0,Not Selected,Forward,TOR,0.01788617886178862
2010-11,Nick Young,youngni01,SG,25,WAS,64,40,2034,10.4,23.5,0.441,2.6,6.8,0.387,7.7,16.7,0.462,4.7,5.7,0.816,0.7,3.7,4.4,1.9,1.1,0.4,2.3,3.6,28.0,107.0,114.0,2011,Nick Young-2011,0.0,Not Selected,Guard,WAS,0.01869918699186992
2010-11,Sam Young,youngsa01,SF,25,MEM,78,46,1577,7.7,16.4,0.47200000000000003,0.6,1.7,0.34,7.2,14.7,0.486,2.9,3.8,0.767,1.3,4.9,6.2,2.4,2.3,0.8,2.0,4.0,18.9,106.0,106.0,2011,Sam Young-2011,0.0,Not Selected,Forward,MEM,0.03739837398373984
2010-11,Thaddeus Young,youngth01,PF,22,PHI,82,1,2135,11.2,20.8,0.541,0.1,0.5,0.273,11.1,20.2,0.5479999999999999,3.0,4.3,0.7070000000000001,3.8,6.9,10.6,2.0,2.2,0.6,2.4,4.2,25.6,110.0,104.0,2011,Thaddeus Young-2011,0.0,Not Selected,Forward,PHI,0.03333333333333333
2011-12,Jeff Adrien,adrieje01,PF,25,HOU,8,0,63,5.8,13.3,0.43799999999999994,0.0,0.0,0.0,5.8,13.3,0.43799999999999994,5.8,10.0,0.583,4.2,14.1,18.3,0.8,0.0,1.7,1.7,10.8,17.5,106.0,103.0,2012,Jeff Adrien-2012,0.0,Not Selected,Forward,HOU,0.03434343434343434
2011-12,Arron Afflalo,afflaar01,SG,26,DEN,62,62,2086,8.0,17.1,0.47100000000000003,2.1,5.4,0.39799999999999996,5.9,11.7,0.504,4.8,6.0,0.7979999999999999,1.0,3.8,4.8,3.6,0.9,0.3,2.1,3.3,23.0,116.0,111.0,2012,Arron Afflalo-2012,0.0,Not Selected,Guard,DEN,0.03838383838383838
2011-12,Blake Ahearn,ahearbl01,PG,27,UTA,4,0,30,7.0,24.5,0.28600000000000003,3.5,15.7,0.222,3.5,8.7,0.4,0.0,0.0,0.0,0.0,3.5,3.5,1.7,0.0,0.0,8.7,7.0,17.5,57.0,113.0,2012,Blake Ahearn-2012,0.0,Not Selected,Guard,UTA,0.03636363636363636
2011-12,Solomon Alabi,alabiso01,C,23,TOR,14,0,122,5.7,15.9,0.361,0.0,0.0,0.0,5.7,15.9,0.361,3.1,3.5,0.875,6.6,14.1,20.7,1.3,0.9,4.0,2.2,4.8,14.5,95.0,98.0,2012,Solomon Alabi-2012,0.0,Not Selected,Center,TOR,0.023232323232323233
2011-12,Cole Aldrich,aldrico01,C,23,OKC,26,0,173,6.6,12.5,0.524,0.0,0.0,0.0,6.6,12.5,0.524,3.9,4.2,0.929,3.9,10.4,14.3,0.9,2.4,4.8,2.7,6.6,17.0,113.0,96.0,2012,Cole Aldrich-2012,0.0,Not Selected,Center,OKC,0.047474747474747475
2011-12,LaMarcus Aldridge,aldrila01,PF,26,POR,55,55,1994,12.7,24.9,0.512,0.1,0.3,0.182,12.7,24.6,0.516,5.9,7.2,0.8140000000000001,4.0,7.7,11.7,3.5,1.3,1.2,2.9,4.0,31.4,113.0,106.0,2012,LaMarcus Aldridge-2012,0.0,Not Selected,Forward,POR,0.028282828282828285
2011-12,Lavoy Allen,allenla01,PF,22,PHI,41,15,624,6.8,14.3,0.473,0.0,0.0,0.0,6.8,14.3,0.473,0.9,1.2,0.7859999999999999,4.0,10.6,14.7,2.9,1.1,1.5,1.7,6.3,14.5,104.0,98.0,2012,Lavoy Allen-2012,0.0,Not Selected,Forward,PHI,0.03535353535353535
2011-12,Ray Allen,allenra02,SG,36,BOS,46,42,1565,7.7,16.7,0.45799999999999996,3.6,7.9,0.45299999999999996,4.1,8.8,0.46299999999999997,3.3,3.6,0.915,0.5,4.3,4.8,3.7,1.7,0.3,2.3,2.8,22.2,111.0,101.0,2012,Ray Allen-2012,0.0,Not Selected,Guard,BOS,0.03939393939393939
2011-12,Tony Allen,allento01,SG,30,MEM,58,57,1525,7.3,15.5,0.469,0.3,0.9,0.308,7.0,14.6,0.479,4.9,6.1,0.8,3.4,4.7,8.1,2.7,3.6,1.1,3.3,4.9,19.7,106.0,100.0,2012,Tony Allen-2012,0.0,Not Selected,Guard,MEM,0.04141414141414142
2011-12,Morris Almond,almonmo01,SG,26,WAS,4,0,67,4.6,13.2,0.353,0.8,2.3,0.33299999999999996,3.9,10.8,0.35700000000000004,0.8,2.3,0.33299999999999996,0.8,5.4,6.2,1.5,5.4,0.0,0.8,4.6,10.8,85.0,101.0,2012,Morris Almond-2012,0.0,Not Selected,Guard,WAS,0.020202020202020204
2011-12,Al-Farouq Aminu,aminual01,SF,21,NOH,66,21,1477,5.5,13.4,0.41100000000000003,0.5,1.7,0.27699999999999997,5.0,11.7,0.431,3.2,4.2,0.754,3.5,7.8,11.3,2.4,2.2,1.3,3.3,5.0,14.7,93.0,103.0,2012,Al-Farouq Aminu-2012,0.0,Not Selected,Forward,NOP,0.021212121212121213
2011-12,Lou Amundson,amundlo01,PF,29,IND,60,0,753,6.3,14.5,0.43,0.0,0.0,0.0,6.3,14.5,0.43,2.5,5.8,0.42700000000000005,6.6,9.0,15.6,1.0,1.9,3.1,3.2,8.8,15.0,92.0,99.0,2012,Lou Amundson-2012,0.0,Not Selected,Forward,IND,0.04242424242424243
2011-12,Chris Andersen,anderch01,C,33,DEN,32,1,486,6.2,11.3,0.546,0.0,0.0,0.0,6.2,11.3,0.546,5.2,8.6,0.61,5.0,10.5,15.5,0.6,2.0,4.8,1.8,5.5,17.6,119.0,99.0,2012,Chris Andersen-2012,0.0,Not Selected,Center,DEN,0.03838383838383838
2011-12,Alan Anderson,anderal01,SF,29,TOR,17,12,461,6.4,16.6,0.387,2.8,7.1,0.39299999999999996,3.6,9.4,0.38299999999999995,3.4,4.0,0.853,0.9,3.0,4.0,3.0,0.6,0.3,2.9,4.1,19.0,99.0,110.0,2012,Alan Anderson-2012,0.0,Not Selected,Forward,TOR,0.023232323232323233
2011-12,James Anderson,anderja01,SG,22,SAS,51,2,603,5.7,14.9,0.379,1.6,5.8,0.27899999999999997,4.0,9.1,0.44299999999999995,3.3,4.5,0.75,1.4,5.4,6.8,3.5,0.7,0.2,2.6,3.0,16.3,97.0,107.0,2012,James Anderson-2012,0.0,Not Selected,Guard,SAS,0.050505050505050504
2011-12,Ryan Anderson,anderry01,PF,23,ORL,61,61,1964,9.1,20.8,0.439,4.6,11.6,0.39299999999999996,4.6,9.2,0.496,4.1,4.7,0.877,6.1,6.8,12.9,1.5,1.4,0.7,1.6,4.0,26.9,124.0,105.0,2012,Ryan Anderson-2012,0.0,Not Selected,Forward,ORL,0.03737373737373737
2011-12,Carmelo Anthony,anthoca01,SF,27,NYK,55,55,1876,12.1,28.2,0.43,1.9,5.6,0.335,10.2,22.6,0.45399999999999996,8.1,10.1,0.804,2.4,7.0,9.4,5.5,1.7,0.7,4.0,4.3,34.2,106.0,102.0,2012,Carmelo Anthony-2012,3.0,3rd,Forward,NYK,0.03636363636363636
2011-12,Joel Anthony,anthojo01,C,29,MIA,64,51,1349,3.3,5.9,0.5589999999999999,0.0,0.0,0.0,3.3,5.9,0.5589999999999999,1.9,2.8,0.69,3.9,5.9,9.8,0.4,1.4,3.3,1.8,4.9,8.5,113.0,100.0,2012,Joel Anthony-2012,0.0,Not Selected,Center,MIA,0.046464646464646465
2011-12,Gilbert Arenas,arenagi01,PG,30,MEM,17,0,211,6.5,16.0,0.406,3.3,9.8,0.33299999999999996,3.3,6.3,0.52,1.8,2.5,0.7,0.5,4.0,4.5,4.5,2.8,0.3,3.0,8.8,18.0,102.0,103.0,2012,Gilbert Arenas-2012,0.0,Not Selected,Guard,MEM,0.04141414141414142
2011-12,Trevor Ariza,arizatr01,SF,26,NOH,41,41,1350,6.8,16.2,0.41700000000000004,1.2,3.5,0.33299999999999996,5.6,12.7,0.44,3.2,4.1,0.775,1.7,7.0,8.7,5.4,2.8,1.0,3.1,2.9,17.9,100.0,103.0,2012,Trevor Ariza-2012,0.0,Not Selected,Forward,NOP,0.021212121212121213
2011-12,Ömer Aşık,asikom01,C,25,CHI,66,2,971,4.4,8.7,0.506,0.0,0.0,0.0,4.4,8.7,0.506,2.6,5.7,0.456,7.0,12.4,19.4,1.8,1.7,3.8,3.8,6.7,11.4,97.0,92.0,2012,Ömer Aşık-2012,0.0,Not Selected,Center,CHI,0.050505050505050504
2011-12,D.J. Augustin,augusdj01,PG,24,CHA,48,46,1408,6.8,18.2,0.376,2.3,6.7,0.341,4.6,11.5,0.396,3.9,4.5,0.875,0.9,3.2,4.1,11.5,1.3,0.0,4.1,2.4,19.9,100.0,114.0,2012,D.J. Augustin-2012,0.0,Not Selected,Guard,CHO,0.007070707070707071
2011-12,Gustavo Ayón,ayongu01,PF,26,NOH,54,24,1088,7.0,13.0,0.536,0.0,0.0,0.0,7.0,13.0,0.5379999999999999,1.9,3.1,0.619,4.3,8.9,13.2,3.7,2.6,2.3,2.3,5.9,15.9,111.0,100.0,2012,Gustavo Ayón-2012,0.0,Not Selected,Forward,NOP,0.021212121212121213
2011-12,Jeff Ayres,pendeje02,C,24,IND,20,1,106,7.5,18.0,0.41700000000000004,0.0,0.0,0.0,7.5,18.0,0.41700000000000004,2.0,3.5,0.5710000000000001,6.0,10.5,16.5,2.0,1.5,1.0,1.0,8.0,17.0,105.0,101.0,2012,Jeff Ayres-2012,0.0,Not Selected,Center,IND,0.04242424242424243
2011-12,Kelenna Azubuike,azubuke01,SG,28,DAL,3,0,18,8.7,23.3,0.375,2.9,8.7,0.33299999999999996,5.8,14.6,0.4,0.0,0.0,0.0,0.0,0.0,0.0,0.0,2.9,0.0,11.7,2.9,20.4,54.0,106.0,2012,Kelenna Azubuike-2012,0.0,Not Selected,Guard,DAL,0.03636363636363636
2011-12,Luke Babbitt,babbilu01,SF,22,POR,40,4,537,7.0,17.0,0.41,4.2,9.8,0.43,2.7,7.2,0.384,1.7,2.0,0.85,1.6,7.7,9.3,1.6,1.0,0.4,2.6,4.5,19.8,103.0,108.0,2012,Luke Babbitt-2012,0.0,Not Selected,Forward,POR,0.028282828282828285
2011-12,Renaldo Balkman,balkmre01,SF,27,NYK,14,0,115,7.2,14.3,0.5,0.9,4.0,0.222,6.3,10.3,0.609,3.6,4.9,0.727,2.7,9.0,11.6,2.2,1.8,1.3,2.7,6.3,18.8,109.0,99.0,2012,Renaldo Balkman-2012,0.0,Not Selected,Forward,NYK,0.03636363636363636
2011-12,Leandro Barbosa,barbole01,SG,29,TOT,64,0,1382,10.5,24.7,0.425,2.5,6.6,0.382,8.0,18.1,0.441,3.9,4.8,0.815,1.3,3.7,5.0,3.7,2.2,0.3,3.6,5.2,27.4,99.0,106.0,2012,Leandro Barbosa-2012,0.0,Not Selected,Guard,TOT,0.03333333333333333
2011-12,J.J. Barea,bareajo01,PG,27,MIN,41,11,1032,8.3,20.8,0.4,2.6,7.1,0.371,5.7,13.7,0.415,3.8,4.9,0.7759999999999999,0.7,5.0,5.7,11.6,1.0,0.0,5.1,3.0,23.1,101.0,110.0,2012,J.J. Barea-2012,0.0,Not Selected,Guard,MIN,0.026262626262626262
2011-12,Andrea Bargnani,bargnan01,C,26,TOR,31,31,1032,10.9,25.2,0.43200000000000005,1.8,6.0,0.29600000000000004,9.1,19.2,0.474,7.9,9.0,0.873,1.3,7.7,9.0,3.2,0.9,0.8,3.6,2.7,31.4,104.0,106.0,2012,Andrea Bargnani-2012,0.0,Not Selected,Center,TOR,0.023232323232323233
2011-12,Matt Barnes,barnema02,SF,31,LAL,63,16,1440,6.4,14.2,0.452,1.7,5.1,0.33299999999999996,4.7,9.2,0.518,3.5,4.7,0.742,3.6,9.1,12.7,4.6,1.3,1.8,2.7,5.6,18.1,112.0,103.0,2012,Matt Barnes-2012,0.0,Not Selected,Forward,LAL,0.04141414141414142
2011-12,Earl Barron,barroea01,C,30,GSW,2,0,9,11.6,23.1,0.5,0.0,0.0,0.0,11.6,23.1,0.5,0.0,0.0,0.0,5.8,0.0,5.8,0.0,0.0,0.0,0.0,28.9,23.1,110.0,117.0,2012,Earl Barron-2012,0.0,Not Selected,Center,GSW,0.023232323232323233
2011-12,Brandon Bass,bassbr01,PF,26,BOS,59,39,1868,8.6,18.0,0.479,0.0,0.0,0.0,8.6,18.0,0.479,3.8,4.6,0.81,2.7,7.7,10.4,1.6,1.0,1.5,1.8,3.8,21.0,103.0,99.0,2012,Brandon Bass-2012,0.0,Not Selected,Forward,BOS,0.03939393939393939
2011-12,Tony Battie,battito01,C,35,PHI,27,11,295,3.4,9.3,0.373,0.0,0.2,0.0,3.4,9.1,0.38,0.7,0.7,1.0,1.5,10.7,12.2,2.9,0.7,1.1,0.7,4.7,7.6,94.0,99.0,2012,Tony Battie-2012,0.0,Not Selected,Center,PHI,0.03535353535353535
2011-12,Shane Battier,battish01,SF,33,MIA,65,10,1499,4.0,10.3,0.387,2.2,6.4,0.33899999999999997,1.8,3.8,0.46799999999999997,0.8,1.3,0.622,2.0,3.5,5.5,2.9,2.2,1.2,1.3,3.7,10.9,108.0,102.0,2012,Shane Battier-2012,0.0,Not Selected,Forward,MIA,0.046464646464646465
2011-12,Nicolas Batum,batumni01,SF,23,POR,59,34,1791,8.5,18.8,0.451,3.1,8.1,0.391,5.3,10.8,0.496,3.9,4.7,0.836,2.4,5.6,8.0,2.5,1.7,1.8,2.6,3.1,24.0,112.0,107.0,2012,Nicolas Batum-2012,0.0,Not Selected,Forward,POR,0.028282828282828285
2011-12,Jerryd Bayless,bayleje01,PG,23,TOR,31,11,705,8.9,21.1,0.424,3.4,7.9,0.423,5.6,13.1,0.424,5.7,6.7,0.852,0.6,4.4,5.0,9.0,1.8,0.3,4.0,5.3,26.9,110.0,106.0,2012,Jerryd Bayless-2012,0.0,Not Selected,Guard,TOR,0.023232323232323233
2011-12,Michael Beasley,beaslmi01,SF,23,MIN,47,7,1087,10.5,23.5,0.445,1.8,4.8,0.376,8.7,18.7,0.462,2.9,4.5,0.642,1.8,8.0,9.8,2.1,0.9,0.9,3.8,3.9,25.6,95.0,107.0,2012,Michael Beasley-2012,0.0,Not Selected,Forward,MIN,0.026262626262626262
2011-12,Rodrigue Beaubois,beaubro01,PG,23,DAL,53,12,1151,8.6,20.3,0.42200000000000004,1.7,6.0,0.28800000000000003,6.8,14.3,0.479,2.6,3.1,0.841,0.9,6.0,6.9,6.9,2.6,1.3,3.2,4.5,21.5,100.0,101.0,2012,Rodrigue Beaubois-2012,0.0,Not Selected,Guard,DAL,0.03636363636363636
2011-12,Marco Belinelli,belinma01,SG,25,NOH,66,55,1966,7.9,19.0,0.41700000000000004,3.0,7.9,0.377,4.9,11.1,0.445,2.8,3.6,0.7829999999999999,0.5,4.2,4.8,2.8,1.3,0.1,1.9,3.2,21.6,105.0,109.0,2012,Marco Belinelli-2012,0.0,Not Selected,Guard,NOP,0.021212121212121213
2011-12,Raja Bell,bellra01,SG,35,UTA,34,33,796,5.3,11.5,0.466,2.2,5.7,0.391,3.1,5.7,0.54,1.4,1.6,0.84,0.4,2.8,3.2,2.5,0.9,0.1,1.4,5.1,14.3,115.0,112.0,2012,Raja Bell-2012,0.0,Not Selected,Guard,UTA,0.03636363636363636
2011-12,Keith Benson,bensoke02,C,23,GSW,3,0,9,0.0,5.8,0.0,0.0,0.0,0.0,0.0,5.8,0.0,0.0,0.0,0.0,11.6,5.8,17.3,0.0,0.0,0.0,0.0,0.0,0.0,98.0,115.0,2012,Keith Benson-2012,0.0,Not Selected,Center,GSW,0.023232323232323233
2011-12,Mike Bibby,bibbymi01,PG,33,NYK,39,4,557,3.2,11.5,0.282,2.5,7.9,0.318,0.7,3.6,0.205,0.6,0.7,0.75,0.5,5.0,5.5,7.4,1.9,0.3,1.8,4.2,9.5,97.0,103.0,2012,Mike Bibby-2012,0.0,Not Selected,Guard,NYK,0.03636363636363636
2011-12,Andris Biedriņš,biedran01,C,25,GSW,47,35,739,2.7,4.5,0.609,0.0,0.0,0.0,2.7,4.5,0.609,0.1,0.6,0.111,3.2,9.2,12.4,1.1,1.6,3.2,1.0,8.8,5.6,118.0,105.0,2012,Andris Biedriņš-2012,0.0,Not Selected,Center,GSW,0.023232323232323233
2011-12,Chauncey Billups,billuch01,SG,35,LAC,20,20,607,7.4,20.2,0.364,4.3,11.1,0.384,3.1,9.1,0.34,7.5,8.4,0.895,0.4,4.1,4.4,7.1,0.8,0.3,3.4,3.5,26.5,114.0,111.0,2012,Chauncey Billups-2012,0.0,Not Selected,Guard,LAC,0.04040404040404041
2011-12,Bismack Biyombo,biyombi01,C,19,CHA,63,41,1455,4.7,10.1,0.46399999999999997,0.0,0.0,0.0,4.7,10.1,0.46399999999999997,2.5,5.2,0.483,4.1,9.2,13.3,1.0,0.7,4.2,2.6,5.3,11.8,92.0,107.0,2012,Bismack Biyombo-2012,0.0,Not Selected,Center,CHO,0.007070707070707071
2011-12,DeJuan Blair,blairde01,PF,22,SAS,64,62,1363,10.2,19.1,0.534,0.0,0.0,0.0,10.2,19.1,0.535,2.8,4.5,0.613,5.8,7.5,13.3,3.0,2.2,0.5,3.5,6.4,23.2,108.0,102.0,2012,DeJuan Blair-2012,0.0,Not Selected,Forward,SAS,0.050505050505050504
2011-12,Steve Blake,blakest01,PG,31,LAL,53,5,1237,4.3,11.5,0.377,2.3,6.8,0.335,2.1,4.7,0.436,0.9,1.2,0.778,0.4,3.3,3.6,7.5,1.7,0.1,3.1,3.2,11.8,98.0,108.0,2012,Steve Blake-2012,0.0,Not Selected,Guard,LAL,0.04141414141414142
2011-12,Andray Blatche,blatcan01,PF,25,WAS,26,13,626,7.7,20.3,0.38,0.2,0.6,0.28600000000000003,7.5,19.7,0.382,2.7,4.1,0.6729999999999999,3.5,8.9,12.4,2.3,1.7,1.4,3.1,4.5,18.3,87.0,105.0,2012,Andray Blatche-2012,0.0,Not Selected,Forward,WAS,0.020202020202020204
2011-12,Eric Bledsoe,bledser01,PG,22,LAC,40,1,464,5.7,14.6,0.389,0.7,3.5,0.2,5.0,11.1,0.44799999999999995,3.2,5.1,0.636,2.6,5.0,7.5,7.7,3.6,1.6,5.5,6.7,15.3,90.0,102.0,2012,Eric Bledsoe-2012,0.0,Not Selected,Guard,LAC,0.04040404040404041
2011-12,Keith Bogans,boganke01,SF,31,NJN,5,1,94,4.5,11.9,0.381,1.7,6.8,0.25,2.8,5.1,0.556,1.1,2.8,0.4,2.8,3.4,6.2,1.7,1.1,0.0,1.7,8.5,11.9,95.0,113.0,2012,Keith Bogans-2012,0.0,Not Selected,Forward,BRK,0.022222222222222223
2011-12,Andrew Bogut,bogutan01,C,27,MIL,12,12,364,8.6,19.1,0.449,0.0,0.1,0.0,8.6,19.0,0.452,2.0,3.2,0.609,3.1,11.0,14.1,4.4,1.7,3.4,3.4,5.1,19.1,94.0,100.0,2012,Andrew Bogut-2012,0.0,Not Selected,Center,MIL,0.031313131313131314
2011-12,Matt Bonner,bonnema01,PF,31,SAS,65,2,1326,6.0,13.6,0.44,4.1,9.7,0.42,1.9,3.9,0.49,0.6,0.8,0.762,1.1,7.2,8.3,2.4,0.6,0.8,0.5,2.6,16.7,124.0,106.0,2012,Matt Bonner-2012,0.0,Not Selected,Forward,SAS,0.050505050505050504
2011-12,Trevor Booker,booketr01,PF,24,WAS,50,32,1261,7.4,14.0,0.531,0.0,0.1,0.5,7.4,13.9,0.531,2.3,3.8,0.602,4.9,8.5,13.4,1.6,2.0,1.8,2.4,5.7,17.2,109.0,104.0,2012,Trevor Booker-2012,0.0,Not Selected,Forward,WAS,0.020202020202020204
2011-12,Carlos Boozer,boozeca01,PF,30,CHI,66,66,1948,12.4,23.3,0.532,0.0,0.0,0.0,12.4,23.2,0.5329999999999999,2.6,3.8,0.693,3.2,12.4,15.6,3.5,1.7,0.7,3.2,4.6,27.4,108.0,95.0,2012,Carlos Boozer-2012,0.0,Not Selected,Forward,CHI,0.050505050505050504
2011-12,Chris Bosh,boshch01,PF,27,MIA,57,57,2007,10.3,21.2,0.48700000000000004,0.3,0.9,0.28600000000000003,10.0,20.2,0.496,6.0,7.3,0.821,2.5,9.4,11.9,2.7,1.3,1.2,3.1,3.4,26.9,109.0,100.0,2012,Chris Bosh-2012,0.0,Not Selected,Forward,MIA,0.046464646464646465
2011-12,Earl Boykins,boykiea01,PG,35,HOU,8,0,111,5.7,17.0,0.33299999999999996,0.9,4.2,0.222,4.7,12.7,0.37,6.1,7.1,0.867,0.0,5.2,5.2,8.0,0.5,0.0,3.3,2.4,18.4,98.0,110.0,2012,Earl Boykins-2012,0.0,Not Selected,Guard,HOU,0.03434343434343434
2011-12,Craig Brackins,brackcr01,PF,24,PHI,14,1,88,5.5,20.1,0.273,1.8,5.5,0.33299999999999996,3.6,14.6,0.25,0.6,1.2,0.5,3.0,6.1,9.1,4.9,0.0,0.6,2.4,3.6,13.4,77.0,104.0,2012,Craig Brackins-2012,0.0,Not Selected,Forward,PHI,0.03535353535353535
2011-12,Avery Bradley,bradlav01,PG,21,BOS,64,28,1368,7.8,15.6,0.498,0.9,2.1,0.40700000000000003,6.9,13.5,0.511,2.4,3.0,0.795,1.3,3.1,4.5,3.4,1.7,0.5,2.9,4.2,18.8,100.0,102.0,2012,Avery Bradley-2012,0.0,Not Selected,Guard,BOS,0.03939393939393939
2011-12,Elton Brand,brandel01,C,32,PHI,60,60,1732,8.9,18.0,0.494,0.0,0.0,0.0,8.9,17.9,0.495,2.6,3.6,0.733,4.5,8.8,13.3,3.0,1.8,3.0,2.0,5.4,20.4,108.0,96.0,2012,Elton Brand-2012,0.0,Not Selected,Center,PHI,0.03535353535353535
2011-12,Corey Brewer,breweco01,SF,25,DEN,59,17,1287,8.0,18.3,0.434,1.3,5.0,0.26,6.7,13.3,0.5,3.6,5.1,0.6920000000000001,1.7,4.2,5.9,3.5,2.9,0.7,2.2,4.5,20.8,104.0,106.0,2012,Corey Brewer-2012,0.0,Not Selected,Forward,DEN,0.03838383838383838
2011-12,Ronnie Brewer,brewero02,SG,26,CHI,66,43,1635,6.3,14.7,0.42700000000000005,0.6,2.3,0.275,5.6,12.4,0.455,1.8,3.3,0.56,2.4,5.2,7.6,4.5,2.4,0.7,1.9,2.1,15.0,103.0,99.0,2012,Ronnie Brewer-2012,0.0,Not Selected,Guard,CHI,0.050505050505050504
2011-12,Jon Brockman,brockjo01,PF,24,MIL,35,0,239,3.2,9.6,0.33299999999999996,0.0,0.2,0.0,3.2,9.4,0.341,1.5,3.2,0.467,7.1,9.0,16.1,1.9,0.9,0.2,2.1,7.1,7.9,92.0,106.0,2012,Jon Brockman-2012,0.0,Not Selected,Forward,MIL,0.031313131313131314
2011-12,MarShon Brooks,brookma01,SG,23,NJN,56,47,1648,8.9,20.7,0.428,1.5,4.8,0.313,7.3,15.8,0.46299999999999997,3.7,4.8,0.764,2.3,4.2,6.5,4.2,1.7,0.5,3.8,3.7,22.9,98.0,111.0,2012,MarShon Brooks-2012,0.0,Not Selected,Guard,BRK,0.022222222222222223
2011-12,Derrick Brown,brownde04,SF,24,CHA,65,17,1443,7.7,14.9,0.518,0.2,0.9,0.25,7.5,14.1,0.535,3.4,5.1,0.667,3.5,5.1,8.6,2.4,1.8,0.4,2.0,3.5,19.1,110.0,111.0,2012,Derrick Brown-2012,0.0,Not Selected,Forward,CHO,0.007070707070707071
2011-12,Kwame Brown,brownkw01,C,29,GSW,9,3,187,5.8,11.1,0.525,0.0,0.0,0.0,5.8,11.1,0.525,4.2,9.5,0.441,4.4,11.4,15.8,1.1,2.2,0.0,3.9,5.8,15.8,94.0,105.0,2012,Kwame Brown-2012,0.0,Not Selected,Center,GSW,0.023232323232323233
2011-12,Shannon Brown,brownsh01,SG,26,PHO,59,19,1400,9.3,22.1,0.42,2.5,7.0,0.36200000000000004,6.8,15.2,0.446,3.0,3.7,0.8079999999999999,1.4,4.4,5.8,2.6,1.6,0.6,2.4,2.4,24.1,101.0,108.0,2012,Shannon Brown-2012,0.0,Not Selected,Guard,PHO,0.03333333333333333
2011-12,Kobe Bryant,bryanko01,SG,33,LAL,58,58,2232,13.6,31.7,0.43,2.1,6.8,0.303,11.6,24.9,0.46399999999999997,9.1,10.7,0.845,1.6,5.9,7.4,6.3,1.6,0.4,4.8,2.5,38.4,105.0,106.0,2012,Kobe Bryant-2012,1.0,1st,Guard,LAL,0.04141414141414142
2011-12,Chase Budinger,budinch01,SF,23,HOU,58,9,1298,8.4,19.0,0.442,3.5,8.8,0.402,4.8,10.2,0.47600000000000003,2.2,2.8,0.7709999999999999,1.5,7.2,8.8,3.0,1.2,0.3,2.2,2.6,22.5,110.0,107.0,2012,Chase Budinger-2012,0.0,Not Selected,Forward,HOU,0.03434343434343434
2011-12,Alec Burks,burksal01,SG,20,UTA,59,0,939,8.6,20.0,0.429,0.8,2.5,0.33299999999999996,7.7,17.4,0.442,5.8,8.0,0.727,3.2,4.2,7.4,3.1,1.5,0.3,2.9,4.7,23.8,105.0,109.0,2012,Alec Burks-2012,0.0,Not Selected,Guard,UTA,0.03636363636363636
2011-12,Caron Butler,butleca01,SF,31,LAC,63,63,1871,8.3,20.3,0.40700000000000003,2.6,7.4,0.358,5.6,12.9,0.435,2.5,3.1,0.813,1.3,5.4,6.6,2.2,1.5,0.3,2.2,3.5,21.7,102.0,108.0,2012,Caron Butler-2012,0.0,Not Selected,Forward,LAC,0.04040404040404041
2011-12,Jimmy Butler,butleji01,SG,22,CHI,42,0,359,4.8,11.8,0.405,0.3,1.6,0.182,4.5,10.2,0.441,6.4,8.4,0.768,3.4,4.9,8.4,2.1,1.6,0.7,2.1,3.0,16.3,112.0,100.0,2012,Jimmy Butler-2012,0.0,Not Selected,Guard,CHI,0.050505050505050504
2011-12,Rasual Butler,butlera01,SF,32,TOR,34,14,453,4.9,15.8,0.308,2.5,9.1,0.273,2.4,6.6,0.35700000000000004,0.8,1.4,0.583,0.7,7.1,7.8,2.3,0.8,0.6,1.8,4.6,13.1,82.0,106.0,2012,Rasual Butler-2012,0.0,Not Selected,Forward,TOR,0.023232323232323233
2011-12,Derrick Byars,byarsde01,PF,27,SAS,2,0,37,4.2,15.4,0.273,0.0,8.4,0.0,4.2,7.0,0.6,5.6,5.6,1.0,8.4,7.0,15.4,1.4,2.8,0.0,0.0,2.8,14.0,113.0,102.0,2012,Derrick Byars-2012,0.0,Not Selected,Forward,SAS,0.050505050505050504
2011-12,Andrew Bynum,bynuman01,C,24,LAL,60,60,2112,11.1,20.0,0.5579999999999999,0.0,0.1,0.2,11.1,19.9,0.56,5.9,8.5,0.6920000000000001,4.8,13.0,17.8,2.1,0.7,2.9,3.8,2.6,28.2,112.0,100.0,2012,Andrew Bynum-2012,2.0,2nd,Center,LAL,0.04141414141414142
2011-12,Will Bynum,bynumwi01,PG,29,DET,36,0,514,7.7,20.3,0.381,0.7,3.0,0.24100000000000002,7.0,17.3,0.406,5.1,6.7,0.7659999999999999,1.0,4.8,5.9,6.9,2.4,0.3,5.7,6.4,21.3,88.0,106.0,2012,Will Bynum-2012,0.0,Not Selected,Guard,DET,0.025252525252525252
2011-12,José Calderón,caldejo01,PG,30,TOR,53,53,1799,6.5,14.3,0.457,1.8,4.8,0.371,4.8,9.5,0.5,1.8,2.0,0.882,0.6,4.2,4.8,14.0,1.4,0.1,3.1,2.8,16.6,116.0,108.0,2012,José Calderón-2012,0.0,Not Selected,Guard,TOR,0.023232323232323233
2011-12,Marcus Camby,cambyma01,C,37,TOT,59,53,1352,5.0,11.2,0.446,0.1,0.2,0.4,4.9,11.0,0.447,1.1,2.5,0.45299999999999996,6.1,14.5,20.6,4.2,1.9,3.3,2.2,4.9,11.2,105.0,98.0,2012,Marcus Camby-2012,0.0,Not Selected,Center,TOT,0.03333333333333333
2011-12,Brian Cardinal,cardibr01,SF,34,DAL,44,0,277,2.7,10.4,0.255,1.9,9.3,0.204,0.8,1.1,0.667,0.9,1.1,0.833,0.8,5.7,6.4,3.0,1.5,0.4,1.5,7.2,8.1,82.0,105.0,2012,Brian Cardinal-2012,0.0,Not Selected,Forward,DAL,0.03636363636363636
2011-12,DeMarre Carroll,carrode01,SF-PF,25,TOT,24,9,348,6.5,15.8,0.41,1.1,2.9,0.368,5.4,13.0,0.419,2.1,2.4,0.875,4.2,3.8,8.0,2.7,1.8,0.2,1.7,5.6,16.1,106.0,109.0,2012,DeMarre Carroll-2012,0.0,Not Selected,Forward,TOT,0.03333333333333333
2011-12,Matt Carroll,carroma01,SG,31,CHA,53,2,596,4.6,13.9,0.331,0.7,3.8,0.18600000000000003,3.9,10.1,0.386,2.7,3.4,0.789,0.7,4.4,5.1,3.4,1.4,0.6,2.1,4.6,12.6,84.0,112.0,2012,Matt Carroll-2012,0.0,Not Selected,Guard,CHO,0.007070707070707071
2011-12,Anthony Carter,cartean01,PG,36,TOR,24,0,209,4.4,13.6,0.321,1.3,4.4,0.294,3.1,9.3,0.33299999999999996,2.1,2.6,0.8,1.3,7.2,8.5,8.7,2.1,1.0,4.4,5.1,12.1,85.0,103.0,2012,Anthony Carter-2012,0.0,Not Selected,Guard,TOR,0.023232323232323233
2011-12,Vince Carter,cartevi01,SG,35,DAL,61,40,1542,7.6,18.5,0.41100000000000003,2.5,7.0,0.361,5.1,11.5,0.442,3.2,3.9,0.826,1.1,5.9,7.0,4.7,1.9,0.9,2.9,4.6,20.9,102.0,103.0,2012,Vince Carter-2012,0.0,Not Selected,Guard,DAL,0.03636363636363636
2011-12,Omri Casspi,casspom01,SF,23,CLE,65,35,1341,6.5,16.1,0.40299999999999997,2.1,6.6,0.315,4.4,9.6,0.46299999999999997,2.9,4.2,0.685,2.5,6.5,8.9,2.6,1.5,0.8,2.5,4.5,18.0,101.0,109.0,2012,Omri Casspi-2012,0.0,Not Selected,Forward,CLE,0.021212121212121213
2011-12,Mario Chalmers,chalmma01,PG,25,MIA,64,64,1825,6.4,14.4,0.44799999999999995,2.9,7.5,0.38799999999999996,3.5,6.9,0.513,2.3,2.9,0.792,0.5,4.5,4.9,6.4,2.8,0.3,4.1,4.8,18.1,104.0,101.0,2012,Mario Chalmers-2012,0.0,Not Selected,Guard,MIA,0.046464646464646465
2011-12,Tyson Chandler,chandty01,C,29,NYK,62,62,2061,6.0,8.9,0.679,0.0,0.0,0.0,6.0,8.8,0.6829999999999999,5.4,7.9,0.6890000000000001,5.3,10.0,15.3,1.4,1.4,2.2,2.5,4.6,17.5,130.0,99.0,2012,Tyson Chandler-2012,3.0,3rd,Center,NYK,0.03636363636363636
2011-12,Wilson Chandler,chandwi01,SF,24,DEN,8,6,215,7.3,18.7,0.392,0.7,2.8,0.25,6.6,15.9,0.418,2.4,2.8,0.833,1.4,8.3,9.7,4.0,1.4,1.4,4.3,4.3,17.8,86.0,105.0,2012,Wilson Chandler-2012,0.0,Not Selected,Forward,DEN,0.03838383838383838
2011-12,Josh Childress,childjo01,SF,28,PHO,34,0,491,5.1,10.4,0.485,0.4,2.5,0.16699999999999998,4.6,7.9,0.5870000000000001,0.0,0.2,0.0,3.3,6.8,10.0,3.6,1.5,0.6,0.9,4.0,10.6,114.0,107.0,2012,Josh Childress-2012,0.0,Not Selected,Forward,PHO,0.03333333333333333
2011-12,Earl Clark,clarkea01,PF,24,ORL,45,1,559,4.9,13.4,0.36700000000000005,0.0,0.0,0.0,4.9,13.4,0.36700000000000005,2.0,2.8,0.7240000000000001,3.4,8.6,12.0,1.7,1.2,3.1,2.4,6.9,11.9,87.0,101.0,2012,Earl Clark-2012,0.0,Not Selected,Forward,ORL,0.03737373737373737
2011-12,Norris Cole,coleno01,PG,23,MIA,65,2,1260,7.4,18.8,0.39299999999999996,0.9,3.2,0.276,6.5,15.6,0.41700000000000004,2.8,3.6,0.7759999999999999,0.9,2.9,3.8,5.6,1.8,0.1,4.4,5.2,18.4,88.0,104.0,2012,Norris Cole-2012,0.0,Not Selected,Guard,MIA,0.046464646464646465
2011-12,Jason Collins,collija04,C,33,ATL,30,10,308,2.8,6.9,0.4,0.0,0.0,0.0,2.8,6.9,0.4,1.2,2.6,0.467,2.1,6.2,8.3,1.7,0.7,0.5,1.7,5.9,6.7,87.0,104.0,2012,Jason Collins-2012,0.0,Not Selected,Center,ATL,0.04040404040404041
2011-12,Darren Collison,collida01,PG,24,IND,60,56,1878,6.5,14.7,0.44,1.0,2.6,0.36200000000000004,5.5,12.1,0.457,3.6,4.3,0.83,0.8,4.4,5.3,8.1,1.4,0.4,3.2,2.8,17.5,108.0,107.0,2012,Darren Collison-2012,0.0,Not Selected,Guard,IND,0.04242424242424243
2011-12,Nick Collison,collini01,PF,31,OKC,63,0,1307,4.7,7.9,0.597,0.0,0.0,0.0,4.7,7.9,0.6,1.7,2.4,0.71,4.7,6.1,10.8,3.2,1.3,1.1,2.4,6.0,11.2,121.0,105.0,2012,Nick Collison-2012,0.0,Not Selected,Forward,OKC,0.047474747474747475
2011-12,Mike Conley,conlemi01,PG,24,MEM,62,61,2174,7.2,16.6,0.433,1.5,3.9,0.377,5.7,12.8,0.45,3.3,3.8,0.861,0.5,3.3,3.8,9.8,3.3,0.3,3.0,3.2,19.2,110.0,102.0,2012,Mike Conley-2012,0.0,Not Selected,Guard,MEM,0.04141414141414142
2011-12,Brian Cook,cookbr01,PF,31,TOT,32,0,276,5.9,18.7,0.316,1.9,9.5,0.2,4.0,9.2,0.43799999999999994,1.7,1.9,0.9,1.9,10.1,12.0,1.9,1.1,1.0,2.1,9.2,15.5,85.0,105.0,2012,Brian Cook-2012,0.0,Not Selected,Forward,TOT,0.03333333333333333
2011-12,Daequan Cook,cookda02,SG,24,OKC,57,22,989,5.7,15.4,0.368,4.1,11.9,0.34600000000000003,1.6,3.5,0.441,0.7,1.1,0.636,0.6,5.7,6.4,0.8,1.1,0.6,0.8,3.6,16.2,106.0,107.0,2012,Daequan Cook-2012,0.0,Not Selected,Guard,OKC,0.047474747474747475
2011-12,DeMarcus Cousins,couside01,C,21,SAC,64,62,1950,11.6,26.0,0.44799999999999995,0.1,0.4,0.14300000000000002,11.6,25.6,0.45299999999999996,6.8,9.7,0.7020000000000001,6.9,11.4,18.3,2.7,2.4,1.9,4.4,6.7,30.2,102.0,104.0,2012,DeMarcus Cousins-2012,0.0,Not Selected,Center,SAC,0.022222222222222223
2011-12,Jamal Crawford,crawfja01,PG,31,POR,60,6,1613,9.2,24.0,0.384,2.6,8.5,0.308,6.6,15.6,0.426,6.2,6.7,0.927,0.5,3.3,3.8,6.2,1.8,0.5,3.6,2.4,27.3,102.0,109.0,2012,Jamal Crawford-2012,0.0,Not Selected,Guard,POR,0.028282828282828285
2011-12,Jordan Crawford,crawfjo02,SG,23,WAS,64,32,1753,10.3,25.8,0.4,2.3,8.1,0.289,8.0,17.7,0.451,4.8,6.0,0.7929999999999999,1.3,3.7,5.0,5.6,1.7,0.1,4.2,3.3,27.8,97.0,110.0,2012,Jordan Crawford-2012,0.0,Not Selected,Guard,WAS,0.020202020202020204
2011-12,Dante Cunningham,cunnida01,PF,24,MEM,64,5,1124,6.8,13.1,0.516,0.0,0.1,0.0,6.8,13.0,0.52,2.1,3.2,0.652,4.3,7.3,11.6,1.7,2.0,1.6,1.4,4.6,15.7,115.0,101.0,2012,Dante Cunningham-2012,0.0,Not Selected,Forward,MEM,0.04141414141414142
2011-12,Eddy Curry,curryed01,C,29,MIA,14,1,83,7.6,16.5,0.462,0.0,0.0,0.0,7.6,16.5,0.462,3.8,5.1,0.75,2.5,5.1,7.6,0.6,0.0,1.3,6.3,10.8,19.0,82.0,105.0,2012,Eddy Curry-2012,0.0,Not Selected,Center,MIA,0.046464646464646465
2011-12,Stephen Curry,curryst01,PG,23,GSW,26,23,732,10.3,21.0,0.49,3.9,8.6,0.455,6.4,12.4,0.514,2.7,3.3,0.809,1.1,5.2,6.2,9.8,2.8,0.6,4.6,4.4,27.2,112.0,108.0,2012,Stephen Curry-2012,0.0,Not Selected,Guard,GSW,0.023232323232323233
2011-12,Samuel Dalembert,dalemsa01,C,30,HOU,65,45,1446,7.2,14.3,0.506,0.0,0.0,0.0,7.2,14.3,0.508,3.3,4.1,0.7959999999999999,5.7,10.8,16.5,1.2,1.3,4.0,3.0,5.9,17.7,108.0,100.0,2012,Samuel Dalembert-2012,0.0,Not Selected,Center,HOU,0.03434343434343434
2011-12,Erick Dampier,dampier01,C,36,ATL,15,0,83,0.6,5.1,0.125,0.0,0.0,0.0,0.6,5.1,0.125,0.0,0.0,0.0,6.4,9.6,16.0,2.6,0.6,2.6,1.9,5.8,1.3,80.0,100.0,2012,Erick Dampier-2012,0.0,Not Selected,Center,ATL,0.04040404040404041
2011-12,Marquis Daniels,daniema01,SG,31,BOS,38,0,484,5.7,15.7,0.364,0.0,1.1,0.0,5.7,14.6,0.391,1.9,2.5,0.7390000000000001,1.8,5.5,7.2,5.2,2.3,1.0,3.1,4.0,13.3,82.0,98.0,2012,Marquis Daniels-2012,0.0,Not Selected,Guard,BOS,0.03939393939393939
2011-12,Baron Davis,davisba01,PG,32,NYK,29,14,595,5.9,15.9,0.37,2.3,7.4,0.306,3.6,8.6,0.424,1.4,2.1,0.667,1.1,3.7,4.8,11.7,2.9,0.3,6.6,5.3,15.4,88.0,102.0,2012,Baron Davis-2012,0.0,Not Selected,Guard,NYK,0.03636363636363636
2011-12,Ed Davis,davised01,PF,22,TOR,66,9,1534,6.0,11.7,0.513,0.0,0.0,0.0,6.0,11.7,0.515,2.5,3.7,0.67,4.7,10.7,15.4,2.1,1.4,2.2,2.3,5.5,14.5,108.0,101.0,2012,Ed Davis-2012,0.0,Not Selected,Forward,TOR,0.023232323232323233
2011-12,Glen Davis,davisgl01,PF,26,ORL,61,13,1427,8.5,20.2,0.42100000000000004,0.1,0.5,0.14300000000000002,8.4,19.6,0.429,4.3,6.3,0.6829999999999999,4.0,8.5,12.5,1.8,1.6,0.7,2.8,4.0,21.4,96.0,103.0,2012,Glen Davis-2012,0.0,Not Selected,Forward,ORL,0.03737373737373737
2011-12,Josh Davis,davisjo02,PF,31,MEM,15,0,130,4.1,11.0,0.37,1.6,5.3,0.308,2.4,5.7,0.429,1.6,3.3,0.5,6.5,4.5,11.0,2.4,2.8,0.4,1.2,7.7,11.4,112.0,102.0,2012,Josh Davis-2012,0.0,Not Selected,Forward,MEM,0.04141414141414142
2011-12,Eric Dawson,dawsoer01,C,27,SAS,4,0,39,9.3,15.9,0.583,0.0,0.0,0.0,9.3,15.9,0.583,1.3,2.6,0.5,6.6,6.6,13.2,0.0,1.3,2.6,4.0,7.9,19.9,104.0,102.0,2012,Eric Dawson-2012,0.0,Not Selected,Center,SAS,0.050505050505050504
2011-12,Austin Daye,dayeau01,SF,23,DET,41,4,603,6.5,20.2,0.322,1.2,5.5,0.21,5.4,14.7,0.364,3.1,3.8,0.8140000000000001,1.2,6.9,8.1,2.9,2.0,1.9,3.6,5.5,17.3,80.0,104.0,2012,Austin Daye-2012,0.0,Not Selected,Forward,DET,0.025252525252525252
2011-12,Carlos Delfino,delfica01,SF,29,MIL,54,53,1537,6.1,15.1,0.402,2.9,8.0,0.36,3.2,7.1,0.449,1.3,1.6,0.792,0.7,6.3,6.9,4.1,2.6,0.3,2.2,3.3,16.3,102.0,104.0,2012,Carlos Delfino-2012,0.0,Not Selected,Forward,MIL,0.031313131313131314
2011-12,Luol Deng,denglu01,SF,26,CHI,54,54,2129,7.9,19.1,0.41200000000000003,2.0,5.4,0.36700000000000005,5.9,13.7,0.43,3.2,4.2,0.77,1.9,6.9,8.9,4.0,1.4,0.9,2.4,2.0,20.9,105.0,100.0,2012,Luol Deng-2012,0.0,Not Selected,Forward,CHI,0.050505050505050504
2011-12,Justin Dentmon,dentmju01,PG,26,TOT,6,0,91,5.9,16.4,0.35700000000000004,1.2,8.2,0.14300000000000002,4.7,8.2,0.5710000000000001,2.3,3.5,0.667,0.0,4.7,4.7,5.9,1.2,0.0,4.1,5.9,15.2,82.0,107.0,2012,Justin Dentmon-2012,0.0,Not Selected,Guard,TOT,0.03333333333333333
2011-12,DeMar DeRozan,derozde01,SG,22,TOR,63,63,2206,9.3,22.0,0.42200000000000004,0.6,2.2,0.261,8.7,19.8,0.44,6.5,8.1,0.81,1.0,4.2,5.1,3.1,1.2,0.4,3.0,3.9,25.7,100.0,108.0,2012,DeMar DeRozan-2012,0.0,Not Selected,Guard,TOR,0.023232323232323233
2011-12,Boris Diaw,diawbo01,PF,29,TOT,57,35,1424,5.7,12.9,0.444,1.1,3.6,0.313,4.6,9.3,0.496,0.8,1.3,0.629,2.6,7.7,10.3,7.5,1.3,0.9,4.1,4.6,13.4,95.0,108.0,2012,Boris Diaw-2012,0.0,Not Selected,Forward,TOT,0.03333333333333333
2011-12,Ike Diogu,dioguik01,PF,28,SAS,2,0,14,0.0,7.4,0.0,0.0,0.0,0.0,0.0,7.4,0.0,7.4,7.4,1.0,0.0,3.7,3.7,0.0,0.0,0.0,3.7,3.7,7.4,58.0,110.0,2012,Ike Diogu-2012,0.0,Not Selected,Forward,SAS,0.050505050505050504
2011-12,DeSagana Diop,diopde01,C,30,CHA,27,9,325,2.4,6.8,0.35700000000000004,0.0,0.0,0.0,2.4,6.8,0.35700000000000004,0.2,1.0,0.16699999999999998,5.4,8.4,13.8,3.7,1.0,2.1,3.1,5.8,5.0,81.0,109.0,2012,DeSagana Diop-2012,0.0,Not Selected,Center,CHO,0.007070707070707071
2011-12,Keyon Dooling,doolike01,SG,31,BOS,46,2,662,5.3,13.1,0.405,2.2,6.5,0.33299999999999996,3.1,6.6,0.47600000000000003,1.8,2.5,0.742,0.2,2.9,3.1,4.1,1.0,0.2,2.7,4.6,14.6,93.0,104.0,2012,Keyon Dooling-2012,0.0,Not Selected,Guard,BOS,0.03939393939393939
2011-12,Toney Douglas,douglto01,PG,25,NYK,38,9,656,7.4,22.8,0.324,2.1,9.2,0.231,5.3,13.6,0.387,1.7,2.0,0.846,1.3,4.4,5.7,6.0,2.3,0.1,4.4,4.3,18.6,82.0,103.0,2012,Toney Douglas-2012,0.0,Not Selected,Guard,NYK,0.03636363636363636
2011-12,Goran Dragić,dragigo01,PG,25,HOU,66,28,1752,8.3,17.9,0.462,2.0,6.0,0.337,6.2,11.9,0.525,4.6,5.7,0.805,1.6,3.4,5.0,10.5,2.5,0.3,4.7,5.0,23.2,111.0,106.0,2012,Goran Dragić-2012,0.0,Not Selected,Guard,HOU,0.03434343434343434
2011-12,Jared Dudley,dudleja01,SG,26,PHO,65,60,2020,8.0,16.5,0.485,2.1,5.4,0.38299999999999995,6.0,11.1,0.535,3.1,4.2,0.726,2.4,5.3,7.7,2.9,1.3,0.5,1.8,2.7,21.1,115.0,109.0,2012,Jared Dudley-2012,0.0,Not Selected,Guard,PHO,0.03333333333333333
2011-12,Chris Duhon,duhonch01,PG,29,ORL,63,9,1226,3.7,8.9,0.419,2.2,5.2,0.42,1.5,3.7,0.41700000000000004,0.7,0.9,0.81,0.6,3.9,4.5,6.6,1.5,0.4,3.6,3.1,10.4,100.0,107.0,2012,Chris Duhon-2012,0.0,Not Selected,Guard,ORL,0.03737373737373737
2011-12,Tim Duncan,duncati01,C,35,SAS,58,58,1634,11.4,23.2,0.49200000000000005,0.0,0.1,0.0,11.4,23.1,0.495,5.5,7.9,0.695,3.5,13.0,16.4,4.2,1.2,2.8,3.1,3.1,28.3,108.0,99.0,2012,Tim Duncan-2012,0.0,Not Selected,Center,SAS,0.050505050505050504
2011-12,Mike Dunleavy,dunlemi02,SF,31,MIL,55,3,1445,8.5,17.9,0.474,2.9,7.4,0.39899999999999997,5.5,10.5,0.527,4.1,5.1,0.8109999999999999,1.0,6.2,7.2,4.1,1.0,0.3,2.1,3.1,24.0,118.0,108.0,2012,Mike Dunleavy-2012,0.0,Not Selected,Forward,MIL,0.031313131313131314
2011-12,Kevin Durant,duranke01,SF,23,OKC,66,66,2546,13.0,26.3,0.496,2.7,7.0,0.387,10.3,19.3,0.535,8.7,10.2,0.86,0.8,9.9,10.7,4.7,1.8,1.6,5.0,2.7,37.5,114.0,101.0,2012,Kevin Durant-2012,1.0,1st,Forward,OKC,0.047474747474747475
2011-12,Jerome Dyson,dysonje01,PG,24,NOH,9,1,180,5.7,14.5,0.396,0.3,2.4,0.125,5.4,12.1,0.45,8.5,10.9,0.778,0.6,5.1,5.7,5.4,3.3,0.6,6.0,5.7,20.2,91.0,103.0,2012,Jerome Dyson-2012,0.0,Not Selected,Guard,NOP,0.021212121212121213
2011-12,Devin Ebanks,ebankde01,SG,22,LAL,24,12,396,5.0,11.9,0.41600000000000004,0.0,1.2,0.0,5.0,10.7,0.46299999999999997,3.1,4.7,0.657,3.5,3.7,7.2,1.6,1.5,0.8,2.4,3.5,13.0,96.0,107.0,2012,Devin Ebanks-2012,0.0,Not Selected,Guard,LAL,0.04141414141414142
2011-12,Wayne Ellington,ellinwa01,SG,24,MIN,51,4,973,6.5,16.0,0.40399999999999997,1.9,5.7,0.324,4.6,10.3,0.44799999999999995,1.7,2.1,0.8,0.7,4.5,5.2,1.7,1.4,0.5,1.4,3.0,16.4,100.0,109.0,2012,Wayne Ellington-2012,0.0,Not Selected,Guard,MIN,0.026262626262626262
2011-12,Monta Ellis,ellismo01,SG,26,TOT,58,58,2120,11.0,25.4,0.433,1.5,4.9,0.308,9.5,20.5,0.462,5.3,6.7,0.7959999999999999,0.5,4.4,4.9,8.4,2.1,0.4,4.3,3.3,28.8,101.0,109.0,2012,Monta Ellis-2012,0.0,Not Selected,Guard,TOT,0.03333333333333333
2011-12,Francisco Elson,elsonfr01,C,35,PHI,5,0,16,3.3,10.0,0.33299999999999996,0.0,0.0,0.0,3.3,10.0,0.33299999999999996,0.0,0.0,0.0,0.0,3.3,3.3,3.3,3.3,3.3,3.3,0.0,6.7,61.0,96.0,2012,Francisco Elson-2012,0.0,Not Selected,Center,PHI,0.03535353535353535
2011-12,Andre Emmett,emmetan01,SF,29,NJN,6,0,45,4.7,8.3,0.5710000000000001,0.0,1.2,0.0,4.7,7.1,0.667,5.9,9.5,0.625,2.4,4.7,7.1,1.2,2.4,1.2,2.4,2.4,15.4,113.0,109.0,2012,Andre Emmett-2012,0.0,Not Selected,Forward,BRK,0.022222222222222223
2011-12,Semih Erden,erdense01,C,25,CLE,28,9,333,6.2,11.7,0.527,0.0,0.0,0.0,6.2,11.7,0.527,3.3,6.5,0.512,3.2,8.2,11.4,1.4,1.6,0.8,2.5,9.5,15.6,102.0,108.0,2012,Semih Erden-2012,0.0,Not Selected,Center,CLE,0.021212121212121213
2011-12,Jeremy Evans,evansje01,SF,24,UTA,29,0,217,6.5,10.2,0.643,0.0,0.2,0.0,6.5,9.9,0.659,1.9,3.9,0.5,4.6,7.5,12.1,3.1,1.5,5.8,1.2,5.6,15.0,131.0,101.0,2012,Jeremy Evans-2012,0.0,Not Selected,Forward,UTA,0.03636363636363636
2011-12,Maurice Evans,evansma01,SF,33,WAS,24,0,343,6.8,16.9,0.402,2.6,6.8,0.37799999999999995,4.2,10.1,0.418,1.5,2.0,0.769,1.2,2.4,3.6,1.4,2.1,0.0,1.5,5.4,17.7,101.0,110.0,2012,Maurice Evans-2012,0.0,Not Selected,Forward,WAS,0.020202020202020204
2011-12,Reggie Evans,evansre01,PF,31,LAC,56,0,771,2.4,5.0,0.47200000000000003,0.0,0.0,0.0,2.4,5.0,0.47200000000000003,2.5,5.0,0.507,7.0,11.9,18.9,1.2,2.2,0.4,3.1,8.2,7.3,101.0,102.0,2012,Reggie Evans-2012,0.0,Not Selected,Forward,LAC,0.04040404040404041
2011-12,Tyreke Evans,evansty01,SG,22,SAC,63,61,2162,9.6,21.1,0.45299999999999996,0.5,2.3,0.20199999999999999,9.1,18.8,0.484,4.7,6.0,0.779,1.5,5.3,6.8,6.6,2.0,0.7,4.0,3.2,24.3,103.0,111.0,2012,Tyreke Evans-2012,0.0,Not Selected,Guard,SAC,0.022222222222222223
2011-12,Christian Eyenga,eyengch01,SF,22,TOT,7,0,102,3.1,12.9,0.24,0.5,1.5,0.33299999999999996,2.6,11.4,0.22699999999999998,2.1,4.1,0.5,2.1,5.2,7.2,2.6,1.5,2.6,1.5,3.6,8.8,73.0,107.0,2012,Christian Eyenga-2012,0.0,Not Selected,Forward,TOT,0.03333333333333333
2011-12,Kenneth Faried,farieke01,PF,22,DEN,46,39,1037,8.9,15.2,0.586,0.0,0.0,0.0,8.9,15.2,0.586,5.4,8.1,0.665,7.0,10.3,17.3,1.8,1.7,2.3,2.7,5.7,23.1,123.0,103.0,2012,Kenneth Faried-2012,0.0,Not Selected,Forward,DEN,0.03838383838383838
2011-12,Jordan Farmar,farmajo01,PG,25,NJN,39,5,831,9.4,20.2,0.467,3.5,8.0,0.44,5.9,12.2,0.484,3.7,4.0,0.905,0.4,3.5,3.9,8.3,1.5,0.1,4.4,3.1,26.0,111.0,113.0,2012,Jordan Farmar-2012,0.0,Not Selected,Guard,BRK,0.022222222222222223
2011-12,Derrick Favors,favorde01,PF,20,UTA,65,9,1376,8.5,17.0,0.499,0.0,0.0,0.0,8.5,17.0,0.499,4.8,7.4,0.649,6.0,10.2,16.2,1.6,1.4,2.5,3.9,5.5,21.7,104.0,103.0,2012,Derrick Favors-2012,0.0,Not Selected,Forward,UTA,0.03636363636363636
2011-12,Raymond Felton,feltora01,PG,27,POR,60,56,1906,7.2,17.7,0.40700000000000003,1.7,5.6,0.305,5.5,12.1,0.45299999999999996,2.8,3.4,0.8059999999999999,0.7,3.4,4.1,10.8,2.2,0.3,4.7,3.4,18.9,99.0,109.0,2012,Raymond Felton-2012,0.0,Not Selected,Guard,POR,0.028282828282828285
2011-12,Rudy Fernández,fernaru01,SG,26,DEN,31,1,710,7.1,16.2,0.44,2.9,8.8,0.32799999999999996,4.2,7.4,0.573,2.2,3.1,0.698,0.6,4.0,4.7,5.4,2.2,0.2,2.9,2.7,19.2,106.0,108.0,2012,Rudy Fernández-2012,0.0,Not Selected,Guard,DEN,0.03838383838383838
2011-12,Kyrylo Fesenko,fesenky01,C,25,IND,3,0,17,6.2,15.6,0.4,0.0,0.0,0.0,6.2,15.6,0.4,12.4,18.7,0.667,6.2,21.8,28.0,3.1,6.2,0.0,0.0,6.2,24.9,129.0,84.0,2012,Kyrylo Fesenko-2012,0.0,Not Selected,Center,IND,0.04242424242424243
2011-12,Landry Fields,fieldla01,SG,23,NYK,66,62,1894,6.4,14.0,0.46,0.8,3.3,0.256,5.6,10.7,0.523,2.1,3.7,0.562,1.6,6.0,7.6,4.6,2.1,0.5,2.8,2.7,15.8,100.0,102.0,2012,Landry Fields-2012,0.0,Not Selected,Guard,NYK,0.03636363636363636
2011-12,Derek Fisher,fishede01,PG,37,TOT,63,43,1508,4.5,12.1,0.371,1.2,3.8,0.321,3.3,8.3,0.39299999999999996,2.0,2.3,0.851,0.4,3.8,4.2,5.9,1.8,0.1,2.5,4.1,12.2,97.0,107.0,2012,Derek Fisher-2012,0.0,Not Selected,Guard,TOT,0.03333333333333333
2011-12,Jonny Flynn,flynnjo01,PG,22,TOT,29,1,416,5.8,16.5,0.35100000000000003,1.3,4.3,0.294,4.5,12.2,0.371,3.7,4.9,0.7440000000000001,1.0,3.9,4.9,12.1,0.8,0.3,4.5,2.9,16.5,96.0,111.0,2012,Jonny Flynn-2012,0.0,Not Selected,Guard,TOT,0.03333333333333333
2011-12,Jeff Foote,footeje01,C,24,NOH,4,0,39,2.8,8.4,0.33299999999999996,0.0,0.0,0.0,2.8,8.4,0.33299999999999996,0.0,0.0,0.0,1.4,7.0,8.4,0.0,0.0,1.4,2.8,7.0,5.6,58.0,108.0,2012,Jeff Foote-2012,0.0,Not Selected,Center,NOP,0.021212121212121213
2011-12,Gary Forbes,forbega01,SG,26,TOR,48,2,713,8.4,20.4,0.413,2.2,6.3,0.349,6.3,14.2,0.441,5.0,6.9,0.725,2.0,5.7,7.7,4.1,1.8,0.3,4.1,4.2,24.1,97.0,106.0,2012,Gary Forbes-2012,0.0,Not Selected,Guard,TOR,0.023232323232323233
2011-12,T.J. Ford,fordtj01,PG,28,SAS,14,0,191,5.1,11.6,0.442,0.5,2.2,0.25,4.6,9.5,0.486,3.0,3.8,0.7859999999999999,0.8,4.1,4.9,12.2,2.4,0.5,6.2,6.2,13.8,96.0,104.0,2012,T.J. Ford-2012,0.0,Not Selected,Guard,SAS,0.050505050505050504
2011-12,Courtney Fortson,fortsco01,PG,23,TOT,10,0,95,6.1,17.9,0.344,1.7,7.3,0.231,4.5,10.6,0.42100000000000004,5.6,8.4,0.667,3.4,5.0,8.4,5.6,1.7,0.0,5.6,2.8,19.5,89.0,108.0,2012,Courtney Fortson-2012,0.0,Not Selected,Guard,TOT,0.03333333333333333
2011-12,Jeff Foster,fosteje01,C,35,IND,11,0,141,3.4,6.8,0.5,0.4,0.4,1.0,3.0,6.4,0.47100000000000003,2.3,3.4,0.667,6.8,9.0,15.8,1.5,3.0,0.4,2.6,9.8,9.4,112.0,99.0,2012,Jeff Foster-2012,0.0,Not Selected,Center,IND,0.04242424242424243
2011-12,Randy Foye,foyera01,SG,28,LAC,65,48,1682,8.2,20.6,0.39799999999999996,4.1,10.5,0.386,4.1,10.1,0.41,2.3,2.7,0.8590000000000001,0.8,3.6,4.4,4.7,1.5,0.8,2.3,4.2,22.8,108.0,109.0,2012,Randy Foye-2012,0.0,Not Selected,Guard,LAC,0.04040404040404041
2011-12,Jimmer Fredette,fredeji01,PG,22,SAC,61,7,1135,7.7,19.9,0.386,3.5,9.6,0.361,4.2,10.3,0.409,1.8,2.1,0.833,0.8,2.5,3.3,4.8,1.3,0.1,3.0,3.3,20.6,100.0,114.0,2012,Jimmer Fredette-2012,0.0,Not Selected,Guard,SAC,0.022222222222222223
2011-12,Channing Frye,fryech01,PF,28,PHO,64,59,1669,7.9,19.0,0.41600000000000004,2.8,8.2,0.34600000000000003,5.1,10.9,0.469,2.3,2.5,0.89,2.2,9.6,11.8,2.7,1.3,2.2,2.0,5.5,20.9,106.0,104.0,2012,Channing Frye-2012,0.0,Not Selected,Forward,PHO,0.03333333333333333
2011-12,Dan Gadzuric,gadzuda01,C,33,NYK,2,0,13,0.0,7.9,0.0,0.0,0.0,0.0,0.0,7.9,0.0,0.0,7.9,0.0,4.0,15.9,19.8,0.0,4.0,4.0,4.0,15.9,0.0,17.0,87.0,2012,Dan Gadzuric-2012,0.0,Not Selected,Center,NYK,0.03636363636363636
2011-12,Sundiata Gaines,gainesu01,SG,25,NJN,57,12,793,6.8,18.2,0.376,1.9,5.5,0.341,5.0,12.7,0.392,4.0,6.4,0.615,1.8,5.4,7.3,8.5,3.7,0.1,3.5,3.9,19.5,100.0,107.0,2012,Sundiata Gaines-2012,0.0,Not Selected,Guard,BRK,0.022222222222222223
2011-12,Danilo Gallinari,gallida01,SF,23,DEN,43,40,1351,7.3,17.6,0.414,2.3,6.9,0.32799999999999996,5.0,10.7,0.47,6.9,7.9,0.871,1.1,6.6,7.6,4.4,1.6,0.9,2.6,3.2,23.7,114.0,107.0,2012,Danilo Gallinari-2012,0.0,Not Selected,Forward,DEN,0.03838383838383838
2011-12,Francisco García,garcifr01,SF,30,SAC,49,3,798,5.5,14.5,0.376,2.4,8.3,0.29,3.0,6.2,0.49,1.5,1.9,0.8,0.7,5.6,6.3,2.0,2.3,2.4,1.4,4.6,14.9,101.0,108.0,2012,Francisco García-2012,0.0,Not Selected,Forward,SAC,0.022222222222222223
2011-12,Kevin Garnett,garneke01,C,35,BOS,60,60,1864,11.1,22.1,0.503,0.1,0.3,0.33299999999999996,11.1,21.9,0.505,4.6,5.4,0.857,1.9,12.2,14.1,5.0,1.6,1.7,3.0,4.0,27.0,106.0,94.0,2012,Kevin Garnett-2012,0.0,Not Selected,Center,BOS,0.03939393939393939
2011-12,Marc Gasol,gasolma01,C,27,MEM,65,65,2370,8.0,16.5,0.48200000000000004,0.0,0.3,0.083,7.9,16.2,0.489,5.3,7.1,0.748,2.7,10.2,12.9,4.6,1.4,2.7,2.7,4.5,21.2,111.0,99.0,2012,Marc Gasol-2012,0.0,Not Selected,Center,MEM,0.04141414141414142
2011-12,Pau Gasol,gasolpa01,PF,31,LAL,65,65,2430,10.0,20.0,0.501,0.2,0.6,0.259,9.9,19.4,0.508,4.5,5.7,0.782,4.0,10.8,14.8,5.2,0.8,1.9,3.1,2.8,24.6,112.0,103.0,2012,Pau Gasol-2012,0.0,Not Selected,Forward,LAL,0.04141414141414142
2011-12,Rudy Gay,gayru01,SF,25,MEM,65,65,2422,10.6,23.3,0.455,1.2,3.8,0.312,9.4,19.5,0.48200000000000004,4.5,5.7,0.7909999999999999,2.8,6.3,9.1,3.2,2.1,1.2,3.5,3.0,26.9,104.0,102.0,2012,Rudy Gay-2012,0.0,Not Selected,Forward,MEM,0.04141414141414142
2011-12,Alonzo Gee,geeal01,SG,24,CLE,63,31,1827,6.5,15.9,0.41200000000000003,1.3,3.9,0.321,5.3,11.9,0.442,4.8,6.1,0.7879999999999999,2.9,6.4,9.3,3.3,2.4,0.5,3.3,4.3,19.1,102.0,108.0,2012,Alonzo Gee-2012,0.0,Not Selected,Guard,CLE,0.021212121212121213
2011-12,Paul George,georgpa01,SG,21,IND,66,66,1958,7.6,17.3,0.44,2.4,6.3,0.385,5.2,10.9,0.47200000000000003,3.9,4.9,0.802,1.5,8.5,10.0,4.3,2.9,1.0,3.2,5.2,21.6,108.0,100.0,2012,Paul George-2012,0.0,Not Selected,Guard,IND,0.04242424242424243
2011-12,Daniel Gibson,gibsoda01,SG,25,CLE,35,7,916,5.0,14.2,0.35100000000000003,3.2,8.0,0.396,1.8,6.3,0.294,2.0,2.5,0.7909999999999999,0.6,5.2,5.8,4.4,1.5,0.9,2.6,4.0,15.1,98.0,110.0,2012,Daniel Gibson-2012,0.0,Not Selected,Guard,CLE,0.021212121212121213
2011-12,Taj Gibson,gibsota01,PF,26,CHI,63,0,1284,8.4,16.9,0.495,0.0,0.0,0.0,8.4,16.9,0.495,3.5,5.7,0.622,5.7,8.3,13.9,2.0,1.1,3.4,2.5,5.5,20.3,109.0,96.0,2012,Taj Gibson-2012,0.0,Not Selected,Forward,CHI,0.050505050505050504
2011-12,Manu Ginóbili,ginobma01,SG,34,SAS,34,7,792,9.8,18.6,0.526,3.4,8.2,0.413,6.4,10.4,0.616,5.7,6.6,0.871,1.2,6.4,7.6,9.9,1.6,0.8,4.2,3.7,28.7,125.0,104.0,2012,Manu Ginóbili-2012,0.0,Not Selected,Guard,SAS,0.050505050505050504
2011-12,Mickell Gladness,gladnmi01,PF,25,TOT,26,7,252,5.2,12.2,0.424,0.0,0.0,0.0,5.2,12.2,0.424,1.2,2.5,0.5,2.9,9.1,12.0,1.0,0.8,4.1,1.4,6.6,11.6,92.0,105.0,2012,Mickell Gladness-2012,0.0,Not Selected,Forward,TOT,0.03333333333333333
2011-12,Ryan Gomes,gomesry01,SF,29,LAC,32,2,425,3.9,12.0,0.326,0.5,3.7,0.138,3.4,8.4,0.409,1.0,1.4,0.727,1.8,6.0,7.7,1.5,2.0,0.0,1.9,4.3,9.4,81.0,107.0,2012,Ryan Gomes-2012,0.0,Not Selected,Forward,LAC,0.04040404040404041
2011-12,Drew Gooden,goodedr01,C,30,MIL,56,46,1469,10.0,22.9,0.43700000000000006,0.6,1.9,0.29100000000000004,9.4,21.0,0.45,6.1,7.2,0.846,4.5,8.1,12.7,5.0,1.6,1.2,3.8,3.9,26.7,105.0,104.0,2012,Drew Gooden-2012,0.0,Not Selected,Center,MIL,0.031313131313131314
2011-12,Ben Gordon,gordobe01,SG,28,DET,52,21,1398,9.0,20.4,0.442,2.4,5.7,0.429,6.6,14.7,0.446,4.5,5.2,0.86,0.5,4.1,4.7,4.9,1.3,0.4,4.4,4.4,24.9,101.0,109.0,2012,Ben Gordon-2012,0.0,Not Selected,Guard,DET,0.025252525252525252
2011-12,Eric Gordon,gordoer01,PG,23,NOH,9,9,310,11.0,24.5,0.45,1.8,7.0,0.25,9.3,17.5,0.53,8.6,11.4,0.754,0.4,4.0,4.4,5.4,2.3,0.7,4.2,3.5,32.4,105.0,106.0,2012,Eric Gordon-2012,0.0,Not Selected,Guard,NOP,0.021212121212121213
2011-12,Marcin Gortat,gortama01,C,27,PHO,66,66,2114,10.5,18.9,0.555,0.0,0.0,0.0,10.5,18.8,0.557,4.0,6.2,0.649,4.5,11.6,16.2,1.4,1.2,2.4,2.2,3.5,24.9,115.0,103.0,2012,Marcin Gortat-2012,0.0,Not Selected,Center,PHO,0.03333333333333333
2011-12,Andrew Goudelock,goudean01,SG,23,LAL,40,0,419,8.6,22.0,0.391,3.5,9.5,0.373,5.1,12.5,0.40399999999999997,1.4,1.5,0.917,0.6,3.3,3.9,2.5,0.5,0.0,2.7,4.0,22.1,95.0,110.0,2012,Andrew Goudelock-2012,0.0,Not Selected,Guard,LAL,0.04141414141414142
2011-12,Danny Granger,grangda01,SF,28,IND,62,62,2062,10.0,24.1,0.41600000000000004,3.2,8.3,0.381,6.9,15.9,0.434,6.5,7.5,0.873,2.0,5.8,7.9,2.8,1.6,1.0,2.8,3.7,29.7,111.0,104.0,2012,Danny Granger-2012,0.0,Not Selected,Forward,IND,0.04242424242424243
2011-12,Aaron Gray,grayaa01,C,27,TOR,49,40,813,5.5,10.6,0.516,0.0,0.0,0.0,5.5,10.6,0.516,1.7,3.1,0.532,5.5,13.1,18.6,1.8,1.5,1.1,3.4,8.4,12.6,98.0,100.0,2012,Aaron Gray-2012,0.0,Not Selected,Center,TOR,0.023232323232323233
2011-12,Danny Green,greenda02,SG,24,SAS,66,38,1522,7.2,16.2,0.442,3.5,7.9,0.436,3.7,8.2,0.449,2.7,3.4,0.79,1.8,5.9,7.7,2.9,2.0,1.6,2.3,3.6,20.5,112.0,103.0,2012,Danny Green-2012,0.0,Not Selected,Guard,SAS,0.050505050505050504
2011-12,Gerald Green,greenge01,SF,26,NJN,31,2,781,10.5,21.8,0.48100000000000004,2.9,7.5,0.391,7.6,14.3,0.529,3.3,4.4,0.754,1.0,6.3,7.4,2.3,1.9,1.2,3.8,5.5,27.3,103.0,109.0,2012,Gerald Green-2012,0.0,Not Selected,Forward,BRK,0.022222222222222223
2011-12,Willie Green,greenwi01,SG,30,ATL,53,2,922,8.8,18.8,0.47100000000000003,2.9,6.5,0.442,5.9,12.2,0.486,2.8,3.2,0.857,0.9,3.8,4.6,2.3,1.3,0.3,1.9,4.3,23.3,110.0,105.0,2012,Willie Green-2012,0.0,Not Selected,Guard,ATL,0.04040404040404041
2011-12,Donté Greene,greendo01,PF,23,SAC,53,7,777,7.0,17.4,0.406,1.6,6.9,0.23800000000000002,5.4,10.5,0.516,2.9,3.6,0.8,1.2,7.4,8.7,2.2,1.2,1.9,2.1,4.4,18.6,100.0,110.0,2012,Donté Greene-2012,0.0,Not Selected,Forward,SAC,0.022222222222222223
2011-12,Blake Griffin,griffbl01,PF,22,LAC,66,66,2392,12.6,23.0,0.5489999999999999,0.0,0.4,0.125,12.6,22.6,0.556,5.5,10.5,0.521,4.9,11.2,16.1,4.7,1.2,1.1,3.4,4.9,30.8,113.0,104.0,2012,Blake Griffin-2012,2.0,2nd,Forward,LAC,0.04040404040404041
2011-12,Hamed Haddadi,haddaha01,C,26,MEM,35,0,206,6.7,12.3,0.542,0.0,0.3,0.0,6.7,12.1,0.5529999999999999,4.6,6.7,0.6920000000000001,7.2,11.0,18.2,2.1,0.3,6.7,5.4,11.0,18.0,102.0,97.0,2012,Hamed Haddadi-2012,0.0,Not Selected,Center,MEM,0.04141414141414142
2011-12,Jordan Hamilton,hamiljo02,SF,21,DEN,26,2,258,9.5,21.9,0.43200000000000005,3.4,9.3,0.36200000000000004,6.1,12.6,0.484,0.4,1.0,0.4,2.2,10.1,12.2,4.0,0.8,0.6,3.2,3.0,22.7,99.0,107.0,2012,Jordan Hamilton-2012,0.0,Not Selected,Forward,DEN,0.03838383838383838
2011-12,Richard Hamilton,hamilri01,SG,33,CHI,28,28,697,10.8,23.9,0.452,1.3,3.6,0.37,9.5,20.4,0.466,2.2,2.9,0.784,1.5,3.6,5.1,6.5,0.9,0.1,3.8,4.3,25.2,101.0,104.0,2012,Richard Hamilton-2012,0.0,Not Selected,Guard,CHI,0.050505050505050504
2011-12,Tyler Hansbrough,hansbty01,PF,26,IND,66,0,1442,7.1,17.6,0.405,0.0,0.0,0.0,7.1,17.5,0.406,8.3,10.2,0.813,4.1,6.5,10.6,1.1,2.0,0.3,2.4,5.8,22.5,108.0,104.0,2012,Tyler Hansbrough-2012,0.0,Not Selected,Forward,IND,0.04242424242424243
2011-12,Luke Harangody,haranlu01,PF,24,CLE,21,1,231,5.2,14.8,0.354,1.1,4.8,0.23800000000000002,4.1,10.0,0.409,2.0,2.7,0.75,4.6,7.5,12.1,1.4,1.4,0.7,0.9,3.9,13.7,101.0,109.0,2012,Luke Harangody-2012,0.0,Not Selected,Forward,CLE,0.021212121212121213
2011-12,James Harden,hardeja01,SG,22,OKC,62,2,1946,8.2,16.7,0.491,3.0,7.7,0.39,5.2,8.9,0.579,8.3,9.8,0.846,0.8,5.9,6.7,6.1,1.6,0.4,3.6,4.0,27.7,125.0,105.0,2012,James Harden-2012,0.0,Not Selected,Guard,OKC,0.047474747474747475
2011-12,Justin Harper,harpeju01,PF,22,ORL,14,0,84,5.8,19.9,0.29,1.3,8.3,0.154,4.5,11.6,0.389,0.0,0.6,0.0,1.9,5.8,7.7,1.3,1.3,1.9,3.9,3.2,12.8,63.0,104.0,2012,Justin Harper-2012,0.0,Not Selected,Forward,ORL,0.03737373737373737
2011-12,Josh Harrellson,harrejo01,PF,22,NYK,37,4,540,6.0,14.2,0.423,1.9,5.6,0.33899999999999997,4.1,8.6,0.478,1.5,2.5,0.615,4.5,9.3,13.7,1.0,2.2,1.9,1.9,4.6,15.5,105.0,98.0,2012,Josh Harrellson-2012,0.0,Not Selected,Forward,NYK,0.03636363636363636
2011-12,Al Harrington,harrial01,PF,31,DEN,64,1,1761,10.0,22.4,0.446,2.9,8.8,0.33299999999999996,7.1,13.6,0.519,3.4,5.1,0.6759999999999999,2.1,9.2,11.3,2.5,1.7,0.3,3.2,5.2,26.3,103.0,105.0,2012,Al Harrington-2012,0.0,Not Selected,Forward,DEN,0.03838383838383838
2011-12,Devin Harris,harride01,PG,28,UTA,63,63,1741,7.3,16.3,0.445,2.3,6.4,0.36200000000000004,4.9,9.9,0.498,4.7,6.3,0.746,0.4,3.0,3.4,9.5,1.9,0.4,3.7,4.1,21.6,112.0,109.0,2012,Devin Harris-2012,0.0,Not Selected,Guard,UTA,0.03636363636363636
2011-12,Manny Harris,harrima01,SG,22,CLE,26,5,456,6.9,17.3,0.4,1.4,4.1,0.33299999999999996,5.5,13.1,0.42100000000000004,4.7,6.8,0.695,1.3,6.8,8.1,3.6,1.5,0.7,3.1,3.2,19.9,97.0,109.0,2012,Manny Harris-2012,0.0,Not Selected,Guard,CLE,0.021212121212121213
2011-12,Terrel Harris,harrite01,SG,24,MIA,22,1,318,4.8,13.7,0.349,1.3,6.5,0.205,3.5,7.3,0.47700000000000004,2.3,3.5,0.667,3.0,5.5,8.4,4.3,1.5,0.3,4.1,5.6,13.2,87.0,103.0,2012,Terrel Harris-2012,0.0,Not Selected,Guard,MIA,0.046464646464646465
2011-12,Tobias Harris,harrito02,SF,19,MIL,42,9,479,8.4,18.1,0.467,0.6,2.5,0.261,7.8,15.6,0.5,4.7,5.8,0.815,3.2,7.6,10.8,2.4,1.4,0.7,3.3,4.8,22.2,104.0,106.0,2012,Tobias Harris-2012,0.0,Not Selected,Forward,MIL,0.031313131313131314
2011-12,Udonis Haslem,hasleud01,PF,31,MIA,64,10,1589,5.0,11.8,0.423,0.0,0.0,0.0,5.0,11.8,0.423,2.7,3.4,0.8140000000000001,3.9,11.7,15.6,1.4,1.2,0.8,2.0,4.7,12.8,102.0,99.0,2012,Udonis Haslem-2012,0.0,Not Selected,Forward,MIA,0.046464646464646465
2011-12,Spencer Hawes,hawessp01,C,23,PHI,37,29,920,9.1,18.6,0.489,0.2,0.7,0.25,8.9,17.9,0.498,2.3,3.2,0.727,4.5,11.2,15.7,5.7,0.9,2.8,3.2,5.8,20.7,105.0,97.0,2012,Spencer Hawes-2012,0.0,Not Selected,Center,PHI,0.03535353535353535
2011-12,Chuck Hayes,hayesch01,C,28,SAC,54,9,1039,3.6,8.3,0.429,0.0,0.1,0.0,3.6,8.2,0.435,1.3,1.9,0.667,3.5,7.9,11.4,3.8,1.8,0.8,2.4,5.4,8.4,98.0,109.0,2012,Chuck Hayes-2012,0.0,Not Selected,Center,SAC,0.022222222222222223
2011-12,Gordon Hayward,haywago01,SF,21,UTA,66,58,2015,7.0,15.3,0.456,1.4,4.1,0.34600000000000003,5.5,11.1,0.496,5.0,6.0,0.8320000000000001,1.5,4.5,6.0,5.4,1.4,1.1,2.8,2.8,20.4,113.0,109.0,2012,Gordon Hayward-2012,0.0,Not Selected,Forward,UTA,0.03636363636363636
2011-12,Lazar Hayward,haywala01,SF,25,OKC,26,0,141,4.8,13.9,0.342,1.5,5.1,0.28600000000000003,3.3,8.8,0.375,2.6,4.4,0.583,0.7,5.1,5.9,1.5,1.1,0.4,3.3,6.6,13.5,80.0,107.0,2012,Lazar Hayward-2012,0.0,Not Selected,Forward,OKC,0.047474747474747475
2011-12,Brendan Haywood,haywobr01,C,32,DAL,54,54,1146,5.4,10.4,0.518,0.0,0.0,0.0,5.4,10.4,0.518,2.1,4.4,0.469,6.4,8.5,14.8,0.9,1.1,2.5,2.1,5.5,12.9,107.0,101.0,2012,Brendan Haywood-2012,0.0,Not Selected,Center,DAL,0.03636363636363636
2011-12,Gerald Henderson,hendege02,SG,24,CHA,55,55,1831,9.6,20.8,0.45899999999999996,0.3,1.4,0.23399999999999999,9.2,19.5,0.475,4.5,5.9,0.76,1.8,4.6,6.5,3.6,1.4,0.6,2.9,3.7,23.9,99.0,112.0,2012,Gerald Henderson-2012,0.0,Not Selected,Guard,CHO,0.007070707070707071
2011-12,Xavier Henry,henryxa01,SG,20,NOH,45,0,759,6.4,16.3,0.395,0.5,1.2,0.41200000000000003,5.9,15.1,0.39299999999999996,3.7,6.1,0.612,1.7,5.9,7.6,2.5,1.9,0.6,2.5,4.2,17.1,91.0,106.0,2012,Xavier Henry-2012,0.0,Not Selected,Guard,NOP,0.021212121212121213
2011-12,Roy Hibbert,hibbero01,C,25,IND,65,65,1937,9.1,18.2,0.49700000000000005,0.0,0.0,0.0,9.1,18.2,0.498,4.6,6.5,0.711,5.8,9.8,15.6,2.9,0.9,3.5,3.5,5.3,22.8,109.0,101.0,2012,Roy Hibbert-2012,0.0,Not Selected,Center,IND,0.04242424242424243
2011-12,J.J. Hickson,hicksjj01,PF,23,TOT,54,19,1244,7.6,16.3,0.467,0.0,0.1,0.0,7.6,16.2,0.469,3.6,5.6,0.642,5.5,8.4,13.9,1.9,1.2,1.5,2.9,3.5,18.8,102.0,108.0,2012,J.J. Hickson-2012,0.0,Not Selected,Forward,TOT,0.03333333333333333
2011-12,Cory Higgins,higgico01,PG,22,CHA,38,0,423,6.5,19.9,0.325,0.5,2.5,0.2,6.0,17.4,0.34299999999999997,5.2,7.5,0.7,0.9,3.5,4.4,4.5,0.6,0.7,4.9,5.0,18.7,77.0,114.0,2012,Cory Higgins-2012,0.0,Not Selected,Guard,CHO,0.007070707070707071
2011-12,Nenê,hilarne01,C,29,TOT,39,33,1110,9.7,18.1,0.537,0.0,0.2,0.0,9.7,17.9,0.542,5.2,7.7,0.6729999999999999,2.9,10.5,13.4,3.7,1.9,1.8,4.4,4.4,24.7,105.0,103.0,2012,Nenê-2012,0.0,Not Selected,Center,TOT,0.03333333333333333
2011-12,George Hill,hillge01,PG,25,IND,50,9,1274,7.0,15.8,0.442,2.2,6.1,0.36700000000000005,4.7,9.7,0.489,3.8,4.9,0.778,1.3,5.0,6.3,6.0,1.7,0.7,2.2,4.1,20.0,117.0,105.0,2012,George Hill-2012,0.0,Not Selected,Guard,IND,0.04242424242424243
2011-12,Grant Hill,hillgr01,SF,39,PHO,49,46,1378,7.6,17.0,0.446,0.5,2.0,0.264,7.0,15.0,0.47,3.1,4.1,0.7609999999999999,1.1,5.3,6.4,4.0,1.5,1.1,2.4,3.3,18.8,100.0,107.0,2012,Grant Hill-2012,0.0,Not Selected,Forward,PHO,0.03333333333333333
2011-12,Jordan Hill,hilljo01,C,24,TOT,39,8,551,7.8,15.7,0.49700000000000005,0.0,0.3,0.0,7.8,15.4,0.506,2.9,4.5,0.638,5.8,11.9,17.7,1.5,1.3,2.6,3.0,6.8,18.5,105.0,101.0,2012,Jordan Hill-2012,0.0,Not Selected,Center,TOT,0.03333333333333333
2011-12,Kirk Hinrich,hinriki01,SG,31,ATL,48,31,1237,5.2,12.7,0.414,2.0,5.8,0.34600000000000003,3.2,6.8,0.47200000000000003,1.1,1.4,0.7809999999999999,0.5,3.9,4.3,5.7,1.6,0.5,2.5,4.3,13.6,100.0,104.0,2012,Kirk Hinrich-2012,0.0,Not Selected,Guard,ATL,0.04040404040404041
2011-12,Darington Hobson,hobsoda01,SG,24,MIL,5,0,39,2.6,17.1,0.154,0.0,7.9,0.0,2.6,9.2,0.28600000000000003,0.0,0.0,0.0,0.0,3.9,3.9,7.9,0.0,0.0,2.6,1.3,5.3,50.0,112.0,2012,Darington Hobson-2012,0.0,Not Selected,Guard,MIL,0.031313131313131314
2011-12,Jrue Holiday,holidjr01,PG,21,PHI,65,65,2196,8.8,20.3,0.43200000000000005,1.6,4.2,0.38,7.2,16.2,0.445,2.3,2.9,0.7829999999999999,1.4,3.8,5.2,7.1,2.5,0.4,3.3,3.3,21.4,99.0,101.0,2012,Jrue Holiday-2012,0.0,Not Selected,Guard,PHI,0.03535353535353535
2011-12,Ryan Hollins,holliry01,C,27,TOT,39,8,522,4.6,8.5,0.5479999999999999,0.0,0.0,0.0,4.6,8.5,0.5479999999999999,3.9,7.6,0.52,3.4,4.8,8.3,0.9,0.5,1.7,3.5,7.9,13.2,95.0,108.0,2012,Ryan Hollins-2012,0.0,Not Selected,Center,TOT,0.03333333333333333
2011-12,Tyler Honeycutt,honeyty01,SF,21,SAC,15,0,88,4.6,13.8,0.33299999999999996,0.6,1.7,0.33299999999999996,4.0,12.1,0.33299999999999996,1.7,2.9,0.6,1.7,6.3,8.1,4.0,2.3,1.7,1.2,1.7,11.5,92.0,108.0,2012,Tyler Honeycutt-2012,0.0,Not Selected,Forward,SAC,0.022222222222222223
2011-12,Al Horford,horfoal01,C,25,ATL,11,11,348,8.7,15.7,0.5529999999999999,0.0,0.2,0.0,8.7,15.6,0.5589999999999999,3.4,4.6,0.733,4.0,7.8,11.8,3.7,1.5,2.1,2.4,3.2,20.8,116.0,100.0,2012,Al Horford-2012,0.0,Not Selected,Center,ATL,0.04040404040404041
2011-12,Dennis Horner,hornede01,PF,23,NJN,8,0,22,2.4,9.7,0.25,0.0,2.4,0.0,2.4,7.3,0.33299999999999996,7.3,9.7,0.75,4.8,7.3,12.1,0.0,0.0,0.0,2.4,2.4,12.1,94.0,114.0,2012,Dennis Horner-2012,0.0,Not Selected,Forward,BRK,0.022222222222222223
2011-12,Dwight Howard,howardw01,C,26,ORL,54,54,2070,10.8,18.9,0.573,0.0,0.2,0.0,10.8,18.7,0.579,7.3,14.9,0.491,5.2,15.2,20.4,2.7,2.1,3.0,4.6,4.1,29.0,106.0,96.0,2012,Dwight Howard-2012,1.0,1st,Center,ORL,0.03737373737373737
2011-12,Josh Howard,howarjo01,SF,31,UTA,43,18,991,7.6,19.1,0.39899999999999997,0.5,2.0,0.243,7.2,17.2,0.41700000000000004,4.0,5.1,0.773,2.1,6.3,8.4,2.6,1.7,0.5,2.8,4.8,19.7,95.0,107.0,2012,Josh Howard-2012,0.0,Not Selected,Forward,UTA,0.03636363636363636
2011-12,Juwan Howard,howarju01,PF,38,MIA,28,0,190,4.7,15.2,0.309,0.0,0.0,0.0,4.7,15.2,0.309,2.2,2.8,0.8,5.0,8.0,13.0,2.8,1.1,0.3,5.5,5.0,11.6,73.0,102.0,2012,Juwan Howard-2012,0.0,Not Selected,Forward,MIA,0.046464646464646465
2011-12,Lester Hudson,hudsole01,PG,27,TOT,16,0,334,9.8,25.5,0.38299999999999995,2.5,10.1,0.25,7.2,15.4,0.469,5.4,6.5,0.8290000000000001,1.1,6.1,7.2,5.7,2.2,0.5,5.0,4.1,27.4,94.0,108.0,2012,Lester Hudson-2012,0.0,Not Selected,Guard,TOT,0.03333333333333333
2011-12,Larry Hughes,hughela01,PG,33,ORL,9,0,114,2.4,10.4,0.22699999999999998,0.5,3.3,0.14300000000000002,1.9,7.1,0.267,0.5,0.9,0.5,0.5,1.9,2.4,3.3,0.9,0.0,5.7,4.7,5.7,48.0,110.0,2012,Larry Hughes-2012,0.0,Not Selected,Guard,ORL,0.03737373737373737
2011-12,Kris Humphries,humphkr01,PF,26,NJN,62,62,2162,8.0,16.5,0.48100000000000004,0.0,0.0,0.0,8.0,16.5,0.48100000000000004,5.1,6.8,0.752,5.7,11.0,16.8,2.2,1.2,1.8,2.9,4.3,21.1,110.0,106.0,2012,Kris Humphries-2012,0.0,Not Selected,Forward,BRK,0.022222222222222223
2011-12,Serge Ibaka,ibakase01,PF,22,OKC,66,66,1792,7.5,14.1,0.535,0.0,0.1,0.33299999999999996,7.5,14.0,0.536,2.2,3.4,0.6609999999999999,5.6,8.8,14.3,0.8,1.0,6.9,2.3,5.2,17.4,113.0,98.0,2012,Serge Ibaka-2012,0.0,Not Selected,Forward,OKC,0.047474747474747475
2011-12,Andre Iguodala,iguodan01,SF,28,PHI,62,62,2209,7.0,15.3,0.45399999999999996,1.8,4.7,0.39399999999999996,5.1,10.6,0.48100000000000004,2.9,4.7,0.617,1.4,7.9,9.2,8.2,2.6,0.7,2.8,2.2,18.7,108.0,98.0,2012,Andre Iguodala-2012,0.0,Not Selected,Forward,PHI,0.03535353535353535
2011-12,Ersan İlyasova,ilyaser01,PF,24,MIL,60,41,1655,9.1,18.5,0.49200000000000005,1.6,3.5,0.455,7.5,15.0,0.501,4.4,5.7,0.7809999999999999,6.1,10.3,16.4,2.2,1.3,1.4,2.4,4.1,24.2,118.0,103.0,2012,Ersan İlyasova-2012,0.0,Not Selected,Forward,MIL,0.031313131313131314
2011-12,Kyrie Irving,irvinky01,PG,19,CLE,51,51,1558,11.8,25.2,0.469,2.5,6.2,0.39899999999999997,9.3,19.0,0.491,5.8,6.6,0.872,1.5,5.0,6.4,9.3,1.8,0.7,5.4,3.7,31.8,109.0,110.0,2012,Kyrie Irving-2012,0.0,Not Selected,Guard,CLE,0.021212121212121213
2011-12,Royal Ivey,iveyro01,SG,30,OKC,34,0,354,3.8,10.6,0.35600000000000004,2.6,7.7,0.34,1.2,2.9,0.4,0.1,1.2,0.125,0.1,3.4,3.5,1.5,2.0,0.0,1.3,5.2,10.3,92.0,107.0,2012,Royal Ivey-2012,0.0,Not Selected,Guard,OKC,0.047474747474747475
2011-12,Jarrett Jack,jackja01,PG,28,NOH,45,39,1530,9.4,20.7,0.456,1.4,4.0,0.348,8.1,16.7,0.48200000000000004,4.6,5.3,0.872,0.8,5.4,6.3,10.1,1.1,0.3,3.8,3.3,24.9,109.0,108.0,2012,Jarrett Jack-2012,0.0,Not Selected,Guard,NOP,0.021212121212121213
2011-12,Reggie Jackson,jacksre01,PG,21,OKC,45,0,501,5.3,16.4,0.321,1.3,6.4,0.21,3.9,10.0,0.392,2.6,3.0,0.862,1.4,4.0,5.5,7.3,2.6,0.1,3.7,3.2,14.4,90.0,105.0,2012,Reggie Jackson-2012,0.0,Not Selected,Guard,OKC,0.047474747474747475
2011-12,Stephen Jackson,jacksst02,SF,33,TOT,47,14,1212,6.7,18.0,0.374,2.1,7.2,0.28800000000000003,4.7,10.8,0.431,4.0,4.8,0.825,0.9,6.0,6.9,5.0,2.3,0.6,4.4,4.2,19.5,92.0,104.0,2012,Stephen Jackson-2012,0.0,Not Selected,Forward,TOT,0.03333333333333333
2011-12,Damion James,jamesda01,SF,24,NJN,7,7,170,4.1,11.0,0.371,0.0,0.3,0.0,4.1,10.7,0.382,2.5,3.8,0.667,2.2,8.1,10.3,0.9,2.2,2.2,3.8,5.3,10.7,76.0,106.0,2012,Damion James-2012,0.0,Not Selected,Forward,BRK,0.022222222222222223
2011-12,LeBron James,jamesle01,SF,27,MIA,62,62,2326,14.1,26.4,0.531,1.2,3.4,0.36200000000000004,12.8,23.1,0.556,8.8,11.4,0.7709999999999999,2.1,9.0,11.1,8.8,2.6,1.1,4.8,2.2,38.1,118.0,97.0,2012,LeBron James-2012,1.0,1st,Forward,MIA,0.046464646464646465
2011-12,Mike James,jamesmi01,PG,36,CHI,11,0,120,9.0,22.0,0.408,2.7,4.5,0.6,6.3,17.5,0.359,3.1,3.6,0.875,0.9,3.6,4.5,13.0,1.8,0.9,6.3,9.0,23.8,101.0,101.0,2012,Mike James-2012,0.0,Not Selected,Guard,CHI,0.050505050505050504
2011-12,Antawn Jamison,jamisan01,PF,35,CLE,65,65,2151,10.3,25.5,0.40299999999999997,2.2,6.5,0.341,8.1,19.0,0.425,4.5,6.6,0.6829999999999999,3.0,7.0,10.0,3.2,1.2,1.1,2.2,4.0,27.3,103.0,109.0,2012,Antawn Jamison-2012,0.0,Not Selected,Forward,CLE,0.021212121212121213
2011-12,Al Jefferson,jeffeal01,C,27,UTA,61,61,2075,13.1,26.5,0.49200000000000005,0.0,0.1,0.25,13.0,26.4,0.493,3.5,4.5,0.774,3.4,11.4,14.8,3.4,1.2,2.6,1.6,3.9,29.6,112.0,103.0,2012,Al Jefferson-2012,0.0,Not Selected,Center,UTA,0.03636363636363636
2011-12,Richard Jefferson,jefferi01,SF,31,TOT,63,44,1748,6.0,14.5,0.41600000000000004,3.3,8.0,0.42,2.7,6.5,0.41100000000000003,1.7,2.5,0.6940000000000001,0.8,5.7,6.5,2.6,1.1,0.6,1.5,3.6,17.1,109.0,108.0,2012,Richard Jefferson-2012,0.0,Not Selected,Forward,TOT,0.03333333333333333
2011-12,Jared Jeffries,jeffrja01,PF,30,NYK,39,4,729,4.2,10.2,0.41,0.2,1.1,0.188,4.0,9.0,0.43799999999999994,3.5,5.1,0.6809999999999999,4.9,5.9,10.7,1.8,2.0,1.8,2.0,6.3,12.0,105.0,100.0,2012,Jared Jeffries-2012,0.0,Not Selected,Forward,NYK,0.03636363636363636
2011-12,Charles Jenkins,jenkich01,PG,22,GSW,51,28,893,7.6,16.9,0.447,0.2,1.2,0.15,7.4,15.8,0.469,2.0,2.3,0.872,0.5,3.5,4.0,9.9,1.9,0.3,3.5,4.9,17.3,100.0,112.0,2012,Charles Jenkins-2012,0.0,Not Selected,Guard,GSW,0.023232323232323233
2011-12,Brandon Jennings,jennibr01,PG,22,MIL,66,66,2331,10.3,24.6,0.418,2.8,8.5,0.332,7.5,16.1,0.46399999999999997,4.2,5.2,0.8079999999999999,1.1,3.9,5.0,8.0,2.3,0.5,3.2,2.5,27.7,106.0,107.0,2012,Brandon Jennings-2012,0.0,Not Selected,Guard,MIL,0.031313131313131314
2011-12,Jonas Jerebko,jerebjo01,PF,24,DET,64,13,1468,7.8,16.6,0.46799999999999997,1.2,3.9,0.302,6.6,12.7,0.519,3.7,4.5,0.8059999999999999,3.5,7.8,11.3,1.6,1.5,0.8,2.4,5.9,20.4,109.0,106.0,2012,Jonas Jerebko-2012,0.0,Not Selected,Forward,DET,0.025252525252525252
2011-12,Yi Jianlian,jianlyi01,PF,24,DAL,30,0,203,8.0,21.2,0.37799999999999995,0.8,2.6,0.3,7.2,18.6,0.389,3.6,5.4,0.667,3.1,9.6,12.7,1.3,1.8,2.1,3.6,5.9,20.4,84.0,100.0,2012,Yi Jianlian-2012,0.0,Not Selected,Forward,DAL,0.03636363636363636
2011-12,Amir Johnson,johnsam01,PF,24,TOR,64,43,1553,6.8,11.8,0.5760000000000001,0.1,0.2,0.4,6.7,11.6,0.579,2.0,2.9,0.69,5.2,9.0,14.1,2.7,1.1,2.4,3.3,7.2,15.7,109.0,102.0,2012,Amir Johnson-2012,0.0,Not Selected,Forward,TOR,0.023232323232323233
2011-12,Armon Johnson,johnsar02,PG,22,TOT,9,0,124,8.6,18.5,0.465,0.4,1.3,0.33299999999999996,8.2,17.2,0.475,2.6,2.6,1.0,0.4,5.2,5.6,4.7,2.1,0.0,2.6,3.9,20.2,102.0,110.0,2012,Armon Johnson-2012,0.0,Not Selected,Guard,TOT,0.03333333333333333
2011-12,Carldell Johnson,johnsca01,PG,29,NOH,15,0,119,5.0,16.0,0.314,1.8,6.9,0.267,3.2,9.1,0.35,0.5,1.4,0.33299999999999996,0.5,3.7,4.1,10.0,3.7,0.0,3.2,5.0,12.3,86.0,104.0,2012,Carldell Johnson-2012,0.0,Not Selected,Guard,NOP,0.021212121212121213
2011-12,Chris Johnson,johnsch03,C,26,TOT,27,0,175,6.1,12.5,0.488,0.0,0.0,0.0,6.1,12.5,0.488,4.6,5.8,0.789,4.6,7.6,12.2,0.6,1.8,2.7,4.6,10.1,16.8,96.0,103.0,2012,Chris Johnson-2012,0.0,Not Selected,Center,TOT,0.03333333333333333
2011-12,Ivan Johnson,johnsiv01,PF,27,ATL,56,0,934,8.0,15.7,0.513,0.1,0.3,0.33299999999999996,7.9,15.3,0.517,4.1,5.7,0.72,3.7,9.2,12.9,1.8,2.4,1.0,3.9,6.6,20.3,101.0,98.0,2012,Ivan Johnson-2012,0.0,Not Selected,Forward,ATL,0.04040404040404041
2011-12,JaJuan Johnson,johnsja02,PF,22,BOS,36,0,298,9.6,21.6,0.446,0.0,0.0,0.0,9.6,21.6,0.446,1.1,1.6,0.667,3.6,6.8,10.3,1.1,0.9,2.5,2.5,4.5,20.3,88.0,99.0,2012,JaJuan Johnson-2012,0.0,Not Selected,Forward,BOS,0.03939393939393939
2011-12,James Johnson,johnsja01,SF,24,TOR,62,40,1561,8.0,17.8,0.45,0.7,2.1,0.317,7.4,15.8,0.467,2.8,4.0,0.7040000000000001,2.5,7.5,10.1,4.2,2.4,2.9,3.5,6.1,19.5,97.0,100.0,2012,James Johnson-2012,0.0,Not Selected,Forward,TOR,0.023232323232323233
2011-12,Joe Johnson,johnsjo02,SG,30,ATL,60,60,2127,10.6,23.3,0.45399999999999996,3.1,8.1,0.38799999999999996,7.5,15.2,0.489,4.0,4.7,0.8490000000000001,1.3,4.2,5.5,5.8,1.2,0.3,2.9,1.9,28.2,110.0,105.0,2012,Joe Johnson-2012,0.0,Not Selected,Guard,ATL,0.04040404040404041
2011-12,Trey Johnson,johnstr01,SG,27,NOH,11,0,61,7.1,12.5,0.5710000000000001,0.0,0.0,0.0,7.1,12.5,0.5710000000000001,4.5,4.5,1.0,2.7,8.0,10.7,3.6,0.9,0.0,4.5,8.9,18.7,108.0,107.0,2012,Trey Johnson-2012,0.0,Not Selected,Guard,NOP,0.021212121212121213
2011-12,Wesley Johnson,johnswe01,SF,24,MIN,65,64,1469,5.5,13.9,0.39799999999999996,1.9,5.9,0.314,3.7,8.0,0.461,0.8,1.2,0.706,0.8,5.4,6.2,2.1,1.2,1.7,2.1,4.0,13.8,93.0,107.0,2012,Wesley Johnson-2012,0.0,Not Selected,Forward,MIN,0.026262626262626262
2011-12,Dahntay Jones,jonesda02,SF,31,IND,65,3,1052,5.8,14.1,0.409,1.7,3.9,0.429,4.1,10.3,0.402,4.2,5.0,0.838,1.2,4.7,5.9,3.2,1.2,0.6,2.3,6.0,17.4,107.0,106.0,2012,Dahntay Jones-2012,0.0,Not Selected,Forward,IND,0.04242424242424243
2011-12,Dominique Jones,jonesdo02,SG,23,DAL,33,1,268,5.7,14.3,0.397,0.2,1.6,0.125,5.5,12.7,0.431,5.7,7.2,0.784,1.8,6.9,8.6,8.2,2.0,1.0,5.5,5.5,17.2,93.0,102.0,2012,Dominique Jones-2012,0.0,Not Selected,Guard,DAL,0.03636363636363636
2011-12,James Jones,jonesja02,SG,31,MIA,51,10,666,4.5,11.9,0.38,3.6,9.0,0.40399999999999997,0.9,2.8,0.306,2.0,2.4,0.833,0.5,3.4,3.9,1.5,1.3,0.7,0.8,3.6,14.6,117.0,104.0,2012,James Jones-2012,0.0,Not Selected,Guard,MIA,0.046464646464646465
2011-12,Solomon Jones,jonesso01,C-PF,27,TOT,21,1,292,4.5,11.3,0.39299999999999996,0.0,0.0,0.0,4.5,11.3,0.39299999999999996,3.5,4.3,0.826,5.9,4.8,10.8,1.7,1.7,2.0,3.3,8.0,12.4,96.0,106.0,2012,Solomon Jones-2012,0.0,Not Selected,Forward,TOT,0.03333333333333333
2011-12,DeAndre Jordan,jordade01,C,23,LAC,66,66,1798,6.2,9.8,0.632,0.0,0.0,0.0,6.2,9.7,0.634,2.2,4.2,0.525,6.0,10.3,16.3,0.5,0.9,4.0,2.2,5.7,14.6,119.0,102.0,2012,DeAndre Jordan-2012,0.0,Not Selected,Center,LAC,0.04040404040404041
2011-12,Jerome Jordan,jordaje01,C,25,NYK,21,0,108,8.1,15.7,0.515,0.0,0.0,0.0,8.1,15.7,0.515,3.8,4.8,0.8,6.7,6.2,12.9,1.9,0.5,2.9,1.0,7.2,20.0,126.0,102.0,2012,Jerome Jordan-2012,0.0,Not Selected,Center,NYK,0.03636363636363636
2011-12,Cory Joseph,josepco01,PG,20,SAS,29,1,266,4.3,13.6,0.314,0.6,2.9,0.2,3.7,10.7,0.345,2.1,3.3,0.647,1.0,3.9,4.9,6.6,1.4,0.6,2.3,3.1,11.3,88.0,106.0,2012,Cory Joseph-2012,0.0,Not Selected,Guard,SAS,0.050505050505050504
2011-12,Chris Kaman,kamanch01,C,29,NOH,47,33,1372,10.5,23.7,0.446,0.0,0.0,0.0,10.5,23.7,0.446,3.3,4.2,0.785,3.5,10.9,14.4,4.0,1.0,3.1,5.1,4.2,24.4,91.0,102.0,2012,Chris Kaman-2012,0.0,Not Selected,Center,NOP,0.021212121212121213
2011-12,Enes Kanter,kanteen01,C,19,UTA,66,0,874,7.0,14.2,0.496,0.0,0.1,0.0,7.0,14.1,0.498,4.2,6.3,0.667,6.4,10.3,16.7,0.5,1.1,1.4,3.2,5.2,18.3,105.0,105.0,2012,Enes Kanter-2012,0.0,Not Selected,Center,UTA,0.03636363636363636
2011-12,Jason Kapono,kaponja01,SG,30,LAL,27,0,269,4.1,10.8,0.382,1.6,5.3,0.29600000000000004,2.6,5.5,0.46399999999999997,0.8,0.8,1.0,0.4,2.4,2.8,2.2,0.6,0.0,1.2,4.1,10.6,99.0,111.0,2012,Jason Kapono-2012,0.0,Not Selected,Guard,LAL,0.04141414141414142
2011-12,D.J. Kennedy,kennedj01,SF,22,CLE,2,0,59,4.5,10.7,0.41700000000000004,1.8,3.6,0.5,2.7,7.1,0.375,0.0,1.8,0.0,0.9,5.3,6.2,2.7,1.8,0.0,2.7,6.2,10.7,85.0,110.0,2012,D.J. Kennedy-2012,0.0,Not Selected,Forward,CLE,0.021212121212121213
2011-12,Jason Kidd,kiddja01,PG,38,DAL,48,48,1379,3.8,10.4,0.363,3.0,8.5,0.354,0.8,1.9,0.4,0.8,1.1,0.7859999999999999,0.6,7.0,7.5,10.1,3.1,0.4,3.5,3.2,11.4,103.0,101.0,2012,Jason Kidd-2012,0.0,Not Selected,Guard,DAL,0.03636363636363636
2011-12,Linas Kleiza,kleizli01,SF,27,TOR,49,3,1057,8.4,20.9,0.402,3.2,9.1,0.34600000000000003,5.2,11.8,0.446,4.1,5.1,0.81,2.1,8.0,10.1,2.3,1.2,0.2,3.3,6.1,24.1,100.0,105.0,2012,Linas Kleiza-2012,0.0,Not Selected,Forward,TOR,0.023232323232323233
2011-12,Brandon Knight,knighbr03,PG,20,DET,66,60,2129,8.1,19.4,0.415,2.7,7.0,0.38,5.4,12.5,0.434,2.6,3.5,0.759,0.8,4.5,5.3,6.3,1.2,0.3,4.3,3.9,21.4,97.0,109.0,2012,Brandon Knight-2012,0.0,Not Selected,Guard,DET,0.025252525252525252
2011-12,Kyle Korver,korveky01,SG,30,CHI,65,7,1469,6.5,15.1,0.43200000000000005,4.3,9.9,0.435,2.2,5.2,0.426,2.0,2.4,0.833,1.0,4.9,5.8,4.1,1.3,0.5,1.9,4.0,19.4,120.0,101.0,2012,Kyle Korver-2012,0.0,Not Selected,Guard,CHI,0.050505050505050504
2011-12,Kosta Koufos,koufoko01,C,22,DEN,48,24,792,7.4,12.4,0.599,0.0,0.0,0.0,7.4,12.4,0.599,2.1,3.5,0.6,6.1,10.5,16.6,1.0,1.5,2.6,2.1,6.2,16.9,120.0,102.0,2012,Kosta Koufos-2012,0.0,Not Selected,Center,DEN,0.03838383838383838
2011-12,Carl Landry,landrca01,PF,28,NOH,41,8,999,9.9,19.7,0.503,0.0,0.2,0.0,9.9,19.5,0.507,8.0,10.0,0.799,4.2,7.4,11.6,2.1,0.7,0.7,3.5,4.8,27.8,111.0,107.0,2012,Carl Landry-2012,0.0,Not Selected,Forward,NOP,0.021212121212121213
2011-12,Ty Lawson,lawsoty01,PG,24,DEN,61,61,2124,9.0,18.4,0.488,1.8,4.8,0.365,7.2,13.6,0.531,4.3,5.2,0.8240000000000001,1.3,4.2,5.4,9.6,2.0,0.1,3.6,2.3,24.0,116.0,108.0,2012,Ty Lawson-2012,0.0,Not Selected,Guard,DEN,0.03838383838383838
2011-12,Courtney Lee,leeco01,SG,26,HOU,58,26,1757,7.5,17.3,0.433,2.6,6.5,0.401,4.9,10.8,0.452,2.1,2.6,0.826,0.8,4.0,4.7,2.6,2.0,0.7,1.9,3.2,19.7,106.0,107.0,2012,Courtney Lee-2012,0.0,Not Selected,Guard,HOU,0.03434343434343434
2011-12,David Lee,leeda02,PF,28,GSW,57,57,2121,11.4,22.6,0.503,0.0,0.1,0.0,11.4,22.5,0.506,5.4,6.9,0.782,4.2,9.2,13.4,4.0,1.3,0.5,3.7,4.4,28.1,108.0,109.0,2012,David Lee-2012,0.0,Not Selected,Forward,GSW,0.023232323232323233
2011-12,Malcolm Lee,leema01,SG,21,MIN,19,0,243,4.9,12.5,0.39,0.4,2.1,0.2,4.4,10.4,0.429,3.0,3.6,0.8240000000000001,1.9,3.6,5.5,6.6,1.7,0.8,3.6,4.7,13.1,95.0,108.0,2012,Malcolm Lee-2012,0.0,Not Selected,Guard,MIN,0.026262626262626262
2011-12,Kawhi Leonard,leonaka01,SF,20,SAS,64,39,1534,6.7,13.6,0.493,1.4,3.7,0.376,5.3,9.9,0.536,2.3,3.0,0.773,3.5,7.5,11.0,2.4,2.9,0.8,1.5,3.0,17.1,119.0,101.0,2012,Kawhi Leonard-2012,0.0,Not Selected,Forward,SAS,0.050505050505050504
2011-12,Travis Leslie,leslitr01,SG,21,LAC,10,0,45,6.0,16.7,0.35700000000000004,0.0,0.0,0.0,6.0,16.7,0.35700000000000004,4.8,10.8,0.444,7.2,3.6,10.8,6.0,2.4,2.4,2.4,4.8,16.7,98.0,105.0,2012,Travis Leslie-2012,0.0,Not Selected,Guard,LAC,0.04040404040404041
2011-12,Jon Leuer,leuerjo01,PF,22,MIL,46,12,555,8.9,17.6,0.508,0.3,0.8,0.33299999999999996,8.7,16.8,0.516,1.9,2.6,0.75,4.2,6.9,11.1,2.3,1.3,1.6,1.7,6.2,20.1,111.0,105.0,2012,Jon Leuer-2012,0.0,Not Selected,Forward,MIL,0.031313131313131314
2011-12,Rashard Lewis,lewisra02,SF,32,WAS,28,15,729,6.0,15.7,0.385,1.1,4.8,0.239,4.9,11.0,0.44799999999999995,2.2,2.6,0.838,2.4,5.3,7.8,1.9,1.6,0.7,2.3,3.5,15.4,94.0,108.0,2012,Rashard Lewis-2012,0.0,Not Selected,Forward,WAS,0.020202020202020204
2011-12,DeAndre Liggins,liggide01,SF,23,ORL,17,0,115,5.6,11.7,0.48,0.0,1.9,0.0,5.6,9.8,0.5710000000000001,4.2,8.9,0.474,2.8,4.2,7.0,2.3,2.8,0.0,4.7,2.8,15.5,87.0,104.0,2012,DeAndre Liggins-2012,0.0,Not Selected,Forward,ORL,0.03737373737373737
2011-12,Jeremy Lin,linje01,PG,23,NYK,35,25,940,9.4,21.0,0.446,1.3,4.1,0.32,8.1,16.9,0.47700000000000004,8.0,10.0,0.7979999999999999,1.0,4.9,5.9,11.8,3.0,0.5,6.9,4.3,28.1,104.0,101.0,2012,Jeremy Lin-2012,0.0,Not Selected,Guard,NYK,0.03636363636363636
2011-12,Shaun Livingston,livinsh01,SG,26,MIL,58,27,1092,6.0,12.7,0.469,0.1,0.1,0.667,5.9,12.6,0.466,2.9,3.7,0.785,1.8,3.9,5.8,5.7,1.3,0.9,3.1,3.7,14.9,102.0,108.0,2012,Shaun Livingston-2012,0.0,Not Selected,Guard,MIL,0.031313131313131314
2011-12,Brook Lopez,lopezbr01,C,23,NJN,5,5,136,14.9,30.1,0.494,0.0,0.0,0.0,14.9,30.1,0.494,7.8,12.5,0.625,3.1,3.9,7.0,2.3,0.4,1.6,2.3,3.1,37.6,107.0,113.0,2012,Brook Lopez-2012,0.0,Not Selected,Center,BRK,0.022222222222222223
2011-12,Robin Lopez,lopezro01,C,23,PHO,64,0,895,7.2,15.6,0.461,0.0,0.0,0.0,7.2,15.6,0.461,5.8,8.1,0.7140000000000001,5.2,6.9,12.1,1.2,1.0,3.5,2.5,7.4,20.2,108.0,105.0,2012,Robin Lopez-2012,0.0,Not Selected,Center,PHO,0.03333333333333333
2011-12,Kevin Love,loveke01,PF,23,MIN,55,55,2145,11.4,25.4,0.44799999999999995,2.5,6.8,0.37200000000000005,8.8,18.6,0.475,9.1,11.0,0.8240000000000001,5.4,12.2,17.6,2.7,1.1,0.7,3.1,3.6,34.3,117.0,104.0,2012,Kevin Love-2012,2.0,2nd,Forward,MIN,0.026262626262626262
2011-12,Kyle Lowry,lowryky01,PG,25,HOU,47,38,1510,7.3,17.8,0.409,2.7,7.3,0.374,4.5,10.5,0.434,5.9,6.9,0.8640000000000001,1.3,6.1,7.4,10.7,2.5,0.5,4.5,4.6,23.2,111.0,104.0,2012,Kyle Lowry-2012,0.0,Not Selected,Guard,HOU,0.03434343434343434
2011-12,John Lucas III,lucasjo02,PG,29,CHI,49,2,726,10.6,26.6,0.39899999999999997,4.1,10.4,0.39299999999999996,6.5,16.2,0.40399999999999997,2.1,2.4,0.875,1.6,4.0,5.6,8.0,1.4,0.1,3.1,3.1,27.4,107.0,102.0,2012,John Lucas III-2012,0.0,Not Selected,Guard,CHI,0.050505050505050504
2011-12,Shelvin Mack,macksh01,PG,21,WAS,64,0,779,5.9,14.7,0.4,0.8,2.8,0.28600000000000003,5.1,11.9,0.42700000000000005,2.8,3.9,0.7120000000000001,0.8,5.3,6.1,8.7,1.9,0.1,3.2,3.3,15.3,99.0,108.0,2012,Shelvin Mack-2012,0.0,Not Selected,Guard,WAS,0.020202020202020204
2011-12,Vernon Macklin,macklve01,C,25,DET,23,0,135,7.6,13.9,0.5429999999999999,0.0,0.0,0.0,7.6,13.9,0.5429999999999999,3.2,5.6,0.5710000000000001,5.6,8.0,13.5,2.0,1.6,1.6,1.2,3.6,18.3,121.0,105.0,2012,Vernon Macklin-2012,0.0,Not Selected,Center,DET,0.025252525252525252
2011-12,Corey Maggette,maggeco01,SF,32,CHA,32,28,881,8.3,22.3,0.373,1.4,3.9,0.364,6.9,18.4,0.375,10.6,12.4,0.856,1.3,6.2,7.5,2.3,1.4,0.1,3.5,5.0,28.7,100.0,112.0,2012,Corey Maggette-2012,0.0,Not Selected,Forward,CHO,0.007070707070707071
2011-12,Jamaal Magloire,magloja01,C,33,TOR,34,1,374,2.4,6.5,0.37799999999999995,0.0,0.0,0.0,2.4,6.5,0.37799999999999995,1.0,3.9,0.259,3.6,12.7,16.2,0.9,0.6,1.4,3.2,9.5,5.9,70.0,102.0,2012,Jamaal Magloire-2012,0.0,Not Selected,Center,TOR,0.023232323232323233
2011-12,Ian Mahinmi,mahinia01,C,25,DAL,61,12,1139,6.0,11.0,0.546,0.0,0.0,0.0,6.0,10.9,0.5489999999999999,4.3,6.8,0.639,5.0,8.3,13.3,0.6,1.8,1.4,2.3,8.1,16.3,113.0,101.0,2012,Ian Mahinmi-2012,0.0,Not Selected,Center,DAL,0.03636363636363636
2011-12,Shawn Marion,mariosh01,SF,33,DAL,63,63,1919,7.9,17.7,0.446,0.5,1.9,0.294,7.3,15.8,0.46399999999999997,2.0,2.5,0.7959999999999999,4.0,8.8,12.7,3.6,1.8,1.0,2.7,2.4,18.3,100.0,102.0,2012,Shawn Marion-2012,0.0,Not Selected,Forward,DAL,0.03636363636363636
2011-12,Cartier Martin,martica01,SF,27,WAS,17,2,391,7.8,17.8,0.44,3.8,10.0,0.387,4.0,7.8,0.508,1.5,2.5,0.579,1.6,6.1,7.7,1.3,1.5,0.3,1.7,4.6,21.0,109.0,108.0,2012,Cartier Martin-2012,0.0,Not Selected,Forward,WAS,0.020202020202020204
2011-12,Kenyon Martin,martike01,PF,34,LAC,42,0,940,5.6,12.6,0.441,0.2,0.7,0.231,5.4,11.9,0.45399999999999996,1.1,3.1,0.37,2.8,7.6,10.4,1.0,2.5,2.5,1.8,5.9,12.4,92.0,102.0,2012,Kenyon Martin-2012,0.0,Not Selected,Forward,LAC,0.04040404040404041
2011-12,Kevin Martin,martike02,SG,28,HOU,40,40,1264,9.2,22.2,0.413,3.2,9.3,0.34700000000000003,6.0,12.9,0.462,6.6,7.4,0.894,0.5,3.9,4.4,4.6,1.2,0.1,2.9,2.9,28.2,111.0,109.0,2012,Kevin Martin-2012,0.0,Not Selected,Guard,HOU,0.03434343434343434
2011-12,Roger Mason,masonro01,SG,31,WAS,52,0,697,7.7,19.2,0.39899999999999997,4.4,11.5,0.38299999999999995,3.3,7.7,0.423,1.6,2.0,0.778,0.5,4.6,5.1,3.5,1.0,0.4,2.4,2.5,21.3,104.0,110.0,2012,Roger Mason-2012,0.0,Not Selected,Guard,WAS,0.020202020202020204
2011-12,Wesley Matthews,matthwe02,SG,25,POR,66,53,2228,7.4,18.0,0.41200000000000003,3.0,8.0,0.38299999999999995,4.4,10.1,0.434,3.5,4.0,0.86,1.3,4.0,5.3,2.7,2.3,0.4,1.7,3.5,21.4,110.0,108.0,2012,Wesley Matthews-2012,0.0,Not Selected,Guard,POR,0.028282828282828285
2011-12,Jason Maxiell,maxieja01,PF,28,DET,65,42,1466,6.7,14.1,0.478,0.0,0.1,0.0,6.7,14.0,0.48,2.1,3.9,0.547,4.6,7.6,12.2,1.5,1.2,1.8,2.6,5.5,15.6,99.0,106.0,2012,Jason Maxiell-2012,0.0,Not Selected,Forward,DET,0.025252525252525252
2011-12,Eric Maynor,maynoer01,PG,24,OKC,9,0,137,5.3,14.7,0.359,2.3,6.4,0.353,3.0,8.3,0.364,1.5,1.5,1.0,1.1,3.8,4.9,8.3,1.9,0.0,4.1,4.9,14.3,96.0,107.0,2012,Eric Maynor-2012,0.0,Not Selected,Guard,OKC,0.047474747474747475
2011-12,O.J. Mayo,mayooj01,SG,24,MEM,66,0,1771,9.0,22.0,0.408,3.0,8.2,0.364,6.0,13.8,0.434,4.0,5.1,0.773,0.9,5.4,6.3,5.0,2.1,0.7,3.7,4.1,24.9,101.0,103.0,2012,O.J. Mayo-2012,0.0,Not Selected,Guard,MEM,0.04141414141414142
2011-12,Luc Mbah a Moute,mbahalu01,PF,25,MIL,43,22,1009,6.7,13.2,0.51,0.1,0.2,0.25,6.7,13.0,0.514,3.3,5.2,0.6409999999999999,3.9,7.6,11.5,1.5,2.0,1.1,2.0,4.7,16.9,109.0,104.0,2012,Luc Mbah a Moute-2012,0.0,Not Selected,Forward,MIL,0.031313131313131314
2011-12,JaVale McGee,mcgeeja01,C,24,TOT,61,45,1535,10.3,18.6,0.556,0.0,0.0,0.0,10.3,18.6,0.556,2.6,5.6,0.461,5.5,10.6,16.0,1.0,1.2,4.4,2.9,5.6,23.2,106.0,101.0,2012,JaVale McGee-2012,0.0,Not Selected,Center,TOT,0.03333333333333333
2011-12,Tracy McGrady,mcgratr01,SF,32,ATL,52,0,837,6.4,14.7,0.43700000000000006,1.0,2.1,0.455,5.5,12.6,0.434,3.6,5.3,0.675,1.5,8.3,9.8,7.0,1.0,1.0,3.4,2.2,17.4,102.0,102.0,2012,Tracy McGrady-2012,0.0,Not Selected,Forward,ATL,0.04040404040404041
2011-12,Dominic McGuire,mcguido01,PF,26,GSW,64,6,1127,4.3,9.7,0.44799999999999995,0.0,0.2,0.0,4.3,9.5,0.456,1.8,2.4,0.736,3.4,8.0,11.3,5.1,2.0,1.7,2.6,4.8,10.5,103.0,107.0,2012,Dominic McGuire-2012,0.0,Not Selected,Forward,GSW,0.023232323232323233
2011-12,Josh McRoberts,mcrobjo01,PF,24,LAL,50,6,718,4.1,8.7,0.475,0.2,0.5,0.429,3.9,8.2,0.47700000000000004,1.7,2.7,0.639,4.5,8.1,12.6,3.8,1.1,1.3,2.3,5.5,10.2,108.0,104.0,2012,Josh McRoberts-2012,0.0,Not Selected,Forward,LAL,0.04141414141414142
2011-12,Jodie Meeks,meeksjo01,SG,24,PHI,66,50,1644,6.2,15.2,0.409,3.2,8.7,0.365,3.1,6.5,0.46799999999999997,2.5,2.8,0.9059999999999999,0.6,4.7,5.2,1.8,1.3,0.1,0.9,2.7,18.1,111.0,103.0,2012,Jodie Meeks-2012,0.0,Not Selected,Guard,PHI,0.03535353535353535
2011-12,C.J. Miles,milescj01,SG,24,UTA,56,14,1145,8.1,21.3,0.381,2.1,6.9,0.307,6.0,14.4,0.41600000000000004,5.0,6.2,0.794,1.2,4.1,5.3,3.2,2.1,0.8,2.4,5.6,23.3,101.0,108.0,2012,C.J. Miles-2012,0.0,Not Selected,Guard,UTA,0.03636363636363636
2011-12,Darko Miličić,milicda01,C,26,MIN,29,23,472,6.4,14.2,0.45399999999999996,0.0,0.0,0.0,6.4,14.2,0.45399999999999996,1.7,4.0,0.43200000000000005,3.8,6.8,10.6,1.9,1.0,2.7,3.5,6.4,14.6,88.0,106.0,2012,Darko Miličić-2012,0.0,Not Selected,Center,MIN,0.026262626262626262
2011-12,Andre Miller,millean02,SG,35,DEN,66,7,1809,6.8,15.6,0.43799999999999994,0.5,2.3,0.217,6.3,13.2,0.478,3.9,4.8,0.8109999999999999,1.5,4.7,6.2,12.4,1.8,0.3,5.0,3.7,18.0,104.0,108.0,2012,Andre Miller-2012,0.0,Not Selected,Guard,DEN,0.03838383838383838
2011-12,Brad Miller,millebr01,C,35,MIN,15,1,146,3.2,9.5,0.33299999999999996,2.5,5.3,0.467,0.7,4.2,0.16699999999999998,3.5,4.2,0.833,1.4,5.3,6.7,8.5,1.4,0.7,4.2,3.5,12.3,103.0,108.0,2012,Brad Miller-2012,0.0,Not Selected,Center,MIN,0.026262626262626262
2011-12,Mike Miller,millemi01,SG,31,MIA,39,2,752,6.4,14.6,0.435,3.7,8.2,0.45299999999999996,2.7,6.4,0.413,0.1,0.3,0.4,1.5,7.4,9.0,2.9,1.0,0.4,2.1,4.1,16.6,108.0,103.0,2012,Mike Miller-2012,0.0,Not Selected,Guard,MIA,0.046464646464646465
2011-12,Patty Mills,millspa02,PG,23,SAS,16,3,261,12.5,25.7,0.485,4.8,11.1,0.429,7.7,14.7,0.527,3.0,3.0,1.0,0.8,4.8,5.5,7.7,2.0,0.2,5.1,2.8,32.7,110.0,105.0,2012,Patty Mills-2012,0.0,Not Selected,Guard,SAS,0.050505050505050504
2011-12,Paul Millsap,millspa01,PF,26,UTA,64,62,2100,10.6,21.5,0.495,0.2,0.8,0.226,10.5,20.7,0.505,5.0,6.4,0.792,4.5,9.6,14.1,3.7,2.9,1.3,2.8,5.5,26.5,113.0,102.0,2012,Paul Millsap-2012,0.0,Not Selected,Forward,UTA,0.03636363636363636
2011-12,Nazr Mohammed,mohamna01,C,34,OKC,63,1,692,5.9,12.6,0.467,0.0,0.1,0.0,5.9,12.5,0.47,1.0,1.7,0.565,4.4,8.3,12.7,1.0,1.5,2.8,1.9,7.5,12.8,102.0,102.0,2012,Nazr Mohammed-2012,0.0,Not Selected,Center,OKC,0.047474747474747475
2011-12,Greg Monroe,monrogr01,C,21,DET,66,66,2082,10.5,20.2,0.521,0.0,0.0,0.0,10.5,20.1,0.522,5.2,7.0,0.7390000000000001,6.2,10.3,16.5,3.9,2.1,1.2,4.2,4.6,26.2,110.0,102.0,2012,Greg Monroe-2012,0.0,Not Selected,Center,DET,0.025252525252525252
2011-12,Jamario Moon,moonja01,SF,31,CHA,8,0,123,3.0,10.3,0.292,0.9,4.3,0.2,2.1,6.0,0.35700000000000004,0.9,0.9,1.0,0.9,8.6,9.4,2.1,0.4,2.1,3.4,2.1,7.7,64.0,110.0,2012,Jamario Moon-2012,0.0,Not Selected,Forward,CHO,0.007070707070707071
2011-12,E'Twaun Moore,mooreet01,PG,22,BOS,38,0,331,6.9,18.1,0.381,2.7,7.2,0.37799999999999995,4.2,10.9,0.382,1.1,1.1,1.0,0.6,4.7,5.3,5.5,1.8,0.5,3.4,5.3,17.7,89.0,101.0,2012,E'Twaun Moore-2012,0.0,Not Selected,Guard,BOS,0.03939393939393939
2011-12,Mikki Moore,mooremi01,C,36,GSW,7,0,118,4.0,8.8,0.45,0.0,0.0,0.0,4.0,8.8,0.45,2.6,3.1,0.857,3.1,6.6,9.7,2.2,1.3,1.3,3.1,10.6,10.6,96.0,109.0,2012,Mikki Moore-2012,0.0,Not Selected,Center,GSW,0.023232323232323233
2011-12,Darius Morris,morrida01,PG,21,LAL,19,0,169,5.6,13.2,0.429,1.3,2.8,0.444,4.4,10.4,0.424,1.9,2.8,0.667,0.6,4.4,5.0,6.6,0.6,0.0,6.0,5.0,14.4,84.0,109.0,2012,Darius Morris-2012,0.0,Not Selected,Guard,LAL,0.04141414141414142
2011-12,Marcus Morris,morrima03,PF,22,HOU,17,0,126,6.6,22.4,0.29600000000000004,0.8,7.1,0.11800000000000001,5.8,15.4,0.37799999999999995,2.5,3.3,0.75,2.1,4.6,6.6,1.2,0.8,0.8,1.7,5.0,16.6,78.0,109.0,2012,Marcus Morris-2012,0.0,Not Selected,Forward,HOU,0.03434343434343434
2011-12,Markieff Morris,morrima02,PF,22,PHO,63,7,1227,7.3,18.4,0.39899999999999997,1.8,5.2,0.34700000000000003,5.5,13.2,0.42,3.2,4.5,0.7170000000000001,2.9,8.9,11.8,2.7,1.7,1.8,3.0,7.6,19.7,97.0,104.0,2012,Markieff Morris-2012,0.0,Not Selected,Forward,PHO,0.03333333333333333
2011-12,Anthony Morrow,morroan01,SG,26,NJN,62,18,1636,8.9,21.4,0.413,3.5,9.3,0.371,5.4,12.1,0.446,3.2,3.4,0.9329999999999999,1.0,3.1,4.1,2.0,1.5,0.3,2.3,2.8,24.3,105.0,113.0,2012,Anthony Morrow-2012,0.0,Not Selected,Guard,BRK,0.022222222222222223
2011-12,Timofey Mozgov,mozgoti01,C,25,DEN,44,35,687,7.4,14.1,0.526,0.0,0.0,0.0,7.4,14.1,0.526,2.9,4.2,0.684,3.9,9.3,13.3,1.6,1.1,3.1,3.9,6.4,17.7,100.0,103.0,2012,Timofey Mozgov-2012,0.0,Not Selected,Center,DEN,0.03838383838383838
2011-12,Byron Mullens,mulleby01,C,22,CHA,65,25,1465,9.0,21.3,0.425,0.4,1.8,0.235,8.6,19.4,0.44299999999999995,3.3,4.0,0.821,3.5,8.3,11.8,2.1,0.8,1.9,2.7,4.9,21.8,94.0,110.0,2012,Byron Mullens-2012,0.0,Not Selected,Center,CHO,0.007070707070707071
2011-12,Troy Murphy,murphtr01,PF,31,LAL,59,0,956,4.3,9.5,0.45,1.6,3.7,0.418,2.7,5.8,0.47100000000000003,0.3,0.5,0.667,2.2,8.4,10.6,2.8,0.8,0.9,1.4,5.4,10.4,110.0,105.0,2012,Troy Murphy-2012,0.0,Not Selected,Forward,LAL,0.04141414141414142
2011-12,Hamady N'Diaye,ndiayha01,C,25,WAS,3,0,3,0.0,17.3,0.0,0.0,0.0,0.0,0.0,17.3,0.0,0.0,0.0,0.0,0.0,0.0,0.0,0.0,0.0,0.0,0.0,0.0,0.0,0.0,116.0,2012,Hamady N'Diaye-2012,0.0,Not Selected,Center,WAS,0.020202020202020204
2011-12,Eduardo Nájera,najered01,PF,35,CHA,22,0,270,4.7,12.5,0.375,1.6,5.7,0.276,3.1,6.8,0.457,0.4,0.8,0.5,2.1,7.6,9.8,2.3,3.7,0.8,1.4,7.8,11.3,92.0,105.0,2012,Eduardo Nájera-2012,0.0,Not Selected,Forward,CHO,0.007070707070707071
2011-12,Steve Nash,nashst01,PG,37,PHO,62,62,1961,7.8,14.7,0.532,1.5,3.7,0.39,6.3,10.9,0.58,3.4,3.8,0.894,0.7,4.2,4.9,17.5,1.0,0.2,6.1,1.4,20.4,115.0,110.0,2012,Steve Nash-2012,0.0,Not Selected,Guard,PHO,0.03333333333333333
2011-12,Gary Neal,nealga01,SG,27,SAS,56,7,1206,9.1,20.8,0.436,3.6,8.5,0.419,5.5,12.3,0.44799999999999995,2.1,2.7,0.7809999999999999,0.5,4.5,5.1,5.0,1.2,0.1,2.6,3.2,23.9,107.0,107.0,2012,Gary Neal-2012,0.0,Not Selected,Guard,SAS,0.050505050505050504
2011-12,Jameer Nelson,nelsoja01,PG,29,ORL,57,57,1706,8.2,19.2,0.42700000000000005,2.7,7.3,0.377,5.4,11.9,0.45899999999999996,2.2,2.8,0.807,0.9,4.8,5.7,10.3,1.2,0.2,4.3,4.1,21.4,106.0,107.0,2012,Jameer Nelson-2012,0.0,Not Selected,Guard,ORL,0.03737373737373737
2011-12,Joakim Noah,noahjo01,C,26,CHI,64,64,1945,6.9,13.6,0.508,0.0,0.0,0.0,6.9,13.5,0.509,4.3,5.7,0.748,6.7,10.7,17.4,4.4,1.1,2.5,2.5,4.5,18.1,120.0,96.0,2012,Joakim Noah-2012,0.0,Not Selected,Center,CHI,0.050505050505050504
2011-12,Andrés Nocioni,nocioan01,SF,32,PHI,11,1,56,4.8,19.1,0.25,1.0,5.7,0.16699999999999998,3.8,13.4,0.28600000000000003,5.7,10.5,0.545,1.0,12.4,13.4,1.0,1.0,1.0,4.8,3.8,16.2,64.0,98.0,2012,Andrés Nocioni-2012,0.0,Not Selected,Forward,PHI,0.03535353535353535
2011-12,Steve Novak,novakst01,PF,28,NYK,54,0,1020,8.1,17.0,0.478,6.7,14.2,0.47200000000000003,1.4,2.8,0.509,1.1,1.3,0.846,0.5,4.8,5.3,0.6,0.8,0.5,1.1,3.0,24.1,129.0,105.0,2012,Steve Novak-2012,0.0,Not Selected,Forward,NYK,0.03636363636363636
2011-12,Dirk Nowitzki,nowitdi01,PF,33,DAL,62,62,2079,11.9,26.1,0.457,2.0,5.4,0.368,10.0,20.8,0.48100000000000004,8.0,9.0,0.8959999999999999,1.2,9.4,10.6,3.4,1.1,0.8,3.0,3.3,33.9,110.0,103.0,2012,Dirk Nowitzki-2012,3.0,3rd,Forward,DAL,0.03636363636363636
2011-12,Jermaine O'Neal,onealje01,C,33,BOS,25,24,570,4.8,11.2,0.433,0.0,0.0,0.0,4.8,11.2,0.433,2.0,2.9,0.677,3.4,9.1,12.6,0.9,0.7,4.0,2.0,7.5,11.6,94.0,96.0,2012,Jermaine O'Neal-2012,0.0,Not Selected,Center,BOS,0.03939393939393939
2011-12,Lamar Odom,odomla01,SF,32,DAL,50,4,1027,6.3,17.8,0.35200000000000004,1.4,5.7,0.252,4.9,12.2,0.39899999999999997,3.0,5.0,0.5920000000000001,1.8,8.8,10.6,4.2,1.0,0.9,2.7,5.0,17.0,89.0,103.0,2012,Lamar Odom-2012,0.0,Not Selected,Forward,DAL,0.03636363636363636
2011-12,Emeka Okafor,okafoem01,C,29,NOH,27,27,781,7.9,14.9,0.5329999999999999,0.0,0.0,0.0,7.9,14.9,0.5329999999999999,2.6,5.1,0.514,4.9,10.0,14.8,1.7,1.1,1.8,2.6,5.1,18.5,105.0,103.0,2012,Emeka Okafor-2012,0.0,Not Selected,Center,NOP,0.021212121212121213
2011-12,Mehmet Okur,okurme01,C,32,NJN,17,14,454,6.1,16.3,0.374,2.7,8.4,0.319,3.4,7.9,0.433,0.4,0.6,0.6,2.6,6.9,9.5,3.5,1.1,0.6,2.9,5.3,15.2,93.0,111.0,2012,Mehmet Okur-2012,0.0,Not Selected,Center,BRK,0.022222222222222223
2011-12,Daniel Orton,ortonda01,PF,21,ORL,16,2,187,4.9,8.7,0.5670000000000001,0.0,0.3,0.0,4.9,8.4,0.586,3.2,7.2,0.44,5.5,5.8,11.2,1.4,2.3,2.6,2.0,8.7,13.0,112.0,101.0,2012,Daniel Orton-2012,0.0,Not Selected,Forward,ORL,0.03737373737373737
2011-12,Travis Outlaw,outlatr01,SF,27,SAC,39,5,500,6.1,17.7,0.34299999999999997,1.6,6.1,0.267,4.5,11.7,0.38299999999999995,3.1,4.7,0.674,1.9,4.3,6.2,1.6,1.9,2.1,2.0,3.4,16.9,91.0,110.0,2012,Travis Outlaw-2012,0.0,Not Selected,Forward,SAC,0.022222222222222223
2011-12,Larry Owens,owensla01,SF,29,NJN,7,0,75,2.8,7.8,0.364,1.4,3.6,0.4,1.4,4.3,0.33299999999999996,2.1,2.8,0.75,1.4,7.8,9.2,2.8,0.0,0.7,1.4,7.1,9.2,107.0,112.0,2012,Larry Owens-2012,0.0,Not Selected,Forward,BRK,0.022222222222222223
2011-12,Zaza Pachulia,pachuza01,C,27,ATL,58,44,1640,5.5,11.0,0.499,0.0,0.0,0.0,5.5,11.0,0.499,3.8,5.1,0.741,5.0,9.8,14.8,2.6,1.8,0.9,2.6,5.6,14.8,111.0,99.0,2012,Zaza Pachulia-2012,0.0,Not Selected,Center,ATL,0.04040404040404041
2011-12,Jannero Pargo,pargoja01,PG,32,ATL,50,0,671,8.3,20.1,0.415,4.2,10.9,0.384,4.1,9.1,0.452,1.5,1.6,0.95,0.7,5.1,5.8,7.6,1.6,0.2,3.9,5.1,22.4,103.0,104.0,2012,Jannero Pargo-2012,0.0,Not Selected,Guard,ATL,0.04040404040404041
2011-12,Jeremy Pargo,pargoje01,PG,25,MEM,44,5,424,6.2,18.7,0.33299999999999996,1.2,4.7,0.263,5.0,14.0,0.35700000000000004,2.0,3.4,0.593,1.5,3.1,4.6,6.9,1.9,0.0,5.7,5.7,15.7,77.0,106.0,2012,Jeremy Pargo-2012,0.0,Not Selected,Guard,MEM,0.04141414141414142
2011-12,Anthony Parker,parkean01,SF,36,CLE,51,51,1280,5.8,13.4,0.433,2.1,5.7,0.36200000000000004,3.7,7.7,0.484,1.4,2.3,0.625,0.4,5.3,5.7,4.9,1.6,0.3,2.1,2.7,15.1,105.0,110.0,2012,Anthony Parker-2012,0.0,Not Selected,Forward,CLE,0.021212121212121213
2011-12,Tony Parker,parketo01,PG,29,SAS,60,60,1923,11.5,23.9,0.48,0.4,1.6,0.23,11.1,22.3,0.498,6.1,7.6,0.799,0.6,4.0,4.6,12.4,1.5,0.1,4.1,2.0,29.4,112.0,106.0,2012,Tony Parker-2012,2.0,2nd,Guard,SAS,0.050505050505050504
2011-12,Chandler Parsons,parsoch01,SF,23,HOU,63,57,1804,7.2,15.9,0.452,1.7,5.2,0.337,5.5,10.8,0.507,1.2,2.3,0.551,2.6,6.1,8.7,3.9,2.1,0.8,2.4,4.1,17.4,105.0,105.0,2012,Chandler Parsons-2012,0.0,Not Selected,Forward,HOU,0.03434343434343434
2011-12,Patrick Patterson,pattepa01,PF,22,HOU,64,1,1483,7.9,18.0,0.44,0.0,0.1,0.0,7.9,17.9,0.44299999999999995,1.4,2.0,0.7020000000000001,4.0,6.1,10.1,1.9,1.0,1.3,1.7,4.0,17.3,99.0,107.0,2012,Patrick Patterson-2012,0.0,Not Selected,Forward,HOU,0.03434343434343434
2011-12,Chris Paul,paulch01,PG,26,LAC,60,60,2181,10.5,22.0,0.478,1.9,5.3,0.371,8.5,16.7,0.511,6.4,7.5,0.861,1.0,4.2,5.3,13.4,3.8,0.1,3.1,3.4,29.3,126.0,104.0,2012,Chris Paul-2012,1.0,1st,Guard,LAC,0.04040404040404041
2011-12,Sasha Pavlović,pavloal01,SF,28,BOS,45,7,527,5.0,12.9,0.391,1.7,5.8,0.293,3.3,7.1,0.47100000000000003,0.3,0.8,0.375,0.4,6.9,7.3,1.8,2.0,1.5,2.0,5.4,12.1,82.0,97.0,2012,Sasha Pavlović-2012,0.0,Not Selected,Forward,BOS,0.03939393939393939
2011-12,Nikola Peković,pekovni01,C,26,MIN,47,35,1264,10.4,18.5,0.564,0.0,0.0,0.0,10.4,18.5,0.564,5.7,7.6,0.743,7.4,6.7,14.1,1.3,1.2,1.3,3.5,4.0,26.5,117.0,107.0,2012,Nikola Peković-2012,0.0,Not Selected,Center,MIN,0.026262626262626262
2011-12,Kendrick Perkins,perkike01,C,27,OKC,65,65,1744,3.8,7.8,0.489,0.0,0.0,0.0,3.8,7.8,0.489,2.2,3.3,0.652,3.6,9.1,12.6,2.3,0.7,2.2,3.5,5.6,9.7,96.0,103.0,2012,Kendrick Perkins-2012,0.0,Not Selected,Center,OKC,0.047474747474747475
2011-12,Johan Petro,petrojo01,C,26,NJN,59,10,920,6.3,15.0,0.419,0.1,0.1,1.0,6.3,15.0,0.41700000000000004,1.8,2.1,0.838,3.9,9.0,13.0,2.6,1.2,1.3,2.2,7.1,14.5,97.0,108.0,2012,Johan Petro-2012,0.0,Not Selected,Center,BRK,0.022222222222222223
2011-12,Paul Pierce,piercpa01,SF,34,BOS,61,61,2075,10.1,22.8,0.44299999999999995,2.6,7.0,0.366,7.5,15.8,0.47600000000000003,7.5,8.8,0.852,0.9,7.2,8.1,7.0,1.8,0.7,4.4,3.8,30.2,106.0,99.0,2012,Paul Pierce-2012,0.0,Not Selected,Forward,BOS,0.03939393939393939
2011-12,Mickaël Piétrus,pietrmi01,SG,29,BOS,42,6,921,6.0,15.6,0.385,3.5,10.5,0.335,2.5,5.1,0.489,1.2,1.8,0.645,1.0,6.5,7.5,1.4,1.2,0.6,1.9,4.7,16.7,94.0,100.0,2012,Mickaël Piétrus-2012,0.0,Not Selected,Guard,BOS,0.03939393939393939
2011-12,Dexter Pittman,pittmde01,C,23,MIA,35,6,301,7.7,16.4,0.46799999999999997,0.0,0.0,0.0,7.7,16.4,0.46799999999999997,3.1,4.9,0.643,4.7,7.7,12.4,1.6,1.4,1.4,3.0,12.8,18.5,100.0,100.0,2012,Dexter Pittman-2012,0.0,Not Selected,Center,MIA,0.046464646464646465
2011-12,Quincy Pondexter,pondequ01,SF,23,MEM,64,8,1002,5.7,12.6,0.452,1.2,3.9,0.301,4.5,8.8,0.518,1.7,2.8,0.623,2.9,3.7,6.6,1.4,1.4,0.3,1.6,4.7,14.3,107.0,106.0,2012,Quincy Pondexter-2012,0.0,Not Selected,Forward,MEM,0.04141414141414142
2011-12,A.J. Price,priceaj01,PG,25,IND,44,1,568,5.5,16.2,0.33899999999999997,2.4,8.2,0.295,3.1,8.0,0.384,2.6,3.3,0.8,1.2,4.5,5.7,8.0,1.9,0.2,3.0,2.8,16.0,100.0,106.0,2012,A.J. Price-2012,0.0,Not Selected,Guard,IND,0.04242424242424243
2011-12,Ronnie Price,pricero01,PG,28,PHO,36,8,517,4.9,13.0,0.377,1.3,4.4,0.295,3.6,8.6,0.419,2.0,2.5,0.8,1.8,3.8,5.6,6.7,3.4,0.3,4.6,7.2,13.1,89.0,105.0,2012,Ronnie Price-2012,0.0,Not Selected,Guard,PHO,0.03333333333333333
2011-12,Tayshaun Prince,princta01,SF,31,DET,63,63,2087,8.7,20.6,0.42100000000000004,1.0,2.7,0.35600000000000004,7.7,17.9,0.431,2.3,3.0,0.774,1.9,5.4,7.2,3.9,0.7,0.8,1.9,2.0,20.6,101.0,109.0,2012,Tayshaun Prince-2012,0.0,Not Selected,Forward,DET,0.025252525252525252
2011-12,Joel Przybilla,przybjo01,C,32,POR,27,19,449,2.6,5.6,0.45799999999999996,0.0,0.0,0.0,2.6,5.6,0.45799999999999996,1.3,2.1,0.611,3.4,12.8,16.2,0.7,0.5,1.9,2.6,7.7,6.4,89.0,104.0,2012,Joel Przybilla-2012,0.0,Not Selected,Center,POR,0.028282828282828285
2011-12,Vladimir Radmanović,radmavl01,SF,31,ATL,49,3,755,5.2,13.9,0.376,3.5,9.5,0.37,1.7,4.4,0.387,1.6,2.0,0.759,2.4,7.7,10.1,3.8,1.5,1.1,2.5,4.4,15.5,104.0,101.0,2012,Vladimir Radmanović-2012,0.0,Not Selected,Forward,ATL,0.04040404040404041
2011-12,Anthony Randolph,randoan01,PF,22,MIN,34,5,517,9.4,19.9,0.47,0.0,0.1,0.0,9.4,19.8,0.47200000000000003,6.4,8.4,0.762,4.2,8.1,12.2,1.9,1.3,3.5,4.0,5.6,25.1,102.0,103.0,2012,Anthony Randolph-2012,0.0,Not Selected,Forward,MIN,0.026262626262626262
2011-12,Zach Randolph,randoza01,PF,30,MEM,28,8,735,9.5,20.5,0.46299999999999997,0.1,0.6,0.25,9.4,19.9,0.469,4.2,6.3,0.659,5.6,10.6,16.2,3.5,1.5,0.3,2.9,4.1,23.3,106.0,101.0,2012,Zach Randolph-2012,0.0,Not Selected,Forward,MEM,0.04141414141414142
2011-12,Michael Redd,reddmi01,SG,32,PHO,51,2,770,9.7,24.2,0.4,2.8,8.9,0.318,6.9,15.3,0.447,5.9,7.5,0.7929999999999999,0.9,4.2,5.2,2.2,0.9,0.0,2.5,2.0,28.1,102.0,111.0,2012,Michael Redd-2012,0.0,Not Selected,Guard,PHO,0.03333333333333333
2011-12,J.J. Redick,redicjj01,SG,27,ORL,65,22,1765,7.6,17.8,0.425,3.4,8.2,0.418,4.2,9.7,0.43,4.4,4.8,0.9109999999999999,0.5,4.0,4.6,5.0,0.8,0.2,2.1,2.8,22.9,117.0,109.0,2012,J.J. Redick-2012,0.0,Not Selected,Guard,ORL,0.03737373737373737
2011-12,Ryan Reid,reidry01,PF,25,OKC,5,0,17,12.1,15.2,0.8,0.0,0.0,0.0,12.1,15.2,0.8,0.0,0.0,0.0,3.0,3.0,6.1,0.0,0.0,0.0,3.0,3.0,24.3,128.0,112.0,2012,Ryan Reid-2012,0.0,Not Selected,Forward,OKC,0.047474747474747475
2011-12,Jason Richardson,richaja01,SG,31,ORL,54,54,1591,8.2,20.2,0.408,3.5,9.4,0.368,4.8,10.8,0.442,1.4,2.3,0.594,1.2,5.4,6.6,3.6,1.8,0.7,2.0,3.1,21.3,103.0,105.0,2012,Jason Richardson-2012,0.0,Not Selected,Guard,ORL,0.03737373737373737
2011-12,Quentin Richardson,richaqu01,SF,31,ORL,48,3,866,4.6,12.3,0.376,2.6,7.5,0.34700000000000003,2.0,4.7,0.42100000000000004,1.6,1.9,0.833,0.9,6.7,7.7,2.4,1.7,0.4,1.8,4.6,13.4,102.0,105.0,2012,Quentin Richardson-2012,0.0,Not Selected,Forward,ORL,0.03737373737373737
2011-12,Luke Ridnour,ridnolu01,SG,30,MIN,53,53,1750,7.1,16.2,0.44,1.4,4.5,0.322,5.7,11.7,0.485,3.1,3.5,0.8909999999999999,0.6,3.6,4.1,7.4,1.6,0.5,2.8,4.0,18.8,109.0,109.0,2012,Luke Ridnour-2012,0.0,Not Selected,Guard,MIN,0.026262626262626262
2011-12,Nate Robinson,robinna01,PG,27,GSW,51,9,1192,8.9,21.1,0.424,2.9,7.9,0.365,6.1,13.2,0.45899999999999996,4.1,4.9,0.8320000000000001,0.7,3.7,4.4,10.1,2.6,0.1,3.3,5.1,24.9,110.0,110.0,2012,Nate Robinson-2012,0.0,Not Selected,Guard,GSW,0.023232323232323233
2011-12,Rajon Rondo,rondora01,PG,25,BOS,53,53,1957,6.9,15.5,0.44799999999999995,0.3,1.1,0.23800000000000002,6.7,14.4,0.46399999999999997,2.9,4.9,0.597,1.7,5.3,7.0,16.8,2.6,0.1,5.2,2.7,17.1,101.0,99.0,2012,Rajon Rondo-2012,3.0,3rd,Guard,BOS,0.03939393939393939
2011-12,Derrick Rose,rosede01,PG,23,CHI,39,39,1375,11.8,27.2,0.435,2.1,6.8,0.312,9.7,20.4,0.475,7.6,9.4,0.812,1.0,4.1,5.1,12.0,1.4,1.1,4.7,2.0,33.4,112.0,101.0,2012,Derrick Rose-2012,0.0,Not Selected,Guard,CHI,0.050505050505050504
2011-12,Ricky Rubio,rubiori01,PG,21,MIN,41,31,1404,5.1,14.3,0.35700000000000004,1.2,3.4,0.34,3.9,10.8,0.363,4.6,5.8,0.8029999999999999,0.8,5.5,6.3,12.3,3.3,0.3,4.8,3.6,16.0,99.0,104.0,2012,Ricky Rubio-2012,0.0,Not Selected,Guard,MIN,0.026262626262626262
2011-12,Brandon Rush,rushbr01,SF,26,GSW,65,1,1717,7.1,14.2,0.501,3.0,6.6,0.452,4.1,7.6,0.544,2.0,2.5,0.7929999999999999,1.0,6.6,7.6,2.7,1.1,1.8,2.1,1.9,19.2,115.0,110.0,2012,Brandon Rush-2012,0.0,Not Selected,Forward,GSW,0.023232323232323233
2011-12,Walker Russell,russewa02,PG,29,DET,28,0,357,5.0,14.3,0.34700000000000003,0.6,2.0,0.308,4.4,12.4,0.354,2.1,3.3,0.636,1.1,2.9,3.9,8.7,2.7,0.2,5.0,4.4,12.7,82.0,107.0,2012,Walker Russell-2012,0.0,Not Selected,Guard,DET,0.025252525252525252
2011-12,John Salmons,salmojo01,SF,32,SAC,46,32,1250,5.7,14.0,0.409,1.3,4.5,0.295,4.4,9.4,0.46399999999999997,1.2,1.8,0.644,0.8,4.6,5.4,3.8,1.5,0.3,1.8,3.1,14.0,99.0,112.0,2012,John Salmons-2012,0.0,Not Selected,Forward,SAC,0.022222222222222223
2011-12,Samardo Samuels,samuesa01,C,23,CLE,54,0,825,6.7,14.7,0.455,0.0,0.0,0.0,6.7,14.7,0.455,5.2,7.5,0.701,4.0,7.5,11.5,1.3,1.3,1.3,3.6,7.2,18.6,98.0,108.0,2012,Samardo Samuels-2012,0.0,Not Selected,Center,CLE,0.021212121212121213
2011-12,Larry Sanders,sandela01,PF,23,MIL,52,0,643,6.7,14.7,0.457,0.0,0.2,0.0,6.7,14.5,0.462,1.4,3.0,0.474,4.9,7.8,12.7,2.6,2.5,6.1,3.4,10.6,14.8,92.0,97.0,2012,Larry Sanders-2012,0.0,Not Selected,Forward,MIL,0.031313131313131314
2011-12,Brian Scalabrine,scalabr01,PF,33,CHI,28,0,122,6.2,13.2,0.467,0.4,3.1,0.14300000000000002,5.7,10.2,0.565,1.3,2.6,0.5,3.5,5.7,9.3,6.6,2.2,2.6,4.0,4.0,14.1,98.0,97.0,2012,Brian Scalabrine-2012,0.0,Not Selected,Forward,CHI,0.050505050505050504
2011-12,Luis Scola,scolalu01,PF,31,HOU,66,66,2067,11.0,22.5,0.491,0.0,0.1,0.0,11.0,22.4,0.493,3.9,5.0,0.773,3.1,7.8,10.8,3.5,0.9,0.6,3.9,5.4,26.0,102.0,107.0,2012,Luis Scola-2012,0.0,Not Selected,Forward,HOU,0.03434343434343434
2011-12,Thabo Sefolosha,sefolth01,SG,27,OKC,42,42,914,3.8,8.8,0.43200000000000005,1.8,4.0,0.43700000000000006,2.0,4.7,0.429,2.1,2.4,0.884,1.2,6.0,7.2,2.7,2.1,1.0,2.3,4.4,11.5,109.0,104.0,2012,Thabo Sefolosha-2012,0.0,Not Selected,Guard,OKC,0.047474747474747475
2011-12,Josh Selby,selbyjo01,PG,20,MEM,28,0,237,5.6,16.1,0.34700000000000003,0.4,3.3,0.133,5.1,12.7,0.40399999999999997,2.5,3.1,0.7859999999999999,0.4,2.9,3.3,6.7,1.6,0.0,6.5,3.8,14.1,73.0,107.0,2012,Josh Selby-2012,0.0,Not Selected,Guard,MEM,0.04141414141414142
2011-12,Kevin Séraphin,serapke01,C,22,WAS,57,21,1176,9.0,16.9,0.531,0.0,0.0,0.0,9.0,16.8,0.5329999999999999,2.1,3.1,0.6709999999999999,4.5,7.8,12.4,1.5,0.8,3.4,2.9,5.9,20.0,105.0,105.0,2012,Kevin Séraphin-2012,0.0,Not Selected,Center,WAS,0.020202020202020204
2011-12,Ramon Sessions,sessira01,PG,25,TOT,64,23,1707,7.5,17.5,0.428,1.3,3.0,0.44299999999999995,6.1,14.5,0.425,6.0,7.7,0.782,1.0,5.6,6.6,10.9,1.4,0.1,4.4,3.1,22.3,108.0,109.0,2012,Ramon Sessions-2012,0.0,Not Selected,Guard,TOT,0.03333333333333333
2011-12,Iman Shumpert,shumpim01,PG,21,NYK,59,35,1705,6.5,16.1,0.401,1.5,4.7,0.306,5.0,11.4,0.44,2.6,3.3,0.7979999999999999,1.3,4.4,5.6,5.0,3.1,0.2,3.4,5.2,17.0,96.0,101.0,2012,Iman Shumpert-2012,0.0,Not Selected,Guard,NYK,0.03636363636363636
2011-12,Xavier Silas,silasxa01,SG,24,PHI,2,0,39,5.5,20.6,0.267,1.4,8.2,0.16699999999999998,4.1,12.4,0.33299999999999996,2.7,4.1,0.667,2.7,2.7,5.5,4.1,0.0,0.0,4.1,6.9,15.1,72.0,107.0,2012,Xavier Silas-2012,0.0,Not Selected,Guard,PHI,0.03535353535353535
2011-12,Bobby Simmons,simmobo01,SF,31,LAC,28,0,418,3.6,11.6,0.311,2.6,7.7,0.33299999999999996,1.0,3.9,0.267,0.5,0.9,0.5710000000000001,2.2,4.9,7.1,1.4,1.9,0.4,1.3,5.3,10.3,95.0,108.0,2012,Bobby Simmons-2012,0.0,Not Selected,Forward,LAC,0.04040404040404041
2011-12,Chris Singleton,singlch01,SF,22,WAS,66,51,1431,4.2,11.3,0.37200000000000005,1.6,4.6,0.34600000000000003,2.6,6.7,0.389,1.1,1.6,0.682,1.6,6.9,8.4,1.8,2.5,1.1,1.4,6.4,11.1,97.0,105.0,2012,Chris Singleton-2012,0.0,Not Selected,Forward,WAS,0.020202020202020204
2011-12,James Singleton,singlja01,PF,30,WAS,12,0,262,8.1,14.8,0.547,0.4,1.8,0.222,7.7,13.1,0.591,2.8,3.0,0.9329999999999999,4.9,11.1,16.0,3.0,1.8,1.6,2.0,5.3,19.4,122.0,103.0,2012,James Singleton-2012,0.0,Not Selected,Forward,WAS,0.020202020202020204
2011-12,Brian Skinner,skinnbr01,C,35,MEM,1,0,4,0.0,13.2,0.0,0.0,0.0,0.0,0.0,13.2,0.0,0.0,0.0,0.0,0.0,0.0,0.0,0.0,0.0,0.0,0.0,13.2,0.0,0.0,112.0,2012,Brian Skinner-2012,0.0,Not Selected,Center,MEM,0.04141414141414142
2011-12,Donald Sloan,sloando01,PG,24,TOT,33,11,669,6.2,15.6,0.39899999999999997,0.2,2.0,0.08,6.1,13.6,0.445,1.8,2.4,0.767,1.4,3.9,5.3,8.3,1.0,0.2,3.9,2.9,14.4,91.0,112.0,2012,Donald Sloan-2012,0.0,Not Selected,Guard,TOT,0.03333333333333333
2011-12,Craig Smith,smithcr01,PF,28,POR,47,0,464,6.7,13.3,0.504,0.0,0.1,0.0,6.7,13.2,0.509,4.3,6.0,0.7170000000000001,3.7,8.7,12.5,2.2,1.8,0.6,2.7,6.2,17.7,109.0,105.0,2012,Craig Smith-2012,0.0,Not Selected,Forward,POR,0.028282828282828285
2011-12,Greg Smith,smithgr02,C,21,HOU,8,0,69,5.3,8.3,0.636,0.0,0.0,0.0,5.3,8.3,0.636,0.0,0.0,0.0,3.8,11.4,15.2,0.8,1.5,3.8,0.8,12.9,10.6,131.0,99.0,2012,Greg Smith-2012,0.0,Not Selected,Center,HOU,0.03434343434343434
2011-12,Ish Smith,smithis01,PG,23,TOT,26,1,234,7.1,18.5,0.38299999999999995,0.7,2.1,0.33299999999999996,6.4,16.4,0.389,1.6,2.3,0.7,1.6,6.4,8.0,9.4,3.4,0.5,3.0,3.4,16.4,96.0,103.0,2012,Ish Smith-2012,0.0,Not Selected,Guard,TOT,0.03333333333333333
2011-12,J.R. Smith,smithjr01,SG,26,NYK,35,1,967,8.8,21.6,0.40700000000000003,3.6,10.3,0.34700000000000003,5.2,11.3,0.462,2.1,2.9,0.7090000000000001,1.5,5.7,7.2,4.5,2.9,0.3,2.5,4.6,23.2,104.0,100.0,2012,J.R. Smith-2012,0.0,Not Selected,Guard,NYK,0.03636363636363636
2011-12,Jason Smith,smithja02,PF,25,NOH,40,29,947,10.4,20.0,0.52,0.1,0.5,0.111,10.3,19.5,0.531,1.9,2.7,0.7020000000000001,4.1,7.1,11.2,2.0,1.2,2.4,2.3,5.9,22.7,107.0,105.0,2012,Jason Smith-2012,0.0,Not Selected,Forward,NOP,0.021212121212121213
2011-12,Jerry Smith,smithje01,PG,24,NJN,5,0,46,3.5,16.2,0.214,1.2,6.9,0.16699999999999998,2.3,9.3,0.25,0.0,0.0,0.0,2.3,5.8,8.1,4.6,5.8,0.0,0.0,5.8,8.1,78.0,102.0,2012,Jerry Smith-2012,0.0,Not Selected,Guard,BRK,0.022222222222222223
2011-12,Josh Smith,smithjo03,PF,26,ATL,66,66,2329,11.5,25.2,0.45799999999999996,0.6,2.5,0.257,10.9,22.7,0.48,4.6,7.4,0.63,3.1,11.3,14.4,5.9,2.1,2.6,3.7,3.9,28.3,101.0,96.0,2012,Josh Smith-2012,0.0,Not Selected,Forward,ATL,0.04040404040404041
2011-12,Nolan Smith,smithno01,PG,23,POR,44,4,541,6.5,17.5,0.37200000000000005,1.3,4.4,0.289,5.3,13.1,0.4,1.9,2.7,0.7140000000000001,1.7,3.8,5.4,6.0,1.8,0.3,4.1,5.3,16.2,88.0,109.0,2012,Nolan Smith-2012,0.0,Not Selected,Guard,POR,0.028282828282828285
2011-12,Marreese Speights,speigma01,PF,24,MEM,60,54,1345,8.7,19.2,0.45299999999999996,0.0,0.1,0.0,8.7,19.1,0.456,3.3,4.3,0.7709999999999999,5.2,9.5,14.7,1.9,0.8,1.1,2.9,5.8,20.7,102.0,102.0,2012,Marreese Speights-2012,0.0,Not Selected,Forward,MEM,0.04141414141414142
2011-12,Tiago Splitter,splitti01,C,27,SAS,59,2,1121,9.8,15.8,0.618,0.0,0.0,0.0,9.8,15.8,0.618,5.8,8.3,0.691,4.3,9.8,14.1,3.0,1.0,2.2,4.0,6.2,25.3,117.0,102.0,2012,Tiago Splitter-2012,0.0,Not Selected,Center,SAS,0.050505050505050504
2011-12,Jerry Stackhouse,stackje01,SF,37,ATL,30,0,273,7.2,19.5,0.37,2.5,7.4,0.342,4.7,12.1,0.387,4.1,4.5,0.9129999999999999,1.2,3.3,4.5,2.7,1.9,0.6,2.5,2.3,21.0,97.0,104.0,2012,Jerry Stackhouse-2012,0.0,Not Selected,Forward,ATL,0.04040404040404041
2011-12,Lance Stephenson,stephla01,SG,21,IND,42,1,442,5.6,15.0,0.376,0.5,3.6,0.133,5.1,11.4,0.45299999999999996,1.0,2.0,0.47100000000000003,1.4,4.9,6.3,5.5,2.5,0.6,4.3,3.6,12.7,80.0,104.0,2012,Lance Stephenson-2012,0.0,Not Selected,Guard,IND,0.04242424242424243
2011-12,DeShawn Stevenson,stevede01,SF,30,NJN,51,30,960,2.7,9.5,0.285,2.3,8.0,0.28300000000000003,0.4,1.5,0.29600000000000004,0.5,0.9,0.563,0.4,5.2,5.6,2.3,1.1,0.2,1.1,3.3,8.2,90.0,112.0,2012,DeShawn Stevenson-2012,0.0,Not Selected,Forward,BRK,0.022222222222222223
2011-12,Greg Stiemsma,stiemgr01,C,26,BOS,55,3,766,4.6,8.4,0.545,0.0,0.0,0.0,4.6,8.4,0.545,2.0,2.8,0.7070000000000001,3.3,8.9,12.3,1.9,2.6,5.9,2.3,10.0,11.2,107.0,90.0,2012,Greg Stiemsma-2012,0.0,Not Selected,Center,BOS,0.03939393939393939
2011-12,Julyan Stone,stoneju01,SG,23,DEN,22,2,179,3.7,8.8,0.419,0.6,3.1,0.182,3.1,5.7,0.55,2.3,3.1,0.727,1.4,5.7,7.1,10.5,2.3,1.7,3.1,5.1,10.2,109.0,105.0,2012,Julyan Stone-2012,0.0,Not Selected,Guard,DEN,0.03838383838383838
2011-12,Amar'e Stoudemire,stoudam01,PF,29,NYK,47,47,1543,10.6,21.8,0.483,0.2,0.7,0.23800000000000002,10.4,21.1,0.491,6.2,8.1,0.765,3.5,8.7,12.3,1.7,1.3,1.5,3.7,4.6,27.5,104.0,101.0,2012,Amar'e Stoudemire-2012,0.0,Not Selected,Forward,NYK,0.03636363636363636
2011-12,Rodney Stuckey,stuckro01,SG,25,DET,55,48,1644,8.4,19.5,0.429,1.1,3.4,0.317,7.3,16.1,0.452,8.7,10.5,0.8340000000000001,1.2,3.4,4.6,6.9,1.4,0.3,3.5,4.1,26.6,112.0,109.0,2012,Rodney Stuckey-2012,0.0,Not Selected,Guard,DET,0.025252525252525252
2011-12,DaJuan Summers,summeda01,SF,24,NOH,15,6,209,7.3,16.9,0.431,1.3,4.2,0.313,6.0,12.7,0.469,1.8,2.3,0.778,2.1,3.9,6.0,2.6,1.8,0.0,2.1,8.1,17.7,100.0,108.0,2012,DaJuan Summers-2012,0.0,Not Selected,Forward,NOP,0.021212121212121213
2011-12,Jeff Teague,teaguje01,PG,23,ATL,66,66,2183,7.8,16.4,0.47600000000000003,1.2,3.6,0.342,6.6,12.7,0.514,3.4,4.5,0.757,0.5,3.4,3.9,7.8,2.6,0.9,3.3,3.5,20.3,108.0,102.0,2012,Jeff Teague-2012,0.0,Not Selected,Guard,ATL,0.04040404040404041
2011-12,Sebastian Telfair,telfase01,PG,26,PHO,60,1,895,8.2,19.8,0.41200000000000003,1.9,6.1,0.314,6.3,13.7,0.456,3.1,3.9,0.7909999999999999,1.2,4.1,5.3,8.0,2.4,0.7,3.9,6.9,21.3,99.0,107.0,2012,Sebastian Telfair-2012,0.0,Not Selected,Guard,PHO,0.03333333333333333
2011-12,Jason Terry,terryja01,SG,34,DAL,63,1,2000,9.4,21.8,0.43,3.6,9.6,0.37799999999999995,5.7,12.2,0.47100000000000003,2.6,2.9,0.883,0.4,3.5,3.9,5.9,1.9,0.3,3.3,1.8,24.9,103.0,106.0,2012,Jason Terry-2012,0.0,Not Selected,Guard,DAL,0.03636363636363636
2011-12,Hasheem Thabeet,thabeha01,C,24,TOT,20,3,139,4.2,7.9,0.524,0.0,0.0,0.0,4.2,7.9,0.524,4.9,7.6,0.65,6.1,9.8,15.9,0.0,0.4,3.8,3.0,7.6,13.2,109.0,104.0,2012,Hasheem Thabeet-2012,0.0,Not Selected,Center,TOT,0.03333333333333333
2011-12,Isaiah Thomas,thomais02,PG,22,SAC,65,37,1656,7.8,17.5,0.44799999999999995,2.5,6.7,0.379,5.3,10.8,0.491,4.7,5.7,0.8320000000000001,1.5,3.7,5.1,8.1,1.6,0.2,3.2,3.7,22.9,116.0,113.0,2012,Isaiah Thomas-2012,0.0,Not Selected,Guard,SAC,0.022222222222222223
2011-12,Kurt Thomas,thomaku01,C,39,POR,53,3,803,4.8,10.3,0.465,0.0,0.0,0.0,4.8,10.3,0.465,0.9,1.3,0.7,2.6,9.8,12.3,3.0,1.6,2.0,2.0,8.1,10.5,99.0,104.0,2012,Kurt Thomas-2012,0.0,Not Selected,Center,POR,0.028282828282828285
2011-12,Lance Thomas,thomala01,PF,23,NOH,42,10,630,4.9,10.9,0.452,0.0,0.1,0.0,4.9,10.8,0.456,4.5,5.3,0.8390000000000001,4.2,6.6,10.9,1.0,0.9,0.6,2.1,6.7,14.3,110.0,107.0,2012,Lance Thomas-2012,0.0,Not Selected,Forward,NOP,0.021212121212121213
2011-12,Malcolm Thomas,thomama01,PF,23,SAS,3,0,15,0.0,10.3,0.0,0.0,0.0,0.0,0.0,10.3,0.0,3.4,6.9,0.5,3.4,6.9,10.3,3.4,3.4,3.4,0.0,0.0,3.4,62.0,97.0,2012,Malcolm Thomas-2012,0.0,Not Selected,Forward,SAS,0.050505050505050504
2011-12,Tyrus Thomas,thomaty01,PF,25,CHA,54,30,1013,6.2,17.0,0.36700000000000005,0.1,0.2,0.33299999999999996,6.2,16.9,0.36700000000000005,3.3,4.3,0.759,2.5,7.9,10.4,1.8,1.9,3.1,2.8,7.5,15.8,84.0,106.0,2012,Tyrus Thomas-2012,0.0,Not Selected,Forward,CHO,0.007070707070707071
2011-12,Trey Thompkins,thomptr02,C,21,LAC,24,0,119,10.9,27.6,0.39299999999999996,1.8,5.9,0.308,9.0,21.7,0.41700000000000004,2.3,3.2,0.7140000000000001,1.8,9.0,10.9,1.4,1.4,1.4,2.7,4.5,25.8,90.0,105.0,2012,Trey Thompkins-2012,0.0,Not Selected,Center,LAC,0.04040404040404041
2011-12,Jason Thompson,thompja02,PF,25,SAC,64,47,1657,7.3,13.6,0.535,0.0,0.1,0.0,7.3,13.5,0.537,3.3,5.5,0.602,5.1,8.5,13.6,2.4,1.3,1.3,2.1,4.6,17.8,115.0,109.0,2012,Jason Thompson-2012,0.0,Not Selected,Forward,SAC,0.022222222222222223
2011-12,Klay Thompson,thompkl01,SG,21,GSW,66,29,1608,10.3,23.2,0.44299999999999995,3.6,8.7,0.414,6.7,14.5,0.46,2.6,2.9,0.868,0.8,4.4,5.2,4.3,1.6,0.6,3.3,5.0,26.7,102.0,111.0,2012,Klay Thompson-2012,0.0,Not Selected,Guard,GSW,0.023232323232323233
2011-12,Mychel Thompson,thompmy02,SG,23,CLE,5,3,95,3.9,13.3,0.292,2.2,6.1,0.364,1.7,7.2,0.231,0.0,0.0,0.0,0.0,2.8,2.8,3.9,1.1,0.6,2.8,4.4,10.0,76.0,113.0,2012,Mychel Thompson-2012,0.0,Not Selected,Guard,CLE,0.021212121212121213
2011-12,Tristan Thompson,thomptr01,PF,20,CLE,60,25,1424,7.2,16.3,0.439,0.0,0.1,0.0,7.2,16.2,0.441,3.9,7.1,0.552,6.9,7.5,14.4,1.0,1.0,2.3,3.0,4.9,18.2,98.0,108.0,2012,Tristan Thompson-2012,0.0,Not Selected,Forward,CLE,0.021212121212121213
2011-12,Marcus Thornton,thornma01,SG,24,SAC,51,51,1780,10.0,22.9,0.43799999999999994,3.0,8.8,0.345,7.0,14.0,0.49700000000000005,4.0,4.6,0.865,2.4,3.0,5.4,2.8,2.0,0.3,2.4,3.2,27.1,111.0,112.0,2012,Marcus Thornton-2012,0.0,Not Selected,Guard,SAC,0.022222222222222223
2011-12,Jamaal Tinsley,tinslja01,PG,33,UTA,37,1,507,5.9,14.6,0.40399999999999997,1.0,3.8,0.27,4.9,10.8,0.452,1.3,1.8,0.765,0.6,4.0,4.7,12.7,1.8,0.8,5.4,4.9,14.2,93.0,108.0,2012,Jamaal Tinsley-2012,0.0,Not Selected,Guard,UTA,0.03636363636363636
2011-12,Anthony Tolliver,tollian01,SF,26,MIN,51,0,882,4.1,10.6,0.39,1.5,5.9,0.248,2.7,4.7,0.568,2.4,3.2,0.745,2.9,6.0,8.9,1.3,1.0,1.1,2.0,5.0,12.1,101.0,108.0,2012,Anthony Tolliver-2012,0.0,Not Selected,Forward,MIN,0.026262626262626262
2011-12,Ronny Turiaf,turiaro01,C,29,TOT,17,5,279,3.6,6.2,0.5760000000000001,0.0,0.2,0.0,3.6,6.0,0.594,2.4,4.1,0.591,3.8,9.4,13.2,1.9,2.6,3.2,2.6,7.3,9.6,107.0,96.0,2012,Ronny Turiaf-2012,0.0,Not Selected,Center,TOT,0.03333333333333333
2011-12,Hedo Türkoğlu,turkohe01,SF,32,ORL,53,53,1653,6.8,16.4,0.415,3.0,8.4,0.353,3.8,8.0,0.48,2.2,3.1,0.705,0.8,5.7,6.5,7.6,1.5,0.6,4.6,4.5,18.8,99.0,106.0,2012,Hedo Türkoğlu-2012,0.0,Not Selected,Forward,ORL,0.03737373737373737
2011-12,Evan Turner,turneev01,SF,23,PHI,65,20,1713,8.2,18.4,0.446,0.3,1.5,0.22399999999999998,7.9,16.9,0.466,2.3,3.4,0.6759999999999999,0.8,10.9,11.7,5.6,1.2,0.6,3.3,3.7,19.1,93.0,99.0,2012,Evan Turner-2012,0.0,Not Selected,Forward,PHI,0.03535353535353535
2011-12,Jeremy Tyler,tylerje01,C,20,GSW,42,23,568,8.1,19.1,0.42100000000000004,0.0,0.1,0.0,8.1,19.0,0.423,2.7,4.8,0.5579999999999999,4.9,7.9,12.8,1.5,1.5,1.8,3.3,7.7,18.8,89.0,108.0,2012,Jeremy Tyler-2012,0.0,Not Selected,Center,GSW,0.023232323232323233
2011-12,Edwin Ubiles,ubileed01,SF,25,WAS,4,0,52,5.0,18.0,0.278,1.0,5.0,0.2,4.0,13.0,0.308,3.0,3.0,1.0,2.0,8.0,10.0,1.0,1.0,1.0,1.0,1.0,14.0,84.0,107.0,2012,Edwin Ubiles-2012,0.0,Not Selected,Forward,WAS,0.020202020202020204
2011-12,Ekpe Udoh,udohek01,C,24,TOT,61,11,1290,5.1,11.8,0.431,0.0,0.1,0.0,5.1,11.7,0.433,3.4,4.6,0.754,4.0,6.2,10.2,2.3,1.6,4.1,2.1,7.0,13.6,104.0,105.0,2012,Ekpe Udoh-2012,0.0,Not Selected,Center,TOT,0.03333333333333333
2011-12,Beno Udrih,udrihbe01,SG,29,MIL,59,0,1080,6.9,15.7,0.44,0.8,2.8,0.28800000000000003,6.1,12.9,0.473,1.8,2.6,0.7090000000000001,1.2,3.6,4.8,10.8,1.8,0.0,3.7,3.3,16.5,102.0,109.0,2012,Beno Udrih-2012,0.0,Not Selected,Guard,MIL,0.031313131313131314
2011-12,Ben Uzoh,uzohbe01,PG,23,TOT,18,8,370,5.1,14.4,0.354,0.0,0.1,0.0,5.1,14.2,0.35700000000000004,1.6,2.8,0.579,2.8,7.0,9.7,8.9,2.5,0.4,2.8,4.5,11.8,91.0,103.0,2012,Ben Uzoh-2012,0.0,Not Selected,Guard,TOT,0.03333333333333333
2011-12,Anderson Varejão,varejan01,C,29,CLE,25,25,785,7.6,14.9,0.514,0.0,0.3,0.0,7.6,14.6,0.523,2.9,4.3,0.672,7.3,11.9,19.2,2.9,2.3,1.1,3.0,4.2,18.1,110.0,103.0,2012,Anderson Varejão-2012,0.0,Not Selected,Center,CLE,0.021212121212121213
2011-12,Greivis Vásquez,vasqugr01,SG,25,NOH,66,26,1706,7.2,16.7,0.43,1.4,4.3,0.319,5.8,12.4,0.469,3.1,3.7,0.821,0.7,4.8,5.5,11.4,1.9,0.3,4.7,4.0,18.8,101.0,107.0,2012,Greivis Vásquez-2012,0.0,Not Selected,Guard,NOP,0.021212121212121213
2011-12,Jan Veselý,veselja01,PF,21,WAS,57,20,1078,5.6,10.5,0.537,0.0,0.0,0.0,5.6,10.4,0.539,1.6,3.0,0.532,4.9,7.1,12.0,2.3,1.9,1.5,2.9,7.5,12.8,104.0,105.0,2012,Jan Veselý-2012,0.0,Not Selected,Forward,WAS,0.020202020202020204
2011-12,Charlie Villanueva,villach01,PF,27,DET,13,0,180,10.5,27.2,0.385,4.5,13.4,0.33299999999999996,6.0,13.7,0.435,1.8,2.1,0.857,2.7,11.7,14.3,1.8,2.1,1.5,2.1,7.5,27.2,100.0,101.0,2012,Charlie Villanueva-2012,0.0,Not Selected,Forward,DET,0.025252525252525252
2011-12,Nikola Vučević,vucevni01,C,21,PHI,51,15,812,8.6,19.2,0.45,0.2,0.5,0.375,8.4,18.7,0.452,1.2,2.2,0.529,5.8,10.4,16.2,2.0,1.3,2.2,2.2,7.3,18.7,99.0,97.0,2012,Nikola Vučević-2012,0.0,Not Selected,Center,PHI,0.03535353535353535
2011-12,Dwyane Wade,wadedw01,SG,30,MIA,49,49,1625,13.5,27.1,0.49700000000000005,0.5,1.8,0.268,13.0,25.3,0.513,7.6,9.6,0.7909999999999999,2.4,5.3,7.7,7.3,2.7,2.0,4.2,3.6,35.0,112.0,99.0,2012,Dwyane Wade-2012,3.0,3rd,Guard,MIA,0.046464646464646465
2011-12,Von Wafer,wafervo01,SG,26,ORL,33,1,469,8.2,18.1,0.452,1.6,4.5,0.359,6.6,13.6,0.483,4.4,6.2,0.7040000000000001,0.7,4.5,5.2,3.3,1.1,0.3,4.0,3.0,22.3,98.0,107.0,2012,Von Wafer-2012,0.0,Not Selected,Guard,ORL,0.03737373737373737
2011-12,Henry Walker,walkebi01,SG,24,NYK,32,8,620,5.7,14.2,0.39799999999999996,3.0,9.4,0.319,2.7,4.8,0.552,1.4,1.7,0.85,0.7,5.9,6.6,3.1,1.6,0.6,2.9,7.0,15.7,98.0,103.0,2012,Henry Walker-2012,0.0,Not Selected,Guard,NYK,0.03636363636363636
2011-12,Kemba Walker,walkeke02,PG,21,CHA,66,25,1792,8.3,22.6,0.366,2.0,6.6,0.305,6.2,15.9,0.392,4.9,6.3,0.789,0.9,6.0,6.9,8.5,1.8,0.6,3.5,2.3,23.5,96.0,111.0,2012,Kemba Walker-2012,0.0,Not Selected,Guard,CHO,0.007070707070707071
2011-12,John Wall,walljo01,PG,21,WAS,66,66,2386,8.2,19.4,0.423,0.1,0.9,0.071,8.2,18.5,0.44,6.9,8.7,0.789,1.0,5.5,6.5,11.5,2.1,1.2,5.5,3.0,23.4,100.0,107.0,2012,John Wall-2012,0.0,Not Selected,Guard,WAS,0.020202020202020204
2011-12,Ben Wallace,wallabe01,C,37,DET,62,11,980,1.9,4.7,0.395,0.1,0.2,0.25,1.8,4.5,0.402,0.9,2.6,0.34,4.4,10.3,14.8,2.4,2.6,2.8,1.9,3.3,4.7,93.0,100.0,2012,Ben Wallace-2012,0.0,Not Selected,Center,DET,0.025252525252525252
2011-12,Gerald Wallace,wallage01,SF,29,TOT,58,58,2076,7.3,16.1,0.45399999999999996,1.2,3.8,0.307,6.1,12.3,0.5,4.6,5.7,0.8,2.2,7.6,9.8,4.2,2.2,0.9,2.8,3.7,20.3,109.0,106.0,2012,Gerald Wallace-2012,0.0,Not Selected,Forward,TOT,0.03333333333333333
2011-12,Luke Walton,waltolu01,PF-SF,31,TOT,30,0,364,3.5,9.4,0.369,1.0,2.9,0.35,2.5,6.5,0.37799999999999995,0.0,0.0,0.0,1.9,5.2,7.1,5.1,0.7,0.1,3.9,5.9,8.0,80.0,112.0,2012,Luke Walton-2012,0.0,Not Selected,Forward,TOT,0.03333333333333333
2011-12,Hakim Warrick,warriha01,PF,29,PHO,35,0,503,7.6,18.5,0.41100000000000003,0.1,1.0,0.1,7.5,17.5,0.429,7.8,10.2,0.768,3.2,6.3,9.5,3.1,0.8,0.3,3.7,3.6,23.2,100.0,109.0,2012,Hakim Warrick-2012,0.0,Not Selected,Forward,PHO,0.03333333333333333
2011-12,Darryl Watkins,watkida01,C,27,NOH,5,0,98,3.9,7.8,0.5,0.0,0.0,0.0,3.9,7.8,0.5,5.0,10.0,0.5,4.4,10.5,15.0,1.7,2.8,2.2,4.4,7.8,12.8,90.0,99.0,2012,Darryl Watkins-2012,0.0,Not Selected,Center,NOP,0.021212121212121213
2011-12,C.J. Watson,watsocj01,PG,27,CHI,49,25,1159,7.5,20.3,0.368,3.2,8.0,0.39299999999999996,4.3,12.3,0.35200000000000004,3.9,4.8,0.8079999999999999,1.0,3.9,4.9,9.3,2.1,0.4,4.5,4.8,22.0,101.0,101.0,2012,C.J. Watson-2012,0.0,Not Selected,Guard,CHI,0.050505050505050504
2011-12,Earl Watson,watsoea01,PG,32,UTA,50,2,1033,2.7,8.1,0.33799999999999997,0.5,2.6,0.192,2.2,5.5,0.40700000000000003,1.6,2.3,0.674,1.5,4.6,6.1,11.0,2.7,1.1,4.3,5.3,7.6,90.0,106.0,2012,Earl Watson-2012,0.0,Not Selected,Guard,UTA,0.03636363636363636
2011-12,Martell Webster,webstma02,SF,25,MIN,47,26,1140,5.2,12.3,0.423,1.7,4.9,0.33899999999999997,3.5,7.4,0.479,2.6,3.2,0.792,1.9,5.7,7.6,1.8,1.4,0.8,2.1,3.9,14.6,105.0,108.0,2012,Martell Webster-2012,0.0,Not Selected,Forward,MIN,0.026262626262626262
2011-12,David West,westda01,PF,31,IND,66,66,1925,9.6,19.7,0.48700000000000004,0.1,0.2,0.222,9.5,19.4,0.491,3.9,4.8,0.807,3.2,8.7,11.9,3.8,1.4,1.3,2.6,4.4,23.1,110.0,102.0,2012,David West-2012,0.0,Not Selected,Forward,IND,0.04242424242424243
2011-12,Delonte West,westde01,PG,28,DAL,44,33,1060,8.2,17.8,0.461,1.3,3.8,0.355,6.9,14.1,0.489,3.1,3.5,0.8859999999999999,0.6,4.4,5.0,6.9,2.9,0.5,3.8,3.3,20.9,102.0,103.0,2012,Delonte West-2012,0.0,Not Selected,Guard,DAL,0.03636363636363636
2011-12,Russell Westbrook,westbru01,PG,23,OKC,66,66,2331,12.8,28.0,0.457,1.4,4.3,0.316,11.4,23.7,0.48200000000000004,7.5,9.1,0.823,2.1,4.5,6.7,8.0,2.5,0.5,5.3,3.3,34.5,108.0,105.0,2012,Russell Westbrook-2012,2.0,2nd,Guard,OKC,0.047474747474747475
2011-12,D.J. White,whitedj01,PF,25,CHA,58,11,1098,8.4,16.9,0.493,0.0,0.0,1.0,8.3,16.9,0.491,2.1,2.9,0.705,2.4,7.6,10.0,2.3,0.8,1.1,2.1,4.5,18.8,100.0,111.0,2012,D.J. White-2012,0.0,Not Selected,Forward,CHO,0.007070707070707071
2011-12,Hassan Whiteside,whiteha01,C,22,SAC,18,0,109,5.6,12.6,0.444,0.0,0.0,0.0,5.6,12.6,0.444,2.3,5.6,0.41700000000000004,7.4,10.7,18.1,0.0,1.4,7.0,2.3,5.6,13.5,98.0,102.0,2012,Hassan Whiteside-2012,0.0,Not Selected,Center,SAC,0.022222222222222223
2011-12,Chris Wilcox,wilcoch01,C,29,BOS,28,4,481,7.1,11.8,0.598,0.0,0.0,0.0,7.1,11.8,0.598,2.7,4.3,0.615,4.2,9.3,13.5,1.3,1.2,1.0,3.3,7.1,16.8,105.0,98.0,2012,Chris Wilcox-2012,0.0,Not Selected,Center,BOS,0.03939393939393939
2011-12,Damien Wilkins,wilkida02,SF,32,DET,60,2,922,4.4,11.3,0.39399999999999996,0.4,1.3,0.304,4.0,9.9,0.406,2.0,3.2,0.63,1.3,4.6,5.8,2.6,1.7,0.8,1.8,5.0,11.3,93.0,108.0,2012,Damien Wilkins-2012,0.0,Not Selected,Forward,DET,0.025252525252525252
2011-12,Deron Williams,willide01,PG,27,NJN,55,55,1999,10.4,25.6,0.40700000000000003,3.1,9.1,0.336,7.4,16.5,0.446,6.8,8.1,0.843,0.6,4.3,4.9,12.8,1.8,0.5,5.8,3.2,30.7,106.0,111.0,2012,Deron Williams-2012,0.0,Not Selected,Guard,BRK,0.022222222222222223
2011-12,Derrick Williams,willide02,PF,20,MIN,66,15,1418,7.4,18.1,0.41200000000000003,1.3,5.0,0.268,6.1,13.1,0.467,4.9,7.1,0.6970000000000001,2.8,8.5,11.3,1.4,1.1,1.1,2.8,3.4,21.2,100.0,106.0,2012,Derrick Williams-2012,0.0,Not Selected,Forward,MIN,0.026262626262626262
2011-12,Elliot Williams,williel01,SG,22,POR,24,0,149,13.1,26.1,0.5,2.8,9.5,0.29600000000000004,10.2,16.6,0.617,2.1,6.4,0.33299999999999996,2.5,4.2,6.7,2.1,2.1,1.1,1.8,6.4,31.1,106.0,107.0,2012,Elliot Williams-2012,0.0,Not Selected,Guard,POR,0.028282828282828285
2011-12,Jordan Williams,willijo03,C,21,NJN,43,5,635,6.5,12.7,0.507,0.0,0.0,0.0,6.5,12.7,0.507,3.6,5.5,0.652,5.5,7.5,13.1,0.9,1.8,1.3,1.9,5.1,16.5,112.0,108.0,2012,Jordan Williams-2012,0.0,Not Selected,Center,BRK,0.022222222222222223
2011-12,Lou Williams,willilo02,PG,25,PHI,64,0,1682,10.1,24.9,0.40700000000000003,2.6,7.3,0.36200000000000004,7.5,17.6,0.425,7.5,9.3,0.812,1.0,4.0,4.9,7.0,1.7,0.6,2.3,2.9,30.4,110.0,102.0,2012,Lou Williams-2012,0.0,Not Selected,Guard,PHI,0.03535353535353535
2011-12,Marvin Williams,willima02,SF,25,ATL,57,37,1500,7.2,16.7,0.43200000000000005,2.1,5.3,0.389,5.1,11.4,0.452,4.1,5.2,0.7879999999999999,2.7,7.7,10.4,2.5,1.7,0.6,1.4,3.0,20.5,113.0,101.0,2012,Marvin Williams-2012,0.0,Not Selected,Forward,ATL,0.04040404040404041
2011-12,Mo Williams,willima01,SG,29,LAC,52,1,1472,9.5,22.3,0.426,3.4,8.7,0.389,6.1,13.6,0.449,2.6,2.9,0.9,0.8,2.8,3.6,5.9,1.9,0.3,3.1,3.8,25.0,107.0,109.0,2012,Mo Williams-2012,0.0,Not Selected,Guard,LAC,0.04040404040404041
2011-12,Reggie Williams,willire02,SF,25,CHA,33,13,747,7.5,18.0,0.41600000000000004,2.3,7.5,0.308,5.1,10.4,0.493,2.0,2.8,0.725,1.9,4.7,6.6,4.2,1.4,0.2,2.3,2.4,19.3,100.0,113.0,2012,Reggie Williams-2012,0.0,Not Selected,Forward,CHO,0.007070707070707071
2011-12,Sean Williams,willise01,C,25,TOT,11,0,107,6.9,10.8,0.636,0.0,0.0,0.0,6.9,10.8,0.636,5.9,6.4,0.9229999999999999,6.4,5.9,12.3,2.5,2.0,3.9,4.9,8.9,19.7,117.0,98.0,2012,Sean Williams-2012,0.0,Not Selected,Center,TOT,0.03333333333333333
2011-12,Shawne Williams,willish03,SF,25,NJN,25,6,514,4.4,15.2,0.28600000000000003,2.2,9.0,0.24100000000000002,2.2,6.2,0.35,0.8,1.1,0.727,2.1,5.0,7.0,1.7,1.0,1.1,1.3,4.6,11.7,84.0,112.0,2012,Shawne Williams-2012,0.0,Not Selected,Forward,BRK,0.022222222222222223
2011-12,Shelden Williams,willish02,C,28,NJN,58,35,1276,4.0,8.4,0.478,0.0,0.0,0.0,4.0,8.4,0.478,3.2,4.3,0.731,5.9,8.7,14.6,1.5,2.0,1.6,2.8,6.2,11.2,107.0,106.0,2012,Shelden Williams-2012,0.0,Not Selected,Center,BRK,0.022222222222222223
2011-12,Terrence Williams,willite01,SG,24,TOT,30,0,550,7.9,18.4,0.429,1.5,4.3,0.348,6.4,14.2,0.45399999999999996,2.5,4.3,0.5870000000000001,1.2,8.3,9.5,6.1,1.9,0.7,4.0,3.3,19.8,96.0,107.0,2012,Terrence Williams-2012,0.0,Not Selected,Guard,TOT,0.03333333333333333
2011-12,Metta World Peace,artesro01,SF,32,LAL,64,45,1720,5.6,14.3,0.39399999999999996,1.7,5.8,0.29600000000000004,3.9,8.5,0.46,2.2,3.5,0.617,2.2,4.5,6.7,4.3,2.1,0.8,2.1,4.2,15.2,102.0,105.0,2012,Metta World Peace-2012,0.0,Not Selected,Forward,LAL,0.04141414141414142
2011-12,Brandan Wright,wrighbr03,C,24,DAL,49,0,791,9.6,15.5,0.618,0.0,0.1,0.0,9.6,15.4,0.621,3.5,5.4,0.634,4.1,7.4,11.5,0.9,1.5,4.2,1.4,4.0,22.6,124.0,100.0,2012,Brandan Wright-2012,0.0,Not Selected,Center,DAL,0.03636363636363636
2011-12,Chris Wright,wrighch01,SF,23,GSW,24,1,186,6.4,12.6,0.511,0.0,0.0,0.0,6.4,12.6,0.511,6.7,8.7,0.774,5.3,7.3,12.6,1.1,2.0,3.6,2.2,6.1,19.6,120.0,106.0,2012,Chris Wright-2012,0.0,Not Selected,Forward,GSW,0.023232323232323233
2011-12,Dorell Wright,wrighdo01,SF,26,GSW,61,61,1650,7.0,16.6,0.42200000000000004,3.3,9.2,0.36,3.7,7.4,0.5,2.5,3.1,0.816,1.9,6.9,8.8,3.0,1.8,0.8,1.6,3.1,19.8,111.0,109.0,2012,Dorell Wright-2012,0.0,Not Selected,Forward,GSW,0.023232323232323233
2011-12,Nick Young,youngni01,SG,26,TOT,62,35,1729,9.6,23.8,0.40299999999999997,3.1,8.6,0.365,6.5,15.2,0.424,4.4,5.1,0.852,0.9,3.1,4.0,1.7,1.3,0.5,2.5,4.3,26.7,102.0,110.0,2012,Nick Young-2012,0.0,Not Selected,Guard,TOT,0.03333333333333333
2011-12,Sam Young,youngsa01,SF,26,TOT,35,2,375,6.4,18.0,0.354,0.7,2.4,0.294,5.7,15.6,0.364,2.7,3.7,0.731,2.8,5.9,8.8,2.1,2.4,0.8,2.3,3.3,16.1,89.0,101.0,2012,Sam Young-2012,0.0,Not Selected,Forward,TOT,0.03333333333333333
2011-12,Thaddeus Young,youngth01,PF,23,PHI,63,1,1755,10.6,21.0,0.507,0.0,0.1,0.25,10.6,20.8,0.508,3.4,4.4,0.7709999999999999,4.2,5.7,9.9,2.3,2.0,1.3,1.7,3.9,24.6,111.0,100.0,2012,Thaddeus Young-2012,0.0,Not Selected,Forward,PHI,0.03535353535353535
2012-13,Quincy Acy,acyqu01,PF,22,TOR,29,0,342,6.5,11.6,0.56,0.2,0.3,0.5,6.4,11.3,0.562,4.8,5.9,0.816,4.7,7.3,12.0,1.7,2.0,2.3,2.6,8.2,18.0,120.0,105.0,2013,Quincy Acy-2013,0.0,Not Selected,Forward,TOR,0.027664768104149716
2012-13,Jeff Adrien,adrieje01,PF,26,CHA,52,5,713,5.3,12.4,0.429,0.0,0.1,0.0,5.3,12.2,0.434,4.8,7.4,0.65,5.0,9.4,14.4,2.7,1.3,2.0,2.4,5.9,15.4,105.0,109.0,2013,Jeff Adrien-2013,0.0,Not Selected,Forward,CHO,0.01708706265256306
2012-13,Arron Afflalo,afflaar01,SF,27,ORL,64,64,2307,9.0,20.4,0.439,1.6,5.4,0.3,7.3,15.0,0.489,4.3,5.0,0.857,0.7,4.7,5.4,4.7,0.9,0.2,3.1,3.1,23.9,102.0,112.0,2013,Arron Afflalo-2013,0.0,Not Selected,Forward,ORL,0.01627339300244101
2012-13,Josh Akognon,akognjo01,PG,26,DAL,3,0,9,11.3,22.7,0.5,5.7,11.3,0.5,5.7,11.3,0.5,0.0,0.0,0.0,0.0,5.7,5.7,5.7,0.0,0.0,0.0,17.0,28.4,130.0,111.0,2013,Josh Akognon-2013,0.0,Not Selected,Guard,DAL,0.03336045565500407
2012-13,Cole Aldrich,aldrico01,C,24,TOT,45,0,388,5.7,10.4,0.55,0.0,0.0,0.0,5.7,10.4,0.55,1.6,2.6,0.6,3.9,11.7,15.6,1.2,0.7,3.0,3.0,7.8,13.0,102.0,105.0,2013,Cole Aldrich-2013,0.0,Not Selected,Center,TOT,0.03333333333333333
2012-13,LaMarcus Aldridge,aldrila01,PF,27,POR,74,74,2790,12.0,24.8,0.484,0.0,0.3,0.14300000000000002,12.0,24.6,0.488,5.3,6.6,0.81,3.3,9.3,12.6,3.6,1.2,1.7,2.7,3.5,29.4,108.0,107.0,2013,LaMarcus Aldridge-2013,0.0,Not Selected,Forward,POR,0.026851098454027666
2012-13,Lavoy Allen,allenla01,C,23,PHI,79,37,1669,6.5,14.3,0.45399999999999996,0.0,0.0,0.0,6.5,14.3,0.455,1.4,1.9,0.7170000000000001,5.0,7.5,12.5,2.3,0.8,1.7,1.7,5.7,14.4,103.0,106.0,2013,Lavoy Allen-2013,0.0,Not Selected,Center,PHI,0.027664768104149716
2012-13,Ray Allen,allenra02,SG,37,MIA,79,0,2035,7.6,16.9,0.449,3.6,8.6,0.419,4.0,8.3,0.48,3.6,4.1,0.8859999999999999,1.0,4.6,5.6,3.5,1.7,0.4,2.7,3.4,22.5,112.0,107.0,2013,Ray Allen-2013,0.0,Not Selected,Guard,MIA,0.05370219690805533
2012-13,Tony Allen,allento01,SG,31,MEM,79,79,2109,7.3,16.4,0.445,0.1,0.6,0.125,7.2,15.8,0.45799999999999996,3.4,4.8,0.7170000000000001,3.1,6.2,9.3,2.5,3.1,1.1,2.4,5.4,18.1,102.0,98.0,2013,Tony Allen-2013,0.0,Not Selected,Guard,MEM,0.045565500406834825
2012-13,Al-Farouq Aminu,aminual01,SF,22,NOH,76,71,2066,5.9,12.4,0.475,0.1,0.5,0.21100000000000002,5.8,11.9,0.486,2.7,3.6,0.737,3.6,11.7,15.4,2.7,2.4,1.3,3.0,4.0,14.6,101.0,105.0,2013,Al-Farouq Aminu-2013,0.0,Not Selected,Forward,NOP,0.021969080553295363
2012-13,Lou Amundson,amundlo01,PF,30,TOT,39,0,372,4.6,11.6,0.395,0.0,0.0,0.0,4.6,11.6,0.395,1.7,5.1,0.33299999999999996,6.9,8.3,15.1,1.6,2.3,1.7,2.7,7.6,10.8,89.0,105.0,2013,Lou Amundson-2013,0.0,Not Selected,Forward,TOT,0.03333333333333333
2012-13,Chris Andersen,anderch01,C,34,MIA,42,0,624,6.0,10.4,0.5770000000000001,0.2,0.3,0.667,5.9,10.2,0.575,5.3,7.9,0.677,4.8,9.8,14.6,1.4,1.4,3.7,2.0,7.6,17.6,125.0,100.0,2013,Chris Andersen-2013,0.0,Not Selected,Center,MIA,0.05370219690805533
2012-13,Alan Anderson,anderal01,SF,30,TOR,65,2,1495,8.4,21.9,0.38299999999999995,3.4,10.1,0.33299999999999996,5.0,11.8,0.426,4.5,5.2,0.857,1.2,4.0,5.3,3.7,1.7,0.2,2.8,4.7,24.6,101.0,110.0,2013,Alan Anderson-2013,0.0,Not Selected,Forward,TOR,0.027664768104149716
2012-13,James Anderson,anderja01,SG-SF,23,TOT,39,2,401,6.5,15.8,0.413,2.6,7.5,0.35,3.9,8.3,0.47,3.0,3.5,0.857,2.3,6.8,9.0,5.3,1.9,0.6,3.1,3.1,18.6,107.0,105.0,2013,James Anderson-2013,0.0,Not Selected,Forward,TOT,0.03333333333333333
2012-13,Ryan Anderson,anderry01,PF,24,NOH,81,22,2503,10.2,24.2,0.423,4.6,12.1,0.382,5.6,12.1,0.46399999999999997,3.3,3.9,0.8440000000000001,4.1,7.1,11.2,2.1,0.9,0.7,2.1,3.9,28.4,114.0,112.0,2013,Ryan Anderson-2013,0.0,Not Selected,Forward,NOP,0.021969080553295363
2012-13,Carmelo Anthony,anthoca01,PF,28,NYK,67,67,2482,14.4,32.1,0.449,3.4,8.9,0.379,11.0,23.2,0.47600000000000003,9.2,11.0,0.83,2.9,7.0,9.9,3.7,1.1,0.7,3.8,4.4,41.4,112.0,108.0,2013,Carmelo Anthony-2013,2.0,2nd,Forward,NYK,0.043938161106590726
2012-13,Joel Anthony,anthojo01,C,30,MIA,62,3,566,3.3,6.4,0.515,0.0,0.0,0.0,3.3,6.4,0.515,1.6,2.6,0.607,4.2,6.5,10.8,1.2,1.2,3.9,2.1,4.6,8.1,108.0,103.0,2013,Joel Anthony-2013,0.0,Not Selected,Center,MIA,0.05370219690805533
2012-13,Trevor Ariza,arizatr01,SF,27,WAS,56,15,1471,6.7,16.0,0.41700000000000004,2.7,7.4,0.364,4.0,8.6,0.46299999999999997,2.8,3.4,0.821,1.6,7.9,9.4,4.0,2.5,0.7,3.0,2.5,18.8,102.0,101.0,2013,Trevor Ariza-2013,0.0,Not Selected,Forward,WAS,0.023596419853539462
2012-13,Darrell Arthur,arthuda01,PF,24,MEM,59,3,970,9.1,20.1,0.451,0.3,1.0,0.278,8.8,19.1,0.46,1.8,2.6,0.7170000000000001,3.8,5.7,9.5,1.8,1.3,1.8,2.4,7.1,20.3,99.0,102.0,2013,Darrell Arthur-2013,0.0,Not Selected,Forward,MEM,0.045565500406834825
2012-13,Ömer Aşık,asikom01,C,26,HOU,82,82,2464,6.7,12.4,0.541,0.0,0.0,0.0,6.7,12.4,0.542,3.4,6.1,0.562,5.6,13.8,19.4,1.5,0.9,1.8,3.5,4.5,16.9,105.0,103.0,2013,Ömer Aşık-2013,0.0,Not Selected,Center,HOU,0.03661513425549227
2012-13,D.J. Augustin,augusdj01,PG,25,IND,76,5,1226,4.5,12.8,0.35,2.9,8.2,0.353,1.6,4.5,0.34600000000000003,3.6,4.3,0.838,0.9,3.1,4.0,7.4,1.5,0.1,3.0,2.8,15.5,109.0,104.0,2013,D.J. Augustin-2013,0.0,Not Selected,Guard,IND,0.03986981285598047
2012-13,Gustavo Ayón,ayongu01,C,27,TOT,55,3,734,6.5,11.8,0.551,0.0,0.0,0.0,6.5,11.8,0.551,1.4,3.5,0.4,4.2,9.8,14.0,5.0,1.6,1.2,3.3,7.5,14.4,103.0,106.0,2013,Gustavo Ayón-2013,0.0,Not Selected,Center,TOT,0.03333333333333333
2012-13,Jeff Ayres,pendeje02,PF,25,IND,37,0,369,8.8,18.2,0.484,0.3,0.6,0.5,8.5,17.6,0.484,3.0,3.3,0.9129999999999999,4.2,10.8,15.0,2.2,0.9,1.7,3.3,6.3,20.9,104.0,99.0,2013,Jeff Ayres-2013,0.0,Not Selected,Forward,IND,0.03986981285598047
2012-13,Luke Babbitt,babbilu01,PF,23,POR,62,0,730,6.2,16.8,0.368,4.5,12.8,0.348,1.7,4.0,0.429,0.7,0.9,0.769,1.1,8.8,9.9,2.1,1.0,0.4,1.6,5.9,17.6,102.0,109.0,2013,Luke Babbitt-2013,0.0,Not Selected,Forward,POR,0.026851098454027666
2012-13,Leandro Barbosa,barbole01,PG,30,BOS,41,2,513,8.5,19.7,0.43,1.8,4.8,0.38299999999999995,6.6,14.9,0.445,3.2,4.2,0.7559999999999999,0.8,3.9,4.7,5.9,1.7,0.6,2.1,5.2,21.9,103.0,106.0,2013,Leandro Barbosa-2013,0.0,Not Selected,Guard,BOS,0.03336045565500407
2012-13,J.J. Barea,bareajo01,PG,28,MIN,74,2,1713,9.5,22.9,0.41700000000000004,2.9,8.5,0.34600000000000003,6.6,14.4,0.45799999999999996,3.2,4.0,0.784,1.0,5.2,6.2,8.9,1.0,0.0,4.4,4.0,25.2,101.0,109.0,2013,J.J. Barea-2013,0.0,Not Selected,Guard,MIN,0.025223759153783564
2012-13,Andrea Bargnani,bargnan01,PF,27,TOR,35,25,1003,9.0,22.6,0.39899999999999997,2.0,6.5,0.309,7.0,16.0,0.436,3.4,4.1,0.8440000000000001,1.4,5.4,6.8,2.0,1.1,1.2,2.9,3.4,23.5,94.0,109.0,2013,Andrea Bargnani-2013,0.0,Not Selected,Forward,TOR,0.027664768104149716
2012-13,Harrison Barnes,barneha02,SF,20,GSW,81,81,2058,6.8,15.5,0.439,1.3,3.6,0.359,5.5,11.9,0.46399999999999997,3.6,4.7,0.758,1.3,6.9,8.2,2.4,1.3,0.3,2.5,3.5,18.5,102.0,107.0,2013,Harrison Barnes-2013,0.0,Not Selected,Forward,GSW,0.03824247355573637
2012-13,Matt Barnes,barnema02,SF,32,LAC,80,4,2058,8.0,17.3,0.462,2.8,8.3,0.342,5.1,9.0,0.574,2.2,3.0,0.7440000000000001,2.8,6.5,9.4,3.1,2.1,1.6,2.3,6.0,21.0,113.0,103.0,2013,Matt Barnes-2013,0.0,Not Selected,Forward,LAC,0.045565500406834825
2012-13,Earl Barron,barroea01,C,31,TOT,12,2,159,5.9,16.8,0.353,0.0,0.0,0.0,5.9,16.8,0.353,1.0,2.3,0.429,7.2,12.9,20.1,1.6,1.6,2.0,3.6,7.9,12.9,81.0,99.0,2013,Earl Barron-2013,0.0,Not Selected,Center,TOT,0.03333333333333333
2012-13,Will Barton,bartowi01,SG,22,POR,73,5,894,6.9,18.2,0.382,0.5,3.8,0.138,6.4,14.3,0.447,2.9,3.8,0.769,2.1,6.4,8.5,3.4,2.0,0.5,3.5,3.3,17.3,87.0,109.0,2013,Will Barton-2013,0.0,Not Selected,Guard,POR,0.026851098454027666
2012-13,Brandon Bass,bassbr01,PF,27,BOS,81,69,2239,6.7,13.8,0.486,0.0,0.0,0.0,6.7,13.7,0.48700000000000004,3.0,3.5,0.86,3.0,6.9,9.9,2.0,1.0,1.5,1.9,4.4,16.4,107.0,104.0,2013,Brandon Bass-2013,0.0,Not Selected,Forward,BOS,0.03336045565500407
2012-13,Shane Battier,battish01,SF,34,MIA,72,20,1786,4.5,10.7,0.42,4.0,9.4,0.43,0.5,1.4,0.348,0.9,1.1,0.8420000000000001,1.1,3.8,4.9,2.1,1.2,1.6,1.0,4.4,14.0,122.0,107.0,2013,Shane Battier-2013,0.0,Not Selected,Forward,MIA,0.05370219690805533
2012-13,Nicolas Batum,batumni01,SF,24,POR,73,73,2807,6.6,15.6,0.423,3.1,8.3,0.37200000000000005,3.5,7.3,0.48100000000000004,3.3,3.9,0.848,1.8,5.9,7.7,6.7,1.7,1.6,3.6,2.6,19.6,109.0,109.0,2013,Nicolas Batum-2013,0.0,Not Selected,Forward,POR,0.026851098454027666
2012-13,Jerryd Bayless,bayleje01,PG,24,MEM,80,4,1765,8.0,19.1,0.419,2.2,6.2,0.353,5.8,12.9,0.45,3.1,3.8,0.836,0.7,4.7,5.4,8.1,1.8,0.5,3.7,5.2,21.3,104.0,103.0,2013,Jerryd Bayless-2013,0.0,Not Selected,Guard,MEM,0.045565500406834825
2012-13,Aron Baynes,baynear01,C,26,SAS,16,0,141,6.5,13.0,0.5,0.0,0.4,0.0,6.5,12.7,0.514,2.5,4.3,0.583,4.3,7.2,11.6,1.8,0.4,2.2,4.0,8.3,15.5,94.0,103.0,2013,Aron Baynes-2013,0.0,Not Selected,Center,SAS,0.047192839707078924
2012-13,Kent Bazemore,bazemke01,SG,23,GSW,61,0,267,8.2,22.1,0.371,1.9,6.5,0.294,6.3,15.6,0.402,5.1,8.4,0.614,1.0,3.2,4.2,4.2,3.2,0.8,3.4,5.1,23.4,91.0,104.0,2013,Kent Bazemore-2013,0.0,Not Selected,Guard,GSW,0.03824247355573637
2012-13,Bradley Beal,bealbr01,SG,19,WAS,56,46,1745,8.4,20.5,0.41,2.7,7.0,0.386,5.7,13.5,0.424,3.7,4.7,0.7859999999999999,1.3,5.0,6.3,4.1,1.5,0.9,2.7,3.4,23.3,102.0,105.0,2013,Bradley Beal-2013,0.0,Not Selected,Guard,WAS,0.023596419853539462
2012-13,Michael Beasley,beaslmi01,SF,24,PHO,75,20,1554,10.2,25.3,0.405,1.5,4.8,0.313,8.8,20.6,0.426,3.1,4.2,0.746,1.7,7.6,9.3,3.7,1.0,1.1,4.8,3.5,25.1,87.0,109.0,2013,Michael Beasley-2013,0.0,Not Selected,Forward,PHO,0.02034174125305126
2012-13,Rodrigue Beaubois,beaubro01,PG,24,DAL,45,0,549,6.0,16.4,0.369,2.0,6.7,0.292,4.1,9.7,0.423,2.8,3.5,0.789,0.8,4.5,5.3,7.8,1.8,0.4,3.1,5.0,16.8,97.0,109.0,2013,Rodrigue Beaubois-2013,0.0,Not Selected,Guard,DAL,0.03336045565500407
2012-13,Marco Belinelli,belinma01,SG,26,CHI,73,27,1882,6.9,17.4,0.395,2.3,6.3,0.35700000000000004,4.6,11.1,0.41600000000000004,4.0,4.8,0.8390000000000001,0.4,3.6,4.0,4.2,1.3,0.2,2.3,4.0,20.0,104.0,107.0,2013,Marco Belinelli-2013,0.0,Not Selected,Guard,CHI,0.03661513425549227
2012-13,Patrick Beverley,beverpa01,PG,24,HOU,41,0,713,5.5,13.2,0.418,2.5,6.7,0.375,3.0,6.5,0.462,2.4,2.9,0.8290000000000001,3.2,4.5,7.6,8.2,2.6,1.5,3.1,5.8,16.0,116.0,105.0,2013,Patrick Beverley-2013,0.0,Not Selected,Guard,HOU,0.03661513425549227
2012-13,Andris Biedriņš,biedran01,C,26,GSW,53,9,495,1.0,2.2,0.47600000000000003,0.0,0.0,0.0,1.0,2.2,0.47600000000000003,0.4,1.3,0.308,3.5,12.2,15.7,1.4,1.5,4.3,1.4,10.4,2.5,102.0,98.0,2013,Andris Biedriņš-2013,0.0,Not Selected,Center,GSW,0.03824247355573637
2012-13,Chauncey Billups,billuch01,SG,36,LAC,22,22,418,6.7,16.6,0.402,4.2,11.3,0.36700000000000005,2.5,5.3,0.47600000000000003,5.7,6.0,0.938,0.3,3.8,4.0,6.2,1.5,0.1,3.3,3.1,23.2,117.0,108.0,2013,Chauncey Billups-2013,0.0,Not Selected,Guard,LAC,0.045565500406834825
2012-13,Bismack Biyombo,biyombi01,C,20,CHA,80,65,2186,3.7,8.3,0.451,0.0,0.0,0.0,3.7,8.3,0.451,1.8,3.4,0.521,4.7,9.3,14.0,0.8,0.7,3.4,2.0,4.7,9.3,98.0,109.0,2013,Bismack Biyombo-2013,0.0,Not Selected,Center,CHO,0.01708706265256306
2012-13,DeJuan Blair,blairde01,PF,23,SAS,61,16,851,8.5,16.2,0.524,0.0,0.1,0.0,8.5,16.2,0.526,2.6,4.2,0.629,4.0,9.8,13.8,2.7,2.2,0.6,2.9,6.7,19.6,104.0,99.0,2013,DeJuan Blair-2013,0.0,Not Selected,Forward,SAS,0.047192839707078924
2012-13,Steve Blake,blakest01,PG,32,LAL,45,13,1175,4.9,11.7,0.42200000000000004,3.1,7.4,0.42100000000000004,1.8,4.3,0.424,1.2,1.5,0.7709999999999999,0.9,4.8,5.7,7.5,1.5,0.3,2.7,3.6,14.1,114.0,109.0,2013,Steve Blake-2013,0.0,Not Selected,Guard,LAL,0.03661513425549227
2012-13,Andray Blatche,blatcan01,C,26,BRK,82,8,1555,12.0,23.5,0.512,0.1,0.8,0.136,11.9,22.7,0.524,5.1,7.5,0.685,5.6,8.9,14.5,3.0,3.0,1.9,4.3,5.7,29.3,107.0,101.0,2013,Andray Blatche-2013,0.0,Not Selected,Center,BRK,0.03986981285598047
2012-13,Eric Bledsoe,bledser01,PG,23,LAC,76,12,1553,8.6,19.3,0.445,1.1,2.6,0.397,7.5,16.6,0.45299999999999996,3.6,4.5,0.7909999999999999,2.6,5.0,7.6,7.9,3.7,1.9,4.6,3.8,21.8,102.0,101.0,2013,Eric Bledsoe-2013,0.0,Not Selected,Guard,LAC,0.045565500406834825
2012-13,Keith Bogans,boganke01,SG,32,BRK,74,23,1408,4.1,10.9,0.38,3.2,9.4,0.34299999999999997,0.9,1.5,0.615,0.4,0.7,0.647,0.6,4.0,4.6,2.9,1.1,0.2,1.9,4.1,11.9,105.0,110.0,2013,Keith Bogans-2013,0.0,Not Selected,Guard,BRK,0.03986981285598047
2012-13,Andrew Bogut,bogutan01,C,28,GSW,32,32,786,5.4,11.9,0.451,0.1,0.1,1.0,5.3,11.8,0.44799999999999995,1.2,2.5,0.5,4.4,11.4,15.8,4.3,1.3,3.6,2.3,5.5,12.0,103.0,100.0,2013,Andrew Bogut-2013,0.0,Not Selected,Center,GSW,0.03824247355573637
2012-13,Matt Bonner,bonnema01,PF,32,SAS,68,4,909,6.3,12.9,0.48700000000000004,3.0,6.7,0.442,3.3,6.2,0.536,0.6,0.8,0.733,1.4,5.8,7.2,2.0,1.0,1.1,0.9,4.8,16.1,119.0,104.0,2013,Matt Bonner-2013,0.0,Not Selected,Forward,SAS,0.047192839707078924
2012-13,Trevor Booker,booketr01,PF,25,WAS,48,14,887,6.3,12.9,0.491,0.0,0.3,0.0,6.3,12.6,0.502,2.3,4.2,0.556,5.8,8.3,14.0,2.3,1.9,0.9,1.8,5.6,15.0,109.0,102.0,2013,Trevor Booker-2013,0.0,Not Selected,Forward,WAS,0.023596419853539462
2012-13,Carlos Boozer,boozeca01,PF,31,CHI,79,79,2546,11.5,24.1,0.47700000000000004,0.0,0.0,0.0,11.5,24.0,0.478,4.1,5.6,0.731,3.7,12.6,16.3,3.8,1.4,0.6,3.7,5.0,27.0,101.0,100.0,2013,Carlos Boozer-2013,0.0,Not Selected,Forward,CHI,0.03661513425549227
2012-13,Chris Bosh,boshch01,C,28,MIA,74,74,2454,10.5,19.6,0.535,0.5,1.6,0.284,10.0,18.0,0.557,5.2,6.5,0.7979999999999999,2.8,8.0,10.8,2.7,1.4,2.2,2.8,3.6,26.6,114.0,103.0,2013,Chris Bosh-2013,0.0,Not Selected,Center,MIA,0.05370219690805533
2012-13,Avery Bradley,bradlav01,PG,22,BOS,50,50,1435,7.0,17.4,0.402,1.5,4.6,0.317,5.5,12.8,0.43200000000000005,1.3,1.8,0.755,1.1,3.0,4.0,3.8,2.3,0.7,2.6,4.7,16.8,90.0,105.0,2013,Avery Bradley-2013,0.0,Not Selected,Guard,BOS,0.03336045565500407
2012-13,Elton Brand,brandel01,C,33,DAL,72,18,1527,7.6,16.0,0.473,0.0,0.0,0.0,7.6,15.9,0.474,2.2,3.1,0.71,4.3,10.0,14.4,2.3,1.7,3.0,1.9,6.4,17.3,105.0,102.0,2013,Elton Brand-2013,0.0,Not Selected,Center,DAL,0.03336045565500407
2012-13,Corey Brewer,breweco01,SF,26,DEN,82,2,2003,9.5,22.3,0.425,2.3,7.7,0.29600000000000004,7.2,14.5,0.493,3.8,5.4,0.69,1.4,4.5,5.9,3.1,3.0,0.6,2.6,3.9,25.0,104.0,105.0,2013,Corey Brewer-2013,0.0,Not Selected,Forward,DEN,0.046379170056956874
2012-13,Ronnie Brewer,brewero02,SF,27,TOT,60,34,853,4.4,12.3,0.354,1.4,4.7,0.303,2.9,7.6,0.385,1.0,2.4,0.41,2.6,6.1,8.7,3.1,2.7,0.4,1.1,2.1,11.1,99.0,105.0,2013,Ronnie Brewer-2013,0.0,Not Selected,Forward,TOT,0.03333333333333333
2012-13,Aaron Brooks,brookaa01,PG,28,TOT,53,20,997,7.3,16.2,0.45299999999999996,2.6,6.9,0.373,4.8,9.3,0.511,2.1,2.7,0.769,0.7,3.4,4.1,5.9,1.5,0.5,3.4,4.8,19.3,105.0,114.0,2013,Aaron Brooks-2013,0.0,Not Selected,Guard,TOT,0.03333333333333333
2012-13,MarShon Brooks,brookma01,SG,24,BRK,73,2,912,9.2,19.9,0.46299999999999997,0.9,3.3,0.273,8.3,16.6,0.5,4.1,5.6,0.7340000000000001,1.9,4.3,6.2,4.5,2.0,0.9,4.1,5.5,23.4,101.0,107.0,2013,MarShon Brooks-2013,0.0,Not Selected,Guard,BRK,0.03986981285598047
2012-13,Kwame Brown,brownkw01,C,30,PHI,22,11,269,3.3,7.3,0.45899999999999996,0.0,0.0,0.0,3.3,7.3,0.45899999999999996,1.4,3.7,0.368,4.5,10.0,14.5,1.8,1.2,2.0,1.6,7.3,8.0,100.0,103.0,2013,Kwame Brown-2013,0.0,Not Selected,Center,PHI,0.027664768104149716
2012-13,Shannon Brown,brownsh01,SG,27,PHO,59,22,1402,8.8,20.9,0.42,1.4,5.2,0.27699999999999997,7.4,15.8,0.467,3.6,4.6,0.784,1.6,3.8,5.5,4.0,2.2,0.5,2.7,3.4,22.6,99.0,110.0,2013,Shannon Brown-2013,0.0,Not Selected,Guard,PHO,0.02034174125305126
2012-13,Kobe Bryant,bryanko01,SG,34,LAL,78,78,3013,12.5,26.9,0.46299999999999997,2.2,6.9,0.324,10.2,20.0,0.51,8.9,10.6,0.8390000000000001,1.1,6.2,7.3,7.9,1.8,0.4,4.8,2.9,36.0,112.0,107.0,2013,Kobe Bryant-2013,1.0,1st,Guard,LAL,0.03661513425549227
2012-13,Chase Budinger,budinch01,SF,24,MIN,23,1,508,8.0,19.4,0.414,2.6,8.2,0.321,5.4,11.2,0.48200000000000004,3.3,4.3,0.762,1.5,5.7,7.2,2.5,1.4,0.7,2.3,3.0,22.0,102.0,107.0,2013,Chase Budinger-2013,0.0,Not Selected,Forward,MIN,0.025223759153783564
2012-13,Alec Burks,burksal01,SG,21,UTA,64,0,1137,7.6,18.0,0.42,1.5,4.3,0.359,6.0,13.7,0.439,4.3,6.0,0.713,1.7,5.0,6.7,4.3,1.6,0.6,3.4,5.3,20.9,100.0,109.0,2013,Alec Burks-2013,0.0,Not Selected,Guard,UTA,0.03498779495524817
2012-13,Caron Butler,butleca01,SF,32,LAC,78,78,1879,8.5,20.2,0.424,3.6,9.2,0.38799999999999996,5.0,10.9,0.45399999999999996,2.1,2.5,0.833,1.1,5.1,6.3,2.2,1.4,0.3,2.0,3.9,22.8,107.0,107.0,2013,Caron Butler-2013,0.0,Not Selected,Forward,LAC,0.045565500406834825
2012-13,Jimmy Butler,butleji01,SF,23,CHI,82,20,2134,6.0,12.9,0.467,1.0,2.6,0.381,5.0,10.2,0.489,4.7,5.9,0.8029999999999999,3.4,4.8,8.3,2.9,2.0,0.8,1.6,2.4,17.7,121.0,104.0,2013,Jimmy Butler-2013,0.0,Not Selected,Forward,CHI,0.03661513425549227
2012-13,Will Bynum,bynumwi01,PG,30,DET,65,0,1219,11.0,23.4,0.469,1.0,3.3,0.316,9.9,20.1,0.494,4.6,5.7,0.809,1.2,3.0,4.2,10.0,2.0,0.2,5.4,5.5,27.6,103.0,111.0,2013,Will Bynum-2013,0.0,Not Selected,Guard,DET,0.023596419853539462
2012-13,José Calderón,caldejo01,PG,31,TOT,73,58,2160,7.7,15.6,0.491,3.2,6.9,0.461,4.5,8.7,0.516,1.8,2.0,0.9,0.5,3.8,4.3,12.7,1.4,0.2,3.1,2.4,20.3,124.0,111.0,2013,José Calderón-2013,0.0,Not Selected,Guard,TOT,0.03333333333333333
2012-13,Marcus Camby,cambyma01,PF,38,NYK,24,4,250,3.6,11.3,0.321,0.0,0.0,0.0,3.6,11.3,0.321,1.7,4.1,0.42100000000000004,5.1,12.0,17.1,3.0,1.5,3.0,3.2,6.0,9.0,82.0,101.0,2013,Marcus Camby-2013,0.0,Not Selected,Forward,NYK,0.043938161106590726
2012-13,DeMarre Carroll,carrode01,SF,26,UTA,66,12,1111,7.1,15.4,0.46,1.0,3.3,0.28600000000000003,6.1,12.1,0.508,3.6,4.7,0.765,4.1,4.8,8.9,2.9,2.8,1.1,1.6,5.7,18.7,115.0,106.0,2013,DeMarre Carroll-2013,0.0,Not Selected,Forward,UTA,0.03498779495524817
2012-13,Matt Carroll,carroma01,SG,32,CHA,1,0,6,0.0,0.0,0.0,0.0,0.0,0.0,0.0,0.0,0.0,0.0,0.0,0.0,0.0,0.0,0.0,8.7,0.0,0.0,0.0,8.7,0.0,217.0,121.0,2013,Matt Carroll-2013,0.0,Not Selected,Guard,CHO,0.01708706265256306
2012-13,Vince Carter,cartevi01,SF,36,DAL,81,3,2093,9.1,20.8,0.435,4.0,9.7,0.406,5.1,11.1,0.461,4.4,5.4,0.816,1.4,6.7,8.1,4.7,1.8,1.1,2.6,5.5,26.5,111.0,106.0,2013,Vince Carter-2013,0.0,Not Selected,Forward,DAL,0.03336045565500407
2012-13,Omri Casspi,casspom01,SF,24,CLE,43,1,503,6.5,16.5,0.39399999999999996,2.6,7.9,0.32899999999999996,3.9,8.7,0.452,2.3,4.2,0.537,2.1,9.7,11.8,2.9,2.6,1.2,2.3,4.7,17.9,99.0,105.0,2013,Omri Casspi-2013,0.0,Not Selected,Forward,CLE,0.01952807160292921
2012-13,Mario Chalmers,chalmma01,PG,26,MIA,77,77,2068,5.8,13.5,0.429,3.1,7.7,0.409,2.7,5.8,0.456,2.3,2.9,0.795,0.5,3.9,4.4,7.0,3.0,0.3,3.0,5.0,17.1,110.0,104.0,2013,Mario Chalmers-2013,0.0,Not Selected,Guard,MIA,0.05370219690805533
2012-13,Tyson Chandler,chandty01,C,30,NYK,66,66,2164,6.3,9.9,0.638,0.0,0.0,0.0,6.3,9.9,0.638,4.4,6.4,0.6940000000000001,6.6,10.7,17.4,1.5,1.0,1.9,2.1,4.6,17.0,133.0,104.0,2013,Tyson Chandler-2013,0.0,Not Selected,Center,NYK,0.043938161106590726
2012-13,Wilson Chandler,chandwi01,PF,25,DEN,43,8,1079,9.8,21.3,0.462,2.4,5.9,0.413,7.4,15.4,0.48,4.1,5.2,0.7929999999999999,2.1,8.1,10.2,2.7,2.1,0.6,2.8,5.6,26.2,110.0,105.0,2013,Wilson Chandler-2013,0.0,Not Selected,Forward,DEN,0.046379170056956874
2012-13,Josh Childress,childjo01,SF,29,BRK,14,0,100,3.2,11.4,0.28600000000000003,0.5,1.6,0.33299999999999996,2.7,9.7,0.278,0.5,1.1,0.5,3.2,4.9,8.1,2.7,1.1,1.1,0.0,1.6,7.6,96.0,109.0,2013,Josh Childress-2013,0.0,Not Selected,Forward,BRK,0.03986981285598047
2012-13,Earl Clark,clarkea01,PF,25,LAL,59,36,1363,6.3,14.4,0.44,1.3,3.9,0.337,5.0,10.5,0.479,2.0,2.8,0.6970000000000001,3.1,9.1,12.1,2.4,1.3,1.6,2.3,3.8,16.0,103.0,105.0,2013,Earl Clark-2013,0.0,Not Selected,Forward,LAL,0.03661513425549227
2012-13,Victor Claver,clavevi01,SF,24,POR,49,16,812,4.8,12.2,0.392,1.6,5.6,0.287,3.2,6.6,0.48,0.9,1.9,0.467,2.0,5.7,7.7,2.8,1.7,0.8,2.8,4.9,12.1,89.0,110.0,2013,Victor Claver-2013,0.0,Not Selected,Forward,POR,0.026851098454027666
2012-13,Norris Cole,coleno01,PG,24,MIA,80,4,1590,6.0,14.2,0.42100000000000004,1.2,3.3,0.35700000000000004,4.8,10.9,0.44,1.7,2.7,0.65,0.6,3.7,4.3,5.5,1.9,0.2,3.5,5.2,14.8,93.0,107.0,2013,Norris Cole-2013,0.0,Not Selected,Guard,MIA,0.05370219690805533
2012-13,Jason Collins,collija04,C,34,TOT,38,9,384,1.2,3.9,0.31,0.0,0.0,0.0,1.2,3.9,0.31,3.1,4.4,0.7190000000000001,3.0,5.2,8.2,1.1,1.6,1.4,2.5,11.6,5.6,91.0,104.0,2013,Jason Collins-2013,0.0,Not Selected,Center,TOT,0.03333333333333333
2012-13,Darren Collison,collida01,PG,25,DAL,81,47,2372,7.3,15.6,0.47100000000000003,1.0,2.9,0.353,6.3,12.7,0.498,5.2,5.9,0.88,0.7,4.0,4.7,8.9,2.2,0.2,3.7,3.0,20.9,111.0,109.0,2013,Darren Collison-2013,0.0,Not Selected,Guard,DAL,0.03336045565500407
2012-13,Nick Collison,collini01,C,32,OKC,81,2,1583,5.7,9.6,0.595,0.0,0.1,0.0,5.7,9.5,0.603,1.9,2.5,0.769,4.0,6.8,10.8,3.9,1.7,1.0,2.2,6.4,13.4,123.0,104.0,2013,Nick Collison-2013,0.0,Not Selected,Center,OKC,0.04882017900732303
2012-13,Mike Conley,conlemi01,PG,25,MEM,80,80,2757,8.2,18.5,0.44,2.1,5.8,0.36200000000000004,6.1,12.7,0.47600000000000003,4.6,5.6,0.83,0.8,3.6,4.4,9.6,3.4,0.5,3.7,3.4,23.0,111.0,100.0,2013,Mike Conley-2013,0.0,Not Selected,Guard,MEM,0.045565500406834825
2012-13,Will Conroy,conrowi01,PG,30,MIN,4,0,20,0.0,23.3,0.0,0.0,7.8,0.0,0.0,15.5,0.0,2.6,5.2,0.5,2.6,0.0,2.6,0.0,0.0,0.0,0.0,2.6,2.6,21.0,115.0,2013,Will Conroy-2013,0.0,Not Selected,Guard,MIN,0.025223759153783564
2012-13,Daequan Cook,cookda02,SG,25,TOT,49,1,441,6.0,19.8,0.305,3.1,10.8,0.28600000000000003,3.0,9.0,0.32899999999999996,1.1,1.4,0.75,0.8,6.4,7.2,2.3,0.9,0.8,1.8,3.1,16.2,85.0,107.0,2013,Daequan Cook-2013,0.0,Not Selected,Guard,TOT,0.03333333333333333
2012-13,Chris Copeland,copelch01,PF,28,NYK,56,13,862,11.3,23.6,0.479,3.7,8.7,0.42100000000000004,7.6,14.9,0.513,3.9,5.1,0.759,2.1,5.3,7.4,1.7,1.0,0.7,3.1,6.5,30.1,110.0,109.0,2013,Chris Copeland-2013,0.0,Not Selected,Forward,NYK,0.043938161106590726
2012-13,DeMarcus Cousins,couside01,C,22,SAC,75,74,2289,10.8,23.2,0.465,0.1,0.5,0.182,10.7,22.7,0.47100000000000003,7.0,9.5,0.738,5.0,11.7,16.7,4.5,2.4,1.2,5.0,6.0,28.7,102.0,106.0,2013,DeMarcus Cousins-2013,0.0,Not Selected,Center,SAC,0.022782750203417412
2012-13,Jamal Crawford,crawfja01,SG,32,LAC,76,0,2230,10.5,24.0,0.43799999999999994,3.5,9.4,0.376,7.0,14.6,0.47700000000000004,5.1,5.9,0.871,0.5,2.5,3.0,4.6,1.9,0.3,3.4,1.7,29.6,109.0,108.0,2013,Jamal Crawford-2013,0.0,Not Selected,Guard,LAC,0.045565500406834825
2012-13,Jordan Crawford,crawfjo02,SG,24,TOT,70,14,1709,9.2,22.1,0.415,2.5,7.5,0.337,6.7,14.6,0.455,3.9,4.9,0.8109999999999999,1.3,5.0,6.4,6.9,1.2,0.2,4.3,3.2,24.8,98.0,106.0,2013,Jordan Crawford-2013,0.0,Not Selected,Guard,TOT,0.03333333333333333
2012-13,Jae Crowder,crowdja01,SF,22,DAL,78,16,1353,5.3,13.8,0.384,2.4,7.2,0.32799999999999996,2.9,6.6,0.446,1.8,2.8,0.644,1.3,5.7,7.1,3.5,2.4,0.6,1.8,4.8,14.8,99.0,106.0,2013,Jae Crowder-2013,0.0,Not Selected,Forward,DAL,0.03336045565500407
2012-13,Dante Cunningham,cunnida01,PF,25,MIN,80,9,2010,8.1,17.3,0.46799999999999997,0.0,0.2,0.0,8.1,17.1,0.47200000000000003,1.7,2.6,0.65,3.7,6.8,10.5,1.7,2.2,1.0,1.4,3.9,17.9,103.0,105.0,2013,Dante Cunningham-2013,0.0,Not Selected,Forward,MIN,0.025223759153783564
2012-13,Jared Cunningham,cunnija01,SG,21,DAL,8,0,26,11.8,27.5,0.429,3.9,5.9,0.667,7.9,21.6,0.364,3.9,3.9,1.0,2.0,3.9,5.9,2.0,2.0,0.0,3.9,5.9,31.4,98.0,109.0,2013,Jared Cunningham-2013,0.0,Not Selected,Guard,DAL,0.03336045565500407
2012-13,Eddy Curry,curryed01,C,30,DAL,2,0,25,8.2,16.3,0.5,0.0,0.0,0.0,8.2,16.3,0.5,2.0,8.2,0.25,4.1,4.1,8.2,0.0,0.0,0.0,6.1,14.3,18.4,74.0,113.0,2013,Eddy Curry-2013,0.0,Not Selected,Center,DAL,0.03336045565500407
2012-13,Stephen Curry,curryst01,PG,24,GSW,78,78,2983,10.7,23.6,0.451,4.6,10.2,0.45299999999999996,6.0,13.4,0.449,4.5,5.0,0.9,1.0,4.3,5.3,9.2,2.1,0.2,4.1,3.4,30.4,115.0,107.0,2013,Stephen Curry-2013,0.0,Not Selected,Guard,GSW,0.03824247355573637
2012-13,Samuel Dalembert,dalemsa01,C,31,MIL,47,23,765,9.1,16.8,0.542,0.1,0.1,1.0,9.0,16.7,0.54,2.5,3.6,0.691,7.0,11.3,18.3,1.4,1.1,3.5,3.4,6.0,20.7,108.0,101.0,2013,Samuel Dalembert-2013,0.0,Not Selected,Center,MIL,0.030919446704637917
2012-13,Marquis Daniels,daniema01,SF,32,MIL,59,33,1085,6.2,16.4,0.376,0.9,3.4,0.278,5.2,13.0,0.401,1.9,2.5,0.741,2.2,4.8,7.0,3.0,2.4,0.5,2.1,3.6,15.1,92.0,106.0,2013,Marquis Daniels-2013,0.0,Not Selected,Forward,MIL,0.030919446704637917
2012-13,Anthony Davis,davisan02,PF,19,NOH,64,60,1846,10.3,19.9,0.516,0.0,0.2,0.0,10.3,19.7,0.521,5.0,6.6,0.7509999999999999,4.8,10.5,15.3,1.9,2.2,3.3,2.6,4.6,25.5,113.0,104.0,2013,Anthony Davis-2013,0.0,Not Selected,Forward,NOP,0.021969080553295363
2012-13,Ed Davis,davised01,C-PF,23,TOT,81,28,1631,8.5,15.8,0.539,0.0,0.0,0.0,8.5,15.8,0.539,3.4,5.5,0.617,5.0,10.1,15.1,2.1,1.2,2.8,2.1,6.3,20.4,114.0,102.0,2013,Ed Davis-2013,0.0,Not Selected,Forward,TOT,0.03333333333333333
2012-13,Glen Davis,davisgl01,PF,27,ORL,34,33,1064,10.5,23.4,0.44799999999999995,0.0,0.1,0.0,10.5,23.3,0.45,4.1,5.7,0.718,2.7,9.3,12.0,3.4,1.6,1.0,3.1,4.3,25.1,97.0,107.0,2013,Glen Davis-2013,0.0,Not Selected,Forward,ORL,0.01627339300244101
2012-13,Austin Daye,dayeau01,SF,24,TOT,55,0,676,7.1,16.5,0.433,3.2,7.8,0.418,3.9,8.7,0.445,2.1,2.7,0.765,1.3,8.5,9.7,3.3,1.1,1.7,2.3,6.5,19.6,109.0,104.0,2013,Austin Daye-2013,0.0,Not Selected,Forward,TOT,0.03333333333333333
2012-13,Nando De Colo,decolna01,SG,25,SAS,72,6,920,5.8,13.3,0.436,1.7,4.5,0.37799999999999995,4.1,8.8,0.465,1.9,2.4,0.795,1.3,6.4,7.6,7.6,2.3,0.3,4.5,4.8,15.3,97.0,102.0,2013,Nando De Colo-2013,0.0,Not Selected,Guard,SAS,0.047192839707078924
2012-13,Carlos Delfino,delfica01,SF,30,HOU,67,5,1689,7.4,18.3,0.405,4.7,12.4,0.375,2.7,5.9,0.467,1.4,1.7,0.857,0.5,6.0,6.5,4.0,2.0,0.3,2.1,3.4,20.9,109.0,107.0,2013,Carlos Delfino-2013,0.0,Not Selected,Forward,HOU,0.03661513425549227
2012-13,Luol Deng,denglu01,SF,27,CHI,75,75,2903,8.6,20.2,0.426,1.4,4.3,0.322,7.2,15.9,0.455,4.3,5.2,0.816,3.0,5.8,8.8,4.1,1.5,0.6,2.7,1.9,22.9,105.0,105.0,2013,Luol Deng-2013,0.0,Not Selected,Forward,CHI,0.03661513425549227
2012-13,Justin Dentmon,dentmju01,PG,27,DAL,2,0,4,0.0,25.5,0.0,0.0,0.0,0.0,0.0,25.5,0.0,0.0,0.0,0.0,0.0,0.0,0.0,0.0,0.0,0.0,0.0,0.0,0.0,0.0,116.0,2013,Justin Dentmon-2013,0.0,Not Selected,Guard,DAL,0.03336045565500407
2012-13,DeMar DeRozan,derozde01,SG,23,TOR,82,82,3013,9.7,21.7,0.445,0.6,2.1,0.28300000000000003,9.1,19.6,0.46299999999999997,6.3,7.5,0.831,0.8,4.8,5.6,3.6,1.3,0.4,2.7,3.0,26.2,105.0,110.0,2013,DeMar DeRozan-2013,0.0,Not Selected,Guard,TOR,0.027664768104149716
2012-13,Boris Diaw,diawbo01,PF,30,SAS,75,20,1709,5.3,9.9,0.539,0.9,2.3,0.385,4.4,7.6,0.5870000000000001,1.4,1.9,0.723,2.0,5.6,7.6,5.4,1.6,0.8,2.5,4.3,13.0,113.0,103.0,2013,Boris Diaw-2013,0.0,Not Selected,Forward,SAS,0.047192839707078924
2012-13,DeSagana Diop,diopde01,C,31,CHA,22,1,226,1.9,6.3,0.29600000000000004,0.0,0.2,0.0,1.9,6.0,0.308,0.0,0.2,0.0,2.3,9.5,11.8,3.0,1.2,3.7,1.9,4.4,3.7,74.0,108.0,2013,DeSagana Diop-2013,0.0,Not Selected,Center,CHO,0.01708706265256306
2012-13,Keyon Dooling,doolike01,PG,32,MEM,7,0,82,6.6,13.9,0.47600000000000003,3.3,7.9,0.41700000000000004,3.3,6.0,0.556,4.0,4.6,0.857,0.0,0.7,0.7,5.3,0.7,0.0,3.3,5.3,20.5,117.0,108.0,2013,Keyon Dooling-2013,0.0,Not Selected,Guard,MEM,0.045565500406834825
2012-13,Toney Douglas,douglto01,PG,26,TOT,71,0,1289,7.3,18.2,0.40299999999999997,3.2,8.4,0.38,4.1,9.8,0.424,3.0,3.3,0.905,1.3,4.1,5.4,5.9,2.8,0.1,3.2,5.7,20.8,106.0,108.0,2013,Toney Douglas-2013,0.0,Not Selected,Guard,TOT,0.03333333333333333
2012-13,Chris Douglas-Roberts,douglch01,SG,26,DAL,6,0,63,4.1,11.3,0.35700000000000004,0.0,3.2,0.0,4.1,8.1,0.5,5.7,8.1,0.7,0.0,4.1,4.1,3.2,1.6,0.0,0.8,3.2,13.8,101.0,110.0,2013,Chris Douglas-Roberts-2013,0.0,Not Selected,Guard,DAL,0.03336045565500407
2012-13,Goran Dragić,dragigo01,PG,26,PHO,77,77,2581,8.0,18.0,0.44299999999999995,1.8,5.5,0.319,6.2,12.5,0.49700000000000005,4.9,6.5,0.748,1.2,3.5,4.7,11.3,2.5,0.5,4.2,4.3,22.6,109.0,109.0,2013,Goran Dragić-2013,0.0,Not Selected,Guard,PHO,0.02034174125305126
2012-13,Andre Drummond,drumman01,C,19,DET,60,10,1243,8.8,14.5,0.608,0.0,0.1,0.5,8.8,14.5,0.609,2.5,6.8,0.371,7.2,12.2,19.4,1.3,2.5,4.0,2.4,6.1,20.2,114.0,99.0,2013,Andre Drummond-2013,0.0,Not Selected,Center,DET,0.023596419853539462
2012-13,Jared Dudley,dudleja01,SF,27,PHO,79,50,2170,7.4,15.8,0.46799999999999997,2.5,6.4,0.391,4.9,9.4,0.52,3.1,3.8,0.7959999999999999,1.9,3.9,5.8,4.8,1.8,0.2,2.4,3.0,20.4,114.0,111.0,2013,Jared Dudley-2013,0.0,Not Selected,Forward,PHO,0.02034174125305126
2012-13,Chris Duhon,duhonch01,PG,30,LAL,46,9,820,2.9,7.6,0.382,2.0,5.6,0.363,0.9,2.0,0.43799999999999994,0.4,0.8,0.462,0.7,3.5,4.2,8.2,1.2,0.1,2.5,3.5,8.2,108.0,111.0,2013,Chris Duhon-2013,0.0,Not Selected,Guard,LAL,0.03661513425549227
2012-13,Tim Duncan,duncati01,C,36,SAS,69,69,2078,12.0,23.9,0.502,0.0,0.2,0.28600000000000003,12.0,23.8,0.504,6.0,7.4,0.8170000000000001,3.0,13.8,16.8,4.5,1.2,4.5,3.6,2.9,30.1,107.0,95.0,2013,Tim Duncan-2013,1.0,1st,Center,SAS,0.047192839707078924
2012-13,Mike Dunleavy,dunlemi02,SF,32,MIL,75,3,1943,7.2,16.3,0.442,3.3,7.8,0.428,3.9,8.5,0.455,2.7,3.3,0.82,0.8,6.8,7.6,3.8,1.0,0.9,2.3,3.5,20.5,111.0,107.0,2013,Mike Dunleavy-2013,0.0,Not Selected,Forward,MIL,0.030919446704637917
2012-13,Kevin Durant,duranke01,SF,24,OKC,81,81,3119,12.1,23.6,0.51,2.3,5.5,0.41600000000000004,9.8,18.1,0.539,11.2,12.4,0.905,0.8,9.8,10.6,6.2,1.9,1.7,4.6,2.4,37.6,122.0,100.0,2013,Kevin Durant-2013,1.0,1st,Forward,OKC,0.04882017900732303
2012-13,Devin Ebanks,ebankde01,SF,23,LAL,19,3,197,6.2,18.8,0.32899999999999996,1.5,5.7,0.273,4.6,13.2,0.353,2.8,3.6,0.7859999999999999,2.6,8.0,10.6,2.6,0.8,0.3,2.8,5.9,16.8,87.0,108.0,2013,Devin Ebanks-2013,0.0,Not Selected,Forward,LAL,0.03661513425549227
2012-13,Wayne Ellington,ellinwa01,SG,25,TOT,78,21,1661,7.2,16.9,0.42700000000000005,3.0,7.6,0.392,4.2,9.2,0.457,2.2,2.4,0.907,0.8,4.5,5.3,3.3,1.4,0.1,1.8,2.6,19.6,111.0,109.0,2013,Wayne Ellington-2013,0.0,Not Selected,Guard,TOT,0.03333333333333333
2012-13,Monta Ellis,ellismo01,SG,27,MIL,82,82,3076,9.8,23.7,0.41600000000000004,1.5,5.4,0.287,8.3,18.3,0.45399999999999996,4.8,6.2,0.773,0.7,4.5,5.2,8.2,2.8,0.6,4.2,2.7,26.0,100.0,105.0,2013,Monta Ellis-2013,0.0,Not Selected,Guard,MIL,0.030919446704637917
2012-13,Kim English,engliki01,SG,24,DET,41,0,407,5.5,14.5,0.375,1.8,6.5,0.28,3.6,8.1,0.452,2.7,3.8,0.7240000000000001,1.0,3.8,4.8,3.4,2.1,0.4,2.5,6.0,15.5,96.0,110.0,2013,Kim English-2013,0.0,Not Selected,Guard,DET,0.023596419853539462
2012-13,Jeremy Evans,evansje01,PF,25,UTA,37,0,215,6.6,10.8,0.614,0.0,0.2,0.0,6.6,10.6,0.628,5.2,8.1,0.636,6.4,7.9,14.2,2.7,2.0,3.2,2.0,7.4,18.4,130.0,104.0,2013,Jeremy Evans-2013,0.0,Not Selected,Forward,UTA,0.03498779495524817
2012-13,Reggie Evans,evansre01,PF,32,BRK,80,56,1967,3.4,7.2,0.479,0.0,0.0,0.0,3.4,7.2,0.479,3.1,6.1,0.509,7.1,17.3,24.4,1.2,2.0,0.4,3.1,5.5,10.0,102.0,100.0,2013,Reggie Evans-2013,0.0,Not Selected,Forward,BRK,0.03986981285598047
2012-13,Tyreke Evans,evansty01,SG,23,SAC,65,61,2016,9.3,19.4,0.478,1.1,3.4,0.33799999999999997,8.2,16.1,0.508,5.3,6.9,0.775,1.4,5.9,7.3,5.8,2.3,0.7,3.3,3.4,25.1,110.0,111.0,2013,Tyreke Evans-2013,0.0,Not Selected,Guard,SAC,0.022782750203417412
2012-13,Festus Ezeli,ezelife01,C,23,GSW,78,41,1120,3.4,7.7,0.43799999999999994,0.0,0.0,0.0,3.4,7.7,0.43799999999999994,2.0,3.7,0.531,6.4,7.8,14.2,1.0,1.0,3.4,2.9,7.1,8.7,97.0,103.0,2013,Festus Ezeli-2013,0.0,Not Selected,Center,GSW,0.03824247355573637
2012-13,Kenneth Faried,farieke01,PF,23,DEN,80,80,2248,8.5,15.5,0.552,0.0,0.0,0.0,8.5,15.5,0.552,3.7,6.0,0.613,5.8,10.6,16.5,1.7,1.8,1.9,2.5,5.3,20.7,116.0,102.0,2013,Kenneth Faried-2013,0.0,Not Selected,Forward,DEN,0.046379170056956874
2012-13,Derrick Favors,favorde01,PF,21,UTA,77,8,1787,8.1,16.8,0.48200000000000004,0.0,0.1,0.0,8.1,16.6,0.48700000000000004,5.3,7.7,0.688,5.4,10.7,16.1,2.2,2.0,3.8,3.8,7.3,21.5,104.0,101.0,2013,Derrick Favors-2013,0.0,Not Selected,Forward,UTA,0.03498779495524817
2012-13,Raymond Felton,feltora01,PG,28,NYK,68,68,2313,8.7,20.4,0.42700000000000005,2.1,6.0,0.36,6.6,14.4,0.455,2.3,3.0,0.789,1.2,3.3,4.5,8.6,2.2,0.3,3.6,3.0,21.9,105.0,108.0,2013,Raymond Felton-2013,0.0,Not Selected,Guard,NYK,0.043938161106590726
2012-13,Landry Fields,fieldla01,SF,24,TOR,51,22,1037,5.2,11.4,0.457,0.1,0.7,0.14300000000000002,5.1,10.7,0.478,1.7,2.7,0.642,3.0,7.6,10.7,3.1,1.6,0.4,2.2,3.2,12.3,101.0,108.0,2013,Landry Fields-2013,0.0,Not Selected,Forward,TOR,0.027664768104149716
2012-13,Derek Fisher,fishede01,SG-PG,38,TOT,33,9,575,4.9,14.4,0.342,2.7,7.1,0.375,2.2,7.2,0.309,3.1,3.4,0.9209999999999999,0.2,3.1,3.3,4.2,1.7,0.3,2.7,4.9,15.6,97.0,108.0,2013,Derek Fisher-2013,0.0,Not Selected,Guard,TOT,0.03333333333333333
2012-13,Evan Fournier,fournev01,SG,20,DEN,38,4,428,8.8,17.9,0.493,2.6,6.4,0.40700000000000003,6.3,11.6,0.541,3.5,4.6,0.769,0.7,3.4,4.1,5.2,2.2,0.1,3.8,7.7,23.8,111.0,108.0,2013,Evan Fournier-2013,0.0,Not Selected,Guard,DEN,0.046379170056956874
2012-13,Randy Foye,foyera01,SG,29,UTA,82,72,2249,6.9,17.3,0.397,4.2,10.2,0.41,2.7,7.1,0.37799999999999995,2.8,3.4,0.8190000000000001,0.4,2.6,3.0,3.9,1.5,0.6,2.2,4.5,20.7,110.0,111.0,2013,Randy Foye-2013,0.0,Not Selected,Guard,UTA,0.03498779495524817
2012-13,Jimmer Fredette,fredeji01,SG,23,SAC,69,0,967,9.1,21.7,0.42100000000000004,3.4,8.3,0.41700000000000004,5.7,13.4,0.423,4.5,5.2,0.8590000000000001,1.0,2.8,3.8,4.9,1.6,0.2,3.6,3.4,26.2,106.0,115.0,2013,Jimmer Fredette-2013,0.0,Not Selected,Guard,SAC,0.022782750203417412
2012-13,Joel Freeland,freeljo01,PF,25,POR,51,1,477,6.4,15.6,0.408,0.0,0.0,0.0,6.4,15.6,0.408,2.0,3.0,0.667,4.4,8.7,13.1,1.4,1.4,1.2,2.1,7.4,14.8,94.0,108.0,2013,Joel Freeland-2013,0.0,Not Selected,Forward,POR,0.026851098454027666
2012-13,Danilo Gallinari,gallida01,SF,24,DEN,71,71,2309,8.0,19.0,0.418,3.0,7.9,0.373,5.0,11.1,0.45,6.3,7.6,0.8220000000000001,1.4,6.6,8.0,3.8,1.4,0.8,2.4,2.8,25.1,116.0,107.0,2013,Danilo Gallinari-2013,0.0,Not Selected,Forward,DEN,0.046379170056956874
2012-13,Francisco García,garcifr01,SG-SF,31,TOT,58,20,1029,5.8,14.8,0.39299999999999996,3.3,8.8,0.374,2.5,6.0,0.42100000000000004,0.9,1.0,0.857,0.4,4.1,4.5,3.1,2.3,1.9,1.6,4.3,15.9,105.0,109.0,2013,Francisco García-2013,0.0,Not Selected,Forward,TOT,0.03333333333333333
2012-13,Kevin Garnett,garneke01,C,36,BOS,68,68,2022,10.9,22.0,0.496,0.1,0.4,0.125,10.9,21.6,0.504,4.1,5.2,0.7859999999999999,1.9,11.8,13.7,4.1,2.0,1.6,2.8,4.0,26.0,104.0,99.0,2013,Kevin Garnett-2013,0.0,Not Selected,Center,BOS,0.03336045565500407
2012-13,Diante Garrett,garredi02,PG,24,PHO,19,0,149,5.5,16.9,0.327,1.0,5.2,0.2,4.5,11.7,0.382,1.7,3.4,0.5,1.7,3.4,5.2,10.7,3.4,0.0,5.5,1.7,13.8,80.0,108.0,2013,Diante Garrett-2013,0.0,Not Selected,Guard,PHO,0.02034174125305126
2012-13,Marc Gasol,gasolma01,C,28,MEM,80,80,2796,8.3,16.9,0.494,0.0,0.3,0.071,8.3,16.6,0.501,5.2,6.1,0.848,3.6,8.5,12.1,6.2,1.6,2.7,3.0,5.0,21.9,115.0,98.0,2013,Marc Gasol-2013,2.0,2nd,Center,MEM,0.045565500406834825
2012-13,Pau Gasol,gasolpa01,PF,32,LAL,49,42,1655,8.3,17.8,0.466,0.2,0.9,0.28600000000000003,8.0,16.9,0.475,3.8,5.5,0.7020000000000001,3.4,9.5,12.9,6.1,0.7,1.9,3.2,2.9,20.7,107.0,106.0,2013,Pau Gasol-2013,0.0,Not Selected,Forward,LAL,0.03661513425549227
2012-13,Rudy Gay,gayru01,SF,26,TOT,75,74,2687,10.4,25.1,0.41600000000000004,1.7,5.2,0.32299999999999995,8.7,19.9,0.44,4.8,5.9,0.8140000000000001,2.0,7.2,9.2,4.0,2.3,1.1,4.0,3.6,27.3,98.0,102.0,2013,Rudy Gay-2013,0.0,Not Selected,Forward,TOT,0.03333333333333333
2012-13,Alonzo Gee,geeal01,SF,25,CLE,82,82,2541,6.2,15.2,0.41,1.4,4.5,0.315,4.8,10.7,0.45,3.3,4.2,0.795,1.5,5.0,6.6,2.7,2.2,0.6,2.7,4.1,17.2,99.0,110.0,2013,Alonzo Gee-2013,0.0,Not Selected,Forward,CLE,0.01952807160292921
2012-13,Mickaël Gelabale,gelabmi01,SF,29,MIN,36,13,644,5.8,11.2,0.518,1.3,4.2,0.308,4.5,7.0,0.644,1.7,1.9,0.875,2.6,5.4,7.9,2.1,1.3,0.3,1.3,3.8,14.5,121.0,108.0,2013,Mickaël Gelabale-2013,0.0,Not Selected,Forward,MIN,0.025223759153783564
2012-13,Paul George,georgpa01,SF,22,IND,79,79,2972,8.8,21.1,0.419,3.0,8.4,0.36200000000000004,5.8,12.7,0.457,4.0,4.9,0.807,1.6,9.2,10.8,5.9,2.6,0.9,4.2,4.1,24.7,104.0,97.0,2013,Paul George-2013,3.0,3rd,Forward,IND,0.03986981285598047
2012-13,Daniel Gibson,gibsoda01,PG,26,CLE,46,3,919,4.8,14.0,0.34,3.2,9.2,0.344,1.6,4.8,0.33299999999999996,1.5,2.1,0.703,0.3,3.1,3.4,4.6,1.7,0.2,1.8,5.0,14.1,101.0,112.0,2013,Daniel Gibson-2013,0.0,Not Selected,Guard,CLE,0.01952807160292921
2012-13,Taj Gibson,gibsota01,PF,27,CHI,65,5,1459,7.9,16.2,0.485,0.0,0.1,0.0,7.9,16.1,0.49,3.3,4.8,0.679,4.6,8.1,12.7,2.2,1.0,3.3,2.8,6.1,19.0,104.0,101.0,2013,Taj Gibson-2013,0.0,Not Selected,Forward,CHI,0.03661513425549227
2012-13,Manu Ginóbili,ginobma01,SG,35,SAS,60,0,1393,8.4,19.7,0.425,3.0,8.6,0.353,5.3,11.1,0.48,6.0,7.5,0.7959999999999999,1.1,6.3,7.4,10.0,2.9,0.5,4.8,4.2,25.8,107.0,100.0,2013,Manu Ginóbili-2013,0.0,Not Selected,Guard,SAS,0.047192839707078924
2012-13,Drew Gooden,goodedr01,C,31,MIL,16,0,151,6.7,20.5,0.32799999999999996,0.3,1.7,0.2,6.4,18.8,0.33899999999999997,3.7,5.4,0.688,4.4,6.0,10.4,2.0,1.7,2.0,3.0,7.1,17.5,84.0,105.0,2013,Drew Gooden-2013,0.0,Not Selected,Center,MIL,0.030919446704637917
2012-13,Ben Gordon,gordobe01,SG,29,CHA,75,0,1560,10.4,25.6,0.408,3.8,9.8,0.387,6.6,15.7,0.42100000000000004,3.6,4.3,0.843,0.6,3.8,4.4,4.7,1.2,0.5,4.6,4.5,28.3,96.0,115.0,2013,Ben Gordon-2013,0.0,Not Selected,Guard,CHO,0.01708706265256306
2012-13,Eric Gordon,gordoer01,SG,24,NOH,42,40,1264,10.1,25.0,0.402,2.4,7.4,0.324,7.7,17.6,0.436,8.0,9.5,0.8420000000000001,0.4,2.9,3.3,5.9,1.9,0.3,5.0,3.2,30.6,101.0,112.0,2013,Eric Gordon-2013,0.0,Not Selected,Guard,NOP,0.021969080553295363
2012-13,Marcin Gortat,gortama01,C,28,PHO,61,61,1876,8.1,15.5,0.521,0.0,0.1,0.0,8.1,15.4,0.524,2.5,3.8,0.652,3.5,10.6,14.1,2.1,1.1,2.7,2.7,3.5,18.6,104.0,105.0,2013,Marcin Gortat-2013,0.0,Not Selected,Center,PHO,0.02034174125305126
2012-13,Andrew Goudelock,goudean01,SG,24,LAL,1,0,6,0.0,16.9,0.0,0.0,0.0,0.0,0.0,16.9,0.0,0.0,0.0,0.0,8.5,0.0,8.5,0.0,0.0,0.0,0.0,0.0,0.0,38.0,116.0,2013,Andrew Goudelock-2013,0.0,Not Selected,Guard,LAL,0.03661513425549227
2012-13,Danny Granger,grangda01,SF,29,IND,5,0,74,7.2,25.2,0.28600000000000003,1.4,7.2,0.2,5.8,18.0,0.32,3.6,5.8,0.625,2.2,4.3,6.5,2.2,1.4,0.7,2.9,4.3,19.4,77.0,103.0,2013,Danny Granger-2013,0.0,Not Selected,Forward,IND,0.03986981285598047
2012-13,Aaron Gray,grayaa01,C,28,TOR,42,16,513,5.0,9.3,0.5329999999999999,0.0,0.0,0.0,5.0,9.3,0.5329999999999999,2.4,4.6,0.523,5.0,8.8,13.8,3.4,0.7,0.5,3.7,8.8,12.3,101.0,108.0,2013,Aaron Gray-2013,0.0,Not Selected,Center,TOR,0.027664768104149716
2012-13,Danny Green,greenda02,SG,25,SAS,80,80,2201,6.9,15.4,0.44799999999999995,4.1,9.6,0.429,2.8,5.8,0.48,1.6,1.8,0.848,0.8,4.8,5.6,3.3,2.1,1.3,2.2,2.9,19.4,110.0,102.0,2013,Danny Green-2013,0.0,Not Selected,Guard,SAS,0.047192839707078924
2012-13,Draymond Green,greendr01,SF,22,GSW,79,1,1061,4.0,12.3,0.327,0.7,3.2,0.209,3.4,9.1,0.368,2.2,2.6,0.818,2.8,9.7,12.5,2.5,2.0,1.2,2.4,7.6,10.9,87.0,102.0,2013,Draymond Green-2013,0.0,Not Selected,Forward,GSW,0.03824247355573637
2012-13,Gerald Green,greenge01,SF,27,IND,60,7,1080,7.6,20.9,0.366,2.9,9.3,0.314,4.7,11.6,0.40700000000000003,2.6,3.2,0.8,1.5,5.4,6.9,2.5,0.9,1.1,2.6,3.2,20.7,95.0,103.0,2013,Gerald Green-2013,0.0,Not Selected,Forward,IND,0.03986981285598047
2012-13,Jeff Green,greenje02,PF,26,BOS,81,17,2252,8.7,18.7,0.467,1.6,4.2,0.385,7.1,14.5,0.49,5.0,6.2,0.8079999999999999,1.3,6.1,7.4,3.0,1.3,1.6,3.1,4.1,24.1,104.0,104.0,2013,Jeff Green-2013,0.0,Not Selected,Forward,BOS,0.03336045565500407
2012-13,Willie Green,greenwi01,SG,31,LAC,72,60,1188,7.9,17.1,0.461,3.1,7.4,0.428,4.7,9.8,0.486,1.0,1.4,0.7190000000000001,0.8,3.5,4.3,2.4,1.3,0.5,1.4,4.3,19.9,113.0,108.0,2013,Willie Green-2013,0.0,Not Selected,Guard,LAC,0.045565500406834825
2012-13,Blake Griffin,griffbl01,PF,23,LAC,80,80,2598,11.7,21.7,0.5379999999999999,0.1,0.6,0.179,11.6,21.2,0.5479999999999999,5.7,8.6,0.66,3.8,9.6,13.4,6.1,2.0,1.0,3.8,4.7,29.2,114.0,102.0,2013,Blake Griffin-2013,2.0,2nd,Forward,LAC,0.045565500406834825
2012-13,Hamed Haddadi,haddaha01,C,27,TOT,30,0,322,5.7,13.3,0.42700000000000005,0.0,0.0,0.0,5.7,13.3,0.42700000000000005,2.3,4.4,0.519,7.0,11.0,18.0,1.9,1.0,4.4,5.0,9.7,13.6,85.0,101.0,2013,Hamed Haddadi-2013,0.0,Not Selected,Center,TOT,0.03333333333333333
2012-13,Jordan Hamilton,hamiljo02,SF,22,DEN,40,1,397,10.7,25.6,0.418,3.4,9.3,0.37,7.2,16.3,0.445,1.7,3.3,0.5,4.1,8.0,12.1,2.9,1.9,1.0,2.4,3.1,26.5,104.0,105.0,2013,Jordan Hamilton-2013,0.0,Not Selected,Forward,DEN,0.046379170056956874
2012-13,Richard Hamilton,hamilri01,SG,34,CHI,50,45,1088,10.1,23.5,0.429,0.8,2.6,0.308,9.3,20.9,0.444,3.3,3.8,0.857,0.8,3.3,4.1,5.9,1.2,0.2,4.1,4.6,24.2,94.0,107.0,2013,Richard Hamilton-2013,0.0,Not Selected,Guard,CHI,0.03661513425549227
2012-13,Ben Hansbrough,hansbbe01,PG,25,IND,28,0,200,4.0,12.0,0.33299999999999996,1.6,6.1,0.261,2.4,5.9,0.409,5.6,7.2,0.778,0.5,4.3,4.8,5.6,1.9,0.5,4.8,6.1,15.2,92.0,102.0,2013,Ben Hansbrough-2013,0.0,Not Selected,Guard,IND,0.03986981285598047
2012-13,Tyler Hansbrough,hansbty01,PF,27,IND,81,8,1366,6.9,15.9,0.43200000000000005,0.0,0.1,0.0,6.9,15.7,0.436,8.4,11.7,0.72,6.3,8.3,14.5,1.4,1.1,0.7,3.0,5.9,22.1,110.0,101.0,2013,Tyler Hansbrough-2013,0.0,Not Selected,Forward,IND,0.03986981285598047
2012-13,James Harden,hardeja01,SG,23,HOU,78,78,2985,9.8,22.4,0.43799999999999994,3.0,8.1,0.368,6.8,14.2,0.47700000000000004,11.3,13.3,0.851,1.0,5.3,6.3,7.6,2.4,0.6,4.9,3.0,33.8,116.0,106.0,2013,James Harden-2013,3.0,3rd,Guard,HOU,0.03661513425549227
2012-13,Maurice Harkless,harklma01,SF,19,ORL,76,59,1974,6.9,14.9,0.461,0.8,3.1,0.27399999999999997,6.0,11.8,0.51,1.9,3.4,0.57,3.2,5.6,8.8,1.3,2.3,1.6,1.8,3.8,16.5,101.0,107.0,2013,Maurice Harkless-2013,0.0,Not Selected,Forward,ORL,0.01627339300244101
2012-13,Josh Harrellson,harrejo01,C,23,MIA,6,0,31,6.8,15.4,0.444,1.7,8.5,0.2,5.1,6.8,0.75,1.7,3.4,0.5,5.1,6.8,12.0,0.0,1.7,1.7,5.1,6.8,17.1,87.0,104.0,2013,Josh Harrellson-2013,0.0,Not Selected,Center,MIA,0.05370219690805533
2012-13,Al Harrington,harrial01,C,32,ORL,10,0,119,8.8,24.9,0.35100000000000003,3.5,13.1,0.267,5.3,11.8,0.444,1.3,1.8,0.75,2.6,9.2,11.8,4.4,1.8,0.4,3.1,7.9,22.3,90.0,107.0,2013,Al Harrington-2013,0.0,Not Selected,Center,ORL,0.01627339300244101
2012-13,Devin Harris,harride01,SG,29,ATL,58,34,1421,7.1,16.2,0.43799999999999994,2.8,8.4,0.335,4.3,7.8,0.5489999999999999,4.1,5.6,0.727,0.2,4.0,4.2,7.2,2.3,0.5,3.2,3.8,21.0,108.0,106.0,2013,Devin Harris-2013,0.0,Not Selected,Guard,ATL,0.03580146460537022
2012-13,Terrel Harris,harrite01,SG,25,TOT,20,0,137,1.6,10.6,0.14800000000000002,0.0,3.1,0.0,1.6,7.5,0.21100000000000002,2.8,3.9,0.7,1.6,8.7,10.2,3.5,0.8,1.2,6.7,6.7,5.9,48.0,109.0,2013,Terrel Harris-2013,0.0,Not Selected,Guard,TOT,0.03333333333333333
2012-13,Tobias Harris,harrito02,SF-PF,20,TOT,55,34,1299,9.3,20.4,0.455,1.4,4.3,0.315,7.9,16.1,0.493,4.1,5.5,0.752,2.9,8.5,11.4,2.7,1.3,1.8,2.6,4.8,24.0,105.0,107.0,2013,Tobias Harris-2013,0.0,Not Selected,Forward,TOT,0.03333333333333333
2012-13,Udonis Haslem,hasleud01,PF,32,MIA,75,59,1414,4.8,9.4,0.514,0.0,0.0,0.0,4.8,9.4,0.514,1.2,1.7,0.711,3.6,11.5,15.1,1.4,1.1,0.6,1.7,6.5,10.9,110.0,103.0,2013,Udonis Haslem-2013,0.0,Not Selected,Forward,MIA,0.05370219690805533
2012-13,Spencer Hawes,hawessp01,C,24,PHI,82,40,2233,8.9,19.2,0.46399999999999997,0.7,2.1,0.35600000000000004,8.1,17.1,0.47700000000000004,2.9,3.7,0.777,4.1,9.8,13.9,4.3,0.6,2.7,3.1,5.5,21.4,103.0,104.0,2013,Spencer Hawes-2013,0.0,Not Selected,Center,PHI,0.027664768104149716
2012-13,Chuck Hayes,hayesch01,C,29,SAC,74,1,1209,3.6,8.1,0.442,0.0,0.0,0.0,3.6,8.0,0.444,1.3,2.0,0.625,4.8,7.9,12.7,4.7,1.3,0.8,1.9,4.8,8.4,111.0,111.0,2013,Chuck Hayes-2013,0.0,Not Selected,Center,SAC,0.022782750203417412
2012-13,Gordon Hayward,haywago01,SF,22,UTA,72,27,2104,8.4,19.4,0.435,2.6,6.2,0.415,5.9,13.2,0.444,6.1,7.4,0.8270000000000001,1.3,4.4,5.6,5.3,1.5,1.0,3.0,3.1,25.5,113.0,110.0,2013,Gordon Hayward-2013,0.0,Not Selected,Forward,UTA,0.03498779495524817
2012-13,Lazar Hayward,haywala01,SF,26,MIN,4,0,31,3.3,16.7,0.2,0.0,6.7,0.0,3.3,10.0,0.33299999999999996,10.0,10.0,1.0,0.0,6.7,6.7,5.0,3.3,0.0,0.0,5.0,16.7,102.0,103.0,2013,Lazar Hayward-2013,0.0,Not Selected,Forward,MIN,0.025223759153783564
2012-13,Brendan Haywood,haywobr01,C,33,CHA,61,17,1162,4.2,9.8,0.431,0.0,0.0,0.0,4.2,9.7,0.433,1.4,3.0,0.455,5.6,7.5,13.1,1.3,0.7,2.2,2.3,5.6,9.8,95.0,112.0,2013,Brendan Haywood-2013,0.0,Not Selected,Center,CHO,0.01708706265256306
2012-13,Gerald Henderson,hendege02,SG,25,CHA,68,58,2133,9.4,21.0,0.447,0.8,2.5,0.33,8.6,18.6,0.462,6.3,7.7,0.8240000000000001,1.4,4.8,6.2,4.4,1.7,0.8,2.7,3.7,26.0,107.0,113.0,2013,Gerald Henderson-2013,0.0,Not Selected,Guard,CHO,0.01708706265256306
2012-13,Xavier Henry,henryxa01,SF,21,NOH,50,2,625,5.7,14.0,0.41,0.3,1.0,0.364,5.4,13.0,0.413,5.0,8.0,0.63,1.8,6.0,7.8,1.1,1.4,0.4,2.7,6.2,16.8,94.0,111.0,2013,Xavier Henry-2013,0.0,Not Selected,Forward,NOP,0.021969080553295363
2012-13,John Henson,hensojo01,PF,22,MIL,63,9,827,9.9,20.6,0.48200000000000004,0.0,0.2,0.0,9.9,20.4,0.486,3.4,6.4,0.5329999999999999,7.1,11.1,18.2,1.9,1.2,2.6,2.9,5.1,23.3,103.0,102.0,2013,John Henson-2013,0.0,Not Selected,Forward,MIL,0.030919446704637917
2012-13,Roy Hibbert,hibbero01,C,26,IND,79,79,2269,9.0,20.2,0.44799999999999995,0.0,0.1,0.25,9.0,20.1,0.449,3.9,5.3,0.741,6.9,8.4,15.4,2.7,0.9,4.8,3.8,6.5,22.0,101.0,97.0,2013,Roy Hibbert-2013,0.0,Not Selected,Center,IND,0.03986981285598047
2012-13,J.J. Hickson,hicksjj01,C,24,POR,80,80,2323,9.5,16.8,0.562,0.0,0.0,0.0,9.5,16.8,0.563,4.1,6.1,0.679,6.0,12.7,18.7,2.0,1.1,1.2,3.3,3.6,23.0,113.0,106.0,2013,J.J. Hickson-2013,0.0,Not Selected,Center,POR,0.026851098454027666
2012-13,Cory Higgins,higgico01,SG,23,CHA,6,0,32,9.8,31.2,0.316,1.6,8.2,0.2,8.2,23.0,0.35700000000000004,1.6,3.3,0.5,1.6,3.3,4.9,8.2,4.9,0.0,0.0,8.2,23.0,90.0,108.0,2013,Cory Higgins-2013,0.0,Not Selected,Guard,CHO,0.01708706265256306
2012-13,Nenê,hilarne01,PF,30,WAS,61,49,1659,8.9,18.6,0.48,0.0,0.0,0.0,8.9,18.6,0.48100000000000004,6.2,8.4,0.7290000000000001,3.2,9.6,12.8,5.6,1.7,1.2,4.4,5.4,24.0,103.0,101.0,2013,Nenê-2013,0.0,Not Selected,Forward,WAS,0.023596419853539462
2012-13,George Hill,hillge01,PG,26,IND,76,76,2620,7.8,17.7,0.44299999999999995,2.6,7.2,0.368,5.2,10.5,0.494,3.5,4.3,0.8170000000000001,1.0,4.8,5.8,7.2,1.6,0.5,2.4,2.7,21.9,117.0,102.0,2013,George Hill-2013,0.0,Not Selected,Guard,IND,0.03986981285598047
2012-13,Grant Hill,hillgr01,SF,40,LAC,29,0,437,4.6,11.8,0.38799999999999996,0.4,1.3,0.273,4.2,10.5,0.402,1.7,2.9,0.583,0.7,5.2,5.9,3.1,1.3,0.8,3.0,4.7,11.2,83.0,107.0,2013,Grant Hill-2013,0.0,Not Selected,Forward,LAC,0.045565500406834825
2012-13,Jordan Hill,hilljo01,PF,25,LAL,29,1,458,8.5,17.2,0.49700000000000005,0.0,0.2,0.0,8.5,17.0,0.503,4.4,6.8,0.6559999999999999,9.1,9.3,18.4,1.4,0.9,2.1,2.9,6.1,21.5,113.0,105.0,2013,Jordan Hill-2013,0.0,Not Selected,Forward,LAL,0.03661513425549227
2012-13,Kirk Hinrich,hinriki01,PG,32,CHI,60,60,1764,4.8,12.9,0.377,2.2,5.5,0.39,2.7,7.3,0.36700000000000005,2.1,3.0,0.7140000000000001,0.5,4.3,4.8,9.6,1.9,0.8,3.0,5.8,14.0,103.0,105.0,2013,Kirk Hinrich-2013,0.0,Not Selected,Guard,CHI,0.03661513425549227
2012-13,Jrue Holiday,holidjr01,PG,22,PHI,78,78,2926,10.0,23.2,0.431,1.6,4.5,0.368,8.4,18.8,0.446,3.3,4.4,0.752,1.6,4.3,5.9,11.3,2.2,0.6,5.3,3.1,24.9,99.0,107.0,2013,Jrue Holiday-2013,0.0,Not Selected,Guard,PHI,0.027664768104149716
2012-13,Justin Holiday,holidju01,SG,23,PHI,9,0,142,5.9,17.8,0.33299999999999996,1.5,5.9,0.25,4.5,11.9,0.375,2.2,3.0,0.75,0.0,5.2,5.2,5.6,1.1,2.2,3.3,2.6,15.6,82.0,107.0,2013,Justin Holiday-2013,0.0,Not Selected,Guard,PHI,0.027664768104149716
2012-13,Ryan Hollins,holliry01,C,28,LAC,60,0,663,5.6,9.1,0.614,0.0,0.0,0.0,5.6,9.1,0.614,5.2,7.0,0.75,4.0,7.1,11.0,0.9,0.5,2.7,3.5,10.6,16.4,115.0,105.0,2013,Ryan Hollins-2013,0.0,Not Selected,Center,LAC,0.045565500406834825
2012-13,Tyler Honeycutt,honeyty01,SF,22,SAC,9,0,32,4.8,17.6,0.273,0.0,3.2,0.0,4.8,14.4,0.33299999999999996,3.2,3.2,1.0,4.8,11.2,16.0,3.2,0.0,1.6,8.0,3.2,12.8,64.0,111.0,2013,Tyler Honeycutt-2013,0.0,Not Selected,Forward,SAC,0.022782750203417412
2012-13,Al Horford,horfoal01,C,26,ATL,74,74,2756,10.8,19.9,0.5429999999999999,0.1,0.1,0.5,10.8,19.8,0.544,2.5,3.9,0.644,3.7,10.6,14.2,4.5,1.5,1.5,2.8,3.1,24.2,110.0,102.0,2013,Al Horford-2013,0.0,Not Selected,Center,ATL,0.03580146460537022
2012-13,Dwight Howard,howardw01,C,27,LAL,76,76,2722,8.8,15.2,0.578,0.0,0.1,0.16699999999999998,8.8,15.1,0.581,6.6,13.5,0.49200000000000005,4.7,13.0,17.6,2.0,1.6,3.5,4.2,5.4,24.2,105.0,100.0,2013,Dwight Howard-2013,3.0,3rd,Center,LAL,0.03661513425549227
2012-13,Josh Howard,howarjo01,SF,32,MIN,11,4,207,7.7,19.2,0.40299999999999997,1.2,4.0,0.313,6.5,15.2,0.426,1.7,3.0,0.583,2.2,6.7,9.0,1.0,2.5,0.7,2.5,4.5,18.5,88.0,104.0,2013,Josh Howard-2013,0.0,Not Selected,Forward,MIN,0.025223759153783564
2012-13,Juwan Howard,howarju01,PF,39,MIA,7,2,51,10.4,19.7,0.526,0.0,0.0,0.0,10.4,19.7,0.526,1.0,1.0,1.0,0.0,8.3,8.3,6.2,0.0,0.0,4.2,9.3,21.8,98.0,108.0,2013,Juwan Howard-2013,0.0,Not Selected,Forward,MIA,0.05370219690805533
2012-13,Kris Humphries,humphkr01,PF,27,BRK,65,21,1191,6.3,14.1,0.44799999999999995,0.0,0.1,0.0,6.3,14.0,0.451,4.4,5.6,0.789,5.7,10.9,16.6,1.5,0.7,1.5,2.6,5.8,17.0,109.0,105.0,2013,Kris Humphries-2013,0.0,Not Selected,Forward,BRK,0.03986981285598047
2012-13,Serge Ibaka,ibakase01,PF,23,OKC,80,80,2486,9.2,16.1,0.573,0.4,1.2,0.35100000000000003,8.8,14.9,0.591,3.0,4.0,0.7490000000000001,4.6,8.2,12.8,0.9,0.6,5.0,2.6,4.4,21.8,117.0,101.0,2013,Serge Ibaka-2013,0.0,Not Selected,Forward,OKC,0.04882017900732303
2012-13,Andre Iguodala,iguodan01,SG,29,DEN,80,80,2779,7.2,16.0,0.451,1.7,5.2,0.317,5.5,10.8,0.515,2.8,4.9,0.574,1.5,6.2,7.7,7.9,2.5,0.9,3.7,2.3,18.9,105.0,105.0,2013,Andre Iguodala-2013,0.0,Not Selected,Guard,DEN,0.046379170056956874
2012-13,Ersan İlyasova,ilyaser01,PF,25,MIL,73,54,2012,9.3,20.2,0.462,2.4,5.4,0.444,7.0,14.8,0.469,3.1,4.0,0.7959999999999999,3.9,9.2,13.1,2.9,1.7,0.9,1.9,4.7,24.2,114.0,104.0,2013,Ersan İlyasova-2013,0.0,Not Selected,Forward,MIL,0.030919446704637917
2012-13,Kyrie Irving,irvinky01,PG,20,CLE,59,59,2048,12.3,27.2,0.452,2.8,7.1,0.391,9.5,20.1,0.474,6.3,7.4,0.855,0.9,4.6,5.5,8.9,2.3,0.5,4.9,3.7,33.7,108.0,110.0,2013,Kyrie Irving-2013,0.0,Not Selected,Guard,CLE,0.01952807160292921
2012-13,Royal Ivey,iveyro01,SG,31,PHI,53,5,698,4.7,10.9,0.431,2.8,6.6,0.42,1.9,4.2,0.446,0.7,1.2,0.563,1.2,3.1,4.3,2.4,1.7,0.2,1.5,5.5,12.8,108.0,109.0,2013,Royal Ivey-2013,0.0,Not Selected,Guard,PHI,0.027664768104149716
2012-13,Jarrett Jack,jackja01,SG,29,GSW,79,4,2349,8.4,18.5,0.452,1.8,4.4,0.40399999999999997,6.6,14.1,0.466,3.6,4.3,0.843,0.5,4.8,5.3,9.5,1.3,0.2,3.4,2.9,22.1,110.0,108.0,2013,Jarrett Jack-2013,0.0,Not Selected,Guard,GSW,0.03824247355573637
2012-13,Reggie Jackson,jacksre01,PG,22,OKC,70,0,993,7.7,16.8,0.45799999999999996,1.2,5.4,0.231,6.5,11.4,0.5660000000000001,2.7,3.2,0.8390000000000001,1.1,7.5,8.6,6.3,1.5,0.7,2.7,4.3,19.4,108.0,104.0,2013,Reggie Jackson-2013,0.0,Not Selected,Guard,OKC,0.04882017900732303
2012-13,Stephen Jackson,jacksst02,SF,34,SAS,55,6,1075,5.8,15.6,0.373,2.2,8.1,0.271,3.7,7.6,0.48100000000000004,2.3,3.3,0.7,1.0,6.3,7.3,3.8,1.8,0.7,3.7,4.2,16.2,87.0,103.0,2013,Stephen Jackson-2013,0.0,Not Selected,Forward,SAS,0.047192839707078924
2012-13,Bernard James,jamesbe01,C,27,DAL,46,11,457,5.9,11.5,0.515,0.0,0.2,0.0,5.9,11.3,0.525,2.8,4.6,0.61,5.8,8.8,14.6,0.7,1.3,4.2,2.0,7.1,14.6,111.0,103.0,2013,Bernard James-2013,0.0,Not Selected,Center,DAL,0.03336045565500407
2012-13,Damion James,jamesda01,SF,25,BRK,2,0,0,0.0,0.0,0.0,0.0,0.0,0.0,0.0,0.0,0.0,0.0,0.0,0.0,0.0,0.0,0.0,0.0,0.0,0.0,0.0,0.0,0.0,0.0,0.0,2013,Damion James-2013,0.0,Not Selected,Forward,BRK,0.03986981285598047
2012-13,LeBron James,jamesle01,PF,28,MIA,76,76,2877,14.1,24.9,0.565,1.9,4.7,0.406,12.2,20.2,0.602,7.4,9.8,0.753,1.8,9.4,11.2,10.1,2.4,1.2,4.2,2.0,37.5,125.0,101.0,2013,LeBron James-2013,1.0,1st,Forward,MIA,0.05370219690805533
2012-13,Mike James,jamesmi01,PG,37,DAL,45,23,862,6.0,16.0,0.373,2.8,7.4,0.384,3.1,8.6,0.363,1.4,1.7,0.7929999999999999,0.5,3.7,4.3,8.2,1.5,0.2,3.3,5.6,16.2,97.0,110.0,2013,Mike James-2013,0.0,Not Selected,Guard,DAL,0.03336045565500407
2012-13,Antawn Jamison,jamisan01,PF,36,LAL,76,6,1636,8.3,17.9,0.46399999999999997,2.6,7.2,0.361,5.7,10.6,0.535,2.9,4.2,0.691,3.4,7.9,11.2,1.6,0.9,0.7,1.6,3.9,22.1,114.0,108.0,2013,Antawn Jamison-2013,0.0,Not Selected,Forward,LAL,0.03661513425549227
2012-13,Al Jefferson,jeffeal01,C,28,UTA,78,78,2578,12.5,25.3,0.494,0.0,0.3,0.11800000000000001,12.5,25.0,0.5,3.4,4.4,0.77,3.2,11.5,14.7,3.4,1.6,1.8,2.2,3.5,28.5,109.0,104.0,2013,Al Jefferson-2013,0.0,Not Selected,Center,UTA,0.03498779495524817
2012-13,Richard Jefferson,jefferi01,SF,32,GSW,56,1,568,5.5,12.2,0.456,1.3,4.0,0.311,4.3,8.1,0.527,3.4,4.7,0.7170000000000001,0.4,7.1,7.5,2.8,1.3,0.6,2.1,4.0,15.7,106.0,106.0,2013,Richard Jefferson-2013,0.0,Not Selected,Forward,GSW,0.03824247355573637
2012-13,Jared Jeffries,jeffrja01,PF,31,POR,38,0,350,2.4,8.1,0.29600000000000004,0.0,0.3,0.0,2.4,7.8,0.308,1.8,3.5,0.522,3.9,5.1,9.0,2.1,0.9,0.9,2.6,8.7,6.6,80.0,111.0,2013,Jared Jeffries-2013,0.0,Not Selected,Forward,POR,0.026851098454027666
2012-13,Charles Jenkins,jenkich01,SG-PG,23,TOT,59,1,441,5.7,14.1,0.405,0.1,0.2,0.5,5.6,13.9,0.40299999999999997,1.4,2.6,0.545,0.9,2.8,3.7,5.1,1.8,0.2,2.5,2.6,13.0,89.0,109.0,2013,Charles Jenkins-2013,0.0,Not Selected,Guard,TOT,0.03333333333333333
2012-13,John Jenkins,jenkijo01,SG,21,ATL,61,2,902,7.5,16.9,0.446,3.0,7.9,0.384,4.5,9.0,0.5,3.4,4.0,0.843,1.0,4.4,5.4,3.2,0.7,0.6,2.3,2.1,21.5,109.0,109.0,2013,John Jenkins-2013,0.0,Not Selected,Guard,ATL,0.03580146460537022
2012-13,Brandon Jennings,jennibr01,PG,23,MIL,80,80,2897,8.7,21.8,0.39899999999999997,3.0,8.1,0.375,5.7,13.8,0.41200000000000003,4.0,4.9,0.8190000000000001,1.0,3.3,4.3,9.1,2.2,0.2,3.6,2.7,24.4,106.0,108.0,2013,Brandon Jennings-2013,0.0,Not Selected,Guard,MIL,0.030919446704637917
2012-13,Jonas Jerebko,jerebjo01,PF,25,DET,49,2,892,8.4,18.7,0.449,1.5,4.9,0.301,6.9,13.8,0.502,4.0,5.2,0.773,4.0,6.9,11.0,2.5,2.3,0.5,2.5,5.3,22.3,109.0,107.0,2013,Jonas Jerebko-2013,0.0,Not Selected,Forward,DET,0.023596419853539462
2012-13,Amir Johnson,johnsam01,PF,25,TOR,81,38,2325,7.7,13.8,0.5539999999999999,0.1,0.3,0.385,7.6,13.5,0.5579999999999999,3.1,4.3,0.727,5.2,8.8,14.0,2.8,1.8,2.5,2.7,6.9,18.6,116.0,104.0,2013,Amir Johnson-2013,0.0,Not Selected,Forward,TOR,0.027664768104149716
2012-13,Chris Johnson,johnsch03,C,27,MIN,30,0,284,8.7,13.7,0.64,0.0,0.0,0.0,8.7,13.7,0.64,3.8,6.2,0.618,3.6,7.3,10.9,1.5,1.3,5.1,2.4,8.9,21.3,119.0,101.0,2013,Chris Johnson-2013,0.0,Not Selected,Center,MIN,0.025223759153783564
2012-13,Ivan Johnson,johnsiv01,PF,28,ATL,69,5,1035,9.3,17.8,0.52,0.1,0.7,0.077,9.2,17.2,0.536,4.1,6.6,0.618,3.8,9.5,13.3,2.3,2.8,0.7,3.6,6.6,22.6,102.0,101.0,2013,Ivan Johnson-2013,0.0,Not Selected,Forward,ATL,0.03580146460537022
2012-13,James Johnson,johnsja01,SF,25,SAC,54,11,878,6.8,16.5,0.413,0.1,1.2,0.095,6.7,15.3,0.439,2.3,3.9,0.597,2.9,5.6,8.5,3.4,2.4,2.9,4.0,5.8,16.1,87.0,108.0,2013,James Johnson-2013,0.0,Not Selected,Forward,SAC,0.022782750203417412
2012-13,Joe Johnson,johnsjo02,SG,31,BRK,72,72,2642,9.1,21.5,0.423,3.0,8.1,0.375,6.1,13.4,0.452,2.7,3.3,0.82,1.1,3.4,4.5,5.2,1.0,0.3,2.5,2.0,23.9,109.0,111.0,2013,Joe Johnson-2013,0.0,Not Selected,Guard,BRK,0.03986981285598047
2012-13,Orlando Johnson,johnsor01,SG,23,IND,51,0,619,6.2,15.5,0.4,3.1,8.1,0.38299999999999995,3.1,7.4,0.419,2.0,2.8,0.7190000000000001,1.7,7.7,9.5,4.0,0.9,0.8,2.5,4.4,17.5,106.0,102.0,2013,Orlando Johnson-2013,0.0,Not Selected,Guard,IND,0.03986981285598047
2012-13,Wesley Johnson,johnswe01,SF,25,PHO,50,21,953,8.7,21.3,0.40700000000000003,2.7,8.4,0.32299999999999995,6.0,13.0,0.461,1.5,1.9,0.7709999999999999,1.1,5.5,6.6,1.8,1.2,1.0,2.6,3.0,21.5,93.0,110.0,2013,Wesley Johnson-2013,0.0,Not Selected,Forward,PHO,0.02034174125305126
2012-13,Darius Johnson-Odom,johnsda03,SG,23,LAL,4,0,6,0.0,33.9,0.0,0.0,8.5,0.0,0.0,25.4,0.0,0.0,0.0,0.0,8.5,25.4,33.9,8.5,0.0,0.0,0.0,0.0,0.0,35.0,100.0,2013,Darius Johnson-Odom-2013,0.0,Not Selected,Guard,LAL,0.03661513425549227
2012-13,Dahntay Jones,jonesda02,SF,32,TOT,78,19,1016,4.1,11.2,0.369,0.6,2.5,0.22399999999999998,3.6,8.7,0.41,4.4,5.7,0.77,1.2,3.9,5.1,2.4,1.1,0.3,1.9,6.0,13.2,97.0,110.0,2013,Dahntay Jones-2013,0.0,Not Selected,Forward,TOT,0.03333333333333333
2012-13,DeQuan Jones,jonesde01,SF,22,ORL,63,17,803,6.2,14.1,0.436,0.6,2.3,0.257,5.6,11.9,0.47,2.2,3.3,0.667,1.1,5.7,6.8,1.0,1.2,1.4,1.9,3.6,15.1,93.0,110.0,2013,DeQuan Jones-2013,0.0,Not Selected,Forward,ORL,0.01627339300244101
2012-13,Dominique Jones,jonesdo02,PG,24,DAL,29,3,338,6.0,16.5,0.36700000000000005,0.2,1.4,0.111,5.9,15.1,0.39,5.3,8.0,0.66,2.7,4.1,6.8,12.5,2.1,0.3,5.7,4.4,17.5,93.0,108.0,2013,Dominique Jones-2013,0.0,Not Selected,Guard,DAL,0.03336045565500407
2012-13,James Jones,jonesja02,SF,32,MIA,38,0,221,5.0,14.6,0.344,3.8,12.7,0.302,1.2,1.9,0.625,0.5,1.0,0.5,0.0,5.3,5.3,3.1,0.5,1.4,0.7,3.8,14.4,101.0,108.0,2013,James Jones-2013,0.0,Not Selected,Forward,MIA,0.05370219690805533
2012-13,Kevin Jones,joneske01,PF,23,CLE,32,0,334,6.7,16.7,0.402,0.0,0.0,0.0,6.7,16.7,0.402,1.4,2.3,0.6,5.9,6.2,12.1,1.6,1.4,0.8,1.2,3.9,14.8,99.0,110.0,2013,Kevin Jones-2013,0.0,Not Selected,Forward,CLE,0.01952807160292921
2012-13,Perry Jones,jonespe01,SF,21,OKC,38,1,280,7.2,18.2,0.39399999999999996,0.0,0.4,0.0,7.2,17.8,0.402,1.8,2.8,0.667,2.2,9.2,11.4,1.8,0.9,1.1,2.8,4.2,16.2,85.0,104.0,2013,Perry Jones-2013,0.0,Not Selected,Forward,OKC,0.04882017900732303
2012-13,Solomon Jones,jonesso01,PF,28,NYK,2,1,26,0.0,2.1,0.0,0.0,0.0,0.0,0.0,2.1,0.0,0.0,0.0,0.0,2.1,4.1,6.2,0.0,0.0,2.1,6.2,6.2,0.0,17.0,110.0,2013,Solomon Jones-2013,0.0,Not Selected,Forward,NYK,0.043938161106590726
2012-13,Terrence Jones,joneste01,PF,21,HOU,19,0,276,7.8,17.0,0.457,0.9,3.4,0.263,6.9,13.6,0.507,2.4,3.1,0.765,5.1,6.7,11.8,2.7,2.2,3.4,2.4,3.8,18.8,108.0,102.0,2013,Terrence Jones-2013,0.0,Not Selected,Forward,HOU,0.03661513425549227
2012-13,DeAndre Jordan,jordade01,C,24,LAC,82,82,2010,8.2,12.8,0.643,0.0,0.0,0.0,8.2,12.8,0.643,2.5,6.5,0.386,5.5,10.1,15.6,0.7,1.3,2.9,2.6,5.0,19.0,113.0,101.0,2013,DeAndre Jordan-2013,0.0,Not Selected,Center,LAC,0.045565500406834825
2012-13,Cory Joseph,josepco01,PG,21,SAS,28,9,388,6.7,14.4,0.46399999999999997,0.8,2.8,0.28600000000000003,5.9,11.7,0.506,2.4,2.8,0.857,1.6,5.3,6.8,7.0,2.0,0.5,2.8,3.3,16.5,107.0,103.0,2013,Cory Joseph-2013,0.0,Not Selected,Guard,SAS,0.047192839707078924
2012-13,Kris Joseph,josepkr01,SF,24,TOT,10,0,54,2.0,13.8,0.14300000000000002,0.0,3.0,0.0,2.0,10.9,0.182,4.9,7.9,0.625,1.0,5.9,6.9,1.0,3.0,0.0,2.0,3.0,8.9,57.0,104.0,2013,Kris Joseph-2013,0.0,Not Selected,Forward,TOT,0.03333333333333333
2012-13,Chris Kaman,kamanch01,C,30,DAL,66,52,1363,11.7,23.1,0.507,0.0,0.0,0.0,11.7,23.1,0.508,2.5,3.2,0.7879999999999999,3.6,10.3,13.9,1.9,1.1,1.9,3.9,5.3,25.9,98.0,105.0,2013,Chris Kaman-2013,0.0,Not Selected,Center,DAL,0.03336045565500407
2012-13,Enes Kanter,kanteen01,C,20,UTA,70,2,1078,10.1,18.6,0.544,0.0,0.0,1.0,10.0,18.5,0.542,4.6,5.7,0.795,6.6,8.3,14.9,1.5,1.4,1.6,4.9,5.7,24.8,106.0,107.0,2013,Enes Kanter-2013,0.0,Not Selected,Center,UTA,0.03498779495524817
2012-13,Jason Kidd,kiddja01,SG,39,NYK,76,48,2043,4.0,10.7,0.37200000000000005,3.0,8.5,0.35100000000000003,1.0,2.2,0.452,1.0,1.3,0.833,1.3,7.1,8.5,6.5,3.3,0.7,2.0,3.3,12.0,114.0,103.0,2013,Jason Kidd-2013,0.0,Not Selected,Guard,NYK,0.043938161106590726
2012-13,Michael Kidd-Gilchrist,kiddgmi01,SF,19,CHA,78,77,2025,7.3,15.9,0.45799999999999996,0.1,0.2,0.222,7.2,15.7,0.462,3.6,4.8,0.7490000000000001,3.4,8.4,11.8,3.0,1.4,1.8,2.6,4.3,18.2,102.0,110.0,2013,Michael Kidd-Gilchrist-2013,0.0,Not Selected,Forward,CHO,0.01708706265256306
2012-13,Andrei Kirilenko,kirilan01,SF,31,MIN,64,64,2034,7.2,14.2,0.507,0.9,3.1,0.292,6.3,11.2,0.5660000000000001,4.8,6.4,0.752,2.6,6.6,9.2,4.5,2.4,1.6,3.0,2.1,20.1,113.0,104.0,2013,Andrei Kirilenko-2013,0.0,Not Selected,Forward,MIN,0.025223759153783564
2012-13,Linas Kleiza,kleizli01,SF,28,TOR,20,3,376,6.8,20.3,0.33299999999999996,2.8,9.3,0.303,4.0,11.0,0.359,4.5,5.4,0.8420000000000001,1.4,5.9,7.3,2.3,0.6,0.3,2.0,6.4,20.9,96.0,111.0,2013,Linas Kleiza-2013,0.0,Not Selected,Forward,TOR,0.027664768104149716
2012-13,Brandon Knight,knighbr03,PG,21,DET,75,75,2365,8.0,19.6,0.40700000000000003,2.7,7.3,0.36700000000000005,5.3,12.3,0.43,3.7,5.0,0.733,1.2,4.3,5.5,6.8,1.3,0.2,4.6,3.5,22.3,98.0,111.0,2013,Brandon Knight-2013,0.0,Not Selected,Guard,DET,0.023596419853539462
2012-13,Kyle Korver,korveky01,SF,31,ATL,74,60,2259,6.4,13.8,0.461,4.3,9.5,0.457,2.0,4.3,0.47100000000000003,1.5,1.8,0.8590000000000001,0.5,6.2,6.7,3.3,1.6,0.8,1.6,3.9,18.6,119.0,105.0,2013,Kyle Korver-2013,0.0,Not Selected,Forward,ATL,0.03580146460537022
2012-13,Kosta Koufos,koufoko01,C,23,DEN,81,81,1817,8.2,14.1,0.581,0.0,0.0,0.0,8.2,14.1,0.5820000000000001,1.6,2.9,0.5579999999999999,5.9,9.8,15.6,0.9,1.2,2.9,1.5,6.8,18.0,122.0,103.0,2013,Kosta Koufos-2013,0.0,Not Selected,Center,DEN,0.046379170056956874
2012-13,Viacheslav Kravtsov,kravtvi01,C,25,DET,25,0,224,7.8,10.9,0.7170000000000001,0.0,0.0,0.0,7.8,10.9,0.7170000000000001,2.6,8.7,0.297,5.7,5.0,10.6,2.1,1.2,2.1,3.3,7.5,18.2,109.0,109.0,2013,Viacheslav Kravtsov-2013,0.0,Not Selected,Center,DET,0.023596419853539462
2012-13,Doron Lamb,lambdo01,SG,21,TOT,47,0,577,5.3,14.5,0.368,1.2,3.3,0.37799999999999995,4.1,11.2,0.365,1.8,3.0,0.588,0.7,3.4,4.1,2.9,1.2,0.0,2.3,4.6,13.7,86.0,112.0,2013,Doron Lamb-2013,0.0,Not Selected,Guard,TOT,0.03333333333333333
2012-13,Jeremy Lamb,lambje01,SF,20,OKC,23,0,147,8.4,23.8,0.353,3.1,10.5,0.3,5.2,13.3,0.395,4.9,4.9,1.0,1.7,4.5,6.3,1.7,0.7,0.7,2.1,4.5,24.8,100.0,108.0,2013,Jeremy Lamb-2013,0.0,Not Selected,Forward,OKC,0.04882017900732303
2012-13,Carl Landry,landrca01,PF,29,GSW,81,2,1876,8.8,16.3,0.54,0.0,0.1,0.33299999999999996,8.8,16.2,0.541,6.0,7.4,0.8170000000000001,4.9,8.2,13.1,1.8,0.9,0.8,3.1,5.1,23.7,116.0,106.0,2013,Carl Landry-2013,0.0,Not Selected,Forward,GSW,0.03824247355573637
2012-13,Ty Lawson,lawsoty01,PG,25,DEN,73,71,2513,9.0,19.5,0.461,1.7,4.7,0.366,7.3,14.8,0.491,4.7,6.2,0.7559999999999999,0.7,3.3,4.0,10.1,2.1,0.2,3.7,2.7,24.4,113.0,109.0,2013,Ty Lawson-2013,0.0,Not Selected,Guard,DEN,0.046379170056956874
2012-13,Courtney Lee,leeco01,SG,27,BOS,78,39,1941,6.6,14.3,0.46399999999999997,1.6,4.2,0.37200000000000005,5.1,10.1,0.503,1.7,1.9,0.861,0.8,4.3,5.1,3.9,2.4,0.6,2.3,3.7,16.5,102.0,104.0,2013,Courtney Lee-2013,0.0,Not Selected,Guard,BOS,0.03336045565500407
2012-13,David Lee,leeda02,PF,29,GSW,79,79,2907,10.5,20.3,0.519,0.0,0.1,0.0,10.5,20.2,0.521,4.5,5.6,0.797,3.8,11.7,15.5,4.9,1.2,0.4,3.6,4.3,25.5,110.0,104.0,2013,David Lee-2013,3.0,3rd,Forward,GSW,0.03824247355573637
2012-13,Malcolm Lee,leema01,SG,22,MIN,16,12,289,5.2,13.6,0.382,1.4,4.3,0.33299999999999996,3.8,9.3,0.40399999999999997,2.1,3.6,0.6,2.7,4.3,7.0,3.6,2.1,1.1,1.8,5.4,14.0,100.0,106.0,2013,Malcolm Lee-2013,0.0,Not Selected,Guard,MIN,0.025223759153783564
2012-13,Kawhi Leonard,leonaka01,SF,21,SAS,58,57,1810,7.3,14.8,0.494,1.8,4.9,0.374,5.5,9.9,0.5539999999999999,2.9,3.5,0.825,1.8,8.0,9.7,2.6,2.7,0.9,1.7,2.8,19.4,114.0,99.0,2013,Kawhi Leonard-2013,0.0,Not Selected,Forward,SAS,0.047192839707078924
2012-13,Meyers Leonard,leoname01,C,20,POR,69,9,1206,6.6,12.1,0.545,0.1,0.3,0.429,6.4,11.8,0.5479999999999999,3.1,3.9,0.809,3.5,7.6,11.1,1.4,0.5,1.7,2.1,7.3,16.4,115.0,110.0,2013,Meyers Leonard-2013,0.0,Not Selected,Center,POR,0.026851098454027666
2012-13,Jon Leuer,leuerjo01,PF-C,23,TOT,28,0,187,7.1,14.8,0.48100000000000004,0.0,0.9,0.0,7.1,13.9,0.51,1.7,3.7,0.462,3.7,6.8,10.5,2.3,1.7,0.0,2.3,6.0,15.9,99.0,106.0,2013,Jon Leuer-2013,0.0,Not Selected,Forward,TOT,0.03333333333333333
2012-13,Rashard Lewis,lewisra02,PF,33,MIA,55,9,792,6.9,16.6,0.414,3.4,8.8,0.389,3.5,7.9,0.441,1.9,3.0,0.622,1.3,6.8,8.1,2.0,1.4,0.9,2.2,4.5,19.1,101.0,105.0,2013,Rashard Lewis-2013,0.0,Not Selected,Forward,MIA,0.05370219690805533
2012-13,DeAndre Liggins,liggide01,SG,24,OKC,39,1,290,3.7,8.3,0.447,1.2,3.4,0.368,2.5,5.0,0.5,1.6,3.2,0.5,2.3,7.1,9.4,2.7,3.2,0.5,2.5,5.9,10.3,101.0,101.0,2013,DeAndre Liggins-2013,0.0,Not Selected,Guard,OKC,0.04882017900732303
2012-13,Damian Lillard,lillada01,PG,22,POR,82,82,3167,9.2,21.4,0.429,3.1,8.3,0.368,6.1,13.0,0.469,4.5,5.3,0.8440000000000001,0.7,3.6,4.3,8.8,1.2,0.3,4.0,2.9,25.9,108.0,112.0,2013,Damian Lillard-2013,0.0,Not Selected,Guard,POR,0.026851098454027666
2012-13,Jeremy Lin,linje01,PG,24,HOU,82,82,2640,7.5,17.0,0.441,1.6,4.9,0.33899999999999997,5.8,12.1,0.483,4.1,5.2,0.785,0.6,4.1,4.7,9.4,2.5,0.5,4.5,3.9,20.7,106.0,107.0,2013,Jeremy Lin-2013,0.0,Not Selected,Guard,HOU,0.03661513425549227
2012-13,Shaun Livingston,livinsh01,PG,27,TOT,66,16,1455,5.9,12.4,0.48,0.0,0.1,0.0,5.9,12.2,0.485,3.0,3.5,0.867,1.1,4.5,5.6,7.7,1.7,1.1,2.7,4.5,14.9,109.0,109.0,2013,Shaun Livingston-2013,0.0,Not Selected,Guard,TOT,0.03333333333333333
2012-13,Brook Lopez,lopezbr01,C,24,BRK,74,74,2253,13.7,26.3,0.521,0.0,0.0,0.0,13.7,26.2,0.522,7.1,9.4,0.758,5.0,7.3,12.3,1.7,0.8,3.7,3.1,3.6,34.5,114.0,105.0,2013,Brook Lopez-2013,0.0,Not Selected,Center,BRK,0.03986981285598047
2012-13,Robin Lopez,lopezro01,C,24,NOH,82,82,2136,9.7,18.3,0.534,0.0,0.0,0.0,9.7,18.3,0.534,4.1,5.3,0.778,5.7,6.0,11.7,1.6,0.8,3.2,2.8,4.2,23.6,114.0,110.0,2013,Robin Lopez-2013,0.0,Not Selected,Center,NOP,0.021969080553295363
2012-13,Kevin Love,loveke01,PF,24,MIN,18,18,618,8.8,24.9,0.35200000000000004,1.7,7.7,0.217,7.1,17.2,0.413,8.4,11.9,0.7040000000000001,5.4,15.7,21.1,3.5,1.1,0.8,3.3,2.8,27.6,99.0,102.0,2013,Kevin Love-2013,0.0,Not Selected,Forward,MIN,0.025223759153783564
2012-13,Kyle Lowry,lowryky01,PG,26,TOR,68,52,2020,6.6,16.4,0.401,2.7,7.3,0.36200000000000004,3.9,9.0,0.433,5.0,6.3,0.795,1.5,7.0,8.4,11.4,2.5,0.6,4.1,5.7,20.8,110.0,106.0,2013,Kyle Lowry-2013,0.0,Not Selected,Guard,TOR,0.027664768104149716
2012-13,John Lucas III,lucasjo02,PG,30,TOR,63,0,827,8.3,21.4,0.386,3.7,9.7,0.377,4.6,11.8,0.39299999999999996,1.2,1.6,0.72,0.5,3.7,4.2,6.7,1.5,0.1,1.7,3.2,21.4,104.0,111.0,2013,John Lucas III-2013,0.0,Not Selected,Guard,TOR,0.027664768104149716
2012-13,Scott Machado,machasc01,PG,22,HOU,6,0,21,7.1,14.3,0.5,0.0,2.4,0.0,7.1,11.9,0.6,4.8,4.8,1.0,0.0,2.4,2.4,14.3,4.8,0.0,19.0,0.0,19.0,69.0,104.0,2013,Scott Machado-2013,0.0,Not Selected,Guard,HOU,0.03661513425549227
2012-13,Shelvin Mack,macksh01,PG-SG,22,TOT,31,3,416,7.2,15.7,0.46,2.2,6.1,0.36700000000000005,5.0,9.6,0.519,1.1,2.0,0.563,0.4,4.6,5.0,8.5,1.9,0.0,4.2,4.9,17.8,99.0,106.0,2013,Shelvin Mack-2013,0.0,Not Selected,Guard,TOT,0.03333333333333333
2012-13,Corey Maggette,maggeco01,SF,33,DET,18,0,257,5.6,15.6,0.355,1.0,4.3,0.23800000000000002,4.5,11.3,0.4,7.4,9.9,0.75,1.0,4.1,5.1,3.9,1.2,0.4,3.5,8.6,19.5,97.0,111.0,2013,Corey Maggette-2013,0.0,Not Selected,Forward,DET,0.023596419853539462
2012-13,Ian Mahinmi,mahinia01,C,26,IND,80,2,1322,6.0,13.2,0.45299999999999996,0.0,0.1,0.0,6.0,13.2,0.456,4.2,6.9,0.608,4.6,7.9,12.5,1.1,1.6,2.7,3.7,8.1,16.2,95.0,98.0,2013,Ian Mahinmi-2013,0.0,Not Selected,Center,IND,0.03986981285598047
2012-13,Shawn Marion,mariosh01,PF,34,DAL,67,67,2010,9.0,17.5,0.514,0.6,1.9,0.315,8.4,15.7,0.5379999999999999,2.0,2.6,0.782,3.7,9.6,13.3,4.1,1.9,1.2,2.6,2.8,20.6,109.0,104.0,2013,Shawn Marion-2013,0.0,Not Selected,Forward,DAL,0.03336045565500407
2012-13,Kendall Marshall,marshke01,PG,21,PHO,48,3,702,4.1,11.0,0.371,1.7,5.3,0.315,2.4,5.7,0.423,0.6,1.0,0.5710000000000001,0.3,2.8,3.1,10.5,1.6,0.3,4.2,3.5,10.5,91.0,112.0,2013,Kendall Marshall-2013,0.0,Not Selected,Guard,PHO,0.02034174125305126
2012-13,Cartier Martin,martica01,SF,28,WAS,41,3,694,7.2,18.9,0.381,4.4,11.0,0.397,2.9,8.0,0.358,1.5,2.1,0.7140000000000001,0.8,6.7,7.5,1.5,1.4,0.5,2.4,4.4,20.3,95.0,104.0,2013,Cartier Martin-2013,0.0,Not Selected,Forward,WAS,0.023596419853539462
2012-13,Kenyon Martin,martike01,C,35,NYK,18,11,431,6.9,11.5,0.602,0.0,0.0,0.0,6.9,11.5,0.602,2.1,5.0,0.425,4.2,7.6,11.8,1.0,2.0,2.1,2.0,7.9,16.0,114.0,104.0,2013,Kenyon Martin-2013,0.0,Not Selected,Center,NYK,0.043938161106590726
2012-13,Kevin Martin,martike02,SG,29,OKC,77,0,2136,8.4,18.7,0.45,3.8,8.9,0.426,4.6,9.8,0.47200000000000003,5.3,5.9,0.89,0.7,3.5,4.3,2.6,1.7,0.2,2.4,3.3,25.9,117.0,107.0,2013,Kevin Martin-2013,0.0,Not Selected,Guard,OKC,0.04882017900732303
2012-13,Roger Mason,masonro01,SG,32,NOH,69,13,1219,5.9,13.6,0.433,2.9,7.1,0.415,2.9,6.5,0.452,1.7,1.9,0.907,0.5,5.4,5.9,3.3,1.2,0.5,2.3,4.6,16.4,109.0,112.0,2013,Roger Mason-2013,0.0,Not Selected,Guard,NOP,0.021969080553295363
2012-13,Wesley Matthews,matthwe02,SG,26,POR,69,69,2403,7.7,17.7,0.436,3.7,9.3,0.39799999999999996,4.0,8.4,0.478,3.3,4.1,0.797,0.8,3.4,4.2,3.8,2.0,0.4,2.4,3.8,22.3,111.0,111.0,2013,Wesley Matthews-2013,0.0,Not Selected,Guard,POR,0.026851098454027666
2012-13,Jason Maxiell,maxieja01,PF,29,DET,72,71,1789,6.0,13.5,0.446,0.0,0.0,0.0,6.0,13.5,0.446,2.7,4.3,0.621,4.0,8.1,12.1,1.6,0.9,2.8,2.4,5.1,14.7,98.0,107.0,2013,Jason Maxiell-2013,0.0,Not Selected,Forward,DET,0.023596419853539462
2012-13,Eric Maynor,maynoer01,PG-SG,25,TOT,64,0,963,5.7,15.2,0.377,1.8,5.2,0.354,3.9,10.0,0.389,2.4,3.4,0.726,0.5,2.0,2.5,9.8,1.2,0.1,4.3,3.0,15.7,96.0,112.0,2013,Eric Maynor-2013,0.0,Not Selected,Guard,TOT,0.03333333333333333
2012-13,O.J. Mayo,mayooj01,SG,25,DAL,82,82,2913,8.1,18.0,0.449,2.5,6.1,0.40700000000000003,5.6,11.9,0.47100000000000003,3.3,4.1,0.82,0.6,4.5,5.1,6.3,1.6,0.4,3.7,3.4,22.0,104.0,109.0,2013,O.J. Mayo-2013,0.0,Not Selected,Guard,DAL,0.03336045565500407
2012-13,Luc Mbah a Moute,mbahalu01,SF,26,MIL,58,45,1326,5.8,14.4,0.401,0.5,1.4,0.35100000000000003,5.3,13.0,0.406,2.8,4.8,0.5710000000000001,3.4,6.4,9.8,2.1,1.6,0.5,2.7,3.1,14.8,92.0,107.0,2013,Luc Mbah a Moute-2013,0.0,Not Selected,Forward,MIL,0.030919446704637917
2012-13,JaVale McGee,mcgeeja01,C,25,DEN,79,0,1433,10.7,18.6,0.575,0.0,0.0,1.0,10.6,18.5,0.574,3.9,6.6,0.591,5.6,7.9,13.4,0.8,1.1,5.5,3.2,6.5,25.3,112.0,102.0,2013,JaVale McGee-2013,0.0,Not Selected,Center,DEN,0.046379170056956874
2012-13,Dominic McGuire,mcguido01,SF,27,TOT,26,10,387,3.3,7.7,0.429,0.0,0.0,0.0,3.3,7.7,0.429,0.4,1.4,0.3,2.6,8.2,10.8,2.8,1.8,1.5,1.7,5.4,7.1,93.0,106.0,2013,Dominic McGuire-2013,0.0,Not Selected,Forward,TOT,0.03333333333333333
2012-13,Josh McRoberts,mcrobjo01,PF,25,TOT,67,22,1487,5.5,12.1,0.455,0.8,3.0,0.28600000000000003,4.6,9.1,0.51,2.3,3.0,0.765,3.3,8.2,11.4,5.0,1.1,0.9,2.3,4.6,14.1,109.0,110.0,2013,Josh McRoberts-2013,0.0,Not Selected,Forward,TOT,0.03333333333333333
2012-13,Jodie Meeks,meeksjo01,SG,25,LAL,78,10,1663,6.3,16.2,0.387,3.7,10.5,0.35700000000000004,2.5,5.7,0.441,2.6,2.9,0.8959999999999999,1.1,4.1,5.2,2.1,1.8,0.2,1.6,3.1,18.9,109.0,109.0,2013,Jodie Meeks-2013,0.0,Not Selected,Guard,LAL,0.03661513425549227
2012-13,Fab Melo,melofa01,C,22,BOS,6,0,36,4.4,8.7,0.5,0.0,0.0,0.0,4.4,8.7,0.5,1.5,5.8,0.25,0.0,4.4,4.4,0.0,2.9,2.9,1.5,10.2,10.2,77.0,100.0,2013,Fab Melo-2013,0.0,Not Selected,Center,BOS,0.03336045565500407
2012-13,Khris Middleton,middlkh01,SG,21,DET,27,0,475,6.9,15.7,0.44,1.6,5.0,0.311,5.3,10.7,0.5,3.0,3.6,0.8440000000000001,0.4,5.1,5.6,3.1,1.7,0.4,1.2,5.9,18.4,111.0,110.0,2013,Khris Middleton-2013,0.0,Not Selected,Guard,DET,0.023596419853539462
2012-13,C.J. Miles,milescj01,SF,25,CLE,65,13,1364,9.7,23.4,0.415,4.8,12.5,0.384,4.9,10.9,0.451,3.5,4.1,0.8690000000000001,0.9,5.7,6.6,2.4,1.9,0.6,2.6,5.3,27.8,107.0,110.0,2013,C.J. Miles-2013,0.0,Not Selected,Forward,CLE,0.01952807160292921
2012-13,Darko Miličić,milicda01,C,27,BOS,1,0,5,0.0,10.5,0.0,0.0,0.0,0.0,0.0,10.5,0.0,0.0,0.0,0.0,0.0,10.5,10.5,0.0,0.0,0.0,20.9,10.5,0.0,0.0,105.0,2013,Darko Miličić-2013,0.0,Not Selected,Center,BOS,0.03336045565500407
2012-13,Andre Miller,millean02,PG,36,DEN,82,11,2151,7.1,14.8,0.479,0.4,1.5,0.266,6.7,13.3,0.504,3.8,4.6,0.84,1.4,4.2,5.6,11.4,1.7,0.3,4.0,3.7,18.4,112.0,109.0,2013,Andre Miller-2013,0.0,Not Selected,Guard,DEN,0.046379170056956874
2012-13,Darius Miller,milleda01,SF,22,NOH,52,2,694,3.4,8.4,0.40700000000000003,1.7,4.4,0.39299999999999996,1.7,4.1,0.423,0.6,0.6,1.0,0.6,5.5,6.1,3.4,1.3,0.9,1.8,7.0,9.2,103.0,111.0,2013,Darius Miller-2013,0.0,Not Selected,Forward,NOP,0.021969080553295363
2012-13,Mike Miller,millemi01,SF,32,MIA,59,17,900,5.9,13.6,0.433,4.3,10.3,0.41700000000000004,1.6,3.3,0.48200000000000004,0.5,0.6,0.727,1.1,8.2,9.2,5.8,1.2,0.2,2.1,3.7,16.5,117.0,105.0,2013,Mike Miller-2013,0.0,Not Selected,Forward,MIA,0.05370219690805533
2012-13,Quincy Miller,millequ01,PF,20,DEN,7,0,26,7.8,23.3,0.33299999999999996,0.0,1.9,0.0,7.8,21.4,0.364,1.9,3.9,0.5,1.9,1.9,3.9,5.8,1.9,0.0,1.9,5.8,17.5,86.0,110.0,2013,Quincy Miller-2013,0.0,Not Selected,Forward,DEN,0.046379170056956874
2012-13,Patty Mills,millspa02,PG,24,SAS,58,2,656,8.8,18.7,0.469,4.0,10.1,0.4,4.7,8.6,0.55,1.2,1.5,0.8420000000000001,0.7,3.2,3.9,4.8,2.0,0.3,3.0,4.3,22.8,106.0,105.0,2013,Patty Mills-2013,0.0,Not Selected,Guard,SAS,0.047192839707078924
2012-13,Paul Millsap,millspa01,PF,27,UTA,78,78,2375,9.5,19.4,0.49,0.3,0.9,0.33299999999999996,9.2,18.6,0.498,5.9,7.9,0.742,3.9,8.4,12.3,4.5,2.3,1.8,3.1,5.2,25.2,112.0,104.0,2013,Paul Millsap-2013,0.0,Not Selected,Forward,UTA,0.03498779495524817
2012-13,Nazr Mohammed,mohamna01,C,35,CHI,63,12,693,5.1,14.0,0.36700000000000005,0.0,0.2,0.0,5.1,13.8,0.371,2.6,3.6,0.723,5.7,9.5,15.1,2.0,1.6,2.5,1.9,7.5,12.9,97.0,100.0,2013,Nazr Mohammed-2013,0.0,Not Selected,Center,CHI,0.03661513425549227
2012-13,Greg Monroe,monrogr01,C,22,DET,81,81,2687,10.1,20.8,0.486,0.0,0.1,0.0,10.1,20.7,0.488,5.3,7.7,0.6890000000000001,4.6,10.6,15.3,5.5,2.1,1.1,4.6,3.7,25.5,104.0,105.0,2013,Greg Monroe-2013,0.0,Not Selected,Center,DET,0.023596419853539462
2012-13,E'Twaun Moore,mooreet01,SG,23,ORL,75,21,1682,7.3,18.5,0.396,2.1,6.1,0.34,5.3,12.4,0.424,1.5,1.8,0.797,1.5,3.7,5.2,6.4,1.6,0.7,3.3,3.8,18.2,95.0,111.0,2013,E'Twaun Moore-2013,0.0,Not Selected,Guard,ORL,0.01627339300244101
2012-13,Darius Morris,morrida01,PG,22,LAL,48,17,683,5.4,14.0,0.38799999999999996,1.8,4.9,0.364,3.6,9.1,0.402,1.8,2.8,0.649,1.8,2.5,4.2,5.7,1.6,0.1,3.3,4.3,14.4,96.0,110.0,2013,Darius Morris-2013,0.0,Not Selected,Guard,LAL,0.03661513425549227
2012-13,Marcus Morris,morrima03,PF-SF,23,TOT,77,23,1524,7.3,17.4,0.42200000000000004,2.8,7.7,0.369,4.5,9.7,0.46399999999999997,2.2,3.9,0.564,2.6,6.5,9.1,2.0,1.5,0.7,2.5,5.3,19.7,101.0,108.0,2013,Marcus Morris-2013,0.0,Not Selected,Forward,TOT,0.03333333333333333
2012-13,Markieff Morris,morrima02,PF,23,PHO,82,32,1837,7.4,18.3,0.40700000000000003,1.3,3.7,0.336,6.2,14.5,0.426,2.6,3.6,0.732,3.7,7.4,11.1,3.0,2.2,1.8,2.9,5.8,18.7,96.0,106.0,2013,Markieff Morris-2013,0.0,Not Selected,Forward,PHO,0.02034174125305126
2012-13,Anthony Morrow,morroan01,SG,27,TOT,41,1,383,8.6,19.6,0.441,2.2,5.8,0.37200000000000005,6.5,13.8,0.47100000000000003,2.7,3.0,0.909,1.5,2.6,4.0,1.8,1.8,0.1,1.1,5.8,22.1,107.0,109.0,2013,Anthony Morrow-2013,0.0,Not Selected,Guard,TOT,0.03333333333333333
2012-13,Donatas Motiejūnas,motiedo01,PF,22,HOU,44,14,538,9.0,19.8,0.455,2.2,7.7,0.289,6.8,12.1,0.562,3.0,4.7,0.627,3.3,5.3,8.6,2.9,0.6,0.9,3.4,6.8,23.2,102.0,109.0,2013,Donatas Motiejūnas-2013,0.0,Not Selected,Forward,HOU,0.03661513425549227
2012-13,Arnett Moultrie,moultar01,PF,22,PHI,47,0,542,7.6,13.0,0.5820000000000001,0.0,0.0,0.0,7.6,13.0,0.5820000000000001,1.8,2.7,0.643,7.4,6.7,14.1,1.0,1.7,1.0,1.8,4.2,16.9,120.0,106.0,2013,Arnett Moultrie-2013,0.0,Not Selected,Forward,PHI,0.027664768104149716
2012-13,Timofey Mozgov,mozgoti01,C,26,DEN,41,1,366,6.1,12.0,0.506,0.0,0.3,0.0,6.1,11.7,0.518,2.8,3.6,0.769,6.9,7.9,14.8,1.2,0.8,2.5,3.4,7.9,14.9,107.0,105.0,2013,Timofey Mozgov-2013,0.0,Not Selected,Center,DEN,0.046379170056956874
2012-13,Byron Mullens,mulleby01,PF,23,CHA,53,41,1428,8.0,20.7,0.385,2.4,7.6,0.317,5.5,13.0,0.425,2.4,3.6,0.6459999999999999,2.6,9.8,12.4,3.0,1.2,1.2,2.7,4.0,20.7,94.0,110.0,2013,Byron Mullens-2013,0.0,Not Selected,Forward,CHO,0.01708706265256306
2012-13,Kevin Murphy,murphke01,SG,22,UTA,17,0,52,7.1,28.4,0.25,1.0,5.1,0.2,6.1,23.3,0.261,0.0,0.0,0.0,0.0,4.1,4.1,2.0,1.0,0.0,3.0,4.1,15.2,57.0,112.0,2013,Kevin Murphy-2013,0.0,Not Selected,Guard,UTA,0.03498779495524817
2012-13,Troy Murphy,murphtr01,PF,32,DAL,14,1,256,4.4,12.2,0.361,2.2,7.0,0.314,2.2,5.2,0.423,2.0,2.2,0.909,1.4,8.4,9.8,1.4,2.0,1.2,1.4,5.8,13.0,99.0,105.0,2013,Troy Murphy-2013,0.0,Not Selected,Forward,DAL,0.03336045565500407
2012-13,Steve Nash,nashst01,PG,38,LAL,50,50,1627,7.4,14.8,0.49700000000000005,1.8,4.1,0.43799999999999994,5.6,10.8,0.519,3.3,3.6,0.922,0.8,3.6,4.4,10.4,0.9,0.2,3.9,2.2,19.9,117.0,111.0,2013,Steve Nash-2013,0.0,Not Selected,Guard,LAL,0.03661513425549227
2012-13,Gary Neal,nealga01,SG,28,SAS,68,17,1484,8.4,20.5,0.41200000000000003,3.1,8.6,0.355,5.4,11.9,0.45399999999999996,2.2,2.5,0.865,0.4,4.5,4.9,4.4,1.0,0.1,2.4,3.2,22.1,99.0,106.0,2013,Gary Neal-2013,0.0,Not Selected,Guard,SAS,0.047192839707078924
2012-13,Jameer Nelson,nelsoja01,PG,30,ORL,56,56,1977,8.1,20.5,0.392,3.2,9.4,0.341,4.9,11.2,0.435,2.3,2.7,0.873,0.6,4.9,5.5,10.9,1.9,0.2,4.1,4.2,21.7,101.0,110.0,2013,Jameer Nelson-2013,0.0,Not Selected,Guard,ORL,0.01627339300244101
2012-13,Andrew Nicholson,nichoan01,PF,23,ORL,75,28,1249,10.7,20.3,0.527,0.0,0.0,0.0,10.7,20.3,0.527,3.1,3.9,0.7979999999999999,2.9,7.9,10.8,1.8,1.0,1.3,3.3,5.5,24.5,103.0,109.0,2013,Andrew Nicholson-2013,0.0,Not Selected,Forward,ORL,0.01627339300244101
2012-13,Joakim Noah,noahjo01,C,27,CHI,66,64,2426,6.7,14.0,0.48100000000000004,0.0,0.1,0.0,6.7,13.8,0.485,3.9,5.2,0.7509999999999999,5.8,10.5,16.2,5.8,1.7,3.1,3.9,4.1,17.4,107.0,99.0,2013,Joakim Noah-2013,0.0,Not Selected,Center,CHI,0.03661513425549227
2012-13,Steve Novak,novakst01,SF,29,NYK,81,1,1641,5.8,14.0,0.414,4.9,11.4,0.425,0.9,2.6,0.36700000000000005,1.0,1.1,0.909,0.6,4.4,5.0,1.1,0.9,0.3,0.4,3.2,17.4,125.0,110.0,2013,Steve Novak-2013,0.0,Not Selected,Forward,NYK,0.043938161106590726
2012-13,Dirk Nowitzki,nowitdi01,PF,34,DAL,53,47,1661,10.5,22.4,0.47100000000000003,2.0,4.8,0.414,8.5,17.5,0.48700000000000004,5.1,5.9,0.86,1.1,10.0,11.2,4.1,1.2,1.1,2.2,2.9,28.2,111.0,106.0,2013,Dirk Nowitzki-2013,0.0,Not Selected,Forward,DAL,0.03336045565500407
2012-13,Jermaine O'Neal,onealje01,C,34,PHO,55,4,1029,8.9,18.5,0.48200000000000004,0.0,0.0,0.0,8.9,18.5,0.48200000000000004,4.8,5.7,0.835,4.1,10.5,14.6,2.1,0.9,3.9,3.6,6.3,22.7,103.0,104.0,2013,Jermaine O'Neal-2013,0.0,Not Selected,Center,PHO,0.02034174125305126
2012-13,Kyle O'Quinn,oquinky01,C,22,ORL,57,5,638,8.2,16.1,0.513,0.0,0.1,0.0,8.2,16.0,0.515,2.4,3.7,0.667,5.3,11.8,17.1,4.2,0.9,2.1,3.0,8.7,18.9,107.0,106.0,2013,Kyle O'Quinn-2013,0.0,Not Selected,Center,ORL,0.01627339300244101
2012-13,Lamar Odom,odomla01,PF,33,LAC,82,2,1616,4.8,11.9,0.39899999999999997,0.6,2.9,0.2,4.2,9.0,0.46399999999999997,0.7,1.4,0.47600000000000003,3.8,11.8,15.6,4.6,2.2,1.9,2.8,7.0,10.8,95.0,99.0,2013,Lamar Odom-2013,0.0,Not Selected,Forward,LAC,0.045565500406834825
2012-13,Tim Ohlbrecht,ohlbrti01,C,24,HOU,3,0,12,4.2,12.5,0.33299999999999996,0.0,0.0,0.0,4.2,12.5,0.33299999999999996,4.2,4.2,1.0,0.0,4.2,4.2,4.2,4.2,0.0,16.6,4.2,12.5,46.0,104.0,2013,Tim Ohlbrecht-2013,0.0,Not Selected,Center,HOU,0.03661513425549227
2012-13,Emeka Okafor,okafoem01,C,30,WAS,79,77,2052,8.3,17.4,0.47700000000000004,0.0,0.0,0.0,8.3,17.4,0.47700000000000004,2.8,4.8,0.5710000000000001,5.1,12.5,17.6,2.4,1.1,2.0,2.7,3.7,19.4,100.0,99.0,2013,Emeka Okafor-2013,0.0,Not Selected,Center,WAS,0.023596419853539462
2012-13,Daniel Orton,ortonda01,C,22,OKC,13,0,104,5.9,12.9,0.462,0.0,0.0,0.0,5.9,12.9,0.462,4.4,8.4,0.529,6.4,6.4,12.9,2.0,2.0,1.5,2.0,6.4,16.3,110.0,103.0,2013,Daniel Orton-2013,0.0,Not Selected,Center,OKC,0.04882017900732303
2012-13,Travis Outlaw,outlatr01,SF,28,SAC,38,2,444,8.5,20.4,0.418,1.6,5.8,0.28,6.9,14.7,0.47200000000000003,4.4,6.0,0.731,2.0,5.1,7.0,2.4,1.3,0.9,2.2,4.0,23.1,103.0,113.0,2013,Travis Outlaw-2013,0.0,Not Selected,Forward,SAC,0.022782750203417412
2012-13,Zaza Pachulia,pachuza01,C,28,ATL,52,15,1134,5.2,11.0,0.473,0.0,0.1,0.0,5.2,10.9,0.479,3.6,4.7,0.757,6.0,9.3,15.4,3.6,1.6,0.5,3.2,5.8,14.0,108.0,104.0,2013,Zaza Pachulia-2013,0.0,Not Selected,Center,ATL,0.03580146460537022
2012-13,Jannero Pargo,pargoja01,PG,33,TOT,32,0,507,8.0,21.8,0.368,4.0,12.0,0.336,4.0,9.9,0.406,1.2,1.3,0.9229999999999999,1.0,2.6,3.6,6.9,1.9,0.3,4.2,4.3,21.3,92.0,111.0,2013,Jannero Pargo-2013,0.0,Not Selected,Guard,TOT,0.03333333333333333
2012-13,Jeremy Pargo,pargoje01,PG-SG,26,TOT,39,11,655,7.9,19.9,0.396,2.0,5.9,0.33799999999999997,5.9,14.0,0.42,3.3,4.9,0.677,0.6,3.3,3.9,7.3,1.0,0.2,4.0,3.7,21.1,95.0,113.0,2013,Jeremy Pargo-2013,0.0,Not Selected,Guard,TOT,0.03333333333333333
2012-13,Tony Parker,parketo01,PG,30,SAS,66,66,2174,12.2,23.3,0.522,0.6,1.6,0.353,11.6,21.7,0.534,6.5,7.7,0.845,0.4,4.2,4.6,11.7,1.3,0.1,4.0,2.2,31.4,116.0,106.0,2013,Tony Parker-2013,2.0,2nd,Guard,SAS,0.047192839707078924
2012-13,Chandler Parsons,parsoch01,SF,24,HOU,76,76,2758,8.3,17.0,0.486,2.8,7.2,0.385,5.5,9.9,0.5589999999999999,2.0,2.8,0.7290000000000001,1.4,5.9,7.3,4.9,1.4,0.6,2.7,2.7,21.3,113.0,108.0,2013,Chandler Parsons-2013,0.0,Not Selected,Forward,HOU,0.03661513425549227
2012-13,Patrick Patterson,pattepa01,PF,23,TOT,71,41,1775,9.0,17.7,0.512,1.4,3.7,0.386,7.6,13.9,0.546,1.4,1.8,0.762,3.2,6.4,9.6,2.3,0.9,1.1,1.7,3.9,20.9,114.0,110.0,2013,Patrick Patterson-2013,0.0,Not Selected,Forward,TOT,0.03333333333333333
2012-13,Chris Paul,paulch01,PG,27,LAC,70,70,2335,9.3,19.3,0.48100000000000004,1.7,5.2,0.32799999999999996,7.6,14.1,0.5379999999999999,6.5,7.3,0.885,1.2,4.7,5.9,15.3,3.8,0.2,3.6,3.2,26.7,127.0,102.0,2013,Chris Paul-2013,1.0,1st,Guard,LAC,0.045565500406834825
2012-13,Sasha Pavlović,pavloal01,SG,29,POR,39,1,528,4.2,11.8,0.353,1.8,6.0,0.3,2.4,5.9,0.40700000000000003,0.1,0.6,0.16699999999999998,0.7,4.9,5.6,3.2,2.4,0.5,1.4,5.9,10.2,90.0,109.0,2013,Sasha Pavlović-2013,0.0,Not Selected,Guard,POR,0.026851098454027666
2012-13,Nikola Peković,pekovni01,C,27,MIN,62,62,1959,10.2,19.6,0.52,0.0,0.0,0.0,10.2,19.6,0.52,6.4,8.6,0.7440000000000001,6.1,8.3,14.4,1.4,1.1,1.3,2.7,3.8,26.7,115.0,106.0,2013,Nikola Peković-2013,0.0,Not Selected,Center,MIN,0.025223759153783564
2012-13,Kendrick Perkins,perkike01,C,28,OKC,78,78,1954,3.8,8.2,0.457,0.0,0.0,0.0,3.8,8.2,0.45799999999999996,1.2,1.9,0.611,2.9,9.4,12.3,2.9,1.1,2.2,2.9,6.0,8.7,94.0,102.0,2013,Kendrick Perkins-2013,0.0,Not Selected,Center,OKC,0.04882017900732303
2012-13,Johan Petro,petrojo01,C,27,ATL,31,8,352,7.1,16.2,0.436,0.1,0.6,0.25,6.9,15.6,0.44299999999999995,1.6,1.8,0.917,4.9,11.6,16.5,2.4,1.5,1.3,3.5,7.1,15.9,92.0,101.0,2013,Johan Petro-2013,0.0,Not Selected,Center,ATL,0.03580146460537022
2012-13,Paul Pierce,piercpa01,SF,35,BOS,77,77,2575,9.7,22.2,0.436,2.9,7.8,0.38,6.7,14.4,0.466,6.8,8.6,0.787,0.9,9.0,9.9,7.5,1.7,0.6,4.3,4.3,29.1,106.0,102.0,2013,Paul Pierce-2013,0.0,Not Selected,Forward,BOS,0.03336045565500407
2012-13,Mickaël Piétrus,pietrmi01,SF,30,TOR,19,16,386,4.7,13.5,0.34700000000000003,2.8,8.8,0.313,1.9,4.7,0.41200000000000003,1.7,2.5,0.667,0.7,4.3,5.0,1.2,1.7,0.8,2.2,4.5,13.8,89.0,109.0,2013,Mickaël Piétrus-2013,0.0,Not Selected,Forward,TOR,0.027664768104149716
2012-13,Dexter Pittman,pittmde01,C,24,TOT,11,0,32,6.7,18.5,0.364,0.0,0.0,0.0,6.7,18.5,0.364,0.0,5.0,0.0,11.8,8.4,20.2,0.0,0.0,0.0,5.0,13.4,13.4,75.0,105.0,2013,Dexter Pittman-2013,0.0,Not Selected,Center,TOT,0.03333333333333333
2012-13,Miles Plumlee,plumlmi01,C,24,IND,14,0,55,4.8,20.3,0.23800000000000002,0.0,0.0,0.0,4.8,20.3,0.23800000000000002,2.9,3.9,0.75,11.6,9.7,21.3,1.9,0.0,2.9,2.9,4.8,12.6,82.0,100.0,2013,Miles Plumlee-2013,0.0,Not Selected,Center,IND,0.03986981285598047
2012-13,Quincy Pondexter,pondequ01,SF,24,MEM,59,1,1243,5.6,13.1,0.428,2.6,6.6,0.395,3.0,6.4,0.46299999999999997,2.6,3.3,0.787,1.9,3.9,5.8,2.7,1.5,0.3,1.8,4.1,16.4,114.0,104.0,2013,Quincy Pondexter-2013,0.0,Not Selected,Forward,MEM,0.045565500406834825
2012-13,A.J. Price,priceaj01,PG,26,WAS,57,22,1278,6.6,16.8,0.39,2.9,8.1,0.35,3.7,8.7,0.42700000000000005,2.0,2.5,0.79,0.8,3.8,4.6,8.4,1.3,0.1,2.6,3.0,18.0,105.0,107.0,2013,A.J. Price-2013,0.0,Not Selected,Guard,WAS,0.023596419853539462
2012-13,Ronnie Price,pricero01,PG,29,POR,39,0,510,4.0,12.4,0.325,1.0,4.0,0.256,3.0,8.3,0.358,1.8,2.5,0.708,1.3,3.2,4.5,7.5,2.7,0.3,3.5,6.3,10.8,88.0,109.0,2013,Ronnie Price-2013,0.0,Not Selected,Guard,POR,0.026851098454027666
2012-13,Pablo Prigioni,prigipa01,PG,35,NYK,78,18,1263,4.2,9.3,0.455,2.2,5.7,0.396,2.0,3.6,0.547,0.9,1.1,0.88,1.7,4.3,6.1,10.0,2.9,0.1,3.6,5.4,11.6,116.0,106.0,2013,Pablo Prigioni-2013,0.0,Not Selected,Guard,NYK,0.043938161106590726
2012-13,Tayshaun Prince,princta01,SF,32,TOT,82,81,2631,7.3,16.7,0.43799999999999994,0.8,1.9,0.40399999999999997,6.5,14.8,0.442,2.0,2.6,0.738,1.5,5.9,7.4,4.0,1.0,0.5,1.8,1.7,17.3,103.0,108.0,2013,Tayshaun Prince-2013,0.0,Not Selected,Forward,TOT,0.03333333333333333
2012-13,Joel Przybilla,przybjo01,C,33,MIL,12,1,68,0.7,3.0,0.25,0.0,0.0,0.0,0.7,3.0,0.25,0.0,1.5,0.0,3.7,11.9,15.7,3.0,0.7,1.5,3.0,7.5,1.5,66.0,103.0,2013,Joel Przybilla-2013,0.0,Not Selected,Center,MIL,0.030919446704637917
2012-13,Chris Quinn,quinnch01,SG,29,CLE,7,0,78,2.7,10.7,0.25,0.0,3.3,0.0,2.7,7.3,0.364,1.3,1.3,1.0,0.7,0.7,1.3,6.0,2.0,0.0,4.0,2.7,6.7,66.0,113.0,2013,Chris Quinn-2013,0.0,Not Selected,Guard,CLE,0.01952807160292921
2012-13,Vladimir Radmanović,radmavl01,PF,32,CHI,25,0,144,4.8,16.0,0.302,1.9,10.1,0.185,3.0,6.0,0.5,0.7,1.1,0.667,3.7,6.7,10.4,3.0,3.0,1.5,2.6,10.8,12.3,84.0,100.0,2013,Vladimir Radmanović-2013,0.0,Not Selected,Forward,CHI,0.03661513425549227
2012-13,Anthony Randolph,randoan01,PF,23,DEN,39,0,329,8.6,17.5,0.491,0.0,1.2,0.0,8.6,16.3,0.528,4.8,6.9,0.6890000000000001,4.5,10.1,14.6,1.8,2.9,3.2,5.7,6.3,21.9,94.0,99.0,2013,Anthony Randolph-2013,0.0,Not Selected,Forward,DEN,0.046379170056956874
2012-13,Shavlik Randolph,randosh01,PF,29,BOS,16,0,198,7.4,12.7,0.583,0.0,0.0,0.0,7.4,12.7,0.583,2.9,7.1,0.40700000000000003,7.4,11.1,18.5,1.1,2.1,1.8,2.6,10.0,17.7,110.0,98.0,2013,Shavlik Randolph-2013,0.0,Not Selected,Forward,BOS,0.03336045565500407
2012-13,Zach Randolph,randoza01,PF,31,MEM,76,75,2607,9.8,21.3,0.46,0.0,0.5,0.087,9.8,20.8,0.469,4.7,6.2,0.75,6.5,11.3,17.8,2.2,1.3,0.6,3.1,3.7,24.3,106.0,99.0,2013,Zach Randolph-2013,0.0,Not Selected,Forward,MEM,0.045565500406834825
2012-13,J.J. Redick,redicjj01,SG,28,TOT,78,13,2379,8.3,19.1,0.434,3.6,9.8,0.366,4.7,9.3,0.506,3.7,4.1,0.9,0.4,3.3,3.7,6.4,0.8,0.2,3.0,2.5,23.9,111.0,113.0,2013,J.J. Redick-2013,0.0,Not Selected,Guard,TOT,0.03333333333333333
2012-13,Jason Richardson,richaja01,SG,32,PHI,33,33,936,7.6,18.9,0.402,3.2,9.4,0.341,4.4,9.5,0.462,1.1,1.9,0.606,1.1,6.1,7.2,2.9,2.3,0.8,1.5,3.2,19.6,100.0,105.0,2013,Jason Richardson-2013,0.0,Not Selected,Guard,PHI,0.027664768104149716
2012-13,Quentin Richardson,richaqu01,SF,32,NYK,1,0,29,1.8,20.3,0.091,1.8,7.4,0.25,0.0,12.9,0.0,3.7,3.7,1.0,9.2,9.2,18.4,1.8,0.0,0.0,3.7,1.8,9.2,67.0,110.0,2013,Quentin Richardson-2013,0.0,Not Selected,Forward,NYK,0.043938161106590726
2012-13,Luke Ridnour,ridnolu01,SG,31,MIN,82,82,2474,7.7,16.9,0.45299999999999996,1.4,4.4,0.311,6.3,12.5,0.503,2.9,3.4,0.848,0.9,3.4,4.3,6.5,1.7,0.3,2.7,3.9,19.6,107.0,108.0,2013,Luke Ridnour-2013,0.0,Not Selected,Guard,MIN,0.025223759153783564
2012-13,Austin Rivers,riverau01,SG,20,NOH,61,26,1418,5.5,14.9,0.37200000000000005,1.1,3.3,0.326,4.5,11.6,0.385,2.3,4.1,0.546,0.6,3.6,4.2,4.9,1.0,0.3,2.8,4.7,14.4,89.0,114.0,2013,Austin Rivers-2013,0.0,Not Selected,Guard,NOP,0.021969080553295363
2012-13,Brian Roberts,roberbr01,PG,27,NOH,78,5,1324,8.7,20.9,0.41700000000000004,2.4,6.3,0.386,6.3,14.7,0.43,2.9,3.2,0.909,0.7,3.3,4.0,9.0,1.5,0.1,2.9,4.4,22.7,109.0,113.0,2013,Brian Roberts-2013,0.0,Not Selected,Guard,NOP,0.021969080553295363
2012-13,Nate Robinson,robinna01,PG,28,CHI,82,23,2086,10.3,23.7,0.433,3.6,9.0,0.405,6.6,14.8,0.45,3.5,4.4,0.799,0.7,4.0,4.7,9.2,2.2,0.3,3.7,5.3,27.7,108.0,105.0,2013,Nate Robinson-2013,0.0,Not Selected,Guard,CHI,0.03661513425549227
2012-13,Thomas Robinson,robinth01,PF,21,TOT,70,0,1056,6.7,15.5,0.43,0.0,0.0,0.0,6.7,15.4,0.431,2.7,5.3,0.523,5.9,9.3,15.2,2.2,2.0,1.3,4.2,6.0,16.1,90.0,107.0,2013,Thomas Robinson-2013,0.0,Not Selected,Forward,TOT,0.03333333333333333
2012-13,Rajon Rondo,rondora01,PG,26,BOS,38,38,1423,8.3,17.1,0.484,0.4,1.8,0.24,7.8,15.3,0.513,2.2,3.4,0.645,1.6,6.2,7.8,15.4,2.6,0.3,5.4,3.5,19.2,103.0,103.0,2013,Rajon Rondo-2013,0.0,Not Selected,Guard,BOS,0.03336045565500407
2012-13,Terrence Ross,rosste01,SG,21,TOR,73,2,1239,8.0,19.6,0.40700000000000003,2.8,8.4,0.332,5.2,11.2,0.46399999999999997,1.3,1.8,0.7140000000000001,1.5,4.7,6.2,2.3,1.8,0.6,2.1,5.2,20.0,98.0,109.0,2013,Terrence Ross-2013,0.0,Not Selected,Guard,TOR,0.027664768104149716
2012-13,Brandon Roy,roybr01,SG,28,MIN,5,5,122,4.7,14.8,0.314,0.0,3.8,0.0,4.7,11.0,0.423,3.0,4.2,0.7,1.3,4.7,5.9,9.7,1.3,0.0,3.0,2.1,12.3,88.0,109.0,2013,Brandon Roy-2013,0.0,Not Selected,Guard,MIN,0.025223759153783564
2012-13,Ricky Rubio,rubiori01,PG,22,MIN,57,47,1691,5.7,15.7,0.36,0.8,2.8,0.293,4.8,12.9,0.374,6.5,8.1,0.799,1.3,5.7,7.0,12.8,4.2,0.2,5.3,4.4,18.6,99.0,102.0,2013,Ricky Rubio-2013,0.0,Not Selected,Guard,MIN,0.025223759153783564
2012-13,Brandon Rush,rushbr01,SF,27,GSW,2,0,25,12.2,18.3,0.667,0.0,4.1,0.0,12.2,14.2,0.857,4.1,6.1,0.667,0.0,2.0,2.0,4.1,0.0,0.0,6.1,10.2,28.5,104.0,113.0,2013,Brandon Rush-2013,0.0,Not Selected,Forward,GSW,0.03824247355573637
2012-13,Robert Sacre,sacrero01,C,23,LAL,32,3,203,4.5,12.0,0.375,0.0,0.0,0.0,4.5,12.0,0.375,1.8,2.8,0.636,2.3,6.3,8.5,1.5,0.0,2.5,2.5,9.5,10.8,83.0,108.0,2013,Robert Sacre-2013,0.0,Not Selected,Center,LAL,0.03661513425549227
2012-13,John Salmons,salmojo01,SF,33,SAC,76,72,2278,5.5,13.8,0.39899999999999997,2.2,6.0,0.371,3.3,7.8,0.42,1.9,2.5,0.773,0.7,3.9,4.7,5.1,1.1,0.6,1.9,3.2,15.1,106.0,115.0,2013,John Salmons-2013,0.0,Not Selected,Forward,SAC,0.022782750203417412
2012-13,Samardo Samuels,samuesa01,C,24,CLE,18,1,196,5.8,15.9,0.36700000000000005,0.0,0.3,0.0,5.8,15.7,0.373,3.7,6.4,0.583,2.7,4.8,7.4,2.1,0.8,0.8,1.6,8.0,15.4,92.0,112.0,2013,Samardo Samuels-2013,0.0,Not Selected,Center,CLE,0.01952807160292921
2012-13,Larry Sanders,sandela01,C,24,MIL,71,55,1937,8.0,15.8,0.506,0.0,0.1,0.0,8.0,15.8,0.507,2.2,3.6,0.618,5.9,11.7,17.6,2.2,1.4,5.3,2.3,6.1,18.2,109.0,99.0,2013,Larry Sanders-2013,0.0,Not Selected,Center,MIL,0.030919446704637917
2012-13,Luis Scola,scolalu01,PF,32,PHO,82,67,2184,10.2,21.5,0.47200000000000003,0.1,0.4,0.188,10.1,21.1,0.47700000000000004,4.3,5.4,0.787,3.7,9.0,12.7,4.3,1.6,0.8,3.0,6.0,24.6,105.0,107.0,2013,Luis Scola-2013,0.0,Not Selected,Forward,PHO,0.02034174125305126
2012-13,Mike Scott,scottmi01,PF,24,ATL,40,1,376,9.6,20.3,0.47600000000000003,0.0,0.1,0.0,9.6,20.1,0.479,5.9,7.7,0.768,5.4,9.8,15.2,1.7,0.6,0.3,2.9,4.4,25.2,106.0,106.0,2013,Mike Scott-2013,0.0,Not Selected,Forward,ATL,0.03580146460537022
2012-13,Thabo Sefolosha,sefolth01,SG,28,OKC,81,81,2229,5.2,10.8,0.48100000000000004,2.5,6.0,0.419,2.7,4.8,0.5579999999999999,1.3,1.6,0.826,1.3,6.0,7.3,2.9,2.4,1.0,1.5,4.1,14.1,121.0,103.0,2013,Thabo Sefolosha-2013,0.0,Not Selected,Guard,OKC,0.04882017900732303
2012-13,Josh Selby,selbyjo01,PG,21,MEM,10,0,59,5.5,20.2,0.273,0.9,5.5,0.16699999999999998,4.6,14.7,0.313,6.4,10.1,0.636,0.0,4.6,4.6,3.7,1.8,0.0,6.4,6.4,18.4,70.0,103.0,2013,Josh Selby-2013,0.0,Not Selected,Guard,MEM,0.045565500406834825
2012-13,Kevin Séraphin,serapke01,C,23,WAS,79,8,1721,10.0,21.7,0.461,0.0,0.0,0.0,10.0,21.7,0.461,1.8,2.7,0.693,3.2,7.2,10.5,1.7,0.7,1.8,3.9,6.4,21.8,89.0,104.0,2013,Kevin Séraphin-2013,0.0,Not Selected,Center,WAS,0.023596419853539462
2012-13,Ramon Sessions,sessira01,SG,26,CHA,61,0,1652,8.8,21.5,0.408,1.0,3.4,0.308,7.7,18.1,0.42700000000000005,9.2,11.0,0.8390000000000001,0.9,4.5,5.4,7.3,1.5,0.2,3.3,2.9,27.8,109.0,114.0,2013,Ramon Sessions-2013,0.0,Not Selected,Guard,CHO,0.01708706265256306
2012-13,Tornike Shengelia,shengto01,SF,21,BRK,19,0,93,5.8,13.4,0.435,0.6,1.2,0.5,5.2,12.2,0.429,5.2,9.3,0.563,5.2,8.1,13.4,1.7,1.7,0.6,6.4,6.4,17.4,86.0,106.0,2013,Tornike Shengelia-2013,0.0,Not Selected,Forward,BRK,0.03986981285598047
2012-13,Iman Shumpert,shumpim01,SG,22,NYK,45,45,996,5.9,14.8,0.396,2.7,6.8,0.402,3.1,7.9,0.392,1.9,2.5,0.7659999999999999,1.7,5.6,7.3,4.0,2.3,0.4,2.0,5.3,16.4,108.0,106.0,2013,Iman Shumpert-2013,0.0,Not Selected,Guard,NYK,0.043938161106590726
2012-13,Alexey Shved,shvedal01,SG,24,MIN,77,16,1840,6.6,17.8,0.37200000000000005,2.4,8.1,0.295,4.2,9.8,0.435,3.0,4.2,0.72,1.2,3.8,4.9,8.0,1.5,0.8,4.1,3.3,18.7,95.0,108.0,2013,Alexey Shved-2013,0.0,Not Selected,Guard,MIN,0.025223759153783564
2012-13,Henry Sims,simshe01,C,22,NOH,2,0,5,21.7,32.5,0.667,0.0,0.0,0.0,21.7,32.5,0.667,0.0,0.0,0.0,21.7,0.0,21.7,0.0,0.0,0.0,10.8,10.8,43.4,105.0,118.0,2013,Henry Sims-2013,0.0,Not Selected,Center,NOP,0.021969080553295363
2012-13,Kyle Singler,singlky01,SF,24,DET,82,74,2293,6.3,14.8,0.428,1.6,4.6,0.35,4.7,10.2,0.46399999999999997,2.3,2.9,0.8059999999999999,2.5,5.1,7.6,1.8,1.3,0.9,2.3,5.0,16.6,102.0,110.0,2013,Kyle Singler-2013,0.0,Not Selected,Forward,DET,0.023596419853539462
2012-13,Chris Singleton,singlch01,PF,23,WAS,57,11,924,5.2,13.6,0.382,0.4,2.0,0.19399999999999998,4.8,11.6,0.415,2.3,3.9,0.5710000000000001,2.9,7.5,10.4,2.1,2.1,1.4,2.5,7.0,13.0,87.0,101.0,2013,Chris Singleton-2013,0.0,Not Selected,Forward,WAS,0.023596419853539462
2012-13,Donald Sloan,sloando01,SG-PG,25,TOT,23,0,263,5.3,15.4,0.34600000000000003,1.4,3.8,0.368,4.0,11.7,0.33899999999999997,4.0,4.9,0.8,0.6,4.9,5.5,7.5,1.0,0.0,2.8,3.4,16.0,99.0,113.0,2013,Donald Sloan-2013,0.0,Not Selected,Guard,TOT,0.03333333333333333
2012-13,Greg Smith,smithgr02,C,22,HOU,70,10,1110,7.6,12.3,0.62,0.0,0.0,0.0,7.6,12.3,0.623,3.6,5.8,0.623,5.0,9.4,14.4,1.1,0.8,1.8,1.8,7.9,18.9,125.0,105.0,2013,Greg Smith-2013,0.0,Not Selected,Center,HOU,0.03661513425549227
2012-13,Ish Smith,smithis01,PG,24,TOT,52,3,516,5.6,15.9,0.35200000000000004,0.8,2.7,0.29600000000000004,4.8,13.2,0.364,0.3,0.7,0.429,1.2,4.9,6.1,8.7,2.1,0.9,3.7,2.6,12.3,84.0,108.0,2013,Ish Smith-2013,0.0,Not Selected,Guard,TOT,0.03333333333333333
2012-13,J.R. Smith,smithjr01,SG,27,NYK,80,0,2678,10.5,24.9,0.42200000000000004,3.1,8.7,0.35600000000000004,7.4,16.2,0.45799999999999996,4.7,6.2,0.762,1.3,7.2,8.5,4.4,2.0,0.5,2.7,4.5,28.9,107.0,106.0,2013,J.R. Smith-2013,0.0,Not Selected,Guard,NYK,0.043938161106590726
2012-13,Jason Smith,smithja02,C,26,NOH,51,0,876,10.3,21.1,0.49,0.0,0.2,0.0,10.3,20.9,0.496,5.3,6.3,0.843,4.0,7.6,11.5,2.1,0.9,2.8,3.4,7.6,26.0,107.0,109.0,2013,Jason Smith-2013,0.0,Not Selected,Center,NOP,0.021969080553295363
2012-13,Josh Smith,smithjo03,PF,27,ATL,76,76,2683,10.6,22.8,0.465,1.2,3.9,0.303,9.4,18.9,0.498,3.2,6.2,0.517,2.6,9.8,12.3,6.2,1.8,2.6,4.4,3.4,25.6,97.0,101.0,2013,Josh Smith-2013,0.0,Not Selected,Forward,ATL,0.03580146460537022
2012-13,Nolan Smith,smithno01,PG,24,POR,40,0,288,7.7,20.8,0.368,1.1,5.1,0.214,6.6,15.7,0.419,3.6,5.1,0.7140000000000001,1.3,3.6,4.9,6.4,1.3,0.2,5.3,4.7,20.1,85.0,112.0,2013,Nolan Smith-2013,0.0,Not Selected,Guard,POR,0.026851098454027666
2012-13,Marreese Speights,speigma01,C,25,TOT,79,3,1300,10.6,23.8,0.445,0.1,0.4,0.3,10.5,23.4,0.44799999999999995,5.5,7.1,0.7709999999999999,6.0,9.8,15.7,1.9,1.0,2.2,3.3,7.1,26.8,103.0,104.0,2013,Marreese Speights-2013,0.0,Not Selected,Center,TOT,0.03333333333333333
2012-13,Tiago Splitter,splitti01,PF,28,SAS,81,58,1997,8.0,14.4,0.56,0.0,0.1,0.0,8.0,14.3,0.561,5.3,7.3,0.73,3.7,9.5,13.1,3.3,1.6,1.6,2.6,4.1,21.4,118.0,100.0,2013,Tiago Splitter-2013,0.0,Not Selected,Forward,SAS,0.047192839707078924
2012-13,Jerry Stackhouse,stackje01,SF,38,BRK,37,0,544,6.6,17.1,0.384,3.0,8.8,0.337,3.6,8.3,0.434,2.0,2.3,0.87,0.5,2.8,3.3,3.5,0.7,0.4,2.4,3.1,18.1,102.0,112.0,2013,Jerry Stackhouse-2013,0.0,Not Selected,Forward,BRK,0.03986981285598047
2012-13,Lance Stephenson,stephla01,SG,22,IND,78,72,2278,6.4,14.0,0.46,1.4,4.4,0.33,5.0,9.6,0.52,1.8,2.7,0.652,1.1,6.0,7.1,5.2,1.9,0.4,2.5,3.8,16.1,106.0,101.0,2013,Lance Stephenson-2013,0.0,Not Selected,Guard,IND,0.03986981285598047
2012-13,DeShawn Stevenson,stevede01,SG,31,ATL,56,31,1158,4.4,11.7,0.374,3.4,9.4,0.364,1.0,2.4,0.415,0.5,1.0,0.522,0.8,4.7,5.5,2.3,1.3,0.3,1.0,3.1,12.7,104.0,108.0,2013,DeShawn Stevenson-2013,0.0,Not Selected,Guard,ATL,0.03580146460537022
2012-13,Greg Stiemsma,stiemgr01,C,27,MIN,76,19,1209,5.4,11.9,0.457,0.0,0.0,0.0,5.4,11.9,0.457,2.3,3.0,0.768,2.6,8.6,11.2,1.3,1.9,3.8,2.5,7.9,13.1,95.0,101.0,2013,Greg Stiemsma-2013,0.0,Not Selected,Center,MIN,0.025223759153783564
2012-13,Julyan Stone,stoneju01,PG,24,DEN,4,0,28,3.6,3.6,1.0,0.0,0.0,0.0,3.6,3.6,1.0,5.4,7.2,0.75,3.6,1.8,5.4,3.6,1.8,0.0,3.6,7.2,12.6,131.0,110.0,2013,Julyan Stone-2013,0.0,Not Selected,Guard,DEN,0.046379170056956874
2012-13,Amar'e Stoudemire,stoudam01,PF,30,NYK,29,0,682,12.1,20.9,0.5770000000000001,0.0,0.0,0.0,12.1,20.9,0.5770000000000001,8.2,10.2,0.8079999999999999,4.7,6.7,11.4,1.0,0.8,1.6,3.9,7.0,32.4,118.0,108.0,2013,Amar'e Stoudemire-2013,0.0,Not Selected,Forward,NYK,0.043938161106590726
2012-13,Rodney Stuckey,stuckro01,SG,26,DET,76,24,2171,7.4,18.2,0.406,1.3,4.4,0.302,6.1,13.8,0.44,5.2,6.6,0.7829999999999999,1.0,4.1,5.2,6.6,1.2,0.4,3.3,3.1,21.3,103.0,111.0,2013,Rodney Stuckey-2013,0.0,Not Selected,Guard,DET,0.023596419853539462
2012-13,Jared Sullinger,sullija01,PF,20,BOS,45,5,892,6.5,13.2,0.493,0.1,0.3,0.2,6.5,12.9,0.5,2.8,3.7,0.746,5.4,10.1,15.5,2.1,1.3,1.3,1.7,9.0,15.8,113.0,102.0,2013,Jared Sullinger-2013,0.0,Not Selected,Forward,BOS,0.03336045565500407
2012-13,DaJuan Summers,summeda01,PF,25,LAC,2,0,7,7.5,30.1,0.25,0.0,0.0,0.0,7.5,30.1,0.25,0.0,0.0,0.0,0.0,15.0,15.0,7.5,0.0,0.0,0.0,0.0,15.0,71.0,104.0,2013,DaJuan Summers-2013,0.0,Not Selected,Forward,LAC,0.045565500406834825
2012-13,Jeff Taylor,tayloje03,SF,23,CHA,77,29,1507,6.0,13.9,0.431,1.8,5.4,0.344,4.1,8.5,0.486,2.6,3.6,0.728,1.8,3.4,5.2,2.2,1.6,0.5,1.7,4.7,16.4,107.0,114.0,2013,Jeff Taylor-2013,0.0,Not Selected,Forward,CHO,0.01708706265256306
2012-13,Tyshawn Taylor,tayloty01,PG,22,BRK,38,0,221,7.8,21.3,0.368,1.5,3.2,0.462,6.4,18.1,0.35100000000000003,3.7,6.6,0.556,0.5,3.9,4.4,5.1,3.2,0.0,6.1,6.1,20.8,80.0,106.0,2013,Tyshawn Taylor-2013,0.0,Not Selected,Guard,BRK,0.03986981285598047
2012-13,Jeff Teague,teaguje01,PG,24,ATL,80,78,2628,8.7,19.2,0.451,1.8,4.9,0.359,6.9,14.3,0.48200000000000004,3.9,4.5,0.8809999999999999,0.5,3.1,3.5,11.4,2.3,0.6,4.5,3.6,23.0,106.0,106.0,2013,Jeff Teague-2013,0.0,Not Selected,Guard,ATL,0.03580146460537022
2012-13,Marquis Teague,teaguma01,PG,19,CHI,48,0,392,5.9,15.5,0.381,0.5,3.2,0.174,5.3,12.3,0.433,1.2,2.2,0.563,0.4,5.6,6.0,8.6,1.2,1.0,4.8,6.4,13.6,82.0,105.0,2013,Marquis Teague-2013,0.0,Not Selected,Guard,CHI,0.03661513425549227
2012-13,Mirza Teletović,teletmi01,PF,27,BRK,53,0,499,7.7,20.0,0.384,4.0,11.7,0.34299999999999997,3.7,8.3,0.442,1.0,1.2,0.818,3.6,6.7,10.3,2.5,1.4,0.9,2.2,5.7,20.4,105.0,107.0,2013,Mirza Teletović-2013,0.0,Not Selected,Forward,BRK,0.03986981285598047
2012-13,Sebastian Telfair,telfase01,PG,27,TOT,59,2,980,5.9,16.3,0.36200000000000004,2.8,7.9,0.353,3.1,8.4,0.371,2.8,3.6,0.7829999999999999,0.7,3.7,4.4,8.1,2.0,0.6,3.4,5.5,17.5,100.0,110.0,2013,Sebastian Telfair-2013,0.0,Not Selected,Guard,TOT,0.03333333333333333
2012-13,Garrett Temple,templga01,SG,26,WAS,51,36,1156,4.7,11.6,0.40700000000000003,1.2,3.6,0.325,3.6,8.0,0.444,1.2,1.7,0.703,1.3,4.2,5.5,5.2,2.3,0.8,2.7,4.2,11.8,94.0,104.0,2013,Garrett Temple-2013,0.0,Not Selected,Guard,WAS,0.023596419853539462
2012-13,Jason Terry,terryja01,SG,35,BOS,79,24,2124,6.9,16.0,0.434,3.0,8.2,0.37200000000000005,3.9,7.8,0.498,2.8,3.2,0.87,0.5,3.4,3.9,4.9,1.6,0.3,2.5,2.7,19.7,107.0,107.0,2013,Jason Terry-2013,0.0,Not Selected,Guard,BOS,0.03336045565500407
2012-13,Hasheem Thabeet,thabeha01,C,25,OKC,66,4,770,4.3,7.1,0.604,0.0,0.0,0.0,4.3,7.1,0.604,2.1,3.5,0.604,4.6,8.4,13.0,0.7,2.0,4.0,2.7,9.9,10.7,110.0,99.0,2013,Hasheem Thabeet-2013,0.0,Not Selected,Center,OKC,0.04882017900732303
2012-13,Isaiah Thomas,thomais02,PG,23,SAC,79,62,2122,8.8,20.1,0.44,2.8,7.8,0.358,6.1,12.3,0.491,6.1,6.9,0.882,0.7,3.2,3.9,7.6,1.6,0.1,3.4,4.0,26.6,115.0,115.0,2013,Isaiah Thomas-2013,0.0,Not Selected,Guard,SAC,0.022782750203417412
2012-13,Kurt Thomas,thomaku01,PF,40,NYK,39,17,392,6.1,11.3,0.542,0.1,0.1,1.0,6.0,11.2,0.537,0.8,1.8,0.462,3.3,8.9,12.1,2.9,1.4,2.2,1.1,7.1,13.2,119.0,104.0,2013,Kurt Thomas-2013,0.0,Not Selected,Forward,NYK,0.043938161106590726
2012-13,Lance Thomas,thomala01,SF,24,NOH,59,9,646,4.4,8.9,0.5,0.0,0.0,0.0,4.4,8.9,0.5,3.6,5.0,0.7290000000000001,3.7,6.0,9.7,1.4,0.9,0.6,1.2,6.5,12.5,121.0,112.0,2013,Lance Thomas-2013,0.0,Not Selected,Forward,NOP,0.021969080553295363
2012-13,Malcolm Thomas,thomama01,PF,24,TOT,12,0,57,4.6,9.2,0.5,0.0,0.0,0.0,4.6,9.2,0.5,4.6,7.4,0.625,4.6,10.2,14.8,3.7,1.8,1.8,2.8,7.4,13.8,109.0,100.0,2013,Malcolm Thomas-2013,0.0,Not Selected,Forward,TOT,0.03333333333333333
2012-13,Tyrus Thomas,thomaty01,PF,26,CHA,26,2,360,7.0,19.8,0.353,0.4,1.2,0.375,6.6,18.7,0.35200000000000004,3.8,4.5,0.8390000000000001,2.3,6.4,8.7,2.8,2.0,2.2,2.5,7.4,18.2,88.0,110.0,2013,Tyrus Thomas-2013,0.0,Not Selected,Forward,CHO,0.01708706265256306
2012-13,Jason Thompson,thompja02,PF,26,SAC,82,81,2285,8.4,16.7,0.502,0.0,0.1,0.0,8.4,16.6,0.504,3.2,4.6,0.6940000000000001,3.9,8.5,12.3,1.9,1.1,1.4,2.3,5.1,20.0,108.0,111.0,2013,Jason Thompson-2013,0.0,Not Selected,Forward,SAC,0.022782750203417412
2012-13,Klay Thompson,thompkl01,SG,22,GSW,82,82,2936,8.8,20.9,0.42200000000000004,3.7,9.1,0.401,5.1,11.8,0.43700000000000006,2.3,2.7,0.841,0.6,4.7,5.3,3.2,1.5,0.8,2.7,4.1,23.5,102.0,107.0,2013,Klay Thompson-2013,0.0,Not Selected,Guard,GSW,0.03824247355573637
2012-13,Tristan Thompson,thomptr01,PF,21,CLE,82,82,2564,7.9,16.2,0.488,0.0,0.1,0.0,7.9,16.1,0.49,3.6,5.9,0.608,6.2,9.5,15.7,2.2,1.2,1.4,2.5,4.7,19.4,108.0,108.0,2013,Tristan Thompson-2013,0.0,Not Selected,Forward,CLE,0.01952807160292921
2012-13,Marcus Thornton,thornma01,SG,25,SAC,72,8,1726,9.9,23.0,0.429,4.2,11.3,0.37200000000000005,5.7,11.7,0.484,3.3,3.7,0.8809999999999999,1.5,3.9,5.4,2.7,1.8,0.1,2.0,3.1,27.2,111.0,114.0,2013,Marcus Thornton-2013,0.0,Not Selected,Guard,SAC,0.022782750203417412
2012-13,Jamaal Tinsley,tinslja01,PG,34,UTA,66,32,1221,3.7,10.1,0.368,1.7,5.5,0.307,2.0,4.6,0.439,0.8,1.1,0.6920000000000001,0.7,4.2,5.0,12.5,2.8,0.6,4.6,4.6,9.9,96.0,107.0,2013,Jamaal Tinsley-2013,0.0,Not Selected,Guard,UTA,0.03498779495524817
2012-13,Anthony Tolliver,tollian01,SF,27,ATL,62,11,963,4.4,11.6,0.38,2.4,7.2,0.33799999999999997,2.0,4.5,0.446,2.4,2.7,0.863,1.7,6.7,8.3,1.7,0.8,0.6,1.9,3.6,13.6,102.0,107.0,2013,Anthony Tolliver-2013,0.0,Not Selected,Forward,ATL,0.03580146460537022
2012-13,P.J. Tucker,tuckepj01,SG,27,PHO,79,45,1910,5.6,11.9,0.473,0.6,1.9,0.314,5.1,10.1,0.503,1.7,2.3,0.7440000000000001,3.5,5.9,9.4,2.9,1.7,0.5,1.8,3.9,13.6,109.0,109.0,2013,P.J. Tucker-2013,0.0,Not Selected,Guard,PHO,0.02034174125305126
2012-13,Ronny Turiaf,turiaro01,C,30,LAC,65,0,701,3.7,7.3,0.505,0.0,0.0,0.0,3.7,7.3,0.505,1.7,4.7,0.365,3.4,8.0,11.4,2.6,1.4,2.6,2.2,6.0,9.1,99.0,103.0,2013,Ronny Turiaf-2013,0.0,Not Selected,Center,LAC,0.045565500406834825
2012-13,Hedo Türkoğlu,turkohe01,SF,33,ORL,11,1,189,3.9,14.6,0.264,0.3,6.6,0.042,3.6,8.0,0.44799999999999995,0.8,1.7,0.5,1.1,6.1,7.2,6.3,1.9,0.3,3.3,3.0,8.8,68.0,109.0,2013,Hedo Türkoğlu-2013,0.0,Not Selected,Forward,ORL,0.01627339300244101
2012-13,Evan Turner,turneev01,SF,24,PHI,82,82,2892,8.0,19.2,0.419,1.1,2.9,0.365,7.0,16.3,0.428,2.8,3.8,0.74,1.0,8.4,9.4,6.5,1.3,0.3,3.4,3.6,20.0,95.0,106.0,2013,Evan Turner-2013,0.0,Not Selected,Forward,PHI,0.027664768104149716
2012-13,Jeremy Tyler,tylerje01,C,21,TOT,21,0,68,6.7,18.0,0.375,0.0,0.0,0.0,6.7,18.0,0.375,3.0,4.5,0.667,4.5,10.5,15.0,0.7,0.7,1.5,4.5,7.5,16.5,80.0,104.0,2013,Jeremy Tyler-2013,0.0,Not Selected,Center,TOT,0.03333333333333333
2012-13,Ekpe Udoh,udohek01,C,25,MIL,76,9,1312,4.5,10.4,0.435,0.0,0.0,0.0,4.5,10.4,0.43700000000000006,3.4,4.6,0.748,4.4,5.3,9.7,1.7,1.5,3.3,1.7,5.4,12.5,109.0,105.0,2013,Ekpe Udoh-2013,0.0,Not Selected,Center,MIL,0.030919446704637917
2012-13,Beno Udrih,udrihbe01,SG-PG,30,TOT,66,9,1457,7.4,16.8,0.441,1.2,3.6,0.33299999999999996,6.2,13.2,0.47100000000000003,3.0,3.6,0.816,1.2,3.8,5.0,10.7,1.4,0.1,3.8,3.2,19.0,106.0,111.0,2013,Beno Udrih-2013,0.0,Not Selected,Guard,TOT,0.03333333333333333
2012-13,Jonas Valančiūnas,valanjo01,C,20,TOR,62,57,1482,7.3,13.1,0.557,0.0,0.0,0.0,7.3,13.1,0.557,5.2,6.6,0.789,4.3,9.0,13.3,1.6,0.6,2.8,3.4,6.7,19.9,113.0,106.0,2013,Jonas Valančiūnas-2013,0.0,Not Selected,Center,TOR,0.027664768104149716
2012-13,Anderson Varejão,varejan01,C,30,CLE,25,25,901,8.0,16.7,0.478,0.0,0.3,0.0,8.0,16.4,0.486,4.4,5.9,0.755,8.0,12.9,20.8,4.8,2.1,0.8,2.5,3.9,20.4,117.0,104.0,2013,Anderson Varejão-2013,0.0,Not Selected,Center,CLE,0.01952807160292921
2012-13,Jarvis Varnado,varnaja01,PF,24,TOT,13,0,58,2.7,6.4,0.429,0.0,0.0,0.0,2.7,6.4,0.429,1.8,3.6,0.5,1.8,6.4,8.2,2.7,0.9,1.8,5.5,9.1,7.3,68.0,105.0,2013,Jarvis Varnado-2013,0.0,Not Selected,Forward,TOT,0.03333333333333333
2012-13,Greivis Vásquez,vasqugr01,PG,26,NOH,78,78,2685,8.8,20.4,0.433,1.7,4.9,0.342,7.2,15.5,0.462,2.5,3.1,0.805,0.9,5.9,6.8,14.2,1.3,0.1,5.0,3.8,21.9,105.0,112.0,2013,Greivis Vásquez-2013,0.0,Not Selected,Guard,NOP,0.021969080553295363
2012-13,Jan Veselý,veselja01,PF,22,WAS,51,4,601,4.9,9.9,0.5,0.0,0.1,0.0,4.9,9.8,0.504,1.0,3.4,0.308,3.7,6.8,10.6,2.4,1.3,1.5,2.3,9.3,10.9,95.0,103.0,2013,Jan Veselý-2013,0.0,Not Selected,Forward,WAS,0.023596419853539462
2012-13,Charlie Villanueva,villach01,PF,28,DET,69,0,1092,8.5,22.5,0.377,4.4,12.5,0.34700000000000003,4.1,9.9,0.415,1.3,2.4,0.551,2.4,9.3,11.7,2.6,1.5,1.9,1.9,4.6,22.6,101.0,106.0,2013,Charlie Villanueva-2013,0.0,Not Selected,Forward,DET,0.023596419853539462
2012-13,Nikola Vučević,vucevni01,C,22,ORL,77,77,2559,9.4,18.1,0.519,0.0,0.1,0.0,9.4,18.0,0.52,1.8,2.6,0.6829999999999999,5.6,13.1,18.7,2.9,1.2,1.6,2.9,4.4,20.5,106.0,105.0,2013,Nikola Vučević-2013,0.0,Not Selected,Center,ORL,0.01627339300244101
2012-13,Dwyane Wade,wadedw01,SG,31,MIA,69,69,2391,12.6,24.2,0.521,0.4,1.5,0.258,12.2,22.7,0.537,6.8,9.4,0.725,1.9,5.7,7.6,7.8,2.8,1.2,4.3,3.1,32.4,112.0,103.0,2013,Dwyane Wade-2013,3.0,3rd,Guard,MIA,0.05370219690805533
2012-13,Dion Waiters,waitedi01,SG,21,CLE,61,48,1756,10.0,24.1,0.41200000000000003,1.9,6.0,0.31,8.1,18.1,0.446,4.7,6.3,0.746,0.7,3.8,4.4,5.4,1.7,0.5,3.6,3.3,26.5,99.0,111.0,2013,Dion Waiters-2013,0.0,Not Selected,Guard,CLE,0.01952807160292921
2012-13,Kemba Walker,walkeke02,PG,22,CHA,82,82,2859,9.7,22.8,0.423,2.0,6.1,0.322,7.7,16.7,0.45899999999999996,5.4,6.8,0.7979999999999999,1.1,4.1,5.2,8.6,2.9,0.6,3.7,2.8,26.7,105.0,111.0,2013,Kemba Walker-2013,0.0,Not Selected,Guard,CHO,0.01708706265256306
2012-13,John Wall,walljo01,PG,22,WAS,49,42,1602,10.5,23.9,0.441,0.4,1.5,0.267,10.1,22.4,0.452,8.0,9.9,0.804,1.1,5.2,6.4,12.1,2.1,1.2,5.1,3.8,29.5,105.0,103.0,2013,John Wall-2013,0.0,Not Selected,Guard,WAS,0.023596419853539462
2012-13,Gerald Wallace,wallage01,SF,30,BRK,69,68,2076,4.7,11.9,0.397,1.2,4.2,0.282,3.5,7.7,0.461,3.2,4.9,0.637,1.8,6.5,8.3,4.7,2.5,1.2,2.9,3.1,13.8,101.0,104.0,2013,Gerald Wallace-2013,0.0,Not Selected,Forward,BRK,0.03986981285598047
2012-13,Rasheed Wallace,wallara01,C,38,NYK,21,0,296,9.9,25.6,0.387,4.0,12.5,0.319,6.0,13.2,0.452,2.5,3.6,0.7,2.0,13.0,15.0,1.1,2.3,2.7,1.8,7.2,26.4,99.0,99.0,2013,Rasheed Wallace-2013,0.0,Not Selected,Center,NYK,0.043938161106590726
2012-13,Luke Walton,waltolu01,PF,32,CLE,50,0,857,4.3,11.0,0.392,1.2,4.1,0.299,3.1,6.9,0.447,0.6,1.2,0.5,2.3,6.5,8.8,10.1,2.5,0.8,3.6,5.9,10.4,99.0,108.0,2013,Luke Walton-2013,0.0,Not Selected,Forward,CLE,0.01952807160292921
2012-13,Hakim Warrick,warriha01,PF,30,TOT,28,14,489,7.2,17.7,0.406,0.0,0.3,0.0,7.2,17.4,0.414,6.4,9.4,0.682,2.3,7.3,9.6,2.7,1.4,0.6,3.1,4.0,20.8,95.0,112.0,2013,Hakim Warrick-2013,0.0,Not Selected,Forward,TOT,0.03333333333333333
2012-13,C.J. Watson,watsocj01,PG,28,BRK,80,8,1521,6.8,16.3,0.418,3.1,7.6,0.41100000000000003,3.7,8.7,0.424,2.5,3.2,0.78,1.4,3.8,5.2,5.7,2.3,0.4,2.5,4.4,19.3,113.0,107.0,2013,C.J. Watson-2013,0.0,Not Selected,Guard,BRK,0.03986981285598047
2012-13,Earl Watson,watsoea01,PG,33,UTA,48,4,829,2.4,7.6,0.308,0.3,1.8,0.179,2.0,5.9,0.348,1.1,1.6,0.68,1.5,4.1,5.5,12.1,2.5,0.5,4.4,6.0,6.1,88.0,108.0,2013,Earl Watson-2013,0.0,Not Selected,Guard,UTA,0.03498779495524817
2012-13,Maalik Wayns,waynsma01,PG,21,TOT,27,1,202,6.8,23.0,0.295,1.8,8.1,0.226,5.0,14.9,0.33299999999999996,4.4,5.0,0.895,0.3,1.6,1.8,7.0,1.6,0.0,3.9,6.8,19.8,83.0,110.0,2013,Maalik Wayns-2013,0.0,Not Selected,Guard,TOT,0.03333333333333333
2012-13,Martell Webster,webstma02,SF,26,WAS,76,62,2200,6.7,15.1,0.442,3.3,7.8,0.42200000000000004,3.4,7.3,0.46299999999999997,4.0,4.7,0.848,1.3,5.7,7.0,3.4,1.2,0.4,2.1,3.9,20.6,115.0,106.0,2013,Martell Webster-2013,0.0,Not Selected,Forward,WAS,0.023596419853539462
2012-13,David West,westda01,PF,32,IND,73,73,2435,11.0,22.1,0.498,0.1,0.4,0.21100000000000002,10.9,21.6,0.503,5.3,6.9,0.768,3.2,9.1,12.3,4.7,1.6,1.5,3.4,3.3,27.3,110.0,99.0,2013,David West-2013,0.0,Not Selected,Forward,IND,0.03986981285598047
2012-13,Russell Westbrook,westbru01,PG,24,OKC,82,82,2861,12.1,27.6,0.43799999999999994,1.7,5.4,0.32299999999999995,10.4,22.2,0.466,8.3,10.3,0.8,2.0,5.7,7.7,10.9,2.6,0.4,4.9,3.4,34.2,111.0,103.0,2013,Russell Westbrook-2013,2.0,2nd,Guard,OKC,0.04882017900732303
2012-13,D.J. White,whitedj01,PF,26,BOS,12,0,86,7.3,14.0,0.522,0.0,0.0,0.0,7.3,14.0,0.522,3.0,5.5,0.556,2.4,5.5,7.9,2.4,0.6,3.7,1.2,3.0,17.6,110.0,104.0,2013,D.J. White-2013,0.0,Not Selected,Forward,BOS,0.03336045565500407
2012-13,James White,whiteja02,SF,30,NYK,57,16,435,6.1,14.3,0.431,1.7,5.0,0.341,4.4,9.2,0.48,1.4,2.3,0.579,0.6,5.3,5.9,3.6,1.6,0.5,2.1,5.4,15.4,100.0,108.0,2013,James White-2013,0.0,Not Selected,Forward,NYK,0.043938161106590726
2012-13,Chris Wilcox,wilcoch01,C,30,BOS,61,7,830,6.9,9.6,0.7190000000000001,0.0,0.1,0.0,6.9,9.6,0.7240000000000001,2.5,3.7,0.672,3.5,7.9,11.3,1.4,2.0,1.8,2.1,7.9,16.3,127.0,101.0,2013,Chris Wilcox-2013,0.0,Not Selected,Center,BOS,0.03336045565500407
2012-13,Damien Wilkins,wilkida02,SG,33,PHI,61,21,1095,7.0,15.2,0.45899999999999996,0.8,2.5,0.33299999999999996,6.2,12.8,0.483,3.9,5.3,0.743,1.5,3.5,5.1,4.4,1.8,0.9,2.4,4.7,18.7,106.0,108.0,2013,Damien Wilkins-2013,0.0,Not Selected,Guard,PHI,0.027664768104149716
2012-13,Deron Williams,willide01,PG,28,BRK,78,78,2842,9.4,21.4,0.44,3.2,8.5,0.37799999999999995,6.2,12.9,0.48200000000000004,6.0,7.0,0.8590000000000001,0.6,3.9,4.4,11.5,1.4,0.6,4.1,3.7,28.1,118.0,109.0,2013,Deron Williams-2013,0.0,Not Selected,Guard,BRK,0.03986981285598047
2012-13,Derrick Williams,willide02,PF,21,MIN,78,56,1916,9.1,21.2,0.43,1.8,5.3,0.332,7.4,15.9,0.46299999999999997,5.2,7.3,0.706,2.6,9.0,11.6,1.2,1.2,1.0,2.7,3.4,25.2,101.0,105.0,2013,Derrick Williams-2013,0.0,Not Selected,Forward,MIN,0.025223759153783564
2012-13,Lou Williams,willilo02,SG,26,ATL,39,9,1119,8.7,20.5,0.42200000000000004,3.3,9.1,0.36700000000000005,5.3,11.4,0.466,4.9,5.6,0.868,0.4,3.3,3.7,6.4,2.0,0.5,3.4,2.5,25.5,106.0,107.0,2013,Lou Williams-2013,0.0,Not Selected,Guard,ATL,0.03580146460537022
2012-13,Marvin Williams,willima02,SF,26,UTA,73,51,1727,6.1,14.4,0.423,1.7,5.1,0.325,4.4,9.3,0.47700000000000004,2.4,3.0,0.778,1.7,6.4,8.0,2.4,1.1,1.2,1.8,3.0,16.2,105.0,109.0,2013,Marvin Williams-2013,0.0,Not Selected,Forward,UTA,0.03498779495524817
2012-13,Mo Williams,willima01,PG,30,UTA,46,46,1418,8.5,19.8,0.43,2.2,5.7,0.38299999999999995,6.3,14.1,0.449,2.8,3.2,0.882,0.9,3.2,4.1,10.6,1.7,0.3,4.7,3.9,22.0,103.0,111.0,2013,Mo Williams-2013,0.0,Not Selected,Guard,UTA,0.03498779495524817
2012-13,Reggie Williams,willire02,SF,26,CHA,40,0,380,7.9,18.2,0.43200000000000005,3.0,9.9,0.306,4.8,8.3,0.583,1.4,2.9,0.47600000000000003,1.1,5.9,7.0,5.4,1.7,0.1,2.6,2.6,20.2,102.0,113.0,2013,Reggie Williams-2013,0.0,Not Selected,Forward,CHO,0.01708706265256306
2012-13,Terrence Williams,willite01,SF,25,BOS,24,0,318,7.9,16.0,0.495,0.8,2.5,0.33299999999999996,7.1,13.5,0.524,1.5,3.5,0.429,0.7,6.6,7.2,6.3,1.8,0.3,3.6,2.1,18.1,95.0,104.0,2013,Terrence Williams-2013,0.0,Not Selected,Forward,BOS,0.03336045565500407
2012-13,Metta World Peace,artesro01,SF,33,LAL,75,66,2530,6.7,16.6,0.40299999999999997,2.8,8.3,0.342,3.8,8.3,0.46399999999999997,2.5,3.4,0.7340000000000001,2.0,5.4,7.5,2.3,2.5,0.8,2.0,4.0,18.7,105.0,106.0,2013,Metta World Peace-2013,0.0,Not Selected,Forward,LAL,0.03661513425549227
2012-13,Brandan Wright,wrighbr03,C,25,DAL,64,16,1149,10.7,17.9,0.597,0.0,0.1,0.0,10.7,17.8,0.601,2.6,4.3,0.615,3.8,7.8,11.5,1.7,1.2,3.4,1.5,3.5,24.0,119.0,105.0,2013,Brandan Wright-2013,0.0,Not Selected,Center,DAL,0.03336045565500407
2012-13,Chris Wright,wrighch02,SG,23,DAL,3,0,4,12.8,25.5,0.5,0.0,0.0,0.0,12.8,25.5,0.5,0.0,0.0,0.0,0.0,0.0,0.0,0.0,0.0,0.0,12.8,0.0,25.5,59.0,116.0,2013,Chris Wright-2013,0.0,Not Selected,Guard,DAL,0.03336045565500407
2012-13,Dorell Wright,wrighdo01,SF,27,PHI,79,8,1783,7.0,17.7,0.396,4.0,10.7,0.374,3.0,7.0,0.429,3.5,4.2,0.851,1.2,7.7,8.9,4.4,1.8,1.0,1.9,2.9,21.6,112.0,105.0,2013,Dorell Wright-2013,0.0,Not Selected,Forward,PHI,0.027664768104149716
2012-13,Tony Wroten,wroteto01,SG,19,MEM,35,0,272,6.6,17.2,0.384,0.8,3.2,0.25,5.8,14.0,0.414,4.2,5.8,0.7240000000000001,2.6,3.0,5.6,8.6,1.6,0.8,5.8,6.8,18.2,91.0,104.0,2013,Tony Wroten-2013,0.0,Not Selected,Guard,MEM,0.045565500406834825
2012-13,Nick Young,youngni01,SG,27,PHI,59,17,1411,8.4,20.3,0.413,2.8,7.9,0.35700000000000004,5.6,12.4,0.449,3.9,4.8,0.82,0.9,4.0,4.9,3.1,1.3,0.5,1.9,3.1,23.5,105.0,109.0,2013,Nick Young-2013,0.0,Not Selected,Guard,PHI,0.027664768104149716
2012-13,Sam Young,youngsa01,SG,27,IND,56,3,693,4.5,11.4,0.392,1.2,4.0,0.308,3.2,7.4,0.43799999999999994,1.8,3.3,0.535,2.0,7.5,9.4,3.2,1.2,0.6,2.5,4.8,11.9,94.0,102.0,2013,Sam Young-2013,0.0,Not Selected,Guard,IND,0.03986981285598047
2012-13,Thaddeus Young,youngth01,PF,24,PHI,76,76,2629,10.2,19.2,0.531,0.0,0.2,0.125,10.2,19.1,0.535,2.2,3.8,0.574,3.7,7.8,11.5,2.5,2.7,1.1,1.8,3.8,22.6,109.0,103.0,2013,Thaddeus Young-2013,0.0,Not Selected,Forward,PHI,0.027664768104149716
2012-13,Luke Zeller,zellelu01,C,25,PHO,16,0,58,8.0,23.0,0.34600000000000003,0.9,4.4,0.2,7.1,18.6,0.381,0.0,0.0,0.0,0.9,8.0,8.9,2.7,0.0,0.0,0.0,4.4,16.8,86.0,112.0,2013,Luke Zeller-2013,0.0,Not Selected,Center,PHO,0.02034174125305126
2012-13,Tyler Zeller,zellety01,C,23,CLE,77,55,2033,6.3,14.3,0.43799999999999994,0.0,0.1,0.0,6.3,14.2,0.441,3.1,4.0,0.764,4.1,7.1,11.2,2.5,0.9,1.8,2.4,6.4,15.6,102.0,110.0,2013,Tyler Zeller-2013,0.0,Not Selected,Center,CLE,0.01952807160292921
2013-14,Quincy Acy,acyqu01,SF,23,TOT,63,0,847,4.0,8.5,0.46799999999999997,0.2,0.9,0.267,3.7,7.6,0.49200000000000005,2.1,3.2,0.66,4.3,8.7,13.0,1.7,1.4,1.6,1.8,7.3,10.3,109.0,107.0,2014,Quincy Acy-2014,0.0,Not Selected,Forward,TOT,0.03333333333333334
2013-14,Steven Adams,adamsst01,C,20,OKC,81,20,1197,3.9,7.8,0.503,0.0,0.0,0.0,3.9,7.8,0.503,3.3,5.7,0.581,6.0,8.0,13.9,1.8,1.7,2.4,3.0,8.5,11.1,108.0,102.0,2014,Steven Adams-2014,0.0,Not Selected,Center,OKC,0.04796747967479675
2013-14,Jeff Adrien,adrieje01,PF,27,TOT,53,12,961,7.8,14.9,0.52,0.0,0.0,0.0,7.8,14.9,0.52,4.1,6.5,0.639,5.5,11.1,16.6,2.1,1.3,2.0,2.1,5.9,19.7,114.0,106.0,2014,Jeff Adrien-2014,0.0,Not Selected,Forward,TOT,0.03333333333333334
2013-14,Arron Afflalo,afflaar01,SG,28,ORL,73,73,2552,9.3,20.3,0.45899999999999996,2.6,6.0,0.42700000000000005,6.7,14.3,0.473,5.5,6.7,0.815,0.6,4.6,5.3,5.0,0.7,0.1,2.9,2.7,26.7,110.0,112.0,2014,Arron Afflalo-2014,0.0,Not Selected,Guard,ORL,0.01869918699186992
2013-14,Alexis Ajinça,ajincal01,C,25,NOP,56,30,951,7.4,13.6,0.546,0.0,0.1,0.0,7.4,13.6,0.5479999999999999,3.1,3.7,0.836,5.1,10.0,15.2,2.2,1.3,2.5,3.4,10.2,18.0,110.0,107.0,2014,Alexis Ajinça-2014,0.0,Not Selected,Center,NOP,0.027642276422764227
2013-14,Cole Aldrich,aldrico01,C,25,NYK,46,2,330,5.3,9.8,0.541,0.0,0.0,0.0,5.3,9.8,0.541,4.2,4.8,0.867,6.0,14.8,20.8,2.3,1.3,4.8,2.9,6.4,14.8,120.0,100.0,2014,Cole Aldrich-2014,0.0,Not Selected,Center,NYK,0.03008130081300813
2013-14,LaMarcus Aldridge,aldrila01,PF,28,POR,69,69,2498,13.2,28.8,0.45799999999999996,0.1,0.3,0.2,13.1,28.5,0.461,6.0,7.3,0.8220000000000001,3.4,12.1,15.5,3.6,1.3,1.4,2.5,3.0,32.5,108.0,104.0,2014,LaMarcus Aldridge-2014,3.0,3rd,Forward,POR,0.04390243902439024
2013-14,Lavoy Allen,allenla01,PF,24,TOT,65,2,1072,6.1,13.6,0.447,0.1,0.6,0.154,6.0,13.1,0.46,1.5,2.3,0.66,5.4,8.7,14.1,3.2,1.1,1.5,2.0,5.7,13.8,104.0,108.0,2014,Lavoy Allen-2014,0.0,Not Selected,Forward,TOT,0.03333333333333334
2013-14,Ray Allen,allenra02,SG,38,MIA,73,9,1936,6.5,14.8,0.442,3.2,8.4,0.375,3.4,6.4,0.53,2.9,3.2,0.905,0.6,4.9,5.6,3.9,1.5,0.2,2.3,3.1,19.1,111.0,109.0,2014,Ray Allen-2014,0.0,Not Selected,Guard,MIA,0.04390243902439024
2013-14,Tony Allen,allento01,SG,32,MEM,55,28,1278,8.5,17.3,0.494,0.5,2.0,0.23399999999999999,8.1,15.3,0.527,3.2,5.1,0.628,3.3,5.4,8.7,3.9,3.8,0.8,3.8,5.1,20.7,102.0,101.0,2014,Tony Allen-2014,0.0,Not Selected,Guard,MEM,0.04065040650406504
2013-14,Al-Farouq Aminu,aminual01,SF,23,NOP,80,65,2045,6.0,12.6,0.474,0.3,1.2,0.271,5.6,11.4,0.496,2.3,3.5,0.664,3.3,9.3,12.6,2.9,2.1,1.0,2.2,3.7,14.6,105.0,108.0,2014,Al-Farouq Aminu-2014,0.0,Not Selected,Forward,NOP,0.027642276422764227
2013-14,Lou Amundson,amundlo01,PF,31,TOT,19,0,185,4.5,9.0,0.5,0.0,0.0,0.0,4.5,9.0,0.5,1.7,6.8,0.25,7.9,7.6,15.5,1.7,2.5,3.1,3.9,13.8,10.7,91.0,105.0,2014,Lou Amundson-2014,0.0,Not Selected,Forward,TOT,0.03333333333333334
2013-14,Chris Andersen,anderch01,C,35,MIA,72,0,1396,6.7,10.4,0.644,0.1,0.5,0.25,6.6,9.9,0.662,4.5,6.4,0.71,4.9,9.4,14.3,0.7,1.2,3.7,2.0,6.1,18.0,130.0,102.0,2014,Chris Andersen-2014,0.0,Not Selected,Center,MIA,0.04390243902439024
2013-14,Alan Anderson,anderal01,SF,31,BRK,78,26,1773,5.7,14.4,0.4,2.5,7.3,0.33899999999999997,3.3,7.0,0.46399999999999997,2.7,3.5,0.78,1.2,4.0,5.2,2.4,1.4,0.3,1.8,4.4,16.7,103.0,111.0,2014,Alan Anderson-2014,0.0,Not Selected,Forward,BRK,0.03577235772357724
2013-14,James Anderson,anderja01,SG,24,PHI,80,62,2309,6.5,15.0,0.431,2.4,7.4,0.32799999999999996,4.1,7.7,0.53,1.6,2.2,0.726,1.2,5.1,6.3,3.1,1.6,0.6,2.2,3.2,17.0,102.0,112.0,2014,James Anderson-2014,0.0,Not Selected,Guard,PHI,0.015447154471544716
2013-14,Ryan Anderson,anderry01,PF,25,NOP,22,14,795,10.2,23.2,0.43799999999999994,4.4,10.7,0.409,5.8,12.4,0.46299999999999997,3.9,4.1,0.9520000000000001,4.3,5.0,9.3,1.1,0.7,0.5,1.3,3.1,28.6,120.0,115.0,2014,Ryan Anderson-2014,0.0,Not Selected,Forward,NOP,0.027642276422764227
2013-14,Giannis Antetokounmpo,antetgi01,SF,19,MIL,77,23,1897,4.8,11.5,0.414,1.1,3.3,0.34700000000000003,3.6,8.3,0.44,3.8,5.6,0.6829999999999999,2.2,7.2,9.3,4.1,1.7,1.7,3.4,4.8,14.5,99.0,110.0,2014,Giannis Antetokounmpo-2014,0.0,Not Selected,Forward,MIL,0.012195121951219513
2013-14,Carmelo Anthony,anthoca01,PF,29,NYK,77,77,2982,13.2,29.3,0.452,3.0,7.4,0.402,10.3,21.9,0.469,8.2,9.6,0.848,2.6,8.5,11.1,4.3,1.7,0.9,3.5,4.0,37.7,113.0,108.0,2014,Carmelo Anthony-2014,0.0,Not Selected,Forward,NYK,0.03008130081300813
2013-14,Joel Anthony,anthojo01,C,31,TOT,33,0,186,3.3,8.9,0.375,0.0,0.0,0.0,3.3,8.9,0.375,1.1,2.2,0.5,4.2,6.4,10.6,0.6,0.8,3.3,0.8,4.7,7.8,96.0,107.0,2014,Joel Anthony-2014,0.0,Not Selected,Center,TOT,0.03333333333333334
2013-14,Pero Antić,anticpe01,C,31,ATL,50,26,925,6.7,16.1,0.418,3.1,9.4,0.327,3.7,6.7,0.545,2.7,3.6,0.758,3.1,8.3,11.5,3.2,1.0,0.7,3.0,6.9,19.3,103.0,107.0,2014,Pero Antić-2014,0.0,Not Selected,Center,ATL,0.030894308943089432
2013-14,Trevor Ariza,arizatr01,SF,28,WAS,77,77,2723,7.4,16.1,0.456,3.4,8.4,0.40700000000000003,4.0,7.8,0.509,2.8,3.7,0.772,1.9,7.1,9.0,3.6,2.4,0.4,2.5,3.4,20.9,113.0,104.0,2014,Trevor Ariza-2014,0.0,Not Selected,Forward,WAS,0.03577235772357724
2013-14,Hilton Armstrong,armsthi01,C,29,GSW,15,1,97,4.6,9.8,0.474,0.0,0.0,0.0,4.6,9.8,0.474,3.6,8.2,0.43799999999999994,9.8,14.4,24.2,2.6,2.1,2.1,3.1,5.7,12.9,108.0,96.0,2014,Hilton Armstrong-2014,0.0,Not Selected,Center,GSW,0.041463414634146344
2013-14,Darrell Arthur,arthuda01,SF,25,DEN,68,1,1161,6.8,17.3,0.395,1.0,2.7,0.375,5.8,14.6,0.39899999999999997,2.2,2.6,0.855,2.2,6.7,8.9,2.6,1.6,2.0,2.4,7.8,16.9,94.0,107.0,2014,Darrell Arthur-2014,0.0,Not Selected,Forward,DEN,0.02926829268292683
2013-14,Ömer Aşık,asikom01,C,27,HOU,48,19,968,5.2,9.8,0.532,0.0,0.0,0.0,5.2,9.8,0.532,4.0,6.5,0.619,5.2,14.3,19.5,1.3,0.7,1.9,3.0,4.7,14.4,109.0,103.0,2014,Ömer Aşık-2014,0.0,Not Selected,Center,HOU,0.04390243902439024
2013-14,D.J. Augustin,augusdj01,PG,26,TOT,71,9,1939,8.2,19.7,0.415,3.6,9.1,0.401,4.5,10.6,0.42700000000000005,5.5,6.2,0.885,0.4,3.2,3.6,8.6,1.5,0.1,3.4,4.0,25.5,113.0,105.0,2014,D.J. Augustin-2014,0.0,Not Selected,Guard,TOT,0.03333333333333334
2013-14,Gustavo Ayón,ayongu01,C,28,ATL,26,14,429,6.1,12.1,0.51,0.0,0.0,0.0,6.1,12.1,0.51,0.9,2.4,0.4,5.0,9.8,14.8,3.3,3.0,1.2,3.4,5.6,13.2,98.0,101.0,2014,Gustavo Ayón-2014,0.0,Not Selected,Center,ATL,0.030894308943089432
2013-14,Jeff Ayres,pendeje02,PF,26,SAS,73,10,952,5.4,9.2,0.58,0.0,0.0,0.0,5.4,9.2,0.58,2.0,2.9,0.691,4.7,9.0,13.7,3.2,0.7,1.3,3.3,7.8,12.7,110.0,103.0,2014,Jeff Ayres-2014,0.0,Not Selected,Forward,SAS,0.05040650406504065
2013-14,Chris Babb,babbch01,SG,23,BOS,14,0,132,3.1,11.7,0.267,2.3,10.5,0.222,0.8,1.2,0.667,0.0,0.0,0.0,1.6,5.1,6.6,1.2,2.3,0.0,1.2,5.1,8.6,82.0,108.0,2014,Chris Babb-2014,0.0,Not Selected,Guard,BOS,0.02032520325203252
2013-14,Luke Babbitt,babbilu01,PF,24,NOP,27,2,473,6.6,17.0,0.39,4.0,10.5,0.379,2.6,6.5,0.40700000000000003,1.5,2.0,0.778,2.0,7.7,9.7,3.2,0.8,1.2,1.7,5.7,18.7,109.0,112.0,2014,Luke Babbitt-2014,0.0,Not Selected,Forward,NOP,0.027642276422764227
2013-14,Leandro Barbosa,barbole01,PG,31,PHO,20,0,368,7.6,17.8,0.42700000000000005,1.0,3.4,0.28,6.7,14.4,0.462,4.2,5.3,0.795,0.7,4.4,5.0,4.4,1.0,0.5,2.6,4.1,20.4,103.0,110.0,2014,Leandro Barbosa-2014,0.0,Not Selected,Guard,PHO,0.03902439024390244
2013-14,J.J. Barea,bareajo01,PG,29,MIN,79,1,1471,8.5,22.0,0.387,2.4,7.7,0.316,6.1,14.2,0.426,2.6,3.4,0.79,0.5,4.6,5.2,10.2,0.9,0.0,4.2,4.3,22.1,98.0,110.0,2014,J.J. Barea-2014,0.0,Not Selected,Guard,MIN,0.032520325203252036
2013-14,Andrea Bargnani,bargnan01,C,28,NYK,42,39,1257,9.4,21.2,0.442,1.3,4.6,0.278,8.1,16.7,0.48700000000000004,3.6,4.3,0.8240000000000001,2.9,6.5,9.4,1.9,0.6,2.2,2.5,4.2,23.6,103.0,110.0,2014,Andrea Bargnani-2014,0.0,Not Selected,Center,NYK,0.03008130081300813
2013-14,Harrison Barnes,barneha02,SF,21,GSW,78,24,2204,6.1,15.4,0.39899999999999997,1.5,4.3,0.34700000000000003,4.6,11.1,0.419,2.9,4.1,0.718,1.5,5.5,7.0,2.6,1.5,0.5,1.9,3.6,16.7,100.0,105.0,2014,Harrison Barnes-2014,0.0,Not Selected,Forward,GSW,0.041463414634146344
2013-14,Matt Barnes,barnema02,SF,33,LAC,63,40,1735,6.7,15.2,0.43799999999999994,2.8,8.2,0.34299999999999997,3.9,7.0,0.5489999999999999,1.9,2.6,0.733,1.7,6.7,8.4,3.6,1.6,0.8,2.5,5.3,18.0,107.0,106.0,2014,Matt Barnes-2014,0.0,Not Selected,Forward,LAC,0.046341463414634146
2013-14,Will Barton,bartowi01,SG,23,POR,41,0,387,8.5,20.4,0.41700000000000004,1.3,4.3,0.303,7.2,16.1,0.447,3.4,4.2,0.813,2.1,7.6,9.7,4.3,1.2,0.9,2.4,4.1,21.7,103.0,107.0,2014,Will Barton-2014,0.0,Not Selected,Guard,POR,0.04390243902439024
2013-14,Brandon Bass,bassbr01,PF,28,BOS,82,73,2266,8.0,16.5,0.486,0.0,0.1,0.33299999999999996,7.9,16.3,0.48700000000000004,4.7,5.4,0.858,3.7,7.0,10.7,2.0,0.8,1.6,2.3,4.3,20.7,111.0,108.0,2014,Brandon Bass-2014,0.0,Not Selected,Forward,BOS,0.02032520325203252
2013-14,Shane Battier,battish01,SF,35,MIA,73,56,1468,3.8,9.9,0.382,2.6,7.5,0.348,1.1,2.3,0.49200000000000005,0.5,0.8,0.652,1.2,3.7,4.9,2.3,1.8,1.4,0.8,4.4,10.7,110.0,108.0,2014,Shane Battier-2014,0.0,Not Selected,Forward,MIA,0.04390243902439024
2013-14,Nicolas Batum,batumni01,SF,25,POR,82,82,2956,6.5,14.0,0.465,2.5,6.9,0.361,4.0,7.1,0.5660000000000001,2.8,3.5,0.8029999999999999,2.0,8.5,10.5,7.2,1.3,1.0,3.6,2.7,18.3,113.0,106.0,2014,Nicolas Batum-2014,0.0,Not Selected,Forward,POR,0.04390243902439024
2013-14,Jerryd Bayless,bayleje01,PG,25,TOT,72,19,1686,7.7,19.1,0.402,2.4,6.6,0.358,5.3,12.5,0.425,2.9,3.7,0.797,0.7,3.8,4.5,6.0,1.9,0.3,2.5,5.0,20.6,103.0,109.0,2014,Jerryd Bayless-2014,0.0,Not Selected,Guard,TOT,0.03333333333333334
2013-14,Aron Baynes,baynear01,C,27,SAS,53,4,491,7.3,16.8,0.436,0.0,0.0,0.0,7.3,16.8,0.436,2.0,2.2,0.905,5.9,9.1,14.9,3.5,0.2,0.5,3.7,7.9,16.6,97.0,105.0,2014,Aron Baynes-2014,0.0,Not Selected,Center,SAS,0.05040650406504065
2013-14,Kent Bazemore,bazemke01,SG,24,TOT,67,15,911,7.9,18.4,0.429,2.3,6.9,0.336,5.6,11.6,0.484,3.6,5.9,0.606,0.5,5.8,6.3,4.9,2.3,0.7,4.2,5.5,21.7,93.0,108.0,2014,Kent Bazemore-2014,0.0,Not Selected,Guard,TOT,0.03333333333333334
2013-14,Bradley Beal,bealbr01,SG,20,WAS,73,73,2530,9.8,23.4,0.419,2.8,7.0,0.402,7.0,16.4,0.426,3.0,3.8,0.7879999999999999,1.1,4.5,5.6,4.9,1.4,0.4,2.6,3.1,25.4,103.0,107.0,2014,Bradley Beal-2014,0.0,Not Selected,Guard,WAS,0.03577235772357724
2013-14,Michael Beasley,beaslmi01,SF,25,MIA,55,2,831,11.2,22.5,0.499,1.3,3.4,0.389,9.9,19.1,0.518,3.9,5.0,0.772,2.0,8.9,10.9,2.7,1.5,1.3,3.6,5.9,27.6,103.0,105.0,2014,Michael Beasley-2014,0.0,Not Selected,Forward,MIA,0.04390243902439024
2013-14,Marco Belinelli,belinma01,SF,27,SAS,80,25,2016,8.4,17.4,0.485,3.2,7.3,0.43,5.3,10.1,0.525,2.8,3.3,0.847,0.5,5.2,5.7,4.5,1.3,0.2,2.4,3.3,22.8,114.0,105.0,2014,Marco Belinelli-2014,0.0,Not Selected,Forward,SAS,0.05040650406504065
2013-14,Anthony Bennett,bennean01,PF,20,CLE,52,0,663,6.2,17.5,0.35600000000000004,1.0,4.1,0.245,5.2,13.4,0.39,3.4,5.4,0.638,3.8,8.2,12.1,1.3,1.6,0.6,3.7,7.2,16.9,85.0,107.0,2014,Anthony Bennett-2014,0.0,Not Selected,Forward,CLE,0.026829268292682926
2013-14,Patrick Beverley,beverpa01,PG,25,HOU,56,55,1751,5.7,13.7,0.414,2.6,7.3,0.361,3.0,6.4,0.473,2.4,2.9,0.8140000000000001,2.0,3.5,5.6,4.3,2.2,0.7,1.9,5.0,16.3,115.0,108.0,2014,Patrick Beverley-2014,0.0,Not Selected,Guard,HOU,0.04390243902439024
2013-14,Andris Biedriņš,biedran01,C,27,UTA,6,0,45,1.2,1.2,1.0,0.0,0.0,0.0,1.2,1.2,1.0,1.2,7.0,0.16699999999999998,2.3,17.5,19.8,0.0,0.0,0.0,2.3,7.0,3.5,62.0,109.0,2014,Andris Biedriņš-2014,0.0,Not Selected,Center,UTA,0.02032520325203252
2013-14,Chauncey Billups,billuch01,SG,37,DET,19,7,309,3.9,12.9,0.304,2.3,7.9,0.292,1.6,5.1,0.32299999999999995,1.6,2.0,0.833,0.7,3.9,4.6,6.9,1.3,0.2,4.1,4.1,11.8,87.0,113.0,2014,Chauncey Billups-2014,0.0,Not Selected,Guard,DET,0.023577235772357725
2013-14,Bismack Biyombo,biyombi01,C,21,CHA,77,9,1072,4.3,7.0,0.611,0.0,0.0,0.0,4.3,7.0,0.611,2.2,4.3,0.517,5.1,12.6,17.7,0.4,0.3,4.2,1.9,6.0,10.8,115.0,99.0,2014,Bismack Biyombo-2014,0.0,Not Selected,Center,CHO,0.034959349593495934
2013-14,DeJuan Blair,blairde01,PF,24,DAL,78,13,1214,8.9,16.6,0.534,0.0,0.1,0.0,8.9,16.5,0.537,3.3,5.1,0.636,5.9,9.7,15.6,3.0,2.5,0.9,3.3,8.1,21.0,110.0,105.0,2014,DeJuan Blair-2014,0.0,Not Selected,Forward,DAL,0.03983739837398374
2013-14,Steve Blake,blakest01,PG,33,TOT,55,28,1498,4.4,11.6,0.377,2.6,6.9,0.376,1.8,4.7,0.37799999999999995,1.1,1.4,0.767,0.4,4.8,5.2,10.1,1.8,0.3,3.3,2.8,12.4,103.0,109.0,2014,Steve Blake-2014,0.0,Not Selected,Guard,TOT,0.03333333333333334
2013-14,Andray Blatche,blatcan01,PF,27,BRK,73,7,1618,10.4,21.9,0.47600000000000003,0.5,1.8,0.278,9.9,20.1,0.494,5.3,7.2,0.742,3.9,8.8,12.7,3.6,2.4,1.2,3.6,5.4,26.6,104.0,105.0,2014,Andray Blatche-2014,0.0,Not Selected,Forward,BRK,0.03577235772357724
2013-14,Eric Bledsoe,bledser01,PG,24,PHO,43,40,1416,9.4,19.7,0.47700000000000004,1.8,5.0,0.35700000000000004,7.6,14.7,0.517,6.5,8.4,0.772,1.0,6.2,7.2,8.3,2.4,0.5,5.1,3.5,27.0,110.0,106.0,2014,Eric Bledsoe-2014,0.0,Not Selected,Guard,PHO,0.03902439024390244
2013-14,Vander Blue,blueva01,SG,21,BOS,3,0,15,6.9,13.7,0.5,0.0,3.4,0.0,6.9,10.3,0.667,3.4,17.1,0.2,0.0,10.3,10.3,3.4,0.0,0.0,6.9,3.4,17.1,64.0,110.0,2014,Vander Blue-2014,0.0,Not Selected,Guard,BOS,0.02032520325203252
2013-14,Keith Bogans,boganke01,SG,33,BOS,6,0,55,2.8,5.6,0.5,2.8,5.6,0.5,0.0,0.0,0.0,2.8,2.8,1.0,0.0,2.8,2.8,2.8,0.9,0.0,0.9,1.9,11.2,153.0,113.0,2014,Keith Bogans-2014,0.0,Not Selected,Guard,BOS,0.02032520325203252
2013-14,Andrew Bogut,bogutan01,C,29,GSW,67,67,1769,6.6,10.6,0.627,0.0,0.0,0.0,6.6,10.6,0.627,0.6,1.8,0.344,5.1,13.8,18.9,3.2,1.3,3.4,2.7,5.9,13.9,115.0,96.0,2014,Andrew Bogut-2014,0.0,Not Selected,Center,GSW,0.041463414634146344
2013-14,Matt Bonner,bonnema01,PF,33,SAS,61,0,690,5.3,12.0,0.445,3.1,7.2,0.429,2.3,4.8,0.47,0.7,0.9,0.75,1.2,8.3,9.5,2.3,1.1,0.8,1.2,3.6,14.4,114.0,103.0,2014,Matt Bonner-2014,0.0,Not Selected,Forward,SAS,0.05040650406504065
2013-14,Trevor Booker,booketr01,PF,26,WAS,72,45,1553,7.4,13.4,0.551,0.0,0.1,0.0,7.4,13.3,0.5539999999999999,1.6,2.5,0.618,4.9,7.6,12.6,2.1,1.4,1.5,1.9,4.3,16.3,114.0,104.0,2014,Trevor Booker-2014,0.0,Not Selected,Forward,WAS,0.03577235772357724
2013-14,Carlos Boozer,boozeca01,PF,32,CHI,76,76,2141,11.1,24.4,0.456,0.0,0.0,0.0,11.1,24.3,0.457,3.7,4.8,0.767,3.4,12.3,15.7,2.9,1.3,0.5,3.8,5.4,25.9,95.0,98.0,2014,Carlos Boozer-2014,0.0,Not Selected,Forward,CHI,0.03902439024390244
2013-14,Chris Bosh,boshch01,C,29,MIA,79,79,2531,10.2,19.8,0.516,1.5,4.5,0.33899999999999997,8.7,15.3,0.569,4.6,5.7,0.82,2.0,8.8,10.9,1.8,1.7,1.6,2.6,4.0,26.6,112.0,104.0,2014,Chris Bosh-2014,0.0,Not Selected,Center,MIA,0.04390243902439024
2013-14,Avery Bradley,bradlav01,SG,23,BOS,60,58,1855,10.0,22.9,0.43799999999999994,2.2,5.5,0.395,7.8,17.3,0.451,2.5,3.1,0.804,1.3,4.9,6.3,2.4,1.7,0.3,2.7,4.0,24.7,100.0,109.0,2014,Avery Bradley-2014,0.0,Not Selected,Guard,BOS,0.02032520325203252
2013-14,Elton Brand,brandel01,C,34,ATL,73,15,1414,6.4,11.9,0.539,0.0,0.1,0.0,6.4,11.8,0.542,2.2,3.4,0.649,3.5,9.5,12.9,2.7,1.4,3.2,2.2,6.9,15.0,110.0,103.0,2014,Elton Brand-2014,0.0,Not Selected,Center,ATL,0.030894308943089432
2013-14,Corey Brewer,breweco01,SF,27,MIN,81,81,2609,7.3,15.3,0.48100000000000004,1.1,4.0,0.28,6.2,11.3,0.552,3.1,4.3,0.718,1.2,2.7,3.9,2.6,2.9,0.6,2.0,4.0,18.9,108.0,107.0,2014,Corey Brewer-2014,0.0,Not Selected,Forward,MIN,0.032520325203252036
2013-14,Ronnie Brewer,brewero02,SF,28,TOT,24,3,160,0.9,4.7,0.2,0.3,2.5,0.125,0.6,2.2,0.28600000000000003,0.0,0.6,0.0,0.6,3.7,4.4,3.1,1.9,0.3,0.6,1.2,2.2,77.0,109.0,2014,Ronnie Brewer-2014,0.0,Not Selected,Forward,TOT,0.03333333333333334
2013-14,Aaron Brooks,brookaa01,PG,29,TOT,72,12,1557,7.4,18.4,0.401,3.0,7.9,0.387,4.3,10.6,0.41100000000000003,2.6,3.0,0.8740000000000001,1.4,3.1,4.4,7.4,1.6,0.4,3.7,4.6,20.4,105.0,110.0,2014,Aaron Brooks-2014,0.0,Not Selected,Guard,TOT,0.03333333333333334
2013-14,MarShon Brooks,brookma01,SG,25,TOT,35,0,316,8.9,19.5,0.456,2.0,3.9,0.52,6.9,15.6,0.44,5.0,6.9,0.727,1.6,6.9,8.4,3.9,2.2,0.6,3.7,3.3,24.8,102.0,109.0,2014,MarShon Brooks-2014,0.0,Not Selected,Guard,TOT,0.03333333333333334
2013-14,Lorenzo Brown,brownlo01,PG,23,PHI,26,0,224,5.6,18.6,0.302,0.6,6.5,0.1,5.0,12.1,0.41100000000000003,1.9,2.8,0.6920000000000001,1.7,4.3,6.1,8.9,2.8,0.6,3.5,4.1,13.8,82.0,109.0,2014,Lorenzo Brown-2014,0.0,Not Selected,Guard,PHI,0.015447154471544716
2013-14,Shannon Brown,brownsh01,SG,28,TOT,29,1,251,5.0,13.7,0.364,0.0,0.4,0.0,5.0,13.3,0.375,3.1,4.4,0.7140000000000001,1.5,4.4,5.8,1.9,2.7,0.0,3.7,5.0,13.1,78.0,107.0,2014,Shannon Brown-2014,0.0,Not Selected,Guard,TOT,0.03333333333333334
2013-14,Kobe Bryant,bryanko01,SG,35,LAL,6,6,177,8.5,20.1,0.425,0.8,4.4,0.188,7.7,15.7,0.491,4.9,5.8,0.857,0.5,6.6,7.1,10.4,1.9,0.3,9.3,2.5,22.8,84.0,111.0,2014,Kobe Bryant-2014,0.0,Not Selected,Guard,LAL,0.02195121951219512
2013-14,Chase Budinger,budinch01,SF,25,MIN,41,8,751,6.6,16.7,0.39399999999999996,2.8,7.9,0.35,3.8,8.8,0.433,2.1,2.6,0.821,1.2,5.5,6.8,2.0,1.2,0.1,1.6,3.8,18.0,103.0,109.0,2014,Chase Budinger-2014,0.0,Not Selected,Forward,MIN,0.032520325203252036
2013-14,Reggie Bullock,bullore01,SF,22,LAC,43,0,395,5.4,15.3,0.355,2.8,9.2,0.301,2.7,6.1,0.43799999999999994,0.9,1.1,0.778,1.4,5.4,6.8,1.5,1.1,0.1,1.6,3.3,14.6,93.0,108.0,2014,Reggie Bullock-2014,0.0,Not Selected,Forward,LAC,0.046341463414634146
2013-14,Trey Burke,burketr01,PG,21,UTA,70,68,2262,7.9,20.8,0.38,2.6,7.8,0.33,5.3,13.0,0.41,2.4,2.6,0.903,0.9,4.0,4.8,9.2,1.0,0.1,3.0,3.4,20.8,101.0,115.0,2014,Trey Burke-2014,0.0,Not Selected,Guard,UTA,0.02032520325203252
2013-14,Alec Burks,burksal01,SG,22,UTA,78,12,2193,9.1,19.9,0.457,1.2,3.4,0.35,7.9,16.5,0.48,6.7,8.9,0.748,1.4,4.7,6.2,5.1,1.7,0.3,3.6,4.6,26.1,106.0,113.0,2014,Alec Burks-2014,0.0,Not Selected,Guard,UTA,0.02032520325203252
2013-14,Caron Butler,butleca01,SF,33,TOT,56,13,1419,7.7,19.6,0.39399999999999996,3.6,9.0,0.39399999999999996,4.2,10.5,0.395,2.3,2.7,0.84,0.8,7.5,8.3,3.0,1.7,0.6,2.2,4.3,21.3,102.0,108.0,2014,Caron Butler-2014,0.0,Not Selected,Forward,TOT,0.03333333333333334
2013-14,Jimmy Butler,butleji01,SG,24,CHI,67,67,2591,5.6,14.2,0.397,1.4,4.9,0.28300000000000003,4.3,9.3,0.457,5.3,6.9,0.769,1.8,5.0,6.8,3.6,2.6,0.7,2.1,2.2,18.0,108.0,100.0,2014,Jimmy Butler-2014,0.0,Not Selected,Guard,CHI,0.03902439024390244
2013-14,Rasual Butler,butlera01,SG,34,IND,50,2,378,7.0,15.1,0.46399999999999997,3.6,8.5,0.419,3.4,6.6,0.521,1.1,1.9,0.5710000000000001,0.8,4.8,5.6,2.3,1.0,1.2,1.5,4.1,18.7,113.0,102.0,2014,Rasual Butler-2014,0.0,Not Selected,Guard,IND,0.04552845528455285
2013-14,Dwight Buycks,buyckdw01,PG,24,TOR,14,0,146,5.4,17.2,0.313,1.8,6.1,0.294,3.6,11.1,0.32299999999999995,2.9,3.2,0.889,1.4,6.8,8.2,3.6,2.9,0.0,3.6,3.9,15.4,84.0,103.0,2014,Dwight Buycks-2014,0.0,Not Selected,Guard,TOR,0.03902439024390244
2013-14,Andrew Bynum,bynuman01,C,26,TOT,26,19,516,9.4,22.5,0.418,0.0,0.0,0.0,9.4,22.5,0.418,3.7,4.9,0.755,5.3,9.2,14.5,2.9,0.6,2.9,3.4,3.1,22.5,95.0,105.0,2014,Andrew Bynum-2014,0.0,Not Selected,Center,TOT,0.03333333333333334
2013-14,Will Bynum,bynumwi01,PG,31,DET,56,3,1054,8.8,20.6,0.428,1.0,3.0,0.32299999999999995,7.9,17.7,0.446,4.7,5.8,0.802,1.2,3.6,4.7,10.4,1.9,0.3,4.9,5.8,23.3,102.0,112.0,2014,Will Bynum-2014,0.0,Not Selected,Guard,DET,0.023577235772357725
2013-14,Nick Calathes,calatni01,SG,24,MEM,71,7,1173,6.5,14.2,0.457,0.9,2.8,0.311,5.6,11.4,0.49200000000000005,2.0,3.3,0.611,1.0,5.2,6.2,9.4,3.0,0.4,4.6,5.3,15.8,97.0,104.0,2014,Nick Calathes-2014,0.0,Not Selected,Guard,MEM,0.04065040650406504
2013-14,José Calderón,caldejo01,PG,32,DAL,81,81,2468,7.1,15.6,0.456,4.0,8.8,0.449,3.1,6.7,0.46399999999999997,1.1,1.3,0.825,0.6,3.4,4.0,7.8,1.4,0.2,2.1,2.8,19.2,120.0,112.0,2014,José Calderón-2014,0.0,Not Selected,Guard,DAL,0.03983739837398374
2013-14,Kentavious Caldwell-Pope,caldwke01,SG,20,DET,80,41,1583,5.8,14.7,0.396,1.9,5.9,0.319,3.9,8.8,0.447,1.5,1.9,0.77,1.2,3.8,5.0,1.8,2.4,0.4,0.9,4.6,15.0,106.0,111.0,2014,Kentavious Caldwell-Pope-2014,0.0,Not Selected,Guard,DET,0.023577235772357725
2013-14,Isaiah Canaan,canaais01,PG,22,HOU,22,0,252,6.1,17.2,0.35600000000000004,3.6,10.9,0.327,2.6,6.3,0.406,4.2,5.7,0.7240000000000001,1.4,3.4,4.7,4.4,1.6,0.8,4.2,4.9,20.0,97.0,109.0,2014,Isaiah Canaan-2014,0.0,Not Selected,Guard,HOU,0.04390243902439024
2013-14,DeMarre Carroll,carrode01,SF,27,ATL,73,73,2341,6.5,13.9,0.47,2.1,5.8,0.36200000000000004,4.4,8.1,0.5479999999999999,2.4,3.1,0.773,2.3,6.4,8.7,2.9,2.3,0.5,1.7,4.1,17.6,113.0,106.0,2014,DeMarre Carroll-2014,0.0,Not Selected,Forward,ATL,0.030894308943089432
2013-14,Vince Carter,cartevi01,SG,37,DAL,81,0,1973,8.6,21.1,0.40700000000000003,3.8,9.6,0.39399999999999996,4.8,11.4,0.418,4.2,5.1,0.821,1.7,5.6,7.4,5.5,1.6,0.9,2.8,5.4,25.1,109.0,110.0,2014,Vince Carter-2014,0.0,Not Selected,Guard,DAL,0.03983739837398374
2013-14,Michael Carter-Williams,cartemi01,PG,22,PHI,70,70,2414,8.6,21.1,0.405,1.1,4.2,0.264,7.5,17.0,0.44,5.2,7.4,0.703,2.0,6.7,8.8,8.8,2.6,0.9,5.0,4.3,23.4,96.0,108.0,2014,Michael Carter-Williams-2014,0.0,Not Selected,Guard,PHI,0.015447154471544716
2013-14,Omri Casspi,casspom01,PF,25,HOU,71,2,1283,6.7,15.9,0.42200000000000004,2.4,6.8,0.34700000000000003,4.4,9.1,0.479,3.2,4.7,0.68,2.1,8.0,10.1,3.4,1.7,0.5,2.8,3.9,19.0,105.0,106.0,2014,Omri Casspi-2014,0.0,Not Selected,Forward,HOU,0.04390243902439024
2013-14,Mario Chalmers,chalmma01,PG,27,MIA,73,73,2178,6.1,13.5,0.45399999999999996,2.1,5.5,0.385,4.0,8.1,0.5,2.9,3.9,0.742,1.0,4.2,5.2,8.6,2.9,0.4,3.9,5.1,17.3,108.0,106.0,2014,Mario Chalmers-2014,0.0,Not Selected,Guard,MIA,0.04390243902439024
2013-14,Tyson Chandler,chandty01,C,31,NYK,55,55,1662,6.1,10.3,0.593,0.0,0.0,0.0,6.1,10.3,0.595,3.1,5.0,0.632,5.1,11.8,16.9,1.9,1.2,2.0,2.3,4.6,15.4,120.0,106.0,2014,Tyson Chandler-2014,0.0,Not Selected,Center,NYK,0.03008130081300813
2013-14,Wilson Chandler,chandwi01,SF,26,DEN,62,55,1927,7.8,18.7,0.41600000000000004,3.1,8.9,0.348,4.7,9.8,0.478,2.8,3.9,0.7240000000000001,1.5,6.0,7.5,2.9,1.2,0.8,2.0,4.9,21.5,107.0,110.0,2014,Wilson Chandler-2014,0.0,Not Selected,Forward,DEN,0.02926829268292683
2013-14,Josh Childress,childjo01,SF,30,NOP,4,0,24,0.0,0.0,0.0,0.0,0.0,0.0,0.0,0.0,0.0,0.0,0.0,0.0,0.0,6.5,6.5,4.3,2.2,0.0,2.2,2.2,0.0,68.0,111.0,2014,Josh Childress-2014,0.0,Not Selected,Forward,NOP,0.027642276422764227
2013-14,Dionte Christmas,chrisdi01,SF,27,PHO,31,0,198,5.6,15.7,0.355,2.3,7.8,0.29,3.3,7.8,0.419,4.6,6.1,0.75,3.3,6.3,9.6,2.0,0.5,0.8,1.5,4.8,18.0,109.0,110.0,2014,Dionte Christmas-2014,0.0,Not Selected,Forward,PHO,0.03902439024390244
2013-14,Earl Clark,clarkea01,PF,26,TOT,54,17,768,6.5,17.6,0.37200000000000005,2.8,8.2,0.336,3.8,9.4,0.40299999999999997,1.5,2.3,0.647,1.5,8.1,9.6,1.2,1.1,1.7,2.1,4.5,17.3,92.0,107.0,2014,Earl Clark-2014,0.0,Not Selected,Forward,TOT,0.03333333333333334
2013-14,Ian Clark,clarkia01,SG,22,UTA,23,0,172,7.9,20.5,0.38799999999999996,3.4,9.5,0.355,4.6,11.0,0.41700000000000004,1.5,2.1,0.7140000000000001,0.9,4.9,5.8,4.6,2.4,0.6,4.3,7.3,20.8,90.0,111.0,2014,Ian Clark-2014,0.0,Not Selected,Guard,UTA,0.02032520325203252
2013-14,Victor Claver,clavevi01,SF,25,POR,21,0,184,4.7,11.5,0.405,0.8,4.9,0.16699999999999998,3.8,6.6,0.583,2.7,3.0,0.909,2.5,8.2,10.7,3.3,0.8,0.8,3.0,4.4,12.9,99.0,108.0,2014,Victor Claver-2014,0.0,Not Selected,Forward,POR,0.04390243902439024
2013-14,Norris Cole,coleno01,PG,25,MIA,82,6,2014,5.4,13.1,0.414,1.6,4.5,0.345,3.8,8.5,0.451,1.4,1.8,0.779,0.4,3.7,4.2,6.5,2.0,0.1,3.3,4.1,13.8,96.0,108.0,2014,Norris Cole-2014,0.0,Not Selected,Guard,MIA,0.04390243902439024
2013-14,Jason Collins,collija04,C,35,BRK,22,1,172,3.4,7.3,0.45799999999999996,0.0,0.9,0.0,3.4,6.4,0.524,0.9,1.2,0.75,2.1,3.7,5.8,1.2,2.4,0.3,2.1,9.2,7.6,91.0,109.0,2014,Jason Collins-2014,0.0,Not Selected,Center,BRK,0.03577235772357724
2013-14,Darren Collison,collida01,PG,26,LAC,80,35,2069,7.8,16.8,0.467,1.7,4.6,0.376,6.1,12.2,0.501,4.6,5.4,0.857,1.1,3.4,4.5,7.2,2.2,0.4,3.2,3.6,22.0,113.0,107.0,2014,Darren Collison-2014,0.0,Not Selected,Guard,LAC,0.046341463414634146
2013-14,Nick Collison,collini01,PF,33,OKC,81,0,1353,5.0,9.0,0.556,0.1,0.6,0.235,4.8,8.3,0.58,2.5,3.5,0.71,4.3,6.6,10.9,3.9,1.1,1.0,2.6,7.0,12.6,117.0,106.0,2014,Nick Collison-2014,0.0,Not Selected,Forward,OKC,0.04796747967479675
2013-14,Mike Conley,conlemi01,PG,26,MEM,73,73,2446,10.1,22.5,0.45,2.3,6.4,0.361,7.8,16.1,0.484,4.9,6.0,0.815,0.9,3.8,4.7,9.6,2.4,0.3,3.3,3.1,27.4,113.0,106.0,2014,Mike Conley-2014,0.0,Not Selected,Guard,MEM,0.04065040650406504
2013-14,Chris Copeland,copelch01,SF,29,IND,41,0,265,10.8,22.9,0.47,6.5,15.5,0.418,4.3,7.4,0.579,2.0,2.7,0.7140000000000001,1.4,4.9,6.3,3.5,0.6,1.4,2.7,7.4,30.0,116.0,103.0,2014,Chris Copeland-2014,0.0,Not Selected,Forward,IND,0.04552845528455285
2013-14,DeMarcus Cousins,couside01,C,23,SAC,71,71,2298,13.1,26.4,0.496,0.0,0.2,0.0,13.1,26.2,0.499,9.6,13.2,0.726,4.8,13.6,18.4,4.6,2.4,2.0,5.6,6.0,35.7,107.0,101.0,2014,DeMarcus Cousins-2014,0.0,Not Selected,Center,SAC,0.022764227642276424
2013-14,Robert Covington,covinro01,SF,23,HOU,7,0,34,8.8,20.5,0.429,5.9,16.1,0.364,2.9,4.4,0.667,0.0,0.0,0.0,2.9,4.4,7.3,0.0,2.9,0.0,1.5,4.4,23.5,112.0,106.0,2014,Robert Covington-2014,0.0,Not Selected,Forward,HOU,0.04390243902439024
2013-14,Allen Crabbe,crabbal01,SG,21,POR,15,0,100,6.1,16.7,0.364,3.0,7.1,0.429,3.0,9.6,0.316,1.5,2.0,0.75,0.5,4.0,4.6,3.0,1.0,0.5,1.5,5.1,16.7,100.0,110.0,2014,Allen Crabbe-2014,0.0,Not Selected,Guard,POR,0.04390243902439024
2013-14,Jamal Crawford,crawfja01,SG,33,LAC,69,24,2094,10.1,24.2,0.41600000000000004,3.8,10.7,0.361,6.2,13.5,0.46,6.7,7.7,0.866,0.8,3.0,3.8,5.3,1.4,0.3,3.2,2.9,30.6,110.0,109.0,2014,Jamal Crawford-2014,0.0,Not Selected,Guard,LAC,0.046341463414634146
2013-14,Jordan Crawford,crawfjo02,SG-PG,25,TOT,81,35,1859,8.9,21.6,0.415,2.5,7.8,0.316,6.5,13.8,0.47100000000000003,4.0,4.6,0.8640000000000001,0.8,4.2,5.0,7.7,1.3,0.1,3.7,3.3,24.4,104.0,109.0,2014,Jordan Crawford-2014,0.0,Not Selected,Guard,TOT,0.03333333333333334
2013-14,Jae Crowder,crowdja01,SF,23,DAL,78,8,1254,5.3,12.1,0.439,2.0,6.2,0.331,3.3,5.9,0.552,1.9,2.5,0.754,1.9,6.1,7.9,2.5,2.4,0.9,1.7,4.1,14.6,110.0,108.0,2014,Jae Crowder-2014,0.0,Not Selected,Forward,DAL,0.03983739837398374
2013-14,Dante Cunningham,cunnida01,PF,26,MIN,81,7,1635,7.1,15.4,0.46399999999999997,0.0,0.2,0.0,7.1,15.2,0.46799999999999997,1.1,2.0,0.5670000000000001,3.4,6.6,10.0,2.5,1.9,1.7,1.3,4.4,15.4,104.0,105.0,2014,Dante Cunningham-2014,0.0,Not Selected,Forward,MIN,0.032520325203252036
2013-14,Jared Cunningham,cunnija01,SG,22,TOT,13,0,80,3.8,13.3,0.28600000000000003,0.6,4.4,0.14300000000000002,3.2,8.9,0.35700000000000004,8.3,10.2,0.813,0.6,3.2,3.8,5.1,1.9,0.0,1.3,10.2,16.5,108.0,110.0,2014,Jared Cunningham-2014,0.0,Not Selected,Guard,TOT,0.03333333333333334
2013-14,Seth Curry,curryse01,PG,23,TOT,2,0,13,4.0,12.0,0.33299999999999996,4.0,4.0,1.0,0.0,8.0,0.0,0.0,0.0,0.0,0.0,4.0,4.0,0.0,8.0,0.0,0.0,0.0,12.0,106.0,96.0,2014,Seth Curry-2014,0.0,Not Selected,Guard,TOT,0.03333333333333334
2013-14,Stephen Curry,curryst01,PG,25,GSW,78,78,2846,11.4,24.2,0.47100000000000003,4.6,10.8,0.424,6.9,13.5,0.509,5.4,6.1,0.885,0.8,5.0,5.9,11.7,2.2,0.2,5.2,3.4,32.8,117.0,104.0,2014,Stephen Curry-2014,2.0,2nd,Guard,GSW,0.041463414634146344
2013-14,Samuel Dalembert,dalemsa01,C,32,DAL,80,68,1614,6.8,12.0,0.568,0.0,0.0,0.0,6.8,12.0,0.569,3.2,4.4,0.737,6.4,10.8,17.2,1.2,1.3,3.0,2.9,6.7,16.8,117.0,105.0,2014,Samuel Dalembert-2014,0.0,Not Selected,Center,DAL,0.03983739837398374
2013-14,Troy Daniels,danietr01,SG,22,HOU,5,1,75,10.0,20.6,0.484,8.0,16.6,0.48,2.0,4.0,0.5,0.0,0.0,0.0,0.0,2.7,2.7,3.3,0.0,0.0,2.0,4.0,27.9,126.0,114.0,2014,Troy Daniels-2014,0.0,Not Selected,Guard,HOU,0.04390243902439024
2013-14,Gigi Datome,datomlu01,SF,26,DET,34,0,238,7.2,20.6,0.35100000000000003,1.5,8.3,0.179,5.7,12.3,0.466,1.7,2.1,0.8,3.0,6.8,9.8,2.3,1.3,0.2,2.3,4.2,17.6,90.0,112.0,2014,Gigi Datome-2014,0.0,Not Selected,Forward,DET,0.023577235772357725
2013-14,Brandon Davies,daviebr01,PF,22,PHI,51,0,575,4.5,10.8,0.42200000000000004,0.2,0.8,0.2,4.4,9.9,0.441,2.9,4.5,0.642,3.2,6.0,9.2,2.4,2.0,0.7,2.9,7.7,12.1,93.0,110.0,2014,Brandon Davies-2014,0.0,Not Selected,Forward,PHI,0.015447154471544716
2013-14,Anthony Davis,davisan02,PF,20,NOP,67,66,2358,11.5,22.2,0.519,0.0,0.2,0.222,11.5,22.0,0.522,7.7,9.7,0.7909999999999999,4.6,10.3,14.9,2.3,2.0,4.2,2.4,4.4,30.8,119.0,104.0,2014,Anthony Davis-2014,0.0,Not Selected,Forward,NOP,0.027642276422764227
2013-14,Ed Davis,davised01,PF,24,MEM,63,4,956,8.7,16.2,0.534,0.0,0.0,0.0,8.7,16.2,0.534,2.6,5.0,0.528,5.1,9.4,14.5,1.5,0.9,2.4,2.2,6.4,19.9,110.0,103.0,2014,Ed Davis-2014,0.0,Not Selected,Forward,MEM,0.04065040650406504
2013-14,Glen Davis,davisgl01,PF,28,TOT,68,44,1662,8.3,18.2,0.457,0.1,0.3,0.364,8.2,17.9,0.45899999999999996,2.9,4.2,0.693,3.3,7.5,10.8,2.4,1.8,0.9,2.3,4.9,19.7,99.0,106.0,2014,Glen Davis-2014,0.0,Not Selected,Forward,TOT,0.03333333333333334
2013-14,Austin Daye,dayeau01,SF,25,TOT,22,1,148,8.3,23.4,0.353,4.1,12.7,0.324,4.1,10.7,0.387,2.1,3.4,0.6,1.7,7.6,9.3,2.8,1.4,1.4,1.7,6.2,22.7,94.0,103.0,2014,Austin Daye-2014,0.0,Not Selected,Forward,TOT,0.03333333333333334
2013-14,Nando De Colo,decolna01,SF,26,TOT,47,3,494,6.6,15.9,0.418,1.9,5.5,0.34,4.8,10.4,0.46,3.2,3.6,0.8859999999999999,1.5,6.1,7.6,6.7,2.3,0.6,3.6,5.0,18.3,103.0,103.0,2014,Nando De Colo-2014,0.0,Not Selected,Forward,TOT,0.03333333333333334
2013-14,Dewayne Dedmon,dedmode01,C,24,TOT,31,6,390,4.9,10.7,0.45799999999999996,0.0,0.0,0.0,4.9,10.7,0.45799999999999996,2.7,4.1,0.6559999999999999,4.9,11.4,16.3,0.6,0.9,2.8,2.3,8.5,12.5,100.0,105.0,2014,Dewayne Dedmon-2014,0.0,Not Selected,Center,TOT,0.03333333333333334
2013-14,Matthew Dellavedova,dellama01,SG,23,CLE,72,4,1271,4.9,12.0,0.41200000000000003,2.3,6.3,0.368,2.6,5.7,0.461,1.5,1.9,0.792,1.2,3.8,5.0,7.6,1.3,0.2,2.4,4.9,13.8,111.0,111.0,2014,Matthew Dellavedova-2014,0.0,Not Selected,Guard,CLE,0.026829268292682926
2013-14,Luol Deng,denglu01,SF,28,TOT,63,63,2213,8.7,20.3,0.431,1.3,4.5,0.302,7.4,15.8,0.46799999999999997,5.0,6.3,0.7909999999999999,2.3,6.2,8.5,4.3,1.5,0.2,2.7,2.6,23.8,106.0,107.0,2014,Luol Deng-2014,0.0,Not Selected,Forward,TOT,0.03333333333333334
2013-14,DeMar DeRozan,derozde01,SG,24,TOR,79,79,3017,10.5,24.4,0.429,1.1,3.6,0.305,9.4,20.7,0.451,9.0,10.9,0.8240000000000001,0.9,5.1,5.9,5.4,1.5,0.5,3.0,3.4,31.0,110.0,107.0,2014,DeMar DeRozan-2014,0.0,Not Selected,Guard,TOR,0.03902439024390244
2013-14,Boris Diaw,diawbo01,PF,31,SAS,79,24,1974,7.7,14.8,0.521,1.2,2.9,0.402,6.6,12.0,0.5489999999999999,1.7,2.4,0.7390000000000001,1.9,6.5,8.3,5.7,1.1,0.8,3.1,3.6,18.4,109.0,104.0,2014,Boris Diaw-2014,0.0,Not Selected,Forward,SAS,0.05040650406504065
2013-14,Gorgui Dieng,dienggo01,C,24,MIN,60,15,818,6.8,13.7,0.498,0.1,0.1,1.0,6.8,13.6,0.496,3.6,5.6,0.634,6.2,11.9,18.1,2.4,1.8,3.0,3.3,6.5,17.2,106.0,100.0,2014,Gorgui Dieng-2014,0.0,Not Selected,Center,MIN,0.032520325203252036
2013-14,Toney Douglas,douglto01,PG,27,TOT,51,17,675,5.6,14.5,0.384,2.4,7.8,0.304,3.2,6.7,0.47700000000000004,1.9,2.6,0.735,1.4,5.3,6.6,5.2,1.5,0.4,2.6,6.2,15.4,101.0,107.0,2014,Toney Douglas-2014,0.0,Not Selected,Guard,TOT,0.03333333333333334
2013-14,Chris Douglas-Roberts,douglch01,SF,27,CHA,49,8,1016,5.7,12.9,0.44,2.6,6.7,0.386,3.1,6.1,0.5,3.4,4.2,0.805,0.8,5.3,6.1,2.6,1.5,0.8,1.8,3.1,17.3,111.0,105.0,2014,Chris Douglas-Roberts-2014,0.0,Not Selected,Forward,CHO,0.034959349593495934
2013-14,Goran Dragić,dragigo01,SG,27,PHO,76,75,2668,10.4,20.5,0.505,2.3,5.6,0.408,8.1,14.9,0.542,5.9,7.8,0.76,1.3,3.3,4.6,8.4,2.0,0.4,4.0,3.9,29.0,119.0,109.0,2014,Goran Dragić-2014,3.0,3rd,Guard,PHO,0.03902439024390244
2013-14,Andre Drummond,drumman01,C,20,DET,81,81,2619,9.2,14.8,0.623,0.0,0.0,0.0,9.2,14.8,0.625,2.6,6.3,0.418,8.5,12.2,20.7,0.7,2.0,2.5,2.1,5.3,21.1,121.0,104.0,2014,Andre Drummond-2014,0.0,Not Selected,Center,DET,0.023577235772357725
2013-14,Jared Dudley,dudleja01,SF,28,LAC,74,43,1729,5.7,12.9,0.43799999999999994,2.3,6.5,0.36,3.3,6.4,0.518,1.1,1.7,0.655,1.0,3.6,4.6,3.0,1.2,0.3,1.6,4.2,14.8,107.0,109.0,2014,Jared Dudley-2014,0.0,Not Selected,Forward,LAC,0.046341463414634146
2013-14,Tim Duncan,duncati01,C,37,SAS,74,74,2158,10.4,21.2,0.49,0.0,0.1,0.0,10.4,21.1,0.493,5.4,7.4,0.731,3.7,13.2,16.9,5.2,1.0,3.3,3.7,3.1,26.2,106.0,98.0,2014,Tim Duncan-2014,0.0,Not Selected,Center,SAS,0.05040650406504065
2013-14,Mike Dunleavy,dunlemi02,SF,33,CHI,82,61,2584,6.9,15.9,0.43,2.5,6.7,0.38,4.3,9.3,0.467,2.9,3.4,0.8540000000000001,0.9,6.2,7.1,3.8,1.3,0.9,2.2,3.4,19.1,108.0,102.0,2014,Mike Dunleavy-2014,0.0,Not Selected,Forward,CHI,0.03902439024390244
2013-14,Kevin Durant,duranke01,SF,25,OKC,81,81,3122,13.7,27.2,0.503,3.1,7.9,0.391,10.6,19.3,0.5489999999999999,11.3,13.0,0.873,0.9,8.7,9.6,7.2,1.7,1.0,4.6,2.8,41.8,123.0,104.0,2014,Kevin Durant-2014,1.0,1st,Forward,OKC,0.04796747967479675
2013-14,Shane Edwards,edwarsh01,SF,26,CLE,2,0,12,4.3,12.9,0.33299999999999996,0.0,0.0,0.0,4.3,12.9,0.33299999999999996,0.0,0.0,0.0,4.3,4.3,8.6,0.0,0.0,0.0,4.3,4.3,8.6,64.0,114.0,2014,Shane Edwards-2014,0.0,Not Selected,Forward,CLE,0.026829268292682926
2013-14,Wayne Ellington,ellinwa01,SG,26,DAL,45,1,393,7.2,16.5,0.43700000000000006,3.3,7.7,0.424,3.9,8.7,0.44799999999999995,1.3,1.4,0.909,1.0,4.6,5.6,2.5,2.1,0.3,1.4,4.3,18.9,110.0,110.0,2014,Wayne Ellington-2014,0.0,Not Selected,Guard,DAL,0.03983739837398374
2013-14,Monta Ellis,ellismo01,SG,28,DAL,82,82,3023,9.8,21.7,0.451,1.2,3.5,0.33,8.6,18.1,0.474,5.8,7.3,0.7879999999999999,0.6,4.4,5.0,8.0,2.4,0.4,4.5,3.3,26.5,104.0,109.0,2014,Monta Ellis-2014,0.0,Not Selected,Guard,DAL,0.03983739837398374
2013-14,Melvin Ely,elyme01,C,35,NOP,2,0,27,5.8,11.6,0.5,0.0,0.0,0.0,5.8,11.6,0.5,0.0,0.0,0.0,0.0,1.9,1.9,0.0,0.0,1.9,0.0,9.6,11.6,104.0,116.0,2014,Melvin Ely-2014,0.0,Not Selected,Center,NOP,0.027642276422764227
2013-14,Jeremy Evans,evansje01,SF,26,UTA,66,4,1209,7.6,14.4,0.527,0.0,0.1,0.0,7.6,14.3,0.53,2.2,3.3,0.68,5.2,8.3,13.5,1.9,1.8,2.0,1.7,6.0,17.4,114.0,109.0,2014,Jeremy Evans-2014,0.0,Not Selected,Forward,UTA,0.02032520325203252
2013-14,Reggie Evans,evansre01,PF,33,TOT,54,20,899,4.1,8.6,0.473,0.0,0.0,0.0,4.1,8.6,0.473,4.1,7.5,0.5539999999999999,6.6,12.6,19.2,1.2,2.1,0.2,3.3,6.8,12.3,102.0,104.0,2014,Reggie Evans-2014,0.0,Not Selected,Forward,TOT,0.03333333333333334
2013-14,Tyreke Evans,evansty01,SF,24,NOP,72,22,2028,10.0,23.0,0.436,0.5,2.4,0.221,9.5,20.6,0.461,6.1,8.0,0.7709999999999999,2.0,6.8,8.8,9.3,2.2,0.5,4.5,4.0,26.8,103.0,110.0,2014,Tyreke Evans-2014,0.0,Not Selected,Forward,NOP,0.027642276422764227
2013-14,Kenneth Faried,farieke01,PF,24,DEN,80,77,2178,10.0,18.4,0.545,0.0,0.1,0.0,10.0,18.4,0.547,4.5,7.0,0.65,5.3,10.0,15.4,2.2,1.6,1.6,3.0,4.3,24.6,113.0,106.0,2014,Kenneth Faried-2014,0.0,Not Selected,Forward,DEN,0.02926829268292683
2013-14,Jordan Farmar,farmajo01,PG,27,LAL,41,5,912,8.1,19.4,0.415,3.7,8.5,0.43799999999999994,4.3,10.9,0.397,2.3,3.1,0.746,1.1,4.5,5.5,10.6,2.0,0.4,5.1,3.5,22.2,101.0,112.0,2014,Jordan Farmar-2014,0.0,Not Selected,Guard,LAL,0.02195121951219512
2013-14,Vítor Luiz Faverani,favervi01,C,25,BOS,37,8,488,6.7,15.5,0.435,1.3,4.2,0.3,5.5,11.3,0.486,2.5,3.9,0.649,4.4,9.1,13.5,1.7,1.5,2.8,4.3,7.8,17.3,92.0,104.0,2014,Vítor Luiz Faverani-2014,0.0,Not Selected,Center,BOS,0.02032520325203252
2013-14,Derrick Favors,favorde01,PF,22,UTA,73,73,2201,9.3,17.8,0.522,0.0,0.0,0.0,9.3,17.8,0.523,4.5,6.8,0.669,4.7,10.5,15.2,2.2,1.8,2.6,3.1,5.6,23.2,108.0,107.0,2014,Derrick Favors-2014,0.0,Not Selected,Forward,UTA,0.02032520325203252
2013-14,Carrick Felix,felixca01,SG,23,CLE,7,0,38,9.5,19.0,0.5,2.7,6.8,0.4,6.8,12.2,0.556,4.1,5.4,0.75,1.4,6.8,8.1,5.4,0.0,0.0,5.4,5.4,25.8,104.0,112.0,2014,Carrick Felix-2014,0.0,Not Selected,Guard,CLE,0.026829268292682926
2013-14,Raymond Felton,feltora01,PG,29,NYK,65,65,2017,6.3,16.0,0.395,1.6,5.1,0.318,4.7,10.9,0.431,2.3,3.2,0.721,1.4,3.8,5.2,9.6,2.1,0.7,3.4,4.1,16.6,103.0,111.0,2014,Raymond Felton-2014,0.0,Not Selected,Guard,NYK,0.03008130081300813
2013-14,Landry Fields,fieldla01,SF,25,TOR,30,2,322,4.4,10.9,0.40299999999999997,0.0,0.8,0.0,4.4,10.1,0.435,2.3,3.6,0.636,2.4,7.1,9.6,3.2,1.6,0.5,1.8,4.1,11.0,98.0,105.0,2014,Landry Fields-2014,0.0,Not Selected,Forward,TOR,0.03902439024390244
2013-14,Derek Fisher,fishede01,SG,39,OKC,81,0,1428,5.0,12.7,0.391,3.1,8.1,0.384,1.9,4.6,0.402,1.9,2.5,0.775,0.4,3.9,4.3,4.1,2.5,0.1,1.7,5.5,15.0,110.0,106.0,2014,Derek Fisher-2014,0.0,Not Selected,Guard,OKC,0.04796747967479675
2013-14,Evan Fournier,fournev01,SG,21,DEN,76,4,1503,7.4,17.7,0.419,2.9,7.7,0.376,4.5,10.0,0.45299999999999996,3.0,4.0,0.7559999999999999,1.1,5.5,6.6,3.6,1.1,0.2,3.3,5.8,20.8,101.0,111.0,2014,Evan Fournier-2014,0.0,Not Selected,Guard,DEN,0.02926829268292683
2013-14,Randy Foye,foyera01,SG,30,DEN,81,78,2485,7.1,17.2,0.413,3.7,9.8,0.38,3.4,7.4,0.456,3.1,3.6,0.8490000000000001,0.7,3.9,4.6,5.7,1.3,0.8,2.9,4.0,21.0,110.0,111.0,2014,Randy Foye-2014,0.0,Not Selected,Guard,DEN,0.02926829268292683
2013-14,Jamaal Franklin,frankja01,SG,22,MEM,21,0,161,5.3,12.9,0.41,1.7,3.6,0.455,3.6,9.3,0.39299999999999996,0.7,0.7,1.0,1.3,6.3,7.6,2.0,1.3,0.7,3.6,7.6,12.9,85.0,106.0,2014,Jamaal Franklin-2014,0.0,Not Selected,Guard,MEM,0.04065040650406504
2013-14,Jimmer Fredette,fredeji01,SG,24,TOT,49,0,519,10.5,22.4,0.47100000000000003,3.9,8.3,0.47600000000000003,6.6,14.1,0.469,1.9,2.1,0.905,0.8,4.3,5.1,6.3,1.4,0.3,4.7,3.4,26.9,105.0,110.0,2014,Jimmer Fredette-2014,0.0,Not Selected,Guard,TOT,0.03333333333333334
2013-14,Joel Freeland,freeljo01,C,26,POR,52,0,727,5.4,11.3,0.475,0.0,0.1,0.0,5.4,11.1,0.48100000000000004,1.4,2.0,0.69,6.1,8.4,14.5,2.5,0.7,1.5,2.2,6.6,12.1,109.0,107.0,2014,Joel Freeland-2014,0.0,Not Selected,Center,POR,0.04390243902439024
2013-14,Channing Frye,fryech01,PF,30,PHO,82,82,2312,7.3,16.9,0.43200000000000005,3.5,9.4,0.37,3.8,7.5,0.509,1.7,2.1,0.821,1.6,7.4,9.0,2.1,1.3,1.4,1.9,5.3,19.7,111.0,107.0,2014,Channing Frye-2014,0.0,Not Selected,Forward,PHO,0.03902439024390244
2013-14,Francisco García,garcifr01,SF,32,HOU,55,4,1083,5.4,13.5,0.401,3.2,8.9,0.358,2.3,4.6,0.485,0.5,0.9,0.526,1.0,4.6,5.6,2.9,1.2,1.5,1.4,5.5,14.5,108.0,108.0,2014,Francisco García-2014,0.0,Not Selected,Forward,HOU,0.04390243902439024
2013-14,Kevin Garnett,garneke01,C,37,BRK,54,54,1109,7.4,16.8,0.441,0.0,0.1,0.0,7.4,16.7,0.445,1.8,2.2,0.809,2.8,14.1,16.9,3.9,2.0,1.9,3.3,5.8,16.7,93.0,101.0,2014,Kevin Garnett-2014,0.0,Not Selected,Center,BRK,0.03577235772357724
2013-14,Diante Garrett,garredi02,PG,25,UTA,71,0,1048,5.1,13.3,0.381,1.8,4.8,0.375,3.3,8.5,0.385,0.5,0.6,0.833,0.6,4.3,4.9,6.0,2.1,0.3,3.8,3.8,12.4,87.0,113.0,2014,Diante Garrett-2014,0.0,Not Selected,Guard,UTA,0.02032520325203252
2013-14,Marc Gasol,gasolma01,C,29,MEM,59,59,1970,9.1,19.3,0.473,0.1,0.3,0.182,9.1,19.0,0.47700000000000004,5.0,6.5,0.768,2.3,9.2,11.5,5.8,1.6,2.1,3.0,4.1,23.3,108.0,102.0,2014,Marc Gasol-2014,0.0,Not Selected,Center,MEM,0.04065040650406504
2013-14,Pau Gasol,gasolpa01,C,33,LAL,60,60,1884,11.0,22.9,0.48,0.1,0.4,0.28600000000000003,10.9,22.5,0.483,4.8,6.6,0.736,3.2,11.8,15.0,5.2,0.7,2.4,3.6,3.2,26.9,102.0,108.0,2014,Pau Gasol-2014,0.0,Not Selected,Center,LAL,0.02195121951219512
2013-14,Rudy Gay,gayru01,SF,27,TOT,73,73,2531,10.9,23.9,0.455,1.3,4.0,0.33,9.6,19.9,0.48100000000000004,6.4,7.8,0.8220000000000001,2.3,6.6,8.8,4.2,1.9,1.1,4.5,3.5,29.5,104.0,107.0,2014,Rudy Gay-2014,0.0,Not Selected,Forward,TOT,0.03333333333333334
2013-14,Alonzo Gee,geeal01,SF,26,CLE,65,24,1020,5.0,11.9,0.415,1.0,2.9,0.32799999999999996,4.0,9.0,0.444,2.2,3.1,0.705,1.8,5.8,7.5,2.4,2.0,0.8,2.2,4.9,13.0,97.0,107.0,2014,Alonzo Gee-2014,0.0,Not Selected,Forward,CLE,0.026829268292682926
2013-14,Paul George,georgpa01,SF,23,IND,80,80,2898,10.3,24.4,0.424,3.3,9.0,0.364,7.1,15.4,0.45799999999999996,7.2,8.3,0.8640000000000001,1.1,8.6,9.7,5.1,2.7,0.4,4.0,3.5,31.1,107.0,97.0,2014,Paul George-2014,3.0,3rd,Forward,IND,0.04552845528455285
2013-14,Taj Gibson,gibsota01,PF,28,CHI,82,8,2351,9.7,20.3,0.479,0.0,0.2,0.0,9.7,20.1,0.483,4.8,6.4,0.7509999999999999,4.5,8.1,12.6,2.1,0.9,2.5,3.4,4.7,24.2,102.0,100.0,2014,Taj Gibson-2014,0.0,Not Selected,Forward,CHI,0.03902439024390244
2013-14,Manu Ginóbili,ginobma01,SG,36,SAS,68,3,1550,9.6,20.4,0.469,2.9,8.4,0.349,6.7,12.0,0.5529999999999999,5.2,6.1,0.851,1.0,5.6,6.6,9.6,2.3,0.6,4.5,4.2,27.3,112.0,103.0,2014,Manu Ginóbili-2014,0.0,Not Selected,Guard,SAS,0.05040650406504065
2013-14,Rudy Gobert,goberru01,C,21,UTA,45,0,434,4.4,9.0,0.486,0.0,0.0,0.0,4.4,9.0,0.486,3.9,7.9,0.49200000000000005,6.2,12.6,18.8,0.8,1.0,5.0,3.9,6.9,12.6,94.0,104.0,2014,Rudy Gobert-2014,0.0,Not Selected,Center,UTA,0.02032520325203252
2013-14,Ryan Gomes,gomesry01,SF,31,OKC,5,0,34,4.4,11.8,0.375,0.0,3.0,0.0,4.4,8.9,0.5,0.0,0.0,0.0,0.0,5.9,5.9,1.5,0.0,0.0,1.5,7.4,8.9,75.0,110.0,2014,Ryan Gomes-2014,0.0,Not Selected,Forward,OKC,0.04796747967479675
2013-14,Drew Gooden,goodedr01,C,32,WAS,22,0,395,9.9,18.6,0.531,0.9,2.2,0.41200000000000003,9.0,16.4,0.5479999999999999,3.1,3.5,0.889,4.8,10.0,14.9,2.0,1.3,0.9,2.2,6.9,23.9,117.0,104.0,2014,Drew Gooden-2014,0.0,Not Selected,Center,WAS,0.03577235772357724
2013-14,Archie Goodwin,goodwar01,SG,19,PHO,52,0,533,7.1,15.7,0.455,0.5,3.4,0.139,6.7,12.3,0.542,3.5,5.2,0.6729999999999999,2.4,5.8,8.2,1.9,1.9,1.0,4.1,4.2,18.2,93.0,107.0,2014,Archie Goodwin-2014,0.0,Not Selected,Guard,PHO,0.03902439024390244
2013-14,Ben Gordon,gordobe01,SG,30,CHA,19,0,279,6.9,20.1,0.34299999999999997,1.5,5.4,0.276,5.4,14.7,0.36700000000000005,3.2,3.9,0.81,0.6,4.5,5.0,3.9,1.9,0.4,3.9,3.3,18.4,80.0,105.0,2014,Ben Gordon-2014,0.0,Not Selected,Guard,CHO,0.034959349593495934
2013-14,Eric Gordon,gordoer01,SG,25,NOP,64,64,2057,9.0,20.7,0.436,2.6,6.5,0.391,6.5,14.2,0.456,4.4,5.6,0.785,0.8,3.4,4.2,5.3,1.9,0.3,3.4,2.9,25.0,105.0,113.0,2014,Eric Gordon-2014,0.0,Not Selected,Guard,NOP,0.027642276422764227
2013-14,Marcin Gortat,gortama01,C,29,WAS,81,80,2655,8.8,16.3,0.542,0.0,0.0,1.0,8.8,16.3,0.541,3.0,4.4,0.6859999999999999,3.9,11.0,14.9,2.7,0.8,2.3,2.4,3.9,20.7,112.0,103.0,2014,Marcin Gortat-2014,0.0,Not Selected,Center,WAS,0.03577235772357724
2013-14,Danny Granger,grangda01,SF,30,TOT,41,2,847,7.0,18.7,0.37799999999999995,2.6,7.8,0.336,4.4,10.9,0.408,3.8,4.1,0.94,1.9,6.2,8.1,2.5,0.7,1.0,2.8,3.8,20.5,99.0,103.0,2014,Danny Granger-2014,0.0,Not Selected,Forward,TOT,0.03333333333333334
2013-14,Aaron Gray,grayaa01,C,29,TOT,37,6,355,3.9,8.8,0.44299999999999995,0.0,0.1,0.0,3.9,8.6,0.45,1.6,2.9,0.55,6.0,9.9,15.9,3.2,1.4,1.1,4.4,9.2,9.3,90.0,106.0,2014,Aaron Gray-2014,0.0,Not Selected,Center,TOT,0.03333333333333334
2013-14,Danny Green,greenda02,SG,26,SAS,68,59,1651,6.7,15.5,0.43200000000000005,4.0,9.7,0.415,2.6,5.7,0.46,1.5,1.9,0.794,0.8,6.2,7.0,3.2,2.0,1.9,2.3,3.3,18.9,107.0,101.0,2014,Danny Green-2014,0.0,Not Selected,Guard,SAS,0.05040650406504065
2013-14,Draymond Green,greendr01,SF,23,GSW,82,12,1797,5.2,12.7,0.40700000000000003,1.5,4.6,0.33299999999999996,3.7,8.2,0.449,2.3,3.4,0.667,2.4,9.0,11.4,4.2,2.8,2.0,2.5,6.4,14.2,102.0,98.0,2014,Draymond Green-2014,0.0,Not Selected,Forward,GSW,0.041463414634146344
2013-14,Gerald Green,greenge01,SG,28,PHO,82,48,2330,9.6,21.6,0.445,4.4,11.0,0.4,5.2,10.7,0.49200000000000005,4.2,4.9,0.848,1.0,4.9,5.9,2.6,1.5,0.9,3.1,4.7,27.9,112.0,108.0,2014,Gerald Green-2014,0.0,Not Selected,Guard,PHO,0.03902439024390244
2013-14,Jeff Green,greenje02,SF,27,BOS,82,82,2805,8.8,21.5,0.41200000000000003,2.5,7.3,0.341,6.4,14.2,0.44799999999999995,5.2,6.5,0.795,1.0,6.0,7.0,2.5,1.0,0.9,3.0,3.3,25.3,102.0,109.0,2014,Jeff Green-2014,0.0,Not Selected,Forward,BOS,0.02032520325203252
2013-14,Willie Green,greenwi01,SG,32,LAC,55,9,869,5.9,15.6,0.376,2.4,7.0,0.33899999999999997,3.5,8.6,0.40700000000000003,1.6,2.0,0.8240000000000001,0.7,3.8,4.5,2.9,1.3,0.6,2.0,5.5,15.7,96.0,108.0,2014,Willie Green-2014,0.0,Not Selected,Guard,LAC,0.046341463414634146
2013-14,Blake Griffin,griffbl01,PF,24,LAC,80,80,2863,12.5,23.7,0.528,0.2,0.8,0.273,12.3,23.0,0.537,8.4,11.8,0.715,3.4,9.9,13.2,5.4,1.6,0.9,3.9,4.6,33.7,114.0,103.0,2014,Blake Griffin-2014,2.0,2nd,Forward,LAC,0.046341463414634146
2013-14,Jorge Gutiérrez,gutiejo01,PG,25,BRK,15,2,244,5.4,11.6,0.46299999999999997,0.6,2.6,0.25,4.7,9.0,0.524,1.9,2.6,0.75,0.6,4.1,4.7,6.5,2.2,0.2,3.0,8.0,13.3,101.0,109.0,2014,Jorge Gutiérrez-2014,0.0,Not Selected,Guard,BRK,0.03577235772357724
2013-14,Jordan Hamilton,hamiljo02,SF,23,TOT,60,12,1019,7.1,18.2,0.391,3.4,9.6,0.354,3.7,8.6,0.433,1.9,2.5,0.784,1.5,7.8,9.4,2.5,2.1,1.0,2.2,3.2,19.5,102.0,106.0,2014,Jordan Hamilton-2014,0.0,Not Selected,Forward,TOT,0.03333333333333334
2013-14,Justin Hamilton,hamilju01,C,23,TOT,8,0,72,6.6,14.6,0.45,2.2,6.6,0.33299999999999996,4.4,8.0,0.545,3.7,3.7,1.0,2.9,2.2,5.1,0.0,3.7,0.0,2.9,5.8,19.0,105.0,106.0,2014,Justin Hamilton-2014,0.0,Not Selected,Center,TOT,0.03333333333333334
2013-14,Tyler Hansbrough,hansbty01,PF,28,TOR,64,4,978,5.0,10.5,0.474,0.0,0.1,0.0,5.0,10.4,0.479,6.7,9.9,0.6809999999999999,6.4,8.9,15.3,0.9,1.5,1.0,2.5,7.1,16.7,116.0,104.0,2014,Tyler Hansbrough-2014,0.0,Not Selected,Forward,TOR,0.03902439024390244
2013-14,Tim Hardaway Jr.,hardati02,SG,21,NYK,81,1,1875,8.3,19.5,0.428,3.7,10.2,0.363,4.7,9.3,0.498,3.0,3.6,0.828,0.5,2.9,3.4,1.9,1.2,0.2,1.3,4.1,23.4,112.0,114.0,2014,Tim Hardaway Jr.-2014,0.0,Not Selected,Guard,NYK,0.03008130081300813
2013-14,James Harden,hardeja01,SG,24,HOU,73,73,2777,9.9,21.6,0.456,3.2,8.7,0.366,6.7,13.0,0.515,10.3,11.9,0.866,1.1,5.1,6.2,8.0,2.1,0.5,4.8,3.2,33.2,120.0,107.0,2014,James Harden-2014,1.0,1st,Guard,HOU,0.04390243902439024
2013-14,Maurice Harkless,harklma01,SF,20,ORL,80,41,1950,5.9,12.7,0.46399999999999997,1.6,4.0,0.38299999999999995,4.3,8.6,0.502,2.2,3.8,0.594,1.8,5.1,6.9,2.1,2.5,1.3,2.3,3.7,15.6,102.0,106.0,2014,Maurice Harkless-2014,0.0,Not Selected,Forward,ORL,0.01869918699186992
2013-14,Josh Harrellson,harrejo01,C,24,DET,32,0,317,6.1,13.1,0.46299999999999997,1.9,4.9,0.387,4.1,8.1,0.51,0.8,1.1,0.7140000000000001,4.8,7.3,12.1,2.4,1.0,2.4,1.6,7.0,14.8,117.0,109.0,2014,Josh Harrellson-2014,0.0,Not Selected,Center,DET,0.023577235772357725
2013-14,Al Harrington,harrial01,PF,33,WAS,34,0,511,8.3,20.9,0.396,3.4,10.1,0.34,4.8,10.8,0.449,2.7,3.5,0.7709999999999999,1.5,6.6,8.1,2.8,1.4,0.0,3.4,7.3,22.7,96.0,106.0,2014,Al Harrington-2014,0.0,Not Selected,Forward,WAS,0.03577235772357724
2013-14,Devin Harris,harride01,PG,30,DAL,40,0,818,6.0,15.9,0.37799999999999995,1.9,6.3,0.307,4.1,9.6,0.425,5.8,7.2,0.8,0.5,4.8,5.3,11.2,1.8,0.1,3.7,4.5,19.8,109.0,111.0,2014,Devin Harris-2014,0.0,Not Selected,Guard,DAL,0.03983739837398374
2013-14,Elias Harris,harriel01,SF,24,LAL,2,0,11,0.0,4.4,0.0,0.0,0.0,0.0,0.0,4.4,0.0,0.0,0.0,0.0,4.4,0.0,4.4,4.4,4.4,0.0,0.0,0.0,0.0,92.0,110.0,2014,Elias Harris-2014,0.0,Not Selected,Forward,LAL,0.02195121951219512
2013-14,Manny Harris,harrima01,SG,24,LAL,9,0,180,7.6,18.9,0.4,1.9,5.4,0.35,5.7,13.5,0.42,2.7,3.2,0.833,1.9,7.3,9.2,3.0,1.1,0.3,2.4,2.7,19.7,95.0,112.0,2014,Manny Harris-2014,0.0,Not Selected,Guard,LAL,0.02195121951219512
2013-14,Mike Harris,harrimi01,PF,30,UTA,20,0,225,6.8,14.2,0.475,0.0,0.5,0.0,6.8,13.8,0.49200000000000005,6.1,6.3,0.963,3.5,4.2,7.7,1.2,3.7,1.6,2.6,8.4,19.6,112.0,107.0,2014,Mike Harris-2014,0.0,Not Selected,Forward,UTA,0.02032520325203252
2013-14,Tobias Harris,harrito02,PF,21,ORL,61,36,1850,9.2,19.8,0.46399999999999997,0.9,3.5,0.254,8.3,16.3,0.508,5.5,6.8,0.807,2.4,9.3,11.7,2.3,1.1,0.7,2.2,4.0,24.7,108.0,107.0,2014,Tobias Harris-2014,0.0,Not Selected,Forward,ORL,0.01869918699186992
2013-14,Udonis Haslem,hasleud01,PF,33,MIA,46,18,653,6.0,11.8,0.507,0.0,0.0,0.0,6.0,11.8,0.507,2.0,3.5,0.568,3.4,10.7,14.1,1.0,0.9,1.2,1.9,6.4,13.9,104.0,105.0,2014,Udonis Haslem-2014,0.0,Not Selected,Forward,MIA,0.04390243902439024
2013-14,Spencer Hawes,hawessp01,C,25,TOT,80,78,2470,8.1,17.7,0.456,2.6,6.2,0.41600000000000004,5.5,11.5,0.478,2.4,3.0,0.7829999999999999,2.6,10.6,13.2,4.8,0.9,1.9,3.5,4.7,21.1,105.0,107.0,2014,Spencer Hawes-2014,0.0,Not Selected,Center,TOT,0.03333333333333334
2013-14,Chuck Hayes,hayesch01,C,30,TOT,61,1,754,3.9,9.0,0.431,0.0,0.1,0.0,3.9,8.9,0.434,1.4,1.7,0.8,4.8,9.7,14.5,2.4,2.3,0.8,2.3,6.5,9.1,102.0,103.0,2014,Chuck Hayes-2014,0.0,Not Selected,Center,TOT,0.03333333333333334
2013-14,Gordon Hayward,haywago01,SF,23,UTA,77,77,2800,8.0,19.4,0.413,1.6,5.3,0.304,6.4,14.1,0.45299999999999996,5.8,7.1,0.816,1.2,6.2,7.3,7.5,2.1,0.8,4.0,2.9,23.4,104.0,111.0,2014,Gordon Hayward-2014,0.0,Not Selected,Forward,UTA,0.02032520325203252
2013-14,Gerald Henderson,hendege02,SG,26,CHA,77,77,2461,8.5,19.6,0.433,0.8,2.4,0.348,7.7,17.2,0.445,5.0,6.5,0.7609999999999999,0.7,5.9,6.5,4.2,1.1,0.7,2.4,3.4,22.8,101.0,106.0,2014,Gerald Henderson-2014,0.0,Not Selected,Guard,CHO,0.034959349593495934
2013-14,Xavier Henry,henryxa01,SF,22,LAL,43,5,908,7.7,18.5,0.41700000000000004,1.5,4.3,0.34600000000000003,6.2,14.1,0.439,6.2,9.5,0.655,1.3,4.8,6.1,2.7,2.4,0.4,3.1,4.2,23.1,97.0,111.0,2014,Xavier Henry-2014,0.0,Not Selected,Forward,LAL,0.02195121951219512
2013-14,John Henson,hensojo01,PF,23,MIL,70,23,1856,9.7,18.0,0.5379999999999999,0.0,0.0,0.0,9.7,18.0,0.539,2.6,5.0,0.514,4.8,9.2,14.0,3.2,1.2,3.3,3.2,5.2,22.0,106.0,108.0,2014,John Henson-2014,0.0,Not Selected,Forward,MIL,0.012195121951219513
2013-14,Roy Hibbert,hibbero01,C,27,IND,81,81,2409,7.1,16.2,0.439,0.0,0.1,0.4,7.1,16.1,0.439,4.5,5.8,0.77,4.4,7.2,11.6,2.0,0.6,3.9,3.2,5.8,18.8,100.0,98.0,2014,Roy Hibbert-2014,0.0,Not Selected,Center,IND,0.04552845528455285
2013-14,J.J. Hickson,hicksjj01,PF,25,DEN,69,52,1859,8.7,17.2,0.508,0.0,0.2,0.0,8.7,17.0,0.514,3.9,7.6,0.517,5.4,11.2,16.6,2.5,1.2,1.3,3.4,4.7,21.4,103.0,106.0,2014,J.J. Hickson-2014,0.0,Not Selected,Forward,DEN,0.02926829268292683
2013-14,Nenê,hilarne01,PF,31,WAS,53,37,1560,9.9,19.6,0.503,0.0,0.2,0.2,9.8,19.4,0.506,5.1,8.8,0.583,2.1,7.6,9.7,5.1,2.1,1.6,3.9,5.4,24.9,102.0,103.0,2014,Nenê-2014,0.0,Not Selected,Forward,WAS,0.03577235772357724
2013-14,George Hill,hillge01,PG,27,IND,76,76,2434,5.8,13.1,0.442,2.0,5.5,0.365,3.8,7.6,0.49700000000000005,3.0,3.8,0.807,1.1,4.9,6.0,5.7,1.6,0.5,2.0,3.4,16.7,115.0,102.0,2014,George Hill-2014,0.0,Not Selected,Guard,IND,0.04552845528455285
2013-14,Jordan Hill,hilljo01,PF,26,LAL,72,32,1500,9.3,16.9,0.5489999999999999,0.0,0.0,0.0,9.3,16.9,0.55,4.0,5.9,0.685,6.3,11.1,17.3,1.8,0.9,2.1,2.4,5.6,22.6,115.0,108.0,2014,Jordan Hill-2014,0.0,Not Selected,Forward,LAL,0.02195121951219512
2013-14,Solomon Hill,hillso01,SF,22,IND,28,0,226,3.9,9.2,0.425,1.6,5.3,0.304,2.3,3.9,0.588,1.4,1.6,0.857,2.1,7.3,9.4,2.8,1.1,0.5,3.0,4.4,10.8,97.0,101.0,2014,Solomon Hill-2014,0.0,Not Selected,Forward,IND,0.04552845528455285
2013-14,Kirk Hinrich,hinriki01,PG,33,CHI,73,61,2116,6.1,15.6,0.39299999999999996,2.1,6.1,0.35100000000000003,4.0,9.5,0.419,2.4,3.1,0.76,0.8,4.0,4.8,7.2,2.0,0.7,3.0,5.1,16.7,100.0,102.0,2014,Kirk Hinrich-2014,0.0,Not Selected,Guard,CHI,0.03902439024390244
2013-14,Jrue Holiday,holidjr01,PG,23,NOP,34,34,1143,9.2,20.7,0.447,1.4,3.5,0.39,7.9,17.2,0.45899999999999996,2.3,2.9,0.81,1.3,5.2,6.5,12.2,2.6,0.5,4.8,4.2,22.2,103.0,110.0,2014,Jrue Holiday-2014,0.0,Not Selected,Guard,NOP,0.027642276422764227
2013-14,Ryan Hollins,holliry01,PF,29,LAC,61,0,482,5.5,7.5,0.736,0.0,0.0,0.0,5.5,7.5,0.736,3.6,5.8,0.625,3.2,6.1,9.3,0.8,0.9,3.2,3.0,9.0,14.6,117.0,105.0,2014,Ryan Hollins-2014,0.0,Not Selected,Forward,LAC,0.046341463414634146
2013-14,Scotty Hopson,hopsosc01,SG,24,CLE,2,0,7,0.0,29.5,0.0,0.0,14.7,0.0,0.0,14.7,0.0,7.4,14.7,0.5,0.0,0.0,0.0,7.4,7.4,0.0,0.0,0.0,7.4,37.0,100.0,2014,Scotty Hopson-2014,0.0,Not Selected,Guard,CLE,0.026829268292682926
2013-14,Al Horford,horfoal01,C,27,ATL,29,29,958,12.6,22.2,0.5670000000000001,0.2,0.6,0.364,12.4,21.7,0.5720000000000001,3.1,4.5,0.682,3.5,9.4,12.9,4.0,1.4,2.3,3.4,3.0,28.5,109.0,104.0,2014,Al Horford-2014,0.0,Not Selected,Center,ATL,0.030894308943089432
2013-14,Dwight Howard,howardw01,C,28,HOU,71,71,2396,9.8,16.6,0.591,0.0,0.1,0.28600000000000003,9.8,16.5,0.594,7.3,13.3,0.547,4.8,13.2,18.0,2.7,1.2,2.7,4.8,5.0,27.0,109.0,101.0,2014,Dwight Howard-2014,2.0,2nd,Center,HOU,0.04390243902439024
2013-14,Robbie Hummel,hummero01,SF,24,MIN,53,5,655,5.0,13.3,0.379,2.4,6.7,0.36,2.6,6.6,0.39799999999999996,1.1,1.2,0.938,2.6,7.3,9.9,1.7,1.2,0.2,0.8,4.3,13.6,110.0,108.0,2014,Robbie Hummel-2014,0.0,Not Selected,Forward,MIN,0.032520325203252036
2013-14,Kris Humphries,humphkr01,PF,28,BOS,69,30,1376,8.6,17.2,0.501,0.0,0.1,0.0,8.6,17.2,0.503,4.4,5.4,0.813,4.7,10.5,15.3,2.5,1.2,2.3,2.4,5.1,21.6,113.0,105.0,2014,Kris Humphries-2014,0.0,Not Selected,Forward,BOS,0.02032520325203252
2013-14,Serge Ibaka,ibakase01,PF,24,OKC,81,81,2666,9.9,18.4,0.536,0.4,1.1,0.38299999999999995,9.5,17.3,0.546,2.9,3.8,0.784,4.2,9.1,13.4,1.6,0.7,4.1,2.3,4.4,23.1,115.0,102.0,2014,Serge Ibaka-2014,0.0,Not Selected,Forward,OKC,0.04796747967479675
2013-14,Andre Iguodala,iguodan01,SF,30,GSW,63,63,2040,5.4,11.2,0.48,1.5,4.3,0.354,3.9,6.9,0.5579999999999999,2.1,3.2,0.652,1.3,5.9,7.2,6.4,2.3,0.4,2.4,2.5,14.4,113.0,103.0,2014,Andre Iguodala-2014,0.0,Not Selected,Forward,GSW,0.041463414634146344
2013-14,Ersan İlyasova,ilyaser01,PF,26,MIL,55,47,1478,8.4,20.5,0.409,1.3,4.6,0.282,7.1,15.9,0.446,3.8,4.6,0.823,3.8,8.3,12.1,2.5,1.6,0.3,2.2,4.8,21.9,103.0,111.0,2014,Ersan İlyasova-2014,0.0,Not Selected,Forward,MIL,0.012195121951219513
2013-14,Kyrie Irving,irvinky01,PG,21,CLE,71,71,2496,11.0,25.6,0.43,2.5,7.1,0.358,8.4,18.4,0.45799999999999996,6.0,7.0,0.861,1.1,4.3,5.4,8.9,2.2,0.5,3.9,3.4,30.5,109.0,108.0,2014,Kyrie Irving-2014,0.0,Not Selected,Guard,CLE,0.026829268292682926
2013-14,Royal Ivey,iveyro01,SG,32,OKC,2,0,5,0.0,20.1,0.0,0.0,10.1,0.0,0.0,10.1,0.0,0.0,0.0,0.0,0.0,10.1,10.1,0.0,0.0,0.0,0.0,10.1,0.0,0.0,107.0,2014,Royal Ivey-2014,0.0,Not Selected,Guard,OKC,0.04796747967479675
2013-14,Jarrett Jack,jackja01,PG,30,CLE,80,31,2252,6.5,16.0,0.41,1.4,4.2,0.341,5.1,11.7,0.435,2.9,3.4,0.8390000000000001,0.5,4.6,5.1,7.4,1.3,0.5,3.0,3.0,17.4,102.0,110.0,2014,Jarrett Jack-2014,0.0,Not Selected,Guard,CLE,0.026829268292682926
2013-14,Reggie Jackson,jacksre01,PG,23,OKC,80,36,2277,8.9,20.2,0.44,1.8,5.4,0.33899999999999997,7.1,14.8,0.47700000000000004,3.5,3.9,0.893,0.9,6.0,6.9,7.3,1.9,0.2,3.7,3.1,23.1,105.0,106.0,2014,Reggie Jackson-2014,0.0,Not Selected,Guard,OKC,0.04796747967479675
2013-14,Stephen Jackson,jacksst02,SF,35,LAC,9,0,107,2.8,12.2,0.231,0.5,6.5,0.071,2.3,5.6,0.41700000000000004,0.9,1.9,0.5,0.9,3.7,4.7,2.3,2.8,0.5,2.8,5.1,7.0,59.0,105.0,2014,Stephen Jackson-2014,0.0,Not Selected,Forward,LAC,0.046341463414634146
2013-14,Bernard James,jamesbe01,C,28,DAL,30,0,146,3.9,8.1,0.478,0.0,0.4,0.0,3.9,7.7,0.5,2.1,3.9,0.545,5.3,9.5,14.8,1.1,1.1,2.8,3.5,8.4,9.8,95.0,106.0,2014,Bernard James-2014,0.0,Not Selected,Center,DAL,0.03983739837398374
2013-14,Damion James,jamesda01,SF,26,SAS,5,1,50,2.0,9.1,0.222,0.0,2.0,0.0,2.0,7.1,0.28600000000000003,2.0,2.0,1.0,1.0,11.1,12.1,3.0,0.0,1.0,1.0,3.0,6.1,79.0,104.0,2014,Damion James-2014,0.0,Not Selected,Forward,SAS,0.05040650406504065
2013-14,LeBron James,jamesle01,PF,29,MIA,77,77,2902,13.9,24.5,0.5670000000000001,2.1,5.5,0.379,11.8,19.0,0.622,8.0,10.6,0.75,1.5,8.2,9.7,8.8,2.2,0.5,4.9,2.3,37.9,121.0,105.0,2014,LeBron James-2014,1.0,1st,Forward,MIA,0.04390243902439024
2013-14,Mike James,jamesmi01,PG,38,CHI,11,0,77,3.5,14.5,0.23800000000000002,0.7,3.5,0.2,2.8,11.1,0.25,0.0,1.4,0.0,0.0,4.8,4.8,11.7,1.4,0.0,3.5,7.6,7.6,70.0,104.0,2014,Mike James-2014,0.0,Not Selected,Guard,CHI,0.03902439024390244
2013-14,Antawn Jamison,jamisan01,PF,37,LAC,22,0,248,5.9,18.6,0.315,1.6,8.3,0.195,4.2,10.3,0.41200000000000003,3.6,5.0,0.72,1.8,9.3,11.1,1.4,1.8,0.6,1.4,5.9,16.9,89.0,103.0,2014,Antawn Jamison-2014,0.0,Not Selected,Forward,LAC,0.046341463414634146
2013-14,Othyus Jeffers,jeffeot01,SG,28,TOT,6,1,47,3.2,6.4,0.5,0.0,2.1,0.0,3.2,4.3,0.75,3.2,4.3,0.75,1.1,8.5,9.6,1.1,0.0,0.0,1.1,3.2,9.6,113.0,107.0,2014,Othyus Jeffers-2014,0.0,Not Selected,Guard,TOT,0.03333333333333334
2013-14,Al Jefferson,jeffeal01,C,29,CHA,73,73,2553,14.2,28.0,0.509,0.1,0.3,0.2,14.2,27.7,0.512,3.9,5.6,0.69,3.2,12.9,16.1,3.2,1.4,1.6,2.5,3.6,32.4,105.0,100.0,2014,Al Jefferson-2014,3.0,3rd,Center,CHO,0.034959349593495934
2013-14,Richard Jefferson,jefferi01,SF,33,UTA,82,78,2213,7.0,15.5,0.45,2.9,7.1,0.409,4.1,8.4,0.484,2.8,3.8,0.741,0.4,4.8,5.2,3.1,1.3,0.3,2.2,4.0,19.7,109.0,114.0,2014,Richard Jefferson-2014,0.0,Not Selected,Forward,UTA,0.02032520325203252
2013-14,John Jenkins,jenkijo01,SG,22,ATL,13,0,158,5.1,13.5,0.381,1.3,5.8,0.222,3.9,7.7,0.5,1.3,1.3,1.0,1.0,6.1,7.1,3.5,0.3,0.3,3.5,3.5,12.8,83.0,111.0,2014,John Jenkins-2014,0.0,Not Selected,Guard,ATL,0.030894308943089432
2013-14,Brandon Jennings,jennibr01,PG,24,DET,80,79,2728,7.8,21.0,0.373,2.9,8.5,0.337,5.0,12.6,0.397,4.5,5.9,0.7509999999999999,1.1,3.4,4.5,11.3,1.9,0.1,4.0,2.9,23.0,106.0,113.0,2014,Brandon Jennings-2014,0.0,Not Selected,Guard,DET,0.023577235772357725
2013-14,Jonas Jerebko,jerebjo01,PF,26,DET,64,0,741,6.7,14.2,0.47100000000000003,2.1,5.0,0.419,4.6,9.1,0.5,2.9,4.0,0.7290000000000001,3.5,8.5,11.9,2.7,1.4,0.4,2.9,5.8,18.4,111.0,110.0,2014,Jonas Jerebko-2014,0.0,Not Selected,Forward,DET,0.023577235772357725
2013-14,Amir Johnson,johnsam01,PF,26,TOR,77,72,2214,8.1,14.4,0.562,0.5,1.6,0.303,7.6,12.9,0.593,2.1,3.4,0.636,4.1,7.9,11.9,2.7,1.3,2.1,2.9,6.4,18.9,112.0,104.0,2014,Amir Johnson-2014,0.0,Not Selected,Forward,TOR,0.03902439024390244
2013-14,Chris Johnson,johnsch04,SF,23,BOS,40,0,789,5.5,14.0,0.397,2.8,8.3,0.33899999999999997,2.7,5.7,0.483,2.4,2.8,0.86,2.0,4.3,6.3,2.0,1.8,0.3,1.4,4.1,16.3,111.0,109.0,2014,Chris Johnson-2014,0.0,Not Selected,Forward,BOS,0.02032520325203252
2013-14,James Johnson,johnsja01,SF,26,MEM,52,4,956,8.0,17.2,0.46399999999999997,1.2,4.9,0.253,6.8,12.3,0.5479999999999999,4.2,5.0,0.8440000000000001,3.4,5.9,9.3,6.2,2.3,3.2,3.7,5.7,21.5,110.0,101.0,2014,James Johnson-2014,0.0,Not Selected,Forward,MEM,0.04065040650406504
2013-14,Joe Johnson,johnsjo02,SG,32,BRK,79,79,2575,9.4,20.8,0.45399999999999996,3.3,8.2,0.401,6.1,12.5,0.489,3.2,4.0,0.815,1.0,4.5,5.5,4.4,1.0,0.2,2.4,2.6,25.4,110.0,112.0,2014,Joe Johnson-2014,0.0,Not Selected,Guard,BRK,0.03577235772357724
2013-14,Orlando Johnson,johnsor01,SG,24,TOT,45,0,392,4.8,14.9,0.319,1.2,6.2,0.191,3.6,8.7,0.409,2.5,3.4,0.731,1.2,6.1,7.3,2.6,0.8,0.3,2.0,3.4,13.2,85.0,104.0,2014,Orlando Johnson-2014,0.0,Not Selected,Guard,TOT,0.03333333333333334
2013-14,Wesley Johnson,johnswe01,SF,26,LAL,79,62,2240,6.0,14.1,0.425,2.2,5.9,0.369,3.8,8.3,0.466,1.3,1.7,0.792,1.5,6.0,7.6,2.7,1.9,1.7,2.0,4.5,15.5,100.0,110.0,2014,Wesley Johnson-2014,0.0,Not Selected,Forward,LAL,0.02195121951219512
2013-14,Darius Johnson-Odom,johnsda03,SG,24,PHI,3,0,15,0.0,22.6,0.0,0.0,9.7,0.0,0.0,12.9,0.0,0.0,6.5,0.0,0.0,6.5,6.5,3.2,3.2,0.0,6.5,9.7,0.0,6.0,107.0,2014,Darius Johnson-Odom-2014,0.0,Not Selected,Guard,PHI,0.015447154471544716
2013-14,James Jones,jonesja02,SF,33,MIA,20,6,236,6.9,15.2,0.456,6.2,12.0,0.519,0.7,3.1,0.214,1.6,2.5,0.636,0.4,4.7,5.1,2.0,0.7,0.9,0.9,1.3,21.6,127.0,110.0,2014,James Jones-2014,0.0,Not Selected,Forward,MIA,0.04390243902439024
2013-14,Perry Jones,jonespe01,PF,22,OKC,62,7,764,5.5,11.9,0.45899999999999996,1.4,4.0,0.361,4.0,7.9,0.508,1.8,2.8,0.667,1.8,5.7,7.5,1.7,0.9,1.3,1.4,4.1,14.2,110.0,107.0,2014,Perry Jones-2014,0.0,Not Selected,Forward,OKC,0.04796747967479675
2013-14,Solomon Jones,jonesso01,PF,29,ORL,11,0,85,3.6,10.3,0.353,0.0,0.0,0.0,3.6,10.3,0.353,1.2,2.4,0.5,4.8,4.8,9.6,1.2,1.2,1.2,1.2,7.2,8.4,92.0,109.0,2014,Solomon Jones-2014,0.0,Not Selected,Forward,ORL,0.01869918699186992
2013-14,Terrence Jones,joneste01,PF,22,HOU,76,71,2078,9.3,17.1,0.542,0.7,2.4,0.307,8.5,14.7,0.581,2.8,4.7,0.605,3.9,8.8,12.7,2.1,1.3,2.4,1.7,3.3,22.1,119.0,105.0,2014,Terrence Jones-2014,0.0,Not Selected,Forward,HOU,0.04390243902439024
2013-14,DeAndre Jordan,jordade01,C,25,LAC,82,82,2870,6.1,9.0,0.6759999999999999,0.0,0.0,0.0,6.1,9.0,0.6759999999999999,2.8,6.5,0.428,5.8,13.6,19.4,1.3,1.4,3.5,2.1,4.6,14.9,121.0,98.0,2014,DeAndre Jordan-2014,0.0,Not Selected,Center,LAC,0.046341463414634146
2013-14,Cory Joseph,josepco01,SG,22,SAS,68,19,936,6.8,14.3,0.475,0.6,2.1,0.316,6.2,12.3,0.502,4.3,5.2,0.823,1.7,4.0,5.8,6.2,1.9,0.8,2.3,4.5,18.5,115.0,104.0,2014,Cory Joseph-2014,0.0,Not Selected,Guard,SAS,0.05040650406504065
2013-14,Chris Kaman,kamanch01,C,31,LAL,39,13,736,11.6,22.9,0.509,0.0,0.2,0.0,11.6,22.7,0.513,3.4,4.5,0.765,3.6,11.6,15.1,3.8,0.7,2.6,4.9,6.1,26.7,97.0,107.0,2014,Chris Kaman-2014,0.0,Not Selected,Center,LAL,0.02195121951219512
2013-14,Enes Kanter,kanteen01,C,21,UTA,80,37,2138,10.3,21.0,0.491,0.0,0.0,0.0,10.3,20.9,0.49200000000000005,3.7,5.0,0.73,5.5,9.2,14.7,1.8,0.7,1.0,3.5,5.7,24.3,102.0,112.0,2014,Enes Kanter-2014,0.0,Not Selected,Center,UTA,0.02032520325203252
2013-14,Sergey Karasev,karasse01,SF,20,CLE,22,1,156,4.0,11.6,0.34299999999999997,1.3,6.3,0.21100000000000002,2.6,5.3,0.5,3.0,3.3,0.9,0.0,5.3,5.3,2.0,1.0,0.3,3.6,7.3,12.2,81.0,110.0,2014,Sergey Karasev-2014,0.0,Not Selected,Forward,CLE,0.026829268292682926
2013-14,Ryan Kelly,kellyry01,PF,22,LAL,59,25,1312,5.8,13.8,0.423,1.8,5.3,0.33799999999999997,4.0,8.5,0.47600000000000003,4.1,5.0,0.815,1.6,6.6,8.1,3.5,1.2,1.7,1.7,5.5,17.5,110.0,111.0,2014,Ryan Kelly-2014,0.0,Not Selected,Forward,LAL,0.02195121951219512
2013-14,Michael Kidd-Gilchrist,kiddgmi01,SF,20,CHA,62,62,1502,5.8,12.2,0.473,0.0,0.3,0.111,5.7,11.9,0.483,3.9,6.4,0.614,3.8,7.4,11.2,1.8,1.5,1.3,2.1,5.0,15.5,104.0,103.0,2014,Michael Kidd-Gilchrist-2014,0.0,Not Selected,Forward,CHO,0.034959349593495934
2013-14,Andrei Kirilenko,kirilan01,PF,32,BRK,45,4,857,5.0,9.8,0.513,0.1,0.3,0.2,5.0,9.5,0.523,3.7,7.3,0.513,3.4,5.6,8.9,4.4,2.4,1.2,3.3,4.0,13.8,103.0,107.0,2014,Andrei Kirilenko-2014,0.0,Not Selected,Forward,BRK,0.03577235772357724
2013-14,Brandon Knight,knighbr03,PG,22,MIL,72,69,2400,10.0,23.8,0.42200000000000004,2.4,7.4,0.325,7.6,16.4,0.466,5.6,7.0,0.802,1.0,4.6,5.6,7.7,1.5,0.4,4.1,3.2,28.1,104.0,114.0,2014,Brandon Knight-2014,0.0,Not Selected,Guard,MIL,0.012195121951219513
2013-14,Kyle Korver,korveky01,SG,32,ATL,71,71,2408,6.1,12.8,0.475,3.9,8.3,0.47200000000000003,2.2,4.6,0.479,1.8,2.0,0.9259999999999999,0.5,5.5,5.9,4.4,1.5,0.5,2.1,3.1,17.9,118.0,108.0,2014,Kyle Korver-2014,0.0,Not Selected,Guard,ATL,0.030894308943089432
2013-14,Kosta Koufos,koufoko01,C,24,MEM,80,22,1349,9.0,18.2,0.495,0.0,0.0,0.0,9.0,18.2,0.495,2.4,3.7,0.645,6.3,10.2,16.6,1.5,1.3,2.8,2.7,7.2,20.4,106.0,101.0,2014,Kosta Koufos-2014,0.0,Not Selected,Center,MEM,0.04065040650406504
2013-14,Viacheslav Kravtsov,kravtvi01,C,26,PHO,20,0,59,6.8,12.7,0.5329999999999999,0.0,0.0,0.0,6.8,12.7,0.5329999999999999,3.4,6.8,0.5,7.6,6.8,14.4,0.8,0.0,0.8,5.1,5.9,17.0,98.0,110.0,2014,Viacheslav Kravtsov-2014,0.0,Not Selected,Center,PHO,0.03902439024390244
2013-14,Ognjen Kuzmić,kuzmiog01,C,23,GSW,21,0,92,2.7,7.0,0.385,0.0,0.0,0.0,2.7,7.0,0.385,2.7,6.0,0.455,5.4,6.0,11.4,1.1,1.6,2.2,5.4,9.2,8.1,75.0,102.0,2014,Ognjen Kuzmić-2014,0.0,Not Selected,Center,GSW,0.041463414634146344
2013-14,Doron Lamb,lambdo01,SG,22,ORL,53,0,695,4.6,11.8,0.39399999999999996,2.7,6.6,0.4,2.0,5.2,0.386,2.1,2.7,0.8059999999999999,0.6,3.0,3.6,3.2,0.8,0.1,2.0,4.0,14.1,104.0,113.0,2014,Doron Lamb-2014,0.0,Not Selected,Guard,ORL,0.01869918699186992
2013-14,Jeremy Lamb,lambje01,SG,21,OKC,78,0,1538,8.6,19.9,0.43200000000000005,2.9,8.1,0.35600000000000004,5.7,11.8,0.483,1.7,2.1,0.797,0.9,5.3,6.2,3.8,1.8,0.9,2.0,4.7,21.7,106.0,105.0,2014,Jeremy Lamb-2014,0.0,Not Selected,Guard,OKC,0.04796747967479675
2013-14,Carl Landry,landrca01,PF,30,SAC,18,1,233,6.8,13.1,0.517,0.0,0.0,0.0,6.8,13.1,0.517,3.1,3.7,0.8240000000000001,3.3,9.2,12.4,1.1,0.7,0.2,2.0,7.4,16.6,112.0,110.0,2014,Carl Landry-2014,0.0,Not Selected,Forward,SAC,0.022764227642276424
2013-14,Shane Larkin,larkish01,PG,21,DAL,48,0,489,5.5,14.4,0.38,1.3,4.0,0.316,4.2,10.4,0.40399999999999997,1.7,2.6,0.64,1.2,3.3,4.4,7.5,2.7,0.1,4.1,4.8,13.9,90.0,110.0,2014,Shane Larkin-2014,0.0,Not Selected,Guard,DAL,0.03983739837398374
2013-14,Ty Lawson,lawsoty01,PG,26,DEN,62,61,2222,7.6,17.8,0.431,1.6,4.4,0.35600000000000004,6.1,13.3,0.455,7.1,8.9,0.7979999999999999,0.9,3.9,4.7,12.0,2.2,0.2,4.4,2.5,24.0,113.0,110.0,2014,Ty Lawson-2014,0.0,Not Selected,Guard,DEN,0.02926829268292683
2013-14,Ricky Ledo,ledori01,SG,21,DAL,11,0,33,9.3,26.4,0.353,4.7,12.4,0.375,4.7,14.0,0.33299999999999996,6.2,6.2,1.0,0.0,3.1,3.1,3.1,1.6,0.0,3.1,3.1,29.5,99.0,113.0,2014,Ricky Ledo-2014,0.0,Not Selected,Guard,DAL,0.03983739837398374
2013-14,Courtney Lee,leeco01,SG,28,TOT,79,47,1973,7.9,16.5,0.48,1.9,5.2,0.371,6.0,11.3,0.531,2.7,3.0,0.884,0.8,4.2,5.0,3.1,1.7,0.8,2.0,3.4,20.4,113.0,107.0,2014,Courtney Lee-2014,0.0,Not Selected,Guard,TOT,0.03333333333333334
2013-14,David Lee,leeda02,PF,30,GSW,69,67,2288,11.2,21.4,0.523,0.0,0.0,0.0,11.2,21.4,0.523,5.0,6.5,0.78,4.0,10.1,14.0,3.2,1.0,0.6,3.3,4.5,27.4,111.0,103.0,2014,David Lee-2014,0.0,Not Selected,Forward,GSW,0.041463414634146344
2013-14,Alex Len,lenal01,C,20,PHO,42,3,362,4.6,10.8,0.423,0.0,0.0,0.0,4.6,10.8,0.423,2.8,4.3,0.645,5.4,8.3,13.7,0.6,0.6,2.5,3.6,9.4,11.9,92.0,106.0,2014,Alex Len-2014,0.0,Not Selected,Center,PHO,0.03902439024390244
2013-14,Kawhi Leonard,leonaka01,SF,22,SAS,66,65,1923,8.9,17.0,0.522,1.8,4.8,0.379,7.0,12.2,0.579,2.7,3.3,0.802,2.0,8.8,10.8,3.5,3.0,1.3,2.1,3.3,22.2,116.0,98.0,2014,Kawhi Leonard-2014,0.0,Not Selected,Forward,SAS,0.05040650406504065
2013-14,Meyers Leonard,leoname01,C,21,POR,40,0,355,5.8,13.0,0.451,0.0,0.9,0.0,5.8,12.1,0.48200000000000004,2.3,3.0,0.762,3.7,12.1,15.8,2.6,1.0,0.7,2.1,10.8,14.0,104.0,105.0,2014,Meyers Leonard-2014,0.0,Not Selected,Center,POR,0.04390243902439024
2013-14,Jon Leuer,leuerjo01,PF,24,MEM,49,0,642,10.1,20.5,0.49200000000000005,1.9,4.1,0.469,8.2,16.4,0.49700000000000005,3.1,3.9,0.787,3.1,10.1,13.1,1.7,1.5,1.1,2.2,5.2,25.1,112.0,103.0,2014,Jon Leuer-2014,0.0,Not Selected,Forward,MEM,0.04065040650406504
2013-14,Rashard Lewis,lewisra02,SF,34,MIA,60,6,971,5.3,12.8,0.415,2.5,7.3,0.34299999999999997,2.8,5.5,0.51,1.4,1.8,0.7879999999999999,1.3,4.7,6.0,3.1,2.9,0.4,1.9,4.9,14.5,105.0,106.0,2014,Rashard Lewis-2014,0.0,Not Selected,Forward,MIA,0.04390243902439024
2013-14,DeAndre Liggins,liggide01,SG,25,MIA,1,0,1,52.6,52.6,1.0,0.0,0.0,0.0,52.6,52.6,1.0,0.0,0.0,0.0,52.6,0.0,52.6,0.0,0.0,0.0,0.0,0.0,105.3,205.0,116.0,2014,DeAndre Liggins-2014,0.0,Not Selected,Guard,MIA,0.04390243902439024
2013-14,Damian Lillard,lillada01,PG,23,POR,82,82,2937,9.5,22.5,0.424,3.8,9.5,0.39399999999999996,5.8,12.9,0.447,6.4,7.3,0.871,0.6,4.4,5.0,7.9,1.1,0.4,3.3,3.4,29.2,116.0,110.0,2014,Damian Lillard-2014,3.0,3rd,Guard,POR,0.04390243902439024
2013-14,Jeremy Lin,linje01,PG,25,HOU,71,33,2054,7.2,16.1,0.446,2.0,5.6,0.358,5.2,10.5,0.49200000000000005,5.3,6.4,0.823,0.8,3.7,4.5,7.1,1.6,0.7,4.3,4.0,21.6,109.0,109.0,2014,Jeremy Lin-2014,0.0,Not Selected,Guard,HOU,0.04390243902439024
2013-14,Shaun Livingston,livinsh01,PG,28,BRK,76,54,1974,6.2,12.9,0.483,0.0,0.2,0.16699999999999998,6.2,12.8,0.486,4.2,5.1,0.8270000000000001,1.8,4.8,6.5,6.5,2.5,0.8,2.8,4.6,16.7,111.0,108.0,2014,Shaun Livingston-2014,0.0,Not Selected,Guard,BRK,0.03577235772357724
2013-14,Brook Lopez,lopezbr01,C,25,BRK,17,17,533,12.7,22.6,0.563,0.0,0.1,0.0,12.7,22.5,0.5660000000000001,9.3,11.3,0.8170000000000001,3.8,6.2,10.0,1.6,0.9,3.0,2.8,5.1,34.7,121.0,108.0,2014,Brook Lopez-2014,0.0,Not Selected,Center,BRK,0.03577235772357724
2013-14,Robin Lopez,lopezro01,C,25,POR,82,82,2603,6.9,12.5,0.551,0.0,0.0,0.0,6.9,12.5,0.552,3.8,4.7,0.818,6.3,7.3,13.6,1.4,0.5,2.7,1.6,3.8,17.6,128.0,107.0,2014,Robin Lopez-2014,0.0,Not Selected,Center,POR,0.04390243902439024
2013-14,Kevin Love,loveke01,PF,25,MIN,77,77,2797,11.5,25.1,0.457,3.4,8.9,0.376,8.1,16.2,0.502,9.2,11.2,0.821,3.9,13.0,17.0,6.0,1.0,0.6,3.5,2.4,35.4,120.0,104.0,2014,Kevin Love-2014,2.0,2nd,Forward,MIN,0.032520325203252036
2013-14,Kyle Lowry,lowryky01,PG,27,TOR,79,79,2862,8.3,19.7,0.423,3.5,9.1,0.38,4.9,10.6,0.46,5.7,7.0,0.813,1.6,5.1,6.7,10.7,2.2,0.3,3.5,4.9,25.9,118.0,106.0,2014,Kyle Lowry-2014,0.0,Not Selected,Guard,TOR,0.03902439024390244
2013-14,John Lucas III,lucasjo02,PG,31,UTA,42,6,591,5.5,16.9,0.326,2.2,7.5,0.298,3.3,9.4,0.349,0.9,1.4,0.625,1.1,2.4,3.5,3.7,1.2,0.0,2.0,3.6,14.1,87.0,116.0,2014,John Lucas III-2014,0.0,Not Selected,Guard,UTA,0.02032520325203252
2013-14,Shelvin Mack,macksh01,PG,23,ATL,73,11,1490,7.1,17.1,0.41700000000000004,2.1,6.3,0.337,5.0,10.8,0.46399999999999997,2.2,2.5,0.865,0.7,4.7,5.4,9.2,1.7,0.1,3.0,3.4,18.5,105.0,109.0,2014,Shelvin Mack-2014,0.0,Not Selected,Guard,ATL,0.030894308943089432
2013-14,Ian Mahinmi,mahinia01,C,27,IND,77,1,1248,3.8,7.9,0.48100000000000004,0.0,0.0,0.0,3.8,7.8,0.484,3.7,6.0,0.621,4.4,6.2,10.7,1.0,1.7,3.0,2.4,8.6,11.3,105.0,97.0,2014,Ian Mahinmi-2014,0.0,Not Selected,Center,IND,0.04552845528455285
2013-14,Shawn Marion,mariosh01,SF,35,DAL,76,76,2409,7.3,15.1,0.48200000000000004,1.2,3.5,0.358,6.0,11.6,0.518,1.1,1.4,0.785,2.8,7.8,10.6,2.6,1.9,0.8,2.0,2.7,16.8,108.0,108.0,2014,Shawn Marion-2014,0.0,Not Selected,Forward,DAL,0.03983739837398374
2013-14,Kendall Marshall,marshke01,PG,22,LAL,54,45,1564,5.3,13.0,0.406,2.2,5.5,0.39899999999999997,3.1,7.5,0.41100000000000003,0.6,1.1,0.528,0.5,4.4,4.8,14.8,1.5,0.1,4.7,2.4,13.4,101.0,113.0,2014,Kendall Marshall-2014,0.0,Not Selected,Guard,LAL,0.02195121951219512
2013-14,Cartier Martin,martica01,SF,29,TOT,59,6,870,6.5,15.4,0.42,3.4,8.8,0.391,3.0,6.6,0.46,2.8,3.8,0.738,0.8,5.7,6.4,1.9,1.6,0.4,2.0,4.2,19.2,104.0,108.0,2014,Cartier Martin-2014,0.0,Not Selected,Forward,TOT,0.03333333333333334
2013-14,Kenyon Martin,martike01,PF,36,NYK,32,15,633,5.3,10.3,0.512,0.0,0.1,0.0,5.3,10.2,0.516,0.9,1.6,0.579,3.0,8.2,11.3,4.2,2.1,2.3,2.2,7.1,11.5,108.0,106.0,2014,Kenyon Martin-2014,0.0,Not Selected,Forward,NYK,0.03008130081300813
2013-14,Kevin Martin,martike02,SG,30,MIN,68,68,2177,10.0,23.2,0.43,2.6,6.7,0.387,7.4,16.4,0.44799999999999995,6.9,7.7,0.8909999999999999,0.8,3.8,4.6,2.7,1.5,0.1,2.4,2.8,29.4,110.0,109.0,2014,Kevin Martin-2014,0.0,Not Selected,Guard,MIN,0.032520325203252036
2013-14,Roger Mason,masonro01,SG,33,MIA,25,2,260,5.1,13.6,0.373,3.4,9.7,0.354,1.6,3.8,0.42100000000000004,1.4,1.4,1.0,0.2,4.3,4.5,3.8,1.2,0.2,1.8,5.3,15.0,104.0,110.0,2014,Roger Mason-2014,0.0,Not Selected,Guard,MIA,0.04390243902439024
2013-14,Wesley Matthews,matthwe02,SG,27,POR,82,82,2780,8.1,18.4,0.441,3.7,9.3,0.39299999999999996,4.4,9.1,0.49,4.6,5.5,0.8370000000000001,0.9,4.3,5.3,3.6,1.4,0.3,2.0,3.2,24.4,118.0,110.0,2014,Wesley Matthews-2014,0.0,Not Selected,Guard,POR,0.04390243902439024
2013-14,Jason Maxiell,maxieja01,PF,30,ORL,34,13,488,4.9,11.0,0.44799999999999995,0.0,0.0,0.0,4.9,11.0,0.44799999999999995,1.6,3.3,0.484,2.9,6.1,9.0,0.9,0.8,2.1,1.5,4.9,11.4,95.0,108.0,2014,Jason Maxiell-2014,0.0,Not Selected,Forward,ORL,0.01869918699186992
2013-14,Eric Maynor,maynoer01,PG,26,TOT,31,0,327,4.9,15.6,0.317,1.8,5.7,0.324,3.1,9.9,0.313,0.9,1.7,0.545,1.4,4.6,6.0,8.0,1.4,0.5,4.5,2.6,12.6,82.0,109.0,2014,Eric Maynor-2014,0.0,Not Selected,Guard,TOT,0.03333333333333334
2013-14,O.J. Mayo,mayooj01,SG,26,MIL,52,23,1346,8.7,21.4,0.40700000000000003,3.3,8.8,0.37,5.4,12.6,0.433,3.0,3.4,0.8640000000000001,0.9,3.9,4.8,4.4,1.1,0.5,3.7,4.3,23.6,98.0,115.0,2014,O.J. Mayo-2014,0.0,Not Selected,Guard,MIL,0.012195121951219513
2013-14,Luc Mbah a Moute,mbahalu01,PF-SF,27,TOT,64,7,1003,4.3,9.5,0.451,0.2,0.8,0.235,4.1,8.7,0.47200000000000003,2.3,3.3,0.687,2.8,4.5,7.2,1.8,1.5,0.7,2.0,3.4,11.1,101.0,109.0,2014,Luc Mbah a Moute-2014,0.0,Not Selected,Forward,TOT,0.03333333333333334
2013-14,Ray McCallum,mccalra01,PG,22,SAC,45,10,897,6.4,17.0,0.377,1.2,3.3,0.373,5.2,13.7,0.37799999999999995,1.8,2.4,0.7440000000000001,1.0,3.5,4.5,6.8,1.2,0.5,2.2,3.9,15.9,98.0,112.0,2014,Ray McCallum-2014,0.0,Not Selected,Guard,SAC,0.022764227642276424
2013-14,CJ McCollum,mccolcj01,SG,22,POR,38,0,476,7.9,18.9,0.41600000000000004,3.2,8.5,0.375,4.7,10.4,0.449,2.4,3.6,0.6759999999999999,0.7,4.4,5.1,2.9,1.5,0.2,3.7,5.6,21.4,95.0,109.0,2014,CJ McCollum-2014,0.0,Not Selected,Guard,POR,0.04390243902439024
2013-14,JaVale McGee,mcgeeja01,C,26,DEN,5,5,79,10.5,23.5,0.447,0.0,0.0,0.0,10.5,23.5,0.447,0.6,0.6,1.0,6.2,4.3,10.5,1.2,0.6,4.3,5.0,9.9,21.7,87.0,108.0,2014,JaVale McGee-2014,0.0,Not Selected,Center,DEN,0.02926829268292683
2013-14,Ben McLemore,mclembe01,SG,20,SAC,82,55,2187,5.9,15.8,0.376,2.2,6.9,0.32,3.7,8.9,0.419,2.7,3.3,0.804,1.2,4.2,5.5,1.9,1.0,0.4,2.2,4.7,16.7,97.0,112.0,2014,Ben McLemore-2014,0.0,Not Selected,Guard,SAC,0.022764227642276424
2013-14,Josh McRoberts,mcrobjo01,PF,26,CHA,78,78,2360,5.4,12.5,0.436,2.3,6.4,0.361,3.1,6.1,0.516,1.4,1.9,0.7290000000000001,1.9,6.3,8.2,7.3,1.3,1.0,1.8,4.2,14.5,115.0,105.0,2014,Josh McRoberts-2014,0.0,Not Selected,Forward,CHO,0.034959349593495934
2013-14,Jodie Meeks,meeksjo01,SG,26,LAL,77,70,2556,7.9,17.0,0.46299999999999997,3.1,7.7,0.401,4.8,9.3,0.514,4.2,4.9,0.857,0.6,3.1,3.7,2.6,2.1,0.1,2.1,2.3,23.0,112.0,113.0,2014,Jodie Meeks-2014,0.0,Not Selected,Guard,LAL,0.02195121951219512
2013-14,Gal Mekel,mekelga01,PG,25,DAL,31,1,292,5.3,15.1,0.349,0.9,3.5,0.25,4.4,11.6,0.379,1.4,2.1,0.667,0.9,3.9,4.7,11.1,0.7,0.2,5.4,5.4,12.8,85.0,114.0,2014,Gal Mekel-2014,0.0,Not Selected,Guard,DAL,0.03983739837398374
2013-14,Khris Middleton,middlkh01,SF,22,MIL,82,64,2460,8.0,18.2,0.44,2.6,6.2,0.414,5.4,12.0,0.45399999999999996,2.5,2.9,0.861,1.3,5.3,6.6,3.6,1.8,0.4,2.6,5.2,21.0,105.0,113.0,2014,Khris Middleton-2014,0.0,Not Selected,Forward,MIL,0.012195121951219513
2013-14,C.J. Miles,milescj01,SG,26,CLE,51,34,984,9.3,21.4,0.435,4.3,11.1,0.39299999999999996,5.0,10.4,0.48,3.4,3.9,0.853,0.9,4.5,5.4,2.7,2.4,0.8,2.3,5.4,26.4,111.0,107.0,2014,C.J. Miles-2014,0.0,Not Selected,Guard,CLE,0.026829268292682926
2013-14,Andre Miller,millean02,SG,37,TOT,58,2,982,5.4,11.8,0.45899999999999996,0.6,1.1,0.524,4.8,10.7,0.452,3.1,3.9,0.779,1.4,5.2,6.6,10.0,1.7,0.5,3.1,3.8,14.4,112.0,108.0,2014,Andre Miller-2014,0.0,Not Selected,Guard,TOT,0.03333333333333334
2013-14,Darius Miller,milleda01,SF,23,NOP,45,7,723,5.3,12.0,0.44,1.8,5.5,0.325,3.5,6.4,0.539,2.1,2.6,0.8059999999999999,0.6,3.1,3.7,3.1,1.7,0.6,1.6,6.3,14.4,110.0,113.0,2014,Darius Miller-2014,0.0,Not Selected,Forward,NOP,0.027642276422764227
2013-14,Mike Miller,millemi01,SF,33,MEM,82,4,1707,6.7,13.9,0.48100000000000004,3.3,7.3,0.45899999999999996,3.3,6.6,0.505,1.4,1.8,0.821,0.9,5.5,6.5,4.1,0.8,0.2,2.4,3.0,18.1,115.0,109.0,2014,Mike Miller-2014,0.0,Not Selected,Forward,MEM,0.04065040650406504
2013-14,Quincy Miller,millequ01,PF,21,DEN,52,16,789,5.8,15.9,0.36700000000000005,1.9,5.8,0.319,4.0,10.0,0.395,2.4,3.4,0.7090000000000001,2.2,6.9,9.1,1.6,1.4,2.0,3.0,4.3,15.9,90.0,108.0,2014,Quincy Miller-2014,0.0,Not Selected,Forward,DEN,0.02926829268292683
2013-14,Patty Mills,millspa02,PG,25,SAS,81,2,1527,10.2,22.0,0.46399999999999997,4.5,10.5,0.425,5.8,11.5,0.5,2.4,2.7,0.89,1.1,4.5,5.6,4.9,2.3,0.3,2.1,3.8,27.3,115.0,104.0,2014,Patty Mills-2014,0.0,Not Selected,Guard,SAS,0.05040650406504065
2013-14,Paul Millsap,millspa01,PF,28,ATL,74,73,2482,9.9,21.4,0.461,1.6,4.3,0.358,8.3,17.1,0.48700000000000004,5.8,8.0,0.731,3.1,9.7,12.8,4.7,2.6,1.6,3.8,4.3,27.1,105.0,102.0,2014,Paul Millsap-2014,0.0,Not Selected,Forward,ATL,0.030894308943089432
2013-14,Tony Mitchell,mitchto02,PF,21,DET,21,0,79,3.2,7.7,0.41700000000000004,0.6,0.6,1.0,2.6,7.0,0.364,7.0,12.2,0.579,9.6,7.0,16.6,1.3,3.8,1.9,2.6,5.8,14.1,117.0,104.0,2014,Tony Mitchell-2014,0.0,Not Selected,Forward,DET,0.023577235772357725
2013-14,Nazr Mohammed,mohamna01,C,36,CHI,80,1,562,5.1,11.9,0.429,0.0,0.0,0.0,5.1,11.9,0.429,1.5,2.8,0.5329999999999999,6.2,10.3,16.6,1.9,1.3,2.8,3.5,7.3,11.7,90.0,97.0,2014,Nazr Mohammed-2014,0.0,Not Selected,Center,CHI,0.03902439024390244
2013-14,Greg Monroe,monrogr01,PF,23,DET,82,82,2690,9.5,19.1,0.49700000000000005,0.0,0.0,0.0,9.5,19.1,0.49700000000000005,4.5,6.9,0.657,4.8,9.5,14.3,3.2,1.7,0.9,3.1,3.9,23.5,109.0,108.0,2014,Greg Monroe-2014,0.0,Not Selected,Forward,DET,0.023577235772357725
2013-14,E'Twaun Moore,mooreet01,SG,24,ORL,79,3,1506,6.6,15.5,0.428,1.9,5.5,0.354,4.7,10.0,0.46799999999999997,1.8,2.3,0.765,1.0,3.6,4.6,3.8,2.0,0.4,1.9,3.6,17.0,102.0,109.0,2014,E'Twaun Moore-2014,0.0,Not Selected,Guard,ORL,0.01869918699186992
2013-14,Darius Morris,morrida01,PG,23,TOT,27,0,313,6.2,15.2,0.406,1.9,6.0,0.316,4.3,9.2,0.466,2.7,4.1,0.654,1.1,3.0,4.1,7.0,2.1,0.0,4.3,5.2,17.0,95.0,111.0,2014,Darius Morris-2014,0.0,Not Selected,Guard,TOT,0.03333333333333334
2013-14,Marcus Morris,morrima03,SF,24,PHO,82,1,1800,8.0,18.1,0.442,2.8,7.2,0.381,5.3,10.9,0.483,3.4,4.4,0.7609999999999999,2.3,6.5,8.9,2.5,2.0,0.5,2.6,4.4,22.2,109.0,107.0,2014,Marcus Morris-2014,0.0,Not Selected,Forward,PHO,0.03902439024390244
2013-14,Markieff Morris,morrima02,PF,24,PHO,81,0,2153,9.6,19.7,0.486,0.8,2.5,0.315,8.8,17.2,0.512,6.0,7.6,0.792,3.2,8.1,11.3,3.4,1.6,1.2,3.4,5.4,26.0,111.0,106.0,2014,Markieff Morris-2014,0.0,Not Selected,Forward,PHO,0.03902439024390244
2013-14,Anthony Morrow,morroan01,SG,28,NOP,76,9,1426,8.7,19.0,0.45799999999999996,3.2,7.1,0.451,5.5,11.9,0.462,2.6,3.2,0.828,1.1,4.1,5.1,2.2,1.4,0.4,1.9,3.7,23.2,112.0,113.0,2014,Anthony Morrow-2014,0.0,Not Selected,Guard,NOP,0.027642276422764227
2013-14,Donatas Motiejūnas,motiedo01,PF,23,HOU,62,3,952,6.9,15.5,0.44299999999999995,1.1,4.4,0.25,5.8,11.1,0.519,3.0,5.0,0.604,3.1,8.6,11.8,1.8,1.0,1.1,2.6,6.9,17.9,101.0,106.0,2014,Donatas Motiejūnas-2014,0.0,Not Selected,Forward,HOU,0.04390243902439024
2013-14,Arnett Moultrie,moultar01,PF,23,PHI,12,2,187,4.1,9.8,0.42100000000000004,0.0,0.0,0.0,4.1,9.8,0.42100000000000004,1.0,1.3,0.8,2.8,6.2,9.1,0.5,2.1,1.0,1.8,5.7,9.3,89.0,109.0,2014,Arnett Moultrie-2014,0.0,Not Selected,Forward,PHI,0.015447154471544716
2013-14,Timofey Mozgov,mozgoti01,C,27,DEN,82,30,1770,7.9,15.1,0.523,0.1,0.7,0.16699999999999998,7.8,14.4,0.539,5.4,7.2,0.754,4.7,9.9,14.6,1.7,0.7,2.8,3.4,5.9,21.3,111.0,106.0,2014,Timofey Mozgov-2014,0.0,Not Selected,Center,DEN,0.02926829268292683
2013-14,Shabazz Muhammad,muhamsh01,SG,21,MIN,37,0,290,9.7,21.1,0.46,0.5,1.9,0.273,9.2,19.2,0.478,4.4,6.8,0.65,4.1,4.9,9.0,1.0,1.4,0.2,2.7,4.1,24.3,101.0,109.0,2014,Shabazz Muhammad-2014,0.0,Not Selected,Guard,MIN,0.032520325203252036
2013-14,Byron Mullens,mulleby01,C,24,TOT,45,0,414,8.6,19.5,0.442,3.9,10.5,0.371,4.7,9.0,0.526,1.2,2.4,0.5,2.8,8.1,10.9,1.7,1.8,1.3,3.2,7.6,22.4,99.0,106.0,2014,Byron Mullens-2014,0.0,Not Selected,Center,TOT,0.03333333333333334
2013-14,Erik Murphy,murpher01,C,23,CHI,24,0,62,2.6,11.2,0.231,0.0,2.6,0.0,2.6,8.6,0.3,0.0,0.0,0.0,1.7,5.1,6.9,1.7,0.0,3.4,1.7,6.0,5.1,58.0,103.0,2014,Erik Murphy-2014,0.0,Not Selected,Center,CHI,0.03902439024390244
2013-14,Toure' Murry,murryto01,PG,24,NYK,51,0,373,8.0,18.4,0.434,0.7,1.7,0.41700000000000004,7.3,16.7,0.436,3.3,5.6,0.59,1.9,4.4,6.3,7.0,2.7,0.1,4.8,6.6,20.0,93.0,109.0,2014,Toure' Murry-2014,0.0,Not Selected,Guard,NYK,0.03008130081300813
2013-14,Mike Muscala,muscami01,PF,22,ATL,20,0,215,7.3,17.2,0.425,0.0,0.7,0.0,7.3,16.5,0.44299999999999995,3.3,3.3,1.0,4.0,8.3,12.3,1.7,0.7,2.4,2.8,6.8,17.9,96.0,106.0,2014,Mike Muscala-2014,0.0,Not Selected,Forward,ATL,0.030894308943089432
2013-14,Hamady N'Diaye,ndiayha01,C,27,SAC,14,0,74,2.1,6.2,0.33299999999999996,0.0,0.0,0.0,2.1,6.2,0.33299999999999996,0.0,0.7,0.0,3.4,8.9,12.4,2.1,0.0,2.7,2.1,10.3,4.1,78.0,108.0,2014,Hamady N'Diaye-2014,0.0,Not Selected,Center,SAC,0.022764227642276424
2013-14,Steve Nash,nashst01,PG,39,LAL,15,10,313,5.6,14.6,0.38299999999999995,1.2,3.7,0.33299999999999996,4.4,10.9,0.4,3.4,3.7,0.917,0.6,3.9,4.5,13.4,1.1,0.3,4.8,2.8,15.9,100.0,114.0,2014,Steve Nash-2014,0.0,Not Selected,Guard,LAL,0.02195121951219512
2013-14,Gary Neal,nealga01,SG,29,TOT,52,3,1114,9.0,22.0,0.41,3.2,8.4,0.37799999999999995,5.8,13.6,0.43,4.4,4.9,0.895,0.5,3.7,4.2,3.9,0.8,0.0,3.0,3.0,25.6,102.0,113.0,2014,Gary Neal-2014,0.0,Not Selected,Guard,TOT,0.03333333333333334
2013-14,Nemanja Nedović,nedovne01,SG,22,GSW,24,0,142,2.8,13.7,0.205,1.1,6.3,0.16699999999999998,1.8,7.4,0.23800000000000002,2.5,2.8,0.875,1.1,4.2,5.3,4.6,0.0,0.4,4.6,4.6,9.1,65.0,109.0,2014,Nemanja Nedović-2014,0.0,Not Selected,Guard,GSW,0.041463414634146344
2013-14,Jameer Nelson,nelsoja01,PG,31,ORL,68,68,2179,6.9,17.6,0.39399999999999996,3.2,9.2,0.348,3.7,8.4,0.444,2.3,2.6,0.857,0.7,4.8,5.4,11.2,1.2,0.1,3.9,3.4,19.3,104.0,111.0,2014,Jameer Nelson-2014,0.0,Not Selected,Guard,ORL,0.01869918699186992
2013-14,Andrew Nicholson,nichoan01,PF,24,ORL,76,5,1174,7.9,18.3,0.429,1.2,3.9,0.315,6.6,14.5,0.45899999999999996,2.1,2.5,0.825,2.3,8.8,11.1,1.1,0.8,1.0,2.2,6.5,19.0,95.0,108.0,2014,Andrew Nicholson-2014,0.0,Not Selected,Forward,ORL,0.01869918699186992
2013-14,Joakim Noah,noahjo01,C,28,CHI,80,80,2820,7.2,15.1,0.475,0.0,0.0,0.0,7.2,15.1,0.47600000000000003,4.7,6.3,0.737,5.3,11.7,17.0,8.1,1.9,2.3,3.7,4.6,19.0,111.0,96.0,2014,Joakim Noah-2014,1.0,1st,Center,CHI,0.03902439024390244
2013-14,Steve Novak,novakst01,PF,30,TOR,54,1,540,5.8,14.1,0.41100000000000003,5.0,11.8,0.426,0.8,2.3,0.33299999999999996,0.6,0.6,1.0,0.8,4.8,5.6,1.3,1.2,0.4,0.5,4.3,17.2,124.0,108.0,2014,Steve Novak-2014,0.0,Not Selected,Forward,TOR,0.03902439024390244
2013-14,Dirk Nowitzki,nowitdi01,PF,35,DAL,80,80,2628,12.4,24.9,0.49700000000000005,2.6,6.4,0.39799999999999996,9.8,18.4,0.532,6.6,7.3,0.899,0.8,8.9,9.7,4.2,1.4,0.9,2.3,3.2,33.9,120.0,108.0,2014,Dirk Nowitzki-2014,0.0,Not Selected,Forward,DAL,0.03983739837398374
2013-14,James Nunnally,nunnaja01,SF,23,TOT,13,0,165,4.5,13.7,0.326,2.4,7.4,0.32,2.1,6.3,0.33299999999999996,1.8,2.7,0.667,0.3,5.4,5.7,2.4,1.8,0.6,2.1,3.3,13.1,86.0,110.0,2014,James Nunnally-2014,0.0,Not Selected,Forward,TOT,0.03333333333333334
2013-14,Jermaine O'Neal,onealje01,PF,35,GSW,44,13,883,7.1,14.0,0.504,0.0,0.0,0.0,7.1,14.0,0.504,5.6,7.5,0.75,4.8,8.9,13.7,1.4,0.8,2.3,2.9,5.8,19.7,111.0,102.0,2014,Jermaine O'Neal-2014,0.0,Not Selected,Forward,GSW,0.041463414634146344
2013-14,Kyle O'Quinn,oquinky01,C,23,ORL,69,19,1188,8.0,16.0,0.501,0.0,0.1,0.0,8.0,15.9,0.505,2.5,3.6,0.687,4.3,11.4,15.7,3.4,1.7,3.8,3.4,7.1,18.5,102.0,101.0,2014,Kyle O'Quinn-2014,0.0,Not Selected,Center,ORL,0.01869918699186992
2013-14,Greg Oden,odengr01,C,26,MIA,23,6,212,6.7,12.2,0.551,0.0,0.0,0.0,6.7,12.2,0.551,3.2,5.7,0.565,5.7,7.7,13.4,0.2,1.7,3.2,3.0,12.9,16.6,107.0,102.0,2014,Greg Oden-2014,0.0,Not Selected,Center,MIA,0.04390243902439024
2013-14,Victor Oladipo,oladivi01,PG,21,ORL,80,44,2487,8.1,19.3,0.419,1.5,4.7,0.327,6.6,14.6,0.44799999999999995,5.1,6.6,0.78,0.9,5.9,6.8,6.7,2.7,0.8,5.3,4.3,22.8,94.0,106.0,2014,Victor Oladipo-2014,0.0,Not Selected,Guard,ORL,0.01869918699186992
2013-14,Kelly Olynyk,olynyke01,C,22,BOS,70,9,1400,8.6,18.4,0.466,1.5,4.2,0.35100000000000003,7.1,14.3,0.5,3.6,4.5,0.8109999999999999,5.1,8.3,13.4,4.0,1.3,1.0,3.9,8.3,22.3,107.0,107.0,2014,Kelly Olynyk-2014,0.0,Not Selected,Center,BOS,0.02032520325203252
2013-14,Arinze Onuaku,onuakar01,PF,26,TOT,5,0,30,1.7,8.7,0.2,0.0,0.0,0.0,1.7,8.7,0.2,1.7,3.5,0.5,3.5,10.4,13.9,5.2,0.0,0.0,1.7,5.2,5.2,81.0,112.0,2014,Arinze Onuaku-2014,0.0,Not Selected,Forward,TOT,0.03333333333333334
2013-14,Daniel Orton,ortonda01,C,23,PHI,22,4,251,4.1,9.1,0.447,0.0,0.0,0.0,4.1,9.1,0.447,4.4,5.8,0.767,3.1,8.7,11.8,2.9,1.2,3.1,3.5,7.3,12.5,99.0,107.0,2014,Daniel Orton-2014,0.0,Not Selected,Center,PHI,0.015447154471544716
2013-14,Travis Outlaw,outlatr01,SF,29,SAC,63,4,1065,6.2,15.6,0.39899999999999997,2.0,5.6,0.35,4.3,10.0,0.426,2.0,2.5,0.8079999999999999,1.7,6.3,8.0,2.3,1.0,0.9,1.2,4.5,16.4,106.0,110.0,2014,Travis Outlaw-2014,0.0,Not Selected,Forward,SAC,0.022764227642276424
2013-14,Zaza Pachulia,pachuza01,C,29,MIL,53,43,1325,5.9,13.8,0.42700000000000005,0.0,0.0,0.0,5.9,13.7,0.428,4.3,5.1,0.846,5.6,7.6,13.1,5.4,1.8,0.6,3.6,4.9,16.1,105.0,111.0,2014,Zaza Pachulia-2014,0.0,Not Selected,Center,MIL,0.012195121951219513
2013-14,Jannero Pargo,pargoja01,PG,34,CHA,29,0,242,11.2,25.3,0.441,5.1,12.9,0.4,6.0,12.4,0.483,1.7,2.4,0.727,0.2,4.1,4.3,11.2,3.0,0.2,5.6,3.6,29.2,102.0,103.0,2014,Jannero Pargo-2014,0.0,Not Selected,Guard,CHO,0.034959349593495934
2013-14,Tony Parker,parketo01,PG,31,SAS,68,68,1997,11.5,23.1,0.499,0.6,1.7,0.373,10.9,21.4,0.509,5.0,6.1,0.8109999999999999,0.4,3.5,3.9,9.8,0.9,0.2,3.8,2.2,28.7,110.0,107.0,2014,Tony Parker-2014,2.0,2nd,Guard,SAS,0.05040650406504065
2013-14,Chandler Parsons,parsoch01,SF,25,HOU,74,74,2783,8.3,17.7,0.47200000000000003,2.3,6.3,0.37,6.0,11.4,0.528,2.9,4.0,0.742,1.2,6.1,7.3,5.3,1.6,0.5,2.6,3.0,22.0,114.0,108.0,2014,Chandler Parsons-2014,0.0,Not Selected,Forward,HOU,0.04390243902439024
2013-14,Patrick Patterson,pattepa01,PF,24,TOT,65,13,1533,7.6,16.6,0.46,1.9,5.1,0.364,5.8,11.4,0.503,1.7,2.4,0.7040000000000001,4.0,7.6,11.6,2.6,1.9,1.3,2.2,5.4,18.8,109.0,105.0,2014,Patrick Patterson-2014,0.0,Not Selected,Forward,TOT,0.03333333333333334
2013-14,Chris Paul,paulch01,PG,28,LAC,62,62,2171,9.4,20.0,0.467,1.8,4.9,0.368,7.6,15.2,0.498,6.8,8.0,0.855,0.9,5.3,6.2,15.3,3.5,0.1,3.3,3.6,27.3,125.0,103.0,2014,Chris Paul-2014,1.0,1st,Guard,LAC,0.046341463414634146
2013-14,Nikola Peković,pekovni01,C,28,MIN,54,54,1663,11.2,20.8,0.541,0.0,0.0,0.0,11.2,20.8,0.541,5.5,7.4,0.747,6.1,7.8,13.9,1.5,0.9,0.7,2.5,3.8,28.0,117.0,108.0,2014,Nikola Peković-2014,0.0,Not Selected,Center,MIN,0.032520325203252036
2013-14,Kendrick Perkins,perkike01,C,29,OKC,62,62,1207,3.6,8.0,0.451,0.0,0.0,0.0,3.6,8.0,0.45299999999999996,1.5,2.8,0.552,3.4,9.3,12.7,2.8,1.1,1.3,3.7,7.4,8.8,88.0,104.0,2014,Kendrick Perkins-2014,0.0,Not Selected,Center,OKC,0.04796747967479675
2013-14,Paul Pierce,piercpa01,SF,36,BRK,75,68,2098,8.0,17.8,0.451,2.8,7.5,0.373,5.2,10.3,0.507,6.4,7.8,0.826,0.7,8.1,8.7,4.5,2.2,0.8,3.8,4.8,25.3,109.0,106.0,2014,Paul Pierce-2014,0.0,Not Selected,Forward,BRK,0.03577235772357724
2013-14,Dexter Pittman,pittmde01,C,25,ATL,2,0,3,0.0,16.9,0.0,0.0,0.0,0.0,0.0,16.9,0.0,0.0,33.8,0.0,50.7,0.0,50.7,0.0,0.0,0.0,0.0,0.0,0.0,84.0,116.0,2014,Dexter Pittman-2014,0.0,Not Selected,Center,ATL,0.030894308943089432
2013-14,Mason Plumlee,plumlma01,C,23,BRK,70,22,1275,8.2,12.4,0.659,0.0,0.1,0.0,8.2,12.3,0.6659999999999999,5.0,8.0,0.626,4.1,8.6,12.7,2.5,2.0,2.3,3.2,7.0,21.4,121.0,104.0,2014,Mason Plumlee-2014,0.0,Not Selected,Center,BRK,0.03577235772357724
2013-14,Miles Plumlee,plumlmi01,C,25,PHO,80,79,1964,7.3,14.1,0.517,0.0,0.0,0.0,7.3,14.1,0.517,1.9,3.4,0.561,5.1,10.9,16.0,1.1,1.3,2.3,2.8,4.7,16.5,104.0,104.0,2014,Miles Plumlee-2014,0.0,Not Selected,Center,PHO,0.03902439024390244
2013-14,Quincy Pondexter,pondequ01,SG,25,MEM,15,2,270,6.1,15.6,0.392,2.2,6.7,0.324,4.0,8.9,0.444,4.2,5.1,0.8079999999999999,2.0,3.2,5.1,4.0,1.0,0.2,3.0,3.6,18.6,104.0,110.0,2014,Quincy Pondexter-2014,0.0,Not Selected,Guard,MEM,0.04065040650406504
2013-14,Otto Porter,porteot01,SF,20,WAS,37,0,319,5.3,14.7,0.363,0.6,3.4,0.19,4.7,11.3,0.414,1.3,1.9,0.667,3.4,5.8,9.2,1.6,1.3,0.2,2.3,4.2,12.6,86.0,107.0,2014,Otto Porter-2014,0.0,Not Selected,Forward,WAS,0.03577235772357724
2013-14,Josh Powell,poweljo01,PF,31,HOU,1,0,19,5.2,15.7,0.33299999999999996,0.0,0.0,0.0,5.2,15.7,0.33299999999999996,0.0,0.0,0.0,0.0,13.1,13.1,0.0,0.0,2.6,2.6,2.6,10.5,60.0,104.0,2014,Josh Powell-2014,0.0,Not Selected,Forward,HOU,0.04390243902439024
2013-14,Phil Pressey,pressph01,PG,22,BOS,75,11,1132,3.5,11.5,0.308,1.3,4.8,0.264,2.3,6.7,0.34,1.3,2.0,0.644,0.9,3.9,4.8,11.0,3.1,0.2,4.0,4.4,9.7,89.0,107.0,2014,Phil Pressey-2014,0.0,Not Selected,Guard,BOS,0.02032520325203252
2013-14,A.J. Price,priceaj01,SG,27,MIN,28,0,99,9.5,22.9,0.413,3.0,11.0,0.273,6.5,12.0,0.542,0.0,1.0,0.0,0.5,4.5,5.0,6.5,0.5,0.0,3.5,2.5,21.9,93.0,111.0,2014,A.J. Price-2014,0.0,Not Selected,Guard,MIN,0.032520325203252036
2013-14,Ronnie Price,pricero01,SG,30,ORL,31,2,377,3.8,12.5,0.304,1.2,5.8,0.209,2.6,6.7,0.38799999999999996,1.2,1.8,0.6920000000000001,1.1,4.8,5.8,9.0,3.4,0.3,3.5,6.8,10.1,85.0,106.0,2014,Ronnie Price-2014,0.0,Not Selected,Guard,ORL,0.01869918699186992
2013-14,Pablo Prigioni,prigipa01,PG,36,NYK,66,27,1283,3.6,7.9,0.461,2.7,5.8,0.46399999999999997,1.0,2.1,0.451,0.5,0.5,0.917,1.5,3.9,5.3,9.5,2.8,0.1,2.5,5.5,10.4,127.0,110.0,2014,Pablo Prigioni-2014,0.0,Not Selected,Guard,NYK,0.03008130081300813
2013-14,Tayshaun Prince,princta01,SF,33,MEM,76,76,1948,5.5,13.5,0.40700000000000003,0.5,1.9,0.29,4.9,11.6,0.426,0.9,1.6,0.5670000000000001,0.9,5.5,6.4,3.3,1.1,0.5,1.1,1.7,12.4,97.0,108.0,2014,Tayshaun Prince-2014,0.0,Not Selected,Forward,MEM,0.04065040650406504
2013-14,Miroslav Raduljica,radulmi01,C,26,MIL,48,2,465,7.6,14.2,0.54,0.0,0.0,0.0,7.6,14.2,0.54,5.1,6.2,0.818,6.1,6.1,12.1,2.6,0.8,1.5,3.1,9.4,20.4,117.0,113.0,2014,Miroslav Raduljica-2014,0.0,Not Selected,Center,MIL,0.012195121951219513
2013-14,Anthony Randolph,randoan01,PF,24,DEN,43,5,527,6.3,16.3,0.386,1.7,5.7,0.295,4.6,10.7,0.435,4.8,6.4,0.754,1.9,9.5,11.3,3.0,2.4,1.8,3.6,5.9,19.1,96.0,104.0,2014,Anthony Randolph-2014,0.0,Not Selected,Forward,DEN,0.02926829268292683
2013-14,Shavlik Randolph,randosh01,PF,30,PHO,14,0,95,3.7,7.4,0.5,0.0,0.0,0.0,3.7,7.4,0.5,3.2,5.8,0.545,3.7,9.5,13.2,0.5,1.6,0.5,2.6,7.9,10.6,99.0,106.0,2014,Shavlik Randolph-2014,0.0,Not Selected,Forward,PHO,0.03902439024390244
2013-14,Zach Randolph,randoza01,PF,32,MEM,79,79,2705,11.1,23.7,0.467,0.0,0.4,0.1,11.0,23.3,0.474,4.9,6.7,0.742,5.2,10.5,15.7,3.9,1.1,0.5,3.6,4.1,27.1,105.0,105.0,2014,Zach Randolph-2014,0.0,Not Selected,Forward,MEM,0.04065040650406504
2013-14,J.J. Redick,redicjj01,SG,29,LAC,35,34,987,9.2,20.2,0.455,3.7,9.4,0.395,5.5,10.8,0.507,4.9,5.4,0.915,0.5,3.3,3.8,4.0,1.4,0.2,2.1,3.3,27.0,117.0,109.0,2014,J.J. Redick-2014,0.0,Not Selected,Guard,LAC,0.046341463414634146
2013-14,Glen Rice Jr.,ricegl02,SG,23,WAS,11,1,109,5.2,17.5,0.297,2.4,8.0,0.294,2.8,9.4,0.3,2.4,3.3,0.7140000000000001,1.9,7.6,9.4,3.3,2.8,0.5,4.3,3.3,15.1,78.0,102.0,2014,Glen Rice Jr.-2014,0.0,Not Selected,Guard,WAS,0.03577235772357724
2013-14,Luke Ridnour,ridnolu01,PG,32,TOT,61,14,1141,5.8,15.0,0.385,1.7,4.9,0.34299999999999997,4.1,10.0,0.406,0.8,1.2,0.654,1.1,3.4,4.4,8.0,1.5,0.4,3.0,4.2,14.0,95.0,112.0,2014,Luke Ridnour-2014,0.0,Not Selected,Guard,TOT,0.03333333333333334
2013-14,Austin Rivers,riverau01,PG,21,NOP,69,4,1339,7.5,18.4,0.405,1.4,3.9,0.364,6.1,14.6,0.41600000000000004,4.3,6.7,0.636,1.0,4.0,5.0,6.2,1.8,0.4,3.0,5.2,20.6,99.0,113.0,2014,Austin Rivers-2014,0.0,Not Selected,Guard,NOP,0.027642276422764227
2013-14,Andre Roberson,roberan03,SG,22,OKC,40,16,399,4.2,8.6,0.485,0.3,1.6,0.154,3.9,6.9,0.564,0.9,1.3,0.7,4.5,7.3,11.8,1.9,2.4,1.3,2.4,9.3,9.5,105.0,102.0,2014,Andre Roberson-2014,0.0,Not Selected,Guard,OKC,0.04796747967479675
2013-14,Brian Roberts,roberbr01,PG,28,NOP,72,42,1667,7.6,18.1,0.42,2.0,5.6,0.36,5.6,12.6,0.447,3.9,4.2,0.94,0.5,3.7,4.2,7.3,1.3,0.2,3.0,4.1,21.1,108.0,114.0,2014,Brian Roberts-2014,0.0,Not Selected,Guard,NOP,0.027642276422764227
2013-14,Nate Robinson,robinna01,PG,29,DEN,44,1,866,9.3,21.6,0.428,3.3,8.7,0.377,6.0,12.9,0.46299999999999997,4.0,4.8,0.835,1.2,3.4,4.6,6.3,2.0,0.2,3.3,5.2,25.8,109.0,110.0,2014,Nate Robinson-2014,0.0,Not Selected,Guard,DEN,0.02926829268292683
2013-14,Thomas Robinson,robinth01,PF,22,POR,70,0,873,8.2,17.0,0.48100000000000004,0.0,0.1,0.0,8.2,16.9,0.483,3.3,5.9,0.564,6.1,11.7,17.8,2.0,1.3,1.2,3.3,7.6,19.6,102.0,104.0,2014,Thomas Robinson-2014,0.0,Not Selected,Forward,POR,0.04390243902439024
2013-14,Rajon Rondo,rondora01,PG,27,BOS,30,30,998,7.3,18.0,0.40299999999999997,1.3,4.6,0.289,5.9,13.4,0.442,2.2,3.5,0.627,1.1,7.3,8.5,15.2,2.1,0.1,5.1,3.4,18.0,99.0,107.0,2014,Rajon Rondo-2014,0.0,Not Selected,Guard,BOS,0.02032520325203252
2013-14,Derrick Rose,rosede01,PG,25,CHI,10,10,311,9.9,28.1,0.354,2.7,8.0,0.34,7.2,20.0,0.359,4.6,5.5,0.8440000000000001,1.5,3.9,5.5,7.4,0.9,0.2,5.8,2.6,27.2,88.0,105.0,2014,Derrick Rose-2014,0.0,Not Selected,Guard,CHI,0.03902439024390244
2013-14,Terrence Ross,rosste01,SG,22,TOR,81,62,2159,7.7,18.2,0.423,3.9,9.9,0.395,3.8,8.3,0.45799999999999996,2.0,2.4,0.8370000000000001,1.0,5.1,6.1,1.9,1.5,0.7,2.1,4.4,21.3,107.0,107.0,2014,Terrence Ross-2014,0.0,Not Selected,Guard,TOR,0.03902439024390244
2013-14,Ricky Rubio,rubiori01,PG,23,MIN,82,82,2638,4.8,12.5,0.381,0.8,2.5,0.331,3.9,10.0,0.39299999999999996,4.2,5.3,0.802,1.1,5.3,6.4,13.2,3.6,0.2,4.1,4.1,14.6,106.0,104.0,2014,Ricky Rubio-2014,0.0,Not Selected,Guard,MIN,0.032520325203252036
2013-14,Brandon Rush,rushbr01,SG,28,UTA,38,0,418,3.8,11.3,0.33299999999999996,2.0,5.9,0.34,1.8,5.4,0.326,0.4,0.6,0.6,0.6,4.9,5.5,3.0,0.6,1.1,2.5,3.9,9.9,83.0,114.0,2014,Brandon Rush-2014,0.0,Not Selected,Guard,UTA,0.02032520325203252
2013-14,Robert Sacre,sacrero01,C,24,LAL,65,13,1089,6.4,13.4,0.47700000000000004,0.0,0.0,0.0,6.4,13.4,0.47700000000000004,2.9,4.2,0.6809999999999999,3.7,7.7,11.3,2.3,1.1,2.1,2.0,6.0,15.6,105.0,110.0,2014,Robert Sacre-2014,0.0,Not Selected,Center,LAL,0.02195121951219512
2013-14,John Salmons,salmojo01,SG-SF,34,TOT,78,8,1726,4.5,12.4,0.363,1.9,4.9,0.387,2.6,7.5,0.348,1.2,1.6,0.769,0.6,4.3,4.9,4.4,1.4,0.6,1.6,3.7,12.1,100.0,108.0,2014,John Salmons-2014,0.0,Not Selected,Forward,TOT,0.03333333333333334
2013-14,Larry Sanders,sandela01,C,25,MIL,23,20,584,6.8,14.5,0.469,0.0,0.1,0.0,6.8,14.4,0.47200000000000003,2.3,4.9,0.473,5.4,9.4,14.8,1.7,1.6,3.6,2.3,6.6,15.9,100.0,107.0,2014,Larry Sanders-2014,0.0,Not Selected,Center,MIL,0.012195121951219513
2013-14,Dennis Schröder,schrode01,PG,20,ATL,49,0,641,5.7,14.9,0.38299999999999995,0.8,3.3,0.23800000000000002,4.9,11.6,0.425,2.3,3.4,0.674,0.4,4.4,4.7,7.4,1.3,0.0,4.8,4.3,14.5,83.0,110.0,2014,Dennis Schröder-2014,0.0,Not Selected,Guard,ATL,0.030894308943089432
2013-14,Luis Scola,scolalu01,PF,33,IND,82,2,1399,9.8,20.8,0.47,0.0,0.3,0.14300000000000002,9.7,20.5,0.474,3.7,5.0,0.728,3.2,11.3,14.5,3.0,1.0,0.6,4.0,6.1,23.2,96.0,99.0,2014,Luis Scola-2014,0.0,Not Selected,Forward,IND,0.04552845528455285
2013-14,Mike Scott,scottmi01,PF,25,ATL,80,6,1482,10.3,21.5,0.479,2.1,6.8,0.31,8.2,14.6,0.5579999999999999,3.5,4.5,0.78,2.1,7.6,9.7,2.6,1.0,0.2,2.7,4.1,26.3,105.0,108.0,2014,Mike Scott-2014,0.0,Not Selected,Forward,ATL,0.030894308943089432
2013-14,Thabo Sefolosha,sefolth01,SG,29,OKC,61,61,1584,4.5,10.8,0.415,1.5,4.8,0.316,3.0,6.0,0.495,1.7,2.2,0.768,1.6,5.4,7.0,3.0,2.5,0.5,1.7,2.9,12.2,106.0,104.0,2014,Thabo Sefolosha-2014,0.0,Not Selected,Guard,OKC,0.04796747967479675
2013-14,Kevin Séraphin,serapke01,C,24,WAS,53,1,578,9.9,19.6,0.505,0.0,0.0,0.0,9.9,19.6,0.505,2.4,2.8,0.871,4.7,6.7,11.4,1.5,0.3,2.3,3.7,9.2,22.2,100.0,106.0,2014,Kevin Séraphin-2014,0.0,Not Selected,Center,WAS,0.03577235772357724
2013-14,Ramon Sessions,sessira01,PG,27,TOT,83,19,2214,7.8,18.1,0.429,0.8,2.9,0.282,6.9,15.2,0.457,7.7,9.5,0.807,0.9,3.9,4.8,8.0,1.2,0.2,3.5,2.1,24.0,108.0,111.0,2014,Ramon Sessions-2014,0.0,Not Selected,Guard,TOT,0.03333333333333334
2013-14,Mustafa Shakur,shakumu01,PG,29,OKC,3,0,11,0.0,13.7,0.0,0.0,4.6,0.0,0.0,9.1,0.0,4.6,9.1,0.5,0.0,0.0,0.0,18.3,0.0,0.0,9.1,9.1,4.6,52.0,113.0,2014,Mustafa Shakur-2014,0.0,Not Selected,Guard,OKC,0.04796747967479675
2013-14,Tornike Shengelia,shengto01,SF,22,TOT,26,0,154,4.4,9.6,0.46399999999999997,0.0,2.0,0.0,4.4,7.5,0.591,1.0,2.7,0.375,1.4,4.1,5.5,4.8,1.0,0.3,4.1,6.1,9.9,82.0,111.0,2014,Tornike Shengelia-2014,0.0,Not Selected,Forward,TOT,0.03333333333333334
2013-14,Iman Shumpert,shumpim01,SG,23,NYK,74,58,1962,5.0,13.1,0.37799999999999995,2.1,6.2,0.33299999999999996,2.9,6.9,0.418,1.4,1.9,0.746,2.2,6.2,8.3,3.5,2.5,0.4,2.1,5.7,13.4,100.0,108.0,2014,Iman Shumpert-2014,0.0,Not Selected,Guard,NYK,0.03008130081300813
2013-14,Alexey Shved,shvedal01,SG,25,MIN,63,0,664,5.6,17.6,0.321,2.2,7.6,0.294,3.4,10.0,0.341,5.1,6.7,0.7559999999999999,1.6,4.5,6.0,5.1,1.9,1.2,3.6,2.7,18.6,93.0,107.0,2014,Alexey Shved-2014,0.0,Not Selected,Guard,MIN,0.032520325203252036
2013-14,Henry Sims,simshe01,C,23,TOT,46,25,875,7.3,15.3,0.474,0.0,0.1,0.0,7.3,15.3,0.47600000000000003,5.0,6.8,0.7440000000000001,5.8,7.4,13.3,2.9,1.6,1.1,2.3,6.5,19.6,113.0,109.0,2014,Henry Sims-2014,0.0,Not Selected,Center,TOT,0.03333333333333334
2013-14,Kyle Singler,singlky01,SF,25,DET,82,36,2337,5.8,13.0,0.447,2.0,5.3,0.382,3.8,7.7,0.49200000000000005,3.3,4.0,0.826,2.5,4.0,6.6,1.6,1.3,0.8,1.7,4.6,17.0,117.0,113.0,2014,Kyle Singler-2014,0.0,Not Selected,Forward,DET,0.023577235772357725
2013-14,Chris Singleton,singlch01,SF,24,WAS,25,0,250,5.1,13.8,0.373,1.4,3.9,0.368,3.7,9.9,0.375,3.7,5.1,0.72,3.7,7.6,11.3,1.2,1.9,0.6,3.5,5.1,15.4,92.0,104.0,2014,Chris Singleton-2014,0.0,Not Selected,Forward,WAS,0.03577235772357724
2013-14,Peyton Siva,sivape01,SG,23,DET,24,0,224,4.1,12.9,0.316,1.6,5.6,0.28,2.5,7.2,0.344,2.5,3.4,0.733,0.5,2.7,3.2,7.7,2.0,0.2,4.1,6.1,12.2,88.0,112.0,2014,Peyton Siva-2014,0.0,Not Selected,Guard,DET,0.023577235772357725
2013-14,Donald Sloan,sloando01,SG,26,IND,48,1,392,5.8,15.5,0.376,1.3,5.6,0.23800000000000002,4.5,9.9,0.45299999999999996,1.6,2.6,0.6,0.5,5.3,5.8,6.6,1.3,0.1,2.9,2.5,14.6,91.0,102.0,2014,Donald Sloan-2014,0.0,Not Selected,Guard,IND,0.04552845528455285
2013-14,Chris Smith,smithch05,PG,26,NYK,2,0,2,0.0,0.0,0.0,0.0,0.0,0.0,0.0,0.0,0.0,0.0,0.0,0.0,0.0,0.0,0.0,0.0,0.0,0.0,0.0,0.0,0.0,0.0,119.0,2014,Chris Smith-2014,0.0,Not Selected,Guard,NYK,0.03008130081300813
2013-14,Greg Smith,smithgr02,C,23,HOU,11,0,100,9.0,14.0,0.643,0.0,0.0,0.0,9.0,14.0,0.643,1.0,2.5,0.4,5.5,8.0,13.5,0.0,0.5,1.0,2.5,8.5,18.9,116.0,108.0,2014,Greg Smith-2014,0.0,Not Selected,Center,HOU,0.04390243902439024
2013-14,Ish Smith,smithis01,PG,25,PHO,70,1,1006,5.9,14.0,0.423,0.0,1.1,0.043,5.9,12.9,0.457,1.1,1.9,0.564,1.5,4.9,6.4,8.9,2.4,0.6,3.2,3.3,13.0,98.0,107.0,2014,Ish Smith-2014,0.0,Not Selected,Guard,PHO,0.03902439024390244
2013-14,J.R. Smith,smithjr01,SF,28,NYK,74,37,2421,8.7,21.0,0.415,4.2,10.5,0.39399999999999996,4.5,10.4,0.436,2.0,3.0,0.652,0.8,5.7,6.5,4.8,1.4,0.4,2.4,4.3,23.5,106.0,111.0,2014,J.R. Smith-2014,0.0,Not Selected,Forward,NYK,0.03008130081300813
2013-14,Jason Smith,smithja02,PF,27,NOP,31,27,830,8.2,17.7,0.465,0.0,0.0,0.0,8.2,17.7,0.465,2.4,3.1,0.78,3.2,8.2,11.4,1.8,0.7,1.8,1.8,6.3,18.9,104.0,111.0,2014,Jason Smith-2014,0.0,Not Selected,Forward,NOP,0.027642276422764227
2013-14,Josh Smith,smithjo03,SF,28,DET,77,76,2730,9.6,22.8,0.419,1.3,4.9,0.264,8.3,17.9,0.462,3.0,5.6,0.532,1.9,7.7,9.6,4.7,1.9,2.0,3.7,3.6,23.4,95.0,108.0,2014,Josh Smith-2014,0.0,Not Selected,Forward,DET,0.023577235772357725
2013-14,Tony Snell,snellto01,SG,22,CHI,77,12,1231,5.6,14.5,0.384,2.5,7.7,0.32,3.1,6.8,0.456,1.3,1.8,0.7559999999999999,0.8,4.5,5.4,2.9,1.3,0.6,1.9,3.6,15.0,97.0,104.0,2014,Tony Snell-2014,0.0,Not Selected,Guard,CHI,0.03902439024390244
2013-14,James Southerland,southja01,SF,23,TOT,4,0,30,8.7,26.0,0.33299999999999996,5.2,10.4,0.5,3.5,15.6,0.222,1.7,3.5,0.5,0.0,13.9,13.9,0.0,1.7,3.5,1.7,5.2,24.3,83.0,102.0,2014,James Southerland-2014,0.0,Not Selected,Forward,TOT,0.03333333333333334
2013-14,Marreese Speights,speigma01,C,26,GSW,79,3,982,9.9,22.5,0.441,0.4,1.6,0.258,9.5,20.9,0.455,5.6,6.8,0.821,5.1,9.6,14.7,1.6,0.5,1.7,3.4,7.5,25.8,102.0,103.0,2014,Marreese Speights-2014,0.0,Not Selected,Center,GSW,0.041463414634146344
2013-14,Tiago Splitter,splitti01,C,29,SAS,59,50,1271,7.2,13.8,0.523,0.0,0.1,0.0,7.2,13.6,0.528,4.8,6.9,0.6990000000000001,4.9,9.5,14.4,3.6,1.2,1.2,3.0,4.7,19.2,114.0,102.0,2014,Tiago Splitter-2014,0.0,Not Selected,Center,SAS,0.05040650406504065
2013-14,D.J. Stephens,stephdj01,SG,23,MIL,3,0,15,10.5,24.4,0.429,0.0,0.0,0.0,10.5,24.4,0.429,3.5,3.5,1.0,3.5,13.9,17.4,0.0,0.0,0.0,0.0,0.0,24.4,106.0,111.0,2014,D.J. Stephens-2014,0.0,Not Selected,Guard,MIL,0.012195121951219513
2013-14,Lance Stephenson,stephla01,SG,23,IND,78,78,2752,8.1,16.4,0.491,1.6,4.6,0.35200000000000004,6.4,11.8,0.545,2.6,3.7,0.711,1.8,8.7,10.5,6.8,1.0,0.1,4.0,3.7,20.4,106.0,101.0,2014,Lance Stephenson-2014,0.0,Not Selected,Guard,IND,0.04552845528455285
2013-14,Greg Stiemsma,stiemgr01,C,28,NOP,55,20,1007,3.6,6.3,0.574,0.0,0.1,0.0,3.6,6.3,0.579,1.0,1.7,0.594,3.7,8.0,11.7,1.9,1.8,2.9,2.3,8.7,8.2,107.0,107.0,2014,Greg Stiemsma-2014,0.0,Not Selected,Center,NOP,0.027642276422764227
2013-14,Julyan Stone,stoneju01,SG,25,TOR,21,0,120,3.0,7.4,0.41200000000000003,0.9,3.5,0.25,2.2,3.9,0.556,0.9,1.3,0.667,0.9,7.8,8.7,5.2,1.3,0.0,2.2,5.7,7.8,101.0,106.0,2014,Julyan Stone-2014,0.0,Not Selected,Guard,TOR,0.03902439024390244
2013-14,Amar'e Stoudemire,stoudam01,C,31,NYK,65,21,1466,11.3,20.2,0.557,0.0,0.0,0.0,11.3,20.2,0.557,5.4,7.4,0.7390000000000001,4.1,7.5,11.6,1.2,0.8,1.3,3.3,5.8,28.0,112.0,110.0,2014,Amar'e Stoudemire-2014,0.0,Not Selected,Center,NYK,0.03008130081300813
2013-14,Rodney Stuckey,stuckro01,SG,27,DET,73,5,1950,9.6,22.1,0.436,0.6,2.3,0.273,9.0,19.8,0.455,6.3,7.6,0.836,1.0,3.4,4.4,3.9,1.4,0.3,3.2,3.4,26.2,105.0,113.0,2014,Rodney Stuckey-2014,0.0,Not Selected,Guard,DET,0.023577235772357725
2013-14,Jared Sullinger,sullija01,PF,21,BOS,74,44,2041,9.7,22.7,0.42700000000000005,1.4,5.2,0.26899999999999996,8.3,17.4,0.475,4.0,5.1,0.778,6.1,9.1,15.1,3.0,0.9,1.2,3.0,6.3,24.8,105.0,107.0,2014,Jared Sullinger-2014,0.0,Not Selected,Forward,BOS,0.02032520325203252
2013-14,Jeff Taylor,tayloje03,SF,24,CHA,26,8,629,6.8,18.0,0.376,1.5,5.5,0.26899999999999996,5.3,12.5,0.424,2.1,3.9,0.5529999999999999,1.2,3.7,5.0,1.8,1.1,0.4,2.1,5.1,17.2,86.0,107.0,2014,Jeff Taylor-2014,0.0,Not Selected,Forward,CHO,0.034959349593495934
2013-14,Tyshawn Taylor,tayloty01,PG,23,BRK,23,3,270,6.0,17.7,0.341,0.6,2.3,0.25,5.4,15.4,0.354,4.7,5.8,0.8,0.6,2.3,2.9,7.0,2.3,0.2,6.0,5.6,17.3,80.0,110.0,2014,Tyshawn Taylor-2014,0.0,Not Selected,Guard,BRK,0.03577235772357724
2013-14,Jeff Teague,teaguje01,PG,25,ATL,79,79,2542,9.1,20.8,0.43799999999999994,1.5,4.5,0.32899999999999996,7.6,16.3,0.469,6.3,7.5,0.846,0.7,3.5,4.2,10.5,1.8,0.3,4.6,3.2,26.0,106.0,109.0,2014,Jeff Teague-2014,0.0,Not Selected,Guard,ATL,0.030894308943089432
2013-14,Marquis Teague,teaguma01,SG,20,TOT,40,3,443,4.5,14.2,0.319,0.6,2.1,0.278,3.9,12.1,0.327,3.1,4.2,0.743,0.1,4.7,4.8,6.9,1.2,0.6,4.7,5.5,12.8,78.0,107.0,2014,Marquis Teague-2014,0.0,Not Selected,Guard,TOT,0.03333333333333334
2013-14,Mirza Teletović,teletmi01,SF,28,BRK,72,7,1396,8.3,19.9,0.418,5.1,13.1,0.39,3.2,6.8,0.47200000000000003,1.7,2.3,0.71,2.3,7.7,10.0,2.1,1.1,0.9,2.0,5.4,23.4,108.0,109.0,2014,Mirza Teletović-2014,0.0,Not Selected,Forward,BRK,0.03577235772357724
2013-14,Garrett Temple,templga01,SG,27,WAS,75,0,638,4.1,11.4,0.36200000000000004,0.5,2.3,0.207,3.6,9.0,0.402,2.4,3.5,0.698,1.7,3.8,5.5,5.8,2.8,0.9,3.4,5.8,11.1,89.0,104.0,2014,Garrett Temple-2014,0.0,Not Selected,Guard,WAS,0.03577235772357724
2013-14,Jason Terry,terryja01,PG,36,BRK,35,0,570,5.1,14.0,0.36200000000000004,3.6,9.5,0.379,1.5,4.5,0.327,0.9,1.4,0.667,0.4,3.0,3.4,5.2,1.2,0.0,2.5,4.4,14.6,98.0,112.0,2014,Jason Terry-2014,0.0,Not Selected,Guard,BRK,0.03577235772357724
2013-14,Hasheem Thabeet,thabeha01,C,26,OKC,23,0,192,3.4,6.0,0.565,0.0,0.0,0.0,3.4,6.0,0.565,0.3,1.3,0.2,2.4,8.1,10.5,0.3,1.0,2.4,3.7,12.3,7.1,76.0,103.0,2014,Hasheem Thabeet-2014,0.0,Not Selected,Center,OKC,0.04796747967479675
2013-14,Adonis Thomas,thomaad01,SF,20,TOT,6,1,37,8.1,19.0,0.429,1.4,6.8,0.2,6.8,12.2,0.556,1.4,1.4,1.0,0.0,4.1,4.1,4.1,0.0,0.0,1.4,8.1,19.0,98.0,115.0,2014,Adonis Thomas-2014,0.0,Not Selected,Forward,TOT,0.03333333333333334
2013-14,Isaiah Thomas,thomais02,PG,24,SAC,72,54,2497,10.1,22.3,0.45299999999999996,2.6,7.4,0.349,7.5,14.9,0.504,7.0,8.3,0.85,1.0,3.3,4.3,9.2,1.9,0.2,4.3,3.8,29.8,114.0,111.0,2014,Isaiah Thomas-2014,0.0,Not Selected,Guard,SAC,0.022764227642276424
2013-14,Lance Thomas,thomala01,SF,25,NOP,5,0,42,2.5,11.2,0.222,0.0,0.0,0.0,2.5,11.2,0.222,2.5,5.0,0.5,2.5,6.2,8.7,3.7,0.0,0.0,2.5,5.0,7.4,70.0,116.0,2014,Lance Thomas-2014,0.0,Not Selected,Forward,NOP,0.027642276422764227
2013-14,Malcolm Thomas,thomama01,PF,25,TOT,8,0,63,5.8,13.2,0.43799999999999994,0.8,3.3,0.25,5.0,9.9,0.5,0.0,1.7,0.0,4.1,13.2,17.3,1.7,0.0,2.5,7.4,4.1,12.4,67.0,107.0,2014,Malcolm Thomas-2014,0.0,Not Selected,Forward,TOT,0.03333333333333334
2013-14,Hollis Thompson,thompho01,SF,22,PHI,77,41,1742,4.8,10.3,0.46,1.9,4.6,0.401,2.9,5.7,0.507,1.4,2.0,0.7120000000000001,2.0,4.8,6.9,2.0,1.5,0.3,1.7,4.0,12.8,110.0,112.0,2014,Hollis Thompson-2014,0.0,Not Selected,Forward,PHI,0.015447154471544716
2013-14,Jason Thompson,thompja02,PF,27,SAC,82,61,2007,6.4,12.6,0.506,0.0,0.0,0.0,6.4,12.6,0.506,2.1,3.7,0.579,3.9,9.5,13.4,1.3,0.8,1.4,2.4,6.4,14.9,103.0,108.0,2014,Jason Thompson-2014,0.0,Not Selected,Forward,SAC,0.022764227642276424
2013-14,Klay Thompson,thompkl01,SG,23,GSW,81,81,2868,9.7,21.9,0.444,3.9,9.3,0.41700000000000004,5.8,12.6,0.46399999999999997,2.6,3.2,0.795,0.7,3.7,4.3,3.1,1.3,0.6,2.3,4.1,25.9,108.0,106.0,2014,Klay Thompson-2014,0.0,Not Selected,Guard,GSW,0.041463414634146344
2013-14,Tristan Thompson,thomptr01,PF,22,CLE,82,82,2594,7.2,15.1,0.47700000000000004,0.0,0.0,0.0,7.2,15.1,0.478,4.7,6.7,0.693,5.3,9.6,15.0,1.4,0.8,0.7,2.1,3.7,19.1,110.0,108.0,2014,Tristan Thompson-2014,0.0,Not Selected,Forward,CLE,0.026829268292682926
2013-14,Marcus Thornton,thornma01,SG,26,TOT,72,27,1741,7.4,18.9,0.39399999999999996,3.2,9.3,0.345,4.2,9.5,0.44299999999999995,2.7,3.3,0.804,1.7,4.2,5.8,2.3,1.7,0.3,2.0,3.2,20.8,103.0,110.0,2014,Marcus Thornton-2014,0.0,Not Selected,Guard,TOT,0.03333333333333334
2013-14,Jamaal Tinsley,tinslja01,PG,35,UTA,8,5,110,1.9,9.6,0.2,0.5,7.2,0.067,1.4,2.4,0.6,0.0,0.0,0.0,1.0,4.3,5.3,11.0,1.0,0.0,4.3,4.8,4.3,69.0,115.0,2014,Jamaal Tinsley-2014,0.0,Not Selected,Guard,UTA,0.02032520325203252
2013-14,Anthony Tolliver,tollian01,PF,28,CHA,64,9,1298,5.2,12.3,0.42,4.1,9.9,0.413,1.1,2.4,0.45,1.3,1.6,0.805,1.3,5.4,6.7,1.7,0.8,0.6,0.9,3.3,15.7,118.0,107.0,2014,Anthony Tolliver-2014,0.0,Not Selected,Forward,CHO,0.034959349593495934
2013-14,P.J. Tucker,tuckepj01,SF,28,PHO,81,81,2490,5.3,12.4,0.431,1.5,3.8,0.387,3.8,8.5,0.45,3.1,4.0,0.7759999999999999,3.2,7.4,10.6,2.8,2.2,0.5,2.1,4.1,15.3,113.0,106.0,2014,P.J. Tucker-2014,0.0,Not Selected,Forward,PHO,0.03902439024390244
2013-14,Ronny Turiaf,turiaro01,C,31,MIN,31,10,606,5.2,8.7,0.598,0.0,0.0,0.0,5.2,8.7,0.598,1.7,4.1,0.42,4.5,9.7,14.2,2.0,0.7,4.1,2.0,5.3,12.1,113.0,103.0,2014,Ronny Turiaf-2014,0.0,Not Selected,Center,MIN,0.032520325203252036
2013-14,Hedo Türkoğlu,turkohe01,SF,34,LAC,38,0,392,5.4,13.9,0.385,2.8,6.4,0.44,2.6,7.5,0.33899999999999997,1.1,2.3,0.5,1.4,10.0,11.4,4.2,2.4,1.3,2.0,6.4,14.7,101.0,101.0,2014,Hedo Türkoğlu-2014,0.0,Not Selected,Forward,LAC,0.046341463414634146
2013-14,Evan Turner,turneev01,SF,25,TOT,81,56,2457,8.7,20.4,0.425,1.0,3.1,0.321,7.7,17.3,0.444,4.3,5.2,0.813,1.2,6.9,8.2,5.2,1.3,0.1,3.8,3.9,22.6,97.0,109.0,2014,Evan Turner-2014,0.0,Not Selected,Forward,TOT,0.03333333333333334
2013-14,Jeremy Tyler,tylerje01,C,22,NYK,41,0,398,8.0,15.5,0.517,0.0,0.0,0.0,8.0,15.5,0.517,3.5,6.4,0.542,5.1,9.5,14.6,1.1,0.8,2.7,3.5,9.4,19.5,101.0,107.0,2014,Jeremy Tyler-2014,0.0,Not Selected,Center,NYK,0.03008130081300813
2013-14,Ekpe Udoh,udohek01,PF,26,MIL,42,14,804,3.7,9.3,0.39899999999999997,0.0,0.0,0.0,3.7,9.3,0.39899999999999997,2.0,3.1,0.638,4.0,5.7,9.6,2.0,1.0,2.9,2.5,6.2,9.4,92.0,111.0,2014,Ekpe Udoh-2014,0.0,Not Selected,Forward,MIL,0.012195121951219513
2013-14,Beno Udrih,udrihbe01,SG,31,TOT,41,12,643,6.5,14.7,0.43799999999999994,1.6,3.5,0.452,4.9,11.3,0.434,2.1,2.5,0.833,0.8,4.1,4.9,9.6,1.9,0.3,3.9,4.1,16.5,105.0,111.0,2014,Beno Udrih-2014,0.0,Not Selected,Guard,TOT,0.03333333333333334
2013-14,Jonas Valančiūnas,valanjo01,C,21,TOR,81,81,2282,8.2,15.5,0.531,0.0,0.0,0.0,8.2,15.5,0.532,4.5,6.0,0.762,5.2,11.2,16.4,1.3,0.5,1.6,3.1,5.7,21.0,112.0,104.0,2014,Jonas Valančiūnas-2014,0.0,Not Selected,Center,TOR,0.03902439024390244
2013-14,Anderson Varejão,varejan01,C,31,CLE,65,29,1800,6.5,13.1,0.495,0.0,0.2,0.0,6.5,12.9,0.502,2.6,3.9,0.6809999999999999,5.4,12.7,18.0,4.0,2.0,1.1,2.1,4.7,15.6,114.0,103.0,2014,Anderson Varejão-2014,0.0,Not Selected,Center,CLE,0.026829268292682926
2013-14,Jarvis Varnado,varnaja01,PF,25,TOT,24,0,339,5.1,8.6,0.6,0.0,0.0,0.0,5.1,8.6,0.6,3.9,7.4,0.519,2.7,6.3,9.0,1.9,1.4,4.1,1.4,8.9,14.1,118.0,107.0,2014,Jarvis Varnado-2014,0.0,Not Selected,Forward,TOT,0.03333333333333334
2013-14,Greivis Vásquez,vasqugr01,SG-PG,27,TOT,79,23,1779,8.1,19.2,0.42100000000000004,3.2,8.4,0.377,4.9,10.8,0.455,2.8,3.2,0.88,0.6,4.5,5.0,9.4,0.9,0.1,3.7,4.2,22.1,108.0,110.0,2014,Greivis Vásquez-2014,0.0,Not Selected,Guard,TOT,0.03333333333333334
2013-14,Jan Veselý,veselja01,PF,23,TOT,54,1,776,5.8,11.2,0.514,0.0,0.0,0.0,5.8,11.2,0.514,1.2,3.6,0.33899999999999997,5.3,7.2,12.4,1.4,3.4,2.3,2.3,7.9,12.8,101.0,100.0,2014,Jan Veselý-2014,0.0,Not Selected,Forward,TOT,0.03333333333333334
2013-14,Charlie Villanueva,villach01,PF,29,DET,20,0,180,9.8,25.8,0.38,3.9,15.7,0.25,5.9,10.1,0.583,2.2,3.9,0.5710000000000001,1.7,7.9,9.6,1.7,1.1,1.4,2.0,4.5,25.8,99.0,110.0,2014,Charlie Villanueva-2014,0.0,Not Selected,Forward,DET,0.023577235772357725
2013-14,Nikola Vučević,vucevni01,C,23,ORL,57,57,1812,10.0,19.7,0.507,0.0,0.0,0.0,10.0,19.7,0.507,3.0,3.9,0.7659999999999999,5.2,12.5,17.7,2.9,1.7,1.3,3.2,4.8,22.9,106.0,103.0,2014,Nikola Vučević-2014,0.0,Not Selected,Center,ORL,0.01869918699186992
2013-14,Sasha Vujačić,vujacsa01,SG,29,LAC,2,0,10,10.0,25.0,0.4,5.0,10.0,0.5,5.0,15.0,0.33299999999999996,0.0,0.0,0.0,0.0,15.0,15.0,0.0,5.0,0.0,15.0,5.0,25.0,55.0,93.0,2014,Sasha Vujačić-2014,0.0,Not Selected,Guard,LAC,0.046341463414634146
2013-14,Dwyane Wade,wadedw01,SG,32,MIA,54,53,1775,12.3,22.6,0.545,0.3,0.9,0.281,12.0,21.6,0.557,5.6,7.6,0.733,1.8,5.4,7.1,7.5,2.3,0.9,4.8,3.1,30.5,110.0,106.0,2014,Dwyane Wade-2014,0.0,Not Selected,Guard,MIA,0.04390243902439024
2013-14,Dion Waiters,waitedi01,SG,22,CLE,70,24,2072,10.7,24.7,0.433,2.3,6.2,0.368,8.4,18.5,0.455,4.0,5.8,0.685,0.8,4.1,4.9,5.2,1.6,0.4,3.8,3.8,27.7,99.0,110.0,2014,Dion Waiters-2014,0.0,Not Selected,Guard,CLE,0.026829268292682926
2013-14,Kemba Walker,walkeke02,PG,23,CHA,73,73,2614,8.9,22.7,0.39299999999999996,2.2,6.5,0.33299999999999996,6.8,16.2,0.41700000000000004,5.6,6.7,0.8370000000000001,0.8,5.3,6.1,8.9,1.7,0.6,3.4,2.5,25.6,103.0,105.0,2014,Kemba Walker-2014,0.0,Not Selected,Guard,CHO,0.034959349593495934
2013-14,John Wall,walljo01,PG,23,WAS,82,82,2980,10.0,23.1,0.433,1.9,5.3,0.35100000000000003,8.1,17.8,0.45799999999999996,5.5,6.8,0.805,0.7,5.1,5.8,12.5,2.6,0.7,5.1,3.8,27.4,106.0,104.0,2014,John Wall-2014,0.0,Not Selected,Guard,WAS,0.03577235772357724
2013-14,Gerald Wallace,wallage01,SF,31,BOS,58,16,1416,4.2,8.4,0.504,0.7,2.3,0.297,3.5,6.0,0.584,1.7,3.7,0.465,1.3,6.4,7.7,5.2,2.7,0.5,3.5,2.9,10.8,95.0,106.0,2014,Gerald Wallace-2014,0.0,Not Selected,Forward,BOS,0.02032520325203252
2013-14,Casper Ware,wareca01,PG,24,PHI,9,0,116,7.5,17.5,0.429,2.9,8.8,0.33299999999999996,4.6,8.8,0.524,2.1,2.5,0.833,0.0,3.8,3.8,4.2,3.3,0.0,2.1,4.6,20.0,105.0,109.0,2014,Casper Ware-2014,0.0,Not Selected,Guard,PHI,0.015447154471544716
2013-14,C.J. Watson,watsocj01,PG,29,IND,63,5,1193,6.4,14.5,0.43700000000000006,2.3,6.3,0.366,4.0,8.2,0.49200000000000005,3.0,3.8,0.784,0.8,3.6,4.4,4.7,2.6,0.3,2.6,2.9,18.0,107.0,100.0,2014,C.J. Watson-2014,0.0,Not Selected,Guard,IND,0.04552845528455285
2013-14,Earl Watson,watsoea01,PG,34,POR,24,0,161,0.9,3.5,0.273,0.6,2.2,0.28600000000000003,0.3,1.3,0.25,1.3,1.3,1.0,1.6,3.1,4.7,8.8,1.6,0.3,5.3,10.4,3.8,82.0,110.0,2014,Earl Watson-2014,0.0,Not Selected,Guard,POR,0.04390243902439024
2013-14,Maalik Wayns,waynsma01,PG,22,LAC,2,0,9,5.6,11.1,0.5,0.0,0.0,0.0,5.6,11.1,0.5,0.0,0.0,0.0,0.0,11.1,11.1,11.1,11.1,0.0,0.0,22.2,11.1,134.0,82.0,2014,Maalik Wayns-2014,0.0,Not Selected,Guard,LAC,0.046341463414634146
2013-14,Martell Webster,webstma02,SF,27,WAS,78,13,2157,6.1,14.0,0.433,3.5,8.9,0.392,2.6,5.1,0.502,2.5,3.0,0.84,0.9,4.4,5.3,2.3,1.0,0.4,1.4,3.6,18.1,116.0,108.0,2014,Martell Webster-2014,0.0,Not Selected,Forward,WAS,0.03577235772357724
2013-14,David West,westda01,PF,33,IND,80,80,2472,9.6,19.7,0.488,0.1,0.3,0.267,9.5,19.4,0.491,4.2,5.3,0.789,2.5,8.9,11.4,4.7,1.3,1.6,2.8,3.9,23.5,108.0,99.0,2014,David West-2014,0.0,Not Selected,Forward,IND,0.04552845528455285
2013-14,Russell Westbrook,westbru01,PG,25,OKC,46,46,1412,12.3,28.2,0.43700000000000006,2.4,7.6,0.318,9.9,20.6,0.48200000000000004,8.6,10.4,0.826,2.0,7.4,9.4,11.4,3.1,0.2,6.3,3.7,35.7,108.0,102.0,2014,Russell Westbrook-2014,0.0,Not Selected,Guard,OKC,0.04796747967479675
2013-14,D.J. White,whitedj01,PF,27,CHA,2,0,10,0.0,5.2,0.0,0.0,0.0,0.0,0.0,5.2,0.0,0.0,0.0,0.0,0.0,10.4,10.4,0.0,5.2,0.0,0.0,5.2,0.0,0.0,95.0,2014,D.J. White-2014,0.0,Not Selected,Forward,CHO,0.034959349593495934
2013-14,Royce White,whitero03,PF,22,SAC,3,0,9,0.0,5.7,0.0,0.0,0.0,0.0,0.0,5.7,0.0,0.0,0.0,0.0,0.0,0.0,0.0,0.0,0.0,0.0,0.0,11.3,0.0,0.0,117.0,2014,Royce White-2014,0.0,Not Selected,Forward,SAC,0.022764227642276424
2013-14,Deron Williams,willide01,PG,29,BRK,64,58,2059,8.2,18.3,0.45,2.5,6.8,0.366,5.7,11.4,0.5,4.4,5.5,0.8009999999999999,0.4,3.9,4.3,10.0,2.4,0.3,3.6,3.8,23.3,112.0,109.0,2014,Deron Williams-2014,0.0,Not Selected,Guard,BRK,0.03577235772357724
2013-14,Derrick Williams,willide02,SF-PF,22,TOT,78,15,1820,5.7,13.4,0.42700000000000005,0.7,2.8,0.263,5.0,10.7,0.47,5.2,7.2,0.718,2.0,7.0,9.0,1.6,1.3,0.6,2.1,3.2,17.4,105.0,109.0,2014,Derrick Williams-2014,0.0,Not Selected,Forward,TOT,0.03333333333333334
2013-14,Elliot Williams,williel01,SG,24,PHI,67,2,1157,5.9,14.1,0.415,1.5,5.2,0.29600000000000004,4.3,8.9,0.486,3.6,5.0,0.731,1.3,4.2,5.4,3.0,1.5,0.1,2.8,5.3,16.9,98.0,113.0,2014,Elliot Williams-2014,0.0,Not Selected,Guard,PHI,0.015447154471544716
2013-14,Lou Williams,willilo02,PG,27,ATL,60,7,1445,6.9,17.3,0.4,2.8,8.1,0.342,4.1,9.2,0.45,5.3,6.3,0.8490000000000001,0.4,4.0,4.4,7.4,1.6,0.1,3.2,2.3,21.9,107.0,109.0,2014,Lou Williams-2014,0.0,Not Selected,Guard,ATL,0.030894308943089432
2013-14,Marvin Williams,willima02,PF,27,UTA,66,50,1674,7.2,16.5,0.439,2.6,7.3,0.359,4.6,9.2,0.503,1.8,2.3,0.7809999999999999,2.6,7.9,10.5,2.4,1.7,1.0,1.7,4.7,18.9,110.0,110.0,2014,Marvin Williams-2014,0.0,Not Selected,Forward,UTA,0.02032520325203252
2013-14,Mo Williams,willima01,PG,31,POR,74,0,1834,7.7,18.5,0.41700000000000004,2.3,6.2,0.369,5.4,12.3,0.441,2.2,2.5,0.8759999999999999,1.2,3.1,4.2,8.9,1.5,0.3,4.1,5.4,19.9,102.0,110.0,2014,Mo Williams-2014,0.0,Not Selected,Guard,POR,0.04390243902439024
2013-14,Reggie Williams,willire02,SF,27,OKC,3,0,17,14.8,26.6,0.556,3.0,8.9,0.33299999999999996,11.8,17.7,0.667,0.0,0.0,0.0,0.0,0.0,0.0,3.0,3.0,0.0,5.9,3.0,32.5,97.0,107.0,2014,Reggie Williams-2014,0.0,Not Selected,Forward,OKC,0.04796747967479675
2013-14,Shawne Williams,willish03,PF,27,LAL,36,13,751,4.7,12.4,0.38,2.7,8.4,0.326,2.0,4.1,0.49200000000000005,0.9,1.3,0.7,1.6,9.2,10.8,1.9,1.2,1.9,1.4,6.0,13.1,100.0,108.0,2014,Shawne Williams-2014,0.0,Not Selected,Forward,LAL,0.02195121951219512
2013-14,Jeff Withey,witheje01,C,23,NOP,58,4,684,5.3,9.8,0.535,0.0,0.1,0.0,5.3,9.7,0.539,4.0,5.6,0.7120000000000001,3.7,7.7,11.4,2.0,1.1,3.8,1.5,5.6,14.5,122.0,108.0,2014,Jeff Withey-2014,0.0,Not Selected,Center,NOP,0.027642276422764227
2013-14,Nate Wolters,woltena01,PG,22,MIL,58,31,1309,6.8,15.5,0.43700000000000006,0.7,2.5,0.29,6.1,13.1,0.465,2.4,3.6,0.6559999999999999,1.3,4.6,6.0,7.5,1.4,0.6,2.3,2.7,16.7,105.0,114.0,2014,Nate Wolters-2014,0.0,Not Selected,Guard,MIL,0.012195121951219513
2013-14,Metta World Peace,artesro01,SF,34,NYK,29,1,388,7.7,19.3,0.397,2.3,7.4,0.315,5.3,11.9,0.44799999999999995,1.4,2.2,0.625,2.5,5.6,8.1,2.3,3.3,1.1,2.6,6.0,19.1,94.0,106.0,2014,Metta World Peace-2014,0.0,Not Selected,Forward,NYK,0.03008130081300813
2013-14,Brandan Wright,wrighbr03,C,26,DAL,58,0,1077,10.7,15.8,0.677,0.0,0.0,0.0,10.7,15.8,0.677,3.7,5.1,0.726,4.9,6.8,11.6,1.5,1.5,2.6,1.7,4.5,25.0,135.0,107.0,2014,Brandan Wright-2014,0.0,Not Selected,Center,DAL,0.03983739837398374
2013-14,Chris Wright,wrighch01,SF,25,MIL,8,0,126,8.7,14.5,0.6,0.0,0.4,0.0,8.7,14.1,0.618,2.5,6.2,0.4,4.2,4.2,8.3,2.1,2.9,2.1,2.1,7.1,19.9,112.0,109.0,2014,Chris Wright-2014,0.0,Not Selected,Forward,MIL,0.012195121951219513
2013-14,Dorell Wright,wrighdo01,SF,28,POR,68,13,984,5.7,15.3,0.374,3.5,10.4,0.342,2.2,4.9,0.442,2.7,3.5,0.754,1.5,8.3,9.8,3.3,1.2,0.8,2.0,3.2,17.6,108.0,107.0,2014,Dorell Wright-2014,0.0,Not Selected,Forward,POR,0.04390243902439024
2013-14,Tony Wroten,wroteto01,PG,20,PHI,72,16,1765,9.5,22.2,0.42700000000000005,1.1,5.2,0.213,8.4,17.0,0.49200000000000005,5.7,8.9,0.6409999999999999,1.9,4.4,6.3,6.0,2.1,0.4,5.6,4.1,25.8,92.0,111.0,2014,Tony Wroten-2014,0.0,Not Selected,Guard,PHI,0.015447154471544716
2013-14,Nick Young,youngni01,SG,28,LAL,64,9,1810,10.4,23.9,0.435,3.6,9.4,0.386,6.8,14.5,0.46799999999999997,6.3,7.7,0.825,0.8,3.7,4.5,2.6,1.2,0.3,2.6,4.2,30.7,107.0,114.0,2014,Nick Young-2014,0.0,Not Selected,Guard,LAL,0.02195121951219512
2013-14,Thaddeus Young,youngth01,PF,25,PHI,79,78,2718,10.4,22.9,0.45399999999999996,1.6,5.2,0.308,8.8,17.7,0.496,2.9,4.1,0.7120000000000001,3.0,5.5,8.5,3.2,3.0,0.6,2.9,3.8,25.2,101.0,108.0,2014,Thaddeus Young-2014,0.0,Not Selected,Forward,PHI,0.015447154471544716
2013-14,Cody Zeller,zelleco01,C,21,CHA,82,3,1416,6.3,14.8,0.426,0.0,0.0,0.0,6.3,14.8,0.42700000000000005,5.4,7.3,0.73,4.3,8.6,12.9,3.4,1.5,1.5,3.2,6.2,18.0,101.0,102.0,2014,Cody Zeller-2014,0.0,Not Selected,Center,CHO,0.034959349593495934
2013-14,Tyler Zeller,zellety01,C,24,CLE,70,9,1049,7.7,14.3,0.5379999999999999,0.0,0.0,0.0,7.7,14.2,0.54,4.3,5.9,0.7190000000000001,5.1,8.8,13.9,1.8,0.9,1.9,2.9,6.7,19.6,112.0,107.0,2014,Tyler Zeller-2014,0.0,Not Selected,Center,CLE,0.026829268292682926
2014-15,Quincy Acy,acyqu01,PF,24,NYK,68,22,1287,6.2,13.5,0.45899999999999996,0.7,2.5,0.3,5.5,11.1,0.494,3.1,4.0,0.784,3.2,9.1,12.3,2.8,1.1,0.9,2.5,6.0,16.3,105.0,109.0,2015,Quincy Acy-2015,0.0,Not Selected,Forward,NYK,0.013821138211382113
2014-15,Jordan Adams,adamsjo01,SG,20,MEM,30,0,248,7.4,18.1,0.40700000000000003,2.1,5.3,0.4,5.3,12.8,0.41,2.9,4.8,0.609,1.9,4.0,5.9,3.4,3.4,1.5,2.9,5.1,19.8,96.0,100.0,2015,Jordan Adams-2015,0.0,Not Selected,Guard,MEM,0.044715447154471545
2014-15,Steven Adams,adamsst01,C,21,OKC,70,67,1771,6.1,11.3,0.544,0.0,0.1,0.0,6.1,11.2,0.547,2.9,5.8,0.502,5.6,9.2,14.8,1.9,1.1,2.4,2.8,6.3,15.2,108.0,104.0,2015,Steven Adams-2015,0.0,Not Selected,Center,OKC,0.036585365853658534
2014-15,Jeff Adrien,adrieje01,PF,28,MIN,17,0,215,4.5,10.4,0.43200000000000005,0.0,0.0,0.0,4.5,10.4,0.43200000000000005,5.2,9.0,0.579,5.4,12.8,18.2,3.5,0.9,2.1,2.1,7.1,14.2,109.0,108.0,2015,Jeff Adrien-2015,0.0,Not Selected,Forward,MIN,0.013008130081300813
2014-15,Arron Afflalo,afflaar01,SG,29,TOT,78,72,2502,7.5,17.8,0.424,2.4,6.7,0.354,5.2,11.1,0.466,3.4,4.0,0.843,0.5,4.4,5.0,2.6,0.8,0.1,2.3,3.4,20.8,103.0,111.0,2015,Arron Afflalo-2015,0.0,Not Selected,Guard,TOT,0.03333333333333333
2014-15,Alexis Ajinça,ajincal01,C,26,NOP,68,8,957,9.9,18.1,0.55,0.0,0.0,0.0,9.9,18.1,0.55,4.4,5.4,0.818,5.7,11.6,17.3,2.6,1.2,2.8,3.8,8.3,24.3,113.0,103.0,2015,Alexis Ajinça-2015,0.0,Not Selected,Center,NOP,0.036585365853658534
2014-15,Furkan Aldemir,aldemfu01,PF,23,PHI,41,9,540,3.7,7.2,0.513,0.0,0.5,0.0,3.7,6.8,0.5479999999999999,1.2,2.5,0.48100000000000004,7.2,9.1,16.3,2.6,1.6,1.5,1.6,8.9,8.6,117.0,104.0,2015,Furkan Aldemir-2015,0.0,Not Selected,Forward,PHI,0.014634146341463415
2014-15,Cole Aldrich,aldrico01,C,26,NYK,61,16,976,7.8,16.2,0.478,0.0,0.0,0.0,7.8,16.2,0.478,2.7,3.5,0.7809999999999999,5.4,12.8,18.2,4.0,2.0,3.5,3.2,6.6,18.2,104.0,102.0,2015,Cole Aldrich-2015,0.0,Not Selected,Center,NYK,0.013821138211382113
2014-15,LaMarcus Aldridge,aldrila01,PF,29,POR,71,71,2512,13.4,28.7,0.466,0.8,2.1,0.35200000000000004,12.6,26.6,0.475,6.2,7.3,0.845,3.6,11.1,14.7,2.5,1.0,1.4,2.5,2.5,33.7,108.0,102.0,2015,LaMarcus Aldridge-2015,2.0,2nd,Forward,POR,0.041463414634146344
2014-15,Lavoy Allen,allenla01,C,25,IND,63,0,1070,6.8,14.4,0.47200000000000003,0.0,0.0,0.0,6.8,14.4,0.47200000000000003,1.6,2.3,0.7020000000000001,5.9,9.6,15.6,3.5,0.7,2.0,1.9,4.9,15.2,109.0,102.0,2015,Lavoy Allen-2015,0.0,Not Selected,Center,IND,0.030894308943089432
2014-15,Tony Allen,allento01,SG,33,MEM,63,41,1648,7.1,14.4,0.495,0.3,0.9,0.345,6.8,13.5,0.505,2.5,4.0,0.627,3.3,5.6,8.9,2.7,4.1,1.0,2.7,5.3,17.1,103.0,98.0,2015,Tony Allen-2015,0.0,Not Selected,Guard,MEM,0.044715447154471545
2014-15,Al-Farouq Aminu,aminual01,SF,24,DAL,74,3,1366,5.4,13.2,0.41200000000000003,1.3,4.6,0.27399999999999997,4.2,8.6,0.485,3.1,4.4,0.7120000000000001,4.2,8.4,12.6,2.2,2.6,2.3,2.0,5.1,15.2,107.0,102.0,2015,Al-Farouq Aminu-2015,0.0,Not Selected,Forward,DAL,0.04065040650406504
2014-15,Lou Amundson,amundlo01,PF,32,TOT,53,35,937,6.1,14.3,0.42700000000000005,0.0,0.1,0.0,6.1,14.3,0.429,2.3,4.9,0.47100000000000003,5.3,9.8,15.0,3.9,1.2,2.9,3.5,7.1,14.5,92.0,106.0,2015,Lou Amundson-2015,0.0,Not Selected,Forward,TOT,0.03333333333333333
2014-15,Chris Andersen,anderch01,C,36,MIA,60,20,1132,5.6,9.7,0.58,0.2,0.6,0.308,5.4,9.0,0.598,3.5,5.3,0.667,3.5,10.4,13.9,2.0,1.2,2.8,1.9,4.1,14.9,121.0,103.0,2015,Chris Andersen-2015,0.0,Not Selected,Center,MIA,0.03008130081300813
2014-15,Alan Anderson,anderal01,SG,32,BRK,74,19,1744,5.8,13.1,0.44299999999999995,2.2,6.2,0.348,3.6,6.8,0.53,2.4,3.0,0.812,0.9,5.1,6.1,2.5,1.7,0.1,1.8,4.4,16.2,109.0,109.0,2015,Alan Anderson-2015,0.0,Not Selected,Guard,BRK,0.030894308943089432
2014-15,Kyle Anderson,anderky01,SF,21,SAS,33,8,358,4.4,12.7,0.348,0.4,1.6,0.273,4.0,11.2,0.359,1.3,2.0,0.643,0.7,9.6,10.3,4.0,2.1,1.0,1.4,4.0,10.6,87.0,100.0,2015,Kyle Anderson-2015,0.0,Not Selected,Forward,SAS,0.044715447154471545
2014-15,Ryan Anderson,anderry01,PF,26,NOP,61,5,1675,9.1,22.9,0.39899999999999997,3.8,11.3,0.34,5.3,11.6,0.457,4.0,4.7,0.8540000000000001,3.4,5.9,9.3,1.7,1.0,0.6,1.9,3.5,26.1,109.0,110.0,2015,Ryan Anderson-2015,0.0,Not Selected,Forward,NOP,0.036585365853658534
2014-15,Giannis Antetokounmpo,antetgi01,SG,20,MIL,81,71,2541,7.7,15.7,0.491,0.1,0.9,0.159,7.5,14.8,0.511,5.2,7.0,0.741,2.0,8.9,10.9,4.2,1.5,1.7,3.5,5.1,20.7,105.0,101.0,2015,Giannis Antetokounmpo-2015,0.0,Not Selected,Guard,MIL,0.03333333333333333
2014-15,Carmelo Anthony,anthoca01,SF,30,NYK,40,40,1428,13.2,29.7,0.444,2.2,6.6,0.341,10.9,23.1,0.474,7.0,8.7,0.797,2.7,7.1,9.7,4.5,1.5,0.6,3.3,3.2,35.6,106.0,110.0,2015,Carmelo Anthony-2015,0.0,Not Selected,Forward,NYK,0.013821138211382113
2014-15,Joel Anthony,anthojo01,C,32,DET,49,0,406,4.6,7.9,0.581,0.0,0.0,0.0,4.6,7.9,0.581,1.9,2.8,0.682,4.1,7.8,11.8,0.6,1.5,6.2,1.5,7.0,11.1,119.0,100.0,2015,Joel Anthony-2015,0.0,Not Selected,Center,DET,0.026016260162601626
2014-15,Pero Antić,anticpe01,C,32,ATL,63,3,1037,5.3,14.6,0.365,2.6,8.5,0.301,2.8,6.1,0.455,4.3,6.1,0.715,2.9,6.5,9.3,2.4,0.9,0.7,2.4,6.5,17.5,102.0,106.0,2015,Pero Antić-2015,0.0,Not Selected,Center,ATL,0.04878048780487805
2014-15,Trevor Ariza,arizatr01,SF,29,HOU,82,82,2930,6.2,15.4,0.402,3.3,9.4,0.35,2.9,6.0,0.485,2.1,2.4,0.853,1.3,6.5,7.8,3.5,2.6,0.3,2.4,3.2,17.8,107.0,103.0,2015,Trevor Ariza-2015,0.0,Not Selected,Forward,HOU,0.04552845528455285
2014-15,Darrell Arthur,arthuda01,PF,26,DEN,58,4,988,7.8,19.4,0.40399999999999997,1.3,5.6,0.23600000000000002,6.5,13.9,0.47100000000000003,2.3,3.0,0.78,2.7,6.0,8.6,2.9,2.4,1.3,2.4,7.4,19.3,97.0,106.0,2015,Darrell Arthur-2015,0.0,Not Selected,Forward,DEN,0.024390243902439025
2014-15,Ömer Aşık,asikom01,C,28,NOP,76,76,1982,5.6,10.9,0.517,0.0,0.0,0.0,5.6,10.9,0.517,3.5,6.0,0.5820000000000001,6.5,13.4,19.8,1.9,0.8,1.4,2.5,3.8,14.8,112.0,105.0,2015,Ömer Aşık-2015,0.0,Not Selected,Center,NOP,0.036585365853658534
2014-15,D.J. Augustin,augusdj01,PG,27,TOT,82,14,1964,6.7,16.9,0.39899999999999997,2.2,6.4,0.337,4.6,10.4,0.436,4.6,5.3,0.868,0.5,3.7,4.2,9.2,1.3,0.1,3.8,2.4,20.2,107.0,110.0,2015,D.J. Augustin-2015,0.0,Not Selected,Guard,TOT,0.03333333333333333
2014-15,Jeff Ayres,pendeje02,PF,27,SAS,51,0,383,7.4,12.7,0.579,0.0,0.0,0.0,7.4,12.7,0.579,3.6,4.8,0.75,4.9,10.7,15.6,1.9,1.1,1.1,3.5,8.0,18.3,112.0,101.0,2015,Jeff Ayres-2015,0.0,Not Selected,Forward,SAS,0.044715447154471545
2014-15,Luke Babbitt,babbilu01,SF,25,NOP,63,19,830,5.8,12.2,0.479,3.7,7.3,0.513,2.1,4.9,0.429,0.8,1.2,0.684,0.8,6.3,7.0,1.5,1.1,0.7,1.6,4.0,16.2,117.0,110.0,2015,Luke Babbitt-2015,0.0,Not Selected,Forward,NOP,0.036585365853658534
2014-15,Cameron Bairstow,bairsca01,PF,24,CHI,18,1,64,2.4,11.3,0.214,0.0,0.0,0.0,2.4,11.3,0.214,3.2,4.0,0.8,4.9,1.6,6.5,0.8,1.6,0.8,2.4,6.5,8.1,77.0,108.0,2015,Cameron Bairstow-2015,0.0,Not Selected,Forward,CHI,0.04065040650406504
2014-15,Leandro Barbosa,barbole01,SG,32,GSW,66,1,982,9.1,19.2,0.474,2.1,5.6,0.384,7.0,13.6,0.511,2.9,3.7,0.784,1.1,3.4,4.5,4.9,2.0,0.4,2.2,4.3,23.2,111.0,104.0,2015,Leandro Barbosa-2015,0.0,Not Selected,Guard,GSW,0.05447154471544716
2014-15,J.J. Barea,bareajo01,PG,30,DAL,77,10,1362,8.3,19.8,0.42,2.0,6.2,0.32299999999999995,6.3,13.7,0.46299999999999997,2.8,3.5,0.809,0.9,4.1,5.0,9.7,1.2,0.0,2.6,3.9,21.5,109.0,110.0,2015,J.J. Barea-2015,0.0,Not Selected,Guard,DAL,0.04065040650406504
2014-15,Andrea Bargnani,bargnan01,C,29,NYK,29,22,785,11.0,24.2,0.45399999999999996,1.0,2.7,0.366,10.0,21.5,0.466,5.8,7.2,0.813,2.1,6.4,8.5,3.1,0.1,1.8,2.8,3.6,28.8,104.0,113.0,2015,Andrea Bargnani-2015,0.0,Not Selected,Center,NYK,0.013821138211382113
2014-15,Harrison Barnes,barneha02,SF,22,GSW,82,82,2318,6.7,13.8,0.48200000000000004,1.8,4.5,0.405,4.8,9.3,0.519,2.3,3.2,0.72,2.5,7.1,9.5,2.4,1.3,0.4,1.5,3.1,17.4,116.0,104.0,2015,Harrison Barnes-2015,0.0,Not Selected,Forward,GSW,0.05447154471544716
2014-15,Matt Barnes,barnema02,SF,34,LAC,76,74,2271,6.2,13.9,0.444,3.0,8.4,0.36200000000000004,3.1,5.5,0.569,1.7,2.1,0.779,1.1,5.6,6.7,2.5,1.5,1.1,1.9,5.4,17.1,108.0,107.0,2015,Matt Barnes-2015,0.0,Not Selected,Forward,LAC,0.04552845528455285
2014-15,Earl Barron,barroea01,C,33,PHO,16,1,143,4.2,13.6,0.308,0.7,1.4,0.5,3.5,12.2,0.28600000000000003,2.1,4.2,0.5,4.9,4.9,9.8,1.7,1.4,0.7,1.7,9.1,11.2,87.0,108.0,2015,Earl Barron-2015,0.0,Not Selected,Center,PHO,0.03170731707317073
2014-15,Will Barton,bartowi01,SG,24,TOT,58,0,983,7.7,18.0,0.425,1.2,4.3,0.271,6.5,13.7,0.474,3.8,4.8,0.787,1.3,7.0,8.3,4.1,2.5,1.0,3.1,3.6,20.3,99.0,105.0,2015,Will Barton-2015,0.0,Not Selected,Guard,TOT,0.03333333333333333
2014-15,Brandon Bass,bassbr01,PF,29,BOS,82,43,1929,8.9,17.7,0.504,0.2,0.8,0.281,8.7,16.9,0.515,4.4,5.6,0.79,3.6,6.7,10.3,2.7,1.1,0.8,2.2,3.6,22.5,112.0,106.0,2015,Brandon Bass-2015,0.0,Not Selected,Forward,BOS,0.032520325203252036
2014-15,Nicolas Batum,batumni01,SF,26,POR,71,71,2380,5.1,12.8,0.4,2.1,6.6,0.324,3.0,6.2,0.48100000000000004,1.8,2.1,0.857,1.3,7.6,8.9,7.3,1.7,0.9,2.8,2.3,14.2,106.0,103.0,2015,Nicolas Batum-2015,0.0,Not Selected,Forward,POR,0.041463414634146344
2014-15,Jerryd Bayless,bayleje01,PG,26,MIL,77,4,1717,6.5,15.3,0.426,1.1,3.6,0.308,5.4,11.8,0.462,3.6,4.1,0.883,0.7,5.6,6.3,6.9,1.8,0.4,4.0,4.8,17.8,99.0,104.0,2015,Jerryd Bayless-2015,0.0,Not Selected,Guard,MIL,0.03333333333333333
2014-15,Aron Baynes,baynear01,C,28,SAS,70,17,1122,8.4,14.9,0.5660000000000001,0.0,0.2,0.25,8.4,14.7,0.57,4.1,4.7,0.865,5.0,9.5,14.5,1.6,0.7,1.0,3.0,7.4,21.0,116.0,103.0,2015,Aron Baynes-2015,0.0,Not Selected,Center,SAS,0.044715447154471545
2014-15,Kent Bazemore,bazemke01,SG,25,ATL,75,10,1324,5.4,12.8,0.426,1.9,5.1,0.364,3.6,7.7,0.467,2.3,3.9,0.6,0.8,7.8,8.6,3.0,2.0,1.3,2.8,4.9,15.1,94.0,102.0,2015,Kent Bazemore-2015,0.0,Not Selected,Guard,ATL,0.04878048780487805
2014-15,Bradley Beal,bealbr01,SG,21,WAS,63,59,2107,8.8,20.7,0.42700000000000005,2.6,6.3,0.409,6.2,14.4,0.434,3.2,4.0,0.7829999999999999,1.4,4.5,5.9,4.7,1.8,0.4,3.0,3.3,23.4,102.0,105.0,2015,Bradley Beal-2015,0.0,Not Selected,Guard,WAS,0.03739837398373984
2014-15,Michael Beasley,beaslmi01,PF,26,MIA,24,1,505,9.6,22.2,0.434,0.8,3.6,0.235,8.8,18.6,0.47200000000000003,2.1,2.7,0.769,1.3,8.1,9.3,3.3,1.6,1.4,3.9,6.9,22.2,89.0,106.0,2015,Michael Beasley-2015,0.0,Not Selected,Forward,MIA,0.03008130081300813
2014-15,Marco Belinelli,belinma01,SG,28,SAS,62,9,1388,7.3,17.3,0.423,3.2,8.5,0.374,4.2,8.9,0.47100000000000003,3.1,3.7,0.848,1.0,4.8,5.8,3.5,1.1,0.1,2.2,3.1,20.9,107.0,106.0,2015,Marco Belinelli-2015,0.0,Not Selected,Guard,SAS,0.044715447154471545
2014-15,Jerrelle Benimon,benimje01,PF,23,UTA,2,0,3,0.0,0.0,0.0,0.0,0.0,0.0,0.0,0.0,0.0,0.0,0.0,0.0,17.7,35.4,53.1,0.0,0.0,0.0,17.7,0.0,0.0,46.0,93.0,2015,Jerrelle Benimon-2015,0.0,Not Selected,Forward,UTA,0.030894308943089432
2014-15,Anthony Bennett,bennean01,PF,21,MIN,57,3,894,7.1,16.9,0.42100000000000004,0.4,1.3,0.304,6.7,15.6,0.431,2.3,3.6,0.6409999999999999,3.0,9.3,12.3,2.7,1.5,0.9,2.0,4.9,16.9,96.0,111.0,2015,Anthony Bennett-2015,0.0,Not Selected,Forward,MIN,0.013008130081300813
2014-15,Patrick Beverley,beverpa01,PG,26,HOU,56,55,1727,5.9,15.3,0.38299999999999995,3.3,9.3,0.35600000000000004,2.6,6.0,0.426,1.3,1.7,0.75,1.9,4.9,6.8,5.5,1.7,0.7,2.4,5.2,16.4,107.0,106.0,2015,Patrick Beverley-2015,0.0,Not Selected,Guard,HOU,0.04552845528455285
2014-15,Sim Bhullar,bhullsi01,C,22,SAC,3,0,3,16.8,33.6,0.5,0.0,0.0,0.0,16.8,33.6,0.5,0.0,0.0,0.0,0.0,16.8,16.8,16.8,0.0,16.8,0.0,0.0,33.6,124.0,88.0,2015,Sim Bhullar-2015,0.0,Not Selected,Center,SAC,0.023577235772357725
2014-15,Bismack Biyombo,biyombi01,C,22,CHO,64,21,1243,4.2,7.7,0.5429999999999999,0.0,0.0,0.0,4.2,7.7,0.5429999999999999,4.2,7.3,0.583,6.6,10.3,16.9,0.7,0.7,4.1,2.2,5.8,12.6,115.0,99.0,2015,Bismack Biyombo-2015,0.0,Not Selected,Center,CHO,0.026829268292682926
2014-15,Tarik Black,blackta01,C,23,TOT,63,39,1196,6.6,11.6,0.575,0.0,0.0,0.0,6.6,11.5,0.5770000000000001,2.8,5.0,0.551,6.0,9.6,15.6,1.8,0.8,1.0,2.0,6.7,16.0,118.0,108.0,2015,Tarik Black-2015,0.0,Not Selected,Center,TOT,0.03333333333333333
2014-15,DeJuan Blair,blairde01,PF,25,WAS,29,0,180,7.4,16.2,0.456,0.0,0.0,0.0,7.4,16.2,0.456,1.1,1.7,0.667,4.6,11.4,15.9,0.9,2.0,0.3,3.7,11.7,15.9,88.0,100.0,2015,DeJuan Blair-2015,0.0,Not Selected,Forward,WAS,0.03739837398373984
2014-15,Steve Blake,blakest01,PG,34,POR,81,0,1529,4.1,10.9,0.373,2.6,7.3,0.35200000000000004,1.5,3.6,0.41700000000000004,1.0,1.4,0.7070000000000001,0.5,4.0,4.6,9.6,1.4,0.2,3.5,3.9,11.7,103.0,107.0,2015,Steve Blake-2015,0.0,Not Selected,Guard,POR,0.041463414634146344
2014-15,Eric Bledsoe,bledser01,PG,25,PHO,81,81,2800,8.3,18.6,0.447,1.6,4.8,0.324,6.8,13.8,0.491,6.3,7.9,0.8,1.3,6.2,7.5,8.8,2.3,0.8,4.9,3.4,24.5,107.0,106.0,2015,Eric Bledsoe-2015,0.0,Not Selected,Guard,PHO,0.03170731707317073
2014-15,Vander Blue,blueva01,SG,22,LAL,2,1,74,6.2,20.7,0.3,1.4,6.9,0.2,4.8,13.8,0.35,1.4,3.5,0.4,1.4,4.8,6.2,5.5,2.1,0.0,4.1,2.8,15.2,72.0,112.0,2015,Vander Blue-2015,0.0,Not Selected,Guard,LAL,0.01707317073170732
2014-15,Bojan Bogdanović,bogdabo02,SF,25,BRK,78,28,1854,7.3,16.1,0.45299999999999996,2.5,7.1,0.355,4.7,8.9,0.531,2.4,3.0,0.821,1.4,4.6,5.9,1.9,0.9,0.3,2.2,2.9,19.5,106.0,111.0,2015,Bojan Bogdanović-2015,0.0,Not Selected,Forward,BRK,0.030894308943089432
2014-15,Andrew Bogut,bogutan01,C,30,GSW,67,65,1583,6.2,11.0,0.563,0.0,0.0,0.0,6.2,11.0,0.563,0.7,1.3,0.524,4.4,12.4,16.8,5.6,1.2,3.5,3.3,5.8,13.0,110.0,97.0,2015,Andrew Bogut-2015,0.0,Not Selected,Center,GSW,0.05447154471544716
2014-15,Matt Bonner,bonnema01,PF,34,SAS,72,19,935,5.1,12.6,0.409,2.5,6.9,0.365,2.6,5.7,0.462,1.6,2.0,0.8109999999999999,1.6,4.7,6.3,2.6,0.5,0.7,0.6,3.6,14.5,116.0,107.0,2015,Matt Bonner-2015,0.0,Not Selected,Forward,SAS,0.044715447154471545
2014-15,Trevor Booker,booketr01,PF,27,UTA,79,5,1564,7.7,15.8,0.48700000000000004,1.0,2.9,0.345,6.7,12.9,0.518,2.9,5.0,0.581,4.7,8.8,13.5,2.8,1.5,1.4,3.0,4.9,19.3,107.0,104.0,2015,Trevor Booker-2015,0.0,Not Selected,Forward,UTA,0.030894308943089432
2014-15,Carlos Boozer,boozeca01,PF,33,LAL,71,26,1692,11.2,22.4,0.499,0.0,0.0,0.0,11.2,22.4,0.499,2.8,4.5,0.627,3.4,11.2,14.5,2.9,1.2,0.4,2.8,5.6,25.2,102.0,109.0,2015,Carlos Boozer-2015,0.0,Not Selected,Forward,LAL,0.01707317073170732
2014-15,Chris Bosh,boshch01,C,30,MIA,44,44,1556,11.6,25.3,0.46,2.1,5.7,0.375,9.5,19.6,0.485,6.1,7.9,0.772,1.6,9.0,10.5,3.2,1.4,0.8,3.2,2.3,31.5,106.0,106.0,2015,Chris Bosh-2015,0.0,Not Selected,Center,MIA,0.03008130081300813
2014-15,Avery Bradley,bradlav01,SG,24,BOS,77,77,2428,9.0,20.9,0.429,2.6,7.3,0.35200000000000004,6.4,13.6,0.47,1.6,2.1,0.79,0.9,4.0,5.0,2.8,1.7,0.3,2.2,3.7,22.1,99.0,107.0,2015,Avery Bradley-2015,0.0,Not Selected,Guard,BOS,0.032520325203252036
2014-15,Elton Brand,brandel01,C,35,ATL,36,4,486,4.4,10.0,0.442,0.0,0.1,0.0,4.4,9.9,0.447,1.3,2.4,0.522,2.9,7.6,10.5,2.3,1.8,2.6,1.9,5.7,10.1,96.0,101.0,2015,Elton Brand-2015,0.0,Not Selected,Center,ATL,0.04878048780487805
2014-15,Corey Brewer,breweco01,SF,28,TOT,80,17,2087,8.2,19.3,0.426,1.5,5.6,0.268,6.7,13.7,0.491,4.0,5.4,0.743,1.9,5.2,7.1,4.2,2.7,0.5,3.1,4.2,22.0,101.0,106.0,2015,Corey Brewer-2015,0.0,Not Selected,Forward,TOT,0.03333333333333333
2014-15,Aaron Brooks,brookaa01,PG,30,CHI,82,21,1885,9.4,22.4,0.42100000000000004,3.3,8.6,0.387,6.1,13.8,0.442,4.0,4.8,0.833,0.9,3.7,4.6,7.2,1.5,0.4,4.3,5.2,26.2,103.0,107.0,2015,Aaron Brooks-2015,0.0,Not Selected,Guard,CHI,0.04065040650406504
2014-15,Jabari Brown,brownja01,SG,22,LAL,19,5,568,6.3,15.3,0.41200000000000003,2.1,5.6,0.371,4.2,9.7,0.435,5.8,7.6,0.753,0.3,3.0,3.2,3.6,1.1,0.2,2.9,3.0,20.4,104.0,115.0,2015,Jabari Brown-2015,0.0,Not Selected,Guard,LAL,0.01707317073170732
2014-15,Lorenzo Brown,brownlo01,PG,24,MIN,29,7,549,4.8,11.3,0.426,0.6,2.6,0.214,4.3,8.7,0.489,1.1,1.8,0.632,1.3,5.2,6.5,8.3,2.6,0.6,2.8,4.5,11.3,99.0,111.0,2015,Lorenzo Brown-2015,0.0,Not Selected,Guard,MIN,0.013008130081300813
2014-15,Markel Brown,brownma02,SG,23,BRK,47,29,781,5.0,13.9,0.36200000000000004,1.1,4.2,0.266,3.9,9.7,0.40399999999999997,3.1,3.8,0.825,1.1,6.0,7.1,2.6,2.1,0.8,1.8,3.8,14.3,95.0,107.0,2015,Markel Brown-2015,0.0,Not Selected,Guard,BRK,0.030894308943089432
2014-15,Shannon Brown,brownsh01,SG,29,MIA,5,2,89,4.2,11.3,0.368,1.8,4.2,0.429,2.4,7.1,0.33299999999999996,1.8,2.4,0.75,0.0,0.6,0.6,1.8,2.4,0.0,2.4,4.7,11.9,87.0,110.0,2015,Shannon Brown-2015,0.0,Not Selected,Guard,MIA,0.03008130081300813
2014-15,Kobe Bryant,bryanko01,SG,36,LAL,35,35,1207,11.3,30.2,0.373,2.3,7.8,0.293,9.0,22.4,0.401,8.3,10.2,0.813,1.1,7.3,8.4,8.3,2.0,0.3,5.4,2.8,33.1,96.0,110.0,2015,Kobe Bryant-2015,0.0,Not Selected,Guard,LAL,0.01707317073170732
2014-15,Chase Budinger,budinch01,SF,26,MIN,67,4,1286,6.7,15.4,0.433,2.1,5.7,0.364,4.6,9.8,0.474,2.6,3.2,0.8270000000000001,1.3,6.5,7.8,2.5,1.7,0.4,1.9,2.8,18.1,106.0,113.0,2015,Chase Budinger-2015,0.0,Not Selected,Forward,MIN,0.013008130081300813
2014-15,Reggie Bullock,bullore01,SF,23,TOT,36,2,338,3.6,10.5,0.34299999999999997,2.2,6.9,0.326,1.3,3.6,0.375,0.9,1.3,0.667,0.1,7.3,7.5,1.2,1.5,0.6,1.2,2.8,10.3,88.0,106.0,2015,Reggie Bullock-2015,0.0,Not Selected,Forward,TOT,0.03333333333333333
2014-15,Trey Burke,burketr01,PG,22,UTA,76,43,2288,8.6,23.3,0.368,2.9,9.1,0.318,5.7,14.3,0.4,2.5,3.4,0.752,0.7,4.0,4.7,7.6,1.5,0.3,2.9,2.8,22.6,100.0,108.0,2015,Trey Burke-2015,0.0,Not Selected,Guard,UTA,0.030894308943089432
2014-15,Alec Burks,burksal01,SG,23,UTA,27,27,899,7.1,17.7,0.40299999999999997,1.5,4.0,0.382,5.6,13.7,0.409,6.3,7.6,0.8220000000000001,1.1,5.6,6.7,4.8,1.0,0.3,3.1,3.8,22.1,107.0,109.0,2015,Alec Burks-2015,0.0,Not Selected,Guard,UTA,0.030894308943089432
2014-15,Caron Butler,butleca01,SF,34,DET,78,21,1623,5.1,12.6,0.40700000000000003,2.6,7.0,0.379,2.5,5.6,0.441,1.8,1.9,0.902,0.7,5.6,6.2,2.5,1.4,0.1,1.6,3.8,14.7,108.0,109.0,2015,Caron Butler-2015,0.0,Not Selected,Forward,DET,0.026016260162601626
2014-15,Jimmy Butler,butleji01,SG,25,CHI,65,65,2513,8.7,18.8,0.462,1.5,4.0,0.37799999999999995,7.2,14.8,0.484,7.9,9.5,0.8340000000000001,2.3,5.5,7.8,4.4,2.3,0.7,1.9,2.2,26.8,122.0,104.0,2015,Jimmy Butler-2015,0.0,Not Selected,Guard,CHI,0.04065040650406504
2014-15,Rasual Butler,butlera01,SF,35,WAS,75,1,1505,7.4,17.6,0.42200000000000004,3.1,8.0,0.387,4.3,9.6,0.45,1.8,2.3,0.7909999999999999,0.9,5.8,6.7,2.1,1.0,0.7,1.6,3.3,19.7,104.0,105.0,2015,Rasual Butler-2015,0.0,Not Selected,Forward,WAS,0.03739837398373984
2014-15,Dwight Buycks,buyckdw01,PG,25,LAL,6,0,123,7.5,16.6,0.45,2.9,4.6,0.636,4.6,12.0,0.379,3.7,4.2,0.9,0.8,4.2,5.0,5.8,1.2,0.0,5.0,1.2,21.6,102.0,114.0,2015,Dwight Buycks-2015,0.0,Not Selected,Guard,LAL,0.01707317073170732
2014-15,Will Bynum,bynumwi01,SG,32,WAS,7,0,67,7.6,23.7,0.32299999999999995,0.0,6.9,0.0,7.6,16.8,0.455,1.5,3.1,0.5,1.5,3.1,4.6,13.8,0.8,0.8,6.1,6.9,16.8,77.0,107.0,2015,Will Bynum-2015,0.0,Not Selected,Guard,WAS,0.03739837398373984
2014-15,Bruno Caboclo,cabocbr01,SF,19,TOR,8,0,23,9.0,27.0,0.33299999999999996,4.5,6.7,0.667,4.5,20.2,0.222,0.0,0.0,0.0,2.2,2.2,4.5,0.0,0.0,2.2,9.0,6.7,22.5,65.0,113.0,2015,Bruno Caboclo-2015,0.0,Not Selected,Forward,TOR,0.03983739837398374
2014-15,Nick Calathes,calatni01,SG,25,MEM,58,0,838,6.5,15.4,0.42100000000000004,0.7,2.7,0.256,5.8,12.7,0.456,1.5,2.8,0.5329999999999999,1.2,5.4,6.6,9.1,3.9,0.3,3.8,6.2,15.1,93.0,99.0,2015,Nick Calathes-2015,0.0,Not Selected,Guard,MEM,0.044715447154471545
2014-15,José Calderón,caldejo01,PG,33,NYK,42,42,1270,6.1,14.7,0.415,2.4,5.9,0.415,3.6,8.8,0.415,1.2,1.3,0.9059999999999999,0.8,4.4,5.1,8.2,1.3,0.0,3.1,3.2,15.8,103.0,113.0,2015,José Calderón-2015,0.0,Not Selected,Guard,NYK,0.013821138211382113
2014-15,Kentavious Caldwell-Pope,caldwke01,SG,21,DET,82,82,2587,7.8,19.4,0.401,3.1,8.9,0.345,4.7,10.6,0.449,2.2,3.2,0.696,0.9,4.2,5.1,2.2,1.9,0.4,1.9,3.2,20.9,101.0,109.0,2015,Kentavious Caldwell-Pope-2015,0.0,Not Selected,Guard,DET,0.026016260162601626
2014-15,Isaiah Canaan,canaais01,PG,23,TOT,47,21,938,7.8,20.1,0.386,4.8,13.1,0.37,2.9,7.0,0.41700000000000004,2.6,3.2,0.8170000000000001,1.0,3.7,4.6,5.2,1.5,0.2,3.3,4.4,23.0,103.0,108.0,2015,Isaiah Canaan-2015,0.0,Not Selected,Guard,TOT,0.03333333333333333
2014-15,Clint Capela,capelca01,C,20,HOU,12,0,90,7.7,16.0,0.483,0.0,0.0,0.0,7.7,16.0,0.483,2.2,12.7,0.174,5.5,14.4,19.9,1.1,0.6,5.0,2.8,7.7,17.7,84.0,97.0,2015,Clint Capela-2015,0.0,Not Selected,Center,HOU,0.04552845528455285
2014-15,DeMarre Carroll,carrode01,SF,28,ATL,70,69,2189,7.4,15.2,0.48700000000000004,2.8,7.1,0.395,4.6,8.1,0.5670000000000001,3.0,4.2,0.7020000000000001,2.3,6.4,8.7,2.8,2.2,0.4,1.8,3.6,20.6,117.0,104.0,2015,DeMarre Carroll-2015,0.0,Not Selected,Forward,ATL,0.04878048780487805
2014-15,Vince Carter,cartevi01,SG,38,MEM,66,1,1091,6.5,19.4,0.33299999999999996,3.3,11.1,0.297,3.2,8.3,0.379,2.2,2.7,0.789,1.3,5.1,6.4,3.8,2.1,0.7,2.1,4.9,18.4,94.0,103.0,2015,Vince Carter-2015,0.0,Not Selected,Guard,MEM,0.044715447154471545
2014-15,Michael Carter-Williams,cartemi01,PG,23,TOT,66,63,2149,8.5,21.6,0.396,0.8,3.6,0.235,7.7,18.0,0.428,4.7,6.8,0.6940000000000001,1.5,6.8,8.3,10.4,2.6,0.7,5.9,3.9,22.7,91.0,103.0,2015,Michael Carter-Williams-2015,0.0,Not Selected,Guard,TOT,0.03333333333333333
2014-15,Omri Casspi,casspom01,SF,26,SAC,67,19,1416,7.4,15.2,0.489,1.2,3.1,0.402,6.2,12.1,0.512,5.0,6.8,0.733,1.9,7.3,9.2,3.6,1.1,0.3,3.1,3.8,21.1,110.0,110.0,2015,Omri Casspi-2015,0.0,Not Selected,Forward,SAC,0.023577235772357725
2014-15,Mario Chalmers,chalmma01,PG,28,MIA,80,37,2368,6.0,14.8,0.40299999999999997,1.6,5.5,0.294,4.3,9.3,0.467,4.6,5.9,0.774,0.5,4.1,4.6,6.8,2.7,0.2,3.9,5.6,18.1,100.0,107.0,2015,Mario Chalmers-2015,0.0,Not Selected,Guard,MIA,0.03008130081300813
2014-15,Tyson Chandler,chandty01,C,32,DAL,75,75,2286,6.5,9.7,0.6659999999999999,0.0,0.0,0.0,6.5,9.7,0.6659999999999999,4.1,5.7,0.72,6.5,12.6,19.1,1.9,0.9,2.0,2.3,3.7,17.0,133.0,103.0,2015,Tyson Chandler-2015,0.0,Not Selected,Center,DAL,0.04065040650406504
2014-15,Wilson Chandler,chandwi01,SF,27,DEN,78,75,2471,8.4,19.7,0.429,2.8,8.2,0.342,5.6,11.5,0.49,2.2,2.9,0.775,1.9,7.7,9.6,2.7,1.2,0.6,2.2,4.7,21.9,104.0,109.0,2015,Wilson Chandler-2015,0.0,Not Selected,Forward,DEN,0.024390243902439025
2014-15,Will Cherry,cherrwi01,PG,23,CLE,8,0,69,3.8,14.3,0.263,1.5,6.8,0.222,2.3,7.5,0.3,2.3,4.5,0.5,0.8,3.0,3.8,6.0,4.5,0.8,3.0,7.5,11.3,80.0,103.0,2015,Will Cherry-2015,0.0,Not Selected,Guard,CLE,0.043089430894308944
2014-15,Patrick Christopher,chrispa01,SG,26,UTA,4,1,29,5.5,22.0,0.25,0.0,7.3,0.0,5.5,14.6,0.375,0.0,0.0,0.0,3.7,7.3,11.0,0.0,1.8,0.0,1.8,11.0,11.0,61.0,106.0,2015,Patrick Christopher-2015,0.0,Not Selected,Guard,UTA,0.030894308943089432
2014-15,Earl Clark,clarkea01,PF,27,BRK,10,0,93,6.1,16.7,0.36700000000000005,2.2,7.8,0.28600000000000003,3.9,8.9,0.43799999999999994,0.6,2.2,0.25,0.6,12.2,12.8,1.7,1.7,2.2,3.3,6.7,15.0,76.0,102.0,2015,Earl Clark-2015,0.0,Not Selected,Forward,BRK,0.030894308943089432
2014-15,Ian Clark,clarkia01,SG,23,TOT,30,0,192,5.2,15.1,0.345,2.7,8.2,0.33299999999999996,2.5,6.8,0.36,2.5,2.5,1.0,1.1,3.3,4.4,3.3,2.5,0.8,2.5,5.5,15.6,99.0,106.0,2015,Ian Clark-2015,0.0,Not Selected,Guard,TOT,0.03333333333333333
2014-15,Jordan Clarkson,clarkjo01,PG,22,LAL,59,38,1476,9.2,20.6,0.44799999999999995,1.3,4.2,0.314,7.9,16.4,0.48200000000000004,4.5,5.5,0.8290000000000001,1.9,4.7,6.6,7.1,1.8,0.4,3.3,3.8,24.3,107.0,112.0,2015,Jordan Clarkson-2015,0.0,Not Selected,Guard,LAL,0.01707317073170732
2014-15,Victor Claver,clavevi01,SF,26,POR,10,0,76,6.0,13.4,0.45,4.0,7.4,0.545,2.0,6.0,0.33299999999999996,0.0,0.0,0.0,2.0,11.4,13.4,0.7,0.7,0.7,2.7,8.0,16.1,102.0,103.0,2015,Victor Claver-2015,0.0,Not Selected,Forward,POR,0.041463414634146344
2014-15,Norris Cole,coleno01,PG,26,TOT,75,25,1831,6.6,16.1,0.41200000000000003,1.6,5.1,0.313,5.0,11.0,0.45799999999999996,1.7,2.3,0.716,0.4,4.2,4.6,7.3,1.6,0.4,2.8,3.6,16.5,99.0,109.0,2015,Norris Cole-2015,0.0,Not Selected,Guard,TOT,0.03333333333333333
2014-15,Darren Collison,collida01,PG,27,SAC,45,45,1565,8.4,17.7,0.473,1.9,5.2,0.373,6.4,12.5,0.514,4.7,5.9,0.7879999999999999,0.6,4.0,4.6,8.1,2.2,0.5,3.6,3.1,23.3,112.0,110.0,2015,Darren Collison-2015,0.0,Not Selected,Guard,SAC,0.023577235772357725
2014-15,Nick Collison,collini01,PF,34,OKC,66,2,1101,4.8,11.5,0.419,0.7,2.7,0.267,4.1,8.8,0.466,2.0,3.0,0.6920000000000001,4.1,7.3,11.4,4.1,1.6,1.1,2.0,7.1,12.4,108.0,105.0,2015,Nick Collison-2015,0.0,Not Selected,Forward,OKC,0.036585365853658534
2014-15,Mike Conley,conlemi01,PG,27,MEM,70,70,2225,9.2,20.7,0.446,2.5,6.5,0.386,6.7,14.2,0.473,5.0,5.8,0.8590000000000001,0.7,4.2,4.9,8.8,2.1,0.3,3.7,3.3,26.0,110.0,104.0,2015,Mike Conley-2015,0.0,Not Selected,Guard,MEM,0.044715447154471545
2014-15,Jack Cooley,cooleja01,C,23,UTA,16,0,87,5.5,13.4,0.409,0.0,0.0,0.0,5.5,13.4,0.409,5.5,12.8,0.429,6.1,9.2,15.3,0.6,3.7,1.8,1.8,14.0,16.5,97.0,98.0,2015,Jack Cooley-2015,0.0,Not Selected,Center,UTA,0.030894308943089432
2014-15,Chris Copeland,copelch01,SF,30,IND,50,12,828,7.0,19.3,0.361,3.2,10.4,0.311,3.7,8.9,0.42,2.1,2.8,0.733,1.4,5.5,6.9,3.2,0.7,0.7,3.7,4.9,19.2,88.0,106.0,2015,Chris Copeland-2015,0.0,Not Selected,Forward,IND,0.030894308943089432
2014-15,Bryce Cotton,cottobr01,PG,22,UTA,15,0,159,9.7,23.0,0.42,2.3,6.7,0.35,7.3,16.4,0.449,5.0,6.0,0.833,1.0,5.0,6.0,5.0,1.3,0.0,4.0,2.0,26.7,102.0,109.0,2015,Bryce Cotton-2015,0.0,Not Selected,Guard,UTA,0.030894308943089432
2014-15,DeMarcus Cousins,couside01,C,24,SAC,59,59,2013,12.5,26.7,0.467,0.1,0.2,0.25,12.4,26.5,0.469,10.6,13.5,0.782,4.6,14.1,18.7,5.3,2.3,2.6,6.4,6.0,35.5,104.0,101.0,2015,DeMarcus Cousins-2015,2.0,2nd,Center,SAC,0.023577235772357725
2014-15,Robert Covington,covinro01,SF,24,PHI,70,49,1956,7.7,19.4,0.396,4.3,11.4,0.374,3.4,7.9,0.426,4.6,5.6,0.82,1.7,6.4,8.1,2.7,2.5,0.8,3.3,4.8,24.2,104.0,104.0,2015,Robert Covington-2015,0.0,Not Selected,Forward,PHI,0.014634146341463415
2014-15,Allen Crabbe,crabbal01,SG,22,POR,51,9,683,4.7,11.4,0.41200000000000003,2.2,6.3,0.353,2.5,5.1,0.485,0.9,1.2,0.75,0.5,4.9,5.4,2.9,1.4,1.1,1.1,5.5,12.5,108.0,105.0,2015,Allen Crabbe-2015,0.0,Not Selected,Guard,POR,0.041463414634146344
2014-15,Jamal Crawford,crawfja01,SG,34,LAC,64,4,1703,9.9,25.0,0.396,3.5,10.8,0.327,6.3,14.1,0.44799999999999995,6.8,7.5,0.9009999999999999,0.5,3.2,3.7,4.7,1.8,0.4,2.7,3.2,30.1,106.0,109.0,2015,Jamal Crawford-2015,0.0,Not Selected,Guard,LAC,0.04552845528455285
2014-15,Jae Crowder,crowdja01,SF,24,TOT,82,17,1647,7.0,16.6,0.42,1.9,6.3,0.293,5.1,10.3,0.499,3.3,4.3,0.773,2.2,6.7,8.9,2.9,2.2,0.8,1.5,4.2,19.1,108.0,104.0,2015,Jae Crowder-2015,0.0,Not Selected,Forward,TOT,0.03333333333333333
2014-15,Dante Cunningham,cunnida01,PF,27,NOP,66,27,1652,4.9,10.8,0.457,0.0,0.3,0.1,4.9,10.5,0.46799999999999997,0.9,1.5,0.617,2.2,5.9,8.1,1.6,1.5,1.2,1.1,3.2,10.8,102.0,108.0,2015,Dante Cunningham-2015,0.0,Not Selected,Forward,NOP,0.036585365853658534
2014-15,Jared Cunningham,cunnija01,SG,23,LAC,19,0,89,6.8,18.8,0.364,2.3,7.4,0.308,4.6,11.4,0.4,4.0,7.4,0.5379999999999999,0.6,4.6,5.1,5.7,1.7,0.0,4.0,6.8,19.9,88.0,108.0,2015,Jared Cunningham-2015,0.0,Not Selected,Guard,LAC,0.04552845528455285
2014-15,Seth Curry,curryse01,PG,24,PHO,2,0,8,0.0,18.7,0.0,0.0,6.2,0.0,0.0,12.5,0.0,0.0,0.0,0.0,0.0,12.5,12.5,6.2,0.0,0.0,0.0,12.5,0.0,21.0,107.0,2015,Seth Curry-2015,0.0,Not Selected,Guard,PHO,0.03170731707317073
2014-15,Stephen Curry,curryst01,PG,26,GSW,80,80,2613,12.2,25.1,0.48700000000000004,5.3,12.1,0.44299999999999995,6.9,13.0,0.528,5.8,6.3,0.914,1.0,5.3,6.4,11.6,3.0,0.3,4.7,3.0,35.5,122.0,101.0,2015,Stephen Curry-2015,1.0,1st,Guard,GSW,0.05447154471544716
2014-15,Samuel Dalembert,dalemsa01,C,33,NYK,32,21,544,5.5,12.6,0.43799999999999994,0.0,0.0,0.0,5.5,12.6,0.43799999999999994,1.4,1.9,0.7,5.1,11.1,16.3,2.8,1.4,4.0,3.8,6.8,12.4,90.0,104.0,2015,Samuel Dalembert-2015,0.0,Not Selected,Center,NYK,0.013821138211382113
2014-15,Troy Daniels,danietr01,SG,23,TOT,47,0,397,7.8,21.1,0.37,5.5,15.1,0.364,2.3,6.0,0.38299999999999995,1.4,1.7,0.846,1.0,3.2,4.2,2.8,0.8,0.1,2.6,5.1,22.5,99.0,112.0,2015,Troy Daniels-2015,0.0,Not Selected,Guard,TOT,0.03333333333333333
2014-15,Gigi Datome,datomlu01,SF,27,TOT,21,1,209,10.3,21.4,0.483,4.3,9.6,0.45,6.0,11.8,0.51,0.2,0.2,1.0,0.7,6.2,7.0,2.2,0.5,1.7,2.2,3.6,25.2,107.0,107.0,2015,Gigi Datome-2015,0.0,Not Selected,Forward,TOT,0.03333333333333333
2014-15,Brandon Davies,daviebr01,PF,23,TOT,27,6,423,6.5,16.3,0.401,1.0,4.0,0.235,5.6,12.2,0.456,2.9,4.4,0.649,4.5,5.4,9.9,3.6,2.1,0.8,3.4,7.0,16.9,94.0,106.0,2015,Brandon Davies-2015,0.0,Not Selected,Forward,TOT,0.03333333333333333
2014-15,Anthony Davis,davisan02,PF,21,NOP,68,68,2455,13.7,25.7,0.535,0.0,0.3,0.083,13.7,25.4,0.54,7.9,9.9,0.805,3.7,11.2,14.9,3.2,2.1,4.3,2.0,3.0,35.4,122.0,100.0,2015,Anthony Davis-2015,1.0,1st,Forward,NOP,0.036585365853658534
2014-15,Ed Davis,davised01,PF,25,LAL,79,24,1840,7.8,13.0,0.601,0.0,0.0,0.0,7.8,13.0,0.601,2.6,5.2,0.48700000000000004,6.4,10.3,16.7,2.6,1.4,2.7,1.6,5.6,18.2,124.0,107.0,2015,Ed Davis-2015,0.0,Not Selected,Forward,LAL,0.01707317073170732
2014-15,Glen Davis,davisgl01,PF,29,LAC,74,0,904,6.6,14.3,0.45899999999999996,0.0,0.2,0.0,6.6,14.1,0.466,3.4,5.3,0.632,2.4,7.1,9.5,2.2,2.3,1.2,2.2,7.4,16.5,100.0,104.0,2015,Glen Davis-2015,0.0,Not Selected,Forward,LAC,0.04552845528455285
2014-15,Andre Dawkins,dawkian01,SG,23,MIA,4,0,22,2.4,14.4,0.16699999999999998,2.4,14.4,0.16699999999999998,0.0,0.0,0.0,0.0,0.0,0.0,0.0,4.8,4.8,2.4,0.0,0.0,2.4,7.2,7.2,53.0,113.0,2015,Andre Dawkins-2015,0.0,Not Selected,Guard,MIA,0.03008130081300813
2014-15,Austin Daye,dayeau01,SF,26,TOT,34,4,344,7.4,21.0,0.355,3.6,10.6,0.33799999999999997,3.9,10.4,0.371,0.7,0.9,0.833,1.5,9.7,11.2,2.5,1.8,0.7,3.4,5.8,19.2,85.0,101.0,2015,Austin Daye-2015,0.0,Not Selected,Forward,TOT,0.03333333333333333
2014-15,Dewayne Dedmon,dedmode01,C,25,ORL,59,15,845,5.5,9.8,0.562,0.0,0.1,0.0,5.5,9.7,0.565,2.1,3.9,0.531,7.1,10.7,17.9,0.5,1.0,3.0,3.1,8.5,13.1,107.0,104.0,2015,Dewayne Dedmon-2015,0.0,Not Selected,Center,ORL,0.02032520325203252
2014-15,Matthew Dellavedova,dellama01,SG,24,CLE,67,13,1380,4.2,11.6,0.36200000000000004,2.6,6.3,0.40700000000000003,1.6,5.3,0.307,1.1,1.4,0.763,1.4,3.4,4.7,7.7,0.9,0.1,2.3,5.7,12.0,109.0,111.0,2015,Matthew Dellavedova-2015,0.0,Not Selected,Guard,CLE,0.043089430894308944
2014-15,Luol Deng,denglu01,SF,29,MIA,72,72,2421,8.0,17.2,0.469,1.7,4.8,0.355,6.3,12.4,0.513,4.2,5.5,0.7609999999999999,2.2,6.0,8.2,3.0,1.4,0.5,2.4,2.4,22.0,110.0,109.0,2015,Luol Deng-2015,0.0,Not Selected,Forward,MIA,0.03008130081300813
2014-15,DeMar DeRozan,derozde01,SG,25,TOR,60,60,2100,10.1,24.4,0.413,0.6,2.2,0.284,9.5,22.2,0.426,8.9,10.7,0.8320000000000001,1.0,5.8,6.8,5.2,1.8,0.3,3.4,3.0,29.6,104.0,109.0,2015,DeMar DeRozan-2015,0.0,Not Selected,Guard,TOR,0.03983739837398374
2014-15,Boris Diaw,diawbo01,PF,32,SAS,81,15,1984,7.5,16.3,0.46,1.4,4.4,0.32,6.1,11.9,0.512,1.9,2.4,0.774,2.0,7.0,9.0,6.0,0.9,0.6,3.3,3.8,18.3,103.0,105.0,2015,Boris Diaw-2015,0.0,Not Selected,Forward,SAS,0.044715447154471545
2014-15,Gorgui Dieng,dienggo01,C,25,MIN,73,49,2193,6.0,11.9,0.506,0.0,0.1,0.16699999999999998,6.0,11.7,0.51,4.4,5.7,0.7829999999999999,5.2,8.9,14.1,3.4,1.6,2.9,2.9,4.4,16.5,113.0,108.0,2015,Gorgui Dieng-2015,0.0,Not Selected,Center,MIN,0.013008130081300813
2014-15,Spencer Dinwiddie,dinwisp01,PG,21,DET,34,1,455,5.8,19.2,0.302,1.4,7.4,0.185,4.4,11.8,0.375,3.5,3.9,0.912,0.5,5.0,5.5,11.8,2.2,0.7,3.8,6.0,16.5,92.0,107.0,2015,Spencer Dinwiddie-2015,0.0,Not Selected,Guard,DET,0.026016260162601626
2014-15,Joey Dorsey,dorsejo01,PF,31,HOU,69,17,854,4.7,8.4,0.552,0.0,0.1,0.0,4.7,8.4,0.556,1.4,4.8,0.289,6.0,10.2,16.2,1.5,2.3,1.5,2.4,9.1,10.7,103.0,100.0,2015,Joey Dorsey-2015,0.0,Not Selected,Forward,HOU,0.04552845528455285
2014-15,Toney Douglas,douglto01,SG,28,NOP,12,0,177,5.6,15.1,0.373,1.5,5.3,0.278,4.2,9.8,0.424,2.4,3.9,0.615,0.6,5.9,6.5,7.1,3.3,1.2,3.0,5.9,15.1,95.0,104.0,2015,Toney Douglas-2015,0.0,Not Selected,Guard,NOP,0.036585365853658534
2014-15,Chris Douglas-Roberts,douglch01,SG,28,LAC,12,0,103,2.5,10.3,0.23800000000000002,0.5,3.4,0.14300000000000002,2.0,6.9,0.28600000000000003,3.9,3.9,1.0,0.5,5.4,5.9,2.0,0.5,0.0,0.0,6.9,9.3,96.0,110.0,2015,Chris Douglas-Roberts-2015,0.0,Not Selected,Guard,LAC,0.04552845528455285
2014-15,Goran Dragić,dragigo01,SG-PG,28,TOT,78,78,2640,9.7,19.3,0.501,1.7,5.0,0.34700000000000003,7.9,14.3,0.555,3.5,4.5,0.774,1.6,3.7,5.3,6.7,1.5,0.3,3.3,3.8,24.5,112.0,110.0,2015,Goran Dragić-2015,0.0,Not Selected,Guard,TOT,0.03333333333333333
2014-15,Zoran Dragić,dragizo01,SG,25,TOT,16,1,75,7.7,20.9,0.36700000000000005,2.1,9.8,0.214,5.6,11.1,0.5,2.1,3.5,0.6,3.5,2.1,5.6,3.5,1.4,0.0,3.5,4.2,19.5,89.0,112.0,2015,Zoran Dragić-2015,0.0,Not Selected,Guard,TOT,0.03333333333333333
2014-15,Larry Drew II,drewla02,PG,24,PHI,12,1,219,4.6,13.3,0.345,0.9,6.0,0.154,3.7,7.3,0.5,0.5,0.7,0.667,0.2,3.2,3.4,10.3,1.4,0.0,5.7,3.0,10.5,77.0,110.0,2015,Larry Drew II-2015,0.0,Not Selected,Guard,PHI,0.014634146341463415
2014-15,Andre Drummond,drumman01,C,21,DET,82,82,2502,10.2,19.9,0.514,0.0,0.0,0.0,10.2,19.8,0.515,2.9,7.5,0.389,9.0,13.8,22.8,1.1,1.5,3.2,2.5,5.9,23.4,107.0,100.0,2015,Andre Drummond-2015,0.0,Not Selected,Center,DET,0.026016260162601626
2014-15,Jared Dudley,dudleja01,SG,29,MIL,72,22,1717,5.9,12.6,0.46799999999999997,2.2,5.7,0.385,3.7,6.9,0.537,1.4,2.0,0.716,1.3,5.2,6.5,3.9,2.1,0.3,1.8,3.4,15.4,112.0,104.0,2015,Jared Dudley-2015,0.0,Not Selected,Guard,MIL,0.03333333333333333
2014-15,Tim Duncan,duncati01,C,38,SAS,77,77,2227,9.6,18.8,0.512,0.0,0.2,0.28600000000000003,9.6,18.7,0.514,5.3,7.1,0.74,3.9,12.3,16.2,5.3,1.4,3.5,3.0,3.8,24.6,113.0,97.0,2015,Tim Duncan-2015,3.0,3rd,Forward,SAS,0.044715447154471545
2014-15,Mike Dunleavy,dunlemi02,SF,34,CHI,63,63,1838,5.9,13.5,0.435,3.0,7.4,0.40700000000000003,2.9,6.1,0.46799999999999997,2.0,2.4,0.805,0.8,6.2,7.0,3.2,1.1,0.6,1.7,3.5,16.7,113.0,106.0,2015,Mike Dunleavy-2015,0.0,Not Selected,Forward,CHI,0.04065040650406504
2014-15,Kevin Durant,duranke01,SF,26,OKC,27,27,913,13.1,25.6,0.51,3.5,8.7,0.40299999999999997,9.6,16.9,0.565,8.0,9.4,0.8540000000000001,0.9,8.9,9.8,6.0,1.3,1.4,4.1,2.2,37.7,121.0,105.0,2015,Kevin Durant-2015,0.0,Not Selected,Forward,OKC,0.036585365853658534
2014-15,Cleanthony Early,earlycl01,SF,23,NYK,39,7,647,6.2,17.4,0.355,1.8,6.8,0.262,4.4,10.6,0.415,2.9,3.9,0.75,1.8,6.1,7.9,2.9,2.0,1.0,3.3,4.6,17.1,87.0,110.0,2015,Cleanthony Early-2015,0.0,Not Selected,Forward,NYK,0.013821138211382113
2014-15,Wayne Ellington,ellinwa01,SG,27,LAL,65,36,1675,7.7,18.8,0.41200000000000003,2.7,7.4,0.37,5.0,11.4,0.439,1.6,2.0,0.813,0.9,5.5,6.4,3.2,1.0,0.1,1.5,2.3,19.8,103.0,114.0,2015,Wayne Ellington-2015,0.0,Not Selected,Guard,LAL,0.01707317073170732
2014-15,Monta Ellis,ellismo01,SG,29,DAL,80,80,2699,11.3,25.3,0.445,1.5,5.3,0.285,9.7,20.0,0.48700000000000004,4.3,5.7,0.752,0.6,2.9,3.6,6.1,2.8,0.5,3.7,3.7,28.3,100.0,107.0,2015,Monta Ellis-2015,0.0,Not Selected,Guard,DAL,0.04065040650406504
2014-15,James Ennis,ennisja01,SF,24,MIA,62,3,1051,5.1,12.4,0.409,1.6,4.8,0.326,3.5,7.6,0.461,4.0,4.7,0.84,2.6,6.3,8.8,2.4,1.3,0.9,2.0,4.5,15.7,110.0,108.0,2015,James Ennis-2015,0.0,Not Selected,Forward,MIA,0.03008130081300813
2014-15,Tyler Ennis,ennisty01,PG,20,TOT,33,1,411,6.4,17.8,0.361,1.5,5.3,0.27899999999999997,4.9,12.5,0.396,0.6,0.9,0.7140000000000001,0.9,3.5,4.3,9.0,2.2,0.6,5.2,4.5,15.0,83.0,105.0,2015,Tyler Ennis-2015,0.0,Not Selected,Guard,TOT,0.03333333333333333
2014-15,Jeremy Evans,evansje01,SF,27,UTA,38,0,266,6.4,11.6,0.552,0.4,1.0,0.4,6.0,10.6,0.5660000000000001,4.8,5.8,0.828,5.2,9.0,14.2,2.6,2.2,2.4,1.0,5.8,18.0,139.0,101.0,2015,Jeremy Evans-2015,0.0,Not Selected,Forward,UTA,0.030894308943089432
2014-15,Reggie Evans,evansre01,PF,34,SAC,47,7,764,3.8,9.0,0.423,0.0,0.1,0.0,3.8,8.9,0.43,4.0,6.4,0.619,6.4,13.3,19.7,2.1,1.4,0.3,3.0,6.0,11.6,103.0,106.0,2015,Reggie Evans-2015,0.0,Not Selected,Forward,SAC,0.023577235772357725
2014-15,Tyreke Evans,evansty01,SG,25,NOP,79,76,2690,10.2,22.8,0.447,1.3,4.4,0.304,8.8,18.3,0.48200000000000004,3.9,5.7,0.6940000000000001,1.6,6.5,8.1,10.2,2.0,0.7,4.8,3.9,25.6,103.0,107.0,2015,Tyreke Evans-2015,0.0,Not Selected,Guard,NOP,0.036585365853658534
2014-15,Dante Exum,exumda01,PG,19,UTA,82,41,1817,4.2,12.2,0.349,2.4,7.7,0.314,1.8,4.4,0.408,0.6,0.9,0.625,0.8,3.0,3.8,5.8,1.2,0.4,3.4,4.3,11.5,90.0,109.0,2015,Dante Exum-2015,0.0,Not Selected,Guard,UTA,0.030894308943089432
2014-15,Festus Ezeli,ezelife01,C,25,GSW,46,7,504,7.4,13.5,0.547,0.0,0.0,0.0,7.4,13.5,0.547,4.7,7.6,0.628,5.8,9.2,15.0,0.9,0.7,4.1,3.1,7.5,19.5,111.0,99.0,2015,Festus Ezeli-2015,0.0,Not Selected,Center,GSW,0.05447154471544716
2014-15,Kenneth Faried,farieke01,PF,25,DEN,75,71,2086,8.9,17.6,0.507,0.0,0.2,0.125,8.9,17.4,0.511,4.8,6.9,0.691,5.8,10.2,16.0,2.1,1.5,1.4,2.8,5.1,22.6,111.0,106.0,2015,Kenneth Faried-2015,0.0,Not Selected,Forward,DEN,0.024390243902439025
2014-15,Jordan Farmar,farmajo01,PG,28,LAC,36,0,529,5.8,15.1,0.386,3.4,9.3,0.361,2.5,5.8,0.426,1.0,1.1,0.909,0.8,3.3,4.0,6.4,1.9,0.5,3.1,5.0,16.0,101.0,108.0,2015,Jordan Farmar-2015,0.0,Not Selected,Guard,LAC,0.04552845528455285
2014-15,Derrick Favors,favorde01,PF,23,UTA,74,74,2280,11.2,21.4,0.525,0.0,0.1,0.16699999999999998,11.2,21.2,0.527,5.2,7.7,0.669,4.6,9.6,14.1,2.6,1.4,2.9,2.8,4.9,27.6,113.0,102.0,2015,Derrick Favors-2015,0.0,Not Selected,Forward,UTA,0.030894308943089432
2014-15,Raymond Felton,feltora01,PG,30,DAL,29,3,281,7.7,19.0,0.406,1.8,6.1,0.294,5.9,12.9,0.45799999999999996,2.2,2.7,0.8,0.4,4.3,4.7,7.4,2.0,0.7,3.2,3.1,19.4,98.0,108.0,2015,Raymond Felton-2015,0.0,Not Selected,Guard,DAL,0.04065040650406504
2014-15,Landry Fields,fieldla01,SF,26,TOR,26,9,216,4.8,9.8,0.488,0.2,0.5,0.5,4.5,9.3,0.48700000000000004,1.2,1.4,0.833,2.4,3.8,6.2,3.6,2.6,0.0,1.9,2.2,11.0,109.0,109.0,2015,Landry Fields-2015,0.0,Not Selected,Forward,TOR,0.03983739837398374
2014-15,Evan Fournier,fournev01,SG,22,ORL,58,32,1661,7.8,17.7,0.44,2.6,6.9,0.37799999999999995,5.2,10.8,0.48,3.3,4.5,0.728,0.9,3.8,4.7,3.7,1.2,0.1,2.5,3.6,21.5,105.0,111.0,2015,Evan Fournier-2015,0.0,Not Selected,Guard,ORL,0.02032520325203252
2014-15,Randy Foye,foyera01,SG,31,DEN,50,21,1087,6.8,18.5,0.368,4.3,12.1,0.35700000000000004,2.5,6.4,0.38799999999999996,2.1,2.5,0.818,0.4,3.5,3.9,5.5,1.6,0.5,2.8,4.5,20.0,102.0,111.0,2015,Randy Foye-2015,0.0,Not Selected,Guard,DEN,0.024390243902439025
2014-15,Jamaal Franklin,frankja01,SG,23,DEN,3,0,13,3.8,7.7,0.5,3.8,7.7,0.5,0.0,0.0,0.0,0.0,0.0,0.0,3.8,3.8,7.7,11.5,0.0,3.8,11.5,15.4,11.5,83.0,110.0,2015,Jamaal Franklin-2015,0.0,Not Selected,Guard,DEN,0.024390243902439025
2014-15,Tim Frazier,fraziti01,PG,24,TOT,11,3,239,4.4,12.9,0.344,1.1,3.6,0.294,3.4,9.3,0.364,2.1,4.4,0.47600000000000003,1.3,4.6,5.9,12.6,1.7,0.0,5.3,5.5,12.0,88.0,108.0,2015,Tim Frazier-2015,0.0,Not Selected,Guard,TOT,0.03333333333333333
2014-15,Jimmer Fredette,fredeji01,PG,25,NOP,50,0,509,6.5,17.1,0.38,0.9,5.0,0.188,5.6,12.2,0.45799999999999996,4.4,4.6,0.956,0.8,3.3,4.1,6.0,1.5,0.2,3.4,4.4,18.4,97.0,111.0,2015,Jimmer Fredette-2015,0.0,Not Selected,Guard,NOP,0.036585365853658534
2014-15,Joel Freeland,freeljo01,C,27,POR,48,8,617,6.1,12.5,0.49,0.0,0.0,0.0,6.1,12.5,0.49,1.7,2.1,0.84,5.1,10.7,15.8,1.3,0.7,1.9,1.9,7.7,14.0,109.0,102.0,2015,Joel Freeland-2015,0.0,Not Selected,Center,POR,0.041463414634146344
2014-15,Channing Frye,fryech01,PF,31,ORL,75,51,1870,5.2,13.3,0.392,3.7,9.5,0.39299999999999996,1.5,3.9,0.39,0.8,1.0,0.8859999999999999,0.7,7.3,8.0,2.6,1.3,1.1,2.1,5.2,15.0,101.0,108.0,2015,Channing Frye-2015,0.0,Not Selected,Forward,ORL,0.02032520325203252
2014-15,Danilo Gallinari,gallida01,SF,26,DEN,59,27,1426,8.0,19.9,0.401,3.7,10.5,0.355,4.2,9.4,0.45299999999999996,6.0,6.7,0.895,1.1,6.5,7.6,2.9,1.6,0.7,2.0,3.3,25.7,114.0,109.0,2015,Danilo Gallinari-2015,0.0,Not Selected,Forward,DEN,0.024390243902439025
2014-15,Langston Galloway,gallola01,PG,23,NYK,45,41,1457,7.4,18.5,0.39899999999999997,2.2,6.4,0.35200000000000004,5.1,12.1,0.424,2.3,2.8,0.8079999999999999,1.3,5.5,6.9,5.4,1.9,0.4,2.2,4.7,19.3,101.0,111.0,2015,Langston Galloway-2015,0.0,Not Selected,Guard,NYK,0.013821138211382113
2014-15,Francisco García,garcifr01,SF,33,HOU,14,0,200,4.2,15.7,0.27,2.5,11.2,0.222,1.7,4.5,0.389,0.2,1.0,0.25,0.7,3.5,4.2,3.7,2.2,1.2,2.5,5.0,11.2,76.0,105.0,2015,Francisco García-2015,0.0,Not Selected,Forward,HOU,0.04552845528455285
2014-15,Kevin Garnett,garneke01,PF,38,TOT,47,47,952,7.8,16.6,0.467,0.1,0.4,0.14300000000000002,7.7,16.2,0.475,2.0,2.4,0.8,2.6,14.3,16.9,4.2,2.5,0.9,2.5,5.9,17.5,101.0,101.0,2015,Kevin Garnett-2015,0.0,Not Selected,Forward,TOT,0.03333333333333333
2014-15,Marc Gasol,gasolma01,C,30,MEM,81,81,2687,10.3,20.8,0.494,0.1,0.3,0.17600000000000002,10.2,20.5,0.5,6.8,8.5,0.795,2.2,10.0,12.2,6.0,1.4,2.5,3.4,4.0,27.4,111.0,100.0,2015,Marc Gasol-2015,1.0,1st,Center,MEM,0.044715447154471545
2014-15,Pau Gasol,gasolpa01,PF,34,CHI,78,78,2681,11.0,22.2,0.494,0.2,0.5,0.462,10.8,21.7,0.495,5.7,7.1,0.8029999999999999,4.2,13.5,17.7,4.1,0.5,2.8,3.0,2.8,27.9,112.0,101.0,2015,Pau Gasol-2015,2.0,2nd,Center,CHI,0.04065040650406504
2014-15,Rudy Gay,gayru01,SF,28,SAC,68,67,2408,10.6,23.3,0.455,1.7,4.6,0.359,9.0,18.7,0.479,7.0,8.2,0.858,2.0,6.3,8.3,5.2,1.5,0.9,3.8,3.3,29.9,110.0,110.0,2015,Rudy Gay-2015,0.0,Not Selected,Forward,SAC,0.023577235772357725
2014-15,Alonzo Gee,geeal01,SF,27,TOT,54,2,662,6.6,14.1,0.46799999999999997,1.0,2.7,0.371,5.6,11.4,0.49,4.1,5.8,0.701,2.8,4.3,7.1,1.9,2.7,0.5,2.5,4.4,18.3,106.0,107.0,2015,Alonzo Gee-2015,0.0,Not Selected,Forward,TOT,0.03333333333333333
2014-15,Paul George,georgpa01,SF,24,IND,6,0,91,10.2,27.7,0.36700000000000005,5.1,12.5,0.409,5.1,15.3,0.33299999999999996,4.5,6.2,0.727,2.3,10.2,12.5,3.4,2.8,0.6,6.8,6.2,30.0,87.0,99.0,2015,Paul George-2015,0.0,Not Selected,Forward,IND,0.030894308943089432
2014-15,Taj Gibson,gibsota01,PF,29,CHI,62,17,1692,7.8,15.5,0.502,0.0,0.0,0.0,7.8,15.5,0.502,4.0,5.6,0.7170000000000001,5.0,7.2,12.1,2.2,1.1,2.3,2.4,5.0,19.6,112.0,104.0,2015,Taj Gibson-2015,0.0,Not Selected,Forward,CHI,0.04065040650406504
2014-15,Manu Ginóbili,ginobma01,SG,37,SAS,70,0,1587,8.1,19.0,0.426,2.9,8.3,0.345,5.2,10.7,0.489,4.7,6.6,0.721,0.9,5.9,6.8,9.5,2.2,0.6,5.0,4.5,23.8,103.0,102.0,2015,Manu Ginóbili-2015,0.0,Not Selected,Guard,SAS,0.044715447154471545
2014-15,Rudy Gobert,goberru01,C,22,UTA,82,37,2158,6.3,10.5,0.604,0.0,0.0,0.0,6.3,10.5,0.607,4.2,6.7,0.623,6.5,12.5,19.1,2.7,1.6,4.7,2.7,4.3,16.9,122.0,98.0,2015,Rudy Gobert-2015,0.0,Not Selected,Center,UTA,0.030894308943089432
2014-15,Drew Gooden,goodedr01,PF,33,WAS,51,7,864,6.5,16.4,0.39899999999999997,1.4,3.5,0.39,5.2,12.9,0.401,2.0,2.6,0.773,4.3,9.0,13.2,2.9,1.2,0.5,1.7,5.4,16.4,103.0,103.0,2015,Drew Gooden-2015,0.0,Not Selected,Forward,WAS,0.03739837398373984
2014-15,Archie Goodwin,goodwar01,SG,20,PHO,41,2,535,7.4,18.7,0.39299999999999996,1.1,3.8,0.293,6.2,14.9,0.419,5.7,7.7,0.735,2.5,4.4,6.9,4.1,1.7,0.8,4.5,5.1,21.5,94.0,108.0,2015,Archie Goodwin-2015,0.0,Not Selected,Guard,PHO,0.03170731707317073
2014-15,Aaron Gordon,gordoaa01,PF,19,ORL,47,8,797,6.0,13.3,0.447,0.8,3.1,0.271,5.1,10.3,0.5,2.8,3.9,0.721,3.0,7.9,10.8,2.1,1.3,1.4,2.4,5.3,15.6,101.0,107.0,2015,Aaron Gordon-2015,0.0,Not Selected,Forward,ORL,0.02032520325203252
2014-15,Ben Gordon,gordobe01,SG,31,ORL,56,0,790,8.4,19.1,0.43700000000000006,2.3,6.3,0.361,6.1,12.8,0.475,3.6,4.3,0.836,0.4,3.7,4.1,3.2,0.9,0.1,3.6,3.9,22.6,98.0,112.0,2015,Ben Gordon-2015,0.0,Not Selected,Guard,ORL,0.02032520325203252
2014-15,Drew Gordon,gordodr01,PF,24,PHI,9,0,71,5.6,13.4,0.42100000000000004,0.0,2.1,0.0,5.6,11.3,0.5,0.7,1.4,0.5,4.9,7.8,12.7,1.4,0.7,0.0,5.6,4.9,12.0,73.0,108.0,2015,Drew Gordon-2015,0.0,Not Selected,Forward,PHI,0.014634146341463415
2014-15,Eric Gordon,gordoer01,SG,26,NOP,61,60,2018,7.4,18.1,0.41100000000000003,3.7,8.2,0.44799999999999995,3.7,9.9,0.38,2.8,3.5,0.805,0.7,3.4,4.1,6.0,1.3,0.4,3.2,3.8,21.3,106.0,111.0,2015,Eric Gordon-2015,0.0,Not Selected,Guard,NOP,0.036585365853658534
2014-15,Marcin Gortat,gortama01,C,30,WAS,82,82,2453,9.2,16.2,0.5660000000000001,0.0,0.1,0.0,9.2,16.1,0.569,2.6,3.7,0.703,3.8,11.2,15.0,2.0,1.0,2.3,2.1,4.0,20.9,114.0,100.0,2015,Marcin Gortat-2015,0.0,Not Selected,Center,WAS,0.03739837398373984
2014-15,Danny Granger,grangda01,SF,31,MIA,30,6,613,5.6,14.0,0.401,2.6,7.2,0.35700000000000004,3.0,6.7,0.449,2.4,3.2,0.757,1.7,5.2,6.9,1.5,1.1,0.5,2.1,5.8,16.2,102.0,110.0,2015,Danny Granger-2015,0.0,Not Selected,Forward,MIA,0.03008130081300813
2014-15,Jerami Grant,grantje01,SF,20,PHI,65,11,1377,4.5,12.8,0.35200000000000004,1.8,5.7,0.314,2.7,7.1,0.38299999999999995,4.2,7.0,0.591,1.8,5.4,7.2,2.9,1.5,2.5,3.1,5.2,15.0,91.0,106.0,2015,Jerami Grant-2015,0.0,Not Selected,Forward,PHI,0.014634146341463415
2014-15,Danny Green,greenda02,SG,27,SAS,81,80,2312,7.1,16.3,0.436,4.2,10.1,0.418,2.9,6.2,0.466,2.5,2.8,0.8740000000000001,1.2,6.4,7.6,3.5,2.2,1.9,2.1,3.6,20.9,114.0,100.0,2015,Danny Green-2015,0.0,Not Selected,Guard,SAS,0.044715447154471545
2014-15,Draymond Green,greendr01,PF,24,GSW,79,79,2490,6.7,15.0,0.44299999999999995,2.2,6.5,0.337,4.5,8.6,0.523,2.6,3.9,0.66,2.2,10.5,12.7,5.7,2.4,1.9,2.6,5.0,18.1,110.0,97.0,2015,Draymond Green-2015,0.0,Not Selected,Forward,GSW,0.05447154471544716
2014-15,Erick Green,greener01,PG,23,DEN,43,1,410,7.4,19.7,0.377,1.7,5.7,0.298,5.7,14.0,0.409,1.2,1.5,0.833,0.9,2.9,3.8,4.8,1.5,0.0,1.7,3.2,17.8,95.0,112.0,2015,Erick Green-2015,0.0,Not Selected,Guard,DEN,0.024390243902439025
2014-15,Gerald Green,greenge01,SG,29,PHO,74,4,1446,11.2,26.8,0.41600000000000004,4.7,13.3,0.354,6.4,13.5,0.478,3.4,4.1,0.825,1.1,5.3,6.4,3.1,1.4,0.4,3.6,5.0,30.5,101.0,108.0,2015,Gerald Green-2015,0.0,Not Selected,Guard,PHO,0.03170731707317073
2014-15,JaMychal Green,greenja01,PF,24,TOT,24,1,164,8.6,14.9,0.574,0.0,1.9,0.0,8.6,13.0,0.659,2.5,3.2,0.8,6.0,8.3,14.3,1.3,1.6,1.6,4.4,7.9,19.7,105.0,101.0,2015,JaMychal Green-2015,0.0,Not Selected,Forward,TOT,0.03333333333333333
2014-15,Jeff Green,greenje02,SF,28,TOT,78,70,2454,8.7,20.2,0.43,2.0,6.1,0.332,6.7,14.1,0.473,5.0,6.0,0.833,1.3,5.5,6.8,2.8,1.1,0.7,2.3,3.1,24.4,106.0,106.0,2015,Jeff Green-2015,0.0,Not Selected,Forward,TOT,0.03333333333333333
2014-15,Willie Green,greenwi01,SG,33,ORL,52,2,951,6.3,16.5,0.386,2.3,6.5,0.34700000000000003,4.1,9.9,0.41100000000000003,1.5,1.8,0.8240000000000001,0.8,3.5,4.2,3.7,1.4,0.3,2.6,4.4,16.5,93.0,111.0,2015,Willie Green-2015,0.0,Not Selected,Guard,ORL,0.02032520325203252
2014-15,Blake Griffin,griffbl01,PF,25,LAC,67,67,2356,12.3,24.6,0.502,0.2,0.5,0.4,12.1,24.1,0.504,6.7,9.2,0.728,2.7,8.2,10.9,7.6,1.4,0.8,3.3,4.2,31.6,113.0,106.0,2015,Blake Griffin-2015,3.0,3rd,Forward,LAC,0.04552845528455285
2014-15,Jorge Gutiérrez,gutiejo01,PG,26,TOT,20,1,175,6.4,12.0,0.537,0.0,0.9,0.0,6.4,11.1,0.579,2.6,3.8,0.6920000000000001,1.5,5.9,7.3,6.4,1.8,0.0,3.5,7.3,15.5,105.0,105.0,2015,Jorge Gutiérrez-2015,0.0,Not Selected,Guard,TOT,0.03333333333333333
2014-15,P.J. Hairston,hairspj02,SG,22,CHO,45,2,687,6.5,20.2,0.32299999999999995,3.7,12.3,0.301,2.9,8.0,0.358,2.3,2.7,0.861,1.7,5.3,6.9,1.6,1.6,1.0,1.7,4.6,19.1,91.0,104.0,2015,P.J. Hairston-2015,0.0,Not Selected,Guard,CHO,0.026829268292682926
2014-15,Jordan Hamilton,hamiljo02,SF,24,LAC,14,2,122,5.8,14.5,0.4,4.2,8.7,0.47600000000000003,1.7,5.8,0.28600000000000003,0.0,0.0,0.0,0.8,5.8,6.6,2.9,0.8,0.0,1.7,5.8,15.8,105.0,109.0,2015,Jordan Hamilton-2015,0.0,Not Selected,Forward,LAC,0.04552845528455285
2014-15,Justin Hamilton,hamilju01,C,24,TOT,41,14,712,6.2,12.9,0.478,0.7,2.2,0.32299999999999995,5.4,10.7,0.51,2.8,3.4,0.83,4.1,5.6,9.7,2.6,2.0,2.2,1.9,5.1,15.9,114.0,109.0,2015,Justin Hamilton-2015,0.0,Not Selected,Center,TOT,0.03333333333333333
2014-15,Tyler Hansbrough,hansbty01,PF,29,TOR,74,8,1058,4.2,8.1,0.521,0.0,0.3,0.14300000000000002,4.2,7.7,0.5379999999999999,4.7,6.8,0.698,5.2,7.8,13.0,1.0,1.5,0.7,1.0,6.9,13.2,132.0,107.0,2015,Tyler Hansbrough-2015,0.0,Not Selected,Forward,TOR,0.03983739837398374
2014-15,Tim Hardaway Jr.,hardati02,SG,22,NYK,70,30,1681,8.7,22.5,0.389,3.8,11.1,0.342,4.9,11.4,0.435,3.9,4.9,0.8009999999999999,0.4,4.5,4.9,4.0,0.6,0.4,2.6,3.7,25.2,101.0,114.0,2015,Tim Hardaway Jr.-2015,0.0,Not Selected,Guard,NYK,0.013821138211382113
2014-15,James Harden,hardeja01,SG,25,HOU,81,81,2981,10.8,24.5,0.44,3.5,9.3,0.375,7.3,15.3,0.48,11.9,13.7,0.868,1.3,6.4,7.7,9.4,2.6,1.0,5.4,3.5,37.0,118.0,103.0,2015,James Harden-2015,1.0,1st,Guard,HOU,0.04552845528455285
2014-15,Maurice Harkless,harklma01,SF,21,ORL,45,4,674,4.8,12.0,0.39899999999999997,0.8,4.2,0.179,4.0,7.7,0.52,1.7,3.1,0.537,2.9,5.2,8.0,1.9,2.4,0.7,2.0,5.0,12.0,92.0,107.0,2015,Maurice Harkless-2015,0.0,Not Selected,Forward,ORL,0.02032520325203252
2014-15,Devin Harris,harride01,PG,31,DAL,76,3,1685,6.6,15.7,0.418,2.8,8.0,0.35700000000000004,3.7,7.7,0.48100000000000004,4.0,4.8,0.815,0.4,3.7,4.0,7.1,2.3,0.4,2.5,4.4,19.9,113.0,108.0,2015,Devin Harris-2015,0.0,Not Selected,Guard,DAL,0.04065040650406504
2014-15,Gary Harris,harriga01,SG,20,DEN,55,6,719,4.6,15.1,0.304,1.5,7.2,0.204,3.1,7.9,0.395,2.4,3.3,0.745,1.5,3.0,4.4,2.0,2.7,0.5,2.6,4.9,13.1,81.0,109.0,2015,Gary Harris-2015,0.0,Not Selected,Guard,DEN,0.024390243902439025
2014-15,Joe Harris,harrijo01,SG,23,CLE,51,1,493,5.1,12.7,0.4,3.3,8.9,0.369,1.8,3.8,0.47200000000000003,0.9,1.6,0.6,0.7,3.6,4.3,2.7,0.7,0.2,2.8,6.5,14.3,97.0,111.0,2015,Joe Harris-2015,0.0,Not Selected,Guard,CLE,0.043089430894308944
2014-15,Tobias Harris,harrito02,SF,22,ORL,68,63,2369,9.5,20.5,0.466,1.9,5.2,0.364,7.7,15.3,0.5,4.2,5.3,0.7879999999999999,1.6,7.7,9.3,2.7,1.5,0.8,2.5,2.9,25.1,107.0,108.0,2015,Tobias Harris-2015,0.0,Not Selected,Forward,ORL,0.02032520325203252
2014-15,Udonis Haslem,hasleud01,PF,34,MIA,62,25,995,5.7,12.7,0.44799999999999995,0.1,0.5,0.2,5.6,12.2,0.45899999999999996,2.4,3.4,0.703,3.8,9.9,13.7,2.4,1.1,0.7,2.2,6.0,13.8,102.0,106.0,2015,Udonis Haslem-2015,0.0,Not Selected,Forward,MIA,0.03008130081300813
2014-15,Spencer Hawes,hawessp01,PF,26,LAC,73,15,1274,6.5,16.5,0.39299999999999996,2.2,7.0,0.313,4.3,9.5,0.452,1.8,2.7,0.647,1.2,9.1,10.3,3.5,1.0,2.1,2.4,6.9,16.9,95.0,104.0,2015,Spencer Hawes-2015,0.0,Not Selected,Forward,LAC,0.04552845528455285
2014-15,Chuck Hayes,hayesch01,C,31,TOR,29,0,255,4.5,9.3,0.478,0.0,0.0,0.0,4.5,9.3,0.478,1.2,2.2,0.545,3.6,6.7,10.3,4.1,2.0,0.8,1.6,7.5,10.1,111.0,107.0,2015,Chuck Hayes-2015,0.0,Not Selected,Center,TOR,0.03983739837398374
2014-15,Gordon Hayward,haywago01,SF,24,UTA,76,76,2618,9.8,22.0,0.445,2.4,6.7,0.364,7.4,15.4,0.48100000000000004,7.6,9.4,0.812,1.1,6.5,7.6,6.3,2.2,0.6,4.2,2.7,29.7,111.0,105.0,2015,Gordon Hayward-2015,0.0,Not Selected,Forward,UTA,0.030894308943089432
2014-15,Brendan Haywood,haywobr01,C,35,CLE,22,1,119,6.1,13.1,0.467,0.0,0.0,0.0,6.1,13.1,0.467,3.1,5.7,0.5379999999999999,2.6,10.0,12.7,0.9,0.9,4.4,4.4,7.4,15.3,85.0,102.0,2015,Brendan Haywood-2015,0.0,Not Selected,Center,CLE,0.043089430894308944
2014-15,Gerald Henderson,hendege02,SG,27,CHO,80,72,2315,8.3,18.9,0.43700000000000006,1.0,3.0,0.331,7.2,15.9,0.457,4.1,4.8,0.848,0.8,5.3,6.1,4.6,1.1,0.5,2.5,3.0,21.6,102.0,106.0,2015,Gerald Henderson-2015,0.0,Not Selected,Guard,CHO,0.026829268292682926
2014-15,Xavier Henry,henryxa01,SF,23,LAL,9,0,86,1.8,7.7,0.231,0.0,0.0,0.0,1.8,7.7,0.231,8.3,14.3,0.583,1.2,1.2,2.4,1.8,1.8,0.0,1.8,3.6,11.9,90.0,114.0,2015,Xavier Henry-2015,0.0,Not Selected,Forward,LAL,0.01707317073170732
2014-15,John Henson,hensojo01,C,24,MIL,67,11,1228,8.1,14.4,0.5660000000000001,0.0,0.0,0.0,8.1,14.4,0.5660000000000001,3.2,5.7,0.569,5.2,7.8,13.0,2.5,1.2,5.6,3.6,6.3,19.5,106.0,98.0,2015,John Henson-2015,0.0,Not Selected,Center,MIL,0.03333333333333333
2014-15,Roy Hibbert,hibbero01,C,28,IND,76,76,1926,8.5,19.0,0.446,0.0,0.1,0.0,8.5,18.9,0.44799999999999995,4.5,5.5,0.8240000000000001,4.2,10.3,14.4,2.2,0.5,3.3,2.9,5.8,21.5,101.0,101.0,2015,Roy Hibbert-2015,0.0,Not Selected,Center,IND,0.030894308943089432
2014-15,J.J. Hickson,hicksjj01,C,26,DEN,73,8,1411,7.7,16.2,0.475,0.0,0.1,0.0,7.7,16.2,0.47700000000000004,4.1,7.1,0.5770000000000001,5.3,10.7,16.0,2.0,1.3,1.2,3.4,4.8,19.5,100.0,106.0,2015,J.J. Hickson-2015,0.0,Not Selected,Center,DEN,0.024390243902439025
2014-15,Nenê,hilarne01,PF,32,WAS,67,58,1693,9.3,18.2,0.511,0.0,0.2,0.2,9.3,18.0,0.513,3.7,6.1,0.604,2.5,7.9,10.4,3.7,2.0,0.7,3.8,5.4,22.3,100.0,102.0,2015,Nenê-2015,0.0,Not Selected,Forward,WAS,0.03739837398373984
2014-15,George Hill,hillge01,PG,28,IND,43,36,1267,10.4,21.8,0.47700000000000004,2.8,7.8,0.358,7.6,13.9,0.544,4.6,5.8,0.79,1.0,6.3,7.3,8.9,1.8,0.6,2.8,4.5,28.1,117.0,103.0,2015,George Hill-2015,0.0,Not Selected,Guard,IND,0.030894308943089432
2014-15,Jordan Hill,hilljo01,C,27,LAL,70,57,1874,9.7,21.2,0.45899999999999996,0.1,0.3,0.273,9.6,20.9,0.462,3.4,4.6,0.738,4.7,10.4,15.2,2.8,0.9,1.4,2.9,4.5,22.9,101.0,109.0,2015,Jordan Hill-2015,0.0,Not Selected,Center,LAL,0.01707317073170732
2014-15,Solomon Hill,hillso01,SF,23,IND,82,78,2381,5.4,13.7,0.396,1.5,4.5,0.327,4.0,9.2,0.43,3.4,4.2,0.8240000000000001,1.5,5.3,6.8,4.0,1.4,0.4,2.5,3.8,15.8,101.0,105.0,2015,Solomon Hill-2015,0.0,Not Selected,Forward,IND,0.030894308943089432
2014-15,Kirk Hinrich,hinriki01,SG,34,CHI,66,22,1610,4.6,12.2,0.373,1.9,5.4,0.345,2.7,6.8,0.39399999999999996,1.1,1.6,0.7,0.6,3.2,3.9,4.8,1.5,0.4,2.3,4.6,12.1,95.0,108.0,2015,Kirk Hinrich-2015,0.0,Not Selected,Guard,CHI,0.04065040650406504
2014-15,Jrue Holiday,holidjr01,PG,24,NOP,40,37,1303,9.6,21.5,0.446,2.1,5.4,0.37799999999999995,7.5,16.1,0.469,2.6,3.1,0.855,1.3,4.2,5.4,11.0,2.5,0.9,3.7,4.4,23.9,109.0,107.0,2015,Jrue Holiday-2015,0.0,Not Selected,Guard,NOP,0.036585365853658534
2014-15,Justin Holiday,holidju01,SG,25,GSW,59,4,657,6.8,17.5,0.387,2.6,8.1,0.321,4.2,9.4,0.444,2.8,3.3,0.8220000000000001,0.9,4.5,5.4,3.6,3.0,0.9,2.2,4.0,18.9,100.0,101.0,2015,Justin Holiday-2015,0.0,Not Selected,Guard,GSW,0.05447154471544716
2014-15,Ryan Hollins,holliry01,C,30,SAC,46,9,441,6.0,9.4,0.6459999999999999,0.0,0.0,0.0,6.0,9.4,0.6459999999999999,3.5,6.2,0.574,4.1,7.6,11.8,1.6,0.7,2.2,2.9,7.4,15.6,115.0,109.0,2015,Ryan Hollins-2015,0.0,Not Selected,Center,SAC,0.023577235772357725
2014-15,Rodney Hood,hoodro01,SG,22,UTA,50,21,1064,7.7,18.7,0.414,3.1,8.5,0.365,4.6,10.2,0.456,3.0,4.0,0.763,0.4,5.4,5.8,4.1,1.5,0.6,2.2,5.9,21.6,108.0,107.0,2015,Rodney Hood-2015,0.0,Not Selected,Guard,UTA,0.030894308943089432
2014-15,Al Horford,horfoal01,C,28,ATL,76,76,2318,11.4,21.3,0.5379999999999999,0.2,0.8,0.306,11.2,20.5,0.547,2.4,3.1,0.759,2.9,9.1,12.0,5.4,1.5,2.2,2.2,2.7,25.5,114.0,102.0,2015,Al Horford-2015,0.0,Not Selected,Center,ATL,0.04878048780487805
2014-15,Dwight Howard,howardw01,C,29,HOU,41,41,1223,10.2,17.2,0.593,0.0,0.1,0.5,10.2,17.1,0.594,5.8,11.0,0.528,4.5,13.0,17.5,2.0,1.1,2.2,4.7,5.6,26.3,105.0,100.0,2015,Dwight Howard-2015,0.0,Not Selected,Center,HOU,0.04552845528455285
2014-15,Lester Hudson,hudsole01,SG,30,LAC,5,0,56,5.4,12.7,0.429,2.7,5.4,0.5,2.7,7.2,0.375,2.7,3.6,0.75,0.9,6.3,7.2,4.5,5.4,0.9,2.7,3.6,16.3,108.0,98.0,2015,Lester Hudson-2015,0.0,Not Selected,Guard,LAC,0.04552845528455285
2014-15,Robbie Hummel,hummero01,SF,25,MIN,45,4,742,5.4,11.8,0.45899999999999996,1.1,3.5,0.314,4.3,8.3,0.521,1.6,2.0,0.828,2.1,7.1,9.2,1.9,1.1,0.6,1.2,5.9,13.6,110.0,113.0,2015,Robbie Hummel-2015,0.0,Not Selected,Forward,MIN,0.013008130081300813
2014-15,Kris Humphries,humphkr01,PF,29,WAS,64,17,1345,8.0,17.0,0.473,0.0,0.3,0.0,8.0,16.7,0.48100000000000004,3.3,4.5,0.7440000000000001,4.5,11.4,15.8,2.2,1.3,1.0,1.8,5.0,19.4,108.0,101.0,2015,Kris Humphries-2015,0.0,Not Selected,Forward,WAS,0.03739837398373984
2014-15,Serge Ibaka,ibakase01,PF,25,OKC,64,64,2116,8.9,18.6,0.47600000000000003,1.8,4.9,0.376,7.0,13.8,0.511,2.2,2.6,0.836,3.2,8.6,11.8,1.3,0.7,3.7,2.3,4.6,21.7,109.0,104.0,2015,Serge Ibaka-2015,0.0,Not Selected,Forward,OKC,0.036585365853658534
2014-15,Andre Iguodala,iguodan01,SF,31,GSW,77,0,2069,5.5,11.7,0.466,1.7,5.0,0.349,3.7,6.7,0.5529999999999999,1.6,2.7,0.596,1.0,5.0,6.1,5.4,2.1,0.6,2.1,2.4,14.3,110.0,103.0,2015,Andre Iguodala-2015,0.0,Not Selected,Forward,GSW,0.05447154471544716
2014-15,Ersan İlyasova,ilyaser01,PF,27,MIL,58,36,1319,10.2,21.5,0.47200000000000003,2.9,7.3,0.389,7.3,14.2,0.515,2.7,4.1,0.645,3.1,7.6,10.7,2.2,1.4,0.7,1.7,5.8,25.9,111.0,103.0,2015,Ersan İlyasova-2015,0.0,Not Selected,Forward,MIL,0.03333333333333333
2014-15,Joe Ingles,inglejo01,SF,27,UTA,79,32,1673,4.7,11.2,0.415,2.3,6.4,0.35600000000000004,2.4,4.8,0.493,1.0,1.3,0.75,0.7,4.9,5.6,5.8,2.3,0.3,3.1,3.9,12.6,101.0,106.0,2015,Joe Ingles-2015,0.0,Not Selected,Forward,UTA,0.030894308943089432
2014-15,Kyrie Irving,irvinky01,PG,22,CLE,75,75,2730,11.0,23.5,0.46799999999999997,3.0,7.2,0.415,8.0,16.3,0.491,6.0,7.0,0.863,1.0,3.5,4.5,7.4,2.2,0.4,3.5,2.8,31.0,117.0,108.0,2015,Kyrie Irving-2015,3.0,3rd,Guard,CLE,0.043089430894308944
2014-15,Jarrett Jack,jackja01,PG,31,BRK,80,27,2241,8.3,18.9,0.439,0.9,3.4,0.267,7.4,15.5,0.47700000000000004,4.6,5.2,0.8809999999999999,0.4,5.2,5.7,8.6,1.7,0.3,4.4,3.3,22.1,101.0,109.0,2015,Jarrett Jack-2015,0.0,Not Selected,Guard,BRK,0.030894308943089432
2014-15,Reggie Jackson,jacksre01,PG,24,TOT,77,40,2268,9.7,22.3,0.434,1.6,5.4,0.299,8.1,16.9,0.47700000000000004,4.0,4.9,0.83,1.3,6.1,7.3,10.3,1.4,0.2,4.2,3.7,25.0,106.0,108.0,2015,Reggie Jackson-2015,0.0,Not Selected,Guard,TOT,0.03333333333333333
2014-15,Bernard James,jamesbe01,C,29,DAL,16,2,158,3.8,8.6,0.444,0.0,0.0,0.0,3.8,8.6,0.444,6.4,7.3,0.87,5.7,6.7,12.5,1.3,0.6,4.8,1.9,5.4,14.0,125.0,105.0,2015,Bernard James-2015,0.0,Not Selected,Center,DAL,0.04065040650406504
2014-15,LeBron James,jamesle01,SF,30,CLE,69,69,2493,13.0,26.7,0.488,2.5,7.1,0.354,10.5,19.6,0.536,7.8,11.0,0.71,1.1,7.6,8.7,10.7,2.3,1.0,5.7,2.8,36.3,112.0,105.0,2015,LeBron James-2015,1.0,1st,Forward,CLE,0.043089430894308944
2014-15,Al Jefferson,jeffeal01,C,30,CHO,65,61,1992,12.6,26.2,0.48100000000000004,0.1,0.1,0.4,12.5,26.1,0.48200000000000004,2.8,4.3,0.655,2.6,11.6,14.2,2.9,1.2,2.2,1.8,3.6,28.0,101.0,100.0,2015,Al Jefferson-2015,0.0,Not Selected,Center,CHO,0.026829268292682926
2014-15,Cory Jefferson,jeffeco01,PF,24,BRK,50,1,531,7.3,16.3,0.449,0.2,1.5,0.133,7.1,14.8,0.48,3.0,5.3,0.574,4.6,9.6,14.1,1.6,1.0,2.0,1.9,5.9,17.8,101.0,106.0,2015,Cory Jefferson-2015,0.0,Not Selected,Forward,BRK,0.030894308943089432
2014-15,Richard Jefferson,jefferi01,SF,34,DAL,74,18,1244,5.8,13.1,0.444,2.7,6.3,0.426,3.2,6.9,0.462,3.2,4.6,0.684,1.0,6.4,7.4,2.5,1.3,0.4,2.1,4.7,17.5,109.0,108.0,2015,Richard Jefferson-2015,0.0,Not Selected,Forward,DAL,0.04065040650406504
2014-15,John Jenkins,jenkijo01,SG,23,ATL,24,3,297,8.4,17.0,0.495,3.6,8.9,0.40399999999999997,4.8,8.1,0.596,2.8,3.3,0.8420000000000001,0.3,6.4,6.7,2.2,1.7,0.0,1.4,2.6,23.2,118.0,105.0,2015,John Jenkins-2015,0.0,Not Selected,Guard,ATL,0.04878048780487805
2014-15,Brandon Jennings,jennibr01,PG,25,DET,41,41,1173,9.6,23.9,0.401,3.4,9.3,0.36,6.3,14.6,0.428,5.3,6.3,0.8390000000000001,0.9,3.7,4.6,12.0,1.9,0.2,4.0,2.8,27.9,110.0,109.0,2015,Brandon Jennings-2015,0.0,Not Selected,Guard,DET,0.026016260162601626
2014-15,Jonas Jerebko,jerebjo01,PF,27,TOT,75,0,1230,7.0,15.7,0.446,2.2,5.8,0.386,4.8,9.9,0.48100000000000004,2.3,2.7,0.848,3.9,7.8,11.7,2.9,1.9,0.7,1.8,5.6,18.6,114.0,105.0,2015,Jonas Jerebko-2015,0.0,Not Selected,Forward,TOT,0.03333333333333333
2014-15,Grant Jerrett,jerregr01,PF,21,TOT,8,0,51,7.1,26.3,0.26899999999999996,1.0,15.2,0.067,6.1,11.1,0.545,1.0,1.0,1.0,2.0,7.1,9.1,3.0,2.0,2.0,3.0,11.1,16.2,69.0,103.0,2015,Grant Jerrett-2015,0.0,Not Selected,Forward,TOT,0.03333333333333333
2014-15,Amir Johnson,johnsam01,PF,27,TOR,75,72,1979,7.8,13.6,0.574,0.5,1.2,0.413,7.3,12.4,0.59,2.1,3.4,0.612,4.2,7.8,11.9,3.1,1.1,1.5,2.9,5.9,18.1,115.0,107.0,2015,Amir Johnson-2015,0.0,Not Selected,Forward,TOR,0.03983739837398374
2014-15,Chris Johnson,johnsch04,SF,24,TOT,29,2,526,6.1,15.1,0.40299999999999997,2.7,9.3,0.295,3.3,5.8,0.5760000000000001,1.4,1.6,0.875,0.8,4.6,5.4,1.5,2.5,0.7,1.5,4.3,16.3,102.0,105.0,2015,Chris Johnson-2015,0.0,Not Selected,Forward,TOT,0.03333333333333333
2014-15,James Johnson,johnsja01,PF,27,TOR,70,17,1370,9.0,15.2,0.589,0.4,1.9,0.21600000000000003,8.6,13.3,0.643,2.5,3.8,0.657,2.3,7.4,9.7,3.6,2.0,2.6,3.0,5.9,20.9,114.0,104.0,2015,James Johnson-2015,0.0,Not Selected,Forward,TOR,0.03983739837398374
2014-15,Joe Johnson,johnsjo02,SG,33,BRK,80,80,2791,8.3,19.0,0.435,2.2,6.3,0.359,6.0,12.8,0.47200000000000003,2.6,3.3,0.8009999999999999,1.0,6.1,7.1,5.4,1.1,0.3,2.5,2.2,21.4,105.0,110.0,2015,Joe Johnson-2015,0.0,Not Selected,Guard,BRK,0.030894308943089432
2014-15,Nick Johnson,johnsni01,SG,22,HOU,28,0,262,4.9,14.2,0.34700000000000003,0.9,4.0,0.23800000000000002,4.0,10.2,0.389,3.2,4.7,0.68,2.5,4.9,7.4,2.1,1.3,0.6,3.6,6.5,14.0,84.0,106.0,2015,Nick Johnson-2015,0.0,Not Selected,Guard,HOU,0.04552845528455285
2014-15,Tyler Johnson,johnsty01,SG,22,MIA,32,2,603,6.1,14.6,0.419,1.6,4.2,0.375,4.6,10.4,0.43700000000000006,2.8,4.1,0.6809999999999999,1.2,5.9,7.1,3.7,2.9,0.8,2.6,3.7,16.6,99.0,105.0,2015,Tyler Johnson-2015,0.0,Not Selected,Guard,MIA,0.03008130081300813
2014-15,Wesley Johnson,johnswe01,SF,27,LAL,76,59,2245,6.5,15.7,0.414,2.1,5.9,0.35100000000000003,4.4,9.8,0.451,2.0,2.5,0.804,1.5,5.7,7.3,2.8,1.3,1.0,2.0,3.7,17.1,102.0,112.0,2015,Wesley Johnson-2015,0.0,Not Selected,Forward,LAL,0.01707317073170732
2014-15,Dahntay Jones,jonesda02,SF,34,LAC,33,0,123,2.5,8.7,0.28600000000000003,0.0,1.6,0.0,2.5,7.0,0.353,3.7,4.5,0.818,0.4,4.1,4.5,0.8,1.2,0.0,0.4,9.5,8.7,91.0,109.0,2015,Dahntay Jones-2015,0.0,Not Selected,Forward,LAC,0.04552845528455285
2014-15,James Jones,jonesja02,SF,34,CLE,57,2,669,5.7,15.6,0.368,4.9,13.6,0.36,0.9,2.0,0.423,3.0,3.6,0.848,0.7,4.1,4.8,1.9,1.0,0.6,1.0,5.2,19.4,117.0,110.0,2015,James Jones-2015,0.0,Not Selected,Forward,CLE,0.043089430894308944
2014-15,Perry Jones,jonespe01,SF,23,OKC,43,13,631,5.8,14.6,0.397,1.1,4.8,0.233,4.7,9.9,0.47600000000000003,1.9,2.9,0.649,0.5,5.6,6.0,1.4,1.4,0.6,1.9,4.0,14.6,92.0,108.0,2015,Perry Jones-2015,0.0,Not Selected,Forward,OKC,0.036585365853658534
2014-15,Terrence Jones,joneste01,PF,23,HOU,33,24,889,8.8,16.7,0.528,0.7,2.1,0.35100000000000003,8.1,14.7,0.5529999999999999,3.2,5.3,0.606,4.4,7.9,12.3,2.0,1.0,3.3,2.1,4.4,21.6,114.0,102.0,2015,Terrence Jones-2015,0.0,Not Selected,Forward,HOU,0.04552845528455285
2014-15,DeAndre Jordan,jordade01,C,26,LAC,82,82,2820,6.8,9.6,0.71,0.0,0.1,0.25,6.8,9.5,0.713,3.4,8.5,0.397,7.1,14.9,22.0,1.1,1.5,3.3,2.0,4.4,17.0,126.0,98.0,2015,DeAndre Jordan-2015,3.0,3rd,Center,LAC,0.04552845528455285
2014-15,Jerome Jordan,jordaje01,C,28,BRK,44,0,383,6.8,12.7,0.532,0.0,0.0,0.0,6.8,12.7,0.532,5.1,5.9,0.8640000000000001,7.0,7.2,14.2,1.8,1.1,2.0,3.0,7.8,18.7,119.0,107.0,2015,Jerome Jordan-2015,0.0,Not Selected,Center,BRK,0.030894308943089432
2014-15,Cory Joseph,josepco01,PG,23,SAS,79,14,1444,7.3,14.6,0.504,0.6,1.6,0.364,6.8,13.0,0.52,3.7,5.1,0.7340000000000001,1.6,5.2,6.8,6.7,1.6,0.6,2.4,3.7,19.0,115.0,104.0,2015,Cory Joseph-2015,0.0,Not Selected,Guard,SAS,0.044715447154471545
2014-15,Chris Kaman,kamanch01,C,32,POR,74,13,1398,10.3,20.0,0.515,0.0,0.0,0.0,10.3,20.0,0.515,2.6,3.7,0.706,5.4,12.2,17.6,2.4,0.7,2.0,3.9,5.1,23.3,103.0,101.0,2015,Chris Kaman-2015,0.0,Not Selected,Center,POR,0.041463414634146344
2014-15,Enes Kanter,kanteen01,C,22,TOT,75,74,2135,11.7,22.6,0.519,0.4,1.1,0.35600000000000004,11.3,21.5,0.528,4.5,5.7,0.782,6.7,9.6,16.3,1.3,0.9,0.7,3.5,4.6,28.3,111.0,106.0,2015,Enes Kanter-2015,0.0,Not Selected,Center,TOT,0.03333333333333333
2014-15,Sergey Karasev,karasse01,SG,21,BRK,33,16,555,5.0,12.5,0.40299999999999997,1.5,5.0,0.29600000000000004,3.5,7.5,0.475,2.7,3.5,0.763,2.1,4.1,6.2,4.3,2.1,0.1,2.2,4.2,14.3,104.0,109.0,2015,Sergey Karasev-2015,0.0,Not Selected,Guard,BRK,0.030894308943089432
2014-15,Ryan Kelly,kellyry01,PF,23,LAL,52,34,1233,4.3,12.8,0.337,1.9,5.5,0.336,2.4,7.2,0.337,3.3,3.9,0.8320000000000001,0.5,5.5,6.0,3.8,1.2,1.0,1.5,4.9,13.8,101.0,112.0,2015,Ryan Kelly-2015,0.0,Not Selected,Forward,LAL,0.01707317073170732
2014-15,Michael Kidd-Gilchrist,kiddgmi01,SF,21,CHO,55,52,1587,7.3,15.7,0.465,0.0,0.0,0.0,7.3,15.7,0.465,4.9,7.0,0.701,3.5,10.0,13.5,2.5,1.0,1.2,2.0,3.7,19.5,106.0,103.0,2015,Michael Kidd-Gilchrist-2015,0.0,Not Selected,Forward,CHO,0.026829268292682926
2014-15,Sean Kilpatrick,kilpase01,SG,25,MIN,4,0,72,4.9,14.1,0.35,2.8,9.2,0.308,2.1,4.9,0.429,2.8,2.8,1.0,0.7,3.5,4.2,2.8,2.1,0.0,1.4,2.1,15.5,105.0,114.0,2015,Sean Kilpatrick-2015,0.0,Not Selected,Guard,MIN,0.013008130081300813
2014-15,Andrei Kirilenko,kirilan01,SF,33,BRK,7,0,36,0.0,7.2,0.0,0.0,0.0,0.0,0.0,7.2,0.0,4.3,5.8,0.75,2.9,8.6,11.5,1.4,1.4,0.0,1.4,1.4,4.3,65.0,108.0,2015,Andrei Kirilenko-2015,0.0,Not Selected,Forward,BRK,0.030894308943089432
2014-15,Alex Kirk,kirkal01,C,23,CLE,5,0,14,3.7,14.9,0.25,0.0,0.0,0.0,3.7,14.9,0.25,7.4,7.4,1.0,3.7,0.0,3.7,3.7,0.0,0.0,0.0,3.7,14.9,112.0,115.0,2015,Alex Kirk-2015,0.0,Not Selected,Center,CLE,0.043089430894308944
2014-15,Brandon Knight,knighbr03,PG-SG,23,TOT,63,61,2035,9.4,22.2,0.42200000000000004,3.1,8.0,0.389,6.2,14.2,0.441,4.9,5.6,0.8740000000000001,0.7,5.4,6.1,8.2,2.2,0.2,4.7,2.8,26.7,103.0,104.0,2015,Brandon Knight-2015,0.0,Not Selected,Guard,TOT,0.03333333333333333
2014-15,Kyle Korver,korveky01,SG,33,ATL,75,75,2418,6.2,12.7,0.48700000000000004,4.7,9.5,0.49200000000000005,1.5,3.2,0.47,2.2,2.5,0.898,0.3,6.1,6.4,4.1,1.1,0.9,2.3,3.0,19.3,122.0,106.0,2015,Kyle Korver-2015,0.0,Not Selected,Guard,ATL,0.04878048780487805
2014-15,Kosta Koufos,koufoko01,C,25,MEM,81,3,1348,7.0,13.9,0.508,0.0,0.0,0.0,7.0,13.9,0.508,2.1,3.3,0.647,4.7,11.8,16.5,1.4,1.1,2.4,2.7,5.7,16.2,103.0,99.0,2015,Kosta Koufos-2015,0.0,Not Selected,Center,MEM,0.044715447154471545
2014-15,Ognjen Kuzmić,kuzmiog01,C,24,GSW,16,0,72,5.4,8.1,0.667,0.0,0.0,0.0,5.4,8.1,0.667,2.7,2.7,1.0,4.7,6.8,11.5,4.1,1.4,0.7,3.4,8.8,13.6,125.0,103.0,2015,Ognjen Kuzmić-2015,0.0,Not Selected,Center,GSW,0.05447154471544716
2014-15,Jeremy Lamb,lambje01,SG,22,OKC,47,8,633,8.2,19.8,0.41600000000000004,3.0,8.8,0.342,5.2,11.0,0.475,3.9,4.4,0.8909999999999999,0.6,7.8,8.5,3.5,1.7,0.5,2.1,4.1,23.4,110.0,106.0,2015,Jeremy Lamb-2015,0.0,Not Selected,Guard,OKC,0.036585365853658534
2014-15,Carl Landry,landrca01,PF,31,SAC,70,15,1192,8.0,15.6,0.515,0.0,0.0,0.0,8.0,15.6,0.515,5.2,6.3,0.82,4.2,7.1,11.3,1.1,0.6,0.7,2.3,5.6,21.2,115.0,111.0,2015,Carl Landry-2015,0.0,Not Selected,Forward,SAC,0.023577235772357725
2014-15,Shane Larkin,larkish01,PG,22,NYK,76,22,1865,5.3,12.2,0.433,1.0,3.3,0.302,4.3,8.9,0.48100000000000004,1.7,2.2,0.782,0.8,4.1,5.0,6.4,2.6,0.3,2.3,4.2,13.3,102.0,110.0,2015,Shane Larkin-2015,0.0,Not Selected,Guard,NYK,0.013821138211382113
2014-15,Joffrey Lauvergne,lauvejo01,C,23,DEN,24,1,268,6.7,16.6,0.40399999999999997,0.6,3.0,0.188,6.1,13.6,0.452,3.4,5.2,0.643,5.0,9.3,14.3,2.4,1.5,1.9,4.1,8.0,17.3,91.0,106.0,2015,Joffrey Lauvergne-2015,0.0,Not Selected,Center,DEN,0.024390243902439025
2014-15,Zach LaVine,lavinza01,PG,19,MIN,77,40,1902,7.6,18.1,0.42200000000000004,1.5,4.5,0.341,6.1,13.6,0.449,4.0,4.7,0.8420000000000001,0.7,5.0,5.7,7.4,1.4,0.3,5.2,4.2,20.8,95.0,114.0,2015,Zach LaVine-2015,0.0,Not Selected,Guard,MIN,0.013008130081300813
2014-15,Ty Lawson,lawsoty01,PG,27,DEN,75,75,2665,7.6,17.4,0.436,1.3,3.8,0.341,6.3,13.5,0.46299999999999997,5.0,6.8,0.73,0.8,3.6,4.4,13.5,1.7,0.2,3.5,2.4,21.4,113.0,111.0,2015,Ty Lawson-2015,0.0,Not Selected,Guard,DEN,0.024390243902439025
2014-15,Ricky Ledo,ledori01,SG,22,TOT,17,0,244,6.9,20.7,0.33299999999999996,2.2,5.8,0.37,4.7,14.9,0.319,3.4,4.7,0.727,3.4,4.3,7.8,4.1,1.3,0.2,5.6,4.5,19.4,81.0,113.0,2015,Ricky Ledo-2015,0.0,Not Selected,Guard,TOT,0.03333333333333333
2014-15,Courtney Lee,leeco01,SG,29,MEM,77,74,2354,6.4,14.3,0.44799999999999995,2.0,5.0,0.402,4.4,9.3,0.473,2.5,2.9,0.86,0.5,3.5,3.9,3.3,1.7,0.3,1.7,2.9,17.2,109.0,106.0,2015,Courtney Lee-2015,0.0,Not Selected,Guard,MEM,0.044715447154471545
2014-15,David Lee,leeda02,PF,31,GSW,49,4,904,8.6,16.9,0.511,0.0,0.1,0.0,8.6,16.8,0.514,3.7,5.6,0.654,4.4,9.5,13.9,4.6,1.7,1.4,2.6,4.5,21.0,112.0,100.0,2015,David Lee-2015,0.0,Not Selected,Forward,GSW,0.05447154471544716
2014-15,Malcolm Lee,leema01,SG,24,PHI,1,0,2,0.0,25.1,0.0,0.0,0.0,0.0,0.0,25.1,0.0,0.0,0.0,0.0,0.0,0.0,0.0,0.0,0.0,0.0,0.0,0.0,0.0,0.0,115.0,2015,Malcolm Lee-2015,0.0,Not Selected,Guard,PHI,0.014634146341463415
2014-15,Alex Len,lenal01,C,21,PHO,69,44,1518,5.9,11.6,0.507,0.0,0.1,0.33299999999999996,5.8,11.5,0.509,2.4,3.4,0.7020000000000001,4.7,10.2,14.9,1.1,1.1,3.4,2.4,7.0,14.2,107.0,103.0,2015,Alex Len-2015,0.0,Not Selected,Center,PHO,0.03170731707317073
2014-15,Kawhi Leonard,leonaka01,SF,23,SAS,64,64,2033,9.9,20.7,0.479,1.7,4.8,0.349,8.2,15.9,0.519,5.1,6.3,0.802,2.1,9.5,11.6,4.1,3.7,1.2,2.4,3.2,26.6,113.0,96.0,2015,Kawhi Leonard-2015,0.0,Not Selected,Forward,SAS,0.044715447154471545
2014-15,Meyers Leonard,leoname01,C,22,POR,55,7,847,7.5,14.7,0.51,2.8,6.7,0.42,4.7,8.0,0.586,1.8,1.9,0.938,2.8,12.3,15.0,1.9,0.6,0.8,2.3,6.8,19.7,117.0,102.0,2015,Meyers Leonard-2015,0.0,Not Selected,Center,POR,0.041463414634146344
2014-15,Jon Leuer,leuerjo01,PF,25,MEM,63,6,824,7.7,17.3,0.44299999999999995,0.4,1.8,0.24100000000000002,7.2,15.5,0.467,2.3,3.7,0.627,3.2,9.9,13.1,2.9,1.1,0.6,2.2,5.4,18.1,99.0,102.0,2015,Jon Leuer-2015,0.0,Not Selected,Forward,MEM,0.044715447154471545
2014-15,Damian Lillard,lillada01,PG,24,POR,82,82,2925,10.3,23.7,0.434,3.4,10.0,0.34299999999999997,6.9,13.7,0.5,6.0,6.9,0.8640000000000001,0.9,5.7,6.6,8.8,1.7,0.4,3.9,2.9,30.0,112.0,105.0,2015,Damian Lillard-2015,0.0,Not Selected,Guard,POR,0.041463414634146344
2014-15,Jeremy Lin,linje01,PG,26,LAL,74,30,1907,7.4,17.5,0.424,1.7,4.7,0.369,5.7,12.8,0.444,5.7,7.2,0.795,0.7,4.6,5.2,9.1,2.2,0.9,4.4,5.1,22.3,104.0,110.0,2015,Jeremy Lin-2015,0.0,Not Selected,Guard,LAL,0.01707317073170732
2014-15,Shaun Livingston,livinsh01,PG,29,GSW,78,2,1468,6.6,13.2,0.5,0.0,0.1,0.0,6.6,13.1,0.503,2.2,3.0,0.7140000000000001,1.4,4.7,6.1,8.6,1.6,0.7,3.4,3.7,15.3,107.0,104.0,2015,Shaun Livingston-2015,0.0,Not Selected,Guard,GSW,0.05447154471544716
2014-15,Brook Lopez,lopezbr01,C,26,BRK,72,44,2100,12.5,24.3,0.513,0.0,0.2,0.1,12.4,24.1,0.517,5.5,6.8,0.8140000000000001,5.3,7.9,13.2,1.2,1.1,3.1,2.6,5.1,30.5,112.0,105.0,2015,Brook Lopez-2015,0.0,Not Selected,Center,BRK,0.030894308943089432
2014-15,Robin Lopez,lopezro01,C,26,POR,59,59,1638,7.3,13.6,0.535,0.0,0.0,0.0,7.3,13.6,0.537,3.0,4.0,0.772,5.9,6.3,12.3,1.7,0.5,2.6,2.3,3.8,17.6,117.0,104.0,2015,Robin Lopez-2015,0.0,Not Selected,Center,POR,0.041463414634146344
2014-15,Kevin Love,loveke01,PF,26,CLE,75,75,2532,8.5,19.5,0.434,3.0,8.0,0.36700000000000005,5.5,11.5,0.48,5.3,6.6,0.804,2.9,12.1,15.0,3.4,1.0,0.8,2.5,2.9,25.2,115.0,105.0,2015,Kevin Love-2015,0.0,Not Selected,Forward,CLE,0.043089430894308944
2014-15,Kyle Lowry,lowryky01,PG,28,TOR,70,70,2414,9.2,22.3,0.41200000000000003,2.8,8.4,0.33799999999999997,6.4,14.0,0.457,5.4,6.7,0.8079999999999999,1.2,5.9,7.0,10.1,2.3,0.3,3.7,4.5,26.6,110.0,107.0,2015,Kyle Lowry-2015,0.0,Not Selected,Guard,TOR,0.03983739837398374
2014-15,Kalin Lucas,lucaska01,PG,25,MEM,1,0,6,0.0,8.7,0.0,0.0,0.0,0.0,0.0,8.7,0.0,0.0,0.0,0.0,0.0,0.0,0.0,0.0,8.7,0.0,0.0,8.7,0.0,0.0,93.0,2015,Kalin Lucas-2015,0.0,Not Selected,Guard,MEM,0.044715447154471545
2014-15,John Lucas III,lucasjo02,PG,32,DET,21,0,272,8.0,19.8,0.40399999999999997,1.7,5.5,0.31,6.3,14.3,0.44,1.0,1.0,1.0,0.8,2.3,3.0,11.4,1.5,0.0,3.0,3.4,18.6,103.0,111.0,2015,John Lucas III-2015,0.0,Not Selected,Guard,DET,0.026016260162601626
2014-15,Shelvin Mack,macksh01,PG,24,ATL,55,0,833,7.2,17.9,0.401,2.5,7.8,0.315,4.7,10.1,0.467,1.5,1.9,0.8059999999999999,0.5,4.4,4.8,9.5,1.8,0.1,3.0,2.0,18.3,102.0,106.0,2015,Shelvin Mack-2015,0.0,Not Selected,Guard,ATL,0.04878048780487805
2014-15,Ian Mahinmi,mahinia01,C,28,IND,61,6,1146,5.3,9.5,0.552,0.0,0.0,0.0,5.3,9.5,0.552,1.4,4.6,0.304,4.7,11.3,16.0,1.5,1.3,2.1,2.7,7.7,11.9,98.0,100.0,2015,Ian Mahinmi-2015,0.0,Not Selected,Center,IND,0.030894308943089432
2014-15,Devyn Marble,marblde01,SG,22,ORL,16,7,208,3.4,10.8,0.318,1.0,5.4,0.182,2.5,5.4,0.455,1.2,3.9,0.313,1.2,6.4,7.6,4.2,2.2,0.5,2.2,3.4,9.1,79.0,107.0,2015,Devyn Marble-2015,0.0,Not Selected,Guard,ORL,0.02032520325203252
2014-15,Shawn Marion,mariosh01,SF,36,CLE,57,24,1101,5.6,12.6,0.446,0.6,2.2,0.261,5.1,10.4,0.484,1.2,1.6,0.765,3.0,6.5,9.5,2.4,1.3,1.3,1.6,2.7,13.0,106.0,107.0,2015,Shawn Marion-2015,0.0,Not Selected,Forward,CLE,0.043089430894308944
2014-15,Kendall Marshall,marshke01,PG,23,MIL,28,3,417,5.6,12.4,0.455,2.2,5.6,0.391,3.4,6.7,0.509,1.0,1.1,0.889,0.2,3.2,3.4,10.5,2.6,0.0,4.3,3.2,14.4,104.0,105.0,2015,Kendall Marshall-2015,0.0,Not Selected,Guard,MIL,0.03333333333333333
2014-15,Cartier Martin,martica01,SF,30,DET,23,0,198,3.9,13.8,0.28300000000000003,1.6,8.6,0.182,2.4,5.2,0.45,0.0,0.0,0.0,0.0,5.2,5.2,2.9,0.8,0.3,1.3,5.2,9.4,76.0,110.0,2015,Cartier Martin-2015,0.0,Not Selected,Forward,DET,0.026016260162601626
2014-15,Kenyon Martin,martike01,PF,37,MIL,11,0,104,4.4,10.8,0.409,0.0,0.0,0.0,4.4,10.8,0.409,1.0,1.0,1.0,2.9,6.4,9.3,2.5,2.5,2.9,1.5,6.4,9.8,97.0,99.0,2015,Kenyon Martin-2015,0.0,Not Selected,Forward,MIL,0.03333333333333333
2014-15,Kevin Martin,martike02,SG,31,MIN,39,36,1302,10.4,24.4,0.42700000000000005,2.9,7.5,0.39299999999999996,7.5,16.9,0.442,6.6,7.5,0.8809999999999999,0.7,4.8,5.5,3.5,1.3,0.0,3.0,3.0,30.4,107.0,115.0,2015,Kevin Martin-2015,0.0,Not Selected,Guard,MIN,0.013008130081300813
2014-15,Wesley Matthews,matthwe02,SG,28,POR,60,60,2024,8.5,18.9,0.44799999999999995,4.4,11.2,0.389,4.1,7.7,0.534,2.7,3.7,0.752,1.0,4.6,5.6,3.5,1.9,0.3,2.0,3.3,24.1,114.0,105.0,2015,Wesley Matthews-2015,0.0,Not Selected,Guard,POR,0.041463414634146344
2014-15,Jason Maxiell,maxieja01,PF,31,CHO,61,0,878,4.8,11.3,0.42200000000000004,0.0,0.0,0.0,4.8,11.3,0.42200000000000004,2.4,4.2,0.5770000000000001,5.1,6.9,11.9,1.1,1.1,2.6,1.7,5.6,11.9,99.0,103.0,2015,Jason Maxiell-2015,0.0,Not Selected,Forward,CHO,0.026829268292682926
2014-15,O.J. Mayo,mayooj01,SG,27,MIL,71,15,1697,8.9,21.1,0.42200000000000004,3.0,8.3,0.35700000000000004,5.9,12.7,0.465,3.5,4.2,0.8270000000000001,0.9,4.7,5.6,5.9,1.7,0.5,3.8,5.0,24.2,101.0,105.0,2015,O.J. Mayo-2015,0.0,Not Selected,Guard,MIL,0.03333333333333333
2014-15,Luc Mbah a Moute,mbahalu01,PF,28,PHI,67,61,1916,6.6,16.6,0.395,1.6,5.3,0.307,4.9,11.4,0.435,2.5,4.3,0.589,2.1,6.4,8.6,2.8,2.1,0.5,2.6,2.7,17.3,93.0,106.0,2015,Luc Mbah a Moute-2015,0.0,Not Selected,Forward,PHI,0.014634146341463415
2014-15,James Michael McAdoo,mcadoja01,PF,22,GSW,15,0,137,8.6,15.7,0.545,0.0,0.0,0.0,8.6,15.7,0.545,5.0,8.9,0.56,5.3,7.8,13.2,0.7,1.8,3.2,2.1,7.5,22.1,113.0,99.0,2015,James Michael McAdoo-2015,0.0,Not Selected,Forward,GSW,0.05447154471544716
2014-15,Ray McCallum,mccalra01,PG,23,SAC,68,30,1436,7.2,16.5,0.43799999999999994,1.2,3.9,0.306,6.0,12.6,0.479,2.0,2.9,0.679,1.8,4.5,6.3,6.6,1.6,0.4,3.0,3.2,17.6,102.0,111.0,2015,Ray McCallum-2015,0.0,Not Selected,Guard,SAC,0.023577235772357725
2014-15,CJ McCollum,mccolcj01,SG,23,POR,62,3,973,8.3,19.1,0.436,2.9,7.3,0.396,5.4,11.8,0.46,2.7,3.8,0.6990000000000001,0.7,4.0,4.8,3.4,2.3,0.4,2.5,4.2,22.2,103.0,105.0,2015,CJ McCollum-2015,0.0,Not Selected,Guard,POR,0.041463414634146344
2014-15,K.J. McDaniels,mcdankj01,SG,21,TOT,62,15,1352,6.4,16.1,0.396,1.6,5.6,0.287,4.8,10.5,0.45399999999999996,3.7,4.9,0.752,2.4,5.0,7.4,2.7,1.6,2.6,3.9,4.7,18.1,92.0,105.0,2015,K.J. McDaniels-2015,0.0,Not Selected,Guard,TOT,0.03333333333333333
2014-15,Doug McDermott,mcderdo01,SF,23,CHI,36,0,321,6.9,17.2,0.402,2.1,6.6,0.317,4.8,10.6,0.455,1.6,2.4,0.667,1.0,6.0,6.9,1.0,0.6,0.2,2.7,4.7,17.6,89.0,108.0,2015,Doug McDermott-2015,0.0,Not Selected,Forward,CHI,0.04065040650406504
2014-15,Mitch McGary,mcgarmi01,PF,22,OKC,32,2,485,9.1,17.1,0.5329999999999999,0.0,0.2,0.0,9.1,16.9,0.54,2.6,4.1,0.625,5.5,11.6,17.1,1.4,1.7,1.7,3.2,7.4,20.8,107.0,102.0,2015,Mitch McGary-2015,0.0,Not Selected,Forward,OKC,0.036585365853658534
2014-15,JaVale McGee,mcgeeja01,C,27,TOT,23,0,256,8.2,15.4,0.532,0.0,0.0,0.0,8.2,15.4,0.532,4.3,6.4,0.667,3.5,8.4,11.9,0.6,0.4,3.9,3.5,5.9,20.7,101.0,106.0,2015,JaVale McGee-2015,0.0,Not Selected,Center,TOT,0.03333333333333333
2014-15,Ben McLemore,mclembe01,SG,21,SAC,82,82,2670,6.8,15.7,0.43700000000000006,2.6,7.4,0.358,4.2,8.3,0.507,2.5,3.0,0.813,0.6,4.0,4.5,2.6,1.5,0.4,2.6,4.1,18.8,104.0,112.0,2015,Ben McLemore-2015,0.0,Not Selected,Guard,SAC,0.023577235772357725
2014-15,Jerel McNeal,mcneaje01,PG,27,PHO,6,0,36,4.2,15.2,0.273,1.4,2.8,0.5,2.8,12.5,0.222,2.8,2.8,1.0,0.0,4.2,4.2,2.8,4.2,1.4,6.9,6.9,12.5,61.0,102.0,2015,Jerel McNeal-2015,0.0,Not Selected,Guard,PHO,0.03170731707317073
2014-15,Josh McRoberts,mcrobjo01,PF,27,MIA,17,4,296,5.0,9.5,0.528,1.4,3.4,0.42100000000000004,3.6,6.1,0.588,1.4,2.3,0.615,1.2,6.8,8.0,5.9,2.1,0.5,3.9,7.3,12.8,103.0,106.0,2015,Josh McRoberts-2015,0.0,Not Selected,Forward,MIA,0.03008130081300813
2014-15,Jodie Meeks,meeksjo01,SG,27,DET,60,0,1462,7.9,18.9,0.41600000000000004,2.6,7.5,0.349,5.2,11.4,0.46,5.1,5.7,0.9059999999999999,0.4,3.3,3.7,2.8,2.1,0.2,2.0,2.7,23.5,110.0,109.0,2015,Jodie Meeks-2015,0.0,Not Selected,Guard,DET,0.026016260162601626
2014-15,Gal Mekel,mekelga01,PG,26,NOP,4,0,43,3.7,24.4,0.15,0.0,3.7,0.0,3.7,20.8,0.17600000000000002,0.0,0.0,0.0,0.0,1.2,1.2,15.9,2.4,0.0,2.4,1.2,7.3,61.0,111.0,2015,Gal Mekel-2015,0.0,Not Selected,Guard,NOP,0.036585365853658534
2014-15,Khris Middleton,middlkh01,SF,23,MIL,79,58,2378,8.7,18.6,0.467,2.3,5.7,0.40700000000000003,6.4,12.9,0.494,2.9,3.3,0.8590000000000001,1.0,6.4,7.4,3.9,2.6,0.2,2.4,3.9,22.6,109.0,102.0,2015,Khris Middleton-2015,0.0,Not Selected,Forward,MIL,0.03333333333333333
2014-15,C.J. Miles,milescj01,SG,27,IND,70,40,1841,9.2,23.1,0.39799999999999996,4.3,12.5,0.345,4.9,10.7,0.45899999999999996,3.6,4.5,0.807,0.5,5.5,6.0,2.1,1.7,0.7,2.0,3.7,26.4,103.0,104.0,2015,C.J. Miles-2015,0.0,Not Selected,Guard,IND,0.030894308943089432
2014-15,Andre Miller,millean02,PG,38,TOT,81,0,1253,5.9,11.8,0.5,0.3,1.4,0.20600000000000002,5.6,10.4,0.539,2.4,3.1,0.753,1.5,4.7,6.2,11.5,1.3,0.2,4.2,4.2,14.4,107.0,109.0,2015,Andre Miller-2015,0.0,Not Selected,Guard,TOT,0.03333333333333333
2014-15,Darius Miller,milleda01,SF,24,NOP,5,1,43,1.2,8.6,0.14300000000000002,0.0,1.2,0.0,1.2,7.3,0.16699999999999998,0.0,0.0,0.0,0.0,1.2,1.2,2.4,1.2,0.0,1.2,9.8,2.4,42.0,113.0,2015,Darius Miller-2015,0.0,Not Selected,Forward,NOP,0.036585365853658534
2014-15,Mike Miller,millemi01,SF,34,CLE,52,15,701,2.7,8.5,0.325,2.4,7.3,0.327,0.4,1.2,0.313,0.2,0.3,0.75,0.3,6.5,6.7,3.4,1.0,0.3,1.7,5.5,8.1,96.0,109.0,2015,Mike Miller-2015,0.0,Not Selected,Forward,CLE,0.043089430894308944
2014-15,Quincy Miller,millequ01,PF,22,TOT,10,0,119,3.9,16.3,0.237,1.3,7.7,0.16699999999999998,2.6,8.6,0.3,3.4,4.7,0.727,1.7,6.9,8.6,3.4,3.0,2.1,2.1,3.9,12.4,79.0,103.0,2015,Quincy Miller-2015,0.0,Not Selected,Forward,TOT,0.03333333333333333
2014-15,Patty Mills,millspa02,PG,26,SAS,51,0,801,8.2,21.5,0.381,4.0,11.6,0.341,4.2,9.8,0.429,2.1,2.6,0.825,1.3,3.5,4.8,5.6,1.8,0.1,2.2,3.7,22.4,103.0,105.0,2015,Patty Mills-2015,0.0,Not Selected,Guard,SAS,0.044715447154471545
2014-15,Elijah Millsap,millsel01,SG,27,UTA,47,5,924,4.7,13.7,0.34,1.6,5.2,0.311,3.0,8.5,0.358,3.3,4.9,0.674,1.6,7.0,8.6,3.3,3.2,0.9,3.9,7.1,14.3,87.0,102.0,2015,Elijah Millsap-2015,0.0,Not Selected,Guard,UTA,0.030894308943089432
2014-15,Paul Millsap,millspa01,PF,29,ATL,73,73,2390,9.5,19.9,0.47600000000000003,1.6,4.6,0.35600000000000004,7.8,15.3,0.513,5.5,7.2,0.757,3.0,9.2,12.2,4.8,2.8,1.5,3.5,4.3,26.0,109.0,99.0,2015,Paul Millsap-2015,0.0,Not Selected,Forward,ATL,0.04878048780487805
2014-15,Nikola Mirotić,mirotni01,PF,23,CHI,82,3,1654,7.9,19.5,0.405,3.1,9.8,0.316,4.8,9.7,0.495,7.1,8.9,0.8029999999999999,2.0,10.7,12.6,3.0,1.7,1.7,2.8,5.4,26.1,111.0,101.0,2015,Nikola Mirotić-2015,0.0,Not Selected,Forward,CHI,0.04065040650406504
2014-15,Nazr Mohammed,mohamna01,C,37,CHI,23,0,128,5.3,12.1,0.433,0.0,0.0,0.0,5.3,12.1,0.433,0.4,1.2,0.33299999999999996,4.4,10.9,15.4,1.2,1.6,2.0,2.8,6.5,10.9,87.0,101.0,2015,Nazr Mohammed-2015,0.0,Not Selected,Center,CHI,0.04065040650406504
2014-15,Greg Monroe,monrogr01,PF,24,DET,69,57,2137,10.2,20.6,0.496,0.0,0.0,0.0,10.2,20.6,0.496,6.1,8.1,0.75,5.5,11.5,17.0,3.4,1.9,0.8,3.6,3.6,26.6,110.0,103.0,2015,Greg Monroe-2015,0.0,Not Selected,Forward,DET,0.026016260162601626
2014-15,E'Twaun Moore,mooreet01,SG,25,CHI,56,0,504,6.4,14.3,0.446,1.3,3.9,0.342,5.0,10.4,0.485,1.2,2.1,0.6,1.2,3.5,4.7,3.4,2.1,0.6,1.4,4.6,15.3,105.0,106.0,2015,E'Twaun Moore-2015,0.0,Not Selected,Guard,CHI,0.04065040650406504
2014-15,Eric Moreland,moreler01,PF,23,SAC,3,0,2,25.2,25.2,1.0,0.0,0.0,0.0,25.2,25.2,1.0,0.0,0.0,0.0,0.0,25.2,25.2,0.0,0.0,0.0,0.0,25.2,50.3,200.0,101.0,2015,Eric Moreland-2015,0.0,Not Selected,Forward,SAC,0.023577235772357725
2014-15,Darius Morris,morrida01,PG,24,BRK,38,0,299,6.2,18.4,0.34,1.2,5.7,0.212,5.0,12.6,0.397,0.7,1.6,0.444,1.2,3.5,4.7,8.3,1.6,0.0,3.6,3.5,14.4,83.0,111.0,2015,Darius Morris-2015,0.0,Not Selected,Guard,BRK,0.030894308943089432
2014-15,Marcus Morris,morrima03,PF,25,PHO,81,35,2045,8.1,18.6,0.434,2.7,7.6,0.358,5.3,11.0,0.48700000000000004,1.7,2.8,0.628,1.8,7.6,9.4,3.2,1.5,0.4,1.8,4.6,20.6,107.0,107.0,2015,Marcus Morris-2015,0.0,Not Selected,Forward,PHO,0.03170731707317073
2014-15,Markieff Morris,morrima02,PF,25,PHO,82,82,2581,9.9,21.2,0.465,1.1,3.5,0.318,8.8,17.8,0.494,3.4,4.5,0.763,2.1,7.6,9.8,3.7,2.0,0.8,3.3,4.7,24.3,102.0,105.0,2015,Markieff Morris-2015,0.0,Not Selected,Forward,PHO,0.03170731707317073
2014-15,Anthony Morrow,morroan01,SG,29,OKC,74,0,1806,7.9,17.1,0.46299999999999997,3.9,9.0,0.434,4.0,8.1,0.49700000000000005,2.2,2.5,0.888,1.1,4.3,5.4,1.7,1.5,0.3,1.1,3.7,21.9,124.0,108.0,2015,Anthony Morrow-2015,0.0,Not Selected,Guard,OKC,0.036585365853658534
2014-15,Donatas Motiejūnas,motiedo01,PF,24,HOU,71,62,2037,8.6,17.1,0.504,1.2,3.2,0.368,7.4,13.8,0.536,2.4,4.1,0.602,3.3,6.9,10.3,3.2,1.4,0.8,3.0,5.0,20.9,107.0,105.0,2015,Donatas Motiejūnas-2015,0.0,Not Selected,Forward,HOU,0.04552845528455285
2014-15,Timofey Mozgov,mozgoti01,C,28,TOT,81,80,2045,7.8,14.1,0.555,0.0,0.1,0.33299999999999996,7.8,14.0,0.557,3.9,5.4,0.718,5.1,9.7,14.8,1.4,0.8,2.4,2.9,5.7,19.6,113.0,105.0,2015,Timofey Mozgov-2015,0.0,Not Selected,Center,TOT,0.03333333333333333
2014-15,Shabazz Muhammad,muhamsh01,SG,22,MIN,38,13,866,11.4,23.3,0.489,1.2,3.0,0.392,10.2,20.3,0.503,6.1,8.5,0.7170000000000001,3.7,5.3,9.0,2.6,1.1,0.4,2.1,2.9,30.1,113.0,115.0,2015,Shabazz Muhammad-2015,0.0,Not Selected,Guard,MIN,0.013008130081300813
2014-15,Toure' Murry,murryto01,SG-PG,25,TOT,5,0,18,5.7,14.3,0.4,0.0,0.0,0.0,5.7,14.3,0.4,5.7,5.7,1.0,2.9,0.0,2.9,2.9,2.9,0.0,11.4,5.7,17.1,68.0,106.0,2015,Toure' Murry-2015,0.0,Not Selected,Guard,TOT,0.03333333333333333
2014-15,Mike Muscala,muscami01,PF,23,ATL,40,8,502,8.4,15.4,0.55,0.9,2.2,0.409,7.5,13.1,0.574,2.2,2.5,0.88,5.3,6.8,12.1,2.5,1.6,1.9,2.1,5.3,20.1,120.0,103.0,2015,Mike Muscala-2015,0.0,Not Selected,Forward,ATL,0.04878048780487805
2014-15,Shabazz Napier,napiesh01,PG,23,MIA,51,10,1012,4.5,11.9,0.382,2.2,6.2,0.364,2.3,5.7,0.4,2.3,2.9,0.7859999999999999,0.9,5.0,5.9,6.8,2.1,0.2,4.2,4.0,13.6,95.0,108.0,2015,Shabazz Napier-2015,0.0,Not Selected,Guard,MIA,0.03008130081300813
2014-15,Gary Neal,nealga01,SG,30,TOT,54,1,1193,8.1,21.7,0.374,2.2,7.1,0.305,6.0,14.6,0.40700000000000003,5.0,5.8,0.867,0.6,5.0,5.6,4.3,1.0,0.0,2.8,3.8,23.4,96.0,109.0,2015,Gary Neal-2015,0.0,Not Selected,Guard,TOT,0.03333333333333333
2014-15,Jameer Nelson,nelsoja01,PG,32,TOT,63,29,1407,7.3,18.0,0.40700000000000003,3.2,9.2,0.345,4.1,8.8,0.47200000000000003,0.9,1.3,0.667,1.2,4.0,5.2,9.0,1.7,0.2,3.9,4.8,18.6,101.0,110.0,2015,Jameer Nelson-2015,0.0,Not Selected,Guard,TOT,0.03333333333333333
2014-15,Andrew Nicholson,nichoan01,PF,25,ORL,40,3,492,8.6,19.8,0.43700000000000006,1.4,4.3,0.317,7.3,15.5,0.47,1.6,2.6,0.6,1.8,6.8,8.5,2.3,0.6,1.2,2.5,5.3,20.2,94.0,109.0,2015,Andrew Nicholson-2015,0.0,Not Selected,Forward,ORL,0.02032520325203252
2014-15,Joakim Noah,noahjo01,C,29,CHI,67,67,2049,4.8,10.8,0.445,0.0,0.1,0.0,4.8,10.7,0.447,2.7,4.4,0.603,5.5,10.8,16.3,7.9,1.2,1.9,3.1,5.1,12.2,109.0,102.0,2015,Joakim Noah-2015,0.0,Not Selected,Center,CHI,0.04065040650406504
2014-15,Nerlens Noel,noelne01,C,20,PHI,75,71,2311,6.6,14.2,0.462,0.0,0.0,0.0,6.6,14.2,0.462,3.0,5.0,0.609,4.0,9.2,13.3,2.8,2.9,3.1,3.2,4.5,16.1,96.0,99.0,2015,Nerlens Noel-2015,0.0,Not Selected,Center,PHI,0.014634146341463415
2014-15,Lucas Nogueira,noguelu01,C,22,TOR,6,0,23,4.5,18.0,0.25,0.0,0.0,0.0,4.5,18.0,0.25,4.5,9.0,0.5,4.5,20.2,24.7,2.2,4.5,0.0,4.5,13.5,13.5,69.0,93.0,2015,Lucas Nogueira-2015,0.0,Not Selected,Center,TOR,0.03983739837398374
2014-15,Steve Novak,novakst01,SF-PF,31,TOT,35,0,197,5.8,14.7,0.39299999999999996,5.0,12.6,0.396,0.8,2.1,0.375,0.0,0.5,0.0,0.5,5.3,5.8,2.9,0.0,0.5,1.3,6.0,16.5,111.0,111.0,2015,Steve Novak-2015,0.0,Not Selected,Forward,TOT,0.03333333333333333
2014-15,Dirk Nowitzki,nowitdi01,PF,36,DAL,77,77,2282,10.8,23.5,0.45899999999999996,2.3,6.1,0.38,8.5,17.4,0.486,5.6,6.4,0.882,1.0,9.1,10.1,3.2,0.9,0.7,1.8,3.5,29.5,113.0,107.0,2015,Dirk Nowitzki-2015,0.0,Not Selected,Forward,DAL,0.04065040650406504
2014-15,Jusuf Nurkić,nurkiju01,C,20,DEN,62,27,1103,7.7,17.3,0.446,0.0,0.1,0.0,7.7,17.3,0.449,3.8,6.0,0.636,5.7,11.6,17.3,2.3,2.4,3.1,3.9,9.4,19.3,96.0,101.0,2015,Jusuf Nurkić-2015,0.0,Not Selected,Center,DEN,0.024390243902439025
2014-15,Johnny O'Bryant,obryajo01,PF,21,MIL,34,15,368,6.1,16.6,0.36700000000000005,0.0,0.0,0.0,6.1,16.6,0.36700000000000005,1.7,3.7,0.444,3.6,5.3,8.9,2.4,0.7,0.6,3.5,6.1,13.9,78.0,107.0,2015,Johnny O'Bryant-2015,0.0,Not Selected,Forward,MIL,0.03333333333333333
2014-15,Kyle O'Quinn,oquinky01,PF,24,ORL,51,17,824,7.4,15.0,0.49200000000000005,0.7,2.7,0.27899999999999997,6.6,12.4,0.5379999999999999,2.7,3.5,0.772,2.9,9.5,12.4,3.7,1.9,2.4,3.4,6.8,18.2,103.0,104.0,2015,Kyle O'Quinn-2015,0.0,Not Selected,Forward,ORL,0.02032520325203252
2014-15,Victor Oladipo,oladivi01,SG,22,ORL,72,71,2573,9.4,21.6,0.436,1.7,4.9,0.33899999999999997,7.7,16.7,0.46399999999999997,5.2,6.4,0.8190000000000001,1.0,5.0,6.0,5.9,2.4,0.4,4.1,3.7,25.7,101.0,108.0,2015,Victor Oladipo-2015,0.0,Not Selected,Guard,ORL,0.02032520325203252
2014-15,Kelly Olynyk,olynyke01,C,23,BOS,64,13,1423,8.8,18.6,0.475,2.1,6.2,0.349,6.7,12.4,0.5379999999999999,3.3,4.8,0.684,3.2,7.4,10.7,3.8,2.3,1.4,3.4,7.5,23.1,105.0,102.0,2015,Kelly Olynyk-2015,0.0,Not Selected,Center,BOS,0.032520325203252036
2014-15,Arinze Onuaku,onuakar01,C,27,MIN,6,1,68,9.0,10.5,0.857,0.0,0.0,0.0,9.0,10.5,0.857,2.2,6.0,0.375,5.2,10.5,15.7,3.0,0.7,2.2,1.5,4.5,20.2,143.0,110.0,2015,Arinze Onuaku-2015,0.0,Not Selected,Center,MIN,0.013008130081300813
2014-15,Zaza Pachulia,pachuza01,C,30,MIL,73,45,1730,7.1,15.6,0.45399999999999996,0.0,0.1,0.0,7.1,15.5,0.456,3.7,4.7,0.7879999999999999,5.8,8.9,14.7,5.2,2.4,0.6,3.9,5.0,17.9,103.0,100.0,2015,Zaza Pachulia-2015,0.0,Not Selected,Center,MIL,0.03333333333333333
2014-15,Kostas Papanikolaou,papanko01,SF,24,HOU,43,1,795,4.3,12.3,0.35,1.9,6.6,0.292,2.4,5.7,0.418,0.8,1.1,0.722,2.4,4.9,7.4,5.3,1.8,0.8,3.4,4.4,11.4,92.0,105.0,2015,Kostas Papanikolaou-2015,0.0,Not Selected,Forward,HOU,0.04552845528455285
2014-15,Jannero Pargo,pargoja01,PG,35,CHO,9,0,73,10.6,24.8,0.429,6.4,15.6,0.409,4.2,9.2,0.462,1.4,1.4,1.0,0.0,2.1,2.1,5.7,0.0,0.0,2.1,5.7,29.0,111.0,111.0,2015,Jannero Pargo-2015,0.0,Not Selected,Guard,CHO,0.026829268292682926
2014-15,Jabari Parker,parkeja01,PF,19,MIL,25,25,738,8.9,18.2,0.49,0.3,1.1,0.25,8.6,17.1,0.506,3.2,4.6,0.6970000000000001,3.5,6.1,9.5,2.9,2.1,0.3,3.2,2.9,21.3,101.0,103.0,2015,Jabari Parker-2015,0.0,Not Selected,Forward,MIL,0.03333333333333333
2014-15,Tony Parker,parketo01,PG,32,SAS,68,68,1953,10.6,21.8,0.486,1.0,2.3,0.42700000000000005,9.6,19.5,0.493,3.4,4.4,0.7829999999999999,0.4,3.0,3.4,8.8,1.2,0.1,3.8,2.8,25.6,105.0,107.0,2015,Tony Parker-2015,0.0,Not Selected,Guard,SAS,0.044715447154471545
2014-15,Chandler Parsons,parsoch01,SF,26,DAL,66,66,2186,8.8,19.1,0.462,3.0,8.0,0.38,5.8,11.1,0.521,3.2,4.5,0.72,1.5,6.0,7.5,3.7,1.6,0.4,2.2,3.2,23.9,112.0,108.0,2015,Chandler Parsons-2015,0.0,Not Selected,Forward,DAL,0.04065040650406504
2014-15,Patrick Patterson,pattepa01,PF,25,TOR,81,4,2156,5.8,12.8,0.449,2.5,6.8,0.371,3.2,6.0,0.536,1.5,1.9,0.7879999999999999,3.0,7.3,10.4,3.7,1.4,1.1,1.3,3.6,15.5,122.0,108.0,2015,Patrick Patterson-2015,0.0,Not Selected,Forward,TOR,0.03983739837398374
2014-15,Chris Paul,paulch01,PG,29,LAC,82,82,2857,10.1,20.8,0.485,2.5,6.2,0.39799999999999996,7.6,14.6,0.523,5.1,5.7,0.9,0.9,5.7,6.7,14.9,2.8,0.3,3.4,3.6,27.7,126.0,105.0,2015,Chris Paul-2015,2.0,2nd,Guard,LAC,0.04552845528455285
2014-15,Adreian Payne,paynead01,PF,23,TOT,32,22,739,6.3,15.1,0.414,0.1,0.6,0.111,6.2,14.5,0.42700000000000005,2.1,3.2,0.652,3.3,7.8,11.1,2.1,1.3,0.6,3.0,6.1,14.7,88.0,112.0,2015,Adreian Payne-2015,0.0,Not Selected,Forward,TOT,0.03333333333333333
2014-15,Elfrid Payton,paytoel01,PG,20,ORL,82,63,2489,6.2,14.5,0.425,0.2,0.9,0.262,6.0,13.7,0.435,2.4,4.4,0.551,2.2,5.0,7.2,11.0,2.9,0.4,4.2,4.0,15.0,97.0,107.0,2015,Elfrid Payton-2015,0.0,Not Selected,Guard,ORL,0.02032520325203252
2014-15,Nikola Peković,pekovni01,C,29,MIN,31,29,815,8.7,20.5,0.424,0.0,0.0,0.0,8.7,20.5,0.424,6.7,8.0,0.8370000000000001,5.6,9.0,14.6,1.7,1.2,0.7,2.6,3.7,24.1,105.0,112.0,2015,Nikola Peković-2015,0.0,Not Selected,Center,MIN,0.013008130081300813
2014-15,Kendrick Perkins,perkike01,C,30,TOT,68,3,1148,4.5,10.0,0.449,0.0,0.0,0.0,4.5,9.9,0.451,1.8,3.6,0.506,4.0,10.1,14.0,2.2,0.7,1.8,4.2,7.1,10.8,86.0,105.0,2015,Kendrick Perkins-2015,0.0,Not Selected,Center,TOT,0.03333333333333333
2014-15,Paul Pierce,piercpa01,SF,37,WAS,73,73,1914,7.8,17.6,0.447,3.2,8.1,0.389,4.7,9.4,0.496,4.4,5.6,0.7809999999999999,1.2,6.7,7.9,3.9,1.2,0.6,2.5,4.3,23.2,112.0,104.0,2015,Paul Pierce-2015,0.0,Not Selected,Forward,WAS,0.03739837398373984
2014-15,Mason Plumlee,plumlma01,C,24,BRK,82,45,1743,8.3,14.5,0.573,0.0,0.1,0.0,8.3,14.4,0.5760000000000001,4.7,9.4,0.495,5.2,10.0,15.2,2.2,1.9,1.9,3.1,6.1,21.3,109.0,103.0,2015,Mason Plumlee-2015,0.0,Not Selected,Center,BRK,0.030894308943089432
2014-15,Miles Plumlee,plumlmi01,C,26,TOT,73,28,1194,5.7,10.6,0.535,0.0,0.0,0.0,5.7,10.6,0.535,0.9,1.9,0.478,4.7,8.7,13.4,1.4,1.7,2.8,2.1,4.7,12.3,107.0,103.0,2015,Miles Plumlee-2015,0.0,Not Selected,Center,TOT,0.03333333333333333
2014-15,Quincy Pondexter,pondequ01,SF-SG,26,TOT,75,30,1793,5.5,13.1,0.42100000000000004,2.7,7.1,0.373,2.8,5.9,0.478,2.1,2.8,0.74,1.6,4.2,5.7,2.7,0.6,0.7,1.5,4.4,15.7,112.0,110.0,2015,Quincy Pondexter-2015,0.0,Not Selected,Forward,TOT,0.03333333333333333
2014-15,Otto Porter,porteot01,SF,21,WAS,74,13,1432,6.3,14.0,0.45,1.3,3.7,0.337,5.0,10.3,0.491,2.1,2.8,0.7340000000000001,2.5,5.4,7.9,2.3,1.6,1.1,1.9,3.5,15.9,105.0,104.0,2015,Otto Porter-2015,0.0,Not Selected,Forward,WAS,0.03739837398373984
2014-15,Dwight Powell,poweldw01,PF,23,TOT,29,0,236,6.6,14.3,0.46299999999999997,0.6,2.4,0.273,6.0,12.0,0.5,5.3,7.1,0.758,3.8,6.8,10.7,1.9,1.9,1.3,2.4,8.5,19.2,111.0,105.0,2015,Dwight Powell-2015,0.0,Not Selected,Forward,TOT,0.03333333333333333
2014-15,Phil Pressey,pressph01,PG,23,BOS,50,0,600,5.3,14.5,0.368,1.3,5.4,0.24600000000000002,4.0,9.1,0.44,2.8,4.1,0.6729999999999999,1.1,5.6,6.7,9.8,2.5,0.5,3.4,4.5,14.8,97.0,104.0,2015,Phil Pressey-2015,0.0,Not Selected,Guard,BOS,0.032520325203252036
2014-15,A.J. Price,priceaj01,PG,28,TOT,26,0,324,8.1,21.7,0.37200000000000005,2.4,9.0,0.263,5.7,12.7,0.45,2.5,3.8,0.667,1.0,4.1,5.1,7.3,1.1,0.0,2.2,2.4,21.1,98.0,108.0,2015,A.J. Price-2015,0.0,Not Selected,Guard,TOT,0.03333333333333333
2014-15,Ronnie Price,pricero01,PG,31,LAL,43,20,982,4.0,11.6,0.345,1.6,5.7,0.284,2.4,5.9,0.40399999999999997,1.9,2.3,0.8,1.0,2.6,3.6,8.6,3.5,0.2,2.7,6.1,11.5,99.0,109.0,2015,Ronnie Price-2015,0.0,Not Selected,Guard,LAL,0.01707317073170732
2014-15,Pablo Prigioni,prigipa01,PG,37,TOT,67,3,1197,3.9,9.8,0.39899999999999997,2.5,7.2,0.34299999999999997,1.5,2.7,0.5479999999999999,1.5,1.8,0.8540000000000001,1.3,3.8,5.1,7.4,3.4,0.0,2.7,3.8,11.8,111.0,107.0,2015,Pablo Prigioni-2015,0.0,Not Selected,Guard,TOT,0.03333333333333333
2014-15,Tayshaun Prince,princta01,SF,34,TOT,58,16,1397,6.5,14.9,0.44,1.1,2.5,0.46299999999999997,5.4,12.4,0.436,1.8,2.4,0.754,1.9,5.8,7.8,3.4,1.1,0.6,1.3,2.0,16.1,108.0,107.0,2015,Tayshaun Prince-2015,0.0,Not Selected,Forward,TOT,0.03333333333333333
2014-15,Miroslav Raduljica,radulmi01,C,27,MIN,5,0,23,6.6,17.7,0.375,0.0,0.0,0.0,6.6,17.7,0.375,4.4,4.4,1.0,4.4,6.6,11.1,0.0,2.2,0.0,4.4,17.7,17.7,85.0,111.0,2015,Miroslav Raduljica-2015,0.0,Not Selected,Center,MIN,0.013008130081300813
2014-15,Julius Randle,randlju01,PF,20,LAL,1,0,14,3.6,10.9,0.33299999999999996,0.0,0.0,0.0,3.6,10.9,0.33299999999999996,0.0,7.3,0.0,0.0,0.0,0.0,0.0,0.0,0.0,3.6,3.6,7.3,41.0,119.0,2015,Julius Randle-2015,0.0,Not Selected,Forward,LAL,0.01707317073170732
2014-15,Shavlik Randolph,randosh01,PF,31,TOT,21,0,126,3.6,13.9,0.257,0.0,2.0,0.0,3.6,11.9,0.3,2.4,4.8,0.5,6.3,8.7,15.0,1.6,2.0,1.2,1.2,6.3,9.5,83.0,104.0,2015,Shavlik Randolph-2015,0.0,Not Selected,Forward,TOT,0.03333333333333333
2014-15,Zach Randolph,randoza01,PF,33,MEM,71,71,2304,10.3,21.1,0.48700000000000004,0.2,0.5,0.35,10.1,20.7,0.49,5.2,6.8,0.765,5.1,11.8,16.9,3.5,1.6,0.3,3.5,4.0,25.9,107.0,101.0,2015,Zach Randolph-2015,0.0,Not Selected,Forward,MEM,0.044715447154471545
2014-15,J.J. Redick,redicjj01,SG,30,LAC,78,78,2409,9.4,19.7,0.47700000000000004,4.2,9.6,0.43700000000000006,5.2,10.1,0.515,3.9,4.3,0.9009999999999999,0.5,3.1,3.5,2.9,0.8,0.2,2.0,2.8,26.9,118.0,111.0,2015,J.J. Redick-2015,0.0,Not Selected,Guard,LAC,0.04552845528455285
2014-15,Glen Rice Jr.,ricegl02,SG,24,WAS,5,0,43,3.6,17.9,0.2,1.2,8.3,0.14300000000000002,2.4,9.5,0.25,4.8,7.1,0.667,2.4,2.4,4.8,2.4,0.0,0.0,2.4,13.1,13.1,72.0,110.0,2015,Glen Rice Jr.-2015,0.0,Not Selected,Guard,WAS,0.03739837398373984
2014-15,Jason Richardson,richaja01,SG,34,PHI,19,15,416,7.5,21.5,0.348,3.7,11.6,0.32299999999999995,3.7,9.9,0.37799999999999995,2.0,2.7,0.773,1.6,6.4,8.0,4.6,1.6,0.4,1.9,3.4,20.7,98.0,107.0,2015,Jason Richardson-2015,0.0,Not Selected,Guard,PHI,0.014634146341463415
2014-15,Luke Ridnour,ridnolu01,PG,33,ORL,47,0,683,5.6,13.2,0.426,1.5,4.7,0.317,4.1,8.5,0.48700000000000004,1.3,1.6,0.857,0.6,4.5,5.1,7.2,1.5,0.3,2.8,5.0,14.1,101.0,110.0,2015,Luke Ridnour-2015,0.0,Not Selected,Guard,ORL,0.02032520325203252
2014-15,Austin Rivers,riverau01,PG-SG,22,TOT,76,5,1563,6.7,16.4,0.409,1.3,4.3,0.298,5.4,12.0,0.449,2.8,4.2,0.675,0.9,4.1,5.0,5.1,1.6,0.5,2.1,4.8,17.5,100.0,109.0,2015,Austin Rivers-2015,0.0,Not Selected,Guard,TOT,0.03333333333333333
2014-15,Andre Roberson,roberan03,SG,23,OKC,67,65,1286,3.6,7.8,0.45799999999999996,0.8,3.3,0.247,2.8,4.5,0.612,0.9,1.9,0.479,2.3,7.6,9.9,2.7,2.1,1.1,1.8,5.5,8.9,104.0,104.0,2015,Andre Roberson-2015,0.0,Not Selected,Guard,OKC,0.036585365853658534
2014-15,Brian Roberts,roberbr01,PG,29,CHO,72,10,1330,6.8,17.5,0.389,2.4,7.5,0.321,4.4,10.1,0.44,2.6,2.9,0.892,0.5,3.7,4.2,6.3,1.3,0.2,2.2,2.9,18.6,101.0,107.0,2015,Brian Roberts-2015,0.0,Not Selected,Guard,CHO,0.026829268292682926
2014-15,Glenn Robinson III,robingl02,SG-SF,21,TOT,35,1,261,5.0,12.9,0.38799999999999996,1.0,3.7,0.263,4.1,9.3,0.43799999999999994,3.1,4.6,0.667,2.9,4.6,7.5,2.1,1.2,0.2,2.1,2.9,14.1,97.0,112.0,2015,Glenn Robinson III-2015,0.0,Not Selected,Forward,TOT,0.03333333333333333
2014-15,Nate Robinson,robinna01,PG,30,TOT,42,1,591,7.5,21.6,0.345,2.6,9.5,0.27699999999999997,4.8,12.1,0.39899999999999997,2.6,3.9,0.674,1.4,2.8,4.2,8.2,1.7,0.3,2.5,6.4,20.2,97.0,111.0,2015,Nate Robinson-2015,0.0,Not Selected,Guard,TOT,0.03333333333333333
2014-15,Thomas Robinson,robinth01,PF,23,TOT,54,4,798,8.0,16.5,0.485,0.0,0.1,0.0,8.0,16.3,0.488,3.5,6.7,0.528,6.0,13.2,19.2,2.1,2.0,1.3,3.7,6.6,19.5,98.0,99.0,2015,Thomas Robinson-2015,0.0,Not Selected,Forward,TOT,0.03333333333333333
2014-15,Rajon Rondo,rondora01,PG,28,TOT,68,68,2018,6.9,16.1,0.426,0.7,2.1,0.314,6.2,13.9,0.444,0.8,1.9,0.397,1.8,7.5,9.3,13.4,2.3,0.2,5.2,3.8,15.2,95.0,105.0,2015,Rajon Rondo-2015,0.0,Not Selected,Guard,TOT,0.03333333333333333
2014-15,Derrick Rose,rosede01,PG,26,CHI,51,51,1530,11.4,28.2,0.405,2.6,9.2,0.28,8.9,19.1,0.465,5.1,6.3,0.813,1.2,4.3,5.4,8.5,1.2,0.5,5.4,2.1,30.6,97.0,108.0,2015,Derrick Rose-2015,0.0,Not Selected,Guard,CHI,0.04065040650406504
2014-15,Terrence Ross,rosste01,SF,23,TOR,82,61,2092,7.6,18.6,0.41,3.6,9.6,0.37200000000000005,4.1,9.0,0.452,1.1,1.4,0.7859999999999999,0.8,4.8,5.6,2.1,1.3,0.6,1.7,3.4,19.9,103.0,110.0,2015,Terrence Ross-2015,0.0,Not Selected,Forward,TOR,0.03983739837398374
2014-15,Ricky Rubio,rubiori01,PG,24,MIN,22,22,692,5.7,16.1,0.35600000000000004,1.0,3.7,0.255,4.8,12.3,0.387,4.2,5.2,0.8029999999999999,1.4,7.8,9.2,14.2,2.8,0.1,4.7,4.3,16.6,98.0,110.0,2015,Ricky Rubio-2015,0.0,Not Selected,Guard,MIN,0.013008130081300813
2014-15,Damjan Rudež,rudezda01,SF,28,IND,68,2,1047,5.9,12.9,0.452,3.4,8.4,0.406,2.5,4.6,0.5379999999999999,0.8,1.1,0.696,0.4,1.9,2.3,2.6,0.8,0.2,2.3,3.9,15.9,105.0,109.0,2015,Damjan Rudež-2015,0.0,Not Selected,Forward,IND,0.030894308943089432
2014-15,Brandon Rush,rushbr01,SG,29,GSW,33,0,271,2.0,9.7,0.204,0.5,4.9,0.111,1.4,4.9,0.29600000000000004,0.9,2.0,0.455,0.7,6.7,7.4,2.2,0.9,2.2,2.0,4.9,5.4,59.0,103.0,2015,Brandon Rush-2015,0.0,Not Selected,Guard,GSW,0.05447154471544716
2014-15,Robert Sacre,sacrero01,C,25,LAL,67,18,1133,5.7,13.8,0.41200000000000003,0.0,0.0,0.0,5.7,13.7,0.413,2.5,3.7,0.6709999999999999,4.0,6.5,10.5,2.5,1.3,1.9,1.6,5.5,13.8,100.0,110.0,2015,Robert Sacre-2015,0.0,Not Selected,Center,LAL,0.01707317073170732
2014-15,John Salmons,salmojo01,SF,35,NOP,21,0,270,3.1,9.3,0.33299999999999996,1.6,5.1,0.308,1.6,4.3,0.364,0.4,0.8,0.5,0.8,3.3,4.1,2.5,1.8,0.8,1.0,4.9,8.2,94.0,110.0,2015,John Salmons-2015,0.0,Not Selected,Forward,NOP,0.036585365853658534
2014-15,JaKarr Sampson,sampsja02,SF,21,PHI,74,32,1131,6.5,15.3,0.42200000000000004,1.4,5.6,0.244,5.1,9.7,0.525,2.8,4.2,0.67,1.6,5.7,7.2,3.4,1.7,1.2,3.4,6.0,17.1,93.0,106.0,2015,JaKarr Sampson-2015,0.0,Not Selected,Forward,PHI,0.014634146341463415
2014-15,Larry Sanders,sandela01,C,26,MIL,27,26,586,7.5,15.0,0.5,0.0,0.0,0.0,7.5,15.0,0.5,2.1,4.2,0.5,5.8,8.6,14.5,2.0,2.3,3.4,2.4,9.1,17.1,104.0,98.0,2015,Larry Sanders-2015,0.0,Not Selected,Center,MIL,0.03333333333333333
2014-15,Dennis Schröder,schrode01,PG,21,ATL,77,10,1516,9.6,22.4,0.42700000000000005,1.8,5.0,0.35100000000000003,7.8,17.4,0.449,5.0,6.0,0.8270000000000001,1.0,4.6,5.5,10.7,1.7,0.1,5.1,4.3,25.9,101.0,106.0,2015,Dennis Schröder-2015,0.0,Not Selected,Guard,ATL,0.04878048780487805
2014-15,Luis Scola,scolalu01,PF,34,IND,81,16,1659,9.3,19.9,0.467,0.2,0.6,0.25,9.2,19.3,0.474,4.9,7.0,0.6990000000000001,4.3,12.0,16.3,3.3,1.5,0.6,2.9,6.0,23.7,104.0,101.0,2015,Luis Scola-2015,0.0,Not Selected,Forward,IND,0.030894308943089432
2014-15,Mike Scott,scottmi01,PF,26,ATL,68,0,1123,9.1,20.6,0.444,3.0,8.7,0.344,6.1,11.9,0.517,2.8,3.5,0.792,2.0,7.0,9.1,3.4,1.1,0.1,1.8,3.8,24.1,108.0,106.0,2015,Mike Scott-2015,0.0,Not Selected,Forward,ATL,0.04878048780487805
2014-15,Thabo Sefolosha,sefolth01,SF,30,ATL,52,7,976,5.4,13.0,0.418,1.3,4.1,0.321,4.1,9.0,0.462,2.4,3.0,0.7759999999999999,2.8,8.9,11.7,3.9,2.8,1.1,2.0,3.5,14.6,106.0,100.0,2015,Thabo Sefolosha-2015,0.0,Not Selected,Forward,ATL,0.04878048780487805
2014-15,Kevin Séraphin,serapke01,C,25,WAS,79,0,1235,9.6,18.7,0.513,0.0,0.1,0.0,9.6,18.6,0.516,2.4,3.4,0.7070000000000001,3.6,8.3,11.9,2.4,0.4,2.4,4.1,8.2,21.6,97.0,103.0,2015,Kevin Séraphin-2015,0.0,Not Selected,Center,WAS,0.03739837398373984
2014-15,Ramon Sessions,sessira01,PG,28,TOT,64,10,1188,5.3,14.3,0.374,0.8,2.6,0.317,4.5,11.7,0.387,5.7,7.4,0.769,1.0,5.2,6.2,7.8,1.2,0.0,3.7,3.1,17.2,100.0,109.0,2015,Ramon Sessions-2015,0.0,Not Selected,Guard,TOT,0.03333333333333333
2014-15,Iman Shumpert,shumpim01,SG,24,TOT,62,25,1545,6.5,15.9,0.41,2.3,6.6,0.342,4.3,9.3,0.45799999999999996,1.5,2.2,0.672,1.9,5.7,7.6,4.6,2.7,0.5,3.1,4.7,16.8,98.0,107.0,2015,Iman Shumpert-2015,0.0,Not Selected,Guard,TOT,0.03333333333333333
2014-15,Alexey Shved,shvedal01,SG,26,TOT,42,9,767,8.9,22.5,0.397,3.2,9.3,0.33799999999999997,5.8,13.1,0.439,8.1,10.1,0.807,1.5,5.1,6.6,7.1,2.0,0.4,3.2,3.2,29.1,111.0,109.0,2015,Alexey Shved-2015,0.0,Not Selected,Guard,TOT,0.03333333333333333
2014-15,Henry Sims,simshe01,C,24,PHI,73,32,1399,8.5,18.0,0.474,0.1,0.8,0.182,8.4,17.2,0.488,3.8,4.9,0.774,4.3,8.5,12.9,2.8,1.4,1.1,3.5,4.8,21.0,100.0,105.0,2015,Henry Sims-2015,0.0,Not Selected,Center,PHI,0.014634146341463415
2014-15,Kyle Singler,singlky01,SF,26,TOT,80,58,1743,5.1,13.1,0.386,2.8,7.1,0.39799999999999996,2.2,6.0,0.371,1.2,1.5,0.769,1.0,4.7,5.7,2.5,1.4,0.6,1.6,4.5,14.1,104.0,109.0,2015,Kyle Singler-2015,0.0,Not Selected,Forward,TOT,0.03333333333333333
2014-15,Donald Sloan,sloando01,PG,27,IND,53,21,1107,6.7,16.5,0.408,1.9,6.1,0.313,4.8,10.4,0.46399999999999997,2.8,3.6,0.779,0.6,6.1,6.7,8.8,1.1,0.0,3.0,2.2,18.2,104.0,106.0,2015,Donald Sloan-2015,0.0,Not Selected,Guard,IND,0.030894308943089432
2014-15,Marcus Smart,smartma01,PG,20,BOS,67,38,1808,4.8,13.2,0.36700000000000005,2.5,7.5,0.335,2.3,5.7,0.41,2.3,3.5,0.6459999999999999,1.7,4.5,6.1,5.8,2.7,0.5,2.5,4.9,14.5,101.0,104.0,2015,Marcus Smart-2015,0.0,Not Selected,Guard,BOS,0.032520325203252036
2014-15,Greg Smith,smithgr02,PF,24,DAL,42,2,363,4.2,6.8,0.612,0.0,0.0,0.0,4.2,6.8,0.612,2.8,5.4,0.513,3.6,7.4,11.0,1.3,1.0,1.5,1.5,7.4,11.1,119.0,107.0,2015,Greg Smith-2015,0.0,Not Selected,Forward,DAL,0.04065040650406504
2014-15,Ish Smith,smithis01,PG,26,TOT,55,14,832,8.6,22.1,0.39,1.1,3.6,0.3,7.5,18.5,0.40700000000000003,2.0,3.4,0.596,0.9,5.1,6.0,10.8,2.2,0.4,4.7,3.0,20.4,91.0,107.0,2015,Ish Smith-2015,0.0,Not Selected,Guard,TOT,0.03333333333333333
2014-15,J.R. Smith,smithjr01,SG,29,TOT,70,51,2080,7.9,18.9,0.41700000000000004,4.1,10.7,0.38299999999999995,3.8,8.3,0.462,1.4,1.8,0.75,0.8,4.7,5.5,4.9,2.1,0.6,2.4,4.1,21.2,107.0,108.0,2015,J.R. Smith-2015,0.0,Not Selected,Guard,TOT,0.03333333333333333
2014-15,Jason Smith,smithja02,C,28,NYK,82,31,1785,7.6,17.5,0.434,0.4,1.2,0.35700000000000004,7.1,16.2,0.44,3.7,4.5,0.83,2.9,6.7,9.6,4.1,0.9,1.3,3.1,6.0,19.3,99.0,111.0,2015,Jason Smith-2015,0.0,Not Selected,Center,NYK,0.013821138211382113
2014-15,Josh Smith,smithjo03,PF,29,TOT,83,35,2300,9.1,21.7,0.419,1.6,5.0,0.316,7.5,16.7,0.451,2.8,5.6,0.498,3.3,8.3,11.6,6.1,1.9,2.5,4.5,5.0,22.5,94.0,102.0,2015,Josh Smith-2015,0.0,Not Selected,Forward,TOT,0.03333333333333333
2014-15,Russ Smith,smithru01,PG,23,TOT,12,0,65,6.4,20.1,0.32,1.6,8.9,0.182,4.8,11.3,0.429,9.7,10.5,0.9229999999999999,0.8,4.0,4.8,6.4,2.4,0.0,9.7,10.5,24.2,81.0,106.0,2015,Russ Smith-2015,0.0,Not Selected,Guard,TOT,0.03333333333333333
2014-15,Tony Snell,snellto01,SF,23,CHI,72,22,1412,5.8,13.6,0.429,2.7,7.2,0.371,3.2,6.4,0.494,1.6,2.0,0.8,1.1,5.3,6.4,2.3,1.2,0.4,1.8,3.2,15.9,108.0,107.0,2015,Tony Snell-2015,0.0,Not Selected,Forward,CHI,0.04065040650406504
2014-15,Marreese Speights,speigma01,C,27,GSW,76,9,1207,12.9,26.1,0.49200000000000005,0.2,0.7,0.278,12.7,25.4,0.498,6.1,7.2,0.843,4.4,8.7,13.2,2.9,0.8,1.4,3.3,7.6,32.0,108.0,102.0,2015,Marreese Speights-2015,0.0,Not Selected,Center,GSW,0.05447154471544716
2014-15,Tiago Splitter,splitti01,C,30,SAS,52,35,1030,8.4,15.1,0.5579999999999999,0.0,0.0,0.0,8.4,15.1,0.5579999999999999,4.5,6.0,0.75,4.5,8.0,12.5,3.9,1.7,1.8,3.0,5.1,21.3,117.0,101.0,2015,Tiago Splitter-2015,0.0,Not Selected,Center,SAS,0.044715447154471545
2014-15,Nik Stauskas,stausni01,SG,21,SAC,73,1,1127,4.8,13.2,0.365,2.1,6.7,0.322,2.7,6.6,0.408,2.5,2.9,0.8590000000000001,0.5,3.4,3.9,3.0,0.9,0.8,1.8,4.1,14.2,100.0,113.0,2015,Nik Stauskas-2015,0.0,Not Selected,Guard,SAC,0.023577235772357725
2014-15,Lance Stephenson,stephla01,SG,24,CHO,61,25,1573,6.8,18.1,0.376,0.6,3.4,0.171,6.2,14.6,0.425,2.3,3.6,0.627,1.3,7.8,9.1,7.9,1.2,0.3,4.2,4.4,16.4,85.0,105.0,2015,Lance Stephenson-2015,0.0,Not Selected,Guard,CHO,0.026829268292682926
2014-15,Greg Stiemsma,stiemgr01,C,29,TOR,17,0,66,4.7,6.3,0.75,0.0,0.0,0.0,4.7,6.3,0.75,1.6,3.1,0.5,7.1,4.7,11.8,2.4,1.6,0.0,5.5,11.8,11.0,103.0,110.0,2015,Greg Stiemsma-2015,0.0,Not Selected,Center,TOR,0.03983739837398374
2014-15,David Stockton,stockda01,PG,23,SAC,3,0,33,3.1,9.2,0.33299999999999996,1.5,3.1,0.5,1.5,6.1,0.25,4.6,9.2,0.5,0.0,3.1,3.1,13.7,3.1,0.0,6.1,1.5,12.2,90.0,109.0,2015,David Stockton-2015,0.0,Not Selected,Guard,SAC,0.023577235772357725
2014-15,Jarnell Stokes,stokeja01,PF,21,MEM,19,2,126,8.7,15.3,0.568,0.0,0.0,0.0,8.7,15.3,0.568,6.2,11.6,0.536,6.6,7.5,14.1,1.7,2.1,2.1,2.9,10.4,23.6,114.0,100.0,2015,Jarnell Stokes-2015,0.0,Not Selected,Forward,MEM,0.044715447154471545
2014-15,Amar'e Stoudemire,stoudam01,PF,32,TOT,59,15,1245,11.4,20.4,0.557,0.0,0.2,0.0,11.4,20.3,0.562,5.6,7.8,0.72,4.6,9.1,13.7,1.9,1.2,1.6,3.3,6.7,28.4,112.0,107.0,2015,Amar'e Stoudemire-2015,0.0,Not Selected,Forward,TOT,0.03333333333333333
2014-15,Rodney Stuckey,stuckro01,PG,28,IND,71,36,1874,9.1,20.7,0.44,1.5,3.9,0.39,7.6,16.9,0.452,4.9,5.9,0.8190000000000001,1.0,5.8,6.8,6.0,1.5,0.3,3.2,3.6,24.6,104.0,105.0,2015,Rodney Stuckey-2015,0.0,Not Selected,Guard,IND,0.030894308943089432
2014-15,Jared Sullinger,sullija01,PF,22,BOS,58,49,1566,9.9,22.6,0.439,1.7,5.9,0.28300000000000003,8.3,16.8,0.494,3.1,4.1,0.7440000000000001,4.7,9.4,14.1,4.3,1.4,1.3,2.5,4.9,24.6,106.0,103.0,2015,Jared Sullinger-2015,0.0,Not Selected,Forward,BOS,0.032520325203252036
2014-15,Jeff Taylor,tayloje03,SF,25,CHO,29,13,430,5.4,13.7,0.395,1.3,4.3,0.306,4.1,9.4,0.436,3.1,4.9,0.634,1.7,4.7,6.4,2.6,1.4,0.1,2.3,4.3,15.3,95.0,106.0,2015,Jeff Taylor-2015,0.0,Not Selected,Forward,CHO,0.026829268292682926
2014-15,Jeff Teague,teaguje01,PG,26,ATL,73,72,2228,9.4,20.3,0.46,1.6,4.7,0.34299999999999997,7.7,15.6,0.496,6.3,7.3,0.862,0.7,3.5,4.2,11.8,2.9,0.7,4.7,3.2,26.7,111.0,104.0,2015,Jeff Teague-2015,0.0,Not Selected,Guard,ATL,0.04878048780487805
2014-15,Mirza Teletović,teletmi01,PF,29,BRK,40,4,892,7.1,18.5,0.382,3.6,11.2,0.321,3.5,7.3,0.47600000000000003,1.9,2.7,0.7170000000000001,1.6,9.7,11.3,2.7,0.8,0.9,3.1,4.3,19.7,95.0,107.0,2015,Mirza Teletović-2015,0.0,Not Selected,Forward,BRK,0.030894308943089432
2014-15,Sebastian Telfair,telfase01,PG,29,OKC,16,1,327,7.1,19.2,0.368,2.8,9.2,0.3,4.3,10.0,0.431,3.7,5.2,0.706,0.3,4.3,4.6,6.9,1.5,0.0,2.8,4.4,20.5,102.0,109.0,2015,Sebastian Telfair-2015,0.0,Not Selected,Guard,OKC,0.036585365853658534
2014-15,Garrett Temple,templga01,SG,28,WAS,52,18,735,4.7,11.9,0.4,2.3,6.1,0.375,2.4,5.7,0.42700000000000005,2.4,3.3,0.7290000000000001,1.7,4.6,6.3,3.9,2.9,0.6,2.4,5.3,14.2,104.0,102.0,2015,Garrett Temple-2015,0.0,Not Selected,Guard,WAS,0.03739837398373984
2014-15,Jason Terry,terryja01,SG,37,HOU,77,18,1641,5.7,13.5,0.42200000000000004,3.8,9.8,0.39,1.9,3.7,0.504,1.2,1.5,0.813,0.5,3.2,3.7,4.5,2.0,0.6,2.2,3.5,16.4,112.0,106.0,2015,Jason Terry-2015,0.0,Not Selected,Guard,HOU,0.04552845528455285
2014-15,Isaiah Thomas,thomais02,PG,25,TOT,67,1,1726,9.7,23.1,0.42,3.7,10.0,0.373,6.0,13.0,0.457,8.7,10.1,0.868,1.0,3.5,4.4,8.2,1.6,0.1,4.1,4.3,31.8,114.0,109.0,2015,Isaiah Thomas-2015,0.0,Not Selected,Guard,TOT,0.03333333333333333
2014-15,Lance Thomas,thomala01,PF-SF,26,TOT,62,37,1490,6.3,15.4,0.41200000000000003,0.2,0.8,0.318,6.1,14.6,0.41700000000000004,2.5,3.4,0.727,2.3,4.5,6.8,2.4,1.3,0.3,2.6,3.5,15.4,91.0,112.0,2015,Lance Thomas-2015,0.0,Not Selected,Forward,TOT,0.03333333333333333
2014-15,Malcolm Thomas,thomama01,PF,26,PHI,17,0,194,4.7,10.3,0.45,0.0,1.8,0.0,4.7,8.5,0.545,2.3,3.4,0.6920000000000001,4.1,10.3,14.5,1.8,0.8,0.3,3.4,4.4,11.6,91.0,106.0,2015,Malcolm Thomas-2015,0.0,Not Selected,Forward,PHI,0.014634146341463415
2014-15,Tyrus Thomas,thomaty01,PF,28,MEM,2,0,7,7.5,7.5,1.0,0.0,0.0,0.0,7.5,7.5,1.0,14.9,14.9,1.0,0.0,0.0,0.0,7.5,0.0,0.0,0.0,0.0,29.8,224.0,112.0,2015,Tyrus Thomas-2015,0.0,Not Selected,Forward,MEM,0.044715447154471545
2014-15,Hollis Thompson,thompho01,SG,23,PHI,71,23,1776,6.3,15.3,0.413,3.2,8.1,0.401,3.1,7.2,0.426,1.8,2.5,0.708,1.5,4.1,5.6,2.4,1.6,0.7,1.9,4.0,17.7,105.0,108.0,2015,Hollis Thompson-2015,0.0,Not Selected,Guard,PHI,0.014634146341463415
2014-15,Jason Thompson,thompja02,PF,28,SAC,81,63,1991,5.1,10.8,0.47,0.0,0.0,0.0,5.1,10.8,0.47100000000000003,2.3,3.6,0.622,3.5,9.9,13.4,2.1,0.8,1.4,2.1,6.0,12.4,103.0,108.0,2015,Jason Thompson-2015,0.0,Not Selected,Forward,SAC,0.023577235772357725
2014-15,Klay Thompson,thompkl01,SG,24,GSW,77,77,2455,12.0,25.8,0.46299999999999997,4.8,10.8,0.439,7.2,15.0,0.48100000000000004,4.5,5.1,0.879,0.5,4.4,4.9,4.4,1.7,1.2,3.0,2.4,33.2,112.0,104.0,2015,Klay Thompson-2015,3.0,3rd,Guard,GSW,0.05447154471544716
2014-15,Tristan Thompson,thomptr01,PF,23,CLE,82,15,2194,6.3,11.6,0.547,0.0,0.0,0.0,6.3,11.6,0.547,3.8,5.9,0.6409999999999999,6.5,9.1,15.6,0.9,0.8,1.4,2.0,4.5,16.4,121.0,106.0,2015,Tristan Thompson-2015,0.0,Not Selected,Forward,CLE,0.043089430894308944
2014-15,Marcus Thornton,thornma01,SG,27,TOT,48,0,721,9.7,24.0,0.406,3.7,9.9,0.37799999999999995,6.0,14.0,0.426,3.2,3.9,0.821,1.6,4.4,6.0,2.5,1.9,0.5,1.9,2.6,26.4,103.0,106.0,2015,Marcus Thornton-2015,0.0,Not Selected,Guard,TOT,0.03333333333333333
2014-15,Anthony Tolliver,tollian01,PF,29,TOT,76,11,1432,5.8,14.1,0.41,3.8,10.4,0.366,2.0,3.7,0.534,1.9,2.5,0.7829999999999999,1.8,6.6,8.5,2.1,0.9,0.6,1.8,4.9,17.3,112.0,109.0,2015,Anthony Tolliver-2015,0.0,Not Selected,Forward,TOT,0.03333333333333333
2014-15,P.J. Tucker,tuckepj01,SF,29,PHO,78,63,2383,5.5,12.5,0.43799999999999994,1.8,5.3,0.345,3.6,7.2,0.506,2.2,3.0,0.727,2.4,8.1,10.5,2.6,2.2,0.5,2.0,3.7,14.9,108.0,105.0,2015,P.J. Tucker-2015,0.0,Not Selected,Forward,PHO,0.03170731707317073
2014-15,Ronny Turiaf,turiaro01,C,32,MIN,2,0,19,0.0,0.0,0.0,0.0,0.0,0.0,0.0,0.0,0.0,0.0,0.0,0.0,0.0,2.7,2.7,5.4,0.0,0.0,0.0,0.0,0.0,214.0,119.0,2015,Ronny Turiaf-2015,0.0,Not Selected,Center,MIN,0.013008130081300813
2014-15,Hedo Türkoğlu,turkohe01,SF,35,LAC,62,2,705,6.0,13.5,0.441,4.3,10.0,0.43200000000000005,1.7,3.5,0.469,0.4,0.8,0.545,0.4,6.8,7.1,2.7,1.4,0.5,2.1,4.7,16.7,107.0,107.0,2015,Hedo Türkoğlu-2015,0.0,Not Selected,Forward,LAC,0.04552845528455285
2014-15,Evan Turner,turneev01,SG,26,BOS,82,57,2260,7.1,16.5,0.429,0.7,2.6,0.27699999999999997,6.4,13.9,0.45799999999999996,2.3,3.1,0.752,0.9,8.4,9.2,9.9,1.8,0.4,4.4,4.0,17.3,96.0,104.0,2015,Evan Turner-2015,0.0,Not Selected,Guard,BOS,0.032520325203252036
2014-15,Ekpe Udoh,udohek01,PF,27,LAC,33,0,128,4.4,9.5,0.45799999999999996,0.0,0.0,0.0,4.4,9.5,0.45799999999999996,2.8,3.6,0.778,2.8,7.5,10.3,3.2,3.2,2.8,2.8,7.9,11.5,101.0,100.0,2015,Ekpe Udoh-2015,0.0,Not Selected,Forward,LAC,0.04552845528455285
2014-15,Beno Udrih,udrihbe01,PG,32,MEM,79,12,1494,8.6,17.6,0.48700000000000004,0.9,3.4,0.268,7.7,14.3,0.539,3.0,3.6,0.853,0.7,4.3,5.0,7.7,1.6,0.3,3.1,3.1,21.1,108.0,105.0,2015,Beno Udrih-2015,0.0,Not Selected,Guard,MEM,0.044715447154471545
2014-15,Jonas Valančiūnas,valanjo01,C,22,TOR,80,80,2096,9.2,16.1,0.5720000000000001,0.0,0.0,0.0,9.2,16.1,0.573,5.4,6.8,0.7859999999999999,5.3,11.8,17.1,1.0,0.8,2.3,2.7,5.5,23.8,121.0,105.0,2015,Jonas Valančiūnas-2015,0.0,Not Selected,Center,TOR,0.03983739837398374
2014-15,Anderson Varejão,varejan01,C,32,CLE,26,26,636,9.1,16.3,0.555,0.0,0.2,0.0,9.1,16.2,0.561,2.7,3.7,0.733,4.7,9.2,13.9,2.9,1.6,1.3,2.9,4.7,20.8,114.0,105.0,2015,Anderson Varejão-2015,0.0,Not Selected,Center,CLE,0.043089430894308944
2014-15,Greivis Vásquez,vasqugr01,PG,28,TOR,82,29,1991,7.7,18.8,0.408,3.5,9.1,0.379,4.2,9.7,0.436,1.3,1.7,0.758,0.6,5.0,5.6,7.8,1.2,0.3,3.1,4.6,20.1,105.0,110.0,2015,Greivis Vásquez-2015,0.0,Not Selected,Guard,TOR,0.03983739837398374
2014-15,Charlie Villanueva,villach01,PF,30,DAL,64,1,678,11.2,26.9,0.414,6.2,16.4,0.376,5.0,10.5,0.475,1.5,2.6,0.5710000000000001,2.2,8.9,11.1,1.4,1.1,1.6,2.1,4.8,30.0,104.0,105.0,2015,Charlie Villanueva-2015,0.0,Not Selected,Forward,DAL,0.04065040650406504
2014-15,Noah Vonleh,vonleno01,PF,19,CHO,25,0,259,6.0,15.2,0.395,1.0,2.6,0.385,5.0,12.6,0.397,3.6,5.2,0.6920000000000001,5.6,11.6,17.1,0.8,0.8,1.8,2.2,4.0,16.5,99.0,102.0,2015,Noah Vonleh-2015,0.0,Not Selected,Forward,CHO,0.026829268292682926
2014-15,Nikola Vučević,vucevni01,C,24,ORL,74,74,2529,12.8,24.4,0.523,0.0,0.1,0.33299999999999996,12.7,24.3,0.524,3.3,4.4,0.752,4.8,11.6,16.4,3.0,1.1,1.1,3.0,4.4,28.9,109.0,106.0,2015,Nikola Vučević-2015,0.0,Not Selected,Center,ORL,0.02032520325203252
2014-15,Dwyane Wade,wadedw01,SG,33,MIA,62,62,1971,13.6,29.0,0.47,0.8,2.7,0.284,12.9,26.3,0.489,7.6,9.9,0.768,1.6,4.3,5.9,8.0,2.0,0.6,5.6,2.8,35.7,102.0,108.0,2015,Dwyane Wade-2015,0.0,Not Selected,Guard,MIA,0.03008130081300813
2014-15,Dion Waiters,waitedi01,SG,23,TOT,80,23,2208,8.6,21.8,0.396,1.7,5.7,0.297,6.9,16.1,0.431,2.7,4.0,0.68,0.9,3.5,4.4,3.7,2.1,0.5,2.6,3.6,21.6,95.0,108.0,2015,Dion Waiters-2015,0.0,Not Selected,Guard,TOT,0.03333333333333333
2014-15,Henry Walker,walkebi01,SF,27,MIA,24,13,628,4.9,14.1,0.345,3.8,11.1,0.341,1.1,3.0,0.361,1.2,1.5,0.778,0.6,6.3,6.9,2.4,2.0,0.8,2.0,6.4,14.7,96.0,107.0,2015,Henry Walker-2015,0.0,Not Selected,Forward,MIA,0.03008130081300813
2014-15,Kemba Walker,walkeke02,PG,24,CHO,62,58,2119,9.2,23.9,0.385,2.1,6.8,0.304,7.1,17.1,0.418,5.7,6.9,0.8270000000000001,0.9,4.5,5.4,7.7,2.2,0.8,2.4,2.2,26.2,103.0,104.0,2015,Kemba Walker-2015,0.0,Not Selected,Guard,CHO,0.026829268292682926
2014-15,John Wall,walljo01,PG,24,WAS,79,79,2837,9.4,21.1,0.445,1.2,3.9,0.3,8.2,17.1,0.478,5.1,6.5,0.785,0.7,6.0,6.6,14.3,2.5,0.8,5.5,3.3,25.1,105.0,102.0,2015,John Wall-2015,0.0,Not Selected,Guard,WAS,0.03739837398373984
2014-15,Gerald Wallace,wallage01,SF,32,BOS,32,0,286,2.5,6.0,0.41200000000000003,0.2,0.5,0.33299999999999996,2.3,5.4,0.419,1.1,2.6,0.4,3.0,7.0,10.0,1.9,2.6,0.7,3.2,3.3,6.1,79.0,103.0,2015,Gerald Wallace-2015,0.0,Not Selected,Forward,BOS,0.032520325203252036
2014-15,T.J. Warren,warretj01,SF,21,PHO,40,1,614,9.2,17.4,0.528,0.4,1.7,0.23800000000000002,8.8,15.7,0.56,1.1,1.5,0.737,3.3,3.6,6.9,2.0,1.5,0.7,2.2,4.1,19.9,108.0,109.0,2015,T.J. Warren-2015,0.0,Not Selected,Forward,PHO,0.03170731707317073
2014-15,C.J. Watson,watsocj01,PG,30,IND,57,21,1422,6.6,15.1,0.434,2.5,6.3,0.4,4.0,8.8,0.45899999999999996,5.0,6.1,0.826,0.7,5.3,5.9,7.5,2.1,0.3,3.6,3.9,20.6,110.0,104.0,2015,C.J. Watson-2015,0.0,Not Selected,Guard,IND,0.030894308943089432
2014-15,David Wear,wearda01,PF,24,SAC,2,0,7,0.0,14.4,0.0,0.0,7.2,0.0,0.0,7.2,0.0,0.0,0.0,0.0,14.4,0.0,14.4,7.2,0.0,0.0,0.0,7.2,0.0,78.0,117.0,2015,David Wear-2015,0.0,Not Selected,Forward,SAC,0.023577235772357725
2014-15,Travis Wear,weartr01,SF,24,NYK,51,1,672,6.6,16.4,0.402,0.9,2.4,0.36700000000000005,5.7,14.0,0.408,1.6,2.0,0.769,2.4,5.9,8.3,3.1,1.2,0.9,2.7,4.3,15.6,90.0,112.0,2015,Travis Wear-2015,0.0,Not Selected,Forward,NYK,0.013821138211382113
2014-15,Martell Webster,webstma02,SF,28,WAS,32,0,352,3.5,13.2,0.264,1.5,6.3,0.233,2.0,7.0,0.292,7.0,9.3,0.75,1.5,5.2,6.7,2.5,1.0,0.1,3.2,3.5,15.4,89.0,106.0,2015,Martell Webster-2015,0.0,Not Selected,Forward,WAS,0.03739837398373984
2014-15,David West,westda01,PF,34,IND,66,66,1895,8.8,18.6,0.47100000000000003,0.1,0.5,0.2,8.7,18.1,0.479,3.2,4.4,0.7390000000000001,2.9,9.3,12.2,6.1,1.3,1.3,3.3,4.3,20.9,103.0,102.0,2015,David West-2015,0.0,Not Selected,Forward,IND,0.030894308943089432
2014-15,Russell Westbrook,westbru01,PG,26,OKC,67,67,2302,13.7,32.0,0.426,1.9,6.3,0.299,11.8,25.8,0.457,11.9,14.2,0.835,2.7,7.9,10.6,12.5,3.0,0.3,6.4,4.0,41.1,111.0,103.0,2015,Russell Westbrook-2015,2.0,2nd,Guard,OKC,0.036585365853658534
2014-15,Hassan Whiteside,whiteha01,C,25,MIA,48,32,1142,11.2,17.9,0.628,0.0,0.0,0.0,11.2,17.9,0.628,3.6,7.2,0.5,6.7,15.6,22.3,0.3,1.2,5.7,2.7,6.0,26.1,117.0,97.0,2015,Hassan Whiteside-2015,0.0,Not Selected,Center,MIA,0.03008130081300813
2014-15,Shayne Whittington,whittsh01,PF,23,IND,20,0,108,9.1,20.0,0.452,0.5,2.9,0.16699999999999998,8.6,17.2,0.5,8.6,11.0,0.7829999999999999,4.8,9.1,13.8,2.9,2.4,1.0,2.4,8.6,27.2,114.0,100.0,2015,Shayne Whittington-2015,0.0,Not Selected,Forward,IND,0.030894308943089432
2014-15,Andrew Wiggins,wiggian01,SF,19,MIN,82,82,2969,8.5,19.5,0.43700000000000006,0.7,2.2,0.31,7.8,17.3,0.45299999999999996,6.1,8.0,0.76,2.3,4.1,6.4,2.9,1.5,0.9,3.0,3.3,23.8,103.0,114.0,2015,Andrew Wiggins-2015,0.0,Not Selected,Forward,MIN,0.013008130081300813
2014-15,C.J. Wilcox,wilcocj01,SG,24,LAC,21,0,101,8.0,19.1,0.42100000000000004,3.5,9.5,0.368,4.5,9.5,0.474,1.0,1.0,1.0,0.5,3.0,3.5,4.0,1.5,0.5,5.0,3.5,20.6,89.0,109.0,2015,C.J. Wilcox-2015,0.0,Not Selected,Guard,LAC,0.04552845528455285
2014-15,Deron Williams,willide01,PG,30,BRK,68,55,2114,7.3,18.9,0.387,2.1,5.8,0.36700000000000005,5.2,13.1,0.395,4.9,5.9,0.8340000000000001,0.7,5.1,5.8,11.0,1.6,0.4,3.8,3.8,21.6,105.0,109.0,2015,Deron Williams-2015,0.0,Not Selected,Guard,BRK,0.030894308943089432
2014-15,Derrick Williams,willide02,PF,23,SAC,74,6,1462,7.5,16.7,0.447,1.7,5.4,0.314,5.8,11.3,0.511,4.6,6.7,0.684,1.4,5.5,7.0,1.7,1.2,0.1,1.9,2.3,21.2,108.0,112.0,2015,Derrick Williams-2015,0.0,Not Selected,Forward,SAC,0.023577235772357725
2014-15,Elliot Williams,williel01,SG,25,TOT,13,0,119,6.2,16.4,0.37799999999999995,3.5,8.0,0.444,2.7,8.4,0.316,0.4,1.8,0.25,0.0,3.5,3.5,5.3,1.8,0.0,1.8,5.3,16.4,100.0,110.0,2015,Elliot Williams-2015,0.0,Not Selected,Guard,TOT,0.03333333333333333
2014-15,Lou Williams,willilo02,SG,28,TOR,80,0,2016,9.6,23.8,0.40399999999999997,3.9,11.5,0.34,5.7,12.3,0.46399999999999997,8.7,10.1,0.861,0.6,3.3,3.9,4.2,2.3,0.3,2.6,2.6,31.9,114.0,109.0,2015,Lou Williams-2015,0.0,Not Selected,Guard,TOR,0.03983739837398374
2014-15,Marvin Williams,willima02,PF,28,CHO,78,37,2035,5.3,12.6,0.424,2.4,6.7,0.358,2.9,5.8,0.5,1.6,2.2,0.713,1.5,8.3,9.8,2.5,1.8,0.9,1.5,3.7,14.6,106.0,103.0,2015,Marvin Williams-2015,0.0,Not Selected,Forward,CHO,0.026829268292682926
2014-15,Mo Williams,willima01,PG,32,TOT,68,33,1980,8.8,22.2,0.397,3.1,9.0,0.342,5.7,13.2,0.434,4.2,4.8,0.872,0.6,3.9,4.5,11.0,1.2,0.4,4.4,4.2,24.9,102.0,112.0,2015,Mo Williams-2015,0.0,Not Selected,Guard,TOT,0.03333333333333333
2014-15,Reggie Williams,willire02,SF,28,SAS,20,0,105,7.3,19.0,0.385,1.5,9.3,0.158,5.9,9.8,0.6,2.0,2.0,1.0,2.4,5.9,8.3,4.9,0.5,0.0,1.0,5.9,18.0,104.0,107.0,2015,Reggie Williams-2015,0.0,Not Selected,Forward,SAS,0.044715447154471545
2014-15,Shawne Williams,willish03,SF,28,TOT,63,22,1087,5.9,14.5,0.40299999999999997,3.1,8.6,0.36,2.8,5.9,0.467,1.7,1.9,0.875,1.7,6.3,8.0,2.1,1.2,1.0,1.5,6.5,16.5,109.0,108.0,2015,Shawne Williams-2015,0.0,Not Selected,Forward,TOT,0.03333333333333333
2014-15,Jeff Withey,witheje01,C,24,NOP,37,0,259,6.5,13.0,0.5,0.0,0.0,0.0,6.5,13.0,0.5,6.9,10.1,0.68,4.7,8.3,13.0,2.2,0.8,3.7,2.4,5.3,19.9,116.0,105.0,2015,Jeff Withey-2015,0.0,Not Selected,Center,NOP,0.036585365853658534
2014-15,Nate Wolters,woltena01,PG,23,TOT,21,0,247,4.2,11.9,0.35100000000000003,0.0,1.5,0.0,4.2,10.5,0.4,0.4,1.3,0.33299999999999996,1.7,5.4,7.1,4.4,1.7,0.4,2.7,3.8,8.8,77.0,106.0,2015,Nate Wolters-2015,0.0,Not Selected,Guard,TOT,0.03333333333333333
2014-15,Brandan Wright,wrighbr03,PF,27,TOT,75,7,1449,8.1,12.5,0.642,0.0,0.1,0.0,8.1,12.4,0.647,2.7,3.9,0.696,4.4,6.7,11.1,1.4,1.7,3.2,1.2,3.5,18.8,133.0,104.0,2015,Brandan Wright-2015,0.0,Not Selected,Forward,TOT,0.03333333333333333
2014-15,Dorell Wright,wrighdo01,SF,29,POR,48,2,592,6.2,16.4,0.379,3.5,9.3,0.38,2.7,7.1,0.37799999999999995,2.9,3.6,0.81,1.2,8.3,9.6,3.5,1.7,0.9,1.5,4.7,18.8,109.0,102.0,2015,Dorell Wright-2015,0.0,Not Selected,Forward,POR,0.041463414634146344
2014-15,Tony Wroten,wroteto01,PG,21,PHI,30,15,895,9.8,24.3,0.40299999999999997,2.1,8.0,0.261,7.7,16.4,0.473,6.7,10.1,0.667,1.2,3.6,4.8,8.8,2.7,0.4,6.3,4.0,28.4,94.0,106.0,2015,Tony Wroten-2015,0.0,Not Selected,Guard,PHI,0.014634146341463415
2014-15,James Young,youngja01,SG,19,BOS,31,0,332,5.4,15.4,0.353,2.6,10.0,0.258,2.9,5.4,0.528,2.4,4.4,0.552,1.4,5.0,6.3,2.0,1.2,0.3,0.8,3.3,15.8,99.0,107.0,2015,James Young-2015,0.0,Not Selected,Guard,BOS,0.032520325203252036
2014-15,Nick Young,youngni01,SG,29,LAL,42,0,1000,8.9,24.3,0.366,4.2,11.5,0.369,4.6,12.8,0.363,6.7,7.6,0.892,0.9,4.0,4.9,2.1,1.2,0.6,2.2,4.2,28.8,105.0,113.0,2015,Nick Young-2015,0.0,Not Selected,Guard,LAL,0.01707317073170732
2014-15,Thaddeus Young,youngth01,PF,26,TOT,76,68,2434,9.5,20.3,0.466,0.8,2.4,0.33,8.7,17.9,0.484,2.8,4.2,0.655,2.7,6.0,8.6,3.6,2.6,0.5,2.5,3.6,22.5,102.0,109.0,2015,Thaddeus Young-2015,0.0,Not Selected,Forward,TOT,0.03333333333333333
2014-15,Cody Zeller,zelleco01,C,22,CHO,62,45,1487,6.0,13.0,0.461,0.0,0.0,1.0,5.9,12.9,0.46,4.4,5.7,0.774,3.4,9.2,12.6,3.5,1.2,1.7,2.2,5.4,16.4,108.0,102.0,2015,Cody Zeller-2015,0.0,Not Selected,Center,CHO,0.026829268292682926
2014-15,Tyler Zeller,zellety01,C,25,BOS,82,59,1731,9.8,17.9,0.5489999999999999,0.0,0.0,0.0,9.8,17.9,0.5489999999999999,4.4,5.4,0.823,4.2,9.2,13.5,3.3,0.5,1.5,2.2,5.9,24.1,119.0,105.0,2015,Tyler Zeller-2015,0.0,Not Selected,Center,BOS,0.032520325203252036
2015-16,Quincy Acy,acyqu01,PF,25,SAC,59,29,876,6.5,11.7,0.556,1.0,2.7,0.38799999999999996,5.5,9.0,0.606,2.7,3.7,0.735,3.6,6.7,10.3,1.5,1.6,1.3,1.5,5.6,16.8,124.0,108.0,2016,Quincy Acy-2016,0.0,Not Selected,Forward,SAC,0.026829268292682926
2015-16,Jordan Adams,adamsjo01,SG,21,MEM,2,0,15,6.9,20.6,0.33299999999999996,0.0,3.4,0.0,6.9,17.2,0.4,10.3,17.2,0.6,0.0,6.9,6.9,10.3,10.3,0.0,6.9,6.9,24.0,84.0,90.0,2016,Jordan Adams-2016,0.0,Not Selected,Guard,MEM,0.03414634146341464
2015-16,Steven Adams,adamsst01,C,22,OKC,80,80,2014,6.4,10.5,0.613,0.0,0.0,0.0,6.4,10.5,0.613,2.8,4.8,0.5820000000000001,5.4,7.7,13.1,1.5,1.0,2.2,2.1,5.5,15.7,123.0,105.0,2016,Steven Adams-2016,0.0,Not Selected,Center,OKC,0.044715447154471545
2015-16,Arron Afflalo,afflaar01,SG,30,NYK,71,57,2371,7.7,17.3,0.44299999999999995,2.0,5.2,0.382,5.7,12.2,0.469,2.4,2.8,0.84,0.5,5.3,5.8,3.1,0.5,0.2,1.8,3.1,19.7,105.0,112.0,2016,Arron Afflalo-2016,0.0,Not Selected,Guard,NYK,0.026016260162601626
2015-16,Alexis Ajinça,ajincal01,C,27,NOP,59,17,861,8.6,18.1,0.47600000000000003,0.0,0.1,0.0,8.6,18.1,0.478,3.0,3.6,0.8390000000000001,4.3,11.2,15.5,1.8,1.1,2.1,3.1,7.7,20.3,100.0,107.0,2016,Alexis Ajinça-2016,0.0,Not Selected,Center,NOP,0.024390243902439025
2015-16,Cole Aldrich,aldrico01,C,27,LAC,60,5,800,8.4,14.1,0.596,0.0,0.0,0.0,8.4,14.1,0.596,3.8,5.3,0.7140000000000001,5.4,12.7,18.0,3.1,2.9,4.3,4.0,8.7,20.5,113.0,94.0,2016,Cole Aldrich-2016,0.0,Not Selected,Center,LAC,0.043089430894308944
2015-16,LaMarcus Aldridge,aldrila01,PF,30,SAS,74,74,2261,12.1,23.7,0.513,0.0,0.4,0.0,12.1,23.3,0.521,5.9,6.8,0.858,4.0,10.3,14.3,2.5,0.9,1.8,2.2,3.4,30.1,114.0,99.0,2016,LaMarcus Aldridge-2016,3.0,3rd,Forward,SAS,0.05447154471544716
2015-16,Cliff Alexander,alexacl01,PF,20,POR,8,0,36,6.9,13.9,0.5,0.0,0.0,0.0,6.9,13.9,0.5,0.0,0.0,0.0,2.8,5.6,8.3,0.0,1.4,2.8,1.4,1.4,13.9,100.0,107.0,2016,Cliff Alexander-2016,0.0,Not Selected,Forward,POR,0.03577235772357724
2015-16,Lavoy Allen,allenla01,PF,26,IND,79,28,1599,5.9,11.5,0.516,0.0,0.0,0.0,5.9,11.5,0.516,1.4,2.3,0.63,5.0,8.1,13.2,2.4,0.8,1.3,2.1,4.6,13.3,110.0,104.0,2016,Lavoy Allen-2016,0.0,Not Selected,Forward,IND,0.036585365853658534
2015-16,Tony Allen,allento01,SG,34,MEM,64,57,1620,6.8,14.9,0.45799999999999996,0.5,1.3,0.35700000000000004,6.4,13.6,0.46799999999999997,2.9,4.4,0.652,3.3,6.1,9.4,2.2,3.5,0.6,2.5,5.6,17.0,101.0,105.0,2016,Tony Allen-2016,0.0,Not Selected,Guard,MEM,0.03414634146341464
2015-16,Al-Farouq Aminu,aminual01,SF,25,POR,82,82,2341,6.4,15.4,0.41600000000000004,2.7,7.5,0.361,3.7,7.9,0.46799999999999997,2.5,3.3,0.737,2.1,8.6,10.7,2.9,1.5,1.1,2.6,3.7,17.9,105.0,107.0,2016,Al-Farouq Aminu-2016,0.0,Not Selected,Forward,POR,0.03577235772357724
2015-16,Lou Amundson,amundlo01,PF,33,NYK,29,0,204,4.8,13.4,0.358,0.0,0.0,0.0,4.8,13.4,0.358,3.5,6.8,0.519,5.8,6.6,12.3,3.0,1.5,1.8,3.8,11.1,13.1,87.0,106.0,2016,Lou Amundson-2016,0.0,Not Selected,Forward,NYK,0.026016260162601626
2015-16,Chris Andersen,anderch01,C,37,TOT,27,15,402,4.9,9.2,0.528,0.5,1.8,0.28600000000000003,4.4,7.4,0.586,3.2,4.6,0.6940000000000001,4.6,7.9,12.5,1.5,1.9,1.7,1.2,3.7,13.4,127.0,106.0,2016,Chris Andersen-2016,0.0,Not Selected,Center,TOT,0.03333333333333333
2015-16,Alan Anderson,anderal01,SG,33,WAS,13,0,192,5.3,15.0,0.35600000000000004,3.0,9.4,0.324,2.3,5.6,0.409,2.8,3.8,0.733,0.3,6.6,6.9,3.6,1.0,0.3,0.5,6.3,16.5,107.0,108.0,2016,Alan Anderson-2016,0.0,Not Selected,Guard,WAS,0.03333333333333333
2015-16,James Anderson,anderja01,SG,26,SAC,51,15,721,4.5,11.9,0.376,1.5,5.7,0.267,2.9,6.1,0.478,1.5,1.9,0.759,0.9,4.9,5.7,2.7,1.4,0.9,2.8,3.6,11.9,87.0,111.0,2016,James Anderson-2016,0.0,Not Selected,Guard,SAC,0.026829268292682926
2015-16,Justin Anderson,anderju01,SF,22,DAL,55,9,647,5.6,13.8,0.406,1.7,6.5,0.265,3.9,7.2,0.5329999999999999,3.5,4.3,0.8,1.4,9.0,10.4,2.3,1.5,2.0,1.9,3.5,16.4,103.0,104.0,2016,Justin Anderson-2016,0.0,Not Selected,Forward,DAL,0.03414634146341464
2015-16,Kyle Anderson,anderky01,SF,22,SAS,78,11,1245,5.7,12.1,0.46799999999999997,0.5,1.5,0.324,5.2,10.6,0.488,2.5,3.4,0.747,1.0,9.0,10.0,5.1,2.5,1.2,2.4,4.0,14.4,104.0,97.0,2016,Kyle Anderson-2016,0.0,Not Selected,Forward,SAS,0.05447154471544716
2015-16,Ryan Anderson,anderry01,PF,27,NOP,66,7,2008,9.8,22.9,0.42700000000000005,3.2,8.8,0.366,6.6,14.1,0.466,4.9,5.6,0.873,3.2,6.5,9.8,1.8,0.9,0.6,2.2,2.7,27.8,108.0,112.0,2016,Ryan Anderson-2016,0.0,Not Selected,Forward,NOP,0.024390243902439025
2015-16,Giannis Antetokounmpo,antetgi01,PG,21,MIL,80,79,2823,9.3,18.3,0.506,0.5,2.0,0.257,8.8,16.3,0.537,5.3,7.4,0.7240000000000001,2.0,9.0,11.0,6.2,1.7,2.0,3.8,4.7,24.4,109.0,106.0,2016,Giannis Antetokounmpo-2016,0.0,Not Selected,Guard,MIL,0.026829268292682926
2015-16,Thanasis Antetokounmpo,antetth01,SF,23,NYK,2,0,6,25.7,34.3,0.75,0.0,8.6,0.0,25.7,25.7,1.0,0.0,0.0,0.0,0.0,8.6,8.6,0.0,0.0,0.0,0.0,17.1,51.4,140.0,110.0,2016,Thanasis Antetokounmpo-2016,0.0,Not Selected,Forward,NYK,0.026016260162601626
2015-16,Carmelo Anthony,anthoca01,SF,31,NYK,72,72,2530,11.5,26.6,0.434,2.1,6.3,0.33899999999999997,9.4,20.3,0.46299999999999997,6.8,8.2,0.8290000000000001,2.0,9.3,11.3,6.1,1.3,0.8,3.6,3.7,32.0,107.0,107.0,2016,Carmelo Anthony-2016,0.0,Not Selected,Forward,NYK,0.026016260162601626
2015-16,Joel Anthony,anthojo01,C,33,DET,19,0,96,3.2,5.3,0.6,0.0,0.0,0.0,3.2,5.3,0.6,3.2,4.2,0.75,4.2,6.8,11.0,0.5,1.1,6.3,1.1,7.9,9.5,136.0,99.0,2016,Joel Anthony-2016,0.0,Not Selected,Center,DET,0.03577235772357724
2015-16,Keith Appling,applike01,PG,23,ORL,5,0,27,3.7,14.8,0.25,0.0,5.6,0.0,3.7,9.3,0.4,3.7,3.7,1.0,0.0,1.9,1.9,1.9,1.9,0.0,5.6,9.3,11.1,57.0,110.0,2016,Keith Appling-2016,0.0,Not Selected,Guard,ORL,0.028455284552845527
2015-16,Trevor Ariza,arizatr01,SF,30,HOU,81,81,2859,6.1,14.8,0.41600000000000004,3.2,8.6,0.371,3.0,6.2,0.478,2.2,2.8,0.7829999999999999,1.2,5.1,6.3,3.2,2.8,0.4,1.9,3.0,17.6,110.0,108.0,2016,Trevor Ariza-2016,0.0,Not Selected,Forward,HOU,0.03333333333333333
2015-16,Darrell Arthur,arthuda01,PF,27,DEN,70,16,1516,7.3,16.2,0.452,1.5,3.9,0.385,5.8,12.3,0.473,1.3,1.8,0.755,2.8,6.8,9.7,3.2,1.8,1.6,2.2,6.1,17.4,104.0,108.0,2016,Darrell Arthur-2016,0.0,Not Selected,Forward,DEN,0.026829268292682926
2015-16,Ömer Aşık,asikom01,C,29,NOP,68,64,1178,4.4,8.2,0.5329999999999999,0.0,0.0,0.0,4.4,8.2,0.5329999999999999,2.6,4.7,0.545,5.1,12.4,17.4,1.1,0.9,1.0,2.5,5.2,11.3,106.0,108.0,2016,Ömer Aşık-2016,0.0,Not Selected,Center,NOP,0.024390243902439025
2015-16,D.J. Augustin,augusdj01,PG,28,TOT,62,0,1178,6.3,14.8,0.423,2.9,7.1,0.405,3.4,7.7,0.44,4.4,5.4,0.805,0.3,3.7,4.0,8.4,1.6,0.2,3.6,3.6,19.8,113.0,111.0,2016,D.J. Augustin-2016,0.0,Not Selected,Guard,TOT,0.03333333333333333
2015-16,Jeff Ayres,pendeje02,C,28,LAC,17,0,107,5.6,10.8,0.522,0.0,0.5,0.0,5.6,10.3,0.545,2.8,2.8,1.0,1.9,8.4,10.3,2.3,0.0,1.4,2.8,8.4,14.0,105.0,106.0,2016,Jeff Ayres-2016,0.0,Not Selected,Center,LAC,0.043089430894308944
2015-16,Luke Babbitt,babbilu01,SF,26,NOP,47,13,845,7.2,17.0,0.42200000000000004,2.6,6.4,0.40399999999999997,4.6,10.6,0.433,2.3,2.9,0.78,1.5,7.2,8.7,3.1,0.6,0.4,1.3,5.3,19.2,107.0,112.0,2016,Luke Babbitt-2016,0.0,Not Selected,Forward,NOP,0.024390243902439025
2015-16,Cameron Bairstow,bairsca01,C,25,CHI,18,2,103,6.3,19.5,0.325,0.5,2.4,0.2,5.8,17.0,0.34299999999999997,3.4,3.9,0.875,1.9,11.7,13.6,2.9,1.0,1.5,1.9,9.2,16.6,86.0,104.0,2016,Cameron Bairstow-2016,0.0,Not Selected,Center,CHI,0.03414634146341464
2015-16,Leandro Barbosa,barbole01,SG,33,GSW,68,0,1079,7.7,16.6,0.462,1.7,4.9,0.355,5.9,11.6,0.508,2.3,2.8,0.8390000000000001,1.3,4.0,5.2,3.7,2.0,0.4,2.4,4.8,19.4,106.0,106.0,2016,Leandro Barbosa-2016,0.0,Not Selected,Guard,GSW,0.05934959349593496
2015-16,J.J. Barea,bareajo01,PG,31,DAL,74,16,1667,9.7,21.7,0.446,3.1,7.9,0.385,6.6,13.8,0.48100000000000004,2.3,2.9,0.7709999999999999,0.8,3.8,4.6,9.2,0.8,0.1,3.5,3.4,24.7,106.0,111.0,2016,J.J. Barea-2016,0.0,Not Selected,Guard,DAL,0.03414634146341464
2015-16,Andrea Bargnani,bargnan01,C,30,BRK,46,0,634,10.1,22.2,0.455,0.2,1.3,0.188,9.9,20.9,0.47100000000000003,3.7,4.5,0.825,2.2,5.5,7.7,1.4,0.3,0.7,2.1,4.8,24.2,100.0,115.0,2016,Andrea Bargnani-2016,0.0,Not Selected,Center,BRK,0.01707317073170732
2015-16,Harrison Barnes,barneha02,SF,23,GSW,66,59,2042,7.0,15.0,0.466,1.9,5.1,0.38299999999999995,5.0,9.9,0.508,2.4,3.2,0.7609999999999999,1.8,5.9,7.7,2.8,1.0,0.2,1.3,3.2,18.3,114.0,107.0,2016,Harrison Barnes-2016,0.0,Not Selected,Forward,GSW,0.05934959349593496
2015-16,Matt Barnes,barnema02,SF,35,MEM,76,45,2190,6.2,16.3,0.381,2.8,8.7,0.322,3.4,7.6,0.449,2.6,3.2,0.804,2.0,7.9,9.9,3.8,1.8,1.3,2.8,5.5,17.8,99.0,107.0,2016,Matt Barnes-2016,0.0,Not Selected,Forward,MEM,0.03414634146341464
2015-16,Will Barton,bartowi01,SG,25,DEN,82,1,2353,9.1,20.9,0.43200000000000005,2.4,6.9,0.345,6.7,14.0,0.47600000000000003,4.6,5.7,0.8059999999999999,1.3,8.9,10.1,4.3,1.5,0.8,3.0,3.1,25.1,105.0,108.0,2016,Will Barton-2016,0.0,Not Selected,Guard,DEN,0.026829268292682926
2015-16,Brandon Bass,bassbr01,PF,30,LAL,66,0,1342,6.5,11.9,0.5489999999999999,0.0,0.1,0.0,6.5,11.8,0.552,4.7,5.5,0.845,3.9,6.8,10.7,2.8,1.2,2.1,1.6,4.7,17.7,127.0,111.0,2016,Brandon Bass-2016,0.0,Not Selected,Forward,LAL,0.013821138211382113
2015-16,Nicolas Batum,batumni01,SF,27,CHO,70,70,2448,7.6,17.9,0.426,2.8,8.2,0.348,4.8,9.7,0.49200000000000005,3.3,3.9,0.8490000000000001,1.1,7.6,8.8,8.3,1.3,0.9,4.2,2.3,21.4,104.0,105.0,2016,Nicolas Batum-2016,0.0,Not Selected,Forward,CHO,0.03902439024390244
2015-16,Jerryd Bayless,bayleje01,SG,27,MIL,52,18,1505,6.3,14.8,0.423,3.4,7.8,0.43700000000000006,2.8,7.0,0.408,2.4,3.0,0.778,0.7,4.1,4.8,5.5,1.6,0.4,2.5,3.8,18.3,110.0,112.0,2016,Jerryd Bayless-2016,0.0,Not Selected,Guard,MIL,0.026829268292682926
2015-16,Aron Baynes,baynear01,C,29,DET,81,1,1233,7.9,15.7,0.505,0.0,0.1,0.0,7.9,15.6,0.508,5.2,6.8,0.764,5.7,10.0,15.7,2.1,0.9,2.1,2.7,6.2,21.0,114.0,104.0,2016,Aron Baynes-2016,0.0,Not Selected,Center,DET,0.03577235772357724
2015-16,Kent Bazemore,bazemke01,SF,26,ATL,75,68,2083,7.6,17.2,0.441,2.6,7.2,0.35700000000000004,5.0,10.0,0.502,2.9,3.6,0.815,0.7,8.3,9.0,4.1,2.3,0.9,3.3,4.2,20.7,99.0,100.0,2016,Kent Bazemore-2016,0.0,Not Selected,Forward,ATL,0.03902439024390244
2015-16,Bradley Beal,bealbr01,SG,22,WAS,55,35,1708,10.2,22.8,0.449,3.0,7.7,0.387,7.2,15.1,0.48100000000000004,3.9,5.0,0.767,1.2,4.2,5.4,4.6,1.5,0.3,3.2,3.3,27.3,103.0,108.0,2016,Bradley Beal-2016,0.0,Not Selected,Guard,WAS,0.03333333333333333
2015-16,Michael Beasley,beaslmi01,PF,27,HOU,20,0,363,14.5,27.8,0.522,0.4,1.2,0.33299999999999996,14.1,26.5,0.531,5.1,6.6,0.7759999999999999,3.9,9.3,13.3,2.2,1.5,1.2,3.3,5.3,34.5,108.0,107.0,2016,Michael Beasley-2016,0.0,Not Selected,Forward,HOU,0.03333333333333333
2015-16,Marco Belinelli,belinma01,SG,29,SAC,68,7,1672,7.0,18.2,0.386,2.6,8.5,0.306,4.4,9.7,0.456,3.3,4.0,0.833,0.3,3.1,3.4,3.6,1.1,0.1,2.3,2.6,20.0,99.0,113.0,2016,Marco Belinelli-2016,0.0,Not Selected,Guard,SAC,0.026829268292682926
2015-16,Anthony Bennett,bennean01,PF,22,TOR,19,0,84,4.9,16.6,0.29600000000000004,1.8,8.6,0.214,3.1,8.0,0.385,5.5,6.2,0.9,3.7,10.5,14.1,0.0,3.1,0.0,2.5,4.9,17.2,94.0,102.0,2016,Anthony Bennett-2016,0.0,Not Selected,Forward,TOR,0.04552845528455285
2015-16,Patrick Beverley,beverpa01,PG,27,HOU,71,63,2041,6.2,14.3,0.434,3.0,7.5,0.4,3.2,6.8,0.47200000000000003,1.4,2.1,0.682,1.8,4.3,6.0,5.8,2.3,0.6,2.2,5.6,16.9,114.0,110.0,2016,Patrick Beverley-2016,0.0,Not Selected,Guard,HOU,0.03333333333333333
2015-16,Bismack Biyombo,biyombi01,C,23,TOR,82,22,1808,4.5,8.2,0.542,0.0,0.0,0.0,4.5,8.2,0.544,4.1,6.5,0.628,5.2,13.5,18.7,0.8,0.5,3.8,2.0,6.4,13.0,118.0,101.0,2016,Bismack Biyombo-2016,0.0,Not Selected,Center,TOR,0.04552845528455285
2015-16,Nemanja Bjelica,bjeline01,PF,27,MIN,60,0,1075,5.2,11.0,0.46799999999999997,2.3,5.9,0.384,2.9,5.2,0.564,1.9,2.6,0.727,2.3,7.5,9.8,3.9,1.2,1.0,2.2,7.2,14.4,114.0,110.0,2016,Nemanja Bjelica-2016,0.0,Not Selected,Forward,MIN,0.023577235772357725
2015-16,Tarik Black,blackta01,C,24,LAL,39,0,496,5.8,10.5,0.5479999999999999,0.0,0.0,0.0,5.8,10.5,0.5479999999999999,1.9,4.6,0.42200000000000004,4.5,11.4,15.9,1.6,1.4,1.8,2.2,7.9,13.5,105.0,108.0,2016,Tarik Black-2016,0.0,Not Selected,Center,LAL,0.013821138211382113
2015-16,DeJuan Blair,blairde01,C,26,WAS,29,0,218,6.3,15.2,0.41200000000000003,0.0,0.2,0.0,6.3,15.0,0.418,1.1,2.9,0.385,4.5,8.3,12.7,2.5,1.8,0.4,3.4,11.9,13.6,85.0,105.0,2016,DeJuan Blair-2016,0.0,Not Selected,Center,WAS,0.03333333333333333
2015-16,Steve Blake,blakest01,PG,35,DET,58,2,986,4.8,12.3,0.38799999999999996,2.7,7.7,0.344,2.1,4.6,0.461,0.8,1.0,0.8,0.5,4.1,4.6,10.2,1.2,0.3,4.1,3.6,13.0,101.0,108.0,2016,Steve Blake-2016,0.0,Not Selected,Guard,DET,0.03577235772357724
2015-16,Eric Bledsoe,bledser01,PG,26,PHO,31,31,1059,10.3,22.6,0.45299999999999996,2.2,5.9,0.37200000000000005,8.1,16.7,0.48200000000000004,6.3,7.9,0.802,0.8,4.9,5.8,8.7,2.9,0.9,5.1,3.5,29.1,107.0,107.0,2016,Eric Bledsoe-2016,0.0,Not Selected,Guard,PHO,0.01869918699186992
2015-16,Bojan Bogdanović,bogdabo02,SF,26,BRK,79,39,2115,7.7,17.8,0.433,3.1,8.1,0.382,4.6,9.8,0.474,2.6,3.1,0.833,0.9,5.2,6.1,2.4,0.7,0.1,2.7,2.8,21.1,102.0,115.0,2016,Bojan Bogdanović-2016,0.0,Not Selected,Forward,BRK,0.01707317073170732
2015-16,Andrew Bogut,bogutan01,C,31,GSW,70,66,1451,5.8,9.3,0.627,0.0,0.0,1.0,5.8,9.3,0.626,0.8,1.7,0.48,4.0,12.4,16.4,5.4,1.1,3.8,2.8,7.4,12.5,120.0,99.0,2016,Andrew Bogut-2016,0.0,Not Selected,Center,GSW,0.05934959349593496
2015-16,Matt Bonner,bonnema01,C,35,SAS,30,2,206,7.2,14.2,0.509,3.7,8.4,0.441,3.5,5.7,0.609,0.7,1.0,0.75,0.7,6.0,6.7,2.2,1.5,0.2,0.7,4.0,18.9,126.0,102.0,2016,Matt Bonner-2016,0.0,Not Selected,Center,SAS,0.05447154471544716
2015-16,Devin Booker,bookede01,SG,19,PHO,76,51,2108,8.5,20.0,0.423,2.3,6.7,0.34299999999999997,6.2,13.4,0.46399999999999997,5.0,5.9,0.84,0.6,3.7,4.3,4.6,1.0,0.5,3.7,5.2,24.2,102.0,112.0,2016,Devin Booker-2016,0.0,Not Selected,Guard,PHO,0.01869918699186992
2015-16,Trevor Booker,booketr01,PF,28,UTA,79,2,1632,6.1,12.5,0.49,0.4,1.3,0.293,5.8,11.2,0.513,2.3,3.4,0.67,5.4,9.2,14.6,2.7,1.9,1.3,2.6,5.5,15.0,109.0,102.0,2016,Trevor Booker-2016,0.0,Not Selected,Forward,UTA,0.032520325203252036
2015-16,Chris Bosh,boshch01,PF,31,MIA,53,53,1778,10.3,22.1,0.467,2.3,6.4,0.365,8.0,15.7,0.508,6.1,7.7,0.795,1.4,9.9,11.3,3.7,1.0,1.0,2.3,2.9,29.1,114.0,104.0,2016,Chris Bosh-2016,0.0,Not Selected,Forward,MIA,0.03902439024390244
2015-16,Avery Bradley,bradlav01,SG,25,BOS,76,72,2536,8.8,19.6,0.447,2.8,7.8,0.361,5.9,11.8,0.505,1.8,2.4,0.78,0.9,3.3,4.2,3.0,2.2,0.4,2.1,3.2,22.2,105.0,106.0,2016,Avery Bradley-2016,0.0,Not Selected,Guard,BOS,0.03902439024390244
2015-16,Elton Brand,brandel01,C,36,PHI,17,1,225,6.8,15.7,0.431,0.0,0.2,0.0,6.8,15.5,0.43700000000000006,1.7,2.0,0.889,2.0,11.8,13.7,3.9,2.0,1.7,2.4,7.0,15.2,93.0,105.0,2016,Elton Brand-2016,0.0,Not Selected,Center,PHI,0.008130081300813009
2015-16,Corey Brewer,breweco01,SF,29,HOU,82,12,1669,6.2,16.3,0.384,1.8,6.6,0.272,4.4,9.7,0.46,3.1,4.1,0.75,1.2,4.6,5.9,3.2,2.5,0.6,2.3,4.9,17.4,98.0,109.0,2016,Corey Brewer-2016,0.0,Not Selected,Forward,HOU,0.03333333333333333
2015-16,Aaron Brooks,brookaa01,PG,31,CHI,69,0,1108,8.5,21.2,0.401,3.0,8.4,0.35700000000000004,5.5,12.9,0.43,2.2,2.9,0.7659999999999999,1.0,3.6,4.6,8.1,1.4,0.5,3.7,6.0,22.2,99.0,109.0,2016,Aaron Brooks-2016,0.0,Not Selected,Guard,CHI,0.03414634146341464
2015-16,Anthony Brown,brownan02,SF,23,LAL,29,11,599,3.3,10.6,0.31,1.7,5.9,0.28600000000000003,1.6,4.7,0.33899999999999997,1.4,1.7,0.85,0.8,5.1,5.9,1.6,1.2,0.4,1.3,2.9,9.6,88.0,114.0,2016,Anthony Brown-2016,0.0,Not Selected,Forward,LAL,0.013821138211382113
2015-16,Lorenzo Brown,brownlo01,PG,25,PHO,8,0,61,6.4,20.0,0.32,0.8,6.4,0.125,5.6,13.6,0.41200000000000003,2.4,3.2,0.75,0.0,5.6,5.6,8.8,2.4,0.8,7.2,3.2,16.0,72.0,108.0,2016,Lorenzo Brown-2016,0.0,Not Selected,Guard,PHO,0.01869918699186992
2015-16,Markel Brown,brownma02,SG,24,BRK,62,6,982,6.5,16.5,0.39399999999999996,2.0,6.2,0.314,4.6,10.3,0.44299999999999995,3.6,4.8,0.755,1.2,5.1,6.3,4.7,2.0,0.8,2.8,4.8,18.6,99.0,111.0,2016,Markel Brown-2016,0.0,Not Selected,Guard,BRK,0.01707317073170732
2015-16,Kobe Bryant,bryanko01,SF,37,LAL,66,66,1863,10.7,30.0,0.358,3.6,12.6,0.285,7.1,17.4,0.41,6.3,7.6,0.826,1.1,5.6,6.7,5.0,1.7,0.4,3.5,3.1,31.3,95.0,113.0,2016,Kobe Bryant-2016,0.0,Not Selected,Forward,LAL,0.013821138211382113
2015-16,Chase Budinger,budinch01,SF,27,TOT,66,2,929,5.5,12.7,0.435,1.3,4.6,0.27899999999999997,4.3,8.1,0.523,2.1,3.0,0.696,2.3,5.7,8.0,3.4,1.7,0.5,2.3,3.3,14.4,102.0,106.0,2016,Chase Budinger-2016,0.0,Not Selected,Forward,TOT,0.03333333333333333
2015-16,Reggie Bullock,bullore01,SF,24,DET,37,0,429,5.1,11.5,0.439,2.6,6.2,0.415,2.5,5.3,0.467,1.6,1.8,0.9329999999999999,1.6,6.4,8.0,3.2,1.2,0.2,0.9,3.4,14.4,125.0,107.0,2016,Reggie Bullock-2016,0.0,Not Selected,Forward,DET,0.03577235772357724
2015-16,Trey Burke,burketr01,PG,23,UTA,64,0,1366,10.1,24.5,0.413,3.4,9.9,0.344,6.7,14.6,0.46,2.6,3.2,0.8170000000000001,0.7,3.6,4.3,5.7,1.4,0.2,3.1,3.3,26.2,102.0,108.0,2016,Trey Burke-2016,0.0,Not Selected,Guard,UTA,0.032520325203252036
2015-16,Alec Burks,burksal01,SG,24,UTA,31,3,797,9.1,22.1,0.41,2.1,5.2,0.405,6.9,16.9,0.41200000000000003,7.0,9.3,0.752,1.1,6.2,7.2,4.2,1.2,0.3,3.4,4.7,27.3,104.0,107.0,2016,Alec Burks-2016,0.0,Not Selected,Guard,UTA,0.032520325203252036
2015-16,Caron Butler,butleca01,SF,35,SAC,17,1,176,6.8,16.1,0.424,0.8,4.9,0.16699999999999998,6.0,11.2,0.537,2.7,3.3,0.833,1.4,4.6,6.0,2.7,2.5,0.3,0.8,5.2,17.2,106.0,109.0,2016,Caron Butler-2016,0.0,Not Selected,Forward,SAC,0.026829268292682926
2015-16,Jimmy Butler,butleji01,SG,26,CHI,67,67,2474,9.5,21.0,0.45399999999999996,1.3,4.2,0.312,8.2,16.8,0.489,8.0,9.6,0.8320000000000001,1.6,5.7,7.3,6.5,2.2,0.9,2.7,2.5,28.4,116.0,106.0,2016,Jimmy Butler-2016,0.0,Not Selected,Guard,CHI,0.03414634146341464
2015-16,Rasual Butler,butlera01,SF,36,SAS,46,0,432,5.8,12.3,0.47100000000000003,1.8,5.8,0.306,4.0,6.5,0.618,1.3,1.9,0.688,0.4,6.3,6.6,2.8,1.5,2.7,0.9,1.3,14.7,112.0,98.0,2016,Rasual Butler-2016,0.0,Not Selected,Forward,SAS,0.05447154471544716
2015-16,Bruno Caboclo,cabocbr01,SF,20,TOR,6,1,43,1.2,14.4,0.083,1.2,8.4,0.14300000000000002,0.0,6.0,0.0,0.0,0.0,0.0,1.2,1.2,2.4,1.2,2.4,1.2,4.8,2.4,3.6,29.0,107.0,2016,Bruno Caboclo-2016,0.0,Not Selected,Forward,TOR,0.04552845528455285
2015-16,José Calderón,caldejo01,PG,34,NYK,72,72,2024,5.3,11.6,0.45899999999999996,2.1,5.2,0.414,3.2,6.4,0.496,1.1,1.2,0.875,0.6,5.3,5.8,7.6,1.6,0.2,2.2,3.4,13.8,114.0,109.0,2016,José Calderón-2016,0.0,Not Selected,Guard,NYK,0.026016260162601626
2015-16,Kentavious Caldwell-Pope,caldwke01,SG,22,DET,76,76,2789,7.3,17.4,0.42,2.1,6.7,0.309,5.2,10.7,0.489,3.3,4.1,0.8109999999999999,1.3,3.8,5.1,2.5,2.0,0.3,1.9,3.0,20.0,107.0,107.0,2016,Kentavious Caldwell-Pope-2016,0.0,Not Selected,Guard,DET,0.03577235772357724
2015-16,Isaiah Canaan,canaais01,SG,24,PHI,77,39,1966,6.5,18.0,0.36,4.4,12.1,0.363,2.1,5.9,0.354,3.7,4.5,0.833,0.5,3.8,4.3,3.4,1.4,0.3,2.3,3.3,21.1,102.0,113.0,2016,Isaiah Canaan-2016,0.0,Not Selected,Guard,PHI,0.008130081300813009
2015-16,Clint Capela,capelca01,C,21,HOU,77,35,1471,7.7,13.3,0.5820000000000001,0.0,0.0,0.0,7.7,13.2,0.583,2.7,7.1,0.379,6.5,10.0,16.5,1.6,2.0,3.1,2.0,6.4,18.1,114.0,104.0,2016,Clint Capela-2016,0.0,Not Selected,Center,HOU,0.03333333333333333
2015-16,DeMarre Carroll,carrode01,SF,29,TOR,26,22,786,6.9,17.8,0.389,3.0,7.8,0.39,3.9,10.0,0.38799999999999996,2.0,3.3,0.6,2.0,6.0,8.0,1.8,2.9,0.4,1.8,4.1,18.8,100.0,104.0,2016,DeMarre Carroll-2016,0.0,Not Selected,Forward,TOR,0.04552845528455285
2015-16,Vince Carter,cartevi01,SG,39,MEM,60,3,1005,6.8,17.6,0.38799999999999996,3.0,8.7,0.349,3.8,8.9,0.425,3.6,4.3,0.833,1.6,5.9,7.5,2.9,1.9,0.8,1.8,5.2,20.2,107.0,108.0,2016,Vince Carter-2016,0.0,Not Selected,Guard,MEM,0.03414634146341464
2015-16,Michael Carter-Williams,cartemi01,PG,24,MIL,54,37,1649,7.8,17.1,0.452,0.5,1.7,0.273,7.3,15.4,0.47200000000000003,3.3,5.0,0.654,1.5,7.0,8.5,8.7,2.5,1.3,4.7,5.0,19.2,96.0,107.0,2016,Michael Carter-Williams-2016,0.0,Not Selected,Guard,MIL,0.026829268292682926
2015-16,Omri Casspi,casspom01,PF,27,SAC,69,21,1880,7.6,15.9,0.48100000000000004,2.9,7.0,0.409,4.8,8.9,0.537,2.6,4.1,0.648,1.5,9.0,10.5,2.4,1.4,0.4,2.4,3.9,20.8,109.0,108.0,2016,Omri Casspi-2016,0.0,Not Selected,Forward,SAC,0.026829268292682926
2015-16,Willie Cauley-Stein,caulewi01,C,22,SAC,66,39,1412,6.5,11.5,0.563,0.0,0.1,0.0,6.5,11.5,0.5670000000000001,2.8,4.3,0.648,4.6,7.4,12.0,1.3,1.6,2.2,1.6,5.0,15.7,119.0,107.0,2016,Willie Cauley-Stein-2016,0.0,Not Selected,Center,SAC,0.026829268292682926
2015-16,Mario Chalmers,chalmma01,PG,29,TOT,61,7,1373,6.8,16.6,0.41,1.7,5.6,0.309,5.1,11.1,0.461,8.2,9.8,0.8320000000000001,0.9,5.0,5.9,8.6,3.3,0.5,4.1,6.8,23.5,110.0,106.0,2016,Mario Chalmers-2016,0.0,Not Selected,Guard,TOT,0.03333333333333333
2015-16,Tyson Chandler,chandty01,C,33,PHO,66,60,1618,5.5,9.5,0.583,0.0,0.0,0.0,5.5,9.4,0.585,3.2,5.1,0.62,5.3,12.1,17.3,1.9,1.1,1.3,2.8,4.4,14.2,114.0,107.0,2016,Tyson Chandler-2016,0.0,Not Selected,Center,PHO,0.01869918699186992
2015-16,Rakeem Christmas,chrisra01,PF,24,IND,1,0,6,16.6,16.6,1.0,0.0,0.0,0.0,16.6,16.6,1.0,0.0,0.0,0.0,8.3,0.0,8.3,0.0,0.0,0.0,0.0,8.3,33.1,204.0,112.0,2016,Rakeem Christmas-2016,0.0,Not Selected,Forward,IND,0.036585365853658534
2015-16,Ian Clark,clarkia01,SG,24,GSW,66,1,578,7.4,16.9,0.441,2.5,7.0,0.35700000000000004,4.9,9.9,0.5,2.3,2.8,0.8240000000000001,1.1,4.6,5.7,5.4,1.4,1.1,3.6,4.8,19.7,102.0,106.0,2016,Ian Clark-2016,0.0,Not Selected,Guard,GSW,0.05934959349593496
2015-16,Coty Clarke,clarkco01,SF,23,BOS,3,0,6,16.2,32.5,0.5,16.2,16.2,1.0,0.0,16.2,0.0,0.0,0.0,0.0,0.0,8.1,8.1,0.0,0.0,0.0,8.1,0.0,48.7,96.0,108.0,2016,Coty Clarke-2016,0.0,Not Selected,Forward,BOS,0.03902439024390244
2015-16,Jordan Clarkson,clarkjo01,SG,23,LAL,79,79,2552,9.3,21.6,0.433,2.2,6.3,0.34700000000000003,7.2,15.3,0.46799999999999997,3.2,4.0,0.804,1.8,4.3,6.2,3.8,1.7,0.1,2.7,3.3,24.1,103.0,114.0,2016,Jordan Clarkson-2016,0.0,Not Selected,Guard,LAL,0.013821138211382113
2015-16,Norris Cole,coleno01,PG,27,NOP,45,23,1198,8.1,20.0,0.405,1.4,4.2,0.324,6.7,15.8,0.42700000000000005,2.2,2.7,0.8,0.4,5.8,6.3,6.9,1.5,0.2,3.1,4.2,19.7,94.0,111.0,2016,Norris Cole-2016,0.0,Not Selected,Guard,NOP,0.024390243902439025
2015-16,Darren Collison,collida01,PG,28,SAC,74,15,2219,8.2,16.8,0.486,1.9,4.7,0.401,6.3,12.1,0.519,4.2,4.9,0.858,0.6,3.1,3.7,6.9,1.6,0.1,2.8,3.1,22.4,115.0,112.0,2016,Darren Collison-2016,0.0,Not Selected,Guard,SAC,0.026829268292682926
2015-16,Nick Collison,collini01,PF,35,OKC,59,4,699,3.6,7.7,0.45899999999999996,0.0,0.1,0.0,3.6,7.6,0.467,1.6,2.3,0.6970000000000001,4.8,7.3,12.1,3.7,1.1,1.1,3.6,7.6,8.7,99.0,107.0,2016,Nick Collison-2016,0.0,Not Selected,Forward,OKC,0.044715447154471545
2015-16,Mike Conley,conlemi01,PG,28,MEM,56,56,1761,8.6,20.3,0.42200000000000004,2.3,6.3,0.363,6.3,14.1,0.449,5.6,6.7,0.8340000000000001,0.8,4.0,4.8,10.0,2.0,0.5,2.5,2.9,25.0,115.0,110.0,2016,Mike Conley-2016,0.0,Not Selected,Guard,MEM,0.03414634146341464
2015-16,Pat Connaughton,connapa01,SG,23,POR,34,0,143,4.5,17.1,0.265,1.7,7.3,0.23800000000000002,2.8,9.8,0.28600000000000003,1.7,1.7,1.0,3.8,7.3,11.2,3.5,0.7,0.0,3.5,2.1,12.6,80.0,111.0,2016,Pat Connaughton-2016,0.0,Not Selected,Guard,POR,0.03577235772357724
2015-16,Chris Copeland,copelch01,PF,31,MIL,24,1,156,5.6,16.7,0.33299999999999996,3.3,11.8,0.278,2.3,4.9,0.467,2.0,2.3,0.857,0.3,2.9,3.3,3.6,0.7,0.0,2.0,5.6,16.3,94.0,115.0,2016,Chris Copeland-2016,0.0,Not Selected,Forward,MIL,0.026829268292682926
2015-16,Bryce Cotton,cottobr01,PG,23,TOT,8,0,39,5.0,12.6,0.4,0.0,3.8,0.0,5.0,8.8,0.5710000000000001,0.0,0.0,0.0,0.0,0.0,0.0,3.8,3.8,0.0,6.3,2.5,10.1,54.0,109.0,2016,Bryce Cotton-2016,0.0,Not Selected,Guard,TOT,0.03333333333333333
2015-16,DeMarcus Cousins,couside01,C,25,SAC,65,65,2246,12.9,28.5,0.451,1.5,4.5,0.33299999999999996,11.4,24.0,0.473,10.2,14.2,0.718,3.4,12.6,16.0,4.6,2.2,2.0,5.3,5.0,37.4,103.0,103.0,2016,DeMarcus Cousins-2016,2.0,2nd,Center,SAC,0.026829268292682926
2015-16,Robert Covington,covinro01,SF,25,PHI,67,49,1903,7.1,18.3,0.385,4.4,12.4,0.353,2.7,5.9,0.452,3.6,4.6,0.7909999999999999,1.7,9.1,10.8,2.5,2.7,1.0,3.7,6.0,22.1,97.0,106.0,2016,Robert Covington-2016,0.0,Not Selected,Forward,PHI,0.008130081300813009
2015-16,Allen Crabbe,crabbal01,SG,23,POR,81,8,2105,7.4,16.1,0.45899999999999996,2.7,6.8,0.39299999999999996,4.7,9.3,0.506,2.3,2.7,0.867,0.6,4.5,5.1,2.4,1.5,0.4,1.5,4.6,19.8,114.0,110.0,2016,Allen Crabbe-2016,0.0,Not Selected,Guard,POR,0.03577235772357724
2015-16,Jamal Crawford,crawfja01,SG,35,LAC,79,5,2126,8.9,22.1,0.40399999999999997,2.8,8.1,0.34,6.2,14.0,0.44,5.8,6.4,0.904,0.5,2.9,3.4,4.3,1.2,0.3,2.7,2.9,26.4,104.0,109.0,2016,Jamal Crawford-2016,0.0,Not Selected,Guard,LAC,0.043089430894308944
2015-16,Jae Crowder,crowdja01,SF,25,BOS,73,73,2308,7.6,17.2,0.44299999999999995,2.6,7.7,0.336,5.0,9.5,0.529,4.1,5.0,0.82,1.5,6.4,7.9,2.9,2.7,0.7,1.8,4.2,21.9,113.0,102.0,2016,Jae Crowder-2016,0.0,Not Selected,Forward,BOS,0.03902439024390244
2015-16,Dante Cunningham,cunnida01,SF,28,NOP,80,46,1971,4.7,10.4,0.451,1.4,4.4,0.316,3.3,6.0,0.55,1.4,2.1,0.695,1.4,4.5,5.9,1.9,1.1,0.8,1.0,4.4,12.2,109.0,112.0,2016,Dante Cunningham-2016,0.0,Not Selected,Forward,NOP,0.024390243902439025
2015-16,Jared Cunningham,cunnija01,SG,24,TOT,44,3,410,4.5,13.2,0.34299999999999997,1.5,4.9,0.308,3.0,8.3,0.364,4.5,6.9,0.655,0.4,4.4,4.8,2.5,1.8,0.3,2.6,5.1,15.0,91.0,107.0,2016,Jared Cunningham-2016,0.0,Not Selected,Guard,TOT,0.03333333333333333
2015-16,Seth Curry,curryse01,PG,25,SAC,44,9,692,7.1,15.5,0.455,3.5,7.7,0.45,3.6,7.8,0.46,3.1,3.7,0.833,0.6,3.5,4.2,4.6,1.5,0.2,2.5,2.8,20.7,114.0,112.0,2016,Seth Curry-2016,0.0,Not Selected,Guard,SAC,0.026829268292682926
2015-16,Stephen Curry,curryst01,PG,27,GSW,79,79,2700,14.4,28.6,0.504,7.2,15.9,0.45399999999999996,7.2,12.7,0.5660000000000001,6.5,7.2,0.9079999999999999,1.2,6.5,7.7,9.4,3.0,0.3,4.7,2.9,42.5,125.0,103.0,2016,Stephen Curry-2016,1.0,1st,Guard,GSW,0.05934959349593496
2015-16,Troy Daniels,danietr01,SG,24,CHO,43,0,476,9.4,19.7,0.47600000000000003,6.2,12.9,0.484,3.2,6.9,0.462,0.5,0.9,0.556,0.7,5.3,6.0,2.2,1.2,0.3,2.5,4.2,25.5,110.0,107.0,2016,Troy Daniels-2016,0.0,Not Selected,Guard,CHO,0.03902439024390244
2015-16,Anthony Davis,davisan02,C,22,NOP,61,61,2164,12.8,26.0,0.493,0.8,2.5,0.324,12.0,23.6,0.511,7.5,9.9,0.758,3.0,11.4,14.4,2.7,1.8,2.9,2.8,3.4,33.9,110.0,104.0,2016,Anthony Davis-2016,0.0,Not Selected,Center,NOP,0.024390243902439025
2015-16,Ed Davis,davised01,PF,26,POR,81,0,1684,6.1,10.0,0.611,0.0,0.0,0.0,6.1,10.0,0.611,3.4,6.1,0.5589999999999999,6.7,11.1,17.8,2.6,1.7,2.1,1.9,6.0,15.6,128.0,104.0,2016,Ed Davis-2016,0.0,Not Selected,Forward,POR,0.03577235772357724
2015-16,Branden Dawson,dawsobr01,PF,22,LAC,6,0,29,3.5,8.6,0.4,0.0,0.0,0.0,3.5,8.6,0.4,1.7,1.7,1.0,3.5,3.5,6.9,0.0,0.0,1.7,0.0,3.5,8.6,113.0,110.0,2016,Branden Dawson-2016,0.0,Not Selected,Forward,LAC,0.043089430894308944
2015-16,Dewayne Dedmon,dedmode01,C,26,ORL,58,20,705,7.0,12.6,0.5589999999999999,0.0,0.0,0.0,7.0,12.6,0.5589999999999999,4.0,5.4,0.75,4.8,11.4,16.2,0.9,1.6,3.3,2.3,7.7,18.1,117.0,102.0,2016,Dewayne Dedmon-2016,0.0,Not Selected,Center,ORL,0.028455284552845527
2015-16,Bryce Dejean-Jones,dejeabr01,SG,23,NOP,14,11,279,5.0,12.3,0.406,2.1,5.7,0.375,2.8,6.6,0.43200000000000005,2.0,3.7,0.524,1.4,7.1,8.5,2.7,1.8,0.4,2.0,3.0,14.0,99.0,110.0,2016,Bryce Dejean-Jones-2016,0.0,Not Selected,Guard,NOP,0.024390243902439025
2015-16,Sam Dekker,dekkesa01,PF,21,HOU,3,0,6,0.0,0.0,0.0,0.0,0.0,0.0,0.0,0.0,0.0,0.0,0.0,0.0,0.0,8.2,8.2,0.0,8.2,0.0,0.0,0.0,0.0,0.0,95.0,2016,Sam Dekker-2016,0.0,Not Selected,Forward,HOU,0.03333333333333333
2015-16,Matthew Dellavedova,dellama01,PG,25,CLE,76,14,1867,5.7,14.1,0.405,2.7,6.6,0.41,3.0,7.5,0.401,1.6,1.8,0.8640000000000001,0.9,3.6,4.5,9.3,1.2,0.2,3.2,4.9,15.7,109.0,108.0,2016,Matthew Dellavedova-2016,0.0,Not Selected,Guard,CLE,0.046341463414634146
2015-16,Luol Deng,denglu01,PF,30,MIA,74,73,2394,7.3,16.0,0.455,1.9,5.5,0.344,5.4,10.5,0.513,3.1,4.1,0.755,2.3,7.2,9.5,3.0,1.6,0.6,1.7,2.6,19.5,112.0,105.0,2016,Luol Deng-2016,0.0,Not Selected,Forward,MIA,0.03902439024390244
2015-16,DeMar DeRozan,derozde01,SG,26,TOR,78,78,2804,11.3,25.4,0.446,0.9,2.6,0.33799999999999997,10.4,22.8,0.45799999999999996,10.2,12.0,0.85,1.2,5.3,6.4,5.8,1.5,0.4,3.2,3.1,33.7,113.0,108.0,2016,DeMar DeRozan-2016,0.0,Not Selected,Guard,TOR,0.04552845528455285
2015-16,Boris Diaw,diawbo01,PF,33,SAS,76,4,1386,7.5,14.1,0.527,0.9,2.5,0.36200000000000004,6.5,11.6,0.564,2.1,2.8,0.737,2.1,6.5,8.6,6.5,1.0,0.8,3.6,3.8,17.9,109.0,102.0,2016,Boris Diaw-2016,0.0,Not Selected,Forward,SAS,0.05447154471544716
2015-16,Gorgui Dieng,dienggo01,C,26,MIN,82,39,2220,7.0,13.1,0.532,0.1,0.5,0.3,6.9,12.7,0.54,4.7,5.6,0.8270000000000001,3.6,9.7,13.3,3.2,2.1,2.2,3.2,5.0,18.8,113.0,106.0,2016,Gorgui Dieng-2016,0.0,Not Selected,Center,MIN,0.023577235772357725
2015-16,Spencer Dinwiddie,dinwisp01,PG,22,DET,12,0,159,6.0,17.1,0.35200000000000004,0.3,3.2,0.1,5.7,14.0,0.409,6.0,10.5,0.5760000000000001,1.3,4.1,5.4,7.0,1.0,0.0,2.2,6.3,18.4,97.0,109.0,2016,Spencer Dinwiddie-2016,0.0,Not Selected,Guard,DET,0.03577235772357724
2015-16,Toney Douglas,douglto01,PG,29,NOP,61,18,1262,7.2,17.5,0.41100000000000003,3.2,8.0,0.39899999999999997,4.0,9.5,0.42100000000000004,3.3,3.9,0.848,1.0,4.6,5.6,6.2,2.8,0.2,2.5,5.1,20.9,108.0,109.0,2016,Toney Douglas-2016,0.0,Not Selected,Guard,NOP,0.024390243902439025
2015-16,Goran Dragić,dragigo01,PG,29,MIA,72,72,2363,9.1,19.0,0.47700000000000004,1.4,4.4,0.312,7.7,14.5,0.527,2.6,3.6,0.727,1.2,4.8,6.0,9.1,1.5,0.4,4.0,4.1,22.1,105.0,107.0,2016,Goran Dragić-2016,0.0,Not Selected,Guard,MIA,0.03902439024390244
2015-16,Andre Drummond,drumman01,C,22,DET,81,81,2666,10.5,20.1,0.521,0.0,0.1,0.33299999999999996,10.4,20.0,0.522,3.9,11.1,0.355,7.5,15.2,22.7,1.3,2.3,2.1,2.9,4.6,24.9,103.0,98.0,2016,Andre Drummond-2016,3.0,3rd,Center,DET,0.03577235772357724
2015-16,Jared Dudley,dudleja01,PF,30,WAS,81,41,2098,5.4,11.3,0.478,2.3,5.5,0.42,3.1,5.8,0.534,1.7,2.3,0.735,1.3,5.4,6.6,4.0,1.7,0.4,1.9,4.4,14.8,114.0,107.0,2016,Jared Dudley-2016,0.0,Not Selected,Forward,WAS,0.03333333333333333
2015-16,Duje Dukan,dukandu01,SF,24,SAC,1,0,24,4.0,20.0,0.2,4.0,10.0,0.4,0.0,10.0,0.0,0.0,0.0,0.0,4.0,4.0,8.0,2.0,2.0,0.0,0.0,4.0,12.0,82.0,111.0,2016,Duje Dukan-2016,0.0,Not Selected,Forward,SAC,0.026829268292682926
2015-16,Tim Duncan,duncati01,C,39,SAS,61,60,1536,7.2,14.7,0.488,0.0,0.1,0.0,7.2,14.6,0.49,3.1,4.4,0.7020000000000001,3.8,11.1,14.9,5.4,1.6,2.6,3.0,4.2,17.4,107.0,96.0,2016,Tim Duncan-2016,0.0,Not Selected,Center,SAS,0.05447154471544716
2015-16,Mike Dunleavy,dunlemi02,SF,35,CHI,31,30,703,5.5,13.4,0.41,2.8,7.1,0.39399999999999996,2.7,6.3,0.42700000000000005,2.1,2.6,0.784,0.6,5.3,5.9,2.8,1.0,0.7,1.9,4.7,15.8,105.0,109.0,2016,Mike Dunleavy-2016,0.0,Not Selected,Forward,CHI,0.03414634146341464
2015-16,Kevin Durant,duranke01,SF,27,OKC,72,72,2578,13.4,26.6,0.505,3.6,9.3,0.387,9.9,17.3,0.569,8.6,9.6,0.898,0.9,10.5,11.3,7.0,1.3,1.6,4.8,2.6,39.1,122.0,104.0,2016,Kevin Durant-2016,2.0,2nd,Forward,OKC,0.044715447154471545
2015-16,Cleanthony Early,earlycl01,SF,24,NYK,17,2,154,4.0,13.3,0.3,1.3,5.0,0.267,2.7,8.3,0.32,1.0,1.3,0.75,1.3,7.3,8.7,2.0,0.7,1.0,3.0,5.3,10.3,72.0,109.0,2016,Cleanthony Early-2016,0.0,Not Selected,Forward,NYK,0.026016260162601626
2015-16,Jarell Eddie,eddieja01,SF,24,WAS,26,0,147,6.6,21.6,0.308,5.0,15.6,0.319,1.7,6.0,0.278,2.7,2.7,1.0,0.7,7.0,7.6,1.7,1.7,0.3,0.3,1.7,20.9,98.0,107.0,2016,Jarell Eddie-2016,0.0,Not Selected,Forward,WAS,0.03333333333333333
2015-16,Wayne Ellington,ellinwa01,SG,28,BRK,76,41,1615,6.8,17.5,0.389,3.0,8.4,0.358,3.8,9.1,0.41600000000000004,1.7,2.0,0.857,0.6,4.8,5.4,2.6,1.5,0.2,1.4,2.6,18.3,101.0,113.0,2016,Wayne Ellington-2016,0.0,Not Selected,Guard,BRK,0.01707317073170732
2015-16,Monta Ellis,ellismo01,SG,30,IND,81,81,2734,7.9,18.5,0.42700000000000005,1.6,5.1,0.309,6.3,13.4,0.47200000000000003,2.9,3.7,0.7859999999999999,0.8,4.2,4.9,7.0,2.7,0.7,3.7,3.2,20.4,99.0,103.0,2016,Monta Ellis-2016,0.0,Not Selected,Guard,IND,0.036585365853658534
2015-16,James Ennis,ennisja01,SF,25,TOT,22,5,329,8.2,17.1,0.478,3.9,8.8,0.44799999999999995,4.2,8.3,0.509,3.8,5.2,0.735,3.2,3.2,6.4,3.2,2.4,0.8,2.9,4.2,24.1,116.0,110.0,2016,James Ennis-2016,0.0,Not Selected,Forward,TOT,0.03333333333333333
2015-16,Tyler Ennis,ennisty01,PG,21,MIL,46,7,654,6.5,14.6,0.449,1.0,3.0,0.33299999999999996,5.5,11.5,0.48,1.9,2.6,0.735,1.0,4.8,5.8,7.4,1.9,0.1,3.6,5.0,16.0,99.0,111.0,2016,Tyler Ennis-2016,0.0,Not Selected,Guard,MIL,0.026829268292682926
2015-16,Jeremy Evans,evansje01,SF,28,DAL,30,2,251,5.3,9.7,0.542,0.8,3.2,0.25,4.5,6.5,0.688,3.0,4.3,0.7140000000000001,2.2,8.7,11.0,0.4,1.2,1.8,1.4,3.9,14.4,117.0,105.0,2016,Jeremy Evans-2016,0.0,Not Selected,Forward,DAL,0.03414634146341464
2015-16,Tyreke Evans,evansty01,SG,26,NOP,25,25,765,8.8,20.4,0.433,2.1,5.5,0.38799999999999996,6.7,14.8,0.45,4.8,6.0,0.7959999999999999,1.3,7.1,8.4,10.6,2.1,0.5,4.7,4.3,24.6,105.0,109.0,2016,Tyreke Evans-2016,0.0,Not Selected,Guard,NOP,0.024390243902439025
2015-16,Festus Ezeli,ezelife01,C,26,GSW,46,13,770,7.8,14.3,0.5479999999999999,0.0,0.0,0.0,7.8,14.3,0.5479999999999999,4.4,8.3,0.53,5.7,10.4,16.1,2.0,1.1,3.1,2.4,5.9,20.1,114.0,101.0,2016,Festus Ezeli-2016,0.0,Not Selected,Center,GSW,0.05934959349593496
2015-16,Kenneth Faried,farieke01,PF,26,DEN,67,64,1694,10.3,18.5,0.5579999999999999,0.0,0.1,0.5,10.3,18.5,0.5579999999999999,4.0,6.6,0.613,7.0,10.2,17.2,2.3,0.9,1.8,2.7,5.0,24.7,116.0,107.0,2016,Kenneth Faried-2016,0.0,Not Selected,Forward,DEN,0.026829268292682926
2015-16,Jordan Farmar,farmajo01,PG,29,MEM,12,10,291,7.4,17.7,0.42,2.8,8.0,0.35600000000000004,4.6,9.7,0.473,1.8,1.8,1.0,0.7,3.7,4.4,6.5,2.7,0.4,3.2,3.9,19.5,103.0,109.0,2016,Jordan Farmar-2016,0.0,Not Selected,Guard,MEM,0.03414634146341464
2015-16,Derrick Favors,favorde01,PF,24,UTA,62,59,1983,11.1,21.6,0.515,0.0,0.1,0.0,11.1,21.5,0.518,4.8,6.8,0.7090000000000001,4.5,8.9,13.4,2.5,2.0,2.4,2.8,4.0,27.0,111.0,101.0,2016,Derrick Favors-2016,0.0,Not Selected,Forward,UTA,0.032520325203252036
2015-16,Cristiano Felício,feliccr01,C,23,CHI,31,4,321,6.2,11.2,0.556,0.0,0.6,0.0,6.2,10.6,0.588,3.9,5.5,0.7140000000000001,4.7,11.2,15.9,4.1,0.9,2.0,2.0,4.8,16.4,123.0,104.0,2016,Cristiano Felício-2016,0.0,Not Selected,Center,CHI,0.03414634146341464
2015-16,Raymond Felton,feltora01,PG,31,DAL,80,31,2192,6.4,15.8,0.406,1.4,4.9,0.282,5.0,10.9,0.46299999999999997,3.5,4.1,0.847,0.8,5.2,6.0,6.6,1.6,0.3,2.8,3.3,17.7,102.0,108.0,2016,Raymond Felton-2016,0.0,Not Selected,Guard,DAL,0.03414634146341464
2015-16,Evan Fournier,fournev01,SF,23,ORL,79,71,2566,8.4,18.1,0.462,3.0,7.6,0.4,5.3,10.5,0.506,3.9,4.6,0.836,0.6,3.7,4.4,4.2,1.9,0.0,2.6,4.2,23.6,111.0,110.0,2016,Evan Fournier-2016,0.0,Not Selected,Forward,ORL,0.028455284552845527
2015-16,Randy Foye,foyera01,SG,32,TOT,81,8,1642,5.1,14.7,0.35100000000000003,2.3,7.6,0.3,2.9,7.1,0.405,1.9,2.3,0.8240000000000001,0.7,4.0,4.7,4.9,1.2,0.9,2.6,4.0,14.4,95.0,111.0,2016,Randy Foye-2016,0.0,Not Selected,Guard,TOT,0.03333333333333333
2015-16,Tim Frazier,fraziti01,PG,25,TOT,51,2,741,6.4,15.4,0.419,1.1,3.2,0.33299999999999996,5.4,12.2,0.442,3.6,5.0,0.716,1.7,5.6,7.4,10.9,2.2,0.1,4.4,4.9,17.5,103.0,109.0,2016,Tim Frazier-2016,0.0,Not Selected,Guard,TOT,0.03333333333333333
2015-16,Jimmer Fredette,fredeji01,SG,26,TOT,6,0,18,5.6,13.9,0.4,2.8,5.6,0.5,2.8,8.3,0.33299999999999996,11.1,13.9,0.8,0.0,0.0,0.0,2.8,2.8,0.0,5.6,5.6,25.0,94.0,111.0,2016,Jimmer Fredette-2016,0.0,Not Selected,Guard,TOT,0.03333333333333333
2015-16,Channing Frye,fryech01,PF-C,32,TOT,70,32,1200,6.4,14.6,0.43799999999999994,3.8,9.9,0.387,2.6,4.7,0.545,1.3,1.5,0.857,1.5,8.4,9.9,3.0,1.2,1.2,1.8,5.3,17.9,113.0,106.0,2016,Channing Frye-2016,0.0,Not Selected,Forward,TOT,0.03333333333333333
2015-16,Danilo Gallinari,gallida01,SF,27,DEN,53,53,1839,7.8,19.1,0.41,2.4,6.5,0.364,5.5,12.6,0.434,10.2,11.8,0.868,1.4,6.2,7.7,3.7,1.1,0.5,2.1,2.4,28.2,120.0,111.0,2016,Danilo Gallinari-2016,0.0,Not Selected,Forward,DEN,0.026829268292682926
2015-16,Langston Galloway,gallola01,PG,24,NYK,82,7,2033,5.8,14.9,0.39299999999999996,1.9,5.7,0.344,3.9,9.2,0.423,2.2,2.9,0.754,1.1,6.2,7.3,5.2,1.9,0.6,1.5,4.5,15.8,105.0,108.0,2016,Langston Galloway-2016,0.0,Not Selected,Guard,NYK,0.026016260162601626
2015-16,Kevin Garnett,garneke01,PF,39,MIN,38,38,556,4.9,10.4,0.47,0.0,0.1,0.0,4.9,10.3,0.474,1.3,1.9,0.667,1.4,12.2,13.6,5.6,2.5,0.9,1.5,6.3,11.1,107.0,105.0,2016,Kevin Garnett-2016,0.0,Not Selected,Forward,MIN,0.023577235772357725
2015-16,Marc Gasol,gasolma01,C,31,MEM,52,52,1791,9.4,20.3,0.46399999999999997,0.1,0.1,0.667,9.4,20.2,0.46299999999999997,5.8,7.0,0.8290000000000001,1.7,8.7,10.4,5.6,1.4,2.0,3.4,4.1,24.7,105.0,106.0,2016,Marc Gasol-2016,0.0,Not Selected,Center,MEM,0.03414634146341464
2015-16,Pau Gasol,gasolpa01,C,35,CHI,72,72,2291,10.2,21.8,0.469,0.5,1.5,0.348,9.7,20.3,0.478,5.0,6.3,0.792,3.4,14.0,17.4,6.4,0.9,3.2,3.6,3.2,26.0,107.0,101.0,2016,Pau Gasol-2016,0.0,Not Selected,Center,CHI,0.03414634146341464
2015-16,Rudy Gay,gayru01,SF,29,SAC,70,70,2379,9.4,20.3,0.46299999999999997,1.5,4.3,0.344,7.9,16.0,0.495,4.0,5.1,0.78,2.1,7.1,9.2,2.4,2.0,1.0,2.8,3.7,24.3,104.0,108.0,2016,Rudy Gay-2016,0.0,Not Selected,Forward,SAC,0.026829268292682926
2015-16,Alonzo Gee,geeal01,SF,28,NOP,73,38,1632,4.0,7.7,0.518,0.5,1.8,0.28300000000000003,3.5,5.9,0.59,1.3,2.0,0.667,1.8,5.6,7.4,2.2,1.9,0.4,1.7,5.1,9.9,108.0,110.0,2016,Alonzo Gee-2016,0.0,Not Selected,Forward,NOP,0.024390243902439025
2015-16,Paul George,georgpa01,SF,25,IND,81,81,2819,10.7,25.5,0.418,3.7,10.0,0.371,7.0,15.6,0.447,8.0,9.3,0.86,1.4,8.5,9.9,5.8,2.7,0.5,4.7,4.1,33.0,106.0,101.0,2016,Paul George-2016,3.0,3rd,Forward,IND,0.036585365853658534
2015-16,Taj Gibson,gibsota01,PF,30,CHI,73,55,1936,6.8,12.9,0.526,0.0,0.1,0.0,6.8,12.9,0.529,2.6,3.8,0.6920000000000001,5.3,7.7,13.1,2.7,1.2,2.0,2.0,4.7,16.2,115.0,106.0,2016,Taj Gibson-2016,0.0,Not Selected,Forward,CHI,0.03414634146341464
2015-16,Manu Ginóbili,ginobma01,SG,38,SAS,58,0,1134,8.9,19.6,0.45299999999999996,3.2,8.1,0.391,5.7,11.6,0.496,4.1,5.1,0.813,1.2,5.4,6.6,8.0,3.0,0.5,4.5,4.5,25.1,107.0,98.0,2016,Manu Ginóbili-2016,0.0,Not Selected,Guard,SAS,0.05447154471544716
2015-16,Rudy Gobert,goberru01,C,23,UTA,61,60,1932,5.4,9.7,0.5589999999999999,0.0,0.0,0.0,5.4,9.7,0.5589999999999999,4.4,7.7,0.569,5.7,12.6,18.2,2.5,1.2,3.7,3.1,4.5,15.2,112.0,99.0,2016,Rudy Gobert-2016,0.0,Not Selected,Center,UTA,0.032520325203252036
2015-16,Drew Gooden,goodedr01,PF,34,WAS,30,0,305,5.3,16.5,0.32,1.1,6.6,0.171,4.2,9.9,0.419,1.4,2.2,0.643,4.5,9.1,13.6,2.1,1.3,1.8,2.1,6.4,13.1,85.0,104.0,2016,Drew Gooden-2016,0.0,Not Selected,Forward,WAS,0.03333333333333333
2015-16,Archie Goodwin,goodwar01,PG,21,PHO,57,13,1114,7.7,18.5,0.41700000000000004,1.0,4.3,0.23199999999999998,6.7,14.1,0.474,5.7,8.4,0.674,1.2,5.0,6.2,5.2,1.2,0.6,4.4,3.7,22.1,95.0,111.0,2016,Archie Goodwin-2016,0.0,Not Selected,Guard,PHO,0.01869918699186992
2015-16,Aaron Gordon,gordoaa01,PF,20,ORL,78,37,1863,7.4,15.5,0.473,1.1,3.8,0.29600000000000004,6.2,11.7,0.531,3.5,5.2,0.6679999999999999,4.1,9.5,13.6,3.4,1.6,1.5,1.8,4.1,19.3,114.0,105.0,2016,Aaron Gordon-2016,0.0,Not Selected,Forward,ORL,0.028455284552845527
2015-16,Eric Gordon,gordoer01,SG,27,NOP,45,44,1481,7.7,18.5,0.418,3.8,9.8,0.384,4.0,8.6,0.457,3.7,4.2,0.888,0.3,3.0,3.3,4.1,1.4,0.5,2.4,3.3,23.0,108.0,113.0,2016,Eric Gordon-2016,0.0,Not Selected,Guard,NOP,0.024390243902439025
2015-16,Marcin Gortat,gortama01,C,31,WAS,75,74,2256,9.4,16.5,0.5670000000000001,0.0,0.0,0.0,9.4,16.5,0.5670000000000001,3.2,4.5,0.705,4.8,11.2,16.0,2.3,1.0,2.1,2.6,4.2,21.9,114.0,104.0,2016,Marcin Gortat-2016,0.0,Not Selected,Center,WAS,0.03333333333333333
2015-16,Andrew Goudelock,goudean01,PG,27,HOU,8,0,50,8.9,19.7,0.45,1.0,8.9,0.111,7.9,10.8,0.727,3.0,3.9,0.75,1.0,1.0,2.0,3.9,5.9,2.0,6.9,3.9,21.6,83.0,103.0,2016,Andrew Goudelock-2016,0.0,Not Selected,Guard,HOU,0.03333333333333333
2015-16,Jerami Grant,grantje01,PF,21,PHI,77,52,2066,6.0,14.2,0.419,0.8,3.5,0.24,5.1,10.7,0.47700000000000004,5.0,7.6,0.6579999999999999,2.3,6.2,8.6,3.2,1.3,3.0,2.6,5.1,17.8,100.0,108.0,2016,Jerami Grant-2016,0.0,Not Selected,Forward,PHI,0.008130081300813009
2015-16,Jerian Grant,grantje02,PG,23,NYK,76,6,1265,6.3,15.9,0.39399999999999996,0.9,4.1,0.22,5.4,11.8,0.45399999999999996,3.9,5.0,0.78,0.9,4.9,5.8,7.2,2.0,0.4,3.5,3.9,17.3,97.0,108.0,2016,Jerian Grant-2016,0.0,Not Selected,Guard,NYK,0.026016260162601626
2015-16,Danny Green,greenda02,SG,28,SAS,79,79,2062,5.2,13.9,0.376,2.9,8.7,0.332,2.4,5.3,0.44799999999999995,0.8,1.1,0.7390000000000001,1.2,6.3,7.5,3.5,2.0,1.6,1.9,3.5,14.2,99.0,99.0,2016,Danny Green-2016,0.0,Not Selected,Guard,SAS,0.05447154471544716
2015-16,Draymond Green,greendr01,PF,25,GSW,81,81,2808,6.9,14.1,0.49,1.7,4.4,0.38799999999999996,5.2,9.7,0.537,3.9,5.7,0.696,2.3,10.9,13.2,10.3,2.0,1.9,4.5,4.1,19.5,115.0,100.0,2016,Draymond Green-2016,2.0,2nd,Forward,GSW,0.05934959349593496
2015-16,Erick Green,greener01,PG,24,TOT,9,0,42,6.2,16.2,0.385,1.2,6.2,0.2,5.0,10.0,0.5,2.5,2.5,1.0,3.7,3.7,7.5,3.7,1.2,0.0,0.0,5.0,16.2,117.0,109.0,2016,Erick Green-2016,0.0,Not Selected,Guard,TOT,0.03333333333333333
2015-16,Gerald Green,greenge01,SG,30,MIA,69,14,1557,7.6,19.3,0.392,2.8,8.6,0.32299999999999995,4.8,10.8,0.446,2.4,3.0,0.7829999999999999,0.8,4.5,5.4,1.8,1.3,0.6,1.5,4.1,20.3,99.0,107.0,2016,Gerald Green-2016,0.0,Not Selected,Guard,MIA,0.03902439024390244
2015-16,JaMychal Green,greenja01,PF,25,MEM,78,15,1446,8.2,17.6,0.465,0.5,1.6,0.33299999999999996,7.7,16.0,0.478,3.7,4.9,0.752,4.9,8.3,13.3,2.4,1.6,1.2,3.0,6.7,20.6,105.0,107.0,2016,JaMychal Green-2016,0.0,Not Selected,Forward,MEM,0.03414634146341464
2015-16,Jeff Green,greenje02,SF,29,TOT,80,41,2253,8.0,18.7,0.43,1.5,4.8,0.315,6.5,13.8,0.47,3.7,5.0,0.745,1.7,5.8,7.5,3.1,1.3,0.9,2.1,3.7,21.3,103.0,109.0,2016,Jeff Green-2016,0.0,Not Selected,Forward,TOT,0.03333333333333333
2015-16,Blake Griffin,griffbl01,PF,26,LAC,35,35,1170,12.9,25.8,0.499,0.3,0.8,0.33299999999999996,12.6,25.1,0.504,6.0,8.3,0.727,2.2,10.4,12.6,7.3,1.2,0.7,3.6,4.1,32.1,108.0,103.0,2016,Blake Griffin-2016,0.0,Not Selected,Forward,LAC,0.043089430894308944
2015-16,Jorge Gutiérrez,gutiejo01,PG,27,CHO,12,0,63,4.8,8.8,0.545,0.0,1.6,0.0,4.8,7.2,0.667,8.0,8.8,0.909,0.0,5.6,5.6,13.5,2.4,0.0,4.8,2.4,17.5,124.0,105.0,2016,Jorge Gutiérrez-2016,0.0,Not Selected,Guard,CHO,0.03902439024390244
2015-16,P.J. Hairston,hairspj02,SF,23,TOT,66,52,1313,5.6,15.7,0.355,2.7,9.3,0.29,2.9,6.4,0.449,1.9,2.5,0.7809999999999999,1.0,5.7,6.7,1.5,1.2,0.4,1.6,5.3,15.8,93.0,108.0,2016,P.J. Hairston-2016,0.0,Not Selected,Forward,TOT,0.03333333333333333
2015-16,Jordan Hamilton,hamiljo02,SF,25,NOP,11,4,304,8.0,18.9,0.42200000000000004,2.1,7.3,0.289,5.9,11.6,0.507,2.3,3.4,0.667,2.0,8.2,10.1,4.1,1.3,0.5,2.8,3.9,20.4,98.0,110.0,2016,Jordan Hamilton-2016,0.0,Not Selected,Forward,NOP,0.024390243902439025
2015-16,Tyler Hansbrough,hansbty01,PF,30,CHO,44,0,343,4.7,10.4,0.451,0.3,0.4,0.667,4.4,9.9,0.441,5.6,9.5,0.585,5.9,7.2,13.0,1.2,1.8,1.0,1.8,8.0,15.2,113.0,104.0,2016,Tyler Hansbrough-2016,0.0,Not Selected,Forward,CHO,0.03902439024390244
2015-16,Tim Hardaway Jr.,hardati02,SG,23,ATL,51,1,864,6.5,15.2,0.43,2.7,8.1,0.33799999999999997,3.8,7.0,0.537,2.9,3.2,0.893,0.4,4.5,4.9,2.9,1.2,0.4,1.3,2.7,18.6,110.0,106.0,2016,Tim Hardaway Jr.-2016,0.0,Not Selected,Guard,ATL,0.03902439024390244
2015-16,James Harden,hardeja01,SG,26,HOU,82,82,3125,11.2,25.4,0.439,3.7,10.3,0.359,7.5,15.1,0.494,11.3,13.2,0.86,1.0,6.9,7.9,9.6,2.2,0.8,5.9,3.6,37.4,115.0,108.0,2016,James Harden-2016,0.0,Not Selected,Guard,HOU,0.03333333333333333
2015-16,Maurice Harkless,harklma01,SF,22,POR,78,14,1457,6.7,14.1,0.474,1.3,4.8,0.27899999999999997,5.4,9.3,0.5760000000000001,2.4,3.8,0.622,3.5,6.1,9.6,2.3,1.7,1.2,2.1,4.3,17.1,110.0,108.0,2016,Maurice Harkless-2016,0.0,Not Selected,Forward,POR,0.03577235772357724
2015-16,Justin Harper,harpeju01,PF,26,DET,5,0,35,5.8,14.4,0.4,5.8,13.0,0.444,0.0,1.4,0.0,1.4,2.9,0.5,0.0,1.4,1.4,0.0,1.4,0.0,2.9,4.3,18.7,100.0,110.0,2016,Justin Harper-2016,0.0,Not Selected,Forward,DET,0.03577235772357724
2015-16,Montrezl Harrell,harremo01,PF,22,HOU,39,1,379,7.5,11.7,0.644,0.0,0.1,0.0,7.5,11.5,0.652,3.1,6.0,0.522,3.2,5.2,8.4,2.2,1.4,1.4,2.2,6.2,18.2,119.0,110.0,2016,Montrezl Harrell-2016,0.0,Not Selected,Forward,HOU,0.03333333333333333
2015-16,Devin Harris,harride01,PG,32,DAL,64,0,1280,6.6,14.9,0.447,2.1,6.3,0.32899999999999996,4.6,8.6,0.532,4.0,5.6,0.721,0.7,4.8,5.5,4.7,2.4,0.5,2.6,4.9,19.4,107.0,107.0,2016,Devin Harris-2016,0.0,Not Selected,Guard,DAL,0.03414634146341464
2015-16,Gary Harris,harriga01,SG,21,DEN,76,76,2439,7.4,15.7,0.469,2.2,6.1,0.354,5.2,9.6,0.5429999999999999,2.2,2.7,0.82,1.1,3.4,4.5,3.0,2.0,0.4,2.0,2.9,19.2,110.0,111.0,2016,Gary Harris-2016,0.0,Not Selected,Guard,DEN,0.026829268292682926
2015-16,Joe Harris,harrijo01,SG,24,CLE,5,0,15,3.4,13.7,0.25,3.4,13.7,0.25,0.0,0.0,0.0,0.0,0.0,0.0,0.0,10.3,10.3,6.9,0.0,0.0,3.4,3.4,10.3,81.0,107.0,2016,Joe Harris-2016,0.0,Not Selected,Guard,CLE,0.046341463414634146
2015-16,Tobias Harris,harrito02,PF,23,TOT,76,74,2513,8.3,17.7,0.469,1.6,4.8,0.335,6.7,13.0,0.518,4.0,4.9,0.831,1.9,8.3,10.2,3.4,1.3,0.8,2.2,3.1,22.3,112.0,107.0,2016,Tobias Harris-2016,0.0,Not Selected,Forward,TOT,0.03333333333333333
2015-16,Aaron Harrison,harriaa01,SG,21,CHO,21,0,93,2.7,10.3,0.263,1.6,5.4,0.3,1.1,4.9,0.222,2.7,6.5,0.41700000000000004,2.2,5.9,8.1,1.1,3.2,0.0,2.2,5.4,9.7,77.0,103.0,2016,Aaron Harrison-2016,0.0,Not Selected,Guard,CHO,0.03902439024390244
2015-16,Udonis Haslem,hasleud01,PF,35,MIA,37,0,260,4.5,12.0,0.377,0.2,1.8,0.111,4.3,10.3,0.423,2.4,3.2,0.75,2.0,12.8,14.8,2.8,1.0,0.4,1.0,4.9,11.6,99.0,103.0,2016,Udonis Haslem-2016,0.0,Not Selected,Forward,MIA,0.03902439024390244
2015-16,Spencer Hawes,hawessp01,PF,27,CHO,57,6,1035,6.0,14.8,0.405,1.8,4.9,0.373,4.2,9.9,0.42200000000000004,2.6,3.2,0.831,2.5,9.4,11.8,5.3,1.1,1.3,2.8,5.4,16.5,103.0,104.0,2016,Spencer Hawes-2016,0.0,Not Selected,Forward,CHO,0.03902439024390244
2015-16,Chuck Hayes,hayesch01,C,32,HOU,2,0,24,2.0,4.1,0.5,0.0,0.0,0.0,2.0,4.1,0.5,4.1,4.1,1.0,0.0,16.4,16.4,4.1,0.0,0.0,6.1,12.3,8.2,79.0,107.0,2016,Chuck Hayes-2016,0.0,Not Selected,Center,HOU,0.03333333333333333
2015-16,Gordon Hayward,haywago01,SF,25,UTA,80,80,2893,9.5,21.9,0.433,2.6,7.5,0.349,6.9,14.4,0.47700000000000004,7.2,8.7,0.8240000000000001,1.1,6.1,7.2,5.4,1.7,0.5,3.7,3.3,28.8,110.0,105.0,2016,Gordon Hayward-2016,0.0,Not Selected,Forward,UTA,0.032520325203252036
2015-16,Gerald Henderson,hendege02,SG,28,POR,72,0,1431,8.1,18.5,0.439,1.7,4.8,0.353,6.4,13.7,0.46799999999999997,3.9,5.1,0.767,1.0,6.3,7.4,2.6,1.4,0.7,2.4,3.0,21.8,104.0,109.0,2016,Gerald Henderson-2016,0.0,Not Selected,Guard,POR,0.03577235772357724
2015-16,John Henson,hensojo01,C,25,MIL,57,1,960,8.7,15.4,0.564,0.0,0.1,0.0,8.7,15.4,0.5660000000000001,3.7,6.2,0.59,4.6,7.1,11.7,2.9,1.0,5.8,3.4,7.0,21.1,108.0,105.0,2016,John Henson-2016,0.0,Not Selected,Center,MIL,0.026829268292682926
2015-16,Mario Hezonja,hezonma01,SF,20,ORL,79,9,1413,6.4,14.8,0.433,2.4,6.8,0.349,4.0,8.0,0.504,1.7,1.9,0.907,1.0,5.2,6.2,3.9,1.4,0.6,3.4,4.4,16.9,97.0,109.0,2016,Mario Hezonja-2016,0.0,Not Selected,Forward,ORL,0.028455284552845527
2015-16,Roy Hibbert,hibbero01,C,29,LAL,81,81,1878,4.9,11.0,0.44299999999999995,0.0,0.1,0.0,4.9,10.9,0.445,3.1,3.9,0.807,3.5,7.1,10.6,2.5,0.9,2.9,2.0,6.7,12.9,105.0,110.0,2016,Roy Hibbert-2016,0.0,Not Selected,Center,LAL,0.013821138211382113
2015-16,J.J. Hickson,hicksjj01,C,27,TOT,35,9,436,9.1,17.7,0.516,0.0,0.1,0.0,9.1,17.6,0.519,5.2,11.7,0.447,4.4,10.6,15.1,2.6,1.7,1.6,2.9,5.4,23.5,102.0,105.0,2016,J.J. Hickson-2016,0.0,Not Selected,Center,TOT,0.03333333333333333
2015-16,Nenê,hilarne01,PF,33,WAS,57,11,1094,9.3,17.1,0.544,0.0,0.1,0.0,9.3,17.0,0.5489999999999999,4.8,8.2,0.578,2.3,9.2,11.5,4.3,2.4,1.2,3.4,7.0,23.4,106.0,103.0,2016,Nenê-2016,0.0,Not Selected,Forward,WAS,0.03333333333333333
2015-16,George Hill,hillge01,PG,29,IND,74,73,2524,6.4,14.5,0.441,2.5,6.2,0.408,3.9,8.4,0.466,2.2,3.0,0.76,1.1,4.7,5.9,5.1,1.6,0.3,2.0,2.9,17.6,112.0,106.0,2016,George Hill-2016,0.0,Not Selected,Guard,IND,0.036585365853658534
2015-16,Jordan Hill,hilljo01,C,28,IND,73,11,1513,9.1,18.0,0.506,0.0,0.0,0.0,9.1,18.0,0.507,2.9,4.1,0.7120000000000001,5.1,9.7,14.8,2.9,1.2,1.2,3.0,5.1,21.2,106.0,102.0,2016,Jordan Hill-2016,0.0,Not Selected,Center,IND,0.036585365853658534
2015-16,Solomon Hill,hillso01,SF,24,IND,59,3,866,5.3,11.9,0.447,1.4,4.2,0.324,4.0,7.7,0.515,2.1,2.4,0.857,2.2,7.3,9.5,3.3,2.1,0.6,1.9,3.9,14.1,110.0,103.0,2016,Solomon Hill-2016,0.0,Not Selected,Forward,IND,0.036585365853658534
2015-16,Darrun Hilliard,hillida01,SG,22,DET,38,2,383,6.9,17.3,0.397,2.5,6.6,0.38,4.3,10.7,0.40700000000000003,3.8,5.3,0.725,0.7,5.3,5.9,3.6,1.2,0.1,2.5,3.7,20.0,103.0,108.0,2016,Darrun Hilliard-2016,0.0,Not Selected,Guard,DET,0.03577235772357724
2015-16,Kirk Hinrich,hinriki01,PG,35,TOT,46,7,631,3.9,10.2,0.38,1.9,4.9,0.387,2.0,5.3,0.373,1.2,1.3,0.938,0.6,4.9,5.6,5.8,1.2,0.2,2.4,5.1,10.9,101.0,109.0,2016,Kirk Hinrich-2016,0.0,Not Selected,Guard,TOT,0.03333333333333333
2015-16,Jrue Holiday,holidjr01,PG,25,NOP,65,23,1831,11.1,25.3,0.439,2.4,7.0,0.336,8.7,18.3,0.478,4.9,5.9,0.843,0.7,4.6,5.3,10.6,2.4,0.6,4.5,4.0,29.5,105.0,109.0,2016,Jrue Holiday-2016,0.0,Not Selected,Guard,NOP,0.024390243902439025
2015-16,Justin Holiday,holidju01,SG,26,TOT,53,5,773,5.7,14.7,0.386,2.3,6.8,0.34299999999999997,3.4,7.9,0.423,1.7,2.4,0.73,0.8,5.0,5.8,3.6,2.1,1.2,2.5,3.9,15.4,94.0,105.0,2016,Justin Holiday-2016,0.0,Not Selected,Guard,TOT,0.03333333333333333
2015-16,Ryan Hollins,holliry01,C,31,TOT,37,12,460,5.5,8.8,0.62,0.0,0.0,0.0,5.5,8.8,0.62,2.9,4.7,0.619,5.2,5.7,10.9,1.1,0.7,2.3,2.7,6.9,13.8,116.0,109.0,2016,Ryan Hollins-2016,0.0,Not Selected,Center,TOT,0.03333333333333333
2015-16,Rondae Hollis-Jefferson,holliro01,SF,21,BRK,29,17,615,5.2,11.3,0.457,0.3,1.1,0.28600000000000003,4.8,10.2,0.47600000000000003,3.0,4.3,0.7120000000000001,3.2,9.4,12.6,3.5,3.2,1.3,2.1,5.0,13.7,107.0,105.0,2016,Rondae Hollis-Jefferson-2016,0.0,Not Selected,Forward,BRK,0.01707317073170732
2015-16,Richaun Holmes,holmeri01,PF,22,PHI,51,1,702,8.0,15.5,0.514,0.6,3.1,0.182,7.4,12.4,0.596,3.6,5.2,0.6890000000000001,4.3,5.1,9.4,2.3,1.3,2.8,2.2,6.4,20.0,111.0,109.0,2016,Richaun Holmes-2016,0.0,Not Selected,Forward,PHI,0.008130081300813009
2015-16,Rodney Hood,hoodro01,SG,23,UTA,79,79,2541,8.5,20.2,0.42,3.3,9.3,0.359,5.1,10.9,0.47200000000000003,3.6,4.2,0.86,0.8,4.8,5.5,4.4,1.5,0.3,2.6,4.2,23.9,109.0,107.0,2016,Rodney Hood-2016,0.0,Not Selected,Guard,UTA,0.032520325203252036
2015-16,Al Horford,horfoal01,C,29,ATL,82,82,2631,9.9,19.7,0.505,1.7,4.8,0.344,8.3,14.9,0.557,1.9,2.4,0.7979999999999999,2.8,8.4,11.2,4.9,1.3,2.3,2.0,3.1,23.5,113.0,101.0,2016,Al Horford-2016,0.0,Not Selected,Center,ATL,0.03902439024390244
2015-16,Dwight Howard,howardw01,C,30,HOU,71,71,2280,8.0,12.9,0.62,0.0,0.1,0.0,8.0,12.8,0.626,5.0,10.2,0.489,5.1,12.9,18.0,2.1,1.5,2.4,3.6,4.7,21.0,111.0,104.0,2016,Dwight Howard-2016,0.0,Not Selected,Center,HOU,0.03333333333333333
2015-16,Marcelo Huertas,huertma01,PG,32,LAL,53,0,869,5.6,13.3,0.42200000000000004,0.9,3.5,0.262,4.7,9.8,0.479,1.6,1.7,0.9309999999999999,1.0,4.2,5.2,10.5,1.5,0.4,4.6,4.4,13.7,95.0,114.0,2016,Marcelo Huertas-2016,0.0,Not Selected,Guard,LAL,0.013821138211382113
2015-16,Josh Huestis,huestjo01,PF,24,OKC,5,0,55,4.5,10.8,0.41700000000000004,3.6,5.4,0.667,0.9,5.4,0.16699999999999998,0.0,3.6,0.0,1.8,7.2,9.0,0.0,0.9,1.8,2.7,2.7,12.6,87.0,107.0,2016,Josh Huestis-2016,0.0,Not Selected,Forward,OKC,0.044715447154471545
2015-16,Kris Humphries,humphkr01,PF,30,TOT,53,17,835,7.1,17.3,0.41,2.0,6.3,0.315,5.1,11.0,0.465,3.9,4.9,0.7979999999999999,3.3,9.4,12.8,2.1,0.9,1.3,2.2,5.5,20.1,104.0,104.0,2016,Kris Humphries-2016,0.0,Not Selected,Forward,TOT,0.03333333333333333
2015-16,R.J. Hunter,hunterj01,SG,22,BOS,36,0,315,5.6,15.2,0.36700000000000005,2.9,9.7,0.302,2.6,5.4,0.486,0.9,1.1,0.857,0.3,5.4,5.7,2.0,2.2,0.6,1.7,4.5,15.0,94.0,104.0,2016,R.J. Hunter-2016,0.0,Not Selected,Guard,BOS,0.03902439024390244
2015-16,Serge Ibaka,ibakase01,PF,26,OKC,78,78,2500,8.3,17.3,0.479,1.2,3.7,0.326,7.1,13.6,0.52,1.8,2.4,0.752,2.8,7.8,10.6,1.3,0.8,2.9,2.1,4.2,19.5,108.0,105.0,2016,Serge Ibaka-2016,0.0,Not Selected,Forward,OKC,0.044715447154471545
2015-16,Andre Iguodala,iguodan01,SF,32,GSW,65,1,1732,4.9,10.3,0.478,1.5,4.3,0.35100000000000003,3.4,6.0,0.57,1.4,2.3,0.614,1.5,5.9,7.3,6.1,2.0,0.5,2.2,2.8,12.7,115.0,105.0,2016,Andre Iguodala-2016,0.0,Not Selected,Forward,GSW,0.05934959349593496
2015-16,Ersan İlyasova,ilyaser01,PF,28,TOT,74,56,1881,7.5,17.7,0.424,2.6,6.9,0.371,4.9,10.8,0.45799999999999996,3.0,4.1,0.721,3.9,6.9,10.8,1.8,1.4,0.9,1.9,4.6,20.5,109.0,106.0,2016,Ersan İlyasova-2016,0.0,Not Selected,Forward,TOT,0.03333333333333333
2015-16,Joe Ingles,inglejo01,SF,28,UTA,81,2,1241,5.3,12.4,0.426,3.4,8.9,0.386,1.8,3.4,0.531,0.6,0.8,0.722,0.8,5.6,6.4,4.1,2.3,0.2,2.8,4.2,14.5,105.0,105.0,2016,Joe Ingles-2016,0.0,Not Selected,Forward,UTA,0.032520325203252036
2015-16,Damien Inglis,inglida01,SF,20,MIL,20,1,156,4.2,12.1,0.35100000000000003,1.0,4.2,0.231,3.3,7.8,0.41700000000000004,2.3,2.6,0.875,0.7,9.5,10.1,3.3,2.0,1.0,3.6,3.6,11.8,81.0,107.0,2016,Damien Inglis-2016,0.0,Not Selected,Forward,MIL,0.026829268292682926
2015-16,Kyrie Irving,irvinky01,PG,23,CLE,53,53,1667,12.2,27.1,0.44799999999999995,2.6,8.1,0.321,9.6,19.0,0.502,5.2,5.9,0.885,1.4,3.5,4.8,7.7,1.7,0.6,3.8,3.3,32.1,109.0,106.0,2016,Kyrie Irving-2016,0.0,Not Selected,Guard,CLE,0.046341463414634146
2015-16,Jarrett Jack,jackja01,PG,32,BRK,32,32,1027,6.9,17.6,0.391,1.5,5.0,0.304,5.3,12.6,0.426,4.9,5.5,0.893,0.4,6.2,6.7,11.6,1.7,0.3,4.6,3.8,20.2,101.0,112.0,2016,Jarrett Jack-2016,0.0,Not Selected,Guard,BRK,0.01707317073170732
2015-16,Reggie Jackson,jacksre01,PG,25,DET,79,79,2424,11.2,25.9,0.434,2.5,7.0,0.353,8.8,18.9,0.46399999999999997,6.1,7.0,0.8640000000000001,1.2,4.1,5.3,10.2,1.2,0.2,4.6,3.9,31.0,109.0,108.0,2016,Reggie Jackson-2016,0.0,Not Selected,Guard,DET,0.03577235772357724
2015-16,LeBron James,jamesle01,SF,31,CLE,76,76,2709,14.0,26.9,0.52,1.7,5.4,0.309,12.3,21.5,0.573,6.8,9.3,0.731,2.1,8.6,10.7,9.8,2.0,0.9,4.7,2.7,36.5,116.0,103.0,2016,LeBron James-2016,1.0,1st,Forward,CLE,0.046341463414634146
2015-16,Al Jefferson,jeffeal01,C,31,CHO,47,18,1096,11.2,23.1,0.485,0.0,0.0,0.0,11.2,23.1,0.485,3.3,5.1,0.649,2.6,11.2,13.8,3.2,1.4,1.9,1.6,5.4,25.7,105.0,102.0,2016,Al Jefferson-2016,0.0,Not Selected,Center,CHO,0.03902439024390244
2015-16,Cory Jefferson,jeffeco01,PF,25,PHO,8,0,50,8.8,21.4,0.409,0.0,1.0,0.0,8.8,20.5,0.429,3.9,5.8,0.667,5.8,9.7,15.6,0.0,0.0,1.0,0.0,7.8,21.4,105.0,110.0,2016,Cory Jefferson-2016,0.0,Not Selected,Forward,PHO,0.01869918699186992
2015-16,Richard Jefferson,jefferi01,SF,35,CLE,74,5,1326,5.6,12.1,0.45799999999999996,2.6,6.7,0.382,3.0,5.4,0.5539999999999999,2.3,3.4,0.667,0.6,4.4,5.0,2.3,1.3,0.5,1.7,5.0,15.9,112.0,107.0,2016,Richard Jefferson-2016,0.0,Not Selected,Forward,CLE,0.046341463414634146
2015-16,John Jenkins,jenkijo01,SG,24,TOT,43,3,480,7.3,16.5,0.444,1.7,5.3,0.314,5.7,11.3,0.505,2.1,2.5,0.833,0.8,5.1,5.9,3.6,0.8,0.1,2.8,2.3,18.4,99.0,112.0,2016,John Jenkins-2016,0.0,Not Selected,Guard,TOT,0.03333333333333333
2015-16,Brandon Jennings,jennibr01,PG,26,TOT,48,7,868,6.5,17.6,0.368,3.0,9.0,0.32899999999999996,3.5,8.6,0.409,3.3,4.5,0.731,0.9,4.6,5.6,9.8,1.7,0.4,3.3,3.3,19.2,105.0,108.0,2016,Brandon Jennings-2016,0.0,Not Selected,Guard,TOT,0.03333333333333333
2015-16,Jonas Jerebko,jerebjo01,PF,28,BOS,78,0,1176,4.9,11.9,0.413,1.8,4.5,0.39799999999999996,3.1,7.4,0.42100000000000004,2.5,3.2,0.782,3.2,8.7,11.9,2.6,0.8,1.0,2.2,5.7,14.1,107.0,104.0,2016,Jonas Jerebko-2016,0.0,Not Selected,Forward,BOS,0.03902439024390244
2015-16,Amir Johnson,johnsam01,PF,28,BOS,79,76,1800,6.7,11.5,0.585,0.3,1.2,0.233,6.5,10.4,0.624,1.9,3.3,0.57,4.8,8.9,13.7,3.7,1.4,2.2,2.5,5.8,15.6,117.0,102.0,2016,Amir Johnson-2016,0.0,Not Selected,Forward,BOS,0.03902439024390244
2015-16,Chris Johnson,johnsch04,SF,25,UTA,70,2,857,4.4,11.9,0.371,1.7,6.1,0.273,2.8,5.8,0.474,2.1,2.6,0.81,1.7,6.5,8.1,2.8,2.0,1.2,2.5,6.2,12.6,96.0,104.0,2016,Chris Johnson-2016,0.0,Not Selected,Forward,UTA,0.032520325203252036
2015-16,James Johnson,johnsja01,PF,28,TOR,57,32,926,6.4,13.4,0.475,1.1,3.7,0.303,5.2,9.7,0.54,2.2,3.8,0.574,1.6,5.5,7.0,3.7,1.6,1.8,3.0,4.7,16.0,101.0,106.0,2016,James Johnson-2016,0.0,Not Selected,Forward,TOR,0.04552845528455285
2015-16,Joe Johnson,johnsjo02,SF,34,TOT,81,81,2703,7.1,16.1,0.439,2.2,5.9,0.38299999999999995,4.8,10.2,0.47100000000000003,2.2,2.7,0.831,0.9,4.6,5.5,6.0,1.1,0.1,3.0,2.7,18.6,104.0,113.0,2016,Joe Johnson-2016,0.0,Not Selected,Forward,TOT,0.03333333333333333
2015-16,Orlando Johnson,johnsor01,SG,26,TOT,7,1,101,4.4,16.6,0.265,1.0,4.9,0.2,3.4,11.7,0.292,2.9,3.9,0.75,1.9,5.4,7.3,1.0,1.5,1.5,1.9,4.4,12.7,74.0,110.0,2016,Orlando Johnson-2016,0.0,Not Selected,Guard,TOT,0.03333333333333333
2015-16,Stanley Johnson,johnsst04,SF,19,DET,73,6,1687,6.7,18.0,0.375,1.9,6.1,0.307,4.8,11.8,0.41,2.4,3.1,0.784,1.7,7.4,9.2,3.5,1.6,0.4,3.4,5.3,17.7,91.0,106.0,2016,Stanley Johnson-2016,0.0,Not Selected,Forward,DET,0.03577235772357724
2015-16,Tyler Johnson,johnsty01,SG,23,MIA,36,5,863,7.0,14.4,0.486,1.6,4.2,0.38,5.4,10.2,0.529,3.0,3.8,0.797,1.7,4.8,6.5,4.7,1.4,0.8,2.8,3.9,18.7,111.0,107.0,2016,Tyler Johnson-2016,0.0,Not Selected,Guard,MIA,0.03902439024390244
2015-16,Wesley Johnson,johnswe01,SF,28,LAC,80,9,1666,6.3,15.5,0.40399999999999997,3.1,9.3,0.33299999999999996,3.2,6.2,0.51,0.9,1.4,0.652,1.1,6.3,7.5,1.5,2.7,1.7,1.6,5.2,16.5,98.0,102.0,2016,Wesley Johnson-2016,0.0,Not Selected,Forward,LAC,0.043089430894308944
2015-16,Nikola Jokić,jokicni01,C,20,DEN,80,55,1733,8.9,17.4,0.512,0.8,2.4,0.33299999999999996,8.1,14.9,0.541,4.5,5.5,0.8109999999999999,5.2,11.0,16.2,5.5,2.3,1.4,3.0,6.0,23.0,118.0,104.0,2016,Nikola Jokić-2016,0.0,Not Selected,Center,DEN,0.026829268292682926
2015-16,Dahntay Jones,jonesda02,SF,35,CLE,1,0,42,7.4,17.2,0.429,1.2,2.5,0.5,6.1,14.7,0.41700000000000004,0.0,0.0,0.0,1.2,4.9,6.1,2.5,1.2,2.5,0.0,7.4,15.9,106.0,104.0,2016,Dahntay Jones-2016,0.0,Not Selected,Forward,CLE,0.046341463414634146
2015-16,James Jones,jonesja02,SF,35,CLE,48,0,463,6.4,15.8,0.408,4.6,11.6,0.39399999999999996,1.9,4.2,0.447,2.3,2.9,0.8079999999999999,0.9,4.7,5.6,1.6,1.2,1.1,1.4,5.6,19.8,114.0,106.0,2016,James Jones-2016,0.0,Not Selected,Forward,CLE,0.046341463414634146
2015-16,Terrence Jones,joneste01,PF,24,HOU,50,11,1044,7.8,17.3,0.452,1.2,3.7,0.316,6.6,13.6,0.49,3.6,5.5,0.664,2.9,7.0,9.9,1.9,1.1,1.8,2.3,4.1,20.4,104.0,109.0,2016,Terrence Jones-2016,0.0,Not Selected,Forward,HOU,0.03333333333333333
2015-16,Tyus Jones,jonesty01,PG,19,MIN,37,0,573,4.9,13.7,0.359,1.4,4.7,0.302,3.5,9.1,0.38799999999999996,2.5,3.4,0.718,0.6,3.5,4.1,9.5,2.7,0.3,2.9,2.9,13.7,98.0,111.0,2016,Tyus Jones-2016,0.0,Not Selected,Guard,MIN,0.023577235772357725
2015-16,DeAndre Jordan,jordade01,C,27,LAC,77,77,2598,6.9,9.8,0.703,0.0,0.0,0.0,6.9,9.8,0.7040000000000001,5.1,11.9,0.43,5.1,15.3,20.4,1.7,1.0,3.4,2.1,4.0,18.9,122.0,98.0,2016,DeAndre Jordan-2016,1.0,1st,Center,LAC,0.043089430894308944
2015-16,Cory Joseph,josepco01,SG,24,TOR,80,4,2046,6.5,14.8,0.439,0.8,2.8,0.273,5.7,12.0,0.478,3.4,4.4,0.764,1.0,4.3,5.3,6.3,1.6,0.5,2.6,3.3,17.1,106.0,108.0,2016,Cory Joseph-2016,0.0,Not Selected,Guard,TOR,0.04552845528455285
2015-16,Chris Kaman,kamanch01,C,33,POR,16,2,112,8.9,19.2,0.465,0.4,1.8,0.25,8.5,17.4,0.48700000000000004,1.3,1.3,1.0,3.1,7.6,10.7,4.9,0.4,0.4,3.6,6.7,19.6,100.0,110.0,2016,Chris Kaman-2016,0.0,Not Selected,Center,POR,0.03577235772357724
2015-16,Frank Kaminsky,kaminfr01,C,22,CHO,81,3,1708,6.3,15.4,0.41,2.0,5.9,0.337,4.3,9.5,0.455,3.2,4.3,0.73,2.0,7.8,9.8,2.9,1.1,1.3,1.7,3.7,17.8,105.0,105.0,2016,Frank Kaminsky-2016,0.0,Not Selected,Center,CHO,0.03902439024390244
2015-16,Enes Kanter,kanteen01,C,23,OKC,82,1,1721,11.9,20.7,0.5760000000000001,0.3,0.6,0.47600000000000003,11.7,20.1,0.579,5.8,7.2,0.797,7.2,12.0,19.2,1.0,0.7,1.0,3.3,4.8,29.9,123.0,105.0,2016,Enes Kanter-2016,0.0,Not Selected,Center,OKC,0.044715447154471545
2015-16,Sergey Karasev,karasse01,SF,22,BRK,40,5,399,3.8,9.3,0.405,1.4,4.7,0.297,2.4,4.7,0.514,3.3,3.5,0.929,1.0,6.3,7.3,4.4,0.8,0.3,2.8,3.4,12.3,105.0,114.0,2016,Sergey Karasev-2016,0.0,Not Selected,Forward,BRK,0.01707317073170732
2015-16,Sasha Kaun,kaunsa01,C,30,CLE,25,0,95,4.9,9.2,0.529,0.0,0.0,0.0,4.9,9.2,0.529,2.7,6.0,0.455,6.5,7.6,14.1,1.6,2.2,2.7,3.8,6.0,12.5,100.0,100.0,2016,Sasha Kaun-2016,0.0,Not Selected,Center,CLE,0.046341463414634146
2015-16,Ryan Kelly,kellyry01,PF,24,LAL,36,0,470,5.9,15.9,0.369,0.5,4.0,0.135,5.3,12.0,0.446,4.0,5.8,0.685,2.2,10.7,12.9,2.1,1.4,1.1,1.9,4.2,16.2,93.0,109.0,2016,Ryan Kelly-2016,0.0,Not Selected,Forward,LAL,0.013821138211382113
2015-16,Michael Kidd-Gilchrist,kiddgmi01,SF,22,CHO,7,7,205,8.1,14.9,0.541,0.7,1.7,0.429,7.3,13.2,0.556,4.9,7.1,0.69,2.9,8.1,11.0,2.2,0.7,0.7,2.0,2.2,21.8,118.0,106.0,2016,Michael Kidd-Gilchrist-2016,0.0,Not Selected,Forward,CHO,0.03902439024390244
2015-16,Sean Kilpatrick,kilpase01,SG,26,TOT,31,0,616,10.1,22.1,0.456,3.2,9.3,0.342,6.9,12.8,0.5379999999999999,4.9,5.5,0.8959999999999999,1.0,3.6,4.6,2.4,1.0,0.2,2.5,3.0,28.2,110.0,115.0,2016,Sean Kilpatrick-2016,0.0,Not Selected,Guard,TOT,0.03333333333333333
2015-16,Brandon Knight,knighbr03,SG,24,PHO,52,50,1870,9.7,23.3,0.415,3.1,9.1,0.342,6.5,14.2,0.461,4.1,4.8,0.852,0.9,4.3,5.3,6.9,1.6,0.5,4.6,3.2,26.5,100.0,111.0,2016,Brandon Knight-2016,0.0,Not Selected,Guard,PHO,0.01869918699186992
2015-16,Kyle Korver,korveky01,SG,34,ATL,80,80,2401,5.5,12.7,0.435,3.3,8.2,0.39799999999999996,2.3,4.5,0.502,0.9,1.1,0.833,0.3,5.1,5.4,3.4,1.2,0.7,2.0,3.3,15.2,104.0,105.0,2016,Kyle Korver-2016,0.0,Not Selected,Guard,ATL,0.03902439024390244
2015-16,Kosta Koufos,koufoko01,C,26,SAC,78,14,1482,7.6,14.4,0.532,0.0,0.0,0.0,7.6,14.4,0.532,1.8,3.4,0.5479999999999999,5.5,8.2,13.7,1.1,1.3,2.3,1.6,6.0,17.1,113.0,107.0,2016,Kosta Koufos-2016,0.0,Not Selected,Center,SAC,0.026829268292682926
2015-16,Jeremy Lamb,lambje01,SG,23,CHO,66,0,1227,9.4,20.9,0.451,2.3,7.4,0.309,7.1,13.5,0.529,2.6,3.6,0.727,1.8,8.5,10.3,3.1,1.7,1.2,2.0,4.3,23.7,104.0,103.0,2016,Jeremy Lamb-2016,0.0,Not Selected,Guard,CHO,0.03902439024390244
2015-16,Carl Landry,landrca01,PF,32,PHI,36,12,569,12.0,21.5,0.556,0.5,1.1,0.462,11.5,20.4,0.561,5.8,7.8,0.736,4.2,8.4,12.6,2.8,1.0,0.8,1.9,5.9,30.2,120.0,110.0,2016,Carl Landry-2016,0.0,Not Selected,Forward,PHI,0.008130081300813009
2015-16,Shane Larkin,larkish01,PG,23,BRK,78,17,1751,6.4,14.4,0.442,1.1,3.1,0.361,5.3,11.3,0.46399999999999997,2.4,3.1,0.7759999999999999,0.8,4.4,5.2,9.8,2.7,0.3,4.2,3.5,16.3,100.0,110.0,2016,Shane Larkin-2016,0.0,Not Selected,Guard,BRK,0.01707317073170732
2015-16,Joffrey Lauvergne,lauvejo01,C,24,DEN,59,15,1041,9.4,18.3,0.513,0.6,2.6,0.245,8.8,15.8,0.557,3.0,3.3,0.899,3.7,10.3,14.0,2.7,0.6,0.7,2.6,5.5,22.4,111.0,109.0,2016,Joffrey Lauvergne-2016,0.0,Not Selected,Center,DEN,0.026829268292682926
2015-16,Zach LaVine,lavinza01,SG,20,MIN,82,33,2294,9.5,21.1,0.452,2.7,6.9,0.389,6.8,14.1,0.48200000000000004,3.5,4.5,0.7929999999999999,0.6,4.4,5.0,5.5,1.5,0.4,3.4,4.2,25.3,104.0,112.0,2016,Zach LaVine-2016,0.0,Not Selected,Guard,MIN,0.023577235772357725
2015-16,Ty Lawson,lawsoty01,PG,28,TOT,66,13,1411,4.9,12.4,0.39299999999999996,1.3,3.8,0.33299999999999996,3.6,8.6,0.419,2.1,3.0,0.6859999999999999,0.9,3.3,4.2,8.3,1.9,0.2,3.3,3.0,13.0,100.0,111.0,2016,Ty Lawson-2016,0.0,Not Selected,Guard,TOT,0.03333333333333333
2015-16,Courtney Lee,leeco01,SG,30,TOT,79,65,2334,6.3,14.0,0.45399999999999996,1.8,4.7,0.37799999999999995,4.5,9.2,0.493,2.2,2.6,0.8390000000000001,0.6,3.8,4.5,3.0,1.9,0.6,1.6,2.9,16.6,109.0,109.0,2016,Courtney Lee-2016,0.0,Not Selected,Guard,TOT,0.03333333333333333
2015-16,David Lee,leeda02,PF,32,TOT,55,5,903,9.8,18.5,0.531,0.0,0.1,0.0,9.8,18.4,0.5329999999999999,3.9,5.1,0.763,5.6,11.2,16.8,4.6,1.2,1.5,3.6,6.3,23.5,111.0,103.0,2016,David Lee-2016,0.0,Not Selected,Forward,TOT,0.03333333333333333
2015-16,Alex Len,lenal01,C,22,PHO,78,46,1821,7.1,16.7,0.423,0.0,0.2,0.14300000000000002,7.0,16.5,0.426,4.7,6.4,0.728,4.8,11.1,15.9,2.6,1.0,1.7,3.9,6.2,18.8,96.0,107.0,2016,Alex Len-2016,0.0,Not Selected,Center,PHO,0.01869918699186992
2015-16,Kawhi Leonard,leonaka01,SF,24,SAS,72,72,2380,11.9,23.4,0.506,2.8,6.3,0.44299999999999995,9.1,17.2,0.528,6.3,7.2,0.8740000000000001,2.0,8.6,10.6,4.0,2.8,1.5,2.3,2.9,32.8,121.0,96.0,2016,Kawhi Leonard-2016,1.0,1st,Forward,SAS,0.05447154471544716
2015-16,Meyers Leonard,leoname01,PF,23,POR,61,10,1333,7.3,16.3,0.44799999999999995,3.2,8.6,0.377,4.1,7.8,0.527,1.3,1.7,0.7609999999999999,1.9,9.9,11.8,3.5,0.3,0.7,2.9,6.9,19.2,107.0,109.0,2016,Meyers Leonard-2016,0.0,Not Selected,Forward,POR,0.03577235772357724
2015-16,Jon Leuer,leuerjo01,PF,26,PHO,67,27,1255,8.7,18.1,0.48100000000000004,1.6,4.3,0.382,7.1,13.8,0.511,3.0,3.9,0.762,3.0,11.5,14.5,2.8,1.5,1.2,2.9,4.9,22.0,107.0,106.0,2016,Jon Leuer-2016,0.0,Not Selected,Forward,PHO,0.01869918699186992
2015-16,Damian Lillard,lillada01,PG,25,POR,75,75,2676,11.5,27.5,0.419,4.3,11.4,0.375,7.3,16.1,0.45,7.7,8.7,0.892,0.8,4.8,5.6,9.6,1.2,0.5,4.5,3.1,35.1,113.0,110.0,2016,Damian Lillard-2016,2.0,2nd,Guard,POR,0.03577235772357724
2015-16,Jeremy Lin,linje01,SG,27,CHO,78,13,2048,7.4,17.8,0.41200000000000003,1.9,5.5,0.336,5.5,12.3,0.446,5.8,7.2,0.815,1.0,5.2,6.2,5.8,1.4,1.0,3.7,4.0,22.4,102.0,106.0,2016,Jeremy Lin-2016,0.0,Not Selected,Guard,CHO,0.03902439024390244
2015-16,Shaun Livingston,livinsh01,PG,30,GSW,78,3,1520,6.5,12.0,0.536,0.1,0.4,0.16699999999999998,6.4,11.7,0.5479999999999999,2.5,3.0,0.86,1.3,4.0,5.4,7.5,1.8,0.9,2.5,4.5,15.5,119.0,106.0,2016,Shaun Livingston-2016,0.0,Not Selected,Guard,GSW,0.05934959349593496
2015-16,Kevon Looney,looneke01,PF,19,GSW,5,0,21,9.2,16.1,0.5710000000000001,2.3,4.6,0.5,6.9,11.5,0.6,0.0,0.0,0.0,9.2,13.8,23.0,0.0,0.0,0.0,2.3,4.6,20.7,125.0,105.0,2016,Kevon Looney-2016,0.0,Not Selected,Forward,GSW,0.05934959349593496
2015-16,Brook Lopez,lopezbr01,C,27,BRK,73,73,2457,12.1,23.7,0.511,0.0,0.3,0.14300000000000002,12.1,23.4,0.515,6.5,8.3,0.787,4.2,7.6,11.8,3.0,1.2,2.5,3.6,4.4,30.8,109.0,109.0,2016,Brook Lopez-2016,0.0,Not Selected,Center,BRK,0.01707317073170732
2015-16,Robin Lopez,lopezro01,C,27,NYK,82,82,2219,8.3,15.3,0.539,0.0,0.0,0.0,8.3,15.3,0.54,3.0,3.7,0.795,6.2,7.7,13.9,2.6,0.4,3.0,3.1,4.2,19.5,113.0,107.0,2016,Robin Lopez-2016,0.0,Not Selected,Center,NYK,0.026016260162601626
2015-16,Kevin Love,loveke01,PF,27,CLE,77,77,2424,8.7,20.7,0.419,3.4,9.3,0.36,5.3,11.4,0.467,5.5,6.7,0.8220000000000001,3.2,13.0,16.2,3.9,1.2,0.9,3.0,3.4,26.2,112.0,102.0,2016,Kevin Love-2016,0.0,Not Selected,Forward,CLE,0.046341463414634146
2015-16,Kyle Lowry,lowryky01,PG,29,TOR,77,77,2851,9.3,21.7,0.42700000000000005,3.8,9.9,0.38799999999999996,5.4,11.8,0.461,7.2,8.9,0.8109999999999999,1.0,5.6,6.6,9.0,2.9,0.6,4.1,3.8,29.6,115.0,104.0,2016,Kyle Lowry-2016,3.0,3rd,Guard,TOR,0.04552845528455285
2015-16,Trey Lyles,lylestr01,PF,20,UTA,80,33,1382,7.3,16.6,0.43799999999999994,1.9,4.9,0.38299999999999995,5.4,11.8,0.461,2.2,3.1,0.695,2.3,9.2,11.4,2.3,1.0,0.7,2.5,4.4,18.6,102.0,105.0,2016,Trey Lyles-2016,0.0,Not Selected,Forward,UTA,0.032520325203252036
2015-16,Shelvin Mack,macksh01,PG,25,TOT,52,27,1058,9.0,20.5,0.439,1.9,6.2,0.312,7.0,14.3,0.493,2.2,3.0,0.738,0.6,5.7,6.3,9.2,1.7,0.1,4.7,3.5,22.1,99.0,106.0,2016,Shelvin Mack-2016,0.0,Not Selected,Guard,TOT,0.03333333333333333
2015-16,Ian Mahinmi,mahinia01,C,29,IND,71,71,1816,7.2,12.3,0.589,0.0,0.0,0.0,7.2,12.3,0.589,3.6,6.2,0.5870000000000001,3.8,10.1,13.9,2.8,1.8,2.1,2.7,6.0,18.1,114.0,100.0,2016,Ian Mahinmi-2016,0.0,Not Selected,Center,IND,0.036585365853658534
2015-16,Devyn Marble,marblde01,SG,23,ORL,28,0,249,4.2,14.3,0.29600000000000004,1.6,6.4,0.25,2.6,7.8,0.33299999999999996,2.0,4.8,0.41700000000000004,1.2,6.4,7.6,2.4,2.6,0.2,1.4,5.0,12.0,81.0,106.0,2016,Devyn Marble-2016,0.0,Not Selected,Guard,ORL,0.028455284552845527
2015-16,Boban Marjanović,marjabo01,C,27,SAS,54,4,508,10.6,17.5,0.603,0.0,0.0,0.0,10.6,17.5,0.603,8.8,11.5,0.763,7.4,12.2,19.6,2.1,1.2,2.3,2.9,5.4,29.9,130.0,96.0,2016,Boban Marjanović-2016,0.0,Not Selected,Center,SAS,0.05447154471544716
2015-16,Kendall Marshall,marshke01,PG,24,PHI,30,6,400,5.3,14.5,0.364,2.0,6.0,0.327,3.3,8.5,0.391,1.1,1.6,0.6920000000000001,0.2,3.2,3.4,8.9,2.0,0.2,5.3,3.7,13.6,84.0,112.0,2016,Kendall Marshall-2016,0.0,Not Selected,Guard,PHI,0.008130081300813009
2015-16,Jarell Martin,martija01,PF,21,MEM,27,0,380,7.3,15.7,0.466,0.0,0.3,0.0,7.3,15.4,0.474,6.1,8.4,0.726,5.3,6.4,11.6,2.0,1.1,0.9,2.6,7.9,20.7,110.0,110.0,2016,Jarell Martin-2016,0.0,Not Selected,Forward,MEM,0.03414634146341464
2015-16,Kevin Martin,martike02,SG,32,TOT,55,13,1095,7.2,19.4,0.37200000000000005,2.3,6.3,0.36,4.9,13.1,0.37799999999999995,7.1,7.9,0.89,0.6,4.4,5.1,2.7,1.2,0.1,2.5,3.8,23.7,103.0,111.0,2016,Kevin Martin-2016,0.0,Not Selected,Guard,TOT,0.03333333333333333
2015-16,Wesley Matthews,matthwe02,SF,29,DAL,78,78,2644,6.4,16.4,0.38799999999999996,3.6,10.1,0.36,2.7,6.3,0.43200000000000005,2.4,2.8,0.863,0.5,4.1,4.6,2.9,1.5,0.3,1.5,3.4,18.8,105.0,109.0,2016,Wesley Matthews-2016,0.0,Not Selected,Forward,DAL,0.03414634146341464
2015-16,O.J. Mayo,mayooj01,SG,28,MIL,41,24,1090,5.6,15.0,0.371,2.4,7.6,0.321,3.1,7.4,0.42100000000000004,1.4,1.9,0.775,0.6,4.3,4.9,5.5,2.2,0.4,3.4,5.9,15.0,91.0,110.0,2016,O.J. Mayo-2016,0.0,Not Selected,Guard,MIL,0.026829268292682926
2015-16,Luc Mbah a Moute,mbahalu01,PF,29,LAC,75,61,1274,3.7,8.1,0.45399999999999996,0.5,1.6,0.325,3.2,6.6,0.485,1.2,2.2,0.526,2.4,4.4,6.7,1.2,1.7,0.7,1.3,3.9,9.1,101.0,106.0,2016,Luc Mbah a Moute-2016,0.0,Not Selected,Forward,LAC,0.043089430894308944
2015-16,James Michael McAdoo,mcadoja01,PF,23,GSW,41,1,262,8.3,15.5,0.536,0.2,0.4,0.5,8.1,15.1,0.537,4.8,9.0,0.531,5.5,5.2,10.7,3.1,1.8,1.5,3.0,7.2,21.6,112.0,104.0,2016,James Michael McAdoo-2016,0.0,Not Selected,Forward,GSW,0.05934959349593496
2015-16,Ray McCallum,mccalra01,PG,24,TOT,41,6,475,5.9,15.8,0.377,1.6,4.5,0.35700000000000004,4.3,11.2,0.385,1.3,1.6,0.8,0.9,4.2,5.1,6.5,1.3,0.8,2.6,3.1,14.8,95.0,106.0,2016,Ray McCallum-2016,0.0,Not Selected,Guard,TOT,0.03333333333333333
2015-16,CJ McCollum,mccolcj01,SG,24,POR,80,80,2780,11.5,25.7,0.44799999999999995,3.5,8.5,0.41700000000000004,8.0,17.3,0.46299999999999997,3.4,4.1,0.8270000000000001,0.8,3.8,4.7,6.1,1.7,0.4,3.5,3.4,30.0,108.0,110.0,2016,CJ McCollum-2016,0.0,Not Selected,Guard,POR,0.03577235772357724
2015-16,T.J. McConnell,mccontj01,PG,23,PHI,81,17,1606,6.7,14.2,0.47,0.9,2.7,0.348,5.7,11.4,0.499,0.8,1.3,0.634,1.3,6.3,7.6,11.2,2.9,0.3,4.3,3.5,15.0,101.0,108.0,2016,T.J. McConnell-2016,0.0,Not Selected,Guard,PHI,0.008130081300813009
2015-16,Chris McCullough,mcculch01,PF,20,BRK,24,4,362,6.1,15.2,0.40399999999999997,1.8,4.7,0.382,4.3,10.4,0.413,1.5,3.2,0.478,3.5,6.0,9.5,1.3,3.9,1.7,2.1,5.4,15.6,95.0,105.0,2016,Chris McCullough-2016,0.0,Not Selected,Forward,BRK,0.01707317073170732
2015-16,K.J. McDaniels,mcdankj01,SF,22,HOU,37,1,235,6.1,15.1,0.40299999999999997,1.5,5.2,0.28,4.6,9.8,0.46799999999999997,5.0,6.3,0.8,3.3,5.4,8.8,2.1,1.5,1.3,3.6,6.3,18.6,101.0,110.0,2016,K.J. McDaniels-2016,0.0,Not Selected,Forward,HOU,0.03333333333333333
2015-16,Doug McDermott,mcderdo01,SF,24,CHI,81,4,1861,7.8,17.3,0.452,3.0,7.0,0.425,4.9,10.4,0.47,1.9,2.3,0.857,1.0,4.3,5.3,1.6,0.4,0.2,1.4,3.4,20.6,110.0,112.0,2016,Doug McDermott-2016,0.0,Not Selected,Forward,CHI,0.03414634146341464
2015-16,Mitch McGary,mcgarmi01,PF,23,OKC,20,0,72,7.6,15.9,0.478,0.0,2.8,0.0,7.6,13.1,0.579,2.8,6.9,0.4,2.8,9.7,12.4,2.1,0.7,1.4,4.8,6.9,17.9,86.0,106.0,2016,Mitch McGary-2016,0.0,Not Selected,Forward,OKC,0.044715447154471545
2015-16,JaVale McGee,mcgeeja01,C,28,DAL,34,2,370,10.6,18.4,0.575,0.0,0.1,0.0,10.6,18.3,0.579,2.5,5.0,0.5,7.3,11.0,18.3,0.4,0.7,3.6,2.9,6.7,23.7,110.0,103.0,2016,JaVale McGee-2016,0.0,Not Selected,Center,DAL,0.03414634146341464
2015-16,Ben McLemore,mclembe01,SG,22,SAC,68,53,1443,6.5,15.1,0.429,2.2,6.2,0.36200000000000004,4.3,9.0,0.474,2.5,3.4,0.718,1.1,3.8,4.9,2.6,1.7,0.3,3.3,4.7,17.7,95.0,111.0,2016,Ben McLemore-2016,0.0,Not Selected,Guard,SAC,0.026829268292682926
2015-16,Jordan McRae,mcraejo01,PG,24,TOT,22,1,195,8.8,20.1,0.436,2.6,5.7,0.455,6.2,14.4,0.429,5.4,7.2,0.75,1.0,4.1,5.2,6.4,0.8,0.3,3.9,4.4,25.5,107.0,110.0,2016,Jordan McRae-2016,0.0,Not Selected,Guard,TOT,0.03333333333333333
2015-16,Josh McRoberts,mcrobjo01,PF,28,MIA,42,1,595,4.7,12.8,0.37200000000000005,1.0,4.2,0.245,3.7,8.5,0.434,2.4,3.4,0.7,1.9,7.2,9.1,7.0,1.6,0.6,2.6,5.9,12.9,99.0,105.0,2016,Josh McRoberts-2016,0.0,Not Selected,Forward,MIA,0.03902439024390244
2015-16,Jodie Meeks,meeksjo01,SG,28,DET,3,0,43,8.2,23.5,0.35,4.7,10.6,0.444,3.5,12.9,0.273,4.7,4.7,1.0,1.2,4.7,5.9,3.5,0.0,0.0,1.2,2.3,25.8,111.0,111.0,2016,Jodie Meeks-2016,0.0,Not Selected,Guard,DET,0.03577235772357724
2015-16,Salah Mejri,mejrisa01,C,29,DAL,34,6,397,6.3,10.0,0.628,0.0,0.1,0.0,6.3,9.9,0.636,3.5,5.9,0.5870000000000001,5.3,10.5,15.8,1.3,1.0,4.6,2.9,6.9,16.0,115.0,101.0,2016,Salah Mejri-2016,0.0,Not Selected,Center,DAL,0.03414634146341464
2015-16,Jordan Mickey,mickejo01,PF,21,BOS,16,0,57,6.8,18.8,0.364,0.0,0.0,0.0,6.8,18.8,0.364,4.3,8.6,0.5,5.1,6.0,11.1,0.9,0.0,9.4,0.9,4.3,18.0,94.0,99.0,2016,Jordan Mickey-2016,0.0,Not Selected,Forward,BOS,0.03902439024390244
2015-16,Khris Middleton,middlkh01,SG,24,MIL,79,79,2852,9.1,20.4,0.444,2.6,6.4,0.396,6.5,13.9,0.466,4.9,5.6,0.888,0.8,4.6,5.4,5.9,2.3,0.3,3.2,3.6,25.6,109.0,110.0,2016,Khris Middleton-2016,0.0,Not Selected,Guard,MIL,0.026829268292682926
2015-16,C.J. Miles,milescj01,SF,28,IND,64,24,1464,8.8,21.5,0.409,4.8,13.1,0.36700000000000005,4.0,8.4,0.474,3.2,4.2,0.75,0.8,5.1,5.9,2.1,1.8,1.0,2.4,4.8,25.5,104.0,104.0,2016,C.J. Miles-2016,0.0,Not Selected,Forward,IND,0.036585365853658534
2015-16,Andre Miller,millean02,PG,39,TOT,39,4,461,6.5,11.7,0.557,0.2,0.9,0.25,6.3,10.8,0.5820000000000001,2.6,3.5,0.75,1.3,4.3,5.6,9.6,1.8,0.0,4.1,5.1,15.8,110.0,108.0,2016,Andre Miller-2016,0.0,Not Selected,Guard,TOT,0.03333333333333333
2015-16,Mike Miller,millemi01,SF,35,DEN,47,2,373,3.0,8.3,0.355,2.6,7.0,0.365,0.4,1.3,0.3,0.0,0.0,0.0,0.8,6.3,7.1,5.4,1.7,0.5,2.3,7.1,8.5,100.0,109.0,2016,Mike Miller-2016,0.0,Not Selected,Forward,DEN,0.026829268292682926
2015-16,Patty Mills,millspa02,PG,27,SAS,81,3,1662,8.0,18.9,0.425,3.8,9.9,0.384,4.2,9.0,0.469,1.4,1.8,0.81,0.8,4.0,4.9,7.0,1.8,0.2,2.3,3.1,21.3,109.0,102.0,2016,Patty Mills-2016,0.0,Not Selected,Guard,SAS,0.05447154471544716
2015-16,Elijah Millsap,millsel01,SG,28,UTA,20,0,173,3.4,11.9,0.282,0.3,3.7,0.083,3.0,8.2,0.37,4.0,5.5,0.722,1.8,8.8,10.7,5.8,2.1,0.9,2.7,10.1,11.0,89.0,102.0,2016,Elijah Millsap-2016,0.0,Not Selected,Guard,UTA,0.032520325203252036
2015-16,Paul Millsap,millspa01,PF,30,ATL,81,81,2647,9.4,19.9,0.47,1.4,4.3,0.319,8.0,15.6,0.512,5.8,7.6,0.757,3.7,10.0,13.7,4.9,2.7,2.6,3.6,4.4,25.9,108.0,96.0,2016,Paul Millsap-2016,0.0,Not Selected,Forward,ATL,0.03902439024390244
2015-16,Nikola Mirotić,mirotni01,PF,24,CHI,66,38,1646,7.6,18.6,0.40700000000000003,4.1,10.5,0.39,3.4,8.0,0.43,4.4,5.5,0.807,1.8,9.3,11.0,3.0,1.8,1.4,3.1,4.6,23.7,107.0,104.0,2016,Nikola Mirotić-2016,0.0,Not Selected,Forward,CHI,0.03414634146341464
2015-16,Nazr Mohammed,mohamna01,C,38,OKC,5,0,19,7.8,13.1,0.6,0.0,0.0,0.0,7.8,13.1,0.6,5.2,5.2,1.0,2.6,7.8,10.5,0.0,0.0,0.0,7.8,10.5,20.9,91.0,110.0,2016,Nazr Mohammed-2016,0.0,Not Selected,Center,OKC,0.044715447154471545
2015-16,Greg Monroe,monrogr01,C,25,MIL,79,67,2314,10.8,20.7,0.522,0.0,0.0,0.0,10.8,20.7,0.522,5.0,6.8,0.74,4.8,10.5,15.3,3.9,1.6,1.5,2.8,3.6,26.6,113.0,106.0,2016,Greg Monroe-2016,0.0,Not Selected,Center,MIL,0.026829268292682926
2015-16,Luis Montero,montelu01,SG,22,POR,12,0,42,6.0,22.6,0.263,1.2,10.7,0.111,4.8,11.9,0.4,3.6,4.8,0.75,0.0,4.8,4.8,1.2,0.0,0.0,4.8,1.2,16.7,63.0,114.0,2016,Luis Montero-2016,0.0,Not Selected,Guard,POR,0.03577235772357724
2015-16,E'Twaun Moore,mooreet01,SG,26,CHI,59,22,1263,7.4,15.4,0.48100000000000004,1.9,4.1,0.452,5.6,11.3,0.491,0.9,1.4,0.629,0.8,4.5,5.3,3.9,1.5,0.7,2.1,4.1,17.6,105.0,109.0,2016,E'Twaun Moore-2016,0.0,Not Selected,Guard,CHI,0.03414634146341464
2015-16,Eric Moreland,moreler01,PF,24,SAC,8,0,48,3.0,6.0,0.5,0.0,0.0,0.0,3.0,6.0,0.5,2.0,4.0,0.5,3.0,8.0,11.0,1.0,0.0,4.0,3.0,4.0,8.0,89.0,108.0,2016,Eric Moreland-2016,0.0,Not Selected,Forward,SAC,0.026829268292682926
2015-16,Marcus Morris,morrima03,SF,26,DET,80,80,2856,7.2,16.7,0.434,1.9,5.3,0.36200000000000004,5.3,11.4,0.467,3.6,4.8,0.7490000000000001,1.6,5.5,7.1,3.6,1.2,0.4,2.5,3.0,20.0,107.0,108.0,2016,Marcus Morris-2016,0.0,Not Selected,Forward,DET,0.03577235772357724
2015-16,Markieff Morris,morrima02,PF,26,TOT,64,45,1629,9.1,21.5,0.425,1.4,4.6,0.303,7.7,16.8,0.45799999999999996,3.2,4.4,0.735,2.2,8.3,10.5,3.7,1.7,1.0,4.0,5.5,22.9,93.0,106.0,2016,Markieff Morris-2016,0.0,Not Selected,Forward,TOT,0.03333333333333333
2015-16,Anthony Morrow,morroan01,SG,30,OKC,68,6,926,7.3,17.9,0.408,4.2,10.9,0.387,3.1,6.9,0.442,1.6,2.1,0.7440000000000001,0.5,2.8,3.3,1.3,1.2,0.3,0.9,3.4,20.4,114.0,110.0,2016,Anthony Morrow-2016,0.0,Not Selected,Guard,OKC,0.044715447154471545
2015-16,Donatas Motiejūnas,motiedo01,PF,25,HOU,37,22,547,8.1,18.4,0.439,1.4,5.1,0.281,6.7,13.3,0.5,3.1,4.8,0.642,3.3,6.5,9.8,3.7,1.5,0.4,4.0,6.2,20.7,98.0,110.0,2016,Donatas Motiejūnas-2016,0.0,Not Selected,Forward,HOU,0.03333333333333333
2015-16,Timofey Mozgov,mozgoti01,C,29,CLE,76,48,1326,7.9,13.9,0.565,0.0,0.3,0.14300000000000002,7.8,13.7,0.574,2.6,3.7,0.716,4.3,8.8,13.1,1.3,0.9,2.2,2.8,6.2,18.4,112.0,103.0,2016,Timofey Mozgov-2016,0.0,Not Selected,Center,CLE,0.046341463414634146
2015-16,Emmanuel Mudiay,mudiaem01,PG,19,DEN,68,66,2068,8.0,21.9,0.364,1.8,5.6,0.319,6.2,16.3,0.379,3.4,5.1,0.67,0.8,4.8,5.6,9.0,1.6,0.8,5.3,3.4,21.1,88.0,110.0,2016,Emmanuel Mudiay-2016,0.0,Not Selected,Guard,DEN,0.026829268292682926
2015-16,Shabazz Muhammad,muhamsh01,SF,23,MIN,82,0,1682,9.5,20.4,0.465,1.3,4.6,0.289,8.2,15.9,0.516,5.5,7.3,0.764,3.0,5.0,8.0,1.6,0.7,0.2,2.1,2.8,25.9,110.0,114.0,2016,Shabazz Muhammad-2016,0.0,Not Selected,Forward,MIN,0.023577235772357725
2015-16,Xavier Munford,munfoxa02,SG,23,MEM,14,0,244,6.7,16.2,0.41600000000000004,1.9,4.9,0.391,4.9,11.4,0.426,1.5,3.0,0.5,0.6,5.9,6.5,4.6,2.7,0.6,3.2,5.3,16.9,92.0,107.0,2016,Xavier Munford-2016,0.0,Not Selected,Guard,MEM,0.03414634146341464
2015-16,Mike Muscala,muscami01,C,24,ATL,60,0,565,6.6,13.3,0.5,1.0,3.4,0.308,5.6,9.9,0.5660000000000001,2.7,3.4,0.795,3.3,6.9,10.2,3.0,1.1,2.4,2.4,6.3,17.1,111.0,102.0,2016,Mike Muscala-2016,0.0,Not Selected,Center,ATL,0.03902439024390244
2015-16,Larry Nance Jr.,nancela02,PF,23,LAL,63,22,1266,6.3,11.9,0.527,0.0,0.4,0.1,6.2,11.5,0.541,1.3,1.9,0.6809999999999999,4.0,8.4,12.4,1.7,2.1,0.9,1.6,4.9,13.8,111.0,109.0,2016,Larry Nance Jr.-2016,0.0,Not Selected,Forward,LAL,0.013821138211382113
2015-16,Shabazz Napier,napiesh01,PG,24,ORL,55,0,600,5.7,16.8,0.33799999999999997,2.8,8.7,0.327,2.8,8.1,0.35100000000000003,2.8,3.8,0.733,0.8,3.8,4.6,8.1,1.9,0.1,3.8,3.2,16.9,93.0,109.0,2016,Shabazz Napier-2016,0.0,Not Selected,Guard,ORL,0.028455284552845527
2015-16,Gary Neal,nealga01,SG,31,WAS,40,2,807,9.1,19.6,0.465,2.5,6.0,0.41,6.6,13.6,0.489,2.8,3.3,0.855,0.7,4.3,5.0,2.8,1.2,0.1,1.8,3.3,23.6,107.0,109.0,2016,Gary Neal-2016,0.0,Not Selected,Guard,WAS,0.03333333333333333
2015-16,Jameer Nelson,nelsoja01,PG,33,DEN,39,15,1036,5.5,14.9,0.368,2.1,7.0,0.299,3.4,7.9,0.429,1.5,1.7,0.857,0.9,4.6,5.6,9.2,1.2,0.2,3.2,4.8,14.5,99.0,112.0,2016,Jameer Nelson-2016,0.0,Not Selected,Guard,DEN,0.026829268292682926
2015-16,Raul Neto,netora01,PG,23,UTA,81,53,1499,6.3,14.7,0.431,2.3,5.7,0.395,4.1,9.0,0.45299999999999996,1.8,2.5,0.743,0.6,3.6,4.2,6.1,2.2,0.1,3.8,4.3,16.8,99.0,106.0,2016,Raul Neto-2016,0.0,Not Selected,Guard,UTA,0.032520325203252036
2015-16,Andrew Nicholson,nichoan01,PF,26,ORL,56,0,823,8.9,18.8,0.47100000000000003,2.5,6.9,0.36,6.4,11.9,0.536,3.1,3.9,0.785,2.1,10.1,12.2,1.5,0.6,1.3,2.5,4.2,23.3,106.0,107.0,2016,Andrew Nicholson-2016,0.0,Not Selected,Forward,ORL,0.028455284552845527
2015-16,Joakim Noah,noahjo01,C,30,CHI,29,2,635,4.0,10.5,0.38299999999999995,0.0,0.1,0.0,4.0,10.4,0.386,1.7,3.6,0.489,6.9,13.3,20.1,8.7,1.4,2.3,4.1,6.1,9.8,98.0,101.0,2016,Joakim Noah-2016,0.0,Not Selected,Center,CHI,0.03414634146341464
2015-16,Nerlens Noel,noelne01,C,21,PHI,67,62,1965,7.6,14.6,0.521,0.0,0.0,0.5,7.6,14.6,0.521,3.3,5.7,0.59,3.8,9.7,13.5,3.0,2.9,2.5,3.9,4.8,18.6,99.0,103.0,2016,Nerlens Noel-2016,0.0,Not Selected,Center,PHI,0.008130081300813009
2015-16,Lucas Nogueira,noguelu01,C,23,TOR,29,1,225,6.4,10.1,0.636,0.2,0.7,0.33299999999999996,6.2,9.4,0.659,1.8,3.4,0.5329999999999999,4.1,6.4,10.6,1.6,2.8,2.8,2.5,6.7,14.9,117.0,101.0,2016,Lucas Nogueira-2016,0.0,Not Selected,Center,TOR,0.04552845528455285
2015-16,Steve Novak,novakst01,PF,32,TOT,10,0,44,9.1,20.5,0.444,8.0,17.1,0.467,1.1,3.4,0.33299999999999996,1.1,1.1,1.0,0.0,5.7,5.7,0.0,0.0,0.0,1.1,3.4,27.4,122.0,113.0,2016,Steve Novak-2016,0.0,Not Selected,Forward,TOT,0.03333333333333333
2015-16,Dirk Nowitzki,nowitdi01,PF,37,DAL,75,75,2364,10.7,23.9,0.44799999999999995,2.7,7.4,0.368,8.0,16.6,0.483,5.4,6.0,0.893,1.1,9.4,10.5,2.8,1.1,1.1,1.8,3.5,29.5,110.0,106.0,2016,Dirk Nowitzki-2016,0.0,Not Selected,Forward,DAL,0.03414634146341464
2015-16,Jusuf Nurkić,nurkiju01,C,21,DEN,32,3,547,9.3,22.2,0.41700000000000004,0.0,0.3,0.0,9.3,21.9,0.423,5.6,9.1,0.616,6.0,10.1,16.0,3.7,2.2,4.0,5.0,8.3,24.1,92.0,102.0,2016,Jusuf Nurkić-2016,0.0,Not Selected,Center,DEN,0.026829268292682926
2015-16,J.J. O'Brien,obriejj01,SF,23,UTA,2,0,6,0.0,8.8,0.0,0.0,0.0,0.0,0.0,8.8,0.0,0.0,0.0,0.0,0.0,8.8,8.8,0.0,8.8,0.0,0.0,8.8,0.0,0.0,89.0,2016,J.J. O'Brien-2016,0.0,Not Selected,Forward,UTA,0.032520325203252036
2015-16,Johnny O'Bryant,obryajo01,PF,22,MIL,66,4,857,5.1,12.4,0.41100000000000003,0.1,0.1,1.0,5.1,12.4,0.409,1.6,2.4,0.675,3.9,6.6,10.5,1.9,1.1,0.5,1.8,5.9,11.9,96.0,111.0,2016,Johnny O'Bryant-2016,0.0,Not Selected,Forward,MIL,0.026829268292682926
2015-16,Kyle O'Quinn,oquinky01,PF,25,NYK,65,1,764,8.7,18.2,0.47600000000000003,0.3,1.5,0.22699999999999998,8.3,16.8,0.498,3.1,4.0,0.767,5.1,11.7,16.8,4.8,1.3,3.3,4.1,7.2,20.8,102.0,102.0,2016,Kyle O'Quinn-2016,0.0,Not Selected,Forward,NYK,0.026016260162601626
2015-16,Jahlil Okafor,okafoja01,C,20,PHI,53,48,1591,12.2,24.1,0.508,0.0,0.2,0.16699999999999998,12.2,23.9,0.511,4.1,6.0,0.6859999999999999,3.8,7.7,11.5,2.0,0.7,1.9,3.8,4.3,28.6,99.0,110.0,2016,Jahlil Okafor-2016,0.0,Not Selected,Center,PHI,0.008130081300813009
2015-16,Victor Oladipo,oladivi01,SG,23,ORL,72,52,2379,8.9,20.4,0.43799999999999994,2.1,5.9,0.348,6.9,14.5,0.475,4.3,5.2,0.83,1.0,6.2,7.3,5.9,2.4,1.1,3.2,3.7,24.2,105.0,106.0,2016,Victor Oladipo-2016,0.0,Not Selected,Guard,ORL,0.028455284552845527
2015-16,Kelly Olynyk,olynyke01,C,24,BOS,69,8,1395,8.8,19.4,0.455,3.0,7.3,0.405,5.9,12.1,0.486,3.4,4.5,0.75,2.5,7.3,9.8,3.7,1.8,1.2,2.6,5.7,24.0,110.0,103.0,2016,Kelly Olynyk-2016,0.0,Not Selected,Center,BOS,0.03902439024390244
2015-16,Kelly Oubre Jr.,oubreke01,SF,20,WAS,63,9,671,6.5,15.3,0.42700000000000005,1.8,5.7,0.316,4.7,9.6,0.49200000000000005,2.3,3.6,0.633,1.8,7.8,9.7,0.9,1.6,0.5,2.5,7.3,17.1,93.0,106.0,2016,Kelly Oubre Jr.-2016,0.0,Not Selected,Forward,WAS,0.03333333333333333
2015-16,Zaza Pachulia,pachuza01,C,31,DAL,76,69,2004,5.6,11.9,0.466,0.0,0.1,0.0,5.6,11.9,0.469,5.4,7.0,0.768,6.3,11.9,18.2,3.3,1.6,0.6,3.0,4.6,16.5,113.0,104.0,2016,Zaza Pachulia-2016,0.0,Not Selected,Center,DAL,0.03414634146341464
2015-16,Kostas Papanikolaou,papanko01,SF,25,DEN,26,6,294,4.1,11.3,0.364,1.7,5.5,0.313,2.4,5.8,0.41200000000000003,1.5,2.4,0.643,1.4,5.5,6.8,2.7,2.2,0.9,3.6,4.1,11.4,83.0,109.0,2016,Kostas Papanikolaou-2016,0.0,Not Selected,Forward,DEN,0.026829268292682926
2015-16,Jabari Parker,parkeja01,PF,20,MIL,76,72,2408,9.4,19.0,0.493,0.2,0.7,0.257,9.2,18.3,0.502,3.7,4.8,0.768,2.6,5.8,8.4,2.7,1.5,0.6,2.5,3.3,22.6,106.0,111.0,2016,Jabari Parker-2016,0.0,Not Selected,Forward,MIL,0.026829268292682926
2015-16,Tony Parker,parketo01,PG,33,SAS,72,72,1980,9.0,18.4,0.493,0.7,1.7,0.415,8.4,16.7,0.501,3.4,4.4,0.76,0.4,4.1,4.6,9.8,1.4,0.3,3.4,2.9,22.2,109.0,103.0,2016,Tony Parker-2016,0.0,Not Selected,Guard,SAS,0.05447154471544716
2015-16,Chandler Parsons,parsoch01,SF,27,DAL,61,51,1799,9.1,18.4,0.49200000000000005,2.9,7.1,0.414,6.1,11.3,0.54,2.6,3.8,0.684,0.8,7.2,8.1,4.8,1.3,0.6,2.7,3.2,23.7,110.0,108.0,2016,Chandler Parsons-2016,0.0,Not Selected,Forward,DAL,0.03414634146341464
2015-16,Lamar Patterson,pattela01,SG,24,ATL,35,0,395,3.5,10.0,0.35,1.5,6.1,0.245,2.0,3.9,0.516,2.0,2.8,0.727,0.5,5.8,6.3,4.9,1.1,0.3,2.9,5.6,10.5,89.0,105.0,2016,Lamar Patterson-2016,0.0,Not Selected,Guard,ATL,0.03902439024390244
2015-16,Patrick Patterson,pattepa01,PF,26,TOR,79,0,2020,5.2,12.6,0.414,2.7,7.5,0.36200000000000004,2.5,5.1,0.49,0.7,0.9,0.853,2.0,6.8,8.7,2.4,1.4,0.8,1.7,3.3,13.9,108.0,107.0,2016,Patrick Patterson-2016,0.0,Not Selected,Forward,TOR,0.04552845528455285
2015-16,Chris Paul,paulch01,PG,30,LAC,74,74,2420,10.7,23.1,0.462,2.5,6.8,0.371,8.1,16.3,0.501,6.1,6.8,0.8959999999999999,0.8,5.6,6.4,15.3,3.1,0.3,4.0,3.8,29.9,119.0,103.0,2016,Chris Paul-2016,2.0,2nd,Guard,LAC,0.043089430894308944
2015-16,Adreian Payne,paynead01,PF,24,MIN,52,2,486,5.5,15.0,0.366,0.9,3.3,0.281,4.6,11.7,0.389,1.8,2.7,0.654,2.1,9.4,11.5,3.0,1.7,1.1,3.7,8.0,13.7,81.0,108.0,2016,Adreian Payne-2016,0.0,Not Selected,Forward,MIN,0.023577235772357725
2015-16,Cameron Payne,payneca01,PG,21,OKC,57,1,698,8.1,19.8,0.41,2.6,7.9,0.324,5.5,11.9,0.467,1.4,1.7,0.792,0.6,5.4,6.0,7.7,2.6,0.4,3.1,5.7,20.1,104.0,105.0,2016,Cameron Payne-2016,0.0,Not Selected,Guard,OKC,0.044715447154471545
2015-16,Elfrid Payton,paytoel01,PG,21,ORL,73,69,2145,7.4,17.0,0.436,0.7,2.1,0.326,6.7,14.9,0.451,2.6,4.4,0.589,1.8,4.3,6.1,10.9,2.1,0.5,4.1,3.7,18.1,100.0,108.0,2016,Elfrid Payton-2016,0.0,Not Selected,Guard,ORL,0.028455284552845527
2015-16,Nikola Peković,pekovni01,C,30,MIN,12,3,156,6.1,16.2,0.38,0.0,0.0,0.0,6.1,16.2,0.38,5.2,6.5,0.8,2.3,4.5,6.8,3.6,0.3,0.0,2.9,7.1,17.4,94.0,115.0,2016,Nikola Peković-2016,0.0,Not Selected,Center,MIN,0.023577235772357725
2015-16,Kendrick Perkins,perkike01,C,31,NOP,37,5,542,3.7,6.9,0.5329999999999999,0.0,0.0,0.0,3.7,6.9,0.5329999999999999,1.0,2.3,0.44,2.3,9.4,11.7,2.8,1.0,1.0,3.8,5.9,8.3,86.0,109.0,2016,Kendrick Perkins-2016,0.0,Not Selected,Center,NOP,0.024390243902439025
2015-16,Paul Pierce,piercpa01,SF,38,LAC,68,38,1231,5.9,16.2,0.363,3.1,9.9,0.31,2.8,6.3,0.445,2.2,2.7,0.818,0.5,7.1,7.6,2.9,1.3,0.7,2.4,5.3,17.0,93.0,105.0,2016,Paul Pierce-2016,0.0,Not Selected,Forward,LAC,0.043089430894308944
2015-16,Tibor Pleiß,pleisti01,C,26,UTA,12,0,82,7.1,16.1,0.44,0.0,1.3,0.0,7.1,14.8,0.478,1.3,1.3,1.0,3.9,5.8,9.6,1.3,0.6,1.3,5.1,12.2,15.4,82.0,106.0,2016,Tibor Pleiß-2016,0.0,Not Selected,Center,UTA,0.032520325203252036
2015-16,Mason Plumlee,plumlma01,C,25,POR,82,82,2084,6.4,12.4,0.516,0.0,0.1,0.0,6.4,12.3,0.52,5.2,8.0,0.642,4.8,10.2,15.1,5.4,1.6,2.0,3.7,6.1,18.0,112.0,104.0,2016,Mason Plumlee-2016,0.0,Not Selected,Center,POR,0.03577235772357724
2015-16,Miles Plumlee,plumlmi01,C,27,MIL,61,14,870,8.2,13.6,0.601,0.0,0.0,0.0,8.2,13.6,0.601,2.0,3.5,0.5760000000000001,5.5,8.1,13.6,0.9,1.2,2.9,2.3,4.3,18.4,115.0,107.0,2016,Miles Plumlee-2016,0.0,Not Selected,Center,MIL,0.026829268292682926
2015-16,Otto Porter,porteot01,SF,22,WAS,75,73,2276,7.3,15.4,0.473,2.1,5.7,0.36700000000000005,5.2,9.6,0.536,2.0,2.7,0.754,2.1,6.3,8.4,2.6,2.2,0.7,1.5,3.5,18.7,112.0,105.0,2016,Otto Porter-2016,0.0,Not Selected,Forward,WAS,0.03333333333333333
2015-16,Bobby Portis,portibo01,PF,20,CHI,62,4,1102,8.5,19.8,0.42700000000000005,0.7,2.4,0.308,7.7,17.5,0.44299999999999995,2.2,3.0,0.727,5.6,9.7,15.3,2.4,1.1,1.0,2.5,4.5,19.8,100.0,106.0,2016,Bobby Portis-2016,0.0,Not Selected,Forward,CHI,0.03414634146341464
2015-16,Kristaps Porziņģis,porzikr01,PF,20,NYK,72,72,2047,9.4,22.2,0.42100000000000004,2.0,6.1,0.33299999999999996,7.3,16.1,0.45399999999999996,5.0,6.0,0.838,3.3,9.9,13.2,2.4,1.3,3.4,3.0,5.1,25.8,103.0,103.0,2016,Kristaps Porziņģis-2016,0.0,Not Selected,Forward,NYK,0.026016260162601626
2015-16,Dwight Powell,poweldw01,PF,24,DAL,69,2,992,7.5,15.2,0.493,0.1,0.8,0.125,7.4,14.4,0.514,5.4,7.3,0.7390000000000001,4.3,9.7,14.0,2.3,1.8,1.2,2.1,6.1,20.5,114.0,104.0,2016,Dwight Powell-2016,0.0,Not Selected,Forward,DAL,0.03414634146341464
2015-16,Norman Powell,powelno01,SG,22,TOR,49,24,725,6.9,16.3,0.424,2.6,6.3,0.40399999999999997,4.3,10.0,0.436,3.1,3.8,0.8109999999999999,1.1,6.8,7.9,3.4,2.1,0.7,2.3,4.2,19.5,107.0,105.0,2016,Norman Powell-2016,0.0,Not Selected,Guard,TOR,0.04552845528455285
2015-16,Phil Pressey,pressph01,PG,24,TOT,23,0,283,5.2,13.5,0.385,0.7,3.1,0.222,4.5,10.4,0.433,2.2,4.3,0.52,0.5,4.8,5.4,13.0,3.1,0.7,5.7,4.8,13.3,88.0,107.0,2016,Phil Pressey-2016,0.0,Not Selected,Guard,TOT,0.03333333333333333
2015-16,Ronnie Price,pricero01,PG,32,PHO,62,18,1211,4.7,12.1,0.384,2.7,7.9,0.34700000000000003,1.9,4.3,0.45299999999999996,1.2,1.6,0.7559999999999999,1.0,3.0,4.0,5.9,3.0,0.5,2.8,6.5,13.3,102.0,108.0,2016,Ronnie Price-2016,0.0,Not Selected,Guard,PHO,0.01869918699186992
2015-16,Pablo Prigioni,prigipa01,PG,38,LAC,59,3,823,3.3,9.0,0.374,1.7,5.8,0.295,1.6,3.2,0.519,0.4,0.5,0.875,2.3,4.6,6.9,7.9,3.2,0.1,3.0,5.0,8.8,103.0,104.0,2016,Pablo Prigioni-2016,0.0,Not Selected,Guard,LAC,0.043089430894308944
2015-16,Tayshaun Prince,princta01,SF,35,MIN,77,44,1462,3.5,7.9,0.445,0.1,0.8,0.174,3.4,7.1,0.47600000000000003,0.4,0.7,0.684,1.1,4.0,5.1,2.5,1.2,0.4,0.9,2.1,7.6,100.0,113.0,2016,Tayshaun Prince-2016,0.0,Not Selected,Forward,MIN,0.023577235772357725
2015-16,Julius Randle,randlju01,PF,21,LAL,81,60,2286,7.9,18.3,0.429,0.2,0.8,0.278,7.6,17.6,0.436,4.2,5.9,0.715,3.8,14.4,18.2,3.2,1.2,0.6,3.3,5.3,20.2,97.0,108.0,2016,Julius Randle-2016,0.0,Not Selected,Forward,LAL,0.013821138211382113
2015-16,Zach Randolph,randoza01,PF,34,MEM,68,53,2016,11.0,23.2,0.475,0.2,0.7,0.231,10.8,22.5,0.48200000000000004,4.4,5.5,0.7959999999999999,4.6,8.9,13.5,3.6,1.1,0.3,2.7,3.7,26.5,107.0,109.0,2016,Zach Randolph-2016,0.0,Not Selected,Forward,MEM,0.03414634146341464
2015-16,J.J. Redick,redicjj01,SG,31,LAC,75,75,2097,10.1,21.0,0.48,4.8,10.1,0.475,5.3,11.0,0.484,4.3,4.9,0.888,0.2,3.1,3.3,2.5,1.0,0.1,1.9,3.2,29.3,118.0,109.0,2016,J.J. Redick-2016,0.0,Not Selected,Guard,LAC,0.043089430894308944
2015-16,Willie Reed,reedwi02,C,25,BRK,39,2,426,9.0,15.7,0.5710000000000001,0.0,0.0,0.0,9.0,15.7,0.5710000000000001,3.5,6.5,0.545,5.8,8.6,14.4,1.2,0.7,3.5,1.9,5.6,21.5,116.0,108.0,2016,Willie Reed-2016,0.0,Not Selected,Center,BRK,0.01707317073170732
2015-16,Josh Richardson,richajo01,SG,22,MIA,52,2,1107,5.7,12.6,0.452,2.5,5.3,0.461,3.2,7.3,0.446,1.9,2.9,0.667,1.0,4.0,5.0,3.4,1.7,1.2,1.6,5.0,15.8,112.0,106.0,2016,Josh Richardson-2016,0.0,Not Selected,Guard,MIA,0.03902439024390244
2015-16,Austin Rivers,riverau01,SG,23,LAC,67,7,1464,7.7,17.7,0.43799999999999994,2.1,6.3,0.335,5.6,11.3,0.495,2.7,4.0,0.6809999999999999,0.8,3.7,4.4,3.4,1.6,0.3,2.1,4.7,20.3,101.0,107.0,2016,Austin Rivers-2016,0.0,Not Selected,Guard,LAC,0.043089430894308944
2015-16,Andre Roberson,roberan03,SG,24,OKC,70,70,1553,4.3,8.8,0.496,1.0,3.3,0.311,3.3,5.5,0.608,1.1,1.7,0.611,2.5,5.5,8.0,1.5,1.7,1.3,1.1,4.3,10.8,119.0,106.0,2016,Andre Roberson-2016,0.0,Not Selected,Guard,OKC,0.044715447154471545
2015-16,Brian Roberts,roberbr01,PG,30,TOT,51,0,470,7.9,17.6,0.44799999999999995,1.6,4.5,0.35700000000000004,6.3,13.1,0.48,4.5,5.0,0.894,0.6,3.7,4.4,5.8,1.1,0.2,2.5,3.7,21.9,111.0,109.0,2016,Brian Roberts-2016,0.0,Not Selected,Guard,TOT,0.03333333333333333
2015-16,Glenn Robinson III,robingl02,SF,22,IND,45,4,508,6.4,14.8,0.43,1.4,3.6,0.37799999999999995,5.0,11.1,0.447,2.6,3.8,0.6920000000000001,1.2,5.5,6.6,2.5,1.7,0.9,1.8,2.1,16.7,102.0,105.0,2016,Glenn Robinson III-2016,0.0,Not Selected,Forward,IND,0.036585365853658534
2015-16,Nate Robinson,robinna01,PG,31,NOP,2,1,23,0.0,2.2,0.0,0.0,2.2,0.0,0.0,0.0,0.0,0.0,0.0,0.0,0.0,0.0,0.0,8.6,2.2,0.0,0.0,10.8,0.0,121.0,113.0,2016,Nate Robinson-2016,0.0,Not Selected,Guard,NOP,0.024390243902439025
2015-16,Thomas Robinson,robinth01,PF,24,BRK,71,7,917,7.1,16.0,0.447,0.0,0.1,0.0,7.1,15.9,0.44799999999999995,2.6,6.0,0.431,7.5,12.3,19.7,2.5,2.1,2.0,3.8,6.1,16.9,94.0,105.0,2016,Thomas Robinson-2016,0.0,Not Selected,Forward,BRK,0.01707317073170732
2015-16,Rajon Rondo,rondora01,PG,29,SAC,72,72,2537,6.7,14.8,0.45399999999999996,1.2,3.2,0.365,5.5,11.6,0.479,1.6,2.8,0.58,1.5,6.8,8.2,15.9,2.7,0.2,5.3,3.3,16.3,105.0,107.0,2016,Rajon Rondo-2016,0.0,Not Selected,Guard,SAC,0.026829268292682926
2015-16,Derrick Rose,rosede01,PG,27,CHI,66,66,2097,10.7,25.1,0.42700000000000005,1.1,3.6,0.293,9.6,21.5,0.449,3.4,4.3,0.7929999999999999,1.1,4.3,5.4,7.4,1.1,0.3,4.2,2.0,25.8,96.0,110.0,2016,Derrick Rose-2016,0.0,Not Selected,Guard,CHI,0.03414634146341464
2015-16,Terrence Ross,rosste01,SF,24,TOR,73,7,1747,8.0,18.5,0.431,3.9,10.0,0.386,4.1,8.5,0.484,1.4,1.8,0.79,0.6,4.9,5.5,1.7,1.6,0.7,1.4,3.5,21.3,110.0,107.0,2016,Terrence Ross-2016,0.0,Not Selected,Forward,TOR,0.04552845528455285
2015-16,Terry Rozier,roziete01,PG,21,BOS,39,0,311,4.5,16.6,0.27399999999999997,0.9,4.2,0.222,3.6,12.4,0.29100000000000004,1.3,1.6,0.8,3.8,6.1,9.9,5.8,0.9,0.2,3.0,3.6,11.3,81.0,107.0,2016,Terry Rozier-2016,0.0,Not Selected,Guard,BOS,0.03902439024390244
2015-16,Ricky Rubio,rubiori01,PG,25,MIN,76,76,2323,4.8,12.7,0.374,1.3,4.1,0.326,3.4,8.6,0.396,5.8,6.8,0.847,0.9,6.2,7.1,14.3,3.5,0.2,4.2,4.4,16.6,110.0,107.0,2016,Ricky Rubio-2016,0.0,Not Selected,Guard,MIN,0.023577235772357725
2015-16,Damjan Rudež,rudezda01,SF,29,MIN,33,0,277,4.5,11.3,0.40299999999999997,3.1,9.1,0.34,1.5,2.2,0.667,1.5,1.5,1.0,0.9,2.7,3.6,2.0,0.5,0.2,2.4,6.0,13.6,102.0,116.0,2016,Damjan Rudež-2016,0.0,Not Selected,Forward,MIN,0.023577235772357725
2015-16,Brandon Rush,rushbr01,SG,30,GSW,72,25,1055,5.1,11.9,0.42700000000000005,3.0,7.2,0.414,2.1,4.7,0.447,0.8,1.3,0.643,1.0,7.3,8.3,2.6,0.9,1.1,1.5,2.6,14.0,108.0,106.0,2016,Brandon Rush-2016,0.0,Not Selected,Guard,GSW,0.05934959349593496
2015-16,D'Angelo Russell,russeda01,PG,19,LAL,80,48,2259,8.7,21.3,0.41,2.9,8.2,0.35100000000000003,5.8,13.0,0.447,3.1,4.2,0.737,1.0,5.0,6.1,5.9,2.1,0.3,4.4,3.2,23.4,96.0,112.0,2016,D'Angelo Russell-2016,0.0,Not Selected,Guard,LAL,0.013821138211382113
2015-16,Robert Sacre,sacrero01,C,26,LAL,25,1,320,4.9,11.8,0.413,0.0,0.0,0.0,4.9,11.8,0.413,3.9,6.0,0.6579999999999999,5.0,6.3,11.3,2.2,0.6,1.6,1.9,6.7,13.7,104.0,113.0,2016,Robert Sacre-2016,0.0,Not Selected,Center,LAL,0.013821138211382113
2015-16,JaKarr Sampson,sampsja02,SF,22,TOT,73,40,1160,6.0,13.5,0.442,0.6,2.7,0.222,5.4,10.8,0.496,3.4,5.2,0.6559999999999999,2.0,6.1,8.1,2.0,1.0,1.4,3.0,6.1,15.9,94.0,110.0,2016,JaKarr Sampson-2016,0.0,Not Selected,Forward,TOT,0.03333333333333333
2015-16,Dennis Schröder,schrode01,PG,22,ATL,80,6,1621,10.0,23.8,0.42100000000000004,2.3,7.3,0.322,7.7,16.5,0.465,4.4,5.5,0.7909999999999999,0.8,5.5,6.2,10.6,2.1,0.3,5.6,4.2,26.8,97.0,103.0,2016,Dennis Schröder-2016,0.0,Not Selected,Guard,ATL,0.03902439024390244
2015-16,Luis Scola,scolalu01,PF,35,TOR,76,76,1636,8.5,18.9,0.45,2.1,5.1,0.40399999999999997,6.4,13.8,0.467,1.9,2.7,0.726,2.7,8.7,11.4,2.1,1.5,0.9,2.1,5.6,21.0,105.0,105.0,2016,Luis Scola-2016,0.0,Not Selected,Forward,TOR,0.04552845528455285
2015-16,Mike Scott,scottmi01,PF,27,ATL,75,0,1146,7.6,16.2,0.46799999999999997,2.7,6.8,0.392,4.9,9.4,0.523,2.2,2.7,0.794,2.3,6.6,8.9,3.4,1.1,0.7,1.8,4.4,20.0,112.0,104.0,2016,Mike Scott-2016,0.0,Not Selected,Forward,ATL,0.03902439024390244
2015-16,Thabo Sefolosha,sefolth01,SF,31,ATL,75,11,1758,5.3,10.5,0.505,1.2,3.5,0.33899999999999997,4.1,7.0,0.589,1.7,2.8,0.626,1.5,7.9,9.4,3.0,2.4,1.0,1.9,3.1,13.5,108.0,100.0,2016,Thabo Sefolosha-2016,0.0,Not Selected,Forward,ATL,0.03902439024390244
2015-16,Kevin Séraphin,serapke01,C,26,NYK,48,0,526,8.2,20.0,0.41,0.0,0.2,0.0,8.2,19.8,0.414,1.9,2.2,0.826,3.0,9.3,12.3,4.6,0.8,3.5,4.2,6.5,18.3,86.0,105.0,2016,Kevin Séraphin-2016,0.0,Not Selected,Center,NYK,0.026016260162601626
2015-16,Ramon Sessions,sessira01,PG,29,WAS,82,5,1667,8.2,17.3,0.473,1.1,3.2,0.324,7.1,14.1,0.507,6.3,8.3,0.7559999999999999,0.7,5.2,5.9,7.0,1.3,0.1,3.4,3.0,23.7,109.0,109.0,2016,Ramon Sessions-2016,0.0,Not Selected,Guard,WAS,0.03333333333333333
2015-16,Iman Shumpert,shumpim01,SG,25,CLE,54,5,1316,4.5,11.9,0.374,1.7,5.7,0.295,2.8,6.2,0.447,1.6,2.0,0.784,1.3,6.7,7.9,3.6,2.1,0.7,2.2,4.7,12.2,97.0,103.0,2016,Iman Shumpert-2016,0.0,Not Selected,Guard,CLE,0.046341463414634146
2015-16,Jonathon Simmons,simmojo02,SG,26,SAS,55,2,813,7.7,15.2,0.504,1.1,3.0,0.38299999999999995,6.5,12.3,0.5329999999999999,4.3,5.8,0.75,1.0,5.0,6.0,3.7,1.5,0.3,3.3,6.5,20.8,106.0,102.0,2016,Jonathon Simmons-2016,0.0,Not Selected,Guard,SAS,0.05447154471544716
2015-16,Henry Sims,simshe01,C,25,BRK,14,4,263,6.3,14.8,0.429,0.0,0.0,0.0,6.3,14.8,0.429,4.8,5.7,0.833,4.0,9.8,13.8,1.7,1.7,2.7,2.3,7.1,17.4,104.0,107.0,2016,Henry Sims-2016,0.0,Not Selected,Center,BRK,0.01707317073170732
2015-16,Kyle Singler,singlky01,SF,27,OKC,68,2,977,4.4,11.2,0.389,1.5,4.9,0.309,2.8,6.3,0.452,1.5,2.2,0.659,2.5,4.6,7.2,1.2,1.5,0.5,1.6,6.1,11.7,102.0,108.0,2016,Kyle Singler-2016,0.0,Not Selected,Forward,OKC,0.044715447154471545
2015-16,Donald Sloan,sloando01,PG,28,BRK,61,33,1318,5.9,13.4,0.44,1.5,3.8,0.384,4.4,9.6,0.462,3.0,4.0,0.75,0.7,6.0,6.6,10.2,1.2,0.2,3.1,2.8,16.2,110.0,113.0,2016,Donald Sloan-2016,0.0,Not Selected,Guard,BRK,0.01707317073170732
2015-16,Marcus Smart,smartma01,PG,21,BOS,61,10,1667,5.4,15.5,0.348,1.8,7.0,0.253,3.6,8.4,0.42700000000000005,3.8,4.9,0.777,2.2,5.2,7.5,5.4,2.7,0.5,2.3,5.4,16.3,101.0,103.0,2016,Marcus Smart-2016,0.0,Not Selected,Guard,BOS,0.03902439024390244
2015-16,Greg Smith,smithgr02,PF,25,MIN,18,0,192,4.7,8.4,0.563,0.0,0.0,0.0,4.7,8.4,0.563,1.8,4.5,0.41200000000000003,3.2,7.9,11.0,1.6,1.1,0.3,1.8,7.4,11.3,105.0,111.0,2016,Greg Smith-2016,0.0,Not Selected,Forward,MIN,0.023577235772357725
2015-16,Ish Smith,smithis01,PG,27,TOT,77,53,2239,8.7,21.2,0.41100000000000003,1.2,3.7,0.32899999999999996,7.5,17.5,0.428,2.7,3.9,0.693,0.9,5.8,6.7,11.0,1.9,0.5,3.8,2.9,21.3,98.0,110.0,2016,Ish Smith-2016,0.0,Not Selected,Guard,TOT,0.03333333333333333
2015-16,J.R. Smith,smithjr01,SG,30,CLE,77,77,2362,7.7,18.5,0.415,4.4,11.1,0.4,3.2,7.4,0.43799999999999994,1.0,1.5,0.634,0.9,3.8,4.7,2.8,1.8,0.5,1.3,4.4,20.8,110.0,106.0,2016,J.R. Smith-2016,0.0,Not Selected,Guard,CLE,0.046341463414634146
2015-16,Jason Smith,smithja02,C,29,ORL,76,2,1181,10.3,21.3,0.485,0.2,0.7,0.25,10.2,20.6,0.493,2.3,2.8,0.8059999999999999,2.2,7.0,9.3,2.6,1.4,2.8,2.4,6.9,23.1,100.0,105.0,2016,Jason Smith-2016,0.0,Not Selected,Center,ORL,0.028455284552845527
2015-16,Josh Smith,smithjo03,PF,30,TOT,55,7,880,7.2,19.7,0.364,2.3,8.1,0.287,4.9,11.6,0.41700000000000004,2.1,3.8,0.552,2.9,8.0,10.8,5.1,1.9,2.7,4.3,6.7,18.7,88.0,103.0,2016,Josh Smith-2016,0.0,Not Selected,Forward,TOT,0.03333333333333333
2015-16,Russ Smith,smithru01,PG,24,MEM,15,0,66,5.5,17.2,0.318,0.8,3.9,0.2,4.7,13.3,0.353,6.2,10.1,0.615,0.8,6.2,7.0,8.6,3.9,0.8,5.5,3.9,17.9,83.0,104.0,2016,Russ Smith-2016,0.0,Not Selected,Guard,MEM,0.03414634146341464
2015-16,Tony Snell,snellto01,SF,24,CHI,64,33,1301,4.9,13.1,0.37200000000000005,2.2,6.0,0.361,2.7,7.1,0.38,1.2,1.3,0.909,0.7,6.9,7.7,2.4,0.6,0.7,2.0,3.9,13.0,93.0,109.0,2016,Tony Snell-2016,0.0,Not Selected,Forward,CHI,0.03414634146341464
2015-16,Marreese Speights,speigma01,C,28,GSW,72,0,832,11.4,26.5,0.43200000000000005,1.4,3.6,0.387,10.0,22.9,0.439,5.5,6.6,0.825,4.5,9.4,13.9,3.5,1.1,2.0,3.8,6.8,29.7,102.0,103.0,2016,Marreese Speights-2016,0.0,Not Selected,Center,GSW,0.05934959349593496
2015-16,Tiago Splitter,splitti01,C,31,ATL,36,2,579,6.9,13.2,0.523,0.0,0.2,0.0,6.9,13.1,0.529,3.3,4.1,0.813,3.8,6.4,10.2,2.6,1.7,1.0,2.0,6.1,17.2,113.0,102.0,2016,Tiago Splitter-2016,0.0,Not Selected,Center,ATL,0.03902439024390244
2015-16,Nik Stauskas,stausni01,SG,22,PHI,73,35,1809,5.7,14.8,0.385,2.9,8.8,0.326,2.8,6.0,0.473,2.5,3.2,0.7709999999999999,0.6,4.3,5.0,3.7,1.2,0.5,2.5,3.1,16.7,98.0,113.0,2016,Nik Stauskas-2016,0.0,Not Selected,Guard,PHI,0.008130081300813009
2015-16,Lance Stephenson,stephla01,SF,25,TOT,69,13,1372,8.4,17.5,0.48100000000000004,1.1,2.9,0.385,7.3,14.7,0.5,3.2,4.1,0.784,1.5,6.8,8.3,4.9,1.6,0.3,3.5,5.0,21.2,103.0,107.0,2016,Lance Stephenson-2016,0.0,Not Selected,Forward,TOT,0.03333333333333333
2015-16,Alex Stepheson,stephal01,PF,28,TOT,8,0,73,6.3,18.9,0.33299999999999996,0.0,0.0,0.0,6.3,18.9,0.33299999999999996,2.8,8.4,0.33299999999999996,13.3,6.3,19.7,1.4,0.7,3.5,0.0,8.4,15.4,101.0,107.0,2016,Alex Stepheson-2016,0.0,Not Selected,Forward,TOT,0.03333333333333333
2015-16,Jarnell Stokes,stokeja01,C,22,TOT,7,0,18,8.6,14.3,0.6,0.0,0.0,0.0,8.6,14.3,0.6,2.9,5.7,0.5,2.9,8.6,11.4,2.9,2.9,0.0,0.0,2.9,20.0,131.0,103.0,2016,Jarnell Stokes-2016,0.0,Not Selected,Center,TOT,0.03333333333333333
2015-16,Amar'e Stoudemire,stoudam01,C,33,MIA,52,36,762,8.4,14.9,0.5660000000000001,0.0,0.0,0.0,8.4,14.9,0.5660000000000001,3.4,4.5,0.746,4.4,10.6,14.9,1.8,1.2,2.8,3.2,6.2,20.2,111.0,101.0,2016,Amar'e Stoudemire-2016,0.0,Not Selected,Center,MIA,0.03902439024390244
2015-16,Rodney Stuckey,stuckro01,PG,29,IND,58,1,1275,7.1,17.3,0.413,0.8,3.2,0.24100000000000002,6.3,14.0,0.45299999999999996,5.1,6.2,0.8290000000000001,0.7,5.3,6.1,5.5,1.7,0.3,3.0,3.0,20.1,101.0,105.0,2016,Rodney Stuckey-2016,0.0,Not Selected,Guard,IND,0.036585365853658534
2015-16,Jared Sullinger,sullija01,PF,23,BOS,81,73,1915,8.9,20.5,0.435,0.7,2.6,0.282,8.2,17.9,0.45799999999999996,2.6,4.1,0.64,4.9,12.2,17.1,4.8,1.9,1.2,2.6,5.3,21.2,103.0,100.0,2016,Jared Sullinger-2016,0.0,Not Selected,Forward,BOS,0.03902439024390244
2015-16,Edy Tavares,tavarwa01,C,23,ATL,11,0,73,7.4,12.9,0.579,0.0,0.0,0.0,7.4,12.9,0.579,2.0,5.4,0.375,4.7,9.5,14.2,2.0,0.7,4.1,3.4,5.4,16.9,101.0,99.0,2016,Edy Tavares-2016,0.0,Not Selected,Center,ATL,0.03902439024390244
2015-16,Jeff Teague,teaguje01,PG,27,ATL,79,78,2255,9.5,21.7,0.439,2.4,6.0,0.4,7.1,15.6,0.45399999999999996,5.7,6.8,0.8370000000000001,0.7,4.0,4.7,10.3,2.1,0.5,4.8,3.7,27.2,105.0,104.0,2016,Jeff Teague-2016,0.0,Not Selected,Guard,ATL,0.03902439024390244
2015-16,Mirza Teletović,teletmi01,PF,30,PHO,79,1,1686,9.6,22.5,0.42700000000000005,5.2,13.3,0.39299999999999996,4.4,9.2,0.47600000000000003,3.5,4.5,0.774,1.6,7.1,8.7,2.6,0.9,0.6,2.4,4.6,27.9,111.0,110.0,2016,Mirza Teletović-2016,0.0,Not Selected,Forward,PHO,0.01869918699186992
2015-16,Garrett Temple,templga01,SF,29,WAS,80,43,1951,5.0,12.6,0.39799999999999996,2.2,6.4,0.345,2.8,6.2,0.45299999999999996,2.3,3.1,0.728,0.9,4.4,5.3,3.5,1.7,0.4,1.6,4.9,14.5,104.0,108.0,2016,Garrett Temple-2016,0.0,Not Selected,Forward,WAS,0.03333333333333333
2015-16,Jason Terry,terryja01,SG,38,HOU,72,7,1258,5.9,14.7,0.402,3.6,10.2,0.35600000000000004,2.3,4.5,0.504,1.1,1.3,0.818,0.5,2.5,3.1,4.0,1.8,0.4,1.9,3.6,16.5,108.0,112.0,2016,Jason Terry-2016,0.0,Not Selected,Guard,HOU,0.03333333333333333
2015-16,Isaiah Thomas,thomais02,PG,26,BOS,82,79,2644,10.9,25.5,0.428,3.1,8.6,0.359,7.8,16.9,0.462,8.7,10.0,0.871,0.8,3.6,4.5,9.4,1.7,0.2,4.1,3.1,33.6,113.0,107.0,2016,Isaiah Thomas-2016,0.0,Not Selected,Guard,BOS,0.03902439024390244
2015-16,Lance Thomas,thomala01,PF,27,NYK,59,5,1313,6.6,15.0,0.442,1.7,4.3,0.40399999999999997,4.9,10.7,0.45799999999999996,4.0,4.7,0.857,1.3,3.8,5.1,2.1,0.9,0.3,2.2,4.3,18.9,107.0,112.0,2016,Lance Thomas-2016,0.0,Not Selected,Forward,NYK,0.026016260162601626
2015-16,Hollis Thompson,thompho01,SG,24,PHI,77,17,2154,6.1,15.5,0.397,3.4,8.9,0.38,2.8,6.6,0.42,1.6,2.2,0.7190000000000001,1.2,5.0,6.2,2.3,0.8,0.5,1.7,4.3,17.2,101.0,113.0,2016,Hollis Thompson-2016,0.0,Not Selected,Guard,PHI,0.008130081300813009
2015-16,Jason Thompson,thompja02,C,29,TOT,47,7,471,5.6,11.5,0.48100000000000004,0.5,1.6,0.33299999999999996,5.0,9.9,0.505,4.1,5.8,0.7040000000000001,3.4,10.9,14.3,3.1,1.3,2.1,1.6,8.6,15.7,119.0,102.0,2016,Jason Thompson-2016,0.0,Not Selected,Center,TOT,0.03333333333333333
2015-16,Klay Thompson,thompkl01,SG,25,GSW,80,80,2666,11.8,25.1,0.47,5.0,11.8,0.425,6.8,13.3,0.51,3.5,4.0,0.873,0.6,4.9,5.5,3.0,1.1,0.9,2.5,2.8,32.1,112.0,107.0,2016,Klay Thompson-2016,3.0,3rd,Guard,GSW,0.05934959349593496
2015-16,Tristan Thompson,thomptr01,PF,24,CLE,82,34,2269,5.6,9.5,0.588,0.0,0.0,0.0,5.6,9.5,0.588,3.4,5.5,0.616,6.1,10.7,16.7,1.4,0.9,1.2,1.4,4.6,14.6,130.0,104.0,2016,Tristan Thompson-2016,0.0,Not Selected,Forward,CLE,0.046341463414634146
2015-16,Marcus Thornton,thornma01,SG,28,TOT,61,8,1109,9.6,24.0,0.39899999999999997,4.0,12.0,0.337,5.5,12.0,0.46,3.0,3.5,0.848,1.7,5.0,6.6,3.8,2.1,0.2,2.3,4.0,26.1,104.0,110.0,2016,Marcus Thornton-2016,0.0,Not Selected,Guard,TOT,0.03333333333333333
2015-16,Anthony Tolliver,tollian01,PF,30,DET,72,5,1341,4.8,12.5,0.386,3.7,10.2,0.36,1.1,2.3,0.5,1.1,1.8,0.617,1.5,7.2,8.6,2.0,1.0,0.6,1.1,3.2,14.4,113.0,107.0,2016,Anthony Tolliver-2016,0.0,Not Selected,Forward,DET,0.03577235772357724
2015-16,Axel Toupane,toupaax01,SF,23,DEN,21,0,305,4.1,11.5,0.35700000000000004,2.1,6.6,0.325,2.0,4.9,0.4,2.1,2.8,0.765,1.3,3.8,5.1,2.5,1.2,1.0,1.0,6.6,12.5,106.0,111.0,2016,Axel Toupane-2016,0.0,Not Selected,Forward,DEN,0.026829268292682926
2015-16,Karl-Anthony Towns,townska01,C,20,MIN,82,82,2627,12.0,22.1,0.542,0.6,1.7,0.341,11.4,20.4,0.5589999999999999,4.3,5.3,0.8109999999999999,4.4,12.1,16.5,3.1,1.1,2.6,3.5,4.7,28.8,112.0,106.0,2016,Karl-Anthony Towns-2016,0.0,Not Selected,Center,MIN,0.023577235772357725
2015-16,P.J. Tucker,tuckepj01,SF,30,PHO,82,80,2540,4.6,11.2,0.41100000000000003,1.3,4.0,0.33,3.3,7.2,0.455,2.0,2.7,0.746,3.2,6.7,9.8,3.4,2.0,0.4,2.1,3.9,12.5,105.0,109.0,2016,P.J. Tucker-2016,0.0,Not Selected,Forward,PHO,0.01869918699186992
2015-16,Evan Turner,turneev01,SG,27,BOS,81,12,2271,7.4,16.2,0.456,0.4,1.8,0.24100000000000002,6.9,14.4,0.48200000000000004,3.2,3.8,0.8270000000000001,1.1,7.4,8.5,7.7,1.7,0.6,3.6,3.0,18.3,102.0,104.0,2016,Evan Turner-2016,0.0,Not Selected,Guard,BOS,0.03902439024390244
2015-16,Myles Turner,turnemy01,C,19,IND,60,30,1367,9.6,19.3,0.498,0.1,0.5,0.214,9.5,18.7,0.506,3.2,4.4,0.727,2.5,9.6,12.1,1.5,0.9,3.1,2.4,5.7,22.5,103.0,101.0,2016,Myles Turner-2016,0.0,Not Selected,Center,IND,0.036585365853658534
2015-16,Beno Udrih,udrihbe01,PG,33,TOT,44,5,707,6.2,14.4,0.434,1.1,3.2,0.341,5.2,11.2,0.461,1.3,1.5,0.9,0.6,4.6,5.2,8.4,1.0,0.1,3.8,3.7,14.9,97.0,109.0,2016,Beno Udrih-2016,0.0,Not Selected,Guard,TOT,0.03333333333333333
2015-16,Jonas Valančiūnas,valanjo01,C,23,TOR,60,59,1557,10.1,17.8,0.565,0.0,0.0,0.0,10.1,17.8,0.565,5.4,7.1,0.7609999999999999,6.1,12.0,18.2,1.4,0.8,2.7,2.8,5.2,25.5,120.0,102.0,2016,Jonas Valančiūnas-2016,0.0,Not Selected,Center,TOR,0.04552845528455285
2015-16,Anderson Varejão,varejan01,C,33,TOT,53,0,496,5.4,12.6,0.42700000000000005,0.0,0.1,0.0,5.4,12.5,0.431,3.2,5.1,0.64,3.7,10.5,14.3,3.5,1.6,1.0,2.2,7.1,14.0,103.0,102.0,2016,Anderson Varejão-2016,0.0,Not Selected,Center,TOT,0.03333333333333333
2015-16,Greivis Vásquez,vasqugr01,PG,29,MIL,23,0,460,5.0,15.3,0.326,2.0,8.1,0.247,3.0,7.2,0.415,2.4,2.9,0.846,0.6,4.7,5.2,10.1,1.1,0.0,4.4,4.7,14.4,90.0,113.0,2016,Greivis Vásquez-2016,0.0,Not Selected,Guard,MIL,0.026829268292682926
2015-16,Rashad Vaughn,vaughra01,SG,19,MIL,70,6,1001,4.1,13.5,0.305,2.2,7.5,0.293,1.9,6.1,0.319,0.6,0.8,0.8,0.6,3.9,4.5,2.0,1.5,0.8,1.4,3.7,11.0,83.0,112.0,2016,Rashad Vaughn-2016,0.0,Not Selected,Guard,MIL,0.026829268292682926
2015-16,Charlie Villanueva,villach01,PF,31,DAL,62,4,665,9.6,25.0,0.382,3.6,13.2,0.273,6.0,11.9,0.503,1.7,1.8,0.917,1.8,9.8,11.6,1.8,1.4,1.1,2.4,5.4,24.4,92.0,105.0,2016,Charlie Villanueva-2016,0.0,Not Selected,Forward,DAL,0.03414634146341464
2015-16,Noah Vonleh,vonleno01,PF,20,POR,78,56,1174,5.0,11.8,0.42100000000000004,0.5,2.0,0.239,4.5,9.9,0.457,1.6,2.2,0.745,3.9,9.1,13.0,1.3,1.2,1.1,2.1,6.5,12.1,98.0,107.0,2016,Noah Vonleh-2016,0.0,Not Selected,Forward,POR,0.03577235772357724
2015-16,Nikola Vučević,vucevni01,C,25,ORL,65,60,2037,13.1,25.7,0.51,0.0,0.2,0.222,13.0,25.5,0.512,2.8,3.7,0.753,4.3,9.9,14.1,4.4,1.3,1.7,3.0,4.2,29.0,106.0,105.0,2016,Nikola Vučević-2016,0.0,Not Selected,Center,ORL,0.028455284552845527
2015-16,Sasha Vujačić,vujacsa01,SG,31,NYK,61,25,908,6.0,15.7,0.38299999999999995,2.9,8.1,0.364,3.1,7.6,0.40299999999999997,1.8,2.2,0.821,1.5,7.0,8.4,4.8,1.9,0.3,2.5,4.7,16.8,101.0,107.0,2016,Sasha Vujačić-2016,0.0,Not Selected,Guard,NYK,0.026016260162601626
2015-16,Dwyane Wade,wadedw01,SG,34,MIA,74,73,2258,12.3,26.9,0.456,0.2,1.0,0.159,12.1,25.9,0.46799999999999997,7.3,9.2,0.7929999999999999,1.9,5.0,6.9,7.8,1.8,1.0,4.6,2.6,32.0,103.0,106.0,2016,Dwyane Wade-2016,0.0,Not Selected,Guard,MIA,0.03902439024390244
2015-16,Dion Waiters,waitedi01,SG,24,OKC,78,15,2152,6.5,16.3,0.39899999999999997,2.0,5.5,0.358,4.5,10.7,0.42100000000000004,2.6,3.6,0.713,0.8,3.8,4.7,3.6,1.9,0.3,2.8,3.3,17.6,99.0,108.0,2016,Dion Waiters-2016,0.0,Not Selected,Guard,OKC,0.044715447154471545
2015-16,Kemba Walker,walkeke02,PG,25,CHO,81,81,2885,9.9,23.1,0.42700000000000005,3.2,8.5,0.371,6.7,14.6,0.45899999999999996,6.5,7.6,0.847,1.0,5.2,6.2,7.3,2.2,0.7,3.0,1.9,29.4,112.0,105.0,2016,Kemba Walker-2016,0.0,Not Selected,Guard,CHO,0.03902439024390244
2015-16,John Wall,walljo01,PG,25,WAS,77,77,2784,10.0,23.6,0.424,2.0,5.7,0.35100000000000003,8.0,17.9,0.44799999999999995,4.8,6.0,0.7909999999999999,0.7,5.9,6.6,13.8,2.5,1.0,5.6,2.8,26.8,102.0,104.0,2016,John Wall-2016,0.0,Not Selected,Guard,WAS,0.03333333333333333
2015-16,T.J. Warren,warretj01,SF,22,PHO,47,4,1070,10.1,20.1,0.501,1.3,3.2,0.4,8.8,16.9,0.52,2.0,2.9,0.703,2.6,4.1,6.7,2.0,1.7,0.7,1.5,4.3,23.4,112.0,110.0,2016,T.J. Warren-2016,0.0,Not Selected,Forward,PHO,0.01869918699186992
2015-16,C.J. Watson,watsocj01,PG,31,ORL,33,2,656,3.6,10.4,0.34299999999999997,1.1,3.7,0.292,2.5,6.8,0.371,2.6,3.0,0.872,0.8,4.3,5.0,6.7,1.4,0.4,1.9,3.7,10.8,102.0,110.0,2016,C.J. Watson-2016,0.0,Not Selected,Guard,ORL,0.028455284552845527
2015-16,Briante Weber,weberbr01,PG,23,TOT,7,4,169,4.3,11.9,0.359,0.0,1.5,0.0,4.3,10.4,0.41200000000000003,0.9,1.2,0.75,2.4,5.2,7.6,6.4,2.7,0.9,2.7,3.7,9.4,88.0,107.0,2016,Briante Weber-2016,0.0,Not Selected,Guard,TOT,0.03333333333333333
2015-16,Sonny Weems,weemsso01,SG-SF,29,TOT,43,0,499,4.1,10.7,0.382,1.5,4.0,0.366,2.6,6.7,0.391,0.8,1.5,0.5329999999999999,0.7,4.5,5.2,4.8,1.0,0.1,4.0,4.6,10.5,82.0,113.0,2016,Sonny Weems-2016,0.0,Not Selected,Forward,TOT,0.03333333333333333
2015-16,David West,westda01,PF,35,SAS,78,19,1404,8.9,16.3,0.545,0.1,0.3,0.429,8.8,16.1,0.546,2.3,2.9,0.7879999999999999,2.6,8.6,11.3,5.2,1.6,2.0,2.5,5.2,20.2,114.0,98.0,2016,David West-2016,0.0,Not Selected,Forward,SAS,0.05447154471544716
2015-16,Russell Westbrook,westbru01,PG,27,OKC,80,80,2750,11.8,26.1,0.45399999999999996,1.8,6.2,0.29600000000000004,10.0,19.9,0.503,8.4,10.3,0.812,2.6,8.7,11.3,15.1,2.9,0.4,6.2,3.6,33.9,115.0,103.0,2016,Russell Westbrook-2016,1.0,1st,Guard,OKC,0.044715447154471545
2015-16,Hassan Whiteside,whiteha01,C,26,MIA,73,43,2125,10.0,16.5,0.606,0.0,0.0,0.0,10.0,16.5,0.606,5.2,7.9,0.65,5.7,15.1,20.9,0.7,1.1,6.5,3.3,4.9,25.1,117.0,95.0,2016,Hassan Whiteside-2016,0.0,Not Selected,Center,MIA,0.03902439024390244
2015-16,Shayne Whittington,whittsh01,PF,24,IND,7,0,41,6.1,13.3,0.455,0.0,2.4,0.0,6.1,10.9,0.556,1.2,2.4,0.5,6.1,8.5,14.5,3.6,1.2,1.2,6.1,8.5,13.3,84.0,103.0,2016,Shayne Whittington-2016,0.0,Not Selected,Forward,IND,0.036585365853658534
2015-16,Andrew Wiggins,wiggian01,SF,20,MIN,81,81,2845,10.5,22.9,0.45899999999999996,1.0,3.4,0.3,9.5,19.6,0.486,7.6,10.0,0.7609999999999999,1.9,3.3,5.2,2.9,1.4,0.8,3.2,2.9,29.7,106.0,113.0,2016,Andrew Wiggins-2016,0.0,Not Selected,Forward,MIN,0.023577235772357725
2015-16,C.J. Wilcox,wilcocj01,SG,25,LAC,23,0,167,7.8,19.8,0.39399999999999996,2.7,6.9,0.391,5.1,12.9,0.395,2.7,3.6,0.75,0.3,3.3,3.6,3.0,3.0,0.6,0.6,4.5,21.0,103.0,104.0,2016,C.J. Wilcox-2016,0.0,Not Selected,Guard,LAC,0.043089430894308944
2015-16,Alan Williams,willial03,PF,23,PHO,10,0,68,7.2,17.2,0.41700000000000004,0.0,0.0,0.0,7.2,17.2,0.41700000000000004,6.4,10.0,0.643,10.0,17.2,27.2,3.6,2.9,3.6,4.3,10.7,20.8,103.0,97.0,2016,Alan Williams-2016,0.0,Not Selected,Forward,PHO,0.01869918699186992
2015-16,Deron Williams,willide01,PG,31,DAL,65,63,2106,7.8,18.7,0.414,2.3,6.8,0.344,5.4,11.9,0.45399999999999996,4.3,5.0,0.8690000000000001,0.5,4.1,4.6,9.1,1.5,0.3,3.6,3.7,22.2,105.0,109.0,2016,Deron Williams-2016,0.0,Not Selected,Guard,DAL,0.03414634146341464
2015-16,Derrick Williams,willide02,SF,24,NYK,80,9,1435,9.1,20.2,0.45,1.6,5.4,0.293,7.5,14.9,0.506,6.9,9.2,0.758,1.7,8.9,10.6,2.7,1.0,0.3,2.2,2.5,26.7,110.0,108.0,2016,Derrick Williams-2016,0.0,Not Selected,Forward,NYK,0.026016260162601626
2015-16,Elliot Williams,williel01,PG,26,MEM,5,0,45,2.3,11.4,0.2,1.1,4.6,0.25,1.1,6.9,0.16699999999999998,3.4,4.6,0.75,1.1,3.4,4.6,4.6,0.0,0.0,1.1,2.3,9.1,86.0,115.0,2016,Elliot Williams-2016,0.0,Not Selected,Guard,MEM,0.03414634146341464
2015-16,Lou Williams,willilo02,SG,29,LAL,67,35,1907,7.5,18.2,0.408,2.9,8.4,0.344,4.6,9.8,0.46399999999999997,9.3,11.2,0.83,0.8,3.6,4.5,4.4,1.6,0.5,2.8,2.8,27.1,115.0,114.0,2016,Lou Williams-2016,0.0,Not Selected,Guard,LAL,0.013821138211382113
2015-16,Marvin Williams,willima02,PF,29,CHO,81,81,2338,7.3,16.0,0.452,3.3,8.1,0.402,4.0,7.9,0.504,2.6,3.1,0.833,2.7,8.5,11.2,2.4,1.2,1.7,1.3,2.9,20.3,118.0,104.0,2016,Marvin Williams-2016,0.0,Not Selected,Forward,CHO,0.03902439024390244
2015-16,Mo Williams,willima01,PG,33,CLE,41,14,748,9.1,20.8,0.43700000000000006,2.5,7.0,0.353,6.6,13.8,0.48,2.6,2.9,0.905,0.4,4.5,5.0,6.7,1.0,0.3,3.9,4.1,23.3,102.0,108.0,2016,Mo Williams-2016,0.0,Not Selected,Guard,CLE,0.046341463414634146
2015-16,Justise Winslow,winslju01,SF,19,MIA,78,8,2232,4.5,10.6,0.42200000000000004,0.7,2.7,0.276,3.7,8.0,0.47100000000000003,1.8,2.7,0.684,1.9,7.4,9.3,2.7,1.6,0.6,2.2,4.2,11.5,97.0,105.0,2016,Justise Winslow-2016,0.0,Not Selected,Forward,MIA,0.03902439024390244
2015-16,Jeff Withey,witheje01,C,25,UTA,51,10,658,7.0,13.0,0.537,0.0,0.2,0.0,7.0,12.8,0.544,3.4,4.7,0.7290000000000001,4.5,9.4,13.9,1.6,1.7,4.2,2.2,6.0,17.4,115.0,99.0,2016,Jeff Withey-2016,0.0,Not Selected,Center,UTA,0.032520325203252036
2015-16,Christian Wood,woodch01,PF,20,PHI,17,0,145,7.4,17.9,0.415,1.4,3.7,0.364,6.1,14.2,0.429,4.4,7.1,0.619,4.4,8.4,12.8,1.0,1.7,2.4,0.7,3.7,20.6,107.0,107.0,2016,Christian Wood-2016,0.0,Not Selected,Forward,PHI,0.008130081300813009
2015-16,Metta World Peace,artesro01,SF,36,LAL,35,5,590,4.7,15.1,0.311,2.2,7.1,0.31,2.5,7.9,0.312,3.4,4.9,0.7020000000000001,1.6,6.0,7.6,2.3,1.9,0.9,1.3,5.7,15.0,95.0,111.0,2016,Metta World Peace-2016,0.0,Not Selected,Forward,LAL,0.013821138211382113
2015-16,Brandan Wright,wrighbr03,PF,28,MEM,12,2,212,8.5,12.6,0.6729999999999999,0.0,0.0,0.0,8.5,12.6,0.6729999999999999,3.2,5.8,0.542,3.4,7.0,10.4,1.5,1.2,3.6,2.4,5.1,20.1,119.0,106.0,2016,Brandan Wright-2016,0.0,Not Selected,Forward,MEM,0.03414634146341464
2015-16,Delon Wright,wrighde01,PG,23,TOR,27,1,229,8.1,18.1,0.45,1.1,2.9,0.385,7.0,15.1,0.46299999999999997,5.9,7.9,0.743,1.8,6.5,8.3,7.0,1.8,0.7,3.6,1.6,23.2,109.0,106.0,2016,Delon Wright-2016,0.0,Not Selected,Guard,TOR,0.04552845528455285
2015-16,Tony Wroten,wroteto01,PG,22,PHI,8,3,144,7.5,22.1,0.33799999999999997,1.0,5.8,0.17600000000000002,6.5,16.3,0.396,6.8,12.6,0.541,0.7,6.5,7.1,6.8,1.0,0.0,9.9,3.7,22.8,70.0,112.0,2016,Tony Wroten-2016,0.0,Not Selected,Guard,PHI,0.008130081300813009
2015-16,James Young,youngja01,SG,20,BOS,29,0,199,2.7,8.8,0.306,1.5,6.4,0.231,1.2,2.4,0.5,0.2,1.0,0.25,1.0,5.4,6.4,2.2,1.5,0.2,1.2,4.2,7.1,84.0,106.0,2016,James Young-2016,0.0,Not Selected,Guard,BOS,0.03902439024390244
2015-16,Joe Young,youngjo01,PG,23,IND,41,0,384,8.0,21.9,0.36700000000000005,1.3,5.9,0.217,6.7,15.9,0.423,2.6,3.2,0.8,0.8,5.7,6.5,8.4,1.9,0.0,4.3,3.9,19.9,88.0,105.0,2016,Joe Young-2016,0.0,Not Selected,Guard,IND,0.036585365853658534
2015-16,Nick Young,youngni01,SG,30,LAL,54,2,1033,6.1,18.1,0.33899999999999997,3.7,11.5,0.325,2.4,6.6,0.363,3.1,3.7,0.8290000000000001,0.7,4.0,4.7,1.7,1.1,0.3,1.5,2.4,19.1,98.0,115.0,2016,Nick Young-2016,0.0,Not Selected,Guard,LAL,0.013821138211382113
2015-16,Thaddeus Young,youngth01,PF,27,BRK,73,73,2407,10.4,20.2,0.514,0.1,0.6,0.233,10.2,19.5,0.523,2.2,3.4,0.644,3.7,10.1,13.8,2.8,2.3,0.8,2.8,3.8,23.1,104.0,107.0,2016,Thaddeus Young-2016,0.0,Not Selected,Forward,BRK,0.01707317073170732
2015-16,Cody Zeller,zelleco01,C,23,CHO,73,60,1774,6.5,12.4,0.529,0.0,0.3,0.1,6.5,12.1,0.539,4.9,6.6,0.754,3.9,9.0,12.9,2.0,1.6,1.8,1.9,5.8,18.0,119.0,102.0,2016,Cody Zeller-2016,0.0,Not Selected,Center,CHO,0.03902439024390244
2015-16,Tyler Zeller,zellety01,C,26,BOS,60,3,710,9.5,19.9,0.47600000000000003,0.0,0.0,0.0,9.5,19.9,0.47600000000000003,6.0,7.4,0.815,4.3,8.0,12.2,2.0,0.7,1.5,3.2,6.7,25.0,106.0,105.0,2016,Tyler Zeller-2016,0.0,Not Selected,Center,BOS,0.03902439024390244
2016-17,Álex Abrines,abrinal01,SG,23,OKC,68,6,1055,6.2,15.9,0.39299999999999996,4.4,11.5,0.381,1.9,4.4,0.426,2.0,2.3,0.898,0.8,3.2,4.0,1.9,1.7,0.4,1.5,5.3,18.9,113.0,110.0,2017,Álex Abrines-2017,0.0,Not Selected,Guard,OKC,0.038211382113821135
2016-17,Quincy Acy,acyqu01,PF,26,TOT,38,1,558,6.0,14.6,0.41200000000000003,3.2,7.7,0.41100000000000003,2.8,6.8,0.413,3.9,5.1,0.75,1.7,8.1,9.8,1.5,1.2,1.3,1.8,5.7,19.0,109.0,110.0,2017,Quincy Acy-2017,0.0,Not Selected,Forward,TOT,0.033333333333333326
2016-17,Steven Adams,adamsst01,C,23,OKC,80,80,2389,7.7,13.5,0.5710000000000001,0.0,0.0,0.0,7.7,13.4,0.5720000000000001,3.2,5.3,0.611,5.8,6.8,12.6,1.8,1.8,1.6,3.0,4.0,18.6,114.0,107.0,2017,Steven Adams-2017,0.0,Not Selected,Center,OKC,0.038211382113821135
2016-17,Arron Afflalo,afflaar01,SG,31,SAC,61,45,1580,5.9,13.5,0.44,2.0,4.8,0.41100000000000003,3.9,8.6,0.457,2.7,3.0,0.892,0.3,3.7,4.0,2.5,0.7,0.2,1.3,3.3,16.5,109.0,116.0,2017,Arron Afflalo-2017,0.0,Not Selected,Guard,SAC,0.026016260162601626
2016-17,Alexis Ajinça,ajincal01,C,28,NOP,39,15,584,7.5,14.9,0.5,0.0,0.3,0.0,7.5,14.6,0.511,2.4,3.4,0.725,3.9,11.0,14.8,1.0,1.7,1.8,2.6,6.5,17.4,101.0,104.0,2017,Alexis Ajinça-2017,0.0,Not Selected,Center,NOP,0.027642276422764227
2016-17,Cole Aldrich,aldrico01,C,28,MIN,62,0,531,4.3,8.2,0.523,0.0,0.0,0.0,4.3,8.2,0.523,1.4,2.1,0.682,4.9,10.2,15.1,2.4,2.4,2.2,1.6,8.1,10.0,118.0,107.0,2017,Cole Aldrich-2017,0.0,Not Selected,Center,MIN,0.025203252032520326
2016-17,LaMarcus Aldridge,aldrila01,PF,31,SAS,72,72,2335,10.9,22.9,0.47700000000000004,0.5,1.2,0.41100000000000003,10.4,21.7,0.48,4.8,5.9,0.812,3.8,7.7,11.4,3.0,1.0,1.9,2.1,3.4,27.1,111.0,104.0,2017,LaMarcus Aldridge-2017,0.0,Not Selected,Forward,SAS,0.04959349593495935
2016-17,Lavoy Allen,allenla01,PF,27,IND,61,5,871,4.4,9.7,0.45799999999999996,0.0,0.1,0.0,4.4,9.6,0.461,1.3,1.9,0.6970000000000001,6.0,6.6,12.6,3.3,1.0,1.4,1.7,4.5,10.2,114.0,110.0,2017,Lavoy Allen-2017,0.0,Not Selected,Forward,IND,0.03414634146341464
2016-17,Tony Allen,allento01,SG,35,MEM,71,66,1914,7.4,16.2,0.461,0.4,1.5,0.278,7.0,14.7,0.479,2.2,3.5,0.615,4.5,6.1,10.6,2.7,3.1,0.8,2.7,4.8,17.5,101.0,105.0,2017,Tony Allen-2017,0.0,Not Selected,Guard,MEM,0.034959349593495934
2016-17,Al-Farouq Aminu,aminual01,PF,26,POR,61,25,1773,5.1,13.1,0.39299999999999996,2.0,5.9,0.33,3.2,7.1,0.445,2.7,3.8,0.706,2.2,10.5,12.6,2.8,1.7,1.2,2.6,2.9,14.9,100.0,108.0,2017,Al-Farouq Aminu-2017,0.0,Not Selected,Forward,POR,0.03333333333333333
2016-17,Chris Andersen,anderch01,C,38,CLE,12,0,114,3.9,9.6,0.409,0.0,1.3,0.0,3.9,8.3,0.474,4.4,6.1,0.7140000000000001,3.9,9.6,13.6,2.2,2.2,3.1,2.2,8.8,12.3,107.0,104.0,2017,Chris Andersen-2017,0.0,Not Selected,Center,CLE,0.041463414634146344
2016-17,Alan Anderson,anderal01,SF,34,LAC,30,0,308,4.9,13.0,0.375,2.3,7.1,0.318,2.6,5.8,0.444,1.9,2.6,0.75,0.5,3.4,3.9,1.8,0.5,0.0,1.1,5.7,14.0,100.0,114.0,2017,Alan Anderson-2017,0.0,Not Selected,Forward,LAC,0.041463414634146344
2016-17,Justin Anderson,anderju01,SF,23,TOT,75,10,1228,7.7,18.1,0.424,2.4,8.0,0.299,5.3,10.1,0.522,4.2,5.3,0.7909999999999999,2.8,7.3,10.1,2.7,1.7,0.9,2.7,4.5,21.9,104.0,108.0,2017,Justin Anderson-2017,0.0,Not Selected,Forward,TOT,0.033333333333333326
2016-17,Kyle Anderson,anderky01,SF,23,SAS,72,14,1020,4.6,10.4,0.445,0.7,2.0,0.375,3.9,8.4,0.462,2.2,2.8,0.789,1.6,8.7,10.4,4.5,2.5,1.3,1.9,3.1,12.3,109.0,101.0,2017,Kyle Anderson-2017,0.0,Not Selected,Forward,SAS,0.04959349593495935
2016-17,Ryan Anderson,anderry01,PF,28,HOU,72,72,2116,7.3,17.5,0.418,4.6,11.5,0.40299999999999997,2.7,6.1,0.446,2.9,3.4,0.86,2.5,4.9,7.5,1.5,0.7,0.3,1.2,3.2,22.2,119.0,113.0,2017,Ryan Anderson-2017,0.0,Not Selected,Forward,HOU,0.044715447154471545
2016-17,Giannis Antetokounmpo,antetgi01,SF,22,MIL,80,80,2845,11.7,22.5,0.521,0.9,3.2,0.272,10.8,19.3,0.563,8.4,10.9,0.77,2.5,10.0,12.5,7.7,2.3,2.7,4.2,4.4,32.7,116.0,104.0,2017,Giannis Antetokounmpo-2017,2.0,2nd,Forward,MIL,0.03414634146341464
2016-17,Carmelo Anthony,anthoca01,SF,32,NYK,74,74,2538,11.9,27.4,0.433,3.0,8.3,0.359,8.9,19.1,0.466,6.0,7.2,0.833,1.2,7.4,8.6,4.2,1.2,0.7,3.0,3.9,32.7,108.0,113.0,2017,Carmelo Anthony-2017,0.0,Not Selected,Forward,NYK,0.025203252032520326
2016-17,Joel Anthony,anthojo01,C,34,SAS,19,0,122,4.2,6.7,0.625,0.0,0.0,0.0,4.2,6.7,0.625,2.1,3.3,0.625,3.3,9.6,12.9,1.3,0.8,2.5,1.7,4.6,10.4,121.0,102.0,2017,Joel Anthony-2017,0.0,Not Selected,Center,SAS,0.04959349593495935
2016-17,Trevor Ariza,arizatr01,SF,31,HOU,80,80,2773,5.6,13.8,0.409,3.3,9.6,0.344,2.3,4.2,0.556,1.6,2.2,0.738,0.9,7.0,7.9,3.0,2.5,0.3,1.3,2.3,16.2,113.0,108.0,2017,Trevor Ariza-2017,0.0,Not Selected,Forward,HOU,0.044715447154471545
2016-17,Darrell Arthur,arthuda01,PF,28,DEN,41,7,639,7.3,16.4,0.442,4.1,8.9,0.45299999999999996,3.2,7.5,0.429,1.5,1.7,0.8640000000000001,1.9,6.6,8.6,3.2,1.5,1.6,2.8,5.8,20.0,110.0,112.0,2017,Darrell Arthur-2017,0.0,Not Selected,Forward,DEN,0.032520325203252036
2016-17,Ömer Aşık,asikom01,C,30,NOP,31,19,482,3.1,6.6,0.47700000000000004,0.0,0.0,0.0,3.1,6.6,0.47700000000000004,2.3,4.0,0.59,4.9,11.7,16.6,1.5,0.5,1.0,1.4,5.2,8.6,114.0,107.0,2017,Ömer Aşık-2017,0.0,Not Selected,Center,NOP,0.027642276422764227
2016-17,D.J. Augustin,augusdj01,PG,29,ORL,78,20,1538,6.3,16.7,0.377,3.1,8.8,0.34700000000000003,3.2,7.8,0.41200000000000003,4.2,5.2,0.8140000000000001,0.5,3.3,3.8,6.7,1.0,0.0,2.9,3.3,19.9,104.0,115.0,2017,D.J. Augustin-2017,0.0,Not Selected,Guard,ORL,0.023577235772357725
2016-17,Luke Babbitt,babbilu01,SF,27,MIA,68,55,1065,5.3,13.3,0.402,4.1,9.9,0.414,1.2,3.4,0.366,0.5,0.7,0.733,0.6,6.1,6.7,1.7,0.9,0.5,1.2,5.6,15.3,110.0,109.0,2017,Luke Babbitt-2017,0.0,Not Selected,Forward,MIA,0.03333333333333333
2016-17,Ron Baker,bakerro01,SG,23,NYK,52,13,857,4.8,12.7,0.37799999999999995,1.3,5.0,0.267,3.4,7.6,0.45,1.6,2.5,0.6509999999999999,0.7,5.0,5.7,6.2,2.0,0.5,3.3,4.3,12.5,92.0,113.0,2017,Ron Baker-2017,0.0,Not Selected,Guard,NYK,0.025203252032520326
2016-17,Wade Baldwin,baldwwa01,PG,20,MEM,33,1,405,4.6,14.8,0.313,0.4,2.8,0.136,4.2,11.9,0.355,4.0,4.8,0.838,1.4,4.5,5.9,7.8,2.3,0.9,5.0,5.1,13.6,83.0,107.0,2017,Wade Baldwin-2017,0.0,Not Selected,Guard,MEM,0.034959349593495934
2016-17,Leandro Barbosa,barbole01,SG,34,PHO,67,0,963,8.6,19.5,0.439,1.7,4.9,0.35700000000000004,6.8,14.6,0.466,2.0,2.2,0.889,0.7,4.4,5.2,4.0,1.5,0.4,2.4,4.1,20.8,103.0,114.0,2017,Leandro Barbosa-2017,0.0,Not Selected,Guard,PHO,0.01951219512195122
2016-17,J.J. Barea,bareajo01,PG,32,DAL,35,6,771,9.6,23.2,0.414,3.6,10.0,0.358,6.0,13.2,0.456,3.0,3.4,0.863,0.6,5.1,5.7,13.0,0.9,0.1,4.3,2.0,25.7,106.0,112.0,2017,J.J. Barea-2017,0.0,Not Selected,Guard,DAL,0.026829268292682926
2016-17,Harrison Barnes,barneha02,PF,24,DAL,79,79,2803,11.1,23.8,0.46799999999999997,1.4,4.1,0.35100000000000003,9.7,19.6,0.49200000000000005,4.5,5.2,0.861,1.7,5.6,7.3,2.2,1.2,0.3,1.9,2.4,28.2,106.0,111.0,2017,Harrison Barnes-2017,0.0,Not Selected,Forward,DAL,0.026829268292682926
2016-17,Matt Barnes,barnema02,SF,36,TOT,74,18,1777,5.2,13.3,0.391,2.4,7.4,0.331,2.8,5.9,0.467,2.0,2.5,0.787,2.0,8.8,10.8,5.5,1.4,0.7,3.0,5.2,14.8,102.0,109.0,2017,Matt Barnes-2017,0.0,Not Selected,Forward,TOT,0.033333333333333326
2016-17,Will Barton,bartowi01,SG,26,DEN,60,19,1705,8.4,19.1,0.44299999999999995,2.5,6.7,0.37,6.0,12.3,0.483,4.1,5.4,0.753,1.7,5.8,7.4,5.9,1.4,0.8,2.8,3.2,23.5,112.0,114.0,2017,Will Barton-2017,0.0,Not Selected,Guard,DEN,0.032520325203252036
2016-17,Brandon Bass,bassbr01,PF,31,LAC,52,0,577,9.3,16.1,0.575,0.1,0.3,0.33299999999999996,9.2,15.8,0.579,6.7,7.6,0.875,3.7,7.4,11.2,1.8,1.2,1.0,2.5,3.9,25.3,125.0,109.0,2017,Brandon Bass-2017,0.0,Not Selected,Forward,LAC,0.041463414634146344
2016-17,Nicolas Batum,batumni01,SG,28,CHO,77,77,2617,7.5,18.7,0.40299999999999997,2.6,7.8,0.33299999999999996,4.9,10.9,0.45299999999999996,4.7,5.4,0.856,0.9,8.3,9.2,8.7,1.6,0.6,3.7,2.1,22.3,105.0,108.0,2017,Nicolas Batum-2017,0.0,Not Selected,Guard,CHO,0.02926829268292683
2016-17,Jerryd Bayless,bayleje01,PG,28,PHI,3,1,71,7.5,22.0,0.344,1.4,3.4,0.4,6.2,18.5,0.33299999999999996,6.2,6.9,0.9,2.1,6.2,8.2,8.9,0.0,0.0,6.2,2.7,22.6,90.0,114.0,2017,Jerryd Bayless-2017,0.0,Not Selected,Guard,PHI,0.022764227642276424
2016-17,Aron Baynes,baynear01,C,30,DET,75,2,1163,6.2,12.1,0.513,0.0,0.0,0.0,6.2,12.1,0.513,3.4,4.1,0.84,4.8,9.6,14.5,1.4,0.7,1.7,2.2,7.2,15.9,114.0,106.0,2017,Aron Baynes-2017,0.0,Not Selected,Center,DET,0.03008130081300813
2016-17,Kent Bazemore,bazemke01,SF,27,ATL,73,64,1963,7.4,18.1,0.409,2.3,6.7,0.34600000000000003,5.1,11.4,0.446,3.0,4.2,0.708,1.1,4.7,5.8,4.4,2.3,1.3,3.1,4.1,20.1,97.0,106.0,2017,Kent Bazemore-2017,0.0,Not Selected,Forward,ATL,0.034959349593495934
2016-17,Bradley Beal,bealbr01,SG,23,WAS,77,77,2684,11.7,24.3,0.48200000000000004,4.1,10.1,0.40399999999999997,7.6,14.1,0.5379999999999999,5.2,6.3,0.825,1.0,3.4,4.4,4.9,1.5,0.4,2.9,3.1,32.7,117.0,112.0,2017,Bradley Beal-2017,0.0,Not Selected,Guard,WAS,0.03983739837398374
2016-17,Malik Beasley,beaslma01,SG,20,DEN,22,1,165,9.8,21.6,0.452,2.7,8.3,0.321,7.1,13.3,0.5329999999999999,2.4,3.0,0.8,1.5,3.6,5.0,3.3,2.1,0.0,2.4,3.0,24.6,107.0,114.0,2017,Malik Beasley-2017,0.0,Not Selected,Guard,DEN,0.032520325203252036
2016-17,Michael Beasley,beaslmi01,PF,28,MIL,56,6,935,11.7,22.1,0.532,1.0,2.3,0.419,10.8,19.7,0.545,4.2,5.7,0.743,2.2,8.3,10.5,2.9,1.5,1.5,3.6,5.0,28.7,106.0,109.0,2017,Michael Beasley-2017,0.0,Not Selected,Forward,MIL,0.03414634146341464
2016-17,Marco Belinelli,belinma01,SG,30,CHO,74,0,1778,7.4,17.4,0.429,2.9,8.0,0.36,4.6,9.4,0.488,4.2,4.7,0.893,0.4,4.6,5.0,4.1,1.2,0.3,2.0,2.5,22.0,110.0,112.0,2017,Marco Belinelli-2017,0.0,Not Selected,Guard,CHO,0.02926829268292683
2016-17,DeAndre' Bembry,bembrde01,SF,22,ATL,38,1,371,6.2,13.0,0.48,0.1,2.4,0.055999999999999994,6.1,10.6,0.575,0.8,2.1,0.375,1.9,6.0,7.8,3.7,1.1,0.7,2.1,2.8,13.4,97.0,108.0,2017,DeAndre' Bembry-2017,0.0,Not Selected,Forward,ATL,0.034959349593495934
2016-17,Dragan Bender,bendedr01,PF,19,PHO,43,0,574,4.8,13.4,0.354,2.3,8.4,0.27699999999999997,2.4,5.0,0.483,0.3,0.9,0.364,1.9,6.7,8.6,1.9,0.8,1.8,2.7,6.2,12.2,86.0,113.0,2017,Dragan Bender-2017,0.0,Not Selected,Forward,PHO,0.01951219512195122
2016-17,Anthony Bennett,bennean01,PF,23,BRK,23,1,264,6.8,16.5,0.413,2.3,8.6,0.271,4.5,7.9,0.568,4.7,6.5,0.722,4.5,9.5,14.0,2.2,0.9,0.5,2.2,3.2,20.7,110.0,111.0,2017,Anthony Bennett-2017,0.0,Not Selected,Forward,BRK,0.016260162601626018
2016-17,Ben Bentil,bentibe01,PF,21,DAL,3,0,10,0.0,15.6,0.0,0.0,5.2,0.0,0.0,10.4,0.0,0.0,0.0,0.0,0.0,10.4,10.4,0.0,0.0,0.0,5.2,5.2,0.0,0.0,111.0,2017,Ben Bentil-2017,0.0,Not Selected,Forward,DAL,0.026829268292682926
2016-17,Dāvis Bertāns,bertada01,PF,24,SAS,67,6,808,6.5,14.8,0.44,4.4,10.9,0.39899999999999997,2.1,3.8,0.557,1.8,2.1,0.8240000000000001,1.4,4.8,6.2,2.9,1.3,1.8,2.0,4.7,19.1,115.0,105.0,2017,Dāvis Bertāns-2017,0.0,Not Selected,Forward,SAS,0.04959349593495935
2016-17,Patrick Beverley,beverpa01,SG,28,HOU,67,67,2058,5.3,12.7,0.42,2.6,6.7,0.382,2.8,5.9,0.46299999999999997,1.7,2.2,0.768,2.2,6.9,9.2,6.6,2.3,0.6,2.3,5.2,14.9,116.0,108.0,2017,Patrick Beverley-2017,0.0,Not Selected,Guard,HOU,0.044715447154471545
2016-17,Bismack Biyombo,biyombi01,C,24,ORL,81,27,1793,4.9,9.4,0.528,0.0,0.0,0.0,4.9,9.4,0.528,3.5,6.5,0.534,4.3,11.3,15.7,2.0,0.7,2.5,2.6,5.6,13.4,106.0,108.0,2017,Bismack Biyombo-2017,0.0,Not Selected,Center,ORL,0.023577235772357725
2016-17,Nemanja Bjelica,bjeline01,PF,28,MIN,65,1,1190,6.4,15.2,0.424,2.4,7.5,0.316,4.0,7.6,0.531,1.9,2.6,0.738,2.4,8.0,10.4,3.4,1.7,0.9,2.5,6.6,17.2,105.0,111.0,2017,Nemanja Bjelica-2017,0.0,Not Selected,Forward,MIN,0.025203252032520326
2016-17,Tarik Black,blackta01,C,25,LAL,67,16,1091,6.7,13.1,0.51,0.0,0.1,0.5,6.7,13.0,0.51,3.7,4.9,0.752,6.4,8.9,15.3,1.7,1.3,2.0,2.6,7.7,17.1,114.0,111.0,2017,Tarik Black-2017,0.0,Not Selected,Center,LAL,0.02113821138211382
2016-17,Eric Bledsoe,bledser01,PG,27,PHO,66,66,2176,9.9,22.7,0.434,2.3,6.8,0.335,7.6,15.9,0.47700000000000004,8.5,10.1,0.847,1.1,5.9,7.0,9.2,2.0,0.7,4.9,3.6,30.6,111.0,112.0,2017,Eric Bledsoe-2017,0.0,Not Selected,Guard,PHO,0.01951219512195122
2016-17,Bojan Bogdanović,bogdabo02,SF,27,TOT,81,54,2083,8.7,19.4,0.445,3.3,9.0,0.36700000000000005,5.3,10.4,0.512,5.0,5.6,0.893,0.9,5.5,6.4,2.6,0.8,0.2,3.0,3.4,25.6,108.0,114.0,2017,Bojan Bogdanović-2017,0.0,Not Selected,Forward,TOT,0.033333333333333326
2016-17,Andrew Bogut,bogutan01,C,32,TOT,27,21,583,3.4,7.2,0.469,0.0,0.1,0.0,3.4,7.1,0.475,0.3,1.0,0.273,5.0,14.5,19.5,4.4,1.2,2.2,3.8,7.7,7.1,93.0,104.0,2017,Andrew Bogut-2017,0.0,Not Selected,Center,TOT,0.033333333333333326
2016-17,Joel Bolomboy,bolomjo01,PF,23,UTA,12,0,53,8.9,15.8,0.563,1.0,4.0,0.25,7.9,11.9,0.667,3.0,5.9,0.5,4.0,12.9,16.8,2.0,1.0,2.0,2.0,1.0,21.8,117.0,102.0,2017,Joel Bolomboy-2017,0.0,Not Selected,Forward,UTA,0.041463414634146344
2016-17,Devin Booker,bookede01,SG,20,PHO,78,78,2730,10.6,25.1,0.423,2.6,7.1,0.363,8.0,18.0,0.447,6.4,7.7,0.8320000000000001,0.8,3.6,4.4,4.7,1.3,0.4,4.2,4.2,30.3,103.0,116.0,2017,Devin Booker-2017,0.0,Not Selected,Guard,PHO,0.01951219512195122
2016-17,Trevor Booker,booketr01,PF,29,BRK,71,43,1754,8.2,16.0,0.516,0.7,2.1,0.321,7.6,13.9,0.546,2.0,3.0,0.6729999999999999,3.9,11.6,15.4,3.7,2.0,0.8,3.4,4.1,19.2,105.0,107.0,2017,Trevor Booker-2017,0.0,Not Selected,Forward,BRK,0.016260162601626018
2016-17,Avery Bradley,bradlav01,SG,26,BOS,55,55,1835,9.7,20.9,0.46299999999999997,2.9,7.5,0.39,6.8,13.5,0.504,1.8,2.5,0.731,1.8,7.3,9.0,3.3,1.8,0.3,2.4,3.8,24.2,105.0,108.0,2017,Avery Bradley-2017,0.0,Not Selected,Guard,BOS,0.043089430894308944
2016-17,Corey Brewer,breweco01,SF,30,TOT,82,11,1281,5.5,13.1,0.42200000000000004,1.0,4.4,0.22899999999999998,4.5,8.7,0.522,1.9,2.6,0.735,1.2,5.0,6.2,3.6,2.3,0.8,2.1,5.0,14.0,101.0,110.0,2017,Corey Brewer-2017,0.0,Not Selected,Forward,TOT,0.033333333333333326
2016-17,Malcolm Brogdon,brogdma01,SG,24,MIL,75,28,1982,7.4,16.3,0.457,2.0,4.9,0.40399999999999997,5.4,11.3,0.48,2.8,3.2,0.865,1.2,4.3,5.5,8.1,2.2,0.3,2.9,3.6,19.7,111.0,111.0,2017,Malcolm Brogdon-2017,0.0,Not Selected,Guard,MIL,0.03414634146341464
2016-17,Aaron Brooks,brookaa01,PG,32,IND,65,0,894,6.8,16.8,0.40299999999999997,2.7,7.2,0.375,4.1,9.6,0.424,1.8,2.2,0.8,1.0,2.9,3.9,7.0,1.4,0.5,3.7,5.2,18.0,98.0,113.0,2017,Aaron Brooks-2017,0.0,Not Selected,Guard,IND,0.03414634146341464
2016-17,Anthony Brown,brownan02,SF,24,TOT,11,0,159,5.6,15.4,0.36,2.2,8.3,0.259,3.4,7.1,0.478,0.0,0.0,0.0,2.5,7.7,10.2,2.5,1.5,0.3,1.9,4.6,13.3,89.0,108.0,2017,Anthony Brown-2017,0.0,Not Selected,Forward,TOT,0.033333333333333326
2016-17,Bobby Brown,brownbo02,PG,32,HOU,25,0,123,9.0,23.4,0.38299999999999995,5.5,13.7,0.4,3.5,9.8,0.36,0.8,0.8,1.0,0.0,2.3,2.3,5.5,0.4,0.0,2.0,2.0,24.2,105.0,116.0,2017,Bobby Brown-2017,0.0,Not Selected,Guard,HOU,0.044715447154471545
2016-17,Jaylen Brown,brownja02,SF,20,BOS,78,20,1341,7.1,15.6,0.45399999999999996,1.7,5.0,0.341,5.4,10.6,0.507,3.1,4.6,0.685,1.7,6.5,8.1,2.4,1.3,0.7,2.5,5.3,19.0,102.0,110.0,2017,Jaylen Brown-2017,0.0,Not Selected,Forward,BOS,0.043089430894308944
2016-17,Nicolás Brussino,brussni01,SG,23,DAL,54,2,521,5.2,14.1,0.369,2.9,9.5,0.305,2.3,4.6,0.5,1.7,2.2,0.773,2.6,6.9,9.5,4.7,1.7,0.8,2.6,4.3,15.0,101.0,109.0,2017,Nicolás Brussino-2017,0.0,Not Selected,Guard,DAL,0.026829268292682926
2016-17,Reggie Bullock,bullore01,SF,25,DET,31,5,467,5.8,13.8,0.42200000000000004,3.0,7.9,0.384,2.8,5.9,0.473,0.5,0.8,0.7140000000000001,1.4,5.5,6.9,3.1,1.9,0.3,1.1,2.4,15.3,112.0,108.0,2017,Reggie Bullock-2017,0.0,Not Selected,Forward,DET,0.03008130081300813
2016-17,Trey Burke,burketr01,PG,24,WAS,57,0,703,8.1,17.9,0.455,2.2,4.9,0.44299999999999995,6.0,13.0,0.45899999999999996,1.5,2.0,0.759,0.5,2.8,3.3,7.0,0.8,0.4,3.4,3.8,20.0,103.0,114.0,2017,Trey Burke-2017,0.0,Not Selected,Guard,WAS,0.03983739837398374
2016-17,Alec Burks,burksal01,SG,25,UTA,42,0,653,7.9,19.9,0.39899999999999997,2.0,6.1,0.32899999999999996,5.9,13.8,0.43,4.8,6.3,0.769,1.4,8.3,9.6,2.4,1.4,0.4,2.8,4.0,22.7,98.0,106.0,2017,Alec Burks-2017,0.0,Not Selected,Guard,UTA,0.041463414634146344
2016-17,Jimmy Butler,butleji01,SF,27,CHI,76,75,2809,10.2,22.5,0.455,1.6,4.4,0.36700000000000005,8.6,18.0,0.47700000000000004,10.5,12.1,0.865,2.3,6.1,8.4,7.5,2.6,0.6,2.9,2.0,32.6,123.0,106.0,2017,Jimmy Butler-2017,3.0,3rd,Forward,CHI,0.03333333333333333
2016-17,Bruno Caboclo,cabocbr01,SF,21,TOR,9,0,40,7.6,20.3,0.375,2.5,7.6,0.33299999999999996,5.1,12.7,0.4,0.0,0.0,0.0,6.3,6.3,12.7,5.1,2.5,1.3,2.5,5.1,17.7,103.0,106.0,2017,Bruno Caboclo-2017,0.0,Not Selected,Forward,TOR,0.041463414634146344
2016-17,José Calderón,caldejo01,PG,35,TOT,41,13,539,5.0,12.2,0.41,1.8,5.8,0.313,3.2,6.4,0.5,1.0,1.1,0.917,1.4,5.4,6.7,8.0,1.0,0.1,3.7,3.3,12.8,100.0,113.0,2017,José Calderón-2017,0.0,Not Selected,Guard,TOT,0.033333333333333326
2016-17,Kentavious Caldwell-Pope,caldwke01,SG,23,DET,76,75,2529,7.4,18.5,0.39899999999999997,3.1,8.7,0.35,4.3,9.8,0.442,3.1,3.7,0.8320000000000001,1.1,3.9,5.0,3.9,1.8,0.2,1.7,2.4,20.9,107.0,109.0,2017,Kentavious Caldwell-Pope-2017,0.0,Not Selected,Guard,DET,0.03008130081300813
2016-17,Isaiah Canaan,canaais01,SG,25,CHI,39,0,592,5.4,14.7,0.364,2.1,8.0,0.266,3.2,6.7,0.48100000000000004,2.6,2.8,0.909,0.5,3.7,4.3,3.1,1.9,0.1,1.8,3.0,15.4,100.0,110.0,2017,Isaiah Canaan-2017,0.0,Not Selected,Guard,CHI,0.03333333333333333
2016-17,Clint Capela,capelca01,C,22,HOU,65,59,1551,11.2,17.4,0.643,0.0,0.0,0.0,11.2,17.4,0.643,2.9,5.5,0.531,5.5,10.8,16.3,1.9,1.1,2.4,2.7,5.5,25.3,122.0,106.0,2017,Clint Capela-2017,0.0,Not Selected,Center,HOU,0.044715447154471545
2016-17,DeMarre Carroll,carrode01,SF,30,TOR,72,72,1882,5.9,14.8,0.4,2.9,8.6,0.341,3.0,6.2,0.483,2.4,3.2,0.7609999999999999,1.7,5.7,7.4,2.0,2.2,0.7,1.5,3.9,17.2,110.0,108.0,2017,DeMarre Carroll-2017,0.0,Not Selected,Forward,TOR,0.041463414634146344
2016-17,Vince Carter,cartevi01,SF,40,MEM,73,15,1799,5.6,14.2,0.39399999999999996,3.2,8.6,0.37799999999999995,2.3,5.6,0.418,2.5,3.3,0.765,1.0,5.5,6.6,3.8,1.7,1.0,1.4,4.7,16.9,112.0,108.0,2017,Vince Carter-2017,0.0,Not Selected,Forward,MEM,0.034959349593495934
2016-17,Michael Carter-Williams,cartemi01,PG,25,CHI,45,19,846,6.7,18.2,0.366,0.9,3.8,0.23399999999999999,5.8,14.4,0.401,3.5,4.6,0.753,1.4,7.7,9.1,6.7,2.3,1.4,3.9,6.1,17.7,90.0,105.0,2017,Michael Carter-Williams-2017,0.0,Not Selected,Guard,CHI,0.03333333333333333
2016-17,Omri Casspi,casspom01,PF,28,TOT,36,2,643,6.1,12.9,0.47,1.2,3.4,0.349,4.9,9.5,0.512,1.3,2.3,0.586,2.1,6.7,8.8,2.9,1.8,0.2,2.3,3.9,14.6,102.0,112.0,2017,Omri Casspi-2017,0.0,Not Selected,Forward,TOT,0.033333333333333326
2016-17,Willie Cauley-Stein,caulewi01,C,23,SAC,75,21,1421,9.1,17.1,0.53,0.0,0.1,0.0,9.1,17.1,0.532,3.6,5.4,0.669,3.0,9.0,12.1,2.8,1.9,1.6,2.5,5.2,21.8,109.0,109.0,2017,Willie Cauley-Stein-2017,0.0,Not Selected,Center,SAC,0.026016260162601626
2016-17,Tyson Chandler,chandty01,C,34,PHO,47,46,1298,5.6,8.4,0.6709999999999999,0.0,0.0,0.0,5.6,8.4,0.6709999999999999,3.4,4.6,0.7340000000000001,5.6,14.2,19.9,1.1,1.2,0.9,2.4,4.6,14.6,129.0,109.0,2017,Tyson Chandler-2017,0.0,Not Selected,Center,PHO,0.01951219512195122
2016-17,Wilson Chandler,chandwi01,SF,29,DEN,71,33,2197,9.6,20.9,0.461,2.4,7.2,0.337,7.2,13.6,0.527,3.1,4.3,0.727,2.3,7.9,10.2,3.1,1.1,0.7,2.5,3.8,24.8,109.0,113.0,2017,Wilson Chandler-2017,0.0,Not Selected,Forward,DEN,0.032520325203252036
2016-17,Marquese Chriss,chrisma01,PF,19,PHO,82,75,1743,7.8,17.4,0.449,2.0,6.2,0.321,5.8,11.2,0.52,3.1,5.0,0.624,2.6,6.9,9.6,1.6,1.8,1.9,3.0,7.2,20.7,102.0,110.0,2017,Marquese Chriss-2017,0.0,Not Selected,Forward,PHO,0.01951219512195122
2016-17,Rakeem Christmas,chrisra01,PF,25,IND,29,0,219,4.3,9.8,0.442,0.0,0.0,0.0,4.3,9.8,0.442,4.8,6.6,0.7240000000000001,5.9,6.9,12.8,0.9,0.7,1.4,1.8,8.5,13.5,115.0,111.0,2017,Rakeem Christmas-2017,0.0,Not Selected,Forward,IND,0.03414634146341464
2016-17,Semaj Christon,chrisse01,PG,24,OKC,64,1,973,3.9,11.2,0.345,0.6,3.2,0.19,3.3,8.1,0.406,0.9,1.6,0.5479999999999999,1.0,3.4,4.4,6.6,1.4,0.4,2.2,4.0,9.2,91.0,111.0,2017,Semaj Christon-2017,0.0,Not Selected,Guard,OKC,0.038211382113821135
2016-17,Ian Clark,clarkia01,SG,25,GSW,77,0,1137,8.9,18.3,0.48700000000000004,2.6,6.9,0.374,6.3,11.4,0.556,1.9,2.5,0.759,0.9,4.2,5.1,3.8,1.7,0.3,2.3,3.3,22.3,108.0,108.0,2017,Ian Clark-2017,0.0,Not Selected,Guard,GSW,0.05447154471544716
2016-17,Jordan Clarkson,clarkjo01,SG,24,LAL,82,19,2397,9.7,21.8,0.445,2.4,7.2,0.32899999999999996,7.3,14.5,0.503,2.7,3.4,0.7979999999999999,1.0,4.0,5.0,4.3,1.8,0.2,3.3,3.0,24.5,102.0,115.0,2017,Jordan Clarkson-2017,0.0,Not Selected,Guard,LAL,0.02113821138211382
2016-17,Norris Cole,coleno01,PG,28,OKC,13,0,125,6.3,20.4,0.308,1.2,5.1,0.231,5.1,15.3,0.33299999999999996,3.1,3.9,0.8,0.0,4.3,4.3,5.5,3.1,0.0,2.7,7.1,16.9,84.0,107.0,2017,Norris Cole-2017,0.0,Not Selected,Guard,OKC,0.038211382113821135
2016-17,Darren Collison,collida01,PG,29,SAC,68,64,2063,8.3,17.5,0.47600000000000003,1.8,4.3,0.41700000000000004,6.5,13.2,0.495,3.6,4.2,0.86,0.6,3.2,3.7,7.7,1.6,0.2,2.8,2.9,22.1,113.0,114.0,2017,Darren Collison-2017,0.0,Not Selected,Guard,SAC,0.026016260162601626
2016-17,Nick Collison,collini01,PF,36,OKC,20,0,128,5.4,8.8,0.609,0.0,0.4,0.0,5.4,8.4,0.636,1.9,3.1,0.625,3.5,8.4,11.9,4.6,0.8,0.8,1.5,6.5,12.7,130.0,109.0,2017,Nick Collison-2017,0.0,Not Selected,Forward,OKC,0.038211382113821135
2016-17,Mike Conley,conlemi01,PG,29,MEM,69,68,2292,10.5,22.9,0.46,3.9,9.5,0.408,6.7,13.4,0.49700000000000005,7.2,8.4,0.8590000000000001,0.7,4.8,5.5,9.8,2.1,0.4,3.5,2.9,32.1,121.0,108.0,2017,Mike Conley-2017,0.0,Not Selected,Guard,MEM,0.034959349593495934
2016-17,Pat Connaughton,connapa01,SG,24,POR,39,1,316,5.8,11.3,0.514,2.7,5.2,0.515,3.1,6.1,0.513,1.1,1.4,0.778,1.6,6.6,8.2,4.4,0.9,0.3,2.7,3.6,15.4,117.0,113.0,2017,Pat Connaughton-2017,0.0,Not Selected,Guard,POR,0.03333333333333333
2016-17,Quinn Cook,cookqu01,PG,23,TOT,14,0,188,8.8,17.6,0.5,2.9,6.9,0.423,5.9,10.7,0.55,0.5,1.3,0.4,0.3,1.6,1.9,6.9,1.1,0.0,3.5,3.5,21.1,105.0,114.0,2017,Quinn Cook-2017,0.0,Not Selected,Guard,TOT,0.033333333333333326
2016-17,DeMarcus Cousins,couside01,C,26,TOT,72,72,2465,13.2,29.2,0.452,2.7,7.4,0.361,10.5,21.8,0.483,10.5,13.6,0.772,3.1,13.1,16.2,6.8,2.0,1.9,5.5,5.7,39.6,107.0,105.0,2017,DeMarcus Cousins-2017,0.0,Not Selected,Center,TOT,0.033333333333333326
2016-17,Robert Covington,covinro01,SF,26,PHI,67,67,2119,6.7,16.8,0.39899999999999997,3.1,9.5,0.33299999999999996,3.6,7.4,0.484,3.3,4.0,0.8220000000000001,2.1,7.9,10.0,2.3,2.9,1.6,3.0,4.7,19.9,100.0,105.0,2017,Robert Covington-2017,0.0,Not Selected,Forward,PHI,0.022764227642276424
2016-17,Allen Crabbe,crabbal01,SG,24,POR,79,7,2254,6.7,14.3,0.46799999999999997,3.0,6.7,0.444,3.7,7.6,0.49,2.3,2.7,0.847,0.4,4.6,5.0,2.1,1.2,0.4,1.4,3.8,18.6,117.0,114.0,2017,Allen Crabbe-2017,0.0,Not Selected,Guard,POR,0.03333333333333333
2016-17,Jamal Crawford,crawfja01,SG,36,LAC,82,1,2157,8.3,20.2,0.413,2.7,7.5,0.36,5.6,12.7,0.44299999999999995,4.0,4.7,0.857,0.4,2.6,3.0,5.0,1.4,0.3,3.1,2.7,23.4,102.0,112.0,2017,Jamal Crawford-2017,0.0,Not Selected,Guard,LAC,0.041463414634146344
2016-17,Jordan Crawford,crawfjo02,SG,28,NOP,19,0,442,11.6,24.2,0.48200000000000004,4.1,10.5,0.389,7.5,13.6,0.5529999999999999,2.2,2.9,0.769,0.4,3.3,3.8,6.3,1.2,0.2,2.8,3.3,29.6,110.0,112.0,2017,Jordan Crawford-2017,0.0,Not Selected,Guard,NOP,0.027642276422764227
2016-17,Jae Crowder,crowdja01,SF,26,BOS,72,72,2335,7.1,15.3,0.46299999999999997,3.3,8.4,0.39799999999999996,3.7,6.9,0.54,3.7,4.6,0.8109999999999999,1.0,7.8,8.8,3.3,1.6,0.5,1.7,3.4,21.2,118.0,108.0,2017,Jae Crowder-2017,0.0,Not Selected,Forward,BOS,0.043089430894308944
2016-17,Dante Cunningham,cunnida01,PF,29,NOP,66,35,1649,5.2,10.7,0.485,2.1,5.4,0.392,3.1,5.3,0.579,0.5,0.8,0.593,1.7,6.6,8.2,1.1,1.2,0.8,0.8,3.0,12.9,114.0,109.0,2017,Dante Cunningham-2017,0.0,Not Selected,Forward,NOP,0.027642276422764227
2016-17,Seth Curry,curryse01,PG,26,DAL,70,42,2029,8.7,18.0,0.48100000000000004,3.5,8.3,0.425,5.2,9.8,0.528,2.2,2.6,0.85,0.6,4.0,4.6,4.8,2.0,0.2,2.4,3.2,23.0,113.0,110.0,2017,Seth Curry-2017,0.0,Not Selected,Guard,DAL,0.026829268292682926
2016-17,Stephen Curry,curryst01,PG,28,GSW,79,79,2638,12.3,26.3,0.46799999999999997,5.9,14.4,0.41100000000000003,6.4,11.9,0.537,5.9,6.6,0.898,1.1,5.3,6.4,9.6,2.6,0.3,4.4,3.3,36.5,119.0,105.0,2017,Stephen Curry-2017,2.0,2nd,Guard,GSW,0.05447154471544716
2016-17,Troy Daniels,danietr01,SG,25,MEM,67,3,1183,8.1,21.8,0.374,6.1,15.6,0.389,2.1,6.2,0.336,1.9,2.4,0.7959999999999999,1.0,3.4,4.4,2.0,0.9,0.2,2.0,4.0,24.2,104.0,112.0,2017,Troy Daniels-2017,0.0,Not Selected,Guard,MEM,0.034959349593495934
2016-17,Anthony Davis,davisan02,C,23,NOP,75,75,2708,13.9,27.6,0.505,0.7,2.4,0.299,13.2,25.2,0.524,9.4,11.7,0.802,3.1,12.9,16.0,2.8,1.7,3.0,3.3,3.0,38.0,112.0,102.0,2017,Anthony Davis-2017,1.0,1st,Center,NOP,0.027642276422764227
2016-17,Deyonta Davis,davisde01,C,20,MEM,36,0,238,5.2,10.3,0.511,0.0,0.0,0.0,5.2,10.3,0.511,2.2,3.9,0.556,4.4,8.7,13.1,0.4,0.7,3.7,1.7,8.7,12.7,107.0,105.0,2017,Deyonta Davis-2017,0.0,Not Selected,Center,MEM,0.034959349593495934
2016-17,Ed Davis,davised01,PF,27,POR,46,12,789,4.7,8.9,0.528,0.0,0.0,0.0,4.7,8.9,0.528,3.1,5.1,0.617,6.0,9.3,15.4,1.6,0.9,1.4,2.3,8.6,12.6,116.0,110.0,2017,Ed Davis-2017,0.0,Not Selected,Forward,POR,0.03333333333333333
2016-17,Dewayne Dedmon,dedmode01,C,27,SAS,76,37,1330,6.2,9.9,0.622,0.0,0.0,0.0,6.2,9.9,0.622,2.5,3.6,0.6990000000000001,4.9,14.1,19.0,1.7,1.4,2.3,2.3,6.9,14.8,122.0,99.0,2017,Dewayne Dedmon-2017,0.0,Not Selected,Center,SAS,0.04959349593495935
2016-17,Sam Dekker,dekkesa01,PF,22,HOU,77,2,1419,6.9,14.5,0.473,2.0,6.3,0.321,4.8,8.2,0.591,1.3,2.3,0.5589999999999999,3.2,6.4,9.6,2.6,1.3,0.7,1.4,2.8,17.0,115.0,110.0,2017,Sam Dekker-2017,0.0,Not Selected,Forward,HOU,0.044715447154471545
2016-17,Malcolm Delaney,delanma01,PG,27,ATL,73,2,1248,5.7,15.3,0.374,1.0,4.3,0.23600000000000002,4.7,11.0,0.428,3.0,3.7,0.8059999999999999,0.4,4.5,4.9,7.6,1.5,0.0,3.8,4.4,15.4,92.0,109.0,2017,Malcolm Delaney-2017,0.0,Not Selected,Guard,ATL,0.034959349593495934
2016-17,Matthew Dellavedova,dellama01,PG,26,MIL,76,54,1986,5.3,13.7,0.39,2.0,5.5,0.36700000000000005,3.3,8.2,0.40399999999999997,2.1,2.5,0.8540000000000001,0.6,3.1,3.8,9.1,1.4,0.0,3.4,3.9,14.8,102.0,114.0,2017,Matthew Dellavedova-2017,0.0,Not Selected,Guard,MIL,0.03414634146341464
2016-17,Luol Deng,denglu01,SF,31,LAL,56,49,1486,5.4,13.9,0.387,1.7,5.4,0.309,3.7,8.5,0.436,1.5,2.1,0.73,2.1,7.6,9.7,2.4,1.6,0.7,1.4,2.0,13.9,101.0,113.0,2017,Luol Deng-2017,0.0,Not Selected,Forward,LAL,0.02113821138211382
2016-17,DeMar DeRozan,derozde01,SG,27,TOR,74,74,2620,13.9,29.9,0.467,0.6,2.4,0.266,13.3,27.5,0.484,10.5,12.5,0.8420000000000001,1.4,6.1,7.5,5.6,1.5,0.3,3.5,2.6,39.1,113.0,110.0,2017,DeMar DeRozan-2017,3.0,3rd,Guard,TOR,0.041463414634146344
2016-17,Cheick Diallo,diallch01,PF,20,NOP,17,0,199,8.9,18.7,0.474,0.0,0.0,0.0,8.9,18.7,0.474,3.7,5.2,0.7140000000000001,5.7,12.3,18.0,1.0,1.0,1.7,1.7,4.2,21.4,107.0,105.0,2017,Cheick Diallo-2017,0.0,Not Selected,Forward,NOP,0.027642276422764227
2016-17,Boris Diaw,diawbo01,PF,34,UTA,73,33,1283,6.0,13.4,0.446,0.8,3.3,0.247,5.1,10.1,0.512,1.1,1.4,0.743,1.9,4.6,6.5,6.9,0.7,0.4,3.6,3.4,13.8,99.0,109.0,2017,Boris Diaw-2017,0.0,Not Selected,Forward,UTA,0.041463414634146344
2016-17,Gorgui Dieng,dienggo01,PF,27,MIN,82,82,2653,6.3,12.6,0.502,0.3,0.8,0.37200000000000005,6.0,11.8,0.511,2.6,3.2,0.8140000000000001,3.6,8.8,12.4,3.0,1.7,1.8,2.0,4.9,15.6,114.0,110.0,2017,Gorgui Dieng-2017,0.0,Not Selected,Forward,MIN,0.025203252032520326
2016-17,Spencer Dinwiddie,dinwisp01,PG,23,BRK,59,18,1334,4.8,10.7,0.444,1.4,3.6,0.376,3.4,7.1,0.478,4.5,5.7,0.792,1.0,4.9,5.8,6.6,1.6,0.8,2.3,4.2,15.4,116.0,112.0,2017,Spencer Dinwiddie-2017,0.0,Not Selected,Guard,BRK,0.016260162601626018
2016-17,Toney Douglas,douglto01,PG,30,MEM,24,0,394,5.7,15.4,0.368,0.9,5.5,0.16699999999999998,4.8,9.9,0.48,3.2,3.8,0.828,1.7,6.3,8.1,7.4,2.4,0.7,2.8,6.6,15.4,99.0,106.0,2017,Toney Douglas-2017,0.0,Not Selected,Guard,MEM,0.034959349593495934
2016-17,Goran Dragić,dragigo01,PG,30,MIA,73,73,2459,10.9,23.0,0.475,2.4,5.9,0.405,8.5,17.1,0.499,6.1,7.7,0.79,1.3,4.4,5.7,8.7,1.8,0.3,4.3,4.1,30.4,112.0,109.0,2017,Goran Dragić-2017,0.0,Not Selected,Guard,MIA,0.03333333333333333
2016-17,Andre Drummond,drumman01,C,23,DET,81,81,2409,10.1,19.1,0.53,0.0,0.1,0.28600000000000003,10.1,19.0,0.532,2.9,7.4,0.386,7.2,16.1,23.4,1.9,2.6,1.9,3.2,5.0,23.2,104.0,99.0,2017,Andre Drummond-2017,0.0,Not Selected,Center,DET,0.03008130081300813
2016-17,Jared Dudley,dudleja01,PF,31,PHO,64,7,1362,5.5,12.2,0.45399999999999996,2.7,7.1,0.379,2.8,5.0,0.5589999999999999,1.5,2.3,0.662,1.1,6.8,7.9,4.3,1.5,0.6,2.6,5.4,15.3,109.0,113.0,2017,Jared Dudley-2017,0.0,Not Selected,Forward,PHO,0.01951219512195122
2016-17,Mike Dunleavy,dunlemi02,SF,36,TOT,53,2,841,5.5,13.0,0.423,3.1,7.9,0.396,2.4,5.1,0.465,2.1,2.7,0.8,1.1,5.7,6.8,2.9,0.9,0.4,1.6,3.9,16.2,112.0,111.0,2017,Mike Dunleavy-2017,0.0,Not Selected,Forward,TOT,0.033333333333333326
2016-17,Kris Dunn,dunnkr01,PG,22,MIN,78,7,1333,4.5,11.9,0.377,0.8,2.8,0.28800000000000003,3.7,9.1,0.40399999999999997,1.4,2.2,0.61,0.9,5.4,6.3,7.2,3.0,1.4,3.4,6.8,11.1,90.0,109.0,2017,Kris Dunn-2017,0.0,Not Selected,Guard,MIN,0.025203252032520326
2016-17,Kevin Durant,duranke01,PF,28,GSW,62,62,2070,12.8,23.8,0.537,2.7,7.3,0.375,10.1,16.6,0.608,7.8,8.9,0.875,0.9,11.0,11.9,7.0,1.5,2.3,3.2,2.7,36.1,125.0,101.0,2017,Kevin Durant-2017,2.0,2nd,Forward,GSW,0.05447154471544716
2016-17,Jarell Eddie,eddieja01,SF,25,PHO,5,0,62,4.6,14.7,0.316,3.1,12.4,0.25,1.5,2.3,0.667,6.2,6.9,0.889,0.8,4.6,5.4,0.0,0.8,0.0,0.8,0.8,18.5,112.0,117.0,2017,Jarell Eddie-2017,0.0,Not Selected,Forward,PHO,0.01951219512195122
2016-17,Henry Ellenson,ellenhe01,PF,20,DET,19,2,146,8.0,22.1,0.359,3.5,12.1,0.28600000000000003,4.5,10.0,0.44799999999999995,1.4,2.8,0.5,2.8,11.4,14.2,2.4,0.3,0.3,4.8,2.1,20.8,82.0,109.0,2017,Henry Ellenson-2017,0.0,Not Selected,Forward,DET,0.03008130081300813
2016-17,Wayne Ellington,ellinwa01,SG,29,MIA,62,13,1500,7.8,18.7,0.41600000000000004,5.0,13.2,0.37799999999999995,2.8,5.4,0.509,1.2,1.4,0.86,0.6,3.8,4.4,2.4,1.2,0.1,1.0,2.4,21.8,114.0,111.0,2017,Wayne Ellington-2017,0.0,Not Selected,Guard,MIA,0.03333333333333333
2016-17,Monta Ellis,ellismo01,SG,31,IND,74,33,1998,6.2,14.0,0.44299999999999995,1.1,3.4,0.319,5.1,10.6,0.483,2.3,3.2,0.727,0.5,4.6,5.1,5.9,2.0,0.7,3.4,3.7,15.8,97.0,110.0,2017,Monta Ellis-2017,0.0,Not Selected,Guard,IND,0.03414634146341464
2016-17,Joel Embiid,embiijo01,C,22,PHI,31,31,786,12.4,26.6,0.466,2.2,6.1,0.36700000000000005,10.2,20.5,0.495,11.8,15.1,0.7829999999999999,3.8,11.3,15.1,4.1,1.7,4.7,7.3,6.9,38.9,103.0,102.0,2017,Joel Embiid-2017,0.0,Not Selected,Center,PHI,0.022764227642276424
2016-17,James Ennis,ennisja01,SF,26,MEM,64,28,1501,5.1,11.1,0.455,1.8,4.7,0.37200000000000005,3.3,6.4,0.516,3.0,3.8,0.782,2.4,6.6,9.0,2.2,1.6,0.7,2.0,5.7,14.9,113.0,108.0,2017,James Ennis-2017,0.0,Not Selected,Forward,MEM,0.034959349593495934
2016-17,Tyler Ennis,ennisty01,PG,22,TOT,53,2,588,7.4,17.1,0.433,2.2,5.8,0.386,5.2,11.4,0.457,1.7,2.1,0.84,0.7,3.0,3.7,7.1,2.1,0.2,3.7,4.8,18.8,102.0,114.0,2017,Tyler Ennis-2017,0.0,Not Selected,Guard,TOT,0.033333333333333326
2016-17,Tyreke Evans,evansty01,SF,27,TOT,40,6,788,9.4,23.3,0.405,2.6,7.4,0.35600000000000004,6.8,15.9,0.429,4.3,5.8,0.75,0.8,7.8,8.6,7.8,2.2,0.6,3.8,3.8,25.9,99.0,108.0,2017,Tyreke Evans-2017,0.0,Not Selected,Forward,TOT,0.033333333333333326
2016-17,Dante Exum,exumda01,PG,21,UTA,66,26,1228,6.6,15.5,0.42700000000000005,1.9,6.4,0.295,4.7,9.1,0.519,2.5,3.1,0.795,1.3,4.4,5.6,4.7,0.9,0.5,3.4,6.2,17.6,100.0,109.0,2017,Dante Exum-2017,0.0,Not Selected,Guard,UTA,0.041463414634146344
2016-17,Kenneth Faried,farieke01,PF,27,DEN,61,34,1296,8.6,15.7,0.5479999999999999,0.0,0.2,0.0,8.6,15.4,0.556,4.9,7.1,0.693,6.9,10.5,17.4,2.1,1.6,1.5,2.2,4.7,22.1,123.0,110.0,2017,Kenneth Faried-2017,0.0,Not Selected,Forward,DEN,0.032520325203252036
2016-17,Jordan Farmar,farmajo01,PG,30,SAC,2,0,35,5.8,17.3,0.33299999999999996,5.8,13.0,0.444,0.0,4.3,0.0,0.0,0.0,0.0,1.4,2.9,4.3,13.0,2.9,0.0,4.3,1.4,17.3,105.0,112.0,2017,Jordan Farmar-2017,0.0,Not Selected,Guard,SAC,0.026016260162601626
2016-17,Derrick Favors,favorde01,PF,25,UTA,50,39,1186,9.0,18.4,0.48700000000000004,0.1,0.4,0.3,8.8,18.0,0.491,3.0,4.8,0.615,4.1,9.4,13.5,2.5,2.0,1.8,2.7,4.6,21.0,104.0,102.0,2017,Derrick Favors-2017,0.0,Not Selected,Forward,UTA,0.041463414634146344
2016-17,Kay Felder,feldeka01,PG,21,CLE,42,0,386,8.0,20.4,0.392,0.9,2.8,0.318,7.1,17.6,0.40399999999999997,4.5,6.3,0.7140000000000001,0.4,4.9,5.3,7.5,2.3,0.9,3.9,4.9,21.5,95.0,110.0,2017,Kay Felder-2017,0.0,Not Selected,Guard,CLE,0.041463414634146344
2016-17,Cristiano Felício,feliccr01,C,24,CHI,66,0,1040,6.2,10.7,0.579,0.0,0.0,0.0,6.2,10.7,0.579,2.9,4.5,0.645,6.0,9.1,15.1,1.9,1.2,0.8,1.6,5.3,15.3,126.0,107.0,2017,Cristiano Felício-2017,0.0,Not Selected,Center,CHI,0.03333333333333333
2016-17,Raymond Felton,feltora01,PG,32,LAC,80,11,1700,6.5,15.1,0.43,1.4,4.2,0.319,5.1,10.9,0.473,1.5,1.9,0.7809999999999999,1.0,5.4,6.4,5.6,1.9,0.6,2.4,3.7,15.8,101.0,109.0,2017,Raymond Felton-2017,0.0,Not Selected,Guard,LAC,0.041463414634146344
2016-17,Yogi Ferrell,ferreyo01,PG,23,TOT,46,29,1197,6.9,16.9,0.406,2.9,7.6,0.386,4.0,9.4,0.42200000000000004,3.2,3.8,0.831,0.9,3.9,4.8,7.4,1.8,0.4,3.0,3.9,19.8,106.0,111.0,2017,Yogi Ferrell-2017,0.0,Not Selected,Guard,TOT,0.033333333333333326
2016-17,Dorian Finney-Smith,finnedo01,PF,23,DAL,81,35,1642,3.9,10.6,0.37200000000000005,1.8,6.1,0.293,2.2,4.5,0.479,1.5,1.9,0.754,1.7,5.3,7.0,2.1,1.6,0.8,1.4,4.0,11.1,99.0,110.0,2017,Dorian Finney-Smith-2017,0.0,Not Selected,Forward,DAL,0.026829268292682926
2016-17,Bryn Forbes,forbebr01,SG,23,SAS,36,0,285,6.4,17.7,0.364,3.0,9.5,0.321,3.4,8.2,0.413,0.9,1.1,0.833,0.4,3.8,4.1,4.1,0.2,0.0,2.0,3.6,16.8,95.0,110.0,2017,Bryn Forbes-2017,0.0,Not Selected,Guard,SAS,0.04959349593495935
2016-17,Evan Fournier,fournev01,SG,24,ORL,68,66,2234,9.1,20.6,0.439,2.8,8.0,0.35600000000000004,6.2,12.6,0.491,4.9,6.1,0.805,1.0,3.7,4.6,4.5,1.5,0.1,3.1,4.0,25.9,106.0,114.0,2017,Evan Fournier-2017,0.0,Not Selected,Guard,ORL,0.023577235772357725
2016-17,Randy Foye,foyera01,SG,33,BRK,69,40,1284,4.4,12.0,0.363,2.5,7.5,0.33,1.9,4.5,0.418,2.0,2.3,0.857,0.3,5.4,5.7,5.0,1.3,0.3,3.0,3.7,13.2,95.0,113.0,2017,Randy Foye-2017,0.0,Not Selected,Guard,BRK,0.016260162601626018
2016-17,Tim Frazier,fraziti01,PG,26,NOP,65,35,1525,5.2,13.0,0.40299999999999997,1.3,4.1,0.313,3.9,8.9,0.446,3.1,4.1,0.76,1.1,4.5,5.6,10.8,1.8,0.2,3.2,4.3,14.9,106.0,110.0,2017,Tim Frazier-2017,0.0,Not Selected,Guard,NOP,0.027642276422764227
2016-17,Channing Frye,fryech01,C,33,CLE,74,15,1398,8.5,18.6,0.45799999999999996,4.9,12.0,0.409,3.6,6.6,0.546,2.2,2.6,0.851,1.3,9.0,10.4,1.6,1.2,1.3,1.9,4.9,24.1,115.0,109.0,2017,Channing Frye-2017,0.0,Not Selected,Center,CLE,0.041463414634146344
2016-17,Danilo Gallinari,gallida01,SF,28,DEN,63,63,2134,7.7,17.2,0.447,2.9,7.4,0.389,4.8,9.7,0.491,8.0,8.9,0.902,0.9,6.5,7.4,3.1,0.9,0.3,1.9,2.1,26.2,126.0,115.0,2017,Danilo Gallinari-2017,0.0,Not Selected,Forward,DEN,0.032520325203252036
2016-17,Langston Galloway,gallola01,PG,25,TOT,74,2,1495,6.8,18.0,0.38,4.0,10.2,0.39,2.9,7.8,0.36700000000000005,1.7,2.1,0.797,0.9,4.3,5.2,3.1,1.5,0.2,1.5,3.2,19.3,101.0,111.0,2017,Langston Galloway-2017,0.0,Not Selected,Guard,TOT,0.033333333333333326
2016-17,Patricio Garino,garinpa01,SG,23,ORL,5,0,43,0.0,8.1,0.0,0.0,5.8,0.0,0.0,2.3,0.0,0.0,0.0,0.0,1.2,6.9,8.1,0.0,0.0,0.0,3.5,4.6,0.0,8.0,115.0,2017,Patricio Garino-2017,0.0,Not Selected,Guard,ORL,0.023577235772357725
2016-17,Marc Gasol,gasolma01,C,32,MEM,74,74,2531,10.9,23.8,0.45899999999999996,2.1,5.5,0.38799999999999996,8.8,18.3,0.48,5.7,6.8,0.8370000000000001,1.2,8.3,9.5,6.9,1.4,2.0,3.4,3.5,29.7,111.0,106.0,2017,Marc Gasol-2017,0.0,Not Selected,Center,MEM,0.034959349593495934
2016-17,Pau Gasol,gasolpa01,C,36,SAS,64,39,1627,9.5,18.9,0.502,1.8,3.3,0.5379999999999999,7.7,15.7,0.494,4.1,5.8,0.7070000000000001,3.4,12.3,15.7,4.7,0.8,2.2,2.5,3.4,24.8,116.0,102.0,2017,Pau Gasol-2017,0.0,Not Selected,Center,SAS,0.04959349593495935
2016-17,Rudy Gay,gayru01,SF,30,SAC,30,30,1013,10.0,22.1,0.455,2.1,5.6,0.37200000000000005,7.9,16.4,0.483,5.9,6.9,0.855,1.7,7.7,9.5,4.1,2.2,1.3,3.7,3.9,28.1,105.0,109.0,2017,Rudy Gay-2017,0.0,Not Selected,Forward,SAC,0.026016260162601626
2016-17,Michael Gbinije,gbinimi01,SG,24,DET,9,0,32,1.6,15.8,0.1,0.0,6.3,0.0,1.6,9.5,0.16699999999999998,3.2,3.2,1.0,3.2,1.6,4.7,3.2,0.0,0.0,0.0,3.2,6.3,64.0,114.0,2017,Michael Gbinije-2017,0.0,Not Selected,Guard,DET,0.03008130081300813
2016-17,Alonzo Gee,geeal01,SF,29,DEN,13,0,89,1.6,7.7,0.214,0.0,1.6,0.0,1.6,6.0,0.273,2.7,4.9,0.556,2.2,6.0,8.2,3.3,2.7,0.5,2.2,7.7,6.0,78.0,111.0,2017,Alonzo Gee-2017,0.0,Not Selected,Forward,DEN,0.032520325203252036
2016-17,Paul George,georgpa01,SF,26,IND,75,75,2689,11.6,25.1,0.461,3.6,9.2,0.39299999999999996,7.9,15.9,0.501,6.3,7.0,0.898,1.1,8.1,9.2,4.7,2.2,0.5,4.1,3.8,33.0,109.0,108.0,2017,Paul George-2017,0.0,Not Selected,Forward,IND,0.03414634146341464
2016-17,Marcus Georges-Hunt,georgma01,SG,22,ORL,5,0,48,2.1,7.2,0.28600000000000003,1.0,2.1,0.5,1.0,5.2,0.2,9.3,10.3,0.9,1.0,8.3,9.3,3.1,1.0,0.0,2.1,5.2,14.5,121.0,112.0,2017,Marcus Georges-Hunt-2017,0.0,Not Selected,Guard,ORL,0.023577235772357725
2016-17,Jonathan Gibson,gibsojo01,PG,29,DAL,17,0,231,7.9,21.4,0.368,3.4,10.1,0.33299999999999996,4.5,11.3,0.4,4.7,6.5,0.7240000000000001,0.2,4.7,5.0,5.9,1.8,0.0,4.7,4.7,23.9,91.0,111.0,2017,Jonathan Gibson-2017,0.0,Not Selected,Guard,DAL,0.026829268292682926
2016-17,Taj Gibson,gibsota01,PF,31,TOT,78,71,1989,9.2,17.8,0.515,0.1,0.3,0.231,9.1,17.5,0.52,2.8,4.0,0.715,4.0,8.2,12.2,1.8,1.0,1.6,2.6,4.1,21.3,107.0,107.0,2017,Taj Gibson-2017,0.0,Not Selected,Forward,TOT,0.033333333333333326
2016-17,Manu Ginóbili,ginobma01,SG,39,SAS,69,0,1291,6.7,17.3,0.39,3.5,9.0,0.392,3.2,8.4,0.387,3.4,4.2,0.804,1.1,5.1,6.2,7.2,3.2,0.6,3.8,4.7,20.4,104.0,102.0,2017,Manu Ginóbili-2017,0.0,Not Selected,Guard,SAS,0.04959349593495935
2016-17,Rudy Gobert,goberru01,C,24,UTA,81,81,2744,7.9,11.9,0.6609999999999999,0.0,0.0,0.0,7.9,11.9,0.662,5.9,9.1,0.653,6.0,13.8,19.8,1.9,0.9,4.1,2.8,4.7,21.7,129.0,99.0,2017,Rudy Gobert-2017,2.0,2nd,Center,UTA,0.041463414634146344
2016-17,Archie Goodwin,goodwar01,SG,22,TOT,15,0,214,8.0,14.7,0.545,1.1,3.3,0.33299999999999996,6.9,11.3,0.608,7.3,9.3,0.7859999999999999,1.6,4.7,6.2,5.3,0.9,1.1,3.1,1.8,24.5,122.0,113.0,2017,Archie Goodwin-2017,0.0,Not Selected,Guard,TOT,0.033333333333333326
2016-17,Aaron Gordon,gordoaa01,SF,21,ORL,80,72,2298,8.5,18.7,0.45399999999999996,1.7,5.8,0.28800000000000003,6.8,12.9,0.528,3.4,4.7,0.7190000000000001,2.5,6.2,8.7,3.2,1.4,0.9,1.9,3.7,22.0,107.0,111.0,2017,Aaron Gordon-2017,0.0,Not Selected,Forward,ORL,0.023577235772357725
2016-17,Eric Gordon,gordoer01,SG,28,HOU,75,15,2323,8.5,21.0,0.406,5.1,13.7,0.37200000000000005,3.4,7.3,0.46799999999999997,3.0,3.6,0.84,0.6,3.6,4.2,3.9,1.0,0.8,2.5,3.1,25.1,109.0,113.0,2017,Eric Gordon-2017,0.0,Not Selected,Guard,HOU,0.044715447154471545
2016-17,Marcin Gortat,gortama01,C,32,WAS,82,82,2556,7.5,13.0,0.579,0.0,0.0,0.0,7.5,13.0,0.58,2.0,3.1,0.648,4.6,11.8,16.4,2.3,0.8,1.2,2.3,4.1,17.0,117.0,108.0,2017,Marcin Gortat-2017,0.0,Not Selected,Center,WAS,0.03983739837398374
2016-17,Treveon Graham,grahatr01,SG,23,CHO,27,1,189,5.0,10.6,0.475,2.4,4.0,0.6,2.7,6.6,0.4,2.7,4.0,0.667,1.3,4.5,5.8,1.6,1.6,0.3,0.8,4.8,15.1,122.0,111.0,2017,Treveon Graham-2017,0.0,Not Selected,Guard,CHO,0.02926829268292683
2016-17,Jerami Grant,grantje01,PF,22,TOT,80,4,1531,4.9,10.5,0.46299999999999997,1.4,3.7,0.371,3.5,6.8,0.514,2.9,4.7,0.612,1.2,5.4,6.6,1.5,1.1,2.5,1.4,4.8,14.0,111.0,108.0,2017,Jerami Grant-2017,0.0,Not Selected,Forward,TOT,0.033333333333333326
2016-17,Jerian Grant,grantje02,PG,24,CHI,63,28,1028,6.3,14.7,0.425,2.4,6.6,0.366,3.9,8.2,0.473,3.2,3.6,0.89,0.8,4.6,5.4,5.9,2.3,0.4,2.2,4.6,18.1,114.0,108.0,2017,Jerian Grant-2017,0.0,Not Selected,Guard,CHI,0.03333333333333333
2016-17,Danny Green,greenda02,SG,29,SAS,68,68,1807,5.0,12.7,0.392,3.3,8.8,0.379,1.6,3.9,0.42,0.8,0.9,0.8440000000000001,0.9,5.4,6.3,3.5,2.0,1.6,2.1,3.4,14.0,103.0,104.0,2017,Danny Green-2017,0.0,Not Selected,Guard,SAS,0.04959349593495935
2016-17,Draymond Green,greendr01,PF,26,GSW,76,76,2471,5.3,12.7,0.418,1.6,5.1,0.308,3.7,7.5,0.494,2.9,4.1,0.7090000000000001,1.9,9.8,11.7,10.4,3.0,2.1,3.6,4.2,15.1,111.0,99.0,2017,Draymond Green-2017,3.0,3rd,Forward,GSW,0.05447154471544716
2016-17,Gerald Green,greenge01,SF,31,BOS,47,0,538,8.8,21.4,0.409,3.6,10.2,0.35100000000000003,5.2,11.2,0.46299999999999997,3.0,3.8,0.805,1.5,6.3,7.7,3.0,0.8,0.6,2.3,4.4,24.1,102.0,111.0,2017,Gerald Green-2017,0.0,Not Selected,Forward,BOS,0.043089430894308944
2016-17,JaMychal Green,greenja01,PF,26,MEM,77,75,2101,6.2,12.4,0.5,1.4,3.6,0.379,4.8,8.8,0.5489999999999999,3.3,4.1,0.802,4.1,9.3,13.5,2.1,1.2,0.8,2.3,6.1,17.1,117.0,107.0,2017,JaMychal Green-2017,0.0,Not Selected,Forward,MEM,0.034959349593495934
2016-17,Jeff Green,greenje02,PF,30,ORL,69,11,1534,7.1,18.0,0.39399999999999996,1.7,6.2,0.275,5.4,11.8,0.45799999999999996,4.7,5.4,0.863,1.3,5.7,6.9,2.6,1.2,0.4,2.4,3.3,20.6,99.0,113.0,2017,Jeff Green-2017,0.0,Not Selected,Forward,ORL,0.023577235772357725
2016-17,Blake Griffin,griffbl01,PF,27,LAC,61,61,2076,11.5,23.4,0.493,0.9,2.7,0.336,10.6,20.7,0.514,7.7,10.1,0.76,2.7,9.3,12.0,7.2,1.4,0.5,3.4,3.8,31.7,115.0,108.0,2017,Blake Griffin-2017,0.0,Not Selected,Forward,LAC,0.041463414634146344
2016-17,Justin Hamilton,hamilju01,C,26,BRK,64,7,1177,7.0,15.3,0.45899999999999996,2.2,7.2,0.306,4.8,8.0,0.598,1.6,2.1,0.75,2.9,7.7,10.6,2.2,1.2,1.7,1.7,3.7,17.8,109.0,110.0,2017,Justin Hamilton-2017,0.0,Not Selected,Center,BRK,0.016260162601626018
2016-17,A.J. Hammons,hammoaj01,C,24,DAL,22,0,163,5.4,13.4,0.405,1.6,3.2,0.5,3.8,10.2,0.375,2.9,6.4,0.45,2.6,8.9,11.5,1.3,0.3,4.2,3.2,6.7,15.3,87.0,106.0,2017,A.J. Hammons-2017,0.0,Not Selected,Center,DAL,0.026829268292682926
2016-17,Tim Hardaway Jr.,hardati02,SG,24,ATL,79,30,2154,9.5,20.9,0.455,3.4,9.5,0.35700000000000004,6.1,11.3,0.537,3.8,4.9,0.7659999999999999,0.8,4.3,5.1,4.2,1.3,0.3,2.4,2.4,26.2,110.0,109.0,2017,Tim Hardaway Jr.-2017,0.0,Not Selected,Guard,ATL,0.034959349593495934
2016-17,James Harden,hardeja01,PG,27,HOU,81,81,2947,11.0,25.0,0.44,4.3,12.3,0.34700000000000003,6.7,12.7,0.53,12.1,14.3,0.847,1.5,9.2,10.7,14.8,2.0,0.6,7.6,3.5,38.4,118.0,107.0,2017,James Harden-2017,1.0,1st,Guard,HOU,0.044715447154471545
2016-17,Maurice Harkless,harklma01,SF,23,POR,77,69,2223,7.0,13.9,0.503,1.5,4.3,0.35100000000000003,5.5,9.6,0.5720000000000001,1.7,2.8,0.621,2.8,4.8,7.6,2.0,1.9,1.6,1.9,4.8,17.3,112.0,110.0,2017,Maurice Harkless-2017,0.0,Not Selected,Forward,POR,0.03333333333333333
2016-17,Justin Harper,harpeju01,PF,27,PHI,3,0,31,7.9,18.9,0.41700000000000004,3.1,11.0,0.28600000000000003,4.7,7.9,0.6,0.0,0.0,0.0,3.1,4.7,7.9,3.1,0.0,0.0,6.3,3.1,18.9,82.0,115.0,2017,Justin Harper-2017,0.0,Not Selected,Forward,PHI,0.022764227642276424
2016-17,Montrezl Harrell,harremo01,C,23,HOU,58,14,1064,10.1,15.6,0.652,0.0,0.3,0.14300000000000002,10.1,15.2,0.6629999999999999,3.4,5.5,0.628,3.7,6.2,9.9,2.9,0.9,1.9,2.0,5.7,23.8,129.0,110.0,2017,Montrezl Harrell-2017,0.0,Not Selected,Center,HOU,0.044715447154471545
2016-17,Devin Harris,harride01,PG,33,DAL,65,0,1087,6.5,16.3,0.39899999999999997,2.8,8.5,0.32799999999999996,3.7,7.9,0.47600000000000003,5.1,6.2,0.8290000000000001,0.5,5.6,6.1,6.5,2.1,0.3,2.7,4.8,20.9,108.0,109.0,2017,Devin Harris-2017,0.0,Not Selected,Guard,DAL,0.026829268292682926
2016-17,Gary Harris,harriga01,SG,22,DEN,57,56,1782,8.8,17.5,0.502,2.9,7.0,0.42,5.8,10.5,0.5579999999999999,2.8,3.7,0.7759999999999999,1.3,3.6,4.9,4.5,1.9,0.2,2.1,2.5,23.3,121.0,114.0,2017,Gary Harris-2017,0.0,Not Selected,Guard,DEN,0.032520325203252036
2016-17,Joe Harris,harrijo01,SG,25,BRK,52,11,1138,6.4,15.1,0.425,3.5,9.2,0.385,2.9,5.9,0.489,1.5,2.0,0.7140000000000001,0.7,5.5,6.1,2.2,1.2,0.3,2.3,5.0,17.8,101.0,113.0,2017,Joe Harris-2017,0.0,Not Selected,Guard,BRK,0.016260162601626018
2016-17,Manny Harris,harrima01,SG,27,DAL,4,0,25,6.2,31.2,0.2,0.0,4.2,0.0,6.2,27.1,0.231,4.2,8.3,0.5,6.2,12.5,18.7,4.2,0.0,0.0,4.2,2.1,16.7,61.0,110.0,2017,Manny Harris-2017,0.0,Not Selected,Guard,DAL,0.026829268292682926
2016-17,Tobias Harris,harrito02,PF,24,DET,82,48,2567,10.1,20.9,0.48100000000000004,2.1,6.2,0.34700000000000003,7.9,14.7,0.537,3.7,4.4,0.841,1.2,6.9,8.2,2.8,1.2,0.8,1.9,2.6,26.0,113.0,108.0,2017,Tobias Harris-2017,0.0,Not Selected,Forward,DET,0.03008130081300813
2016-17,Aaron Harrison,harriaa01,SG,22,CHO,5,0,17,0.0,11.8,0.0,0.0,5.9,0.0,0.0,5.9,0.0,3.0,5.9,0.5,0.0,8.9,8.9,8.9,0.0,0.0,0.0,5.9,3.0,55.0,112.0,2017,Aaron Harrison-2017,0.0,Not Selected,Guard,CHO,0.02926829268292683
2016-17,Andrew Harrison,harrian01,PG,22,MEM,72,18,1474,4.1,12.7,0.325,1.5,5.5,0.276,2.6,7.2,0.363,5.2,6.8,0.763,0.8,4.0,4.8,7.0,1.9,0.7,3.0,6.8,15.0,100.0,109.0,2017,Andrew Harrison-2017,0.0,Not Selected,Guard,MEM,0.034959349593495934
2016-17,Udonis Haslem,hasleud01,C,36,MIA,16,0,130,4.3,8.9,0.478,0.0,1.2,0.0,4.3,7.8,0.55,3.5,5.8,0.6,3.1,10.9,14.0,2.3,2.3,0.4,3.1,8.5,12.0,98.0,103.0,2017,Udonis Haslem-2017,0.0,Not Selected,Center,MIA,0.03333333333333333
2016-17,Spencer Hawes,hawessp01,PF,28,TOT,54,1,797,8.5,17.5,0.484,1.6,5.1,0.309,6.9,12.4,0.556,2.8,3.3,0.846,2.4,9.7,12.1,5.1,0.9,1.9,3.1,4.9,21.3,108.0,107.0,2017,Spencer Hawes-2017,0.0,Not Selected,Forward,TOT,0.033333333333333326
2016-17,Gordon Hayward,haywago01,SF,26,UTA,73,73,2516,11.4,24.1,0.47100000000000003,3.1,7.8,0.39799999999999996,8.3,16.3,0.506,7.5,8.9,0.8440000000000001,1.0,7.2,8.2,5.3,1.5,0.4,2.9,2.4,33.4,118.0,106.0,2017,Gordon Hayward-2017,0.0,Not Selected,Forward,UTA,0.041463414634146344
2016-17,Gerald Henderson,hendege02,SG,29,PHI,72,41,1667,6.8,16.2,0.423,1.8,5.1,0.353,5.1,11.1,0.455,3.9,4.8,0.8059999999999999,1.0,4.4,5.4,3.3,1.2,0.4,1.8,3.8,19.3,106.0,112.0,2017,Gerald Henderson-2017,0.0,Not Selected,Guard,PHI,0.022764227642276424
2016-17,John Henson,hensojo01,C,26,MIL,58,39,1123,7.2,14.0,0.515,0.0,0.0,0.0,7.2,13.9,0.516,3.3,4.8,0.6920000000000001,4.2,9.2,13.3,2.6,1.3,3.5,2.4,6.8,17.7,110.0,106.0,2017,John Henson-2017,0.0,Not Selected,Center,MIL,0.03414634146341464
2016-17,Juan Hernangómez,hernaju01,PF,21,DEN,62,9,842,5.9,13.0,0.451,2.7,6.6,0.40700000000000003,3.2,6.4,0.495,3.3,4.4,0.75,2.5,8.4,10.8,1.7,1.7,0.7,1.8,3.6,17.7,117.0,112.0,2017,Juan Hernangómez-2017,0.0,Not Selected,Forward,DEN,0.032520325203252036
2016-17,Willy Hernangómez,hernawi01,C,22,NYK,72,22,1324,9.3,17.6,0.529,0.2,0.6,0.267,9.1,17.0,0.5379999999999999,3.4,4.7,0.728,6.4,12.5,19.0,3.6,1.5,1.4,3.8,5.7,22.2,111.0,107.0,2017,Willy Hernangómez-2017,0.0,Not Selected,Center,NYK,0.025203252032520326
2016-17,Mario Hezonja,hezonma01,SF,21,ORL,65,2,960,6.0,17.0,0.355,2.2,7.4,0.299,3.8,9.6,0.39799999999999996,2.1,2.6,0.8,1.0,6.5,7.5,3.2,1.5,0.8,3.0,3.8,16.4,87.0,111.0,2017,Mario Hezonja-2017,0.0,Not Selected,Forward,ORL,0.023577235772357725
2016-17,Roy Hibbert,hibbero01,C,30,TOT,48,13,682,5.9,10.8,0.544,0.0,0.0,0.0,5.9,10.8,0.544,4.5,5.5,0.813,4.0,7.2,11.2,1.5,0.6,3.4,2.4,7.4,16.2,117.0,107.0,2017,Roy Hibbert-2017,0.0,Not Selected,Center,TOT,0.033333333333333326
2016-17,Buddy Hield,hieldbu01,SG,24,TOT,82,55,1888,8.6,20.1,0.426,3.9,10.0,0.391,4.7,10.2,0.461,1.7,2.0,0.8420000000000001,0.9,6.1,7.1,3.2,1.0,0.2,2.7,3.0,22.7,100.0,112.0,2017,Buddy Hield-2017,0.0,Not Selected,Guard,TOT,0.033333333333333326
2016-17,Nenê,hilarne01,C,34,HOU,67,8,1198,9.8,15.9,0.617,0.1,0.4,0.33299999999999996,9.7,15.5,0.624,4.6,7.9,0.589,3.8,7.5,11.3,2.6,2.2,1.6,2.9,6.5,24.4,118.0,106.0,2017,Nenê-2017,0.0,Not Selected,Center,HOU,0.044715447154471545
2016-17,George Hill,hillge01,PG,30,UTA,49,49,1544,9.8,20.6,0.47700000000000004,3.2,7.9,0.40299999999999997,6.6,12.7,0.523,5.3,6.7,0.8009999999999999,0.8,4.9,5.7,6.9,1.7,0.4,2.9,3.9,28.1,119.0,107.0,2017,George Hill-2017,0.0,Not Selected,Guard,UTA,0.041463414634146344
2016-17,Jordan Hill,hilljo01,C,29,MIN,7,0,47,5.4,14.0,0.385,0.0,0.0,0.0,5.4,14.0,0.385,2.2,2.2,1.0,8.6,6.5,15.1,0.0,1.1,0.0,4.3,9.7,12.9,90.0,114.0,2017,Jordan Hill-2017,0.0,Not Selected,Center,MIN,0.025203252032520326
2016-17,Solomon Hill,hillso01,SF,25,NOP,80,71,2374,3.8,9.9,0.38299999999999995,1.9,5.6,0.348,1.8,4.3,0.428,2.1,2.6,0.805,1.1,5.3,6.3,2.9,1.5,0.7,1.7,3.8,11.6,103.0,109.0,2017,Solomon Hill-2017,0.0,Not Selected,Forward,NOP,0.027642276422764227
2016-17,Darrun Hilliard,hillida01,SG,23,DET,39,1,381,6.2,16.7,0.373,1.6,6.1,0.261,4.6,10.6,0.43799999999999994,2.8,3.7,0.75,0.3,4.1,4.4,4.4,1.5,0.3,3.7,5.2,16.8,87.0,109.0,2017,Darrun Hilliard-2017,0.0,Not Selected,Guard,DET,0.03008130081300813
2016-17,Jrue Holiday,holidjr01,PG,26,NOP,67,61,2190,9.1,20.0,0.45399999999999996,2.2,6.3,0.35600000000000004,6.8,13.7,0.498,2.7,3.8,0.708,1.0,4.9,5.9,10.9,2.2,1.0,4.3,3.0,23.0,104.0,108.0,2017,Jrue Holiday-2017,0.0,Not Selected,Guard,NOP,0.027642276422764227
2016-17,Justin Holiday,holidju01,SG,27,NYK,82,4,1639,7.1,16.4,0.433,3.0,8.3,0.355,4.1,8.1,0.513,2.0,2.4,0.825,0.8,6.0,6.9,3.1,2.0,0.9,2.0,3.3,19.2,108.0,111.0,2017,Justin Holiday-2017,0.0,Not Selected,Guard,NYK,0.025203252032520326
2016-17,Rondae Hollis-Jefferson,holliro01,SF,22,BRK,78,50,1761,6.3,14.6,0.434,0.4,1.8,0.22399999999999998,5.9,12.8,0.46299999999999997,5.1,6.8,0.7509999999999999,2.6,9.6,12.2,4.1,2.2,1.2,3.1,4.8,18.2,102.0,107.0,2017,Rondae Hollis-Jefferson-2017,0.0,Not Selected,Forward,BRK,0.016260162601626018
2016-17,Richaun Holmes,holmeri01,C,23,PHI,57,17,1193,9.4,16.8,0.5579999999999999,1.1,3.1,0.35100000000000003,8.3,13.7,0.606,2.9,4.2,0.6990000000000001,3.8,8.9,12.7,2.4,1.7,2.2,2.2,5.6,22.8,117.0,106.0,2017,Richaun Holmes-2017,0.0,Not Selected,Center,PHI,0.022764227642276424
2016-17,Rodney Hood,hoodro01,SG,24,UTA,59,55,1593,9.0,21.9,0.408,3.8,10.1,0.371,5.2,11.8,0.44,3.0,3.8,0.7829999999999999,0.5,6.1,6.6,3.2,1.3,0.4,2.1,4.3,24.6,104.0,107.0,2017,Rodney Hood-2017,0.0,Not Selected,Guard,UTA,0.041463414634146344
2016-17,Al Horford,horfoal01,C,30,BOS,68,68,2193,8.6,18.1,0.473,1.9,5.5,0.355,6.6,12.6,0.524,2.4,3.1,0.8,2.1,8.4,10.5,7.6,1.2,1.9,2.6,3.1,21.5,114.0,107.0,2017,Al Horford-2017,0.0,Not Selected,Center,BOS,0.043089430894308944
2016-17,Danuel House,houseda01,SG,23,WAS,1,0,1,0.0,0.0,0.0,0.0,0.0,0.0,0.0,0.0,0.0,0.0,0.0,0.0,0.0,49.3,49.3,0.0,0.0,0.0,0.0,0.0,0.0,0.0,89.0,2017,Danuel House-2017,0.0,Not Selected,Guard,WAS,0.03983739837398374
2016-17,Dwight Howard,howardw01,C,31,ATL,74,74,2199,8.7,13.7,0.633,0.0,0.0,0.0,8.7,13.7,0.635,5.1,9.5,0.5329999999999999,6.6,14.4,21.1,2.3,1.4,2.1,3.8,4.6,22.5,115.0,100.0,2017,Dwight Howard-2017,0.0,Not Selected,Center,ATL,0.034959349593495934
2016-17,Marcelo Huertas,huertma01,PG,33,LAL,23,1,237,5.1,14.0,0.368,0.8,3.9,0.21100000000000002,4.3,10.1,0.429,1.9,3.5,0.529,0.4,4.5,4.9,10.7,2.1,0.4,3.9,3.3,13.0,92.0,114.0,2017,Marcelo Huertas-2017,0.0,Not Selected,Guard,LAL,0.02113821138211382
2016-17,Josh Huestis,huestjo01,PF,25,OKC,2,0,31,9.5,17.4,0.545,3.2,6.3,0.5,6.3,11.1,0.5710000000000001,0.0,1.6,0.0,6.3,7.9,14.2,4.7,0.0,4.7,0.0,0.0,22.2,143.0,106.0,2017,Josh Huestis-2017,0.0,Not Selected,Forward,OKC,0.038211382113821135
2016-17,Kris Humphries,humphkr01,PF,31,ATL,56,4,689,6.2,15.3,0.40700000000000003,1.4,3.9,0.35200000000000004,4.9,11.4,0.425,4.6,5.9,0.78,4.3,10.4,14.7,2.1,1.1,1.5,2.0,4.9,18.4,108.0,104.0,2017,Kris Humphries-2017,0.0,Not Selected,Forward,ATL,0.034959349593495934
2016-17,R.J. Hunter,hunterj01,SG,23,CHI,3,0,9,0.0,5.6,0.0,0.0,5.6,0.0,0.0,0.0,0.0,0.0,0.0,0.0,0.0,5.6,5.6,0.0,0.0,0.0,0.0,0.0,0.0,0.0,113.0,2017,R.J. Hunter-2017,0.0,Not Selected,Guard,CHI,0.03333333333333333
2016-17,Serge Ibaka,ibakase01,PF,27,TOT,79,79,2422,9.7,20.2,0.48,2.6,6.5,0.391,7.1,13.7,0.522,2.2,2.6,0.856,2.7,8.4,11.1,1.5,0.8,2.6,2.2,4.4,24.2,109.0,109.0,2017,Serge Ibaka-2017,0.0,Not Selected,Forward,TOT,0.033333333333333326
2016-17,Andre Iguodala,iguodan01,SF,33,GSW,76,0,1998,5.3,10.0,0.528,1.5,4.3,0.36200000000000004,3.7,5.7,0.6509999999999999,1.7,2.5,0.706,1.2,6.1,7.3,6.3,1.8,0.9,1.4,2.3,13.8,129.0,105.0,2017,Andre Iguodala-2017,0.0,Not Selected,Forward,GSW,0.05447154471544716
2016-17,Ersan İlyasova,ilyaser01,PF,29,TOT,82,52,2142,8.8,20.3,0.431,3.2,9.2,0.353,5.5,11.1,0.496,3.7,4.7,0.778,2.6,8.4,11.0,3.2,1.3,0.5,2.6,4.8,24.4,107.0,108.0,2017,Ersan İlyasova-2017,0.0,Not Selected,Forward,TOT,0.033333333333333326
2016-17,Joe Ingles,inglejo01,SF,29,UTA,82,26,1972,5.4,12.0,0.452,3.3,7.4,0.441,2.2,4.6,0.47100000000000003,1.3,1.8,0.735,0.6,6.3,6.9,6.0,2.6,0.2,2.8,4.3,15.4,112.0,105.0,2017,Joe Ingles-2017,0.0,Not Selected,Forward,UTA,0.041463414634146344
2016-17,Brandon Ingram,ingrabr01,SF,19,LAL,79,40,2279,5.9,14.7,0.402,1.2,4.0,0.294,4.7,10.7,0.44299999999999995,2.8,4.6,0.621,1.3,5.5,6.8,3.5,1.1,0.8,2.5,3.4,15.8,96.0,115.0,2017,Brandon Ingram-2017,0.0,Not Selected,Forward,LAL,0.02113821138211382
2016-17,Kyrie Irving,irvinky01,PG,24,CLE,72,72,2525,13.3,28.1,0.473,3.5,8.7,0.401,9.8,19.4,0.505,5.9,6.5,0.905,1.0,3.5,4.5,8.3,1.6,0.5,3.6,3.1,35.9,116.0,112.0,2017,Kyrie Irving-2017,0.0,Not Selected,Guard,CLE,0.041463414634146344
2016-17,Jarrett Jack,jackja01,PG,33,NOP,2,0,33,3.0,4.5,0.667,0.0,1.5,0.0,3.0,3.0,1.0,3.0,3.0,1.0,0.0,0.0,0.0,7.4,3.0,0.0,4.5,5.9,8.9,105.0,110.0,2017,Jarrett Jack-2017,0.0,Not Selected,Guard,NOP,0.027642276422764227
2016-17,Demetrius Jackson,jacksde01,PG,22,BOS,5,0,17,8.8,11.7,0.75,2.9,2.9,1.0,5.8,8.8,0.667,8.8,17.5,0.5,5.8,5.8,11.7,8.8,0.0,0.0,0.0,0.0,29.2,167.0,114.0,2017,Demetrius Jackson-2017,0.0,Not Selected,Guard,BOS,0.043089430894308944
2016-17,Pierre Jackson,jackspi01,PG,25,DAL,8,1,84,8.1,24.2,0.33299999999999996,1.9,6.8,0.273,6.2,17.3,0.35700000000000004,3.7,4.3,0.857,0.6,5.0,5.6,11.8,1.2,0.0,1.9,3.1,21.7,99.0,112.0,2017,Pierre Jackson-2017,0.0,Not Selected,Guard,DAL,0.026829268292682926
2016-17,Reggie Jackson,jacksre01,PG,26,DET,52,50,1424,10.1,24.0,0.419,2.3,6.5,0.359,7.7,17.5,0.442,4.2,4.8,0.868,0.7,3.3,4.0,9.6,1.2,0.2,4.0,4.6,26.7,103.0,110.0,2017,Reggie Jackson-2017,0.0,Not Selected,Guard,DET,0.03008130081300813
2016-17,LeBron James,jamesle01,SF,32,CLE,74,74,2794,13.1,24.0,0.5479999999999999,2.2,6.1,0.363,10.9,17.9,0.611,6.4,9.5,0.674,1.7,9.7,11.4,11.5,1.6,0.8,5.4,2.4,34.9,119.0,108.0,2017,LeBron James-2017,1.0,1st,Forward,CLE,0.041463414634146344
2016-17,Al Jefferson,jeffeal01,C,32,IND,66,1,931,12.6,25.3,0.499,0.0,0.1,0.0,12.6,25.3,0.5,3.5,4.6,0.765,4.0,10.9,14.9,3.1,1.0,0.9,1.8,6.7,28.8,109.0,108.0,2017,Al Jefferson-2017,0.0,Not Selected,Center,IND,0.03414634146341464
2016-17,Richard Jefferson,jefferi01,SF,36,CLE,79,13,1614,4.7,10.6,0.446,1.9,5.8,0.33299999999999996,2.8,4.9,0.58,2.5,3.3,0.741,0.9,5.4,6.3,2.4,0.8,0.3,1.6,4.7,13.9,111.0,113.0,2017,Richard Jefferson-2017,0.0,Not Selected,Forward,CLE,0.041463414634146344
2016-17,John Jenkins,jenkijo01,SG,25,PHO,4,0,13,7.4,18.4,0.4,3.7,7.4,0.5,3.7,11.0,0.33299999999999996,7.4,7.4,1.0,0.0,3.7,3.7,3.7,0.0,0.0,0.0,0.0,25.8,135.0,119.0,2017,John Jenkins-2017,0.0,Not Selected,Guard,PHO,0.01951219512195122
2016-17,Brandon Jennings,jennibr01,PG,27,TOT,81,13,1802,5.3,14.8,0.359,2.2,7.0,0.313,3.1,7.8,0.39899999999999997,3.2,4.2,0.75,0.8,4.6,5.4,10.9,1.9,0.1,3.5,3.2,16.0,104.0,113.0,2017,Brandon Jennings-2017,0.0,Not Selected,Guard,TOT,0.033333333333333326
2016-17,Jonas Jerebko,jerebjo01,PF,29,BOS,78,6,1232,4.6,10.5,0.435,1.8,5.2,0.34600000000000003,2.8,5.3,0.523,1.0,1.5,0.703,2.4,8.6,10.9,2.9,1.0,0.7,1.6,4.9,12.0,109.0,109.0,2017,Jonas Jerebko-2017,0.0,Not Selected,Forward,BOS,0.043089430894308944
2016-17,Amir Johnson,johnsam01,PF,29,BOS,80,77,1608,6.6,11.4,0.5760000000000001,0.8,2.0,0.409,5.7,9.4,0.612,2.1,3.1,0.67,3.6,7.6,11.3,4.3,1.6,1.9,2.4,6.5,16.0,121.0,107.0,2017,Amir Johnson-2017,0.0,Not Selected,Forward,BOS,0.043089430894308944
2016-17,Brice Johnson,johnsbr02,PF,22,LAC,3,0,9,11.1,38.9,0.28600000000000003,0.0,0.0,0.0,11.1,38.9,0.28600000000000003,0.0,0.0,0.0,5.6,11.1,16.7,5.6,11.1,5.6,5.6,0.0,22.2,67.0,80.0,2017,Brice Johnson-2017,0.0,Not Selected,Forward,LAC,0.041463414634146344
2016-17,James Johnson,johnsja01,PF,29,MIA,76,5,2085,8.9,18.6,0.479,2.1,6.2,0.34,6.8,12.4,0.5479999999999999,3.7,5.2,0.7070000000000001,1.6,7.5,9.1,6.7,1.8,2.1,4.1,4.8,23.6,107.0,105.0,2017,James Johnson-2017,0.0,Not Selected,Forward,MIA,0.03333333333333333
2016-17,Joe Johnson,johnsjo02,SF,35,UTA,78,14,1843,7.8,17.8,0.436,3.0,7.3,0.41100000000000003,4.8,10.5,0.45399999999999996,1.8,2.2,0.818,0.9,6.0,6.9,4.1,1.0,0.5,2.0,2.6,20.3,109.0,108.0,2017,Joe Johnson-2017,0.0,Not Selected,Forward,UTA,0.041463414634146344
2016-17,Stanley Johnson,johnsst04,SF,20,DET,77,1,1371,4.8,13.4,0.353,1.7,5.7,0.292,3.1,7.8,0.39799999999999996,1.3,2.0,0.679,1.3,5.6,7.0,3.9,2.1,0.9,2.6,4.5,12.5,88.0,107.0,2017,Stanley Johnson-2017,0.0,Not Selected,Forward,DET,0.03008130081300813
2016-17,Tyler Johnson,johnsty01,PG,24,MIA,73,0,2178,8.3,19.1,0.433,2.2,5.8,0.37200000000000005,6.1,13.3,0.46,4.5,5.9,0.768,1.2,5.6,6.8,5.4,1.9,1.0,2.1,4.1,23.2,112.0,107.0,2017,Tyler Johnson-2017,0.0,Not Selected,Guard,MIA,0.03333333333333333
2016-17,Wesley Johnson,johnswe01,SF,29,LAC,68,3,810,4.5,12.3,0.365,1.8,7.3,0.24600000000000002,2.7,5.1,0.537,0.7,1.0,0.647,1.6,9.6,11.2,1.4,1.8,1.9,1.1,5.1,11.5,94.0,105.0,2017,Wesley Johnson-2017,0.0,Not Selected,Forward,LAC,0.041463414634146344
2016-17,Nikola Jokić,jokicni01,C,21,DEN,73,59,2038,11.8,20.5,0.578,1.1,3.3,0.324,10.8,17.1,0.628,4.5,5.5,0.825,5.1,12.1,17.2,8.6,1.5,1.3,4.1,5.1,29.3,126.0,109.0,2017,Nikola Jokić-2017,0.0,Not Selected,Center,DEN,0.032520325203252036
2016-17,Dahntay Jones,jonesda02,SF,36,CLE,1,0,12,12.5,33.3,0.375,0.0,8.3,0.0,12.5,25.0,0.5,12.5,16.6,0.75,4.2,4.2,8.3,4.2,0.0,0.0,4.2,4.2,37.4,97.0,116.0,2017,Dahntay Jones-2017,0.0,Not Selected,Forward,CLE,0.041463414634146344
2016-17,Damian Jones,jonesda03,C,21,GSW,10,0,85,4.5,9.1,0.5,0.0,0.0,0.0,4.5,9.1,0.5,1.7,5.7,0.3,5.1,7.9,13.0,0.0,0.6,2.3,3.4,8.5,10.8,87.0,105.0,2017,Damian Jones-2017,0.0,Not Selected,Center,GSW,0.05447154471544716
2016-17,Derrick Jones Jr.,jonesde02,SF,19,PHO,32,8,545,6.0,10.6,0.562,0.3,1.0,0.273,5.7,9.7,0.591,2.5,3.6,0.7070000000000001,3.4,3.5,6.9,1.1,1.2,1.1,1.1,5.5,14.8,124.0,115.0,2017,Derrick Jones Jr.-2017,0.0,Not Selected,Forward,PHO,0.01951219512195122
2016-17,James Jones,jonesja02,SF,36,CLE,48,2,381,5.8,12.1,0.478,4.1,8.6,0.47,1.7,3.4,0.5,1.7,2.6,0.65,0.4,4.5,4.8,1.8,0.8,1.3,1.3,4.8,17.3,122.0,113.0,2017,James Jones-2017,0.0,Not Selected,Forward,CLE,0.041463414634146344
2016-17,Terrence Jones,joneste01,PF,25,TOT,54,12,1270,8.9,19.0,0.47,0.7,2.9,0.253,8.2,16.1,0.508,4.0,6.6,0.606,2.5,9.3,11.8,2.3,1.5,2.1,1.9,2.6,22.5,103.0,105.0,2017,Terrence Jones-2017,0.0,Not Selected,Forward,TOT,0.033333333333333326
2016-17,Tyus Jones,jonesty01,PG,20,MIN,60,0,774,4.9,11.9,0.414,1.7,4.8,0.35600000000000004,3.2,7.1,0.45399999999999996,2.2,2.8,0.767,0.7,3.7,4.4,10.2,3.1,0.3,2.5,3.3,13.7,114.0,111.0,2017,Tyus Jones-2017,0.0,Not Selected,Guard,MIN,0.025203252032520326
2016-17,DeAndre Jordan,jordade01,C,28,LAC,81,81,2570,8.0,11.2,0.7140000000000001,0.0,0.0,0.0,8.0,11.2,0.7170000000000001,4.0,8.3,0.48200000000000004,5.8,15.9,21.7,1.9,1.0,2.6,2.2,4.1,20.0,129.0,102.0,2017,DeAndre Jordan-2017,3.0,3rd,Center,LAC,0.041463414634146344
2016-17,Cory Joseph,josepco01,PG,25,TOR,80,22,2003,7.6,16.7,0.452,1.2,3.4,0.35600000000000004,6.4,13.3,0.47700000000000004,2.4,3.1,0.77,1.3,4.7,5.9,6.7,1.7,0.3,2.7,3.5,18.7,108.0,110.0,2017,Cory Joseph-2017,0.0,Not Selected,Guard,TOR,0.041463414634146344
2016-17,Frank Kaminsky,kaminfr01,C,23,CHO,75,16,1954,8.2,20.6,0.39899999999999997,3.0,9.1,0.32799999999999996,5.2,11.5,0.455,3.0,4.0,0.7559999999999999,1.5,7.2,8.6,4.2,1.2,0.9,2.0,3.6,22.4,102.0,110.0,2017,Frank Kaminsky-2017,0.0,Not Selected,Center,CHO,0.02926829268292683
2016-17,Enes Kanter,kanteen01,C,24,OKC,72,0,1533,12.9,23.6,0.545,0.2,1.2,0.132,12.7,22.4,0.568,7.2,9.1,0.7859999999999999,6.2,9.2,15.4,2.1,1.0,1.2,3.9,4.9,33.1,116.0,107.0,2017,Enes Kanter-2017,0.0,Not Selected,Center,OKC,0.038211382113821135
2016-17,Ryan Kelly,kellyry01,PF,25,ATL,16,0,110,3.6,12.5,0.28600000000000003,1.8,4.5,0.4,1.8,8.1,0.222,2.2,2.7,0.833,0.4,7.6,8.1,3.6,1.8,2.2,1.8,2.2,11.2,87.0,104.0,2017,Ryan Kelly-2017,0.0,Not Selected,Forward,ATL,0.034959349593495934
2016-17,Michael Kidd-Gilchrist,kiddgmi01,SF,23,CHO,81,81,2349,6.3,13.2,0.47700000000000004,0.0,0.2,0.111,6.3,13.0,0.483,3.2,4.1,0.784,3.3,8.7,12.1,2.4,1.7,1.6,1.2,4.0,15.9,113.0,106.0,2017,Michael Kidd-Gilchrist-2017,0.0,Not Selected,Forward,CHO,0.02926829268292683
2016-17,Sean Kilpatrick,kilpase01,SG,27,BRK,70,24,1754,8.2,19.9,0.415,2.8,8.3,0.341,5.4,11.5,0.46799999999999997,5.5,6.5,0.843,0.6,7.0,7.6,4.2,1.2,0.2,3.6,3.2,24.8,102.0,112.0,2017,Sean Kilpatrick-2017,0.0,Not Selected,Guard,BRK,0.016260162601626018
2016-17,Brandon Knight,knighbr03,SG,25,PHO,54,5,1140,8.8,22.0,0.39799999999999996,1.9,5.8,0.324,6.9,16.2,0.425,5.5,6.5,0.857,1.0,3.9,5.0,5.5,1.1,0.2,3.7,3.7,25.0,101.0,116.0,2017,Brandon Knight-2017,0.0,Not Selected,Guard,PHO,0.01951219512195122
2016-17,Kyle Korver,korveky01,SG,35,TOT,67,22,1753,6.8,14.6,0.46399999999999997,4.6,10.2,0.451,2.2,4.4,0.494,1.1,1.2,0.905,0.2,5.1,5.3,3.1,1.0,0.6,2.0,3.0,19.2,116.0,111.0,2017,Kyle Korver-2017,0.0,Not Selected,Guard,TOT,0.033333333333333326
2016-17,Kosta Koufos,koufoko01,C,27,SAC,71,62,1419,7.7,14.0,0.551,0.0,0.0,0.0,7.7,13.9,0.552,1.4,2.2,0.613,4.2,10.2,14.4,1.7,1.3,1.7,2.2,6.1,16.8,109.0,109.0,2017,Kosta Koufos-2017,0.0,Not Selected,Center,SAC,0.026016260162601626
2016-17,Mindaugas Kuzminskas,kuzmimi01,SF,27,NYK,68,5,1016,7.8,18.2,0.428,2.7,8.3,0.321,5.1,9.9,0.517,2.7,3.3,0.809,2.3,3.9,6.2,3.4,1.4,0.5,2.5,3.9,20.9,107.0,114.0,2017,Mindaugas Kuzminskas-2017,0.0,Not Selected,Forward,NYK,0.025203252032520326
2016-17,Skal Labissière,labissk01,PF,20,SAC,33,12,612,9.7,18.0,0.537,0.2,0.7,0.375,9.4,17.4,0.5429999999999999,4.3,6.1,0.703,4.2,9.2,13.4,2.2,1.3,1.1,3.1,5.3,23.9,110.0,110.0,2017,Skal Labissière-2017,0.0,Not Selected,Forward,SAC,0.026016260162601626
2016-17,Jeremy Lamb,lambje01,SG,24,CHO,62,5,1143,9.9,21.5,0.46,1.8,6.4,0.281,8.1,15.1,0.536,4.8,5.7,0.853,1.3,10.3,11.6,3.3,1.2,1.0,1.8,4.3,26.5,109.0,108.0,2017,Jeremy Lamb-2017,0.0,Not Selected,Guard,CHO,0.02926829268292683
2016-17,Nicolás Laprovíttola,laproni01,PG,27,SAS,18,3,174,5.9,13.8,0.426,2.9,7.9,0.37,2.9,5.9,0.5,2.6,2.6,1.0,0.3,2.6,2.9,8.2,1.2,0.3,5.6,5.6,17.3,99.0,108.0,2017,Nicolás Laprovíttola-2017,0.0,Not Selected,Guard,SAS,0.04959349593495935
2016-17,Joffrey Lauvergne,lauvejo01,PF-C,25,TOT,70,1,980,7.5,16.9,0.44,1.7,4.9,0.337,5.8,12.0,0.483,2.3,3.7,0.63,3.6,9.0,12.6,3.5,1.3,0.3,2.8,4.2,18.9,104.0,108.0,2017,Joffrey Lauvergne-2017,0.0,Not Selected,Forward,TOT,0.033333333333333326
2016-17,Zach LaVine,lavinza01,SG,21,MIN,47,47,1749,9.5,20.6,0.45899999999999996,3.5,9.0,0.387,6.0,11.6,0.515,3.4,4.1,0.836,0.6,4.1,4.6,4.0,1.2,0.3,2.5,3.0,25.8,112.0,115.0,2017,Zach LaVine-2017,0.0,Not Selected,Guard,MIN,0.025203252032520326
2016-17,Ty Lawson,lawsoty01,PG,29,SAC,69,24,1732,6.9,15.2,0.45399999999999996,1.0,3.4,0.28800000000000003,5.9,11.8,0.502,5.1,6.3,0.797,1.3,3.9,5.2,9.8,2.2,0.2,3.8,3.5,19.9,110.0,113.0,2017,Ty Lawson-2017,0.0,Not Selected,Guard,SAC,0.026016260162601626
2016-17,Jake Layman,laymaja01,SF,22,POR,35,1,249,5.2,17.7,0.292,2.6,10.2,0.255,2.6,7.6,0.342,2.6,3.4,0.765,1.2,3.6,4.8,2.2,1.8,0.6,2.2,4.4,15.6,84.0,113.0,2017,Jake Layman-2017,0.0,Not Selected,Forward,POR,0.03333333333333333
2016-17,Courtney Lee,leeco01,SG,31,NYK,77,74,2459,6.5,14.3,0.456,2.2,5.5,0.401,4.3,8.8,0.49,1.7,2.0,0.867,1.1,4.2,5.3,3.6,1.6,0.5,1.4,2.9,17.0,115.0,114.0,2017,Courtney Lee-2017,0.0,Not Selected,Guard,NYK,0.025203252032520326
2016-17,David Lee,leeda02,PF,33,SAS,79,10,1477,8.6,14.5,0.59,0.0,0.0,0.0,8.6,14.5,0.59,2.8,3.9,0.708,5.1,10.1,15.2,4.3,1.1,1.4,2.8,4.3,19.9,120.0,103.0,2017,David Lee-2017,0.0,Not Selected,Forward,SAS,0.04959349593495935
2016-17,Alex Len,lenal01,C,23,PHO,77,34,1560,7.1,14.2,0.49700000000000005,0.1,0.4,0.25,7.0,13.8,0.503,4.6,6.4,0.721,4.8,10.9,15.6,1.4,1.2,3.0,3.1,7.4,18.8,108.0,108.0,2017,Alex Len-2017,0.0,Not Selected,Center,PHO,0.01951219512195122
2016-17,Kawhi Leonard,leonaka01,SF,25,SAS,74,74,2474,13.1,27.0,0.485,3.0,8.0,0.38,10.1,19.1,0.529,9.7,11.0,0.88,1.6,7.2,8.9,5.4,2.7,1.1,3.2,2.5,38.9,121.0,102.0,2017,Kawhi Leonard-2017,1.0,1st,Forward,SAS,0.04959349593495935
2016-17,Meyers Leonard,leoname01,PF,24,POR,74,12,1222,5.9,15.4,0.386,3.0,8.7,0.34700000000000003,2.9,6.7,0.436,1.4,1.6,0.875,1.1,8.5,9.6,2.9,0.5,1.1,1.4,7.0,16.3,105.0,112.0,2017,Meyers Leonard-2017,0.0,Not Selected,Forward,POR,0.03333333333333333
2016-17,Jon Leuer,leuerjo01,PF,27,DET,75,34,1944,8.1,16.8,0.48,1.3,4.3,0.293,6.8,12.4,0.545,2.5,2.9,0.867,2.7,7.8,10.4,2.9,0.8,0.7,1.7,3.8,19.9,113.0,109.0,2017,Jon Leuer-2017,0.0,Not Selected,Forward,DET,0.03008130081300813
2016-17,Caris LeVert,leverca01,SF,22,BRK,57,26,1237,6.6,14.6,0.45,2.3,7.1,0.321,4.3,7.5,0.5710000000000001,2.6,3.6,0.72,0.9,6.3,7.2,4.2,1.9,0.3,2.3,3.5,17.9,107.0,111.0,2017,Caris LeVert-2017,0.0,Not Selected,Forward,BRK,0.016260162601626018
2016-17,DeAndre Liggins,liggide01,SG,28,TOT,62,19,777,3.5,9.1,0.387,1.1,3.0,0.37,2.4,6.2,0.396,1.6,2.6,0.625,1.3,5.7,6.9,3.5,3.0,0.9,2.7,5.2,9.8,92.0,107.0,2017,DeAndre Liggins-2017,0.0,Not Selected,Guard,TOT,0.033333333333333326
2016-17,Damian Lillard,lillada01,PG,26,POR,75,75,2694,12.2,27.4,0.444,3.9,10.7,0.37,8.2,16.8,0.49200000000000005,9.0,10.0,0.895,0.8,5.9,6.8,8.1,1.3,0.4,3.6,2.8,37.3,118.0,113.0,2017,Damian Lillard-2017,0.0,Not Selected,Guard,POR,0.03333333333333333
2016-17,Jeremy Lin,linje01,PG,28,BRK,36,33,883,9.4,21.5,0.43799999999999994,3.1,8.4,0.37200000000000005,6.3,13.1,0.48,6.2,7.6,0.816,0.6,6.7,7.2,9.9,2.3,0.8,4.6,4.2,28.1,109.0,109.0,2017,Jeremy Lin-2017,0.0,Not Selected,Guard,BRK,0.016260162601626018
2016-17,Shaun Livingston,livinsh01,PG,31,GSW,76,3,1345,6.2,11.3,0.547,0.0,0.1,0.33299999999999996,6.2,11.2,0.55,1.5,2.1,0.7,1.0,4.4,5.4,5.0,1.4,0.7,2.2,4.3,13.9,110.0,108.0,2017,Shaun Livingston-2017,0.0,Not Selected,Guard,GSW,0.05447154471544716
2016-17,Shawn Long,longsh01,C,24,PHI,18,0,234,12.7,22.7,0.56,1.5,4.0,0.368,11.2,18.7,0.6,4.0,7.3,0.5429999999999999,8.5,9.2,17.7,2.7,1.9,1.9,2.7,10.2,30.8,118.0,106.0,2017,Shawn Long-2017,0.0,Not Selected,Center,PHI,0.022764227642276424
2016-17,Kevon Looney,looneke01,C,20,GSW,53,4,447,6.0,11.5,0.523,0.2,1.0,0.222,5.8,10.5,0.551,2.3,3.7,0.618,4.7,8.6,13.3,3.1,1.6,1.8,1.8,6.9,14.5,118.0,103.0,2017,Kevon Looney-2017,0.0,Not Selected,Center,GSW,0.05447154471544716
2016-17,Brook Lopez,lopezbr01,C,28,BRK,75,75,2222,11.8,25.0,0.474,2.9,8.3,0.34600000000000003,9.0,16.7,0.536,6.3,7.8,0.81,2.6,6.0,8.6,3.8,0.8,2.6,3.9,4.1,32.8,108.0,111.0,2017,Brook Lopez-2017,0.0,Not Selected,Center,BRK,0.016260162601626018
2016-17,Robin Lopez,lopezro01,C,28,CHI,81,81,2271,8.5,17.2,0.493,0.0,0.0,0.0,8.5,17.1,0.494,1.7,2.3,0.721,5.4,6.1,11.5,1.8,0.4,2.6,2.0,3.3,18.6,108.0,108.0,2017,Robin Lopez-2017,0.0,Not Selected,Center,CHI,0.03333333333333333
2016-17,Kevin Love,loveke01,PF,28,CLE,60,60,1885,9.8,23.0,0.42700000000000005,3.8,10.3,0.373,6.0,12.7,0.47100000000000003,6.8,7.8,0.871,3.9,13.7,17.6,3.1,1.4,0.6,3.2,3.3,30.2,114.0,107.0,2017,Kevin Love-2017,0.0,Not Selected,Forward,CLE,0.041463414634146344
2016-17,Kyle Lowry,lowryky01,PG,30,TOR,60,60,2244,9.6,20.7,0.46399999999999997,4.4,10.6,0.41200000000000003,5.3,10.2,0.518,6.8,8.2,0.8190000000000001,1.1,5.4,6.5,9.4,2.0,0.4,3.9,3.8,30.4,123.0,109.0,2017,Kyle Lowry-2017,0.0,Not Selected,Guard,TOR,0.041463414634146344
2016-17,John Lucas III,lucasjo02,PG,34,MIN,5,0,11,4.6,18.4,0.25,0.0,4.6,0.0,4.6,13.8,0.33299999999999996,0.0,0.0,0.0,0.0,0.0,0.0,4.6,9.2,0.0,0.0,0.0,9.2,70.0,101.0,2017,John Lucas III-2017,0.0,Not Selected,Guard,MIN,0.025203252032520326
2016-17,Timothé Luwawu-Cabarrot,luwawti01,SF,21,PHI,69,19,1190,5.9,14.8,0.402,2.0,6.6,0.311,3.9,8.2,0.475,4.3,5.0,0.8540000000000001,1.0,5.1,6.1,3.1,1.3,0.4,3.0,6.3,18.2,100.0,111.0,2017,Timothé Luwawu-Cabarrot-2017,0.0,Not Selected,Forward,PHI,0.022764227642276424
2016-17,Trey Lyles,lylestr01,PF,21,UTA,71,4,1158,7.2,19.9,0.36200000000000004,2.9,9.2,0.319,4.3,10.6,0.4,2.6,3.6,0.722,2.2,8.5,10.6,3.1,1.2,0.9,2.9,4.4,19.9,94.0,106.0,2017,Trey Lyles-2017,0.0,Not Selected,Forward,UTA,0.041463414634146344
2016-17,Sheldon Mac,mcclesh01,SG,24,WAS,30,3,287,5.2,12.9,0.4,1.2,5.2,0.233,4.0,7.7,0.511,4.0,4.6,0.852,0.7,5.2,5.8,2.6,1.4,0.3,0.9,2.9,15.5,112.0,112.0,2017,Sheldon Mac-2017,0.0,Not Selected,Guard,WAS,0.03983739837398374
2016-17,Shelvin Mack,macksh01,PG,26,UTA,55,9,1205,7.4,16.6,0.446,1.6,5.2,0.308,5.8,11.4,0.51,2.3,3.4,0.688,0.9,4.6,5.4,6.7,1.8,0.1,3.9,4.4,18.7,99.0,107.0,2017,Shelvin Mack-2017,0.0,Not Selected,Guard,UTA,0.041463414634146344
2016-17,Ian Mahinmi,mahinia01,C,30,WAS,31,0,555,5.8,9.9,0.586,0.0,0.0,0.0,5.8,9.9,0.586,3.8,6.7,0.573,4.2,9.1,13.3,1.7,2.9,2.1,3.0,8.0,15.4,110.0,104.0,2017,Ian Mahinmi-2017,0.0,Not Selected,Center,WAS,0.03983739837398374
2016-17,Thon Maker,makerth01,C,19,MIL,57,34,562,7.5,16.4,0.45899999999999996,2.5,6.7,0.37799999999999995,5.0,9.7,0.514,2.9,4.4,0.653,3.6,6.7,10.3,2.1,0.9,2.3,1.5,7.6,20.4,114.0,110.0,2017,Thon Maker-2017,0.0,Not Selected,Center,MIL,0.03414634146341464
2016-17,Boban Marjanović,marjabo01,C,28,DET,35,0,293,12.4,22.8,0.545,0.0,0.0,0.0,12.4,22.8,0.545,8.1,10.0,0.81,7.9,14.5,22.4,1.6,1.0,2.1,1.7,4.3,32.9,128.0,103.0,2017,Boban Marjanović-2017,0.0,Not Selected,Center,DET,0.03008130081300813
2016-17,Jarell Martin,martija01,PF,22,MEM,42,3,558,5.4,14.1,0.384,0.8,2.3,0.36,4.6,11.7,0.389,3.7,4.7,0.8,3.9,11.2,15.1,0.7,1.6,0.8,2.6,8.5,15.4,96.0,105.0,2017,Jarell Martin-2017,0.0,Not Selected,Forward,MEM,0.034959349593495934
2016-17,Wesley Matthews,matthwe02,SG,30,DAL,73,73,2495,6.9,17.7,0.39299999999999996,3.6,10.0,0.363,3.3,7.7,0.43200000000000005,3.0,3.7,0.816,0.4,5.0,5.4,4.4,1.6,0.3,2.1,3.4,20.6,104.0,110.0,2017,Wesley Matthews-2017,0.0,Not Selected,Guard,DAL,0.026829268292682926
2016-17,Luc Mbah a Moute,mbahalu01,SF,30,LAC,80,76,1787,5.3,10.6,0.505,1.2,3.1,0.391,4.1,7.5,0.552,1.6,2.4,0.6779999999999999,1.2,3.5,4.8,1.1,2.3,1.0,1.3,3.4,13.5,111.0,109.0,2017,Luc Mbah a Moute-2017,0.0,Not Selected,Forward,LAC,0.041463414634146344
2016-17,James Michael McAdoo,mcadoja01,PF,24,GSW,52,2,457,6.5,12.3,0.53,0.2,0.8,0.25,6.3,11.5,0.55,2.2,4.4,0.5,3.6,6.0,9.6,1.9,1.9,3.1,2.0,4.9,15.5,108.0,103.0,2017,James Michael McAdoo-2017,0.0,Not Selected,Forward,GSW,0.05447154471544716
2016-17,Patrick McCaw,mccawpa01,SG,21,GSW,71,20,1074,4.7,11.0,0.433,1.8,5.5,0.33299999999999996,2.9,5.5,0.5329999999999999,1.3,1.7,0.784,0.9,3.5,4.5,3.4,1.4,0.7,1.6,2.8,12.6,107.0,108.0,2017,Patrick McCaw-2017,0.0,Not Selected,Guard,GSW,0.05447154471544716
2016-17,CJ McCollum,mccolcj01,SG,25,POR,80,80,2796,12.3,25.6,0.48,3.3,7.8,0.42100000000000004,9.0,17.8,0.506,4.8,5.2,0.912,1.1,4.1,5.1,5.1,1.3,0.7,3.1,3.6,32.6,114.0,113.0,2017,CJ McCollum-2017,0.0,Not Selected,Guard,POR,0.03333333333333333
2016-17,T.J. McConnell,mccontj01,PG,24,PHI,81,51,2133,5.4,11.7,0.461,0.3,1.3,0.2,5.1,10.4,0.49200000000000005,1.7,2.1,0.8109999999999999,0.9,4.8,5.7,12.2,3.1,0.2,3.6,3.2,12.7,107.0,108.0,2017,T.J. McConnell-2017,0.0,Not Selected,Guard,PHI,0.022764227642276424
2016-17,Chris McCullough,mcculch01,PF,21,TOT,16,0,80,9.5,19.0,0.5,0.6,4.2,0.14300000000000002,8.9,14.9,0.6,1.8,3.0,0.6,5.4,5.9,11.3,1.2,1.2,1.2,1.8,4.2,21.4,107.0,112.0,2017,Chris McCullough-2017,0.0,Not Selected,Forward,TOT,0.033333333333333326
2016-17,K.J. McDaniels,mcdankj01,SF,23,TOT,49,0,505,7.3,15.9,0.456,1.9,6.2,0.303,5.4,9.7,0.5529999999999999,3.0,3.6,0.8420000000000001,1.4,6.3,7.7,1.2,1.8,1.7,2.7,4.6,19.4,100.0,109.0,2017,K.J. McDaniels-2017,0.0,Not Selected,Forward,TOT,0.033333333333333326
2016-17,Doug McDermott,mcderdo01,SF,25,TOT,66,5,1508,7.4,16.5,0.447,2.6,6.9,0.37,4.8,9.6,0.502,2.4,2.8,0.845,0.7,5.3,5.9,1.9,0.4,0.2,1.3,2.6,19.6,112.0,112.0,2017,Doug McDermott-2017,0.0,Not Selected,Forward,TOT,0.033333333333333326
2016-17,JaVale McGee,mcgeeja01,C,29,GSW,77,10,739,13.5,20.8,0.652,0.0,0.2,0.0,13.5,20.6,0.6579999999999999,3.6,7.2,0.505,6.5,9.4,15.9,1.1,1.2,4.4,2.6,7.1,30.7,120.0,101.0,2017,JaVale McGee-2017,0.0,Not Selected,Center,GSW,0.05447154471544716
2016-17,Rodney McGruder,mcgruro01,SG,25,MIA,78,65,1966,4.9,11.8,0.413,1.9,5.6,0.332,3.0,6.2,0.488,1.1,1.8,0.62,2.4,4.2,6.6,3.2,1.2,0.5,1.4,3.6,12.7,108.0,110.0,2017,Rodney McGruder-2017,0.0,Not Selected,Guard,MIA,0.03333333333333333
2016-17,Ben McLemore,mclembe01,SG,23,SAC,61,26,1176,7.7,18.0,0.43,2.8,7.3,0.382,4.9,10.7,0.462,3.0,4.0,0.753,0.8,4.7,5.6,2.2,1.2,0.3,2.7,4.6,21.3,99.0,114.0,2017,Ben McLemore-2017,0.0,Not Selected,Guard,SAC,0.026016260162601626
2016-17,Jordan McRae,mcraejo01,SG,25,CLE,37,4,384,7.5,19.5,0.387,2.3,6.6,0.353,5.2,12.9,0.40399999999999997,3.5,4.4,0.794,0.8,4.5,5.3,2.5,1.0,0.8,1.8,4.0,20.9,99.0,113.0,2017,Jordan McRae-2017,0.0,Not Selected,Guard,CLE,0.041463414634146344
2016-17,Josh McRoberts,mcrobjo01,PF,29,MIA,22,14,381,5.8,15.6,0.373,1.7,4.1,0.419,4.1,11.5,0.35600000000000004,0.8,1.2,0.667,3.0,6.7,9.8,6.6,1.3,0.5,3.0,4.1,14.2,97.0,108.0,2017,Josh McRoberts-2017,0.0,Not Selected,Forward,MIA,0.03333333333333333
2016-17,Jodie Meeks,meeksjo01,SG,29,ORL,36,10,738,6.9,17.2,0.402,3.8,9.2,0.409,3.2,8.0,0.395,4.4,5.0,0.878,0.3,4.8,5.2,3.0,2.3,0.3,2.4,2.8,22.0,107.0,111.0,2017,Jodie Meeks-2017,0.0,Not Selected,Guard,ORL,0.023577235772357725
2016-17,Salah Mejri,mejrisa01,C,30,DAL,73,11,905,5.1,7.9,0.642,0.1,0.2,0.33299999999999996,5.0,7.7,0.649,2.1,3.5,0.59,5.6,12.1,17.7,0.8,1.8,3.5,2.3,8.7,12.2,121.0,102.0,2017,Salah Mejri-2017,0.0,Not Selected,Center,DAL,0.026829268292682926
2016-17,Jordan Mickey,mickejo01,PF,22,BOS,25,1,141,5.3,12.0,0.441,0.0,0.4,0.0,5.3,11.6,0.455,2.8,4.9,0.5710000000000001,4.6,7.4,12.0,2.5,1.1,2.1,3.2,4.2,13.4,96.0,108.0,2017,Jordan Mickey-2017,0.0,Not Selected,Forward,BOS,0.043089430894308944
2016-17,Khris Middleton,middlkh01,SF,25,MIL,29,23,889,8.6,19.0,0.45,2.6,5.9,0.433,6.0,13.1,0.45899999999999996,4.6,5.3,0.88,0.6,6.4,7.0,5.7,2.3,0.4,3.7,4.5,24.3,106.0,109.0,2017,Khris Middleton-2017,0.0,Not Selected,Forward,MIL,0.03414634146341464
2016-17,C.J. Miles,milescj01,SF,29,IND,76,29,1776,7.9,18.2,0.434,4.8,11.5,0.413,3.2,6.7,0.47100000000000003,2.4,2.6,0.903,0.8,5.6,6.5,1.4,1.3,0.7,1.1,4.3,23.0,115.0,111.0,2017,C.J. Miles-2017,0.0,Not Selected,Forward,IND,0.03414634146341464
2016-17,Mike Miller,millemi01,SF,36,DEN,20,0,151,2.9,7.4,0.391,2.6,6.5,0.4,0.3,1.0,0.33299999999999996,0.6,0.6,1.0,0.6,11.6,12.3,7.1,0.6,0.0,4.2,2.9,9.1,98.0,113.0,2017,Mike Miller-2017,0.0,Not Selected,Forward,DEN,0.032520325203252036
2016-17,Patty Mills,millspa02,PG,28,SAS,80,8,1754,7.9,18.0,0.44,4.3,10.3,0.414,3.7,7.7,0.474,1.9,2.3,0.825,0.7,3.4,4.1,8.1,1.9,0.1,2.9,3.2,22.1,114.0,107.0,2017,Patty Mills-2017,0.0,Not Selected,Guard,SAS,0.04959349593495935
2016-17,Elijah Millsap,millsel01,SG,29,PHO,2,0,23,2.1,14.6,0.14300000000000002,0.0,4.2,0.0,2.1,10.4,0.2,2.1,4.2,0.5,6.2,6.2,12.5,2.1,0.0,0.0,4.2,4.2,6.2,57.0,117.0,2017,Elijah Millsap-2017,0.0,Not Selected,Guard,PHO,0.01951219512195122
2016-17,Paul Millsap,millspa01,PF,31,ATL,69,67,2343,9.0,20.4,0.442,1.6,5.1,0.311,7.5,15.4,0.486,6.5,8.5,0.768,2.3,8.9,11.2,5.3,1.9,1.3,3.3,3.9,26.2,108.0,104.0,2017,Paul Millsap-2017,0.0,Not Selected,Forward,ATL,0.034959349593495934
2016-17,Nikola Mirotić,mirotni01,PF,25,CHI,70,15,1679,7.7,18.8,0.413,3.9,11.3,0.342,3.9,7.4,0.52,3.0,3.8,0.773,1.8,9.7,11.5,2.3,1.6,1.7,2.4,3.8,22.3,107.0,105.0,2017,Nikola Mirotić-2017,0.0,Not Selected,Forward,CHI,0.03333333333333333
2016-17,Greg Monroe,monrogr01,C,26,MIL,81,0,1823,10.8,20.2,0.5329999999999999,0.0,0.1,0.0,10.8,20.1,0.536,4.9,6.7,0.741,4.7,10.2,14.8,5.2,2.6,1.1,3.9,4.7,26.5,111.0,105.0,2017,Greg Monroe-2017,0.0,Not Selected,Center,MIL,0.03414634146341464
2016-17,E'Twaun Moore,mooreet01,SG,27,NOP,73,22,1820,7.6,16.7,0.457,2.1,5.6,0.37,5.5,11.1,0.501,1.5,2.0,0.77,0.9,3.2,4.1,4.4,1.3,0.9,1.7,3.5,18.8,107.0,111.0,2017,E'Twaun Moore-2017,0.0,Not Selected,Guard,NOP,0.027642276422764227
2016-17,Marcus Morris,morrima03,SF,27,DET,79,79,2565,8.3,19.8,0.418,2.3,7.0,0.331,6.0,12.8,0.466,2.9,3.6,0.784,1.5,5.7,7.2,3.2,1.0,0.5,1.7,3.3,21.8,105.0,109.0,2017,Marcus Morris-2017,0.0,Not Selected,Forward,DET,0.03008130081300813
2016-17,Markieff Morris,morrima02,PF,27,WAS,76,76,2374,8.4,18.5,0.457,1.5,4.1,0.36200000000000004,7.0,14.4,0.483,3.7,4.5,0.8370000000000001,2.2,8.0,10.2,2.6,1.7,0.9,2.7,5.3,22.1,106.0,109.0,2017,Markieff Morris-2017,0.0,Not Selected,Forward,WAS,0.03983739837398374
2016-17,Anthony Morrow,morroan01,SG,31,TOT,49,7,714,6.8,17.4,0.389,2.8,9.2,0.308,3.9,8.2,0.479,2.3,2.6,0.919,0.8,1.3,2.1,1.7,1.7,0.1,0.4,3.0,18.7,112.0,112.0,2017,Anthony Morrow-2017,0.0,Not Selected,Guard,TOT,0.033333333333333326
2016-17,Donatas Motiejūnas,motiedo01,PF,26,NOP,34,0,479,5.8,14.1,0.413,1.1,4.8,0.23399999999999999,4.7,9.3,0.505,2.6,5.0,0.51,2.7,7.7,10.3,3.3,1.8,1.1,3.2,5.6,15.3,91.0,106.0,2017,Donatas Motiejūnas-2017,0.0,Not Selected,Forward,NOP,0.027642276422764227
2016-17,Timofey Mozgov,mozgoti01,C,30,LAL,54,52,1104,7.5,14.5,0.515,0.0,0.0,0.0,7.5,14.4,0.517,2.8,3.4,0.8079999999999999,4.6,7.1,11.7,1.9,0.7,1.4,3.2,5.9,17.7,106.0,114.0,2017,Timofey Mozgov-2017,0.0,Not Selected,Center,LAL,0.02113821138211382
2016-17,Emmanuel Mudiay,mudiaem01,PG,20,DEN,55,41,1406,7.2,19.1,0.377,1.9,6.2,0.315,5.3,13.0,0.408,4.5,5.8,0.784,1.0,5.2,6.2,7.5,1.4,0.5,4.3,3.3,20.9,98.0,114.0,2017,Emmanuel Mudiay-2017,0.0,Not Selected,Guard,DEN,0.032520325203252036
2016-17,Shabazz Muhammad,muhamsh01,SF,24,MIN,78,1,1516,9.6,20.0,0.48200000000000004,1.6,4.9,0.33799999999999997,8.0,15.2,0.528,4.9,6.4,0.774,2.8,4.5,7.4,1.2,0.7,0.2,1.9,2.9,25.8,114.0,116.0,2017,Shabazz Muhammad-2017,0.0,Not Selected,Forward,MIN,0.025203252032520326
2016-17,Dejounte Murray,murrade01,PG,20,SAS,38,8,322,7.9,18.4,0.431,1.4,3.6,0.391,6.5,14.7,0.441,3.3,4.7,0.7,0.9,5.7,6.6,7.6,1.3,0.9,6.0,4.6,20.6,91.0,106.0,2017,Dejounte Murray-2017,0.0,Not Selected,Guard,SAS,0.04959349593495935
2016-17,Jamal Murray,murraja01,SG,19,DEN,82,10,1764,8.2,20.2,0.40399999999999997,3.2,9.5,0.33399999999999996,5.0,10.7,0.466,2.9,3.3,0.883,1.1,4.8,5.9,4.7,1.4,0.7,3.1,3.4,22.5,103.0,114.0,2017,Jamal Murray-2017,0.0,Not Selected,Guard,DEN,0.032520325203252036
2016-17,Mike Muscala,muscami01,C,25,ATL,70,3,1237,6.8,13.4,0.504,1.8,4.4,0.418,4.9,9.0,0.546,2.0,2.6,0.7659999999999999,3.0,6.5,9.6,3.8,1.2,1.6,2.2,3.9,17.3,116.0,107.0,2017,Mike Muscala-2017,0.0,Not Selected,Center,ATL,0.034959349593495934
2016-17,Larry Nance Jr.,nancela02,PF,24,LAL,63,7,1442,6.4,12.2,0.526,0.3,1.2,0.278,6.1,11.0,0.5539999999999999,2.0,2.7,0.738,4.1,8.4,12.5,3.2,2.8,1.3,1.9,5.0,15.2,117.0,109.0,2017,Larry Nance Jr.-2017,0.0,Not Selected,Forward,LAL,0.02113821138211382
2016-17,Shabazz Napier,napiesh01,PG,25,POR,53,2,512,7.1,17.7,0.39899999999999997,3.3,8.9,0.37,3.8,8.8,0.429,3.7,4.8,0.7759999999999999,0.8,5.1,5.9,6.5,3.1,0.2,4.0,3.7,21.1,102.0,109.0,2017,Shabazz Napier-2017,0.0,Not Selected,Guard,POR,0.03333333333333333
2016-17,Maurice Ndour,ndourma01,PF,24,NYK,32,4,331,5.9,13.0,0.45299999999999996,0.2,1.1,0.14300000000000002,5.7,11.9,0.48100000000000004,2.9,3.9,0.731,3.3,6.3,9.7,1.2,2.3,1.2,1.8,4.5,14.8,104.0,110.0,2017,Maurice Ndour-2017,0.0,Not Selected,Forward,NYK,0.025203252032520326
2016-17,Gary Neal,nealga01,SG,32,ATL,2,0,18,0.0,19.2,0.0,0.0,5.5,0.0,0.0,13.7,0.0,11.0,11.0,1.0,0.0,2.7,2.7,2.7,0.0,0.0,0.0,2.7,11.0,61.0,114.0,2017,Gary Neal-2017,0.0,Not Selected,Guard,ATL,0.034959349593495934
2016-17,Jameer Nelson,nelsoja01,PG,34,DEN,75,39,2045,6.4,14.4,0.444,2.5,6.5,0.38799999999999996,3.9,7.9,0.489,1.1,1.5,0.7140000000000001,0.7,3.9,4.6,9.2,1.3,0.2,3.1,4.7,16.4,111.0,115.0,2017,Jameer Nelson-2017,0.0,Not Selected,Guard,DEN,0.032520325203252036
2016-17,Raul Neto,netora01,PG,24,UTA,40,0,346,6.2,13.8,0.451,1.5,4.7,0.32299999999999995,4.7,9.1,0.517,1.2,1.4,0.889,0.6,3.9,4.5,5.2,3.2,0.8,2.3,7.3,15.2,105.0,104.0,2017,Raul Neto-2017,0.0,Not Selected,Guard,UTA,0.041463414634146344
2016-17,Georges Niang,niangge01,PF,23,IND,23,0,93,4.8,19.4,0.25,0.5,6.5,0.083,4.3,12.9,0.33299999999999996,1.1,1.1,1.0,1.1,8.1,9.1,2.7,1.6,0.0,2.7,3.2,11.3,62.0,110.0,2017,Georges Niang-2017,0.0,Not Selected,Forward,IND,0.03414634146341464
2016-17,Andrew Nicholson,nichoan01,PF,27,TOT,38,0,342,6.1,15.8,0.387,0.7,3.8,0.185,5.4,12.0,0.452,1.3,2.0,0.643,2.1,6.5,8.7,1.4,2.3,0.9,2.4,7.8,14.2,85.0,108.0,2017,Andrew Nicholson-2017,0.0,Not Selected,Forward,TOT,0.033333333333333326
2016-17,Joakim Noah,noahjo01,C,31,NYK,46,46,1015,4.9,10.0,0.49,0.0,0.0,0.0,4.9,9.9,0.493,1.7,3.8,0.436,8.0,11.9,19.9,5.1,1.5,1.8,2.9,6.3,11.4,111.0,108.0,2017,Joakim Noah-2017,0.0,Not Selected,Center,NYK,0.025203252032520326
2016-17,Nerlens Noel,noelne01,C,22,TOT,51,19,1047,8.8,14.8,0.595,0.0,0.0,0.0,8.8,14.8,0.597,3.7,5.3,0.6940000000000001,4.5,9.6,14.1,2.4,3.1,2.4,2.4,6.0,21.3,119.0,102.0,2017,Nerlens Noel-2017,0.0,Not Selected,Center,TOT,0.033333333333333326
2016-17,Lucas Nogueira,noguelu01,C,24,TOR,57,6,1088,4.8,7.3,0.66,0.1,0.6,0.25,4.7,6.7,0.6940000000000001,2.0,3.1,0.657,3.8,7.5,11.4,2.0,2.4,4.1,2.1,6.4,11.8,125.0,102.0,2017,Lucas Nogueira-2017,0.0,Not Selected,Center,TOR,0.041463414634146344
2016-17,Steve Novak,novakst01,PF,33,MIL,8,0,22,4.6,16.2,0.28600000000000003,2.3,13.9,0.16699999999999998,2.3,2.3,1.0,0.0,0.0,0.0,0.0,6.9,6.9,0.0,0.0,0.0,0.0,2.3,11.5,75.0,115.0,2017,Steve Novak-2017,0.0,Not Selected,Forward,MIL,0.03414634146341464
2016-17,Dirk Nowitzki,nowitdi01,PF,38,DAL,54,54,1424,10.8,24.8,0.43700000000000006,2.9,7.6,0.37799999999999995,7.9,17.1,0.46299999999999997,3.6,4.1,0.875,0.8,12.1,12.9,3.0,1.1,1.4,1.9,4.1,28.1,103.0,106.0,2017,Dirk Nowitzki-2017,0.0,Not Selected,Forward,DAL,0.026829268292682926
2016-17,Jusuf Nurkić,nurkiju01,C,22,TOT,65,48,1391,9.6,18.9,0.507,0.0,0.0,0.0,9.6,18.8,0.508,4.2,7.4,0.5710000000000001,5.4,11.1,16.5,4.3,1.8,2.6,5.1,5.7,23.4,101.0,107.0,2017,Jusuf Nurkić-2017,0.0,Not Selected,Center,TOT,0.033333333333333326
2016-17,David Nwaba,nwabada01,SG,24,LAL,20,2,397,5.8,9.9,0.58,0.1,0.6,0.2,5.6,9.3,0.605,3.1,4.8,0.6409999999999999,2.1,5.6,7.7,1.7,1.6,0.9,1.4,4.4,14.7,121.0,114.0,2017,David Nwaba-2017,0.0,Not Selected,Guard,LAL,0.02113821138211382
2016-17,Johnny O'Bryant,obryajo01,PF,23,TOT,11,0,80,9.3,18.5,0.5,1.9,3.7,0.5,7.4,14.8,0.5,3.1,3.7,0.833,5.6,6.2,11.7,3.7,0.0,0.6,3.7,6.2,23.5,112.0,115.0,2017,Johnny O'Bryant-2017,0.0,Not Selected,Forward,TOT,0.033333333333333326
2016-17,Kyle O'Quinn,oquinky01,C,26,NYK,79,8,1229,8.7,16.8,0.521,0.1,0.7,0.11800000000000001,8.7,16.1,0.5379999999999999,2.6,3.4,0.7709999999999999,6.4,11.5,17.9,4.8,1.5,4.2,3.1,7.1,20.2,114.0,105.0,2017,Kyle O'Quinn-2017,0.0,Not Selected,Center,NYK,0.025203252032520326
2016-17,Daniel Ochefu,ochefda01,C,23,WAS,19,0,75,7.9,17.7,0.444,0.0,0.0,0.0,7.9,17.7,0.444,0.0,1.3,0.0,3.3,11.2,14.5,2.0,1.3,0.0,2.0,11.2,15.8,91.0,108.0,2017,Daniel Ochefu-2017,0.0,Not Selected,Center,WAS,0.03983739837398374
2016-17,Jahlil Okafor,okafoja01,C,21,PHI,50,33,1134,10.4,20.2,0.514,0.0,0.0,0.0,10.4,20.2,0.514,4.6,6.8,0.6709999999999999,3.5,6.8,10.3,2.5,0.9,2.1,3.9,5.2,25.3,101.0,110.0,2017,Jahlil Okafor-2017,0.0,Not Selected,Center,PHI,0.022764227642276424
2016-17,Victor Oladipo,oladivi01,SG,24,OKC,67,67,2222,9.1,20.6,0.442,2.8,7.8,0.361,6.3,12.8,0.491,2.6,3.4,0.753,0.9,5.6,6.4,3.9,1.7,0.5,2.6,3.4,23.6,106.0,109.0,2017,Victor Oladipo-2017,0.0,Not Selected,Guard,OKC,0.038211382113821135
2016-17,Kelly Olynyk,olynyke01,C,25,BOS,75,6,1538,8.4,16.4,0.512,2.2,6.2,0.354,6.2,10.2,0.608,2.9,4.0,0.732,2.4,9.3,11.6,4.8,1.4,0.9,3.1,6.7,21.9,113.0,107.0,2017,Kelly Olynyk-2017,0.0,Not Selected,Center,BOS,0.043089430894308944
2016-17,Arinze Onuaku,onuakar01,C,29,ORL,8,0,28,3.5,7.1,0.5,0.0,0.0,0.0,3.5,7.1,0.5,0.0,0.0,0.0,3.5,7.1,10.6,3.5,0.0,1.8,3.5,5.3,7.1,90.0,113.0,2017,Arinze Onuaku-2017,0.0,Not Selected,Center,ORL,0.023577235772357725
2016-17,Chinanu Onuaku,onuakch01,C,20,HOU,5,1,52,4.6,6.5,0.7140000000000001,0.0,0.0,0.0,4.6,6.5,0.7140000000000001,3.7,3.7,1.0,1.8,7.4,9.2,2.8,2.8,0.9,3.7,5.5,12.9,119.0,106.0,2017,Chinanu Onuaku-2017,0.0,Not Selected,Center,HOU,0.044715447154471545
2016-17,Kelly Oubre Jr.,oubreke01,SF,21,WAS,79,5,1605,5.7,13.6,0.42100000000000004,1.7,5.8,0.287,4.1,7.8,0.52,2.3,3.0,0.758,1.9,6.1,8.0,1.4,1.8,0.5,1.5,6.0,15.4,104.0,110.0,2017,Kelly Oubre Jr.-2017,0.0,Not Selected,Forward,WAS,0.03983739837398374
2016-17,Zaza Pachulia,pachuza01,C,32,GSW,70,70,1268,6.2,11.6,0.534,0.0,0.1,0.0,6.2,11.6,0.5379999999999999,3.7,4.8,0.778,5.3,10.2,15.6,5.0,2.2,1.3,3.3,6.3,16.2,118.0,101.0,2017,Zaza Pachulia-2017,0.0,Not Selected,Center,GSW,0.05447154471544716
2016-17,Georgios Papagiannis,papagge01,C,19,SAC,22,0,355,8.0,14.5,0.5489999999999999,0.0,0.3,0.0,8.0,14.3,0.56,1.7,2.0,0.857,3.4,8.8,12.3,2.9,0.4,2.4,3.4,6.3,17.7,104.0,111.0,2017,Georgios Papagiannis-2017,0.0,Not Selected,Center,SAC,0.026016260162601626
2016-17,Jabari Parker,parkeja01,PF,21,MIL,51,50,1728,11.7,23.9,0.49,1.9,5.2,0.365,9.8,18.7,0.525,4.8,6.4,0.743,2.3,6.9,9.2,4.2,1.5,0.6,2.7,3.3,30.1,110.0,110.0,2017,Jabari Parker-2017,0.0,Not Selected,Forward,MIL,0.03414634146341464
2016-17,Tony Parker,parketo01,PG,34,SAS,63,63,1587,8.5,18.3,0.466,0.7,2.2,0.33299999999999996,7.8,16.1,0.484,2.7,3.8,0.726,0.3,3.3,3.6,9.2,1.1,0.1,2.9,3.0,20.5,107.0,109.0,2017,Tony Parker-2017,0.0,Not Selected,Guard,SAS,0.04959349593495935
2016-17,Chandler Parsons,parsoch01,SF,28,MEM,34,34,675,5.8,17.1,0.33799999999999997,1.9,7.2,0.26899999999999996,3.9,9.9,0.38799999999999996,2.7,3.3,0.8140000000000001,0.5,6.0,6.5,4.2,1.5,0.4,1.8,4.0,16.2,93.0,109.0,2017,Chandler Parsons-2017,0.0,Not Selected,Forward,MEM,0.034959349593495934
2016-17,Lamar Patterson,pattela01,SG,25,ATL,5,0,40,3.7,18.5,0.2,1.2,7.4,0.16699999999999998,2.5,11.1,0.222,2.5,3.7,0.667,1.2,7.4,8.6,7.4,1.2,0.0,4.9,7.4,11.1,64.0,108.0,2017,Lamar Patterson-2017,0.0,Not Selected,Guard,ATL,0.034959349593495934
2016-17,Patrick Patterson,pattepa01,PF,27,TOR,65,8,1599,4.9,12.2,0.401,3.0,8.0,0.37200000000000005,1.9,4.2,0.45799999999999996,1.4,1.9,0.7170000000000001,2.0,7.3,9.3,2.4,1.3,0.7,1.2,3.8,14.1,115.0,109.0,2017,Patrick Patterson-2017,0.0,Not Selected,Forward,TOR,0.041463414634146344
2016-17,Chris Paul,paulch01,PG,31,LAC,61,61,1921,9.7,20.4,0.47600000000000003,3.2,7.9,0.41100000000000003,6.5,12.6,0.518,6.0,6.8,0.892,1.0,6.9,7.9,14.6,3.1,0.2,3.8,3.8,28.7,126.0,106.0,2017,Chris Paul-2017,0.0,Not Selected,Guard,LAC,0.041463414634146344
2016-17,Adreian Payne,paynead01,PF,25,MIN,18,0,135,8.6,20.3,0.426,1.1,5.6,0.2,7.5,14.7,0.513,5.3,7.1,0.737,3.4,9.0,12.4,2.6,3.0,2.6,3.0,12.0,23.7,103.0,105.0,2017,Adreian Payne-2017,0.0,Not Selected,Forward,MIN,0.025203252032520326
2016-17,Cameron Payne,payneca01,PG,22,TOT,31,0,462,6.9,20.7,0.332,2.9,9.2,0.314,4.0,11.5,0.34600000000000003,0.5,0.9,0.625,0.3,4.8,5.1,5.9,1.5,0.4,3.1,5.6,17.1,86.0,110.0,2017,Cameron Payne-2017,0.0,Not Selected,Guard,TOT,0.033333333333333326
2016-17,Elfrid Payton,paytoel01,PG,22,ORL,82,58,2412,8.8,18.7,0.47100000000000003,0.8,3.0,0.27399999999999997,8.0,15.7,0.509,3.0,4.3,0.6920000000000001,1.8,6.1,8.0,10.9,1.8,0.8,3.7,3.6,21.5,107.0,111.0,2017,Elfrid Payton-2017,0.0,Not Selected,Guard,ORL,0.023577235772357725
2016-17,Gary Payton II,paytoga02,PG,24,MIL,6,0,99,4.1,11.3,0.364,0.5,4.6,0.111,3.6,6.7,0.5379999999999999,1.5,2.6,0.6,0.0,6.2,6.2,6.7,1.5,2.1,5.1,4.6,10.3,74.0,109.0,2017,Gary Payton II-2017,0.0,Not Selected,Guard,MIL,0.03414634146341464
2016-17,Paul Pierce,piercpa01,SF,39,LAC,25,7,277,5.1,12.6,0.4,2.7,7.8,0.349,2.3,4.9,0.48100000000000004,1.8,2.3,0.769,0.2,8.5,8.7,1.8,0.7,0.9,2.9,7.2,14.6,92.0,109.0,2017,Paul Pierce-2017,0.0,Not Selected,Forward,LAC,0.041463414634146344
2016-17,Marshall Plumlee,plumlma02,C,24,NYK,21,1,170,4.7,8.8,0.5329999999999999,0.0,0.0,0.0,4.7,8.8,0.5329999999999999,2.4,5.6,0.42100000000000004,6.8,8.2,15.0,2.9,1.2,1.2,3.5,6.8,11.8,103.0,111.0,2017,Marshall Plumlee-2017,0.0,Not Selected,Center,NYK,0.025203252032520326
2016-17,Mason Plumlee,plumlma01,C,26,TOT,81,64,2148,7.7,14.3,0.536,0.0,0.1,0.0,7.7,14.2,0.541,4.0,6.9,0.58,3.9,10.0,13.9,6.5,1.6,2.1,3.1,5.2,19.4,114.0,108.0,2017,Mason Plumlee-2017,0.0,Not Selected,Center,TOT,0.033333333333333326
2016-17,Miles Plumlee,plumlmi01,C,28,TOT,45,12,484,4.6,9.6,0.478,0.0,0.0,0.0,4.6,9.6,0.478,2.6,4.1,0.6409999999999999,4.0,6.0,9.9,2.2,1.9,1.4,3.1,7.6,11.8,99.0,109.0,2017,Miles Plumlee-2017,0.0,Not Selected,Center,TOT,0.033333333333333326
2016-17,Jakob Poeltl,poeltja01,C,21,TOR,54,4,626,5.4,9.3,0.583,0.0,0.0,0.0,5.4,9.3,0.583,2.5,4.6,0.544,6.3,7.0,13.4,1.0,1.4,1.6,2.3,9.1,13.4,118.0,108.0,2017,Jakob Poeltl-2017,0.0,Not Selected,Center,TOR,0.041463414634146344
2016-17,Otto Porter,porteot01,SF,23,WAS,80,80,2605,7.8,15.2,0.516,2.8,6.5,0.434,5.0,8.7,0.5760000000000001,1.9,2.3,0.8320000000000001,2.2,7.5,9.7,2.3,2.2,0.8,0.8,3.7,20.3,129.0,108.0,2017,Otto Porter-2017,0.0,Not Selected,Forward,WAS,0.03983739837398374
2016-17,Bobby Portis,portibo01,PF,21,CHI,64,13,1000,9.2,18.9,0.488,1.6,4.8,0.33299999999999996,7.6,14.1,0.541,2.0,3.0,0.6609999999999999,3.8,11.1,14.9,1.8,0.8,0.6,1.9,4.7,22.0,110.0,107.0,2017,Bobby Portis-2017,0.0,Not Selected,Forward,CHI,0.03333333333333333
2016-17,Kristaps Porziņģis,porzikr01,PF,21,NYK,66,65,2164,10.2,22.8,0.45,2.6,7.3,0.35700000000000004,7.6,15.5,0.493,4.6,5.8,0.7859999999999999,2.6,8.4,11.0,2.2,1.1,3.0,2.7,5.6,27.6,108.0,109.0,2017,Kristaps Porziņģis-2017,0.0,Not Selected,Forward,NYK,0.025203252032520326
2016-17,Dwight Powell,poweldw01,C,25,DAL,77,3,1333,7.6,14.7,0.515,0.8,2.9,0.284,6.8,11.8,0.5710000000000001,4.2,5.5,0.759,3.6,8.3,11.9,1.9,2.4,1.5,1.3,5.3,20.1,120.0,105.0,2017,Dwight Powell-2017,0.0,Not Selected,Center,DAL,0.026829268292682926
2016-17,Norman Powell,powelno01,SG,23,TOR,76,18,1368,8.4,18.7,0.449,2.1,6.4,0.324,6.3,12.3,0.514,4.7,5.9,0.792,1.0,5.3,6.3,3.0,1.9,0.5,2.6,4.7,23.6,109.0,109.0,2017,Norman Powell-2017,0.0,Not Selected,Guard,TOR,0.041463414634146344
2016-17,Alex Poythress,poythal01,PF,23,PHI,6,1,157,7.8,16.8,0.46299999999999997,1.9,5.9,0.316,5.9,10.9,0.5429999999999999,2.5,3.1,0.8,3.4,5.6,9.0,1.6,0.9,0.6,0.9,4.3,19.9,115.0,112.0,2017,Alex Poythress-2017,0.0,Not Selected,Forward,PHI,0.022764227642276424
2016-17,Ronnie Price,pricero01,PG,33,PHO,14,0,134,1.4,8.6,0.16699999999999998,1.1,6.1,0.17600000000000002,0.4,2.5,0.14300000000000002,1.1,1.4,0.75,1.1,2.9,3.9,6.4,3.9,0.4,1.1,5.0,5.0,86.0,110.0,2017,Ronnie Price-2017,0.0,Not Selected,Guard,PHO,0.01951219512195122
2016-17,Tim Quarterman,quartti01,SG,22,POR,16,0,80,8.1,18.0,0.44799999999999995,3.1,8.1,0.385,5.0,9.9,0.5,0.0,1.9,0.0,2.5,6.2,8.7,6.8,1.2,1.9,6.8,3.7,19.2,88.0,111.0,2017,Tim Quarterman-2017,0.0,Not Selected,Guard,POR,0.03333333333333333
2016-17,Chasson Randle,randlch01,PG,23,TOT,26,0,299,6.6,16.3,0.408,2.7,7.8,0.34,4.0,8.5,0.47100000000000003,6.8,7.1,0.953,1.0,4.3,5.3,5.6,1.5,0.3,3.2,6.5,22.8,115.0,113.0,2017,Chasson Randle-2017,0.0,Not Selected,Guard,TOT,0.033333333333333326
2016-17,Julius Randle,randlju01,PF,22,LAL,74,73,2132,8.6,17.7,0.488,0.4,1.4,0.27,8.2,16.2,0.507,4.7,6.4,0.723,3.4,11.1,14.5,6.0,1.1,0.8,4.0,5.7,22.3,107.0,112.0,2017,Julius Randle-2017,0.0,Not Selected,Forward,LAL,0.02113821138211382
2016-17,Zach Randolph,randoza01,PF,35,MEM,73,5,1786,12.6,28.1,0.449,0.6,2.7,0.223,12.0,25.3,0.474,4.1,5.6,0.731,5.3,12.1,17.4,3.6,1.1,0.3,2.9,4.0,29.9,103.0,106.0,2017,Zach Randolph-2017,0.0,Not Selected,Forward,MEM,0.034959349593495934
2016-17,J.J. Redick,redicjj01,SG,32,LAC,78,78,2198,9.0,20.2,0.445,4.6,10.6,0.429,4.4,9.6,0.462,4.1,4.6,0.8909999999999999,0.3,3.6,3.9,2.5,1.2,0.3,2.2,2.8,26.7,113.0,112.0,2017,J.J. Redick-2017,0.0,Not Selected,Guard,LAC,0.041463414634146344
2016-17,Willie Reed,reedwi02,C,26,MIA,71,5,1031,7.9,13.9,0.568,0.0,0.2,0.25,7.9,13.7,0.573,2.4,4.3,0.557,6.3,9.9,16.2,1.3,0.9,2.3,1.5,6.7,18.3,122.0,105.0,2017,Willie Reed-2017,0.0,Not Selected,Center,MIA,0.03333333333333333
2016-17,Josh Richardson,richajo01,SG,23,MIA,53,34,1614,6.3,16.0,0.39399999999999996,2.3,7.1,0.33,4.0,8.9,0.444,1.9,2.4,0.779,1.1,4.2,5.2,4.4,1.9,1.2,2.0,4.1,16.8,102.0,108.0,2017,Josh Richardson-2017,0.0,Not Selected,Guard,MIA,0.03333333333333333
2016-17,Malachi Richardson,richama01,SG,21,SAC,22,0,198,7.2,17.4,0.41200000000000003,2.0,7.2,0.28600000000000003,5.1,10.2,0.5,3.8,4.9,0.789,0.8,5.1,5.9,2.8,1.3,0.3,2.0,5.9,20.2,102.0,114.0,2017,Malachi Richardson-2017,0.0,Not Selected,Guard,SAC,0.026016260162601626
2016-17,Austin Rivers,riverau01,SG,24,LAC,74,29,2054,7.9,17.8,0.442,2.7,7.3,0.371,5.2,10.5,0.491,3.2,4.6,0.691,0.5,3.4,3.9,5.0,1.2,0.2,2.8,4.5,21.6,105.0,112.0,2017,Austin Rivers-2017,0.0,Not Selected,Guard,LAC,0.041463414634146344
2016-17,Andre Roberson,roberan03,SF,25,OKC,79,79,2376,4.4,9.6,0.46399999999999997,0.9,3.8,0.245,3.5,5.8,0.609,1.0,2.3,0.423,2.0,6.3,8.3,1.6,1.9,1.6,1.1,4.2,10.8,108.0,106.0,2017,Andre Roberson-2017,0.0,Not Selected,Forward,OKC,0.038211382113821135
2016-17,Brian Roberts,roberbr01,PG,31,CHO,41,2,416,5.5,14.7,0.377,2.0,5.3,0.386,3.5,9.4,0.37200000000000005,4.0,4.7,0.846,0.6,4.1,4.7,6.3,1.1,0.1,3.1,2.2,17.1,100.0,112.0,2017,Brian Roberts-2017,0.0,Not Selected,Guard,CHO,0.02926829268292683
2016-17,Glenn Robinson III,robingl02,SF,23,IND,69,27,1427,5.5,11.9,0.467,1.7,4.4,0.392,3.8,7.5,0.512,1.9,2.7,0.711,2.0,6.6,8.6,1.6,1.4,0.7,1.3,2.2,14.7,112.0,110.0,2017,Glenn Robinson III-2017,0.0,Not Selected,Forward,IND,0.03414634146341464
2016-17,Thomas Robinson,robinth01,PF,25,LAL,48,1,560,9.1,17.1,0.536,0.0,0.1,0.0,9.1,17.0,0.5379999999999999,2.7,5.7,0.47,7.3,12.1,19.4,2.7,2.3,0.8,4.0,6.6,21.0,105.0,109.0,2017,Thomas Robinson-2017,0.0,Not Selected,Forward,LAL,0.02113821138211382
2016-17,Sergio Rodríguez,rodrise01,PG,30,PHI,68,30,1518,6.7,17.2,0.392,3.0,8.1,0.365,3.8,9.1,0.415,0.6,0.9,0.667,0.7,4.4,5.0,11.0,1.6,0.1,4.1,3.0,17.0,99.0,112.0,2017,Sergio Rodríguez-2017,0.0,Not Selected,Guard,PHI,0.022764227642276424
2016-17,Rajon Rondo,rondora01,PG,30,CHI,69,42,1843,6.3,15.3,0.408,1.4,3.6,0.376,4.9,11.7,0.418,0.8,1.4,0.6,2.0,7.7,9.7,12.6,2.7,0.3,4.6,3.9,14.7,98.0,105.0,2017,Rajon Rondo-2017,0.0,Not Selected,Guard,CHI,0.03333333333333333
2016-17,Derrick Rose,rosede01,PG,28,NYK,64,64,2082,11.0,23.5,0.47100000000000003,0.3,1.4,0.217,10.7,22.0,0.48700000000000004,5.3,6.1,0.8740000000000001,1.6,4.3,5.9,6.8,1.1,0.4,3.5,2.0,27.7,108.0,115.0,2017,Derrick Rose-2017,0.0,Not Selected,Guard,NYK,0.025203252032520326
2016-17,Terrence Ross,rosste01,SF,25,TOT,78,24,1955,8.4,19.2,0.43700000000000006,3.6,10.1,0.363,4.7,9.1,0.518,1.6,2.0,0.831,0.5,4.8,5.3,2.3,2.2,0.8,1.7,3.7,22.1,107.0,109.0,2017,Terrence Ross-2017,0.0,Not Selected,Forward,TOT,0.033333333333333326
2016-17,Terry Rozier,roziete01,PG,22,BOS,74,0,1263,5.9,16.1,0.36700000000000005,2.2,7.0,0.318,3.7,9.1,0.405,2.0,2.6,0.773,1.6,7.3,8.9,5.1,1.8,0.4,1.8,2.7,16.1,100.0,108.0,2017,Terry Rozier-2017,0.0,Not Selected,Guard,BOS,0.043089430894308944
2016-17,Ricky Rubio,rubiori01,PG,26,MIN,75,75,2469,5.4,13.4,0.402,1.2,4.0,0.306,4.1,9.3,0.44299999999999995,5.2,5.9,0.8909999999999999,1.4,4.9,6.3,14.0,2.6,0.2,4.0,4.1,17.2,115.0,112.0,2017,Ricky Rubio-2017,0.0,Not Selected,Guard,MIN,0.025203252032520326
2016-17,Damjan Rudež,rudezda01,SF,30,ORL,45,0,314,4.9,13.9,0.35200000000000004,3.2,10.1,0.313,1.7,3.8,0.45799999999999996,0.0,0.0,0.0,0.8,3.2,3.9,3.2,1.9,0.2,1.4,4.9,12.9,95.0,113.0,2017,Damjan Rudež-2017,0.0,Not Selected,Forward,ORL,0.023577235772357725
2016-17,Brandon Rush,rushbr01,SG,31,MIN,47,33,1030,3.4,9.2,0.374,2.2,5.6,0.386,1.3,3.6,0.35600000000000004,0.6,0.9,0.722,0.8,4.1,4.9,2.2,1.1,1.1,1.4,2.1,9.7,101.0,115.0,2017,Brandon Rush-2017,0.0,Not Selected,Guard,MIN,0.025203252032520326
2016-17,D'Angelo Russell,russeda01,PG,20,LAL,63,60,1811,9.4,23.3,0.405,3.6,10.3,0.35200000000000004,5.8,13.0,0.447,4.0,5.1,0.782,0.8,5.1,5.9,8.2,2.3,0.4,4.7,3.5,26.5,101.0,113.0,2017,D'Angelo Russell-2017,0.0,Not Selected,Guard,LAL,0.02113821138211382
2016-17,Domantas Sabonis,sabondo01,PF,20,OKC,81,66,1632,5.8,14.5,0.39899999999999997,1.5,4.8,0.321,4.2,9.7,0.43799999999999994,1.3,2.0,0.657,1.4,7.3,8.7,2.5,1.2,1.0,2.5,6.0,14.4,93.0,108.0,2017,Domantas Sabonis-2017,0.0,Not Selected,Forward,OKC,0.038211382113821135
2016-17,Larry Sanders,sandela01,C,28,CLE,5,0,13,3.8,15.4,0.25,0.0,0.0,0.0,3.8,15.4,0.25,7.7,7.7,1.0,11.5,3.8,15.4,0.0,3.8,3.8,7.7,19.2,15.4,85.0,103.0,2017,Larry Sanders-2017,0.0,Not Selected,Center,CLE,0.041463414634146344
2016-17,Dario Šarić,saricda01,PF,22,PHI,81,36,2129,8.7,21.2,0.41100000000000003,2.4,7.8,0.311,6.3,13.4,0.469,3.9,5.0,0.782,2.6,9.2,11.7,4.2,1.3,0.7,4.2,3.7,23.8,96.0,109.0,2017,Dario Šarić-2017,0.0,Not Selected,Forward,PHI,0.022764227642276424
2016-17,Tomáš Satoranský,satorto01,SG,25,WAS,57,3,719,4.2,10.1,0.415,0.6,2.5,0.243,3.6,7.5,0.473,1.6,2.3,0.6970000000000001,1.7,4.0,5.7,6.3,1.8,0.4,2.6,4.1,10.6,101.0,111.0,2017,Tomáš Satoranský-2017,0.0,Not Selected,Guard,WAS,0.03983739837398374
2016-17,Dennis Schröder,schrode01,PG,23,ATL,79,78,2485,10.9,24.1,0.451,2.0,5.8,0.34,8.9,18.2,0.48700000000000004,4.3,5.1,0.855,0.8,4.1,4.9,9.9,1.5,0.3,5.1,3.0,28.0,103.0,109.0,2017,Dennis Schröder-2017,0.0,Not Selected,Guard,ATL,0.034959349593495934
2016-17,Luis Scola,scolalu01,PF,36,BRK,36,1,461,7.3,15.5,0.47,1.7,5.1,0.34,5.6,10.4,0.535,2.6,3.8,0.6759999999999999,5.2,9.0,14.3,3.8,1.4,0.4,3.5,6.5,18.9,107.0,110.0,2017,Luis Scola-2017,0.0,Not Selected,Forward,BRK,0.016260162601626018
2016-17,Mike Scott,scottmi01,PF,28,ATL,18,0,195,4.3,14.9,0.28800000000000003,1.0,6.8,0.14800000000000002,3.3,8.1,0.406,1.8,2.0,0.875,2.5,6.8,9.4,4.3,1.0,0.8,2.0,3.0,11.4,85.0,108.0,2017,Mike Scott-2017,0.0,Not Selected,Forward,ATL,0.034959349593495934
2016-17,Thabo Sefolosha,sefolth01,SF,32,ATL,62,42,1596,5.4,12.2,0.441,1.3,3.7,0.342,4.1,8.5,0.484,1.7,2.3,0.733,1.7,6.7,8.3,3.3,3.0,1.0,1.8,3.0,13.7,105.0,103.0,2017,Thabo Sefolosha-2017,0.0,Not Selected,Forward,ATL,0.034959349593495934
2016-17,Wayne Selden,seldewa01,SG,22,TOT,14,5,236,5.4,12.6,0.431,1.5,6.1,0.25,3.9,6.5,0.6,3.0,4.8,0.636,0.2,3.3,3.5,2.8,1.3,0.2,2.6,3.9,15.5,96.0,111.0,2017,Wayne Selden-2017,0.0,Not Selected,Guard,TOT,0.033333333333333326
2016-17,Kevin Séraphin,serapke01,PF,27,IND,49,3,559,9.8,17.7,0.551,0.0,0.2,0.0,9.8,17.5,0.556,1.3,2.0,0.636,3.7,9.0,12.7,2.1,0.6,1.8,2.6,5.9,20.8,106.0,109.0,2017,Kevin Séraphin-2017,0.0,Not Selected,Forward,IND,0.03414634146341464
2016-17,Ramon Sessions,sessira01,PG,30,CHO,50,1,811,6.2,16.3,0.38,1.3,3.8,0.33899999999999997,4.9,12.4,0.39299999999999996,5.6,7.3,0.7709999999999999,0.7,3.8,4.5,8.0,1.7,0.2,2.8,2.7,19.3,103.0,111.0,2017,Ramon Sessions-2017,0.0,Not Selected,Guard,CHO,0.02926829268292683
2016-17,Iman Shumpert,shumpim01,SG,26,CLE,76,31,1937,5.2,12.6,0.41100000000000003,2.4,6.7,0.36,2.8,5.9,0.469,1.8,2.3,0.789,1.0,4.6,5.6,2.8,1.6,0.7,2.0,3.9,14.6,104.0,112.0,2017,Iman Shumpert-2017,0.0,Not Selected,Guard,CLE,0.041463414634146344
2016-17,Pascal Siakam,siakapa01,PF,22,TOR,55,38,859,6.1,12.1,0.502,0.1,0.4,0.14300000000000002,6.0,11.7,0.515,1.3,1.9,0.688,3.8,7.1,10.9,1.0,1.5,2.7,1.9,6.4,13.5,106.0,106.0,2017,Pascal Siakam-2017,0.0,Not Selected,Forward,TOR,0.041463414634146344
2016-17,Jonathon Simmons,simmojo02,SG,27,SAS,78,8,1392,6.5,15.4,0.42,1.1,3.7,0.294,5.4,11.7,0.461,3.6,4.8,0.75,0.7,5.1,5.9,4.6,1.7,0.9,2.8,5.3,17.7,100.0,105.0,2017,Jonathon Simmons-2017,0.0,Not Selected,Guard,SAS,0.04959349593495935
2016-17,Kyle Singler,singlky01,SF,28,OKC,32,2,385,4.3,10.6,0.41,0.9,4.7,0.18899999999999997,3.4,5.9,0.5870000000000001,1.7,2.2,0.765,1.0,5.1,6.1,1.1,0.9,0.6,1.4,3.7,11.2,99.0,111.0,2017,Kyle Singler-2017,0.0,Not Selected,Forward,OKC,0.038211382113821135
2016-17,Marcus Smart,smartma01,SG,22,BOS,79,24,2399,5.6,15.5,0.359,1.9,6.9,0.28300000000000003,3.6,8.6,0.42,4.2,5.2,0.812,1.6,4.7,6.3,7.5,2.6,0.7,3.3,4.0,17.3,102.0,108.0,2017,Marcus Smart-2017,0.0,Not Selected,Guard,BOS,0.043089430894308944
2016-17,Ish Smith,smithis01,PG,28,DET,81,32,1955,8.5,19.4,0.439,0.7,2.7,0.267,7.8,16.6,0.467,1.9,2.6,0.706,0.5,5.5,6.1,10.8,1.6,0.9,2.9,3.3,19.6,103.0,108.0,2017,Ish Smith-2017,0.0,Not Selected,Guard,DET,0.03008130081300813
2016-17,J.R. Smith,smithjr01,SG,31,CLE,41,35,1187,5.2,15.0,0.34600000000000003,4.0,11.4,0.35100000000000003,1.2,3.6,0.32899999999999996,0.4,0.6,0.667,0.7,4.0,4.8,2.6,1.7,0.5,1.1,3.2,14.8,101.0,112.0,2017,J.R. Smith-2017,0.0,Not Selected,Guard,CLE,0.041463414634146344
2016-17,Jason Smith,smithja02,C,30,WAS,74,3,1068,8.0,15.2,0.529,1.7,3.6,0.474,6.3,11.6,0.546,1.6,2.4,0.6859999999999999,3.0,9.0,11.9,1.7,1.0,2.5,2.7,7.8,19.4,110.0,108.0,2017,Jason Smith-2017,0.0,Not Selected,Center,WAS,0.03983739837398374
2016-17,Tony Snell,snellto01,SG,25,MIL,80,80,2336,5.3,11.8,0.455,3.1,7.7,0.406,2.2,4.0,0.5479999999999999,1.0,1.3,0.81,0.5,4.9,5.4,2.1,1.2,0.3,1.2,2.7,14.8,114.0,113.0,2017,Tony Snell-2017,0.0,Not Selected,Guard,MIL,0.03414634146341464
2016-17,Marreese Speights,speigma01,C,29,LAC,82,2,1286,9.5,21.3,0.445,4.0,10.8,0.37200000000000005,5.5,10.5,0.52,4.7,5.3,0.8759999999999999,3.4,11.1,14.5,2.5,0.9,1.6,2.7,8.9,27.6,114.0,106.0,2017,Marreese Speights-2017,0.0,Not Selected,Center,LAC,0.041463414634146344
2016-17,Tiago Splitter,splitti01,C,32,PHI,8,0,76,9.0,19.9,0.452,1.3,3.8,0.33299999999999996,7.7,16.0,0.48,5.8,7.1,0.818,5.1,9.0,14.1,2.6,0.6,0.6,3.8,5.1,25.0,105.0,110.0,2017,Tiago Splitter-2017,0.0,Not Selected,Center,PHI,0.022764227642276424
2016-17,Nik Stauskas,stausni01,SG,23,PHI,80,27,2188,5.6,14.1,0.396,2.9,8.0,0.368,2.6,6.1,0.433,2.7,3.3,0.813,0.5,4.6,5.0,4.2,1.0,0.7,2.9,3.2,16.8,100.0,112.0,2017,Nik Stauskas-2017,0.0,Not Selected,Guard,PHI,0.022764227642276424
2016-17,Lance Stephenson,stephla01,SG,26,TOT,18,0,361,7.4,16.5,0.45,0.8,2.8,0.3,6.6,13.8,0.48,1.1,1.8,0.615,0.6,6.6,7.2,8.1,0.7,0.4,3.6,4.4,16.8,96.0,112.0,2017,Lance Stephenson-2017,0.0,Not Selected,Guard,TOT,0.033333333333333326
2016-17,Jarnell Stokes,stokeja01,C,23,DEN,2,0,7,7.0,7.0,1.0,0.0,0.0,0.0,7.0,7.0,1.0,7.0,14.0,0.5,7.0,7.0,14.0,14.0,7.0,0.0,0.0,20.9,20.9,183.0,101.0,2017,Jarnell Stokes-2017,0.0,Not Selected,Center,DEN,0.032520325203252036
2016-17,Diamond Stone,stonedi01,C,19,LAC,7,0,24,6.2,27.1,0.231,0.0,0.0,0.0,6.2,27.1,0.231,8.3,8.3,1.0,2.1,10.4,12.5,0.0,0.0,2.1,4.2,10.4,20.8,69.0,108.0,2017,Diamond Stone-2017,0.0,Not Selected,Center,LAC,0.041463414634146344
2016-17,Rodney Stuckey,stuckro01,PG,30,IND,39,0,696,6.5,17.5,0.373,1.4,4.3,0.317,5.2,13.2,0.391,5.8,7.7,0.748,0.4,5.6,6.0,6.0,1.2,0.0,3.8,3.2,20.2,94.0,112.0,2017,Rodney Stuckey-2017,0.0,Not Selected,Guard,IND,0.03414634146341464
2016-17,Jared Sullinger,sullija01,PF,24,TOR,11,1,118,6.4,20.2,0.319,1.3,7.7,0.16699999999999998,5.2,12.5,0.414,1.7,3.4,0.5,4.3,7.3,11.6,1.3,1.7,0.4,1.7,7.3,15.9,86.0,108.0,2017,Jared Sullinger-2017,0.0,Not Selected,Forward,TOR,0.041463414634146344
2016-17,Edy Tavares,tavarwa01,C,24,TOT,2,0,28,7.1,8.9,0.8,0.0,0.0,0.0,7.1,8.9,0.8,0.0,5.3,0.0,7.1,12.5,19.6,1.8,0.0,10.7,3.6,5.3,14.2,109.0,98.0,2017,Edy Tavares-2017,0.0,Not Selected,Center,TOT,0.033333333333333326
2016-17,Isaiah Taylor,taylois01,PG,22,HOU,4,0,52,0.9,6.5,0.14300000000000002,0.0,1.8,0.0,0.9,4.6,0.2,0.9,1.8,0.5,0.9,1.8,2.8,2.8,0.9,0.9,0.0,5.5,2.8,73.0,114.0,2017,Isaiah Taylor-2017,0.0,Not Selected,Guard,HOU,0.044715447154471545
2016-17,Jeff Teague,teaguje01,PG,28,IND,82,82,2657,7.6,17.1,0.442,1.7,4.7,0.35700000000000004,5.9,12.4,0.475,6.8,7.8,0.867,0.6,5.6,6.2,12.0,1.9,0.6,4.1,3.1,23.6,115.0,110.0,2017,Jeff Teague-2017,0.0,Not Selected,Guard,IND,0.03414634146341464
2016-17,Mirza Teletović,teletmi01,PF,31,MIL,70,2,1133,7.0,18.7,0.373,4.7,13.7,0.341,2.3,5.1,0.46,1.6,2.0,0.778,0.5,6.8,7.3,2.2,0.5,0.6,1.7,4.9,20.2,99.0,113.0,2017,Mirza Teletović-2017,0.0,Not Selected,Forward,MIL,0.03414634146341464
2016-17,Garrett Temple,templga01,SG,30,SAC,65,21,1728,5.4,12.6,0.424,2.4,6.4,0.373,3.0,6.2,0.47600000000000003,1.7,2.2,0.784,0.9,4.5,5.4,4.9,2.5,0.8,2.3,4.1,14.8,106.0,111.0,2017,Garrett Temple-2017,0.0,Not Selected,Guard,SAC,0.026016260162601626
2016-17,Jason Terry,terryja01,SG,39,MIL,74,0,1365,3.9,9.0,0.43200000000000005,2.7,6.4,0.42700000000000005,1.2,2.7,0.444,0.9,1.1,0.828,0.6,3.4,3.9,3.6,1.7,0.7,1.3,3.5,11.4,116.0,112.0,2017,Jason Terry-2017,0.0,Not Selected,Guard,MIL,0.03414634146341464
2016-17,Isaiah Thomas,thomais02,PG,27,BOS,76,76,2569,13.2,28.4,0.46299999999999997,4.7,12.5,0.379,8.4,16.0,0.528,11.4,12.5,0.909,0.8,3.1,4.0,8.6,1.4,0.3,4.1,3.2,42.4,122.0,112.0,2017,Isaiah Thomas-2017,2.0,2nd,Guard,BOS,0.043089430894308944
2016-17,Lance Thomas,thomala01,PF,28,NYK,46,15,968,5.0,12.6,0.39799999999999996,2.0,4.4,0.447,3.0,8.2,0.371,2.2,2.6,0.843,1.7,5.7,7.3,1.8,1.1,0.3,1.3,4.4,14.2,108.0,114.0,2017,Lance Thomas-2017,0.0,Not Selected,Forward,NYK,0.025203252032520326
2016-17,Hollis Thompson,thompho01,SG,25,TOT,40,9,752,5.0,13.0,0.385,2.1,6.2,0.337,2.9,6.8,0.429,1.2,1.9,0.655,1.2,6.0,7.3,2.3,1.3,0.4,0.7,4.5,13.3,102.0,111.0,2017,Hollis Thompson-2017,0.0,Not Selected,Guard,TOT,0.033333333333333326
2016-17,Klay Thompson,thompkl01,SG,26,GSW,78,78,2649,11.7,25.0,0.46799999999999997,4.9,11.8,0.414,6.8,13.2,0.516,3.4,4.0,0.853,0.9,4.3,5.2,2.9,1.2,0.7,2.3,2.5,31.6,111.0,108.0,2017,Klay Thompson-2017,0.0,Not Selected,Guard,GSW,0.05447154471544716
2016-17,Tristan Thompson,thomptr01,C,25,CLE,78,78,2336,5.6,9.3,0.6,0.0,0.1,0.0,5.6,9.3,0.604,2.3,4.6,0.498,6.1,9.2,15.3,1.6,0.8,1.8,1.4,3.8,13.5,128.0,109.0,2017,Tristan Thompson-2017,0.0,Not Selected,Center,CLE,0.041463414634146344
2016-17,Marcus Thornton,thornma01,SG,29,WAS,33,1,575,7.2,18.0,0.4,2.4,6.9,0.35,4.8,11.1,0.431,2.0,2.3,0.852,1.9,4.6,6.5,3.5,1.6,0.3,2.1,4.1,18.8,102.0,112.0,2017,Marcus Thornton-2017,0.0,Not Selected,Guard,WAS,0.03983739837398374
2016-17,Mike Tobey,tobeymi01,C,22,CHO,2,0,25,2.0,8.0,0.25,0.0,0.0,0.0,2.0,8.0,0.25,0.0,0.0,0.0,4.0,2.0,6.0,2.0,0.0,0.0,2.0,4.0,4.0,73.0,116.0,2017,Mike Tobey-2017,0.0,Not Selected,Center,CHO,0.02926829268292683
2016-17,Anthony Tolliver,tollian01,PF,31,SAC,65,9,1477,5.3,12.0,0.442,3.1,7.9,0.391,2.2,4.1,0.537,2.1,2.8,0.7440000000000001,1.7,6.4,8.1,2.6,1.2,0.7,1.9,3.7,15.8,113.0,113.0,2017,Anthony Tolliver-2017,0.0,Not Selected,Forward,SAC,0.026016260162601626
2016-17,Axel Toupane,toupaax01,SF,24,TOT,4,0,47,5.2,9.4,0.556,1.0,4.2,0.25,4.2,5.2,0.8,0.0,0.0,0.0,0.0,1.0,1.0,0.0,1.0,1.0,0.0,6.3,11.5,117.0,113.0,2017,Axel Toupane-2017,0.0,Not Selected,Forward,TOT,0.033333333333333326
2016-17,Karl-Anthony Towns,townska01,C,21,MIN,82,82,3030,13.4,24.8,0.542,1.7,4.6,0.36700000000000005,11.7,20.2,0.5820000000000001,6.0,7.2,0.8320000000000001,5.0,11.9,16.9,3.7,0.9,1.7,3.5,4.0,34.5,121.0,110.0,2017,Karl-Anthony Towns-2017,0.0,Not Selected,Center,MIN,0.025203252032520326
2016-17,P.J. Tucker,tuckepj01,SF,31,TOT,81,21,2236,4.3,10.5,0.413,1.5,4.3,0.35700000000000004,2.8,6.2,0.451,1.6,2.0,0.774,2.5,7.7,10.2,2.2,2.5,0.4,1.4,4.3,11.7,109.0,109.0,2017,P.J. Tucker-2017,0.0,Not Selected,Forward,TOT,0.033333333333333326
2016-17,Evan Turner,turneev01,SF,28,POR,65,12,1658,7.0,16.5,0.426,0.9,3.5,0.263,6.1,13.0,0.47,2.5,3.1,0.825,1.1,6.3,7.4,6.1,1.6,0.7,3.0,3.6,17.5,100.0,111.0,2017,Evan Turner-2017,0.0,Not Selected,Forward,POR,0.03333333333333333
2016-17,Myles Turner,turnemy01,C,20,IND,81,81,2541,8.7,17.1,0.511,0.8,2.3,0.348,8.0,14.9,0.536,4.8,6.0,0.809,2.7,8.9,11.6,2.1,1.5,3.4,2.1,5.2,23.1,115.0,105.0,2017,Myles Turner-2017,0.0,Not Selected,Center,IND,0.03414634146341464
2016-17,Beno Udrih,udrihbe01,PG,34,DET,39,0,560,8.3,17.8,0.467,1.0,2.9,0.344,7.3,14.9,0.491,2.9,3.1,0.941,0.5,4.6,5.1,11.8,1.2,0.0,3.2,2.6,20.5,112.0,110.0,2017,Beno Udrih-2017,0.0,Not Selected,Guard,DET,0.03008130081300813
2016-17,Tyler Ulis,ulisty01,PG,21,PHO,61,15,1123,7.8,18.6,0.42100000000000004,0.9,3.4,0.266,6.9,15.3,0.455,2.3,3.0,0.775,0.9,3.2,4.0,9.6,2.0,0.2,3.3,3.1,18.9,102.0,114.0,2017,Tyler Ulis-2017,0.0,Not Selected,Guard,PHO,0.01951219512195122
2016-17,Jarrod Uthoff,uthofja01,PF,23,DAL,9,0,115,7.2,17.2,0.42100000000000004,1.4,4.1,0.33299999999999996,5.9,13.1,0.44799999999999995,2.3,3.2,0.7140000000000001,3.6,6.3,10.0,4.1,0.9,1.8,1.4,3.6,18.1,107.0,109.0,2017,Jarrod Uthoff-2017,0.0,Not Selected,Forward,DAL,0.026829268292682926
2016-17,Jonas Valančiūnas,valanjo01,C,24,TOR,80,80,2066,9.6,17.2,0.557,0.0,0.0,0.5,9.6,17.2,0.557,4.3,5.3,0.8109999999999999,5.5,13.1,18.6,1.4,0.9,1.5,2.6,5.3,23.5,120.0,105.0,2017,Jonas Valančiūnas-2017,0.0,Not Selected,Center,TOR,0.041463414634146344
2016-17,Denzel Valentine,valende01,SG,23,CHI,57,0,976,5.3,14.9,0.354,3.8,10.7,0.35100000000000003,1.5,4.1,0.363,0.7,0.9,0.778,0.6,7.2,7.8,3.3,1.5,0.4,2.5,4.4,15.0,95.0,108.0,2017,Denzel Valentine-2017,0.0,Not Selected,Guard,CHI,0.03333333333333333
2016-17,Fred VanVleet,vanvlfr01,PG,22,TOR,37,0,294,6.7,19.1,0.35100000000000003,1.9,5.0,0.379,4.8,14.1,0.341,3.1,3.8,0.818,0.7,6.6,7.2,6.0,2.8,0.5,2.6,6.2,18.4,96.0,106.0,2017,Fred VanVleet-2017,0.0,Not Selected,Guard,TOR,0.041463414634146344
2016-17,Anderson Varejão,varejan01,C,34,GSW,14,1,92,2.6,7.3,0.35700000000000004,0.0,0.0,0.0,2.6,7.3,0.35700000000000004,4.2,5.8,0.727,6.3,7.8,14.1,5.2,1.6,1.6,4.2,8.4,9.4,104.0,104.0,2017,Anderson Varejão-2017,0.0,Not Selected,Center,GSW,0.05447154471544716
2016-17,Greivis Vásquez,vasqugr01,PG,30,BRK,3,0,39,2.4,9.7,0.25,1.2,3.6,0.33299999999999996,1.2,6.1,0.2,2.4,3.6,0.667,0.0,2.4,2.4,6.1,1.2,1.2,1.2,7.3,8.5,91.0,113.0,2017,Greivis Vásquez-2017,0.0,Not Selected,Guard,BRK,0.016260162601626018
2016-17,Rashad Vaughn,vaughra01,SG,20,MIL,41,2,458,6.3,17.3,0.365,2.9,9.0,0.321,3.4,8.3,0.413,0.2,0.6,0.4,0.4,5.0,5.4,2.6,2.1,1.1,1.6,3.5,15.7,89.0,110.0,2017,Rashad Vaughn-2017,0.0,Not Selected,Guard,MIL,0.03414634146341464
2016-17,Noah Vonleh,vonleno01,PF,21,POR,74,41,1265,5.1,10.6,0.48100000000000004,0.3,0.8,0.35,4.8,9.8,0.49200000000000005,2.4,3.7,0.638,5.1,10.0,15.2,1.2,1.2,1.1,2.5,6.0,12.8,106.0,110.0,2017,Noah Vonleh-2017,0.0,Not Selected,Forward,POR,0.03333333333333333
2016-17,Nikola Vučević,vucevni01,C,26,ORL,75,55,2163,11.1,23.6,0.46799999999999997,0.5,1.7,0.307,10.5,21.9,0.48100000000000004,2.5,3.7,0.669,4.0,13.8,17.9,4.8,1.7,1.7,2.7,4.1,25.1,103.0,105.0,2017,Nikola Vučević-2017,0.0,Not Selected,Center,ORL,0.023577235772357725
2016-17,Sasha Vujačić,vujacsa01,SG,32,NYK,42,4,408,5.1,16.7,0.309,2.8,9.1,0.311,2.3,7.6,0.306,2.1,2.9,0.708,1.5,5.8,7.2,6.4,1.6,0.2,2.0,4.7,15.2,98.0,113.0,2017,Sasha Vujačić-2017,0.0,Not Selected,Guard,NYK,0.025203252032520326
2016-17,Dwyane Wade,wadedw01,SG,35,CHI,60,59,1792,11.6,26.8,0.434,1.3,4.1,0.31,10.4,22.8,0.456,6.3,7.9,0.794,1.8,5.8,7.6,6.4,2.4,1.2,3.9,3.1,30.8,103.0,106.0,2017,Dwyane Wade-2017,0.0,Not Selected,Guard,CHI,0.03333333333333333
2016-17,Dion Waiters,waitedi01,SG,25,MIA,46,43,1384,10.2,24.1,0.424,3.1,7.8,0.395,7.1,16.3,0.43799999999999994,3.0,4.6,0.6459999999999999,0.7,4.9,5.6,7.3,1.5,0.7,3.8,3.5,26.6,101.0,109.0,2017,Dion Waiters-2017,0.0,Not Selected,Guard,MIA,0.03333333333333333
2016-17,Kemba Walker,walkeke02,PG,26,CHO,79,79,2739,11.8,26.5,0.444,4.4,11.0,0.39899999999999997,7.4,15.5,0.47600000000000003,5.6,6.6,0.847,0.8,4.8,5.6,7.9,1.6,0.4,3.1,2.2,33.5,113.0,111.0,2017,Kemba Walker-2017,0.0,Not Selected,Guard,CHO,0.02926829268292683
2016-17,John Wall,walljo01,PG,26,WAS,78,78,2836,11.2,24.9,0.451,1.5,4.7,0.327,9.7,20.2,0.48,7.3,9.2,0.8009999999999999,1.0,4.6,5.7,14.4,2.7,0.9,5.6,2.6,31.4,111.0,108.0,2017,John Wall-2017,3.0,3rd,Guard,WAS,0.03983739837398374
2016-17,Taurean Prince,princta02,SF,22,ATL,59,10,981,5.7,14.3,0.4,1.7,5.1,0.324,4.1,9.2,0.44299999999999995,3.7,4.7,0.787,1.3,6.6,7.9,2.8,2.2,1.4,3.1,4.8,16.8,96.0,105.0,2017,Taurean Prince-2017,0.0,Not Selected,Forward,ATL,0.034959349593495934
2016-17,T.J. Warren,warretj01,SF,23,PHO,66,59,2048,9.4,19.0,0.495,0.6,2.3,0.265,8.8,16.7,0.527,2.8,3.6,0.773,2.9,5.0,7.9,1.8,1.8,0.9,1.3,4.1,22.2,113.0,113.0,2017,T.J. Warren-2017,0.0,Not Selected,Forward,PHO,0.01951219512195122
2016-17,C.J. Watson,watsocj01,PG,32,ORL,62,9,1012,4.7,12.1,0.387,1.6,5.1,0.305,3.1,7.0,0.44799999999999995,2.8,3.2,0.8640000000000001,0.8,3.6,4.4,5.6,2.1,0.1,2.3,4.1,13.8,103.0,112.0,2017,C.J. Watson-2017,0.0,Not Selected,Guard,ORL,0.023577235772357725
2016-17,Briante Weber,weberbr01,PG,24,TOT,20,0,205,6.1,14.5,0.41700000000000004,0.2,2.4,0.1,5.8,12.1,0.48,2.7,3.9,0.688,1.9,4.4,6.3,5.1,2.9,0.2,1.9,3.9,15.0,100.0,107.0,2017,Briante Weber-2017,0.0,Not Selected,Guard,TOT,0.033333333333333326
2016-17,David West,westda01,C,36,GSW,68,0,854,7.6,14.2,0.536,0.2,0.5,0.375,7.4,13.7,0.541,2.4,3.2,0.768,2.6,8.8,11.4,8.5,2.4,2.7,4.4,5.9,17.8,109.0,100.0,2017,David West-2017,0.0,Not Selected,Center,GSW,0.05447154471544716
2016-17,Russell Westbrook,westbru01,PG,28,OKC,81,81,2802,14.4,34.0,0.425,3.5,10.2,0.34299999999999997,10.9,23.8,0.45899999999999996,12.4,14.7,0.845,2.4,12.7,15.1,14.7,2.3,0.5,7.7,3.3,44.8,112.0,104.0,2017,Russell Westbrook-2017,1.0,1st,Guard,OKC,0.038211382113821135
2016-17,Okaro White,whiteok01,PF,24,MIA,35,0,471,3.5,9.3,0.379,1.3,3.6,0.353,2.2,5.7,0.396,2.1,2.4,0.909,2.7,6.1,8.8,2.2,1.1,1.1,1.9,5.6,10.5,104.0,108.0,2017,Okaro White-2017,0.0,Not Selected,Forward,MIA,0.03333333333333333
2016-17,Isaiah Whitehead,whiteis01,PG,21,BRK,73,26,1643,5.9,14.7,0.402,1.3,4.3,0.295,4.6,10.4,0.446,2.6,3.3,0.805,0.9,4.4,5.3,5.5,1.2,1.0,4.1,5.0,15.7,91.0,113.0,2017,Isaiah Whitehead-2017,0.0,Not Selected,Guard,BRK,0.016260162601626018
2016-17,Hassan Whiteside,whiteha01,C,27,MIA,77,77,2513,10.9,19.5,0.557,0.0,0.0,0.0,10.9,19.5,0.557,4.5,7.2,0.628,5.9,15.9,21.8,1.1,1.1,3.2,3.1,4.5,26.3,113.0,100.0,2017,Hassan Whiteside-2017,0.0,Not Selected,Center,MIA,0.03333333333333333
2016-17,Andrew Wiggins,wiggian01,SF,21,MIN,82,82,3048,11.8,26.1,0.452,1.7,4.8,0.35600000000000004,10.1,21.3,0.473,6.9,9.0,0.76,1.7,3.8,5.5,3.1,1.4,0.5,3.1,3.0,32.2,107.0,115.0,2017,Andrew Wiggins-2017,0.0,Not Selected,Forward,MIN,0.025203252032520326
2016-17,C.J. Wilcox,wilcocj01,SG,26,ORL,22,0,108,3.7,14.2,0.258,1.4,6.9,0.2,2.3,7.3,0.313,0.9,0.9,1.0,1.8,3.7,5.5,5.5,0.9,0.5,2.8,3.7,9.6,77.0,114.0,2017,C.J. Wilcox-2017,0.0,Not Selected,Guard,ORL,0.023577235772357725
2016-17,Alan Williams,willial03,C,24,PHO,47,0,708,9.3,18.1,0.517,0.0,0.1,0.0,9.3,18.0,0.519,4.7,7.6,0.625,6.4,13.4,19.7,1.6,1.8,2.2,2.5,8.5,23.4,113.0,106.0,2017,Alan Williams-2017,0.0,Not Selected,Center,PHO,0.01951219512195122
2016-17,Deron Williams,willide01,PG,32,TOT,64,44,1657,8.2,18.6,0.43799999999999994,2.6,7.3,0.363,5.5,11.4,0.486,2.8,3.4,0.826,0.4,4.1,4.6,11.2,1.0,0.2,4.3,4.3,21.7,106.0,113.0,2017,Deron Williams-2017,0.0,Not Selected,Guard,TOT,0.033333333333333326
2016-17,Derrick Williams,willide02,PF,25,TOT,50,11,804,6.7,15.2,0.44299999999999995,1.9,6.0,0.309,4.9,9.2,0.531,3.6,5.6,0.652,1.2,6.9,8.1,1.7,0.9,0.4,1.7,3.7,19.0,106.0,111.0,2017,Derrick Williams-2017,0.0,Not Selected,Forward,TOT,0.033333333333333326
2016-17,Lou Williams,willilo02,SG,30,TOT,81,1,1994,10.4,24.3,0.429,4.0,10.8,0.365,6.4,13.4,0.48,9.8,11.1,0.88,0.6,4.3,4.9,5.8,1.9,0.5,3.9,2.2,34.6,115.0,113.0,2017,Lou Williams-2017,0.0,Not Selected,Guard,TOT,0.033333333333333326
2016-17,Marvin Williams,willima02,PF,30,CHO,76,76,2295,6.5,15.4,0.42200000000000004,2.7,7.7,0.35,3.8,7.7,0.494,2.9,3.3,0.873,1.9,9.0,10.9,2.3,1.3,1.2,1.3,2.9,18.6,111.0,108.0,2017,Marvin Williams-2017,0.0,Not Selected,Forward,CHO,0.02926829268292683
2016-17,Reggie Williams,willire02,SF,30,NOP,6,0,79,5.0,14.3,0.348,3.1,6.8,0.455,1.9,7.4,0.25,3.7,4.3,0.857,1.2,2.5,3.7,2.5,1.9,0.0,0.0,1.2,16.7,115.0,111.0,2017,Reggie Williams-2017,0.0,Not Selected,Forward,NOP,0.027642276422764227
2016-17,Troy Williams,willitr02,SF,22,TOT,30,16,557,6.7,15.3,0.43700000000000006,1.6,5.7,0.29,5.0,9.6,0.524,1.9,2.9,0.6559999999999999,1.4,4.9,6.3,2.3,2.5,0.9,2.9,5.5,16.9,95.0,107.0,2017,Troy Williams-2017,0.0,Not Selected,Forward,TOT,0.033333333333333326
2016-17,Kyle Wiltjer,wiltjky01,PF,24,HOU,14,0,44,4.4,15.3,0.28600000000000003,4.4,14.2,0.308,0.0,1.1,0.0,1.1,2.2,0.5,4.4,6.5,10.9,2.2,3.3,1.1,5.5,4.4,14.2,81.0,105.0,2017,Kyle Wiltjer-2017,0.0,Not Selected,Forward,HOU,0.044715447154471545
2016-17,Justise Winslow,winslju01,SF,20,MIA,18,15,625,6.5,18.1,0.35600000000000004,0.6,2.8,0.2,5.9,15.3,0.384,2.3,3.8,0.617,1.9,5.7,7.6,5.3,2.1,0.5,2.7,4.2,15.8,88.0,107.0,2017,Justise Winslow-2017,0.0,Not Selected,Forward,MIA,0.03333333333333333
2016-17,Jeff Withey,witheje01,C,26,UTA,51,1,432,6.7,12.5,0.534,0.0,0.1,0.0,6.7,12.4,0.539,4.4,5.8,0.75,6.3,8.4,14.7,0.8,1.9,3.9,1.7,6.3,17.7,124.0,100.0,2017,Jeff Withey-2017,0.0,Not Selected,Center,UTA,0.041463414634146344
2016-17,Christian Wood,woodch01,PF,21,CHO,13,0,107,5.6,10.8,0.522,0.0,2.3,0.0,5.6,8.4,0.667,5.2,7.0,0.733,6.6,7.0,13.6,0.9,1.4,2.8,3.3,5.2,16.4,113.0,106.0,2017,Christian Wood-2017,0.0,Not Selected,Forward,CHO,0.02926829268292683
2016-17,Metta World Peace,artesro01,SF,37,LAL,25,2,160,5.8,20.7,0.27899999999999997,2.7,11.6,0.237,3.0,9.1,0.33299999999999996,3.0,4.9,0.625,1.5,4.6,6.1,3.3,3.0,0.6,2.1,5.5,17.4,84.0,111.0,2017,Metta World Peace-2017,0.0,Not Selected,Forward,LAL,0.02113821138211382
2016-17,Brandan Wright,wrighbr03,PF,29,MEM,28,5,447,9.7,15.7,0.615,0.0,0.1,0.0,9.7,15.6,0.619,2.7,4.1,0.657,3.6,5.5,9.1,1.7,1.3,2.3,1.2,4.9,22.0,127.0,107.0,2017,Brandan Wright-2017,0.0,Not Selected,Forward,MEM,0.034959349593495934
2016-17,Delon Wright,wrighde01,PG,24,TOR,27,0,446,5.6,13.2,0.42200000000000004,1.1,3.4,0.33299999999999996,4.4,9.8,0.45299999999999996,4.8,6.3,0.764,1.8,3.6,5.5,6.5,3.1,1.3,2.8,3.5,17.0,111.0,107.0,2017,Delon Wright-2017,0.0,Not Selected,Guard,TOR,0.041463414634146344
2016-17,James Young,youngja01,SG,21,BOS,29,0,220,5.6,13.1,0.431,2.7,7.9,0.34299999999999997,2.9,5.2,0.565,1.4,2.0,0.667,1.4,4.5,5.9,0.9,2.3,0.5,0.9,3.4,15.3,108.0,109.0,2017,James Young-2017,0.0,Not Selected,Guard,BOS,0.043089430894308944
2016-17,Joe Young,youngjo01,PG,24,IND,33,0,135,9.6,26.7,0.361,1.9,8.5,0.217,7.8,18.2,0.429,4.1,5.6,0.733,0.4,5.9,6.3,5.6,1.5,0.0,1.9,1.9,25.2,93.0,111.0,2017,Joe Young-2017,0.0,Not Selected,Guard,IND,0.03414634146341464
2016-17,Nick Young,youngni01,SG,31,LAL,60,60,1556,8.5,19.8,0.43,5.3,13.2,0.40399999999999997,3.2,6.6,0.48100000000000004,2.4,2.8,0.856,0.8,3.5,4.3,1.8,1.2,0.4,1.1,4.3,24.8,118.0,116.0,2017,Nick Young-2017,0.0,Not Selected,Guard,LAL,0.02113821138211382
2016-17,Thaddeus Young,youngth01,PF,28,IND,74,74,2237,8.1,15.4,0.527,1.0,2.6,0.381,7.1,12.7,0.557,1.0,1.9,0.523,2.9,7.1,10.0,2.7,2.5,0.6,2.1,3.0,18.2,109.0,107.0,2017,Thaddeus Young-2017,0.0,Not Selected,Forward,IND,0.03414634146341464
2016-17,Cody Zeller,zelleco01,C,24,CHO,62,58,1725,7.4,12.9,0.5710000000000001,0.0,0.0,0.0,7.4,12.9,0.5720000000000001,3.9,5.7,0.679,3.9,7.9,11.8,2.9,1.8,1.7,1.9,5.5,18.6,121.0,107.0,2017,Cody Zeller-2017,0.0,Not Selected,Center,CHO,0.02926829268292683
2016-17,Tyler Zeller,zellety01,C,27,BOS,51,5,525,7.4,14.9,0.494,0.0,0.1,0.0,7.4,14.8,0.49700000000000005,2.1,3.7,0.564,4.1,7.7,11.7,4.0,0.7,2.0,1.9,5.8,16.8,109.0,109.0,2017,Tyler Zeller-2017,0.0,Not Selected,Center,BOS,0.043089430894308944
2016-17,Stephen Zimmerman,zimmest01,C,20,ORL,19,0,108,4.6,14.2,0.32299999999999995,0.0,0.0,0.0,4.6,14.2,0.32299999999999995,1.4,2.3,0.6,5.0,11.0,16.1,1.8,0.9,2.3,1.4,7.8,10.6,86.0,108.0,2017,Stephen Zimmerman-2017,0.0,Not Selected,Center,ORL,0.023577235772357725
2016-17,Paul Zipser,zipsepa01,SF,22,CHI,44,18,843,5.3,13.2,0.39799999999999996,2.0,5.9,0.33299999999999996,3.3,7.3,0.451,1.9,2.4,0.775,0.9,6.6,7.5,2.2,0.9,1.0,2.4,4.7,14.3,96.0,109.0,2017,Paul Zipser-2017,0.0,Not Selected,Forward,CHI,0.03333333333333333
2016-17,Ivica Zubac,zubaciv01,C,19,LAL,38,11,609,10.1,19.0,0.529,0.0,0.2,0.0,10.1,18.8,0.536,2.6,3.9,0.653,3.3,9.4,12.7,2.4,1.1,2.6,2.4,5.3,22.7,108.0,110.0,2017,Ivica Zubac-2017,0.0,Not Selected,Center,LAL,0.02113821138211382
2017-18,Álex Abrines,abrinal01,SG,24,OKC,75,8,1134,5.0,12.7,0.395,3.7,9.7,0.38,1.4,3.1,0.44299999999999995,1.7,2.0,0.848,1.1,3.9,5.0,1.2,1.7,0.4,1.1,5.4,15.4,116.0,110.0,2018,Álex Abrines-2018,0.0,Not Selected,Guard,OKC,0.03902439024390244
2017-18,Quincy Acy,acyqu01,PF,27,BRK,70,8,1359,4.6,13.0,0.35600000000000004,3.6,10.4,0.349,1.0,2.6,0.384,1.8,2.1,0.8170000000000001,1.4,7.8,9.2,2.0,1.2,1.0,2.1,5.3,14.7,99.0,110.0,2018,Quincy Acy-2018,0.0,Not Selected,Forward,BRK,0.022764227642276424
2017-18,Steven Adams,adamsst01,C,24,OKC,76,76,2487,8.9,14.2,0.629,0.0,0.0,0.0,8.9,14.2,0.631,3.2,5.7,0.5589999999999999,7.7,6.0,13.7,1.8,1.8,1.6,2.6,4.3,21.1,125.0,107.0,2018,Steven Adams-2018,0.0,Not Selected,Center,OKC,0.03902439024390244
2017-18,Bam Adebayo,adebaba01,C,20,MIA,69,19,1368,6.4,12.5,0.512,0.0,0.3,0.0,6.4,12.2,0.523,4.7,6.6,0.721,4.3,9.7,14.0,3.7,1.2,1.5,2.4,5.1,17.5,116.0,105.0,2018,Bam Adebayo-2018,0.0,Not Selected,Center,MIA,0.03577235772357724
2017-18,Arron Afflalo,afflaar01,SG,32,ORL,53,3,682,4.7,11.6,0.401,1.9,5.0,0.386,2.7,6.6,0.413,1.6,1.9,0.846,0.3,4.5,4.7,2.2,0.3,0.6,1.5,4.0,12.8,98.0,115.0,2018,Arron Afflalo-2018,0.0,Not Selected,Guard,ORL,0.02032520325203252
2017-18,Cole Aldrich,aldrico01,C,29,MIN,21,0,49,5.1,15.3,0.33299999999999996,0.0,0.0,0.0,5.1,15.3,0.33299999999999996,2.0,6.1,0.33299999999999996,3.1,12.2,15.3,3.1,2.0,1.0,1.0,11.2,12.2,85.0,107.0,2018,Cole Aldrich-2018,0.0,Not Selected,Center,MIN,0.038211382113821135
2017-18,LaMarcus Aldridge,aldrila01,C,32,SAS,75,75,2509,13.8,27.1,0.51,0.5,1.9,0.293,13.3,25.3,0.526,6.7,8.0,0.8370000000000001,5.0,7.8,12.8,3.1,0.9,1.8,2.2,3.2,34.9,118.0,105.0,2018,LaMarcus Aldridge-2018,2.0,2nd,Forward,SAS,0.038211382113821135
2017-18,Jarrett Allen,allenja01,C,19,BRK,72,31,1441,7.9,13.4,0.589,0.2,0.5,0.33299999999999996,7.7,12.9,0.599,3.8,5.0,0.7759999999999999,4.9,8.2,13.1,1.7,0.9,3.0,2.8,5.0,19.8,119.0,108.0,2018,Jarrett Allen-2018,0.0,Not Selected,Center,BRK,0.022764227642276424
2017-18,Kadeem Allen,allenka01,PG,25,BOS,18,1,107,2.8,10.3,0.273,0.0,5.1,0.0,2.8,5.1,0.545,3.3,4.2,0.778,1.9,3.3,5.1,5.6,1.4,0.9,4.2,7.0,8.9,78.0,106.0,2018,Kadeem Allen-2018,0.0,Not Selected,Guard,BOS,0.044715447154471545
2017-18,Tony Allen,allento01,SF,36,NOP,22,0,273,7.7,15.9,0.484,0.7,2.1,0.33299999999999996,7.0,13.8,0.506,1.9,3.7,0.524,3.5,4.7,8.2,1.6,1.9,0.5,3.3,8.6,18.0,95.0,110.0,2018,Tony Allen-2018,0.0,Not Selected,Forward,NOP,0.03902439024390244
2017-18,Al-Farouq Aminu,aminual01,PF,27,POR,69,67,2072,5.5,14.0,0.395,3.0,8.1,0.369,2.5,5.8,0.43200000000000005,1.4,1.9,0.738,2.3,10.3,12.6,2.0,1.9,1.0,1.9,3.3,15.5,105.0,104.0,2018,Al-Farouq Aminu-2018,0.0,Not Selected,Forward,POR,0.03983739837398374
2017-18,Justin Anderson,anderju01,SF,24,PHI,38,0,519,8.1,18.7,0.431,3.2,9.5,0.33,4.9,9.2,0.535,2.6,3.5,0.737,2.3,6.3,8.6,2.3,1.4,0.6,1.5,5.0,21.9,110.0,107.0,2018,Justin Anderson-2018,0.0,Not Selected,Forward,PHI,0.04227642276422764
2017-18,Kyle Anderson,anderky01,SF,24,SAS,74,67,1978,5.9,11.2,0.527,0.5,1.5,0.33299999999999996,5.4,9.7,0.556,2.7,3.7,0.7120000000000001,2.1,8.0,10.1,5.2,2.9,1.5,2.4,2.9,14.9,114.0,101.0,2018,Kyle Anderson-2018,0.0,Not Selected,Forward,SAS,0.038211382113821135
2017-18,Ryan Anderson,anderry01,PF,29,HOU,66,50,1725,5.9,13.7,0.431,3.7,9.7,0.386,2.2,4.0,0.539,2.1,2.7,0.774,2.7,6.8,9.4,1.7,0.7,0.6,1.2,3.6,17.6,121.0,109.0,2018,Ryan Anderson-2018,0.0,Not Selected,Forward,HOU,0.052845528455284556
2017-18,Ike Anigbogu,anigbik01,C,19,IND,11,0,30,6.7,15.0,0.444,0.0,0.0,0.0,6.7,15.0,0.444,8.3,10.0,0.833,8.3,6.7,15.0,0.0,1.7,5.0,3.3,1.7,21.7,114.0,104.0,2018,Ike Anigbogu-2018,0.0,Not Selected,Center,IND,0.03902439024390244
2017-18,Giannis Antetokounmpo,antetgi01,PF,23,MIL,75,75,2756,13.4,25.4,0.529,0.8,2.5,0.307,12.6,22.8,0.5539999999999999,8.8,11.6,0.76,2.8,10.8,13.6,6.5,2.0,1.9,4.0,4.2,36.4,116.0,106.0,2018,Giannis Antetokounmpo-2018,2.0,2nd,Forward,MIL,0.03577235772357724
2017-18,Carmelo Anthony,anthoca01,PF,33,OKC,78,78,2501,9.4,23.2,0.40399999999999997,3.4,9.4,0.35700000000000004,6.0,13.8,0.43700000000000006,2.9,3.8,0.767,1.3,7.7,9.0,2.0,0.9,1.0,2.0,3.9,25.0,104.0,109.0,2018,Carmelo Anthony-2018,0.0,Not Selected,Forward,OKC,0.03902439024390244
2017-18,OG Anunoby,anunoog01,SF,20,TOR,74,62,1481,5.4,11.5,0.47100000000000003,2.4,6.6,0.371,3.0,5.0,0.604,1.3,2.1,0.629,1.5,4.7,6.1,1.8,1.7,0.5,1.5,4.3,14.6,113.0,108.0,2018,OG Anunoby-2018,0.0,Not Selected,Forward,TOR,0.04796747967479675
2017-18,Ryan Arcidiacono,arcidry01,PG,23,CHI,24,0,304,2.7,6.6,0.415,1.4,5.0,0.29,1.3,1.6,0.8,0.8,1.0,0.833,0.2,3.9,4.0,5.6,2.1,0.0,2.1,2.9,7.7,105.0,112.0,2018,Ryan Arcidiacono-2018,0.0,Not Selected,Guard,CHI,0.02195121951219512
2017-18,Trevor Ariza,arizatr01,SF,32,HOU,67,67,2269,5.8,14.1,0.41200000000000003,3.7,10.0,0.368,2.1,4.1,0.519,1.6,1.9,0.8540000000000001,0.7,5.7,6.4,2.3,2.1,0.3,1.1,2.9,17.0,114.0,107.0,2018,Trevor Ariza-2018,0.0,Not Selected,Forward,HOU,0.052845528455284556
2017-18,Darrell Arthur,arthuda01,PF,29,DEN,19,1,141,7.7,16.5,0.46799999999999997,2.8,8.1,0.348,4.9,8.4,0.583,0.7,1.1,0.667,1.1,4.2,5.3,3.2,2.8,1.1,5.3,7.7,19.0,90.0,109.0,2018,Darrell Arthur-2018,0.0,Not Selected,Forward,DEN,0.03739837398373984
2017-18,Jamel Artis,artisja01,SG,25,ORL,15,1,279,5.4,13.9,0.392,1.4,5.1,0.276,4.0,8.8,0.46,1.2,2.1,0.583,0.7,6.0,6.7,3.2,0.4,0.5,1.4,1.9,13.5,94.0,114.0,2018,Jamel Artis-2018,0.0,Not Selected,Guard,ORL,0.02032520325203252
2017-18,Ömer Aşık,asikom01,C,31,TOT,18,0,182,2.4,5.8,0.409,0.0,0.0,0.0,2.4,5.8,0.409,1.1,3.4,0.308,2.4,10.0,12.4,0.8,0.5,1.1,2.4,5.3,5.8,76.0,110.0,2018,Ömer Aşık-2018,0.0,Not Selected,Center,TOT,0.03333333333333333
2017-18,D.J. Augustin,augusdj01,PG,30,ORL,75,36,1760,6.8,15.0,0.452,3.2,7.6,0.419,3.6,7.5,0.485,4.6,5.3,0.868,0.8,3.6,4.5,8.0,1.5,0.0,3.4,2.6,21.3,116.0,114.0,2018,D.J. Augustin-2018,0.0,Not Selected,Guard,ORL,0.02032520325203252
2017-18,Luke Babbitt,babbilu01,SF,28,TOT,50,14,715,6.3,14.8,0.423,4.1,10.7,0.385,2.1,4.1,0.525,1.2,1.5,0.773,0.5,6.1,6.6,2.1,0.5,0.5,1.3,3.7,17.8,109.0,113.0,2018,Luke Babbitt-2018,0.0,Not Selected,Forward,TOT,0.03333333333333333
2017-18,Dwayne Bacon,bacondw01,SG,22,CHO,53,6,713,4.9,13.1,0.375,0.8,2.9,0.256,4.2,10.2,0.409,1.4,1.7,0.8,0.3,8.2,8.5,2.6,1.1,0.1,1.6,3.1,12.0,88.0,111.0,2018,Dwayne Bacon-2018,0.0,Not Selected,Guard,CHO,0.02926829268292683
2017-18,Ron Baker,bakerro01,SG,24,NYK,29,1,385,2.6,7.6,0.33899999999999997,1.4,4.2,0.33299999999999996,1.2,3.3,0.34600000000000003,2.6,3.3,0.769,0.6,3.2,3.9,6.1,3.3,0.8,2.3,4.2,9.1,104.0,109.0,2018,Ron Baker-2018,0.0,Not Selected,Guard,NYK,0.023577235772357725
2017-18,Wade Baldwin,baldwwa01,PG,21,POR,7,0,80,8.7,13.1,0.667,2.5,3.1,0.8,6.2,10.0,0.625,3.7,6.2,0.6,0.6,4.4,5.0,3.1,1.2,0.6,2.5,7.5,23.6,131.0,109.0,2018,Wade Baldwin-2018,0.0,Not Selected,Guard,POR,0.03983739837398374
2017-18,Lonzo Ball,balllo01,PG,20,LAL,52,50,1780,5.5,15.2,0.36,2.4,7.9,0.305,3.0,7.2,0.42,0.9,1.9,0.451,1.9,7.8,9.7,10.1,2.4,1.2,3.7,3.1,14.2,97.0,106.0,2018,Lonzo Ball-2018,0.0,Not Selected,Guard,LAL,0.028455284552845527
2017-18,J.J. Barea,bareajo01,PG,33,DAL,69,10,1603,9.5,21.6,0.439,3.6,9.8,0.36700000000000005,5.9,11.8,0.499,2.5,3.2,0.784,0.5,5.8,6.3,13.6,1.1,0.1,4.5,2.6,25.1,109.0,112.0,2018,J.J. Barea-2018,0.0,Not Selected,Guard,DAL,0.01951219512195122
2017-18,Harrison Barnes,barneha02,PF,25,DAL,77,77,2634,10.2,23.0,0.445,2.3,6.3,0.35700000000000004,8.0,16.7,0.478,4.9,6.0,0.8270000000000001,1.5,7.5,8.9,2.9,0.9,0.3,2.2,1.8,27.7,105.0,111.0,2018,Harrison Barnes-2018,0.0,Not Selected,Forward,DAL,0.01951219512195122
2017-18,Will Barton,bartowi01,SG,27,DEN,81,40,2683,8.6,19.0,0.452,2.9,7.8,0.37,5.7,11.2,0.51,3.4,4.2,0.805,1.3,6.3,7.6,6.1,1.5,1.0,2.8,3.1,23.4,113.0,112.0,2018,Will Barton-2018,0.0,Not Selected,Guard,DEN,0.03739837398373984
2017-18,Nicolas Batum,batumni01,SG,29,CHO,64,64,1981,6.6,16.0,0.415,2.3,6.7,0.336,4.4,9.3,0.473,2.7,3.2,0.831,1.4,6.1,7.5,8.6,1.6,0.6,3.2,1.8,18.2,107.0,110.0,2018,Nicolas Batum-2018,0.0,Not Selected,Guard,CHO,0.02926829268292683
2017-18,Jerryd Bayless,bayleje01,SG,29,PHI,39,11,925,5.7,13.6,0.41600000000000004,2.8,7.6,0.37,2.9,6.0,0.474,1.8,2.3,0.795,0.8,3.4,4.2,2.8,1.2,0.3,2.4,4.7,16.0,102.0,109.0,2018,Jerryd Bayless-2018,0.0,Not Selected,Guard,PHI,0.04227642276422764
2017-18,Aron Baynes,baynear01,C,31,BOS,81,67,1485,7.1,15.0,0.47100000000000003,0.1,0.7,0.14300000000000002,7.0,14.3,0.48700000000000004,2.0,2.6,0.7559999999999999,4.4,10.2,14.6,3.1,0.7,1.7,2.7,6.7,16.2,103.0,103.0,2018,Aron Baynes-2018,0.0,Not Selected,Center,BOS,0.044715447154471545
2017-18,Kent Bazemore,bazemke01,SG,28,ATL,65,65,1789,7.8,18.5,0.42,2.9,7.5,0.39399999999999996,4.8,11.0,0.43799999999999994,4.4,5.5,0.7959999999999999,0.7,6.1,6.8,6.2,2.7,1.2,4.3,4.0,22.8,101.0,108.0,2018,Kent Bazemore-2018,0.0,Not Selected,Guard,ATL,0.01951219512195122
2017-18,Bradley Beal,bealbr01,SG,24,WAS,82,82,2977,11.4,24.8,0.46,3.3,8.8,0.375,8.1,15.9,0.507,4.9,6.2,0.7909999999999999,1.0,5.0,6.1,6.2,1.6,0.6,3.6,2.7,31.0,109.0,110.0,2018,Bradley Beal-2018,0.0,Not Selected,Guard,WAS,0.034959349593495934
2017-18,Malik Beasley,beaslma01,SG,21,DEN,62,0,583,6.2,15.1,0.41,2.4,7.0,0.341,3.8,8.2,0.469,1.9,2.8,0.667,1.2,4.8,6.0,2.6,1.3,0.6,2.0,3.1,16.7,101.0,113.0,2018,Malik Beasley-2018,0.0,Not Selected,Guard,DEN,0.03739837398373984
2017-18,Michael Beasley,beaslmi01,PF,29,NYK,74,30,1653,12.3,24.2,0.507,1.0,2.6,0.395,11.2,21.6,0.52,3.7,4.8,0.78,2.9,9.5,12.4,3.7,1.1,1.3,4.3,4.3,29.3,103.0,110.0,2018,Michael Beasley-2018,0.0,Not Selected,Forward,NYK,0.023577235772357725
2017-18,Marco Belinelli,belinma01,SG,31,TOT,80,2,1947,8.4,19.1,0.441,3.7,9.9,0.377,4.7,9.2,0.509,3.7,4.1,0.9079999999999999,0.5,3.3,3.8,3.7,1.6,0.3,2.3,2.3,24.2,110.0,111.0,2018,Marco Belinelli-2018,0.0,Not Selected,Guard,TOT,0.03333333333333333
2017-18,Jordan Bell,belljo01,C,23,GSW,57,13,809,6.9,11.0,0.627,0.0,0.2,0.0,6.9,10.8,0.6409999999999999,1.8,2.6,0.682,3.6,8.8,12.3,6.1,2.1,3.3,3.0,5.5,15.6,121.0,103.0,2018,Jordan Bell-2018,0.0,Not Selected,Center,GSW,0.04715447154471545
2017-18,DeAndre' Bembry,bembrde01,SF,23,ATL,26,3,455,5.7,13.7,0.414,1.2,3.2,0.36700000000000005,4.5,10.5,0.429,2.0,3.5,0.5760000000000001,0.9,6.9,7.7,5.3,2.3,1.3,5.0,4.1,14.6,83.0,109.0,2018,DeAndre' Bembry-2018,0.0,Not Selected,Forward,ATL,0.01951219512195122
2017-18,Dragan Bender,bendedr01,PF,20,PHO,82,37,2069,4.3,11.2,0.386,2.7,7.5,0.366,1.6,3.7,0.426,0.9,1.2,0.765,0.9,7.4,8.4,3.0,0.5,1.2,2.6,3.8,12.3,95.0,114.0,2018,Dragan Bender-2018,0.0,Not Selected,Forward,PHO,0.01707317073170732
2017-18,Dāvis Bertāns,bertada01,PF,25,SAS,77,10,1086,7.5,17.0,0.44,4.4,11.7,0.373,3.1,5.3,0.588,1.9,2.3,0.816,0.8,6.3,7.1,3.4,1.2,1.3,1.7,4.3,21.2,115.0,106.0,2018,Dāvis Bertāns-2018,0.0,Not Selected,Forward,SAS,0.038211382113821135
2017-18,Patrick Beverley,beverpa01,SG,29,LAC,11,11,334,7.0,17.3,0.40299999999999997,3.5,8.7,0.4,3.5,8.6,0.40700000000000003,2.0,2.5,0.8240000000000001,2.3,4.2,6.6,4.7,2.8,0.7,3.6,4.9,19.5,102.0,110.0,2018,Patrick Beverley-2018,0.0,Not Selected,Guard,LAC,0.03414634146341464
2017-18,Khem Birch,birchkh01,C,25,ORL,42,0,578,5.8,10.7,0.54,0.0,0.0,0.0,5.8,10.7,0.54,3.6,5.2,0.6890000000000001,5.9,9.3,15.2,2.9,1.3,1.8,1.8,4.7,15.1,123.0,108.0,2018,Khem Birch-2018,0.0,Not Selected,Center,ORL,0.02032520325203252
2017-18,Jabari Bird,birdja01,SG,23,BOS,13,1,115,6.5,11.3,0.5770000000000001,1.3,3.0,0.429,5.2,8.3,0.632,2.6,5.6,0.462,2.6,5.6,8.3,3.5,1.3,0.4,3.5,3.0,16.9,107.0,106.0,2018,Jabari Bird-2018,0.0,Not Selected,Guard,BOS,0.044715447154471545
2017-18,Bismack Biyombo,biyombi01,C,25,ORL,82,25,1495,6.0,11.5,0.52,0.0,0.0,0.0,6.0,11.5,0.521,3.3,5.1,0.65,4.7,10.6,15.3,2.2,0.7,3.1,2.8,5.2,15.3,108.0,107.0,2018,Bismack Biyombo-2018,0.0,Not Selected,Center,ORL,0.02032520325203252
2017-18,Nemanja Bjelica,bjeline01,PF,29,MIN,67,21,1371,6.2,13.5,0.461,2.8,6.7,0.415,3.5,6.9,0.505,1.3,1.6,0.8,1.9,8.1,10.0,3.1,1.8,0.6,1.9,5.1,16.6,114.0,110.0,2018,Nemanja Bjelica-2018,0.0,Not Selected,Forward,MIN,0.038211382113821135
2017-18,Tarik Black,blackta01,C,26,HOU,51,2,536,6.9,11.7,0.591,0.1,1.0,0.091,6.8,10.6,0.638,2.7,5.8,0.46,5.8,9.2,15.0,1.2,1.9,2.8,3.2,9.8,16.5,110.0,102.0,2018,Tarik Black-2018,0.0,Not Selected,Center,HOU,0.052845528455284556
2017-18,Antonio Blakeney,blakean01,SG,21,CHI,19,0,314,8.2,22.2,0.371,2.3,8.1,0.28800000000000003,5.9,14.1,0.418,4.7,6.1,0.769,0.6,4.5,5.1,3.1,1.1,0.2,1.7,3.0,23.5,96.0,114.0,2018,Antonio Blakeney-2018,0.0,Not Selected,Guard,CHI,0.02195121951219512
2017-18,Eric Bledsoe,bledser01,PG,28,TOT,74,74,2322,10.0,21.2,0.473,2.7,7.7,0.34700000000000003,7.4,13.5,0.545,5.4,6.8,0.795,1.1,5.0,6.1,7.9,3.2,0.9,4.6,4.0,28.2,109.0,108.0,2018,Eric Bledsoe-2018,0.0,Not Selected,Guard,TOT,0.03333333333333333
2017-18,Vander Blue,blueva01,SG,25,LAL,5,0,45,1.1,5.3,0.2,0.0,2.1,0.0,1.1,3.2,0.33299999999999996,1.1,2.1,0.5,0.0,1.1,1.1,3.2,1.1,0.0,3.2,2.1,3.2,52.0,114.0,2018,Vander Blue-2018,0.0,Not Selected,Guard,LAL,0.028455284552845527
2017-18,Bogdan Bogdanović,bogdabo01,SG,25,SAC,78,53,2175,8.0,18.0,0.446,3.0,7.7,0.392,5.0,10.3,0.485,2.3,2.8,0.84,0.7,4.5,5.2,6.0,1.7,0.4,2.9,4.0,21.3,107.0,113.0,2018,Bogdan Bogdanović-2018,0.0,Not Selected,Guard,SAC,0.02195121951219512
2017-18,Bojan Bogdanović,bogdabo02,SF,28,IND,80,80,2464,8.2,17.3,0.474,3.1,7.8,0.402,5.1,9.5,0.534,3.6,4.2,0.868,0.6,4.9,5.5,2.4,1.1,0.2,2.2,2.6,23.1,114.0,112.0,2018,Bojan Bogdanović-2018,0.0,Not Selected,Forward,IND,0.03902439024390244
2017-18,Andrew Bogut,bogutan01,C,33,LAL,24,5,216,3.8,5.5,0.68,0.0,0.0,0.0,3.8,5.5,0.68,0.4,0.4,1.0,5.8,11.5,17.3,3.3,0.9,2.9,4.2,8.9,8.0,106.0,104.0,2018,Andrew Bogut-2018,0.0,Not Selected,Center,LAL,0.028455284552845527
2017-18,Joel Bolomboy,bolomjo01,PF,24,MIL,6,0,38,3.9,7.9,0.5,0.0,1.3,0.0,3.9,6.6,0.6,3.9,7.9,0.5,7.9,5.2,13.1,0.0,2.6,0.0,2.6,3.9,11.8,109.0,111.0,2018,Joel Bolomboy-2018,0.0,Not Selected,Forward,MIL,0.03577235772357724
2017-18,Devin Booker,bookede01,SG,21,PHO,54,54,1865,11.7,27.1,0.43200000000000005,3.8,9.9,0.38299999999999995,7.9,17.2,0.46,7.4,8.4,0.878,0.7,5.6,6.3,6.5,1.2,0.4,5.0,4.3,34.5,105.0,115.0,2018,Devin Booker-2018,0.0,Not Selected,Guard,PHO,0.01707317073170732
2017-18,Trevor Booker,booketr01,PF,30,TOT,68,7,1158,7.4,14.4,0.516,0.3,1.4,0.242,7.1,13.0,0.545,2.8,3.9,0.71,4.9,8.4,13.4,3.4,1.2,0.9,2.5,5.0,18.0,114.0,108.0,2018,Trevor Booker-2018,0.0,Not Selected,Forward,TOT,0.03333333333333333
2017-18,Chris Boucher,bouchch01,PF,25,GSW,1,0,1,0.0,48.2,0.0,0.0,48.2,0.0,0.0,0.0,0.0,0.0,0.0,0.0,0.0,48.2,48.2,0.0,0.0,0.0,0.0,0.0,0.0,0.0,88.0,2018,Chris Boucher-2018,0.0,Not Selected,Forward,GSW,0.04715447154471545
2017-18,Avery Bradley,bradlav01,SG,27,TOT,46,46,1433,9.0,21.7,0.414,2.6,7.0,0.369,6.4,14.6,0.436,2.2,2.8,0.768,0.8,3.3,4.0,3.3,1.8,0.3,3.5,3.2,22.8,92.0,110.0,2018,Avery Bradley-2018,0.0,Not Selected,Guard,TOT,0.03333333333333333
2017-18,Tony Bradley,bradlto01,C,20,UTA,9,0,29,5.2,19.0,0.273,0.0,1.7,0.0,5.2,17.3,0.3,3.5,3.5,1.0,6.9,12.1,19.0,1.7,0.0,0.0,0.0,1.7,13.8,95.0,107.0,2018,Tony Bradley-2018,0.0,Not Selected,Center,UTA,0.03902439024390244
2017-18,Corey Brewer,breweco01,SF-SG,31,TOT,72,18,1208,5.7,12.7,0.449,1.2,4.4,0.282,4.5,8.3,0.539,2.6,3.6,0.722,1.7,4.5,6.2,2.6,3.2,0.6,2.0,5.6,15.3,107.0,106.0,2018,Corey Brewer-2018,0.0,Not Selected,Forward,TOT,0.03333333333333333
2017-18,Malcolm Brogdon,brogdma01,PG,25,MIL,48,20,1436,8.5,17.5,0.485,2.2,5.6,0.385,6.3,11.9,0.532,2.6,3.0,0.882,0.8,4.6,5.4,5.3,1.4,0.5,2.3,4.4,21.7,112.0,113.0,2018,Malcolm Brogdon-2018,0.0,Not Selected,Guard,MIL,0.03577235772357724
2017-18,Aaron Brooks,brookaa01,PG,33,MIN,32,1,189,7.4,18.3,0.406,2.9,8.2,0.355,4.5,10.1,0.447,2.1,2.9,0.727,1.9,2.6,4.5,5.3,1.6,0.0,2.9,7.4,19.8,103.0,115.0,2018,Aaron Brooks-2018,0.0,Not Selected,Guard,MIN,0.038211382113821135
2017-18,Dillon Brooks,brookdi01,SF,22,MEM,82,74,2350,7.3,16.6,0.44,2.0,5.7,0.35600000000000004,5.3,10.9,0.484,2.7,3.6,0.747,1.1,4.5,5.5,2.9,1.6,0.4,2.7,5.0,19.3,100.0,113.0,2018,Dillon Brooks-2018,0.0,Not Selected,Forward,MEM,0.01788617886178862
2017-18,MarShon Brooks,brookma01,SG,29,MEM,7,1,193,13.4,26.7,0.5,5.0,8.4,0.594,8.4,18.3,0.457,5.2,6.0,0.87,2.1,3.4,5.5,6.5,2.9,0.8,4.2,1.6,36.9,117.0,111.0,2018,MarShon Brooks-2018,0.0,Not Selected,Guard,MEM,0.01788617886178862
2017-18,Anthony Brown,brownan02,SF,25,MIN,1,0,4,12.5,12.5,1.0,12.5,12.5,1.0,0.0,0.0,0.0,0.0,0.0,0.0,0.0,0.0,0.0,12.5,0.0,0.0,0.0,0.0,37.5,279.0,120.0,2018,Anthony Brown-2018,0.0,Not Selected,Forward,MIN,0.038211382113821135
2017-18,Bobby Brown,brownbo02,PG,33,HOU,20,0,115,8.1,24.8,0.32799999999999996,4.7,17.1,0.275,3.4,7.7,0.444,0.4,0.9,0.5,0.0,3.0,3.0,4.7,1.7,0.0,3.9,2.6,21.4,83.0,110.0,2018,Bobby Brown-2018,0.0,Not Selected,Guard,HOU,0.052845528455284556
2017-18,Jaylen Brown,brownja02,SG,21,BOS,70,70,2152,8.7,18.6,0.465,2.8,7.1,0.395,5.9,11.5,0.507,3.5,5.4,0.644,1.5,6.5,8.0,2.6,1.6,0.6,2.9,4.2,23.6,105.0,105.0,2018,Jaylen Brown-2018,0.0,Not Selected,Guard,BOS,0.044715447154471545
2017-18,Lorenzo Brown,brownlo01,PG,27,TOR,14,0,139,5.0,12.1,0.41200000000000003,0.7,4.3,0.16699999999999998,4.3,7.8,0.545,0.7,0.7,1.0,0.4,5.0,5.3,4.6,1.8,0.0,1.1,2.5,11.3,102.0,108.0,2018,Lorenzo Brown-2018,0.0,Not Selected,Guard,TOR,0.04796747967479675
2017-18,Markel Brown,brownma02,SG,26,HOU,4,0,31,3.2,11.1,0.28600000000000003,1.6,7.9,0.2,1.6,3.2,0.5,0.0,0.0,0.0,1.6,6.3,7.9,3.2,0.0,0.0,3.2,9.5,7.9,74.0,111.0,2018,Markel Brown-2018,0.0,Not Selected,Guard,HOU,0.052845528455284556
2017-18,Sterling Brown,brownst02,SG,22,MIL,54,4,776,5.3,13.2,0.4,2.1,5.8,0.35200000000000004,3.2,7.3,0.439,1.3,1.5,0.875,1.7,7.5,9.2,1.6,2.0,0.8,1.6,5.1,13.9,100.0,110.0,2018,Sterling Brown-2018,0.0,Not Selected,Guard,MIL,0.03577235772357724
2017-18,Nicolás Brussino,brussni01,SF,24,ATL,4,0,10,0.0,9.8,0.0,0.0,9.8,0.0,0.0,0.0,0.0,0.0,0.0,0.0,0.0,14.7,14.7,0.0,0.0,0.0,0.0,0.0,0.0,0.0,111.0,2018,Nicolás Brussino-2018,0.0,Not Selected,Forward,ATL,0.01951219512195122
2017-18,Thomas Bryant,bryanth01,C,20,LAL,15,0,72,5.3,14.0,0.381,0.7,6.6,0.1,4.7,7.3,0.636,3.3,6.0,0.556,2.0,9.3,11.3,4.0,0.7,1.3,1.3,4.0,14.6,100.0,108.0,2018,Thomas Bryant-2018,0.0,Not Selected,Center,LAL,0.028455284552845527
2017-18,Reggie Bullock,bullore01,SF,26,DET,62,52,1732,7.7,15.7,0.489,3.6,8.1,0.445,4.1,7.6,0.536,1.1,1.4,0.7959999999999999,0.8,3.7,4.4,2.7,1.4,0.4,1.4,2.0,20.1,118.0,110.0,2018,Reggie Bullock-2018,0.0,Not Selected,Forward,DET,0.03170731707317073
2017-18,Trey Burke,burketr01,PG,25,NYK,36,9,785,12.2,24.2,0.503,2.4,6.6,0.36200000000000004,9.8,17.6,0.556,2.3,3.6,0.649,0.8,3.7,4.5,10.7,1.5,0.3,2.7,2.7,29.1,117.0,114.0,2018,Trey Burke-2018,0.0,Not Selected,Guard,NYK,0.023577235772357725
2017-18,Alec Burks,burksal01,SG,26,UTA,64,1,1059,8.1,19.6,0.41100000000000003,2.2,6.7,0.331,5.8,12.9,0.452,5.1,5.9,0.863,0.9,8.2,9.1,3.2,1.8,0.4,2.8,3.6,23.4,102.0,105.0,2018,Alec Burks-2018,0.0,Not Selected,Guard,UTA,0.03902439024390244
2017-18,Jimmy Butler,butleji01,SG,28,MIN,59,59,2164,10.1,21.3,0.474,1.6,4.6,0.35,8.5,16.7,0.509,8.4,9.8,0.8540000000000001,1.8,5.4,7.3,6.7,2.7,0.6,2.5,1.8,30.2,122.0,110.0,2018,Jimmy Butler-2018,3.0,3rd,Forward,MIN,0.038211382113821135
2017-18,Dwight Buycks,buyckdw01,PG,28,DET,29,0,427,9.6,23.1,0.414,1.8,5.3,0.33299999999999996,7.8,17.9,0.43799999999999994,4.2,4.8,0.878,1.4,3.4,4.8,6.9,2.2,0.2,4.6,4.6,25.1,97.0,109.0,2018,Dwight Buycks-2018,0.0,Not Selected,Guard,DET,0.03170731707317073
2017-18,Bruno Caboclo,cabocbr01,SF,22,TOT,12,0,107,4.2,14.6,0.29,1.4,8.0,0.17600000000000002,2.8,6.6,0.429,2.4,2.8,0.833,3.3,7.1,10.4,1.9,1.4,1.9,1.9,3.8,12.3,86.0,110.0,2018,Bruno Caboclo-2018,0.0,Not Selected,Forward,TOT,0.03333333333333333
2017-18,José Calderón,caldejo01,PG,36,CLE,57,32,914,5.0,9.9,0.503,2.4,5.2,0.46399999999999997,2.6,4.7,0.545,1.3,1.6,0.8,0.8,3.8,4.5,6.3,1.4,0.1,2.2,4.3,13.7,122.0,115.0,2018,José Calderón-2018,0.0,Not Selected,Guard,CLE,0.04065040650406504
2017-18,Kentavious Caldwell-Pope,caldwke01,SG,24,LAL,74,74,2458,6.6,15.5,0.426,3.1,8.1,0.38299999999999995,3.5,7.5,0.473,3.0,3.8,0.789,1.2,6.4,7.5,3.2,2.1,0.3,1.9,2.8,19.3,111.0,108.0,2018,Kentavious Caldwell-Pope-2018,0.0,Not Selected,Guard,LAL,0.028455284552845527
2017-18,Isaiah Canaan,canaais01,PG-SG,26,TOT,20,1,422,5.9,15.5,0.38,2.5,7.5,0.33299999999999996,3.4,8.1,0.423,5.2,5.8,0.902,0.7,4.4,5.1,8.6,1.8,0.1,3.3,4.1,19.5,110.0,114.0,2018,Isaiah Canaan-2018,0.0,Not Selected,Guard,TOT,0.03333333333333333
2017-18,Clint Capela,capelca01,C,23,HOU,74,74,2034,10.7,16.4,0.652,0.0,0.0,0.0,10.7,16.3,0.653,3.5,6.2,0.56,5.8,13.6,19.4,1.6,1.4,3.3,2.5,4.5,24.8,126.0,101.0,2018,Clint Capela-2018,0.0,Not Selected,Center,HOU,0.052845528455284556
2017-18,DeMarre Carroll,carrode01,PF,31,BRK,73,73,2180,7.2,17.5,0.414,3.2,8.7,0.371,4.0,8.8,0.457,4.2,5.5,0.764,2.3,8.3,10.7,3.3,1.3,0.7,2.3,3.7,21.9,109.0,110.0,2018,DeMarre Carroll-2018,0.0,Not Selected,Forward,BRK,0.022764227642276424
2017-18,Vince Carter,cartevi01,SF,41,SAC,58,5,1026,5.6,14.0,0.40299999999999997,2.8,8.1,0.345,2.8,5.8,0.483,1.4,1.8,0.757,0.9,6.4,7.3,3.4,2.1,1.3,1.8,4.7,15.4,103.0,110.0,2018,Vince Carter-2018,0.0,Not Selected,Forward,SAC,0.02195121951219512
2017-18,Michael Carter-Williams,cartemi01,PG,26,CHO,52,2,835,4.4,13.4,0.332,0.8,3.4,0.237,3.6,9.9,0.365,4.3,5.2,0.82,2.2,5.9,8.1,6.8,2.6,1.3,3.0,5.8,14.0,98.0,107.0,2018,Michael Carter-Williams-2018,0.0,Not Selected,Guard,CHO,0.02926829268292683
2017-18,Alex Caruso,carusal01,PG,23,LAL,37,7,562,4.3,9.9,0.431,1.1,3.7,0.302,3.1,6.2,0.507,1.8,2.6,0.7,1.3,4.3,5.5,6.4,2.0,0.9,3.6,4.4,11.4,98.0,109.0,2018,Alex Caruso-2018,0.0,Not Selected,Guard,LAL,0.028455284552845527
2017-18,Omri Casspi,casspom01,SF,29,GSW,53,7,740,7.8,13.5,0.58,0.7,1.4,0.455,7.2,12.0,0.595,3.3,4.5,0.725,2.0,11.1,13.0,3.3,1.2,1.2,2.4,4.6,19.5,117.0,106.0,2018,Omri Casspi-2018,0.0,Not Selected,Forward,GSW,0.04715447154471545
2017-18,Willie Cauley-Stein,caulewi01,C,24,SAC,73,58,2044,9.6,19.1,0.502,0.1,0.3,0.25,9.5,18.8,0.506,3.8,6.1,0.619,3.2,9.4,12.6,4.3,1.9,1.7,2.7,4.6,23.1,106.0,108.0,2018,Willie Cauley-Stein-2018,0.0,Not Selected,Center,SAC,0.02195121951219512
2017-18,Tyler Cavanaugh,cavanty01,PF,23,ATL,39,1,518,6.3,14.3,0.441,3.0,8.4,0.36,3.3,5.9,0.556,1.6,2.0,0.81,4.2,7.7,12.0,2.5,0.8,0.4,1.3,5.8,17.3,119.0,112.0,2018,Tyler Cavanaugh-2018,0.0,Not Selected,Forward,ATL,0.01951219512195122
2017-18,Mario Chalmers,chalmma01,PG,31,MEM,66,10,1421,6.0,15.8,0.379,1.9,6.8,0.27699999999999997,4.1,9.0,0.456,4.2,4.9,0.855,0.5,5.1,5.6,7.0,2.8,0.5,4.2,6.4,18.0,96.0,110.0,2018,Mario Chalmers-2018,0.0,Not Selected,Guard,MEM,0.01788617886178862
2017-18,Tyson Chandler,chandty01,C,35,PHO,46,46,1151,5.0,7.8,0.647,0.0,0.0,0.0,5.0,7.8,0.647,2.4,3.9,0.624,5.6,11.8,17.4,2.2,0.7,1.1,2.5,4.4,12.5,123.0,111.0,2018,Tyson Chandler-2018,0.0,Not Selected,Center,PHO,0.01707317073170732
2017-18,Wilson Chandler,chandwi01,SF,30,DEN,74,71,2346,5.9,13.3,0.445,1.9,5.2,0.358,4.1,8.1,0.501,1.9,2.4,0.772,2.2,6.3,8.4,3.4,0.9,0.8,1.9,3.3,15.6,110.0,113.0,2018,Wilson Chandler-2018,0.0,Not Selected,Forward,DEN,0.03739837398373984
2017-18,Marquese Chriss,chrisma01,PF,20,PHO,72,49,1527,6.3,15.0,0.423,1.8,6.0,0.295,4.6,9.0,0.509,3.0,5.0,0.608,2.4,10.0,12.4,2.6,1.6,2.2,3.4,6.4,17.4,95.0,109.0,2018,Marquese Chriss-2018,0.0,Not Selected,Forward,PHO,0.01707317073170732
2017-18,Ian Clark,clarkia01,SG,26,NOP,74,2,1455,7.3,16.2,0.44799999999999995,2.0,6.4,0.318,5.2,9.8,0.5329999999999999,1.5,1.9,0.763,0.3,3.8,4.2,3.6,1.1,0.3,1.9,3.9,18.1,102.0,112.0,2018,Ian Clark-2018,0.0,Not Selected,Guard,NOP,0.03902439024390244
2017-18,Jordan Clarkson,clarkjo01,SG,25,TOT,81,2,1888,11.0,24.4,0.451,2.9,8.1,0.35200000000000004,8.1,16.2,0.5,3.9,4.9,0.8,1.5,4.1,5.5,5.6,1.5,0.2,3.2,2.7,28.7,106.0,112.0,2018,Jordan Clarkson-2018,0.0,Not Selected,Guard,TOT,0.03333333333333333
2017-18,Gian Clavell,clavegi01,SG,24,DAL,7,0,64,4.7,14.1,0.33299999999999996,4.7,11.8,0.4,0.0,2.4,0.0,1.6,1.6,1.0,0.8,4.7,5.5,2.4,1.6,0.0,1.6,6.3,15.7,102.0,111.0,2018,Gian Clavell-2018,0.0,Not Selected,Guard,DAL,0.01951219512195122
2017-18,Antonius Cleveland,clevean01,SG,23,TOT,17,0,123,3.2,8.5,0.381,1.2,1.6,0.75,2.0,6.9,0.294,1.6,2.4,0.667,1.2,4.4,5.7,0.8,2.8,2.0,2.8,9.3,9.3,78.0,107.0,2018,Antonius Cleveland-2018,0.0,Not Selected,Guard,TOT,0.03333333333333333
2017-18,John Collins,collijo01,PF,20,ATL,74,26,1785,8.6,14.9,0.5760000000000001,0.4,1.3,0.34,8.2,13.6,0.598,3.6,5.1,0.715,4.8,10.0,14.8,2.7,1.3,2.2,2.9,5.9,21.3,117.0,108.0,2018,John Collins-2018,0.0,Not Selected,Forward,ATL,0.01951219512195122
2017-18,Zach Collins,colliza01,C,20,POR,66,1,1045,5.5,13.8,0.39799999999999996,1.7,5.4,0.31,3.8,8.4,0.455,1.3,2.0,0.643,2.1,8.4,10.5,2.5,0.8,1.5,2.8,6.3,13.9,93.0,107.0,2018,Zach Collins-2018,0.0,Not Selected,Center,POR,0.03983739837398374
2017-18,Kyle Collinsworth,colliky01,SF,26,DAL,32,2,480,4.0,10.4,0.384,0.4,1.8,0.235,3.6,8.6,0.415,2.2,4.2,0.525,3.3,7.8,11.2,5.9,1.8,0.9,2.5,4.6,10.6,98.0,108.0,2018,Kyle Collinsworth-2018,0.0,Not Selected,Forward,DAL,0.01951219512195122
2017-18,Darren Collison,collida01,PG,30,IND,69,64,2018,7.8,15.8,0.495,2.4,5.1,0.46799999999999997,5.4,10.7,0.508,3.1,3.6,0.882,0.9,3.5,4.4,9.1,2.3,0.4,2.1,3.0,21.2,126.0,110.0,2018,Darren Collison-2018,0.0,Not Selected,Guard,IND,0.03902439024390244
2017-18,Nick Collison,collini01,PF,37,OKC,15,0,75,8.6,12.6,0.684,0.0,0.0,0.0,8.6,12.6,0.684,3.3,8.6,0.385,4.6,8.6,13.2,2.6,0.0,0.0,4.6,4.6,20.5,106.0,112.0,2018,Nick Collison-2018,0.0,Not Selected,Forward,OKC,0.03902439024390244
2017-18,Mike Conley,conlemi01,PG,30,MEM,12,12,373,8.7,22.8,0.381,3.3,10.4,0.312,5.4,12.3,0.44,7.2,8.9,0.8029999999999999,0.0,3.7,3.7,6.6,1.6,0.4,2.4,3.3,27.8,108.0,114.0,2018,Mike Conley-2018,0.0,Not Selected,Guard,MEM,0.01788617886178862
2017-18,Pat Connaughton,connapa01,SG,25,POR,82,5,1488,5.5,13.0,0.423,2.5,7.0,0.35200000000000004,3.0,6.0,0.506,1.2,1.5,0.841,1.2,4.2,5.4,3.0,0.8,0.7,1.4,4.0,14.7,110.0,110.0,2018,Pat Connaughton-2018,0.0,Not Selected,Guard,POR,0.03983739837398374
2017-18,Quinn Cook,cookqu01,PG,24,GSW,33,18,740,7.9,16.4,0.484,3.0,6.8,0.442,4.9,9.6,0.514,1.4,1.6,0.88,0.7,4.7,5.3,5.8,0.8,0.1,2.1,3.8,20.3,115.0,113.0,2018,Quinn Cook-2018,0.0,Not Selected,Guard,GSW,0.04715447154471545
2017-18,Charles Cooke,cookech01,SG,23,NOP,13,0,38,2.5,17.6,0.14300000000000002,1.3,10.1,0.125,1.3,7.5,0.16699999999999998,1.3,2.5,0.5,0.0,2.5,2.5,1.3,1.3,0.0,1.3,0.0,7.5,45.0,113.0,2018,Charles Cooke-2018,0.0,Not Selected,Guard,NOP,0.03902439024390244
2017-18,Jack Cooley,cooleja01,PF,26,SAC,7,0,87,7.6,15.7,0.48100000000000004,0.0,0.0,0.0,7.6,15.7,0.48100000000000004,8.1,11.0,0.737,8.1,9.3,17.4,3.5,0.6,0.0,1.7,7.6,23.3,126.0,113.0,2018,Jack Cooley-2018,0.0,Not Selected,Forward,SAC,0.02195121951219512
2017-18,Matt Costello,costema01,C,24,SAS,4,0,32,3.2,6.3,0.5,0.0,0.0,0.0,3.2,6.3,0.5,0.0,0.0,0.0,1.6,12.6,14.2,3.2,3.2,3.2,1.6,11.1,6.3,101.0,96.0,2018,Matt Costello-2018,0.0,Not Selected,Center,SAS,0.038211382113821135
2017-18,DeMarcus Cousins,couside01,C,27,NOP,48,48,1737,11.2,23.7,0.47,2.9,8.1,0.354,8.3,15.7,0.53,8.1,10.8,0.746,2.9,14.1,17.0,7.1,2.2,2.1,6.7,5.0,33.3,104.0,102.0,2018,DeMarcus Cousins-2018,0.0,Not Selected,Center,NOP,0.03902439024390244
2017-18,Robert Covington,covinro01,SF,27,PHI,80,80,2532,6.6,15.9,0.413,3.9,10.4,0.369,2.7,5.4,0.49700000000000005,2.2,2.6,0.853,1.0,7.2,8.2,3.0,2.6,1.4,2.4,4.5,19.2,107.0,103.0,2018,Robert Covington-2018,0.0,Not Selected,Forward,PHI,0.04227642276422764
2017-18,Allen Crabbe,crabbal01,SG,25,BRK,75,68,2197,7.4,18.3,0.40700000000000003,4.4,11.8,0.37799999999999995,3.0,6.5,0.461,2.5,3.0,0.852,0.6,6.5,7.2,2.6,1.0,0.8,1.7,3.7,21.9,108.0,112.0,2018,Allen Crabbe-2018,0.0,Not Selected,Guard,BRK,0.022764227642276424
2017-18,Torrey Craig,craigto01,SF,27,DEN,39,5,629,4.9,10.8,0.45299999999999996,1.3,4.6,0.293,3.5,6.2,0.57,1.7,2.8,0.629,3.2,6.9,10.0,2.0,0.9,1.2,1.6,5.0,12.8,111.0,112.0,2018,Torrey Craig-2018,0.0,Not Selected,Forward,DEN,0.03739837398373984
2017-18,Jamal Crawford,crawfja01,SG,37,MIN,80,0,1653,9.3,22.4,0.415,3.1,9.5,0.331,6.2,12.9,0.47700000000000004,3.1,3.4,0.903,0.6,2.4,3.0,5.6,1.2,0.3,2.9,2.6,24.9,104.0,116.0,2018,Jamal Crawford-2018,0.0,Not Selected,Guard,MIN,0.038211382113821135
2017-18,Jordan Crawford,crawfjo02,SG,29,NOP,5,0,53,10.8,24.3,0.444,7.2,12.6,0.5710000000000001,3.6,11.7,0.308,0.9,0.9,1.0,1.8,1.8,3.6,11.7,0.9,0.9,4.5,6.3,29.7,116.0,113.0,2018,Jordan Crawford-2018,0.0,Not Selected,Guard,NOP,0.03902439024390244
2017-18,Jae Crowder,crowdja01,SF,27,TOT,80,47,2090,6.4,15.9,0.40399999999999997,2.6,8.1,0.32299999999999995,3.8,7.8,0.488,2.9,3.5,0.818,1.4,5.1,6.5,2.3,1.5,0.5,1.7,4.4,18.3,105.0,111.0,2018,Jae Crowder-2018,0.0,Not Selected,Forward,TOT,0.03333333333333333
2017-18,Dante Cunningham,cunnida01,SF,30,TOT,73,25,1562,5.0,11.2,0.451,1.8,5.2,0.345,3.3,6.0,0.541,1.0,1.6,0.596,2.4,6.8,9.2,1.5,1.2,0.9,1.0,3.4,12.8,110.0,110.0,2018,Dante Cunningham-2018,0.0,Not Selected,Forward,TOT,0.03333333333333333
2017-18,Stephen Curry,curryst01,PG,29,GSW,51,51,1631,12.6,25.5,0.495,6.3,14.8,0.423,6.4,10.7,0.595,8.2,8.9,0.9209999999999999,1.1,6.6,7.7,9.2,2.4,0.2,4.5,3.4,39.8,125.0,108.0,2018,Stephen Curry-2018,3.0,3rd,Guard,GSW,0.04715447154471545
2017-18,Troy Daniels,danietr01,SG,26,PHO,79,15,1622,6.8,17.0,0.40299999999999997,5.4,13.5,0.4,1.4,3.5,0.419,1.7,1.9,0.875,0.4,3.4,3.7,1.4,0.8,0.1,1.7,4.0,20.7,109.0,117.0,2018,Troy Daniels-2018,0.0,Not Selected,Guard,PHO,0.01707317073170732
2017-18,Anthony Davis,davisan02,PF,24,NOP,75,75,2727,13.7,25.6,0.534,1.0,2.8,0.34,12.7,22.8,0.5579999999999999,8.7,10.5,0.828,3.3,11.3,14.6,3.0,2.0,3.4,2.8,2.8,36.9,119.0,102.0,2018,Anthony Davis-2018,1.0,1st,Center,NOP,0.03902439024390244
2017-18,Deyonta Davis,davisde01,C,21,MEM,62,6,943,8.6,14.2,0.608,0.0,0.0,0.0,8.6,14.2,0.608,2.0,3.1,0.667,4.0,9.4,13.4,2.1,0.8,2.1,1.7,6.7,19.3,122.0,110.0,2018,Deyonta Davis-2018,0.0,Not Selected,Center,MEM,0.01788617886178862
2017-18,Ed Davis,davised01,C,28,POR,78,0,1471,5.7,9.9,0.5820000000000001,0.0,0.0,0.0,5.7,9.8,0.584,2.5,3.8,0.667,6.2,13.3,19.4,1.4,1.1,1.8,2.2,6.4,14.0,121.0,103.0,2018,Ed Davis-2018,0.0,Not Selected,Center,POR,0.03983739837398374
2017-18,Dewayne Dedmon,dedmode01,C,28,ATL,62,46,1542,7.9,15.1,0.524,1.6,4.5,0.355,6.3,10.6,0.595,2.1,2.7,0.779,3.2,12.3,15.5,2.9,1.3,1.6,2.7,5.1,19.5,111.0,107.0,2018,Dewayne Dedmon-2018,0.0,Not Selected,Center,ATL,0.01951219512195122
2017-18,Sam Dekker,dekkesa01,PF,23,LAC,73,1,883,7.0,14.3,0.494,0.6,3.3,0.16699999999999998,6.5,11.0,0.593,2.0,3.1,0.6609999999999999,2.4,7.2,9.6,2.1,1.3,0.5,1.8,3.9,16.7,107.0,111.0,2018,Sam Dekker-2018,0.0,Not Selected,Forward,LAC,0.03414634146341464
2017-18,Malcolm Delaney,delanma01,PG,28,ATL,54,3,1014,5.3,13.7,0.382,2.2,6.0,0.371,3.0,7.8,0.391,3.6,4.4,0.804,0.4,4.4,4.8,7.9,1.7,0.3,3.2,4.0,16.3,104.0,113.0,2018,Malcolm Delaney-2018,0.0,Not Selected,Guard,ATL,0.01951219512195122
2017-18,Matthew Dellavedova,dellama01,PG,27,MIL,38,3,712,3.9,10.6,0.36200000000000004,2.0,5.5,0.37200000000000005,1.8,5.2,0.35100000000000003,1.8,1.9,0.9259999999999999,1.0,3.5,4.5,10.2,1.0,0.0,3.4,4.7,11.5,104.0,115.0,2018,Matthew Dellavedova-2018,0.0,Not Selected,Guard,MIL,0.03577235772357724
2017-18,Luol Deng,denglu01,SF,32,LAL,1,1,13,3.7,7.4,0.5,0.0,0.0,0.0,3.7,7.4,0.5,0.0,0.0,0.0,0.0,0.0,0.0,3.7,3.7,0.0,3.7,0.0,7.4,77.0,109.0,2018,Luol Deng-2018,0.0,Not Selected,Forward,LAL,0.028455284552845527
2017-18,DeMar DeRozan,derozde01,SG,28,TOR,80,80,2711,11.7,25.7,0.456,1.6,5.2,0.31,10.1,20.5,0.494,8.4,10.2,0.825,1.1,4.7,5.7,7.6,1.5,0.4,3.2,2.7,33.5,114.0,109.0,2018,DeMar DeRozan-2018,2.0,2nd,Guard,TOR,0.04796747967479675
2017-18,Cheick Diallo,diallch01,PF,21,NOP,52,0,581,8.4,14.5,0.58,0.0,0.0,0.0,8.4,14.5,0.58,4.1,5.4,0.758,3.9,13.5,17.3,1.6,0.9,1.7,2.3,6.7,20.9,118.0,105.0,2018,Cheick Diallo-2018,0.0,Not Selected,Forward,NOP,0.03902439024390244
2017-18,Gorgui Dieng,dienggo01,C,28,MIN,79,0,1333,7.0,14.6,0.479,0.7,2.3,0.311,6.3,12.3,0.511,3.0,3.8,0.775,4.0,9.5,13.5,2.7,1.7,1.5,2.2,5.5,17.6,112.0,109.0,2018,Gorgui Dieng-2018,0.0,Not Selected,Center,MIN,0.038211382113821135
2017-18,Spencer Dinwiddie,dinwisp01,PG,24,BRK,80,58,2306,6.8,17.6,0.387,3.0,9.1,0.326,3.9,8.5,0.452,4.6,5.6,0.813,0.8,4.6,5.5,11.0,1.4,0.5,2.7,3.9,21.2,114.0,112.0,2018,Spencer Dinwiddie-2018,0.0,Not Selected,Guard,BRK,0.022764227642276424
2017-18,Tyler Dorsey,dorsety01,SG,21,ATL,56,5,974,7.2,19.2,0.377,3.6,10.0,0.36200000000000004,3.6,9.2,0.39299999999999996,2.3,3.2,0.7140000000000001,0.9,5.7,6.5,4.0,0.9,0.3,1.9,3.2,20.3,100.0,114.0,2018,Tyler Dorsey-2018,0.0,Not Selected,Guard,ATL,0.01951219512195122
2017-18,Damyean Dotson,dotsoda01,SG,23,NYK,44,2,474,7.5,16.8,0.447,2.3,7.1,0.324,5.2,9.7,0.5379999999999999,1.7,2.4,0.696,0.9,7.8,8.8,3.2,1.3,0.2,1.8,3.6,19.0,106.0,112.0,2018,Damyean Dotson-2018,0.0,Not Selected,Guard,NYK,0.023577235772357725
2017-18,Milton Doyle,doylemi01,SG,24,BRK,10,0,125,5.0,18.3,0.27699999999999997,1.6,8.9,0.174,3.5,9.3,0.375,1.6,3.1,0.5,1.2,5.8,7.0,3.9,2.3,0.8,0.8,5.0,13.2,81.0,109.0,2018,Milton Doyle-2018,0.0,Not Selected,Guard,BRK,0.022764227642276424
2017-18,PJ Dozier,doziepj01,PG,21,OKC,2,0,3,16.5,33.1,0.5,0.0,0.0,0.0,16.5,33.1,0.5,0.0,0.0,0.0,0.0,16.5,16.5,0.0,0.0,0.0,16.5,16.5,33.1,59.0,107.0,2018,PJ Dozier-2018,0.0,Not Selected,Guard,OKC,0.03902439024390244
2017-18,Goran Dragić,dragigo01,PG,31,MIA,75,75,2378,10.2,22.7,0.45,2.3,6.3,0.37,7.9,16.4,0.48100000000000004,4.6,5.7,0.8009999999999999,1.1,5.3,6.5,7.6,1.3,0.3,3.5,3.8,27.4,108.0,109.0,2018,Goran Dragić-2018,0.0,Not Selected,Guard,MIA,0.03577235772357724
2017-18,Larry Drew II,drewla02,PG,27,TOT,10,0,70,4.8,16.4,0.292,2.0,6.1,0.33299999999999996,2.7,10.2,0.267,0.0,0.0,0.0,2.0,0.0,2.0,6.8,0.0,0.0,2.0,4.1,11.6,87.0,117.0,2018,Larry Drew II-2018,0.0,Not Selected,Guard,TOT,0.03333333333333333
2017-18,Andre Drummond,drumman01,C,24,DET,78,78,2625,8.9,16.7,0.529,0.0,0.2,0.0,8.9,16.5,0.536,4.5,7.5,0.605,7.6,16.1,23.7,4.5,2.2,2.4,3.8,4.8,22.3,113.0,99.0,2018,Andre Drummond-2018,0.0,Not Selected,Center,DET,0.03170731707317073
2017-18,Jared Dudley,dudleja01,PF,32,PHO,48,0,686,3.3,8.5,0.39299999999999996,2.0,5.6,0.363,1.3,2.9,0.452,1.9,2.4,0.7709999999999999,0.6,6.0,6.6,5.4,1.7,0.8,2.0,5.9,10.6,110.0,113.0,2018,Jared Dudley-2018,0.0,Not Selected,Forward,PHO,0.01707317073170732
2017-18,Kris Dunn,dunnkr01,PG,23,CHI,52,43,1525,9.2,21.3,0.429,1.4,4.3,0.321,7.8,17.0,0.457,2.7,3.6,0.737,0.8,6.3,7.1,9.9,3.3,0.9,4.8,5.6,22.4,96.0,107.0,2018,Kris Dunn-2018,0.0,Not Selected,Guard,CHI,0.02195121951219512
2017-18,Kevin Durant,duranke01,SF,29,GSW,68,68,2325,13.1,25.3,0.516,3.6,8.6,0.419,9.5,16.8,0.565,7.4,8.4,0.889,0.6,9.0,9.6,7.6,1.0,2.5,4.3,2.8,37.1,119.0,107.0,2018,Kevin Durant-2018,1.0,1st,Forward,GSW,0.04715447154471545
2017-18,Jarell Eddie,eddieja01,SF,26,TOT,3,0,9,0.0,11.0,0.0,0.0,11.0,0.0,0.0,0.0,0.0,0.0,0.0,0.0,0.0,5.5,5.5,0.0,5.5,0.0,0.0,0.0,0.0,0.0,100.0,2018,Jarell Eddie-2018,0.0,Not Selected,Forward,TOT,0.03333333333333333
2017-18,Henry Ellenson,ellenhe01,PF,21,DET,38,0,329,8.0,22.1,0.363,3.0,9.1,0.33299999999999996,5.0,13.0,0.384,3.8,4.4,0.862,1.5,10.8,12.3,3.0,0.8,0.0,2.7,3.3,22.9,95.0,108.0,2018,Henry Ellenson-2018,0.0,Not Selected,Forward,DET,0.03170731707317073
2017-18,Wayne Ellington,ellinwa01,SG,30,MIA,77,2,2041,7.0,17.2,0.40700000000000003,5.6,14.2,0.392,1.4,3.0,0.479,1.6,1.9,0.8590000000000001,0.6,4.8,5.4,1.9,1.3,0.2,1.3,2.3,21.3,113.0,110.0,2018,Wayne Ellington-2018,0.0,Not Selected,Guard,MIA,0.03577235772357724
2017-18,Joel Embiid,embiijo01,C,23,PHI,63,63,1912,12.8,26.6,0.483,1.7,5.4,0.308,11.2,21.2,0.527,9.0,11.7,0.769,3.6,13.8,17.4,5.0,1.0,2.8,5.9,5.3,36.3,106.0,100.0,2018,Joel Embiid-2018,2.0,2nd,Center,PHI,0.04227642276422764
2017-18,James Ennis,ennisja01,SF,27,TOT,72,22,1604,5.7,12.0,0.474,1.6,4.8,0.33299999999999996,4.1,7.2,0.5670000000000001,3.0,3.6,0.836,2.3,4.7,7.0,2.2,1.5,0.6,1.8,4.2,16.1,115.0,112.0,2018,James Ennis-2018,0.0,Not Selected,Forward,TOT,0.03333333333333333
2017-18,Tyler Ennis,ennisty01,PG,23,LAL,54,11,683,6.6,15.7,0.42,1.0,3.9,0.25,5.6,11.8,0.47600000000000003,1.5,2.0,0.759,1.3,5.3,6.7,7.4,2.1,0.7,2.7,5.3,15.7,101.0,108.0,2018,Tyler Ennis-2018,0.0,Not Selected,Guard,LAL,0.028455284552845527
2017-18,Jawun Evans,evansja01,PG,21,LAC,48,4,778,5.6,15.8,0.35200000000000004,0.9,3.4,0.278,4.6,12.4,0.37200000000000005,2.4,3.1,0.7759999999999999,0.6,4.7,5.3,6.3,2.3,0.4,2.8,6.1,14.4,90.0,111.0,2018,Jawun Evans-2018,0.0,Not Selected,Guard,LAC,0.03414634146341464
2017-18,Jeremy Evans,evansje01,SF,30,ATL,1,0,5,9.8,9.8,1.0,0.0,0.0,0.0,9.8,9.8,1.0,0.0,0.0,0.0,9.8,0.0,9.8,0.0,0.0,0.0,9.8,9.8,19.5,96.0,119.0,2018,Jeremy Evans-2018,0.0,Not Selected,Forward,ATL,0.01951219512195122
2017-18,Tyreke Evans,evansty01,PG,28,MEM,52,32,1607,11.5,25.5,0.452,3.6,9.0,0.39899999999999997,7.9,16.5,0.48200000000000004,5.2,6.6,0.785,1.4,7.0,8.3,8.5,1.8,0.5,3.7,3.0,31.8,111.0,111.0,2018,Tyreke Evans-2018,0.0,Not Selected,Guard,MEM,0.01788617886178862
2017-18,Dante Exum,exumda01,PG,22,UTA,14,0,235,9.0,18.6,0.483,1.1,3.8,0.278,7.9,14.7,0.536,5.3,6.6,0.8059999999999999,0.9,4.7,5.5,9.2,1.7,0.6,4.3,4.3,24.3,110.0,106.0,2018,Dante Exum-2018,0.0,Not Selected,Guard,UTA,0.03902439024390244
2017-18,Kenneth Faried,farieke01,PF,28,DEN,32,7,461,8.2,15.9,0.514,0.0,0.1,0.0,8.2,15.8,0.517,3.9,5.5,0.706,7.3,9.1,16.5,1.9,1.3,1.4,2.5,5.5,20.2,116.0,110.0,2018,Kenneth Faried-2018,0.0,Not Selected,Forward,DEN,0.03739837398373984
2017-18,Derrick Favors,favorde01,C,26,UTA,77,77,2153,9.2,16.4,0.563,0.3,1.5,0.222,8.9,14.9,0.596,3.3,5.0,0.6509999999999999,4.6,8.2,12.9,2.4,1.3,1.9,2.0,3.8,22.0,119.0,104.0,2018,Derrick Favors-2018,0.0,Not Selected,Center,UTA,0.03902439024390244
2017-18,Kay Felder,feldeka01,PG,22,TOT,16,0,140,7.3,24.4,0.3,1.4,6.6,0.21100000000000002,5.9,17.8,0.33299999999999996,3.8,4.2,0.917,1.0,5.2,6.3,7.0,1.0,0.3,5.6,3.8,19.9,76.0,113.0,2018,Kay Felder-2018,0.0,Not Selected,Guard,TOT,0.03333333333333333
2017-18,Cristiano Felício,feliccr01,C,25,CHI,55,16,977,6.3,10.7,0.591,0.0,0.1,0.0,6.3,10.6,0.596,2.7,4.0,0.667,4.1,7.5,11.6,2.7,0.8,0.5,2.7,5.2,15.4,114.0,113.0,2018,Cristiano Felício-2018,0.0,Not Selected,Center,CHI,0.02195121951219512
2017-18,Raymond Felton,feltora01,PG,33,OKC,82,2,1365,8.1,20.1,0.406,2.9,8.4,0.35200000000000004,5.2,11.7,0.444,1.3,1.6,0.818,0.9,4.8,5.7,7.4,1.8,0.6,2.8,3.3,20.5,105.0,109.0,2018,Raymond Felton-2018,0.0,Not Selected,Guard,OKC,0.03902439024390244
2017-18,Terrance Ferguson,fergute01,SG,19,OKC,61,12,763,4.6,11.0,0.414,2.6,7.8,0.33299999999999996,2.0,3.2,0.612,0.6,0.7,0.9,1.2,1.8,3.1,1.2,1.6,0.7,0.7,5.4,12.3,115.0,111.0,2018,Terrance Ferguson-2018,0.0,Not Selected,Guard,OKC,0.03902439024390244
2017-18,Yogi Ferrell,ferreyo01,SG,24,DAL,82,21,2282,6.8,16.1,0.426,2.9,7.9,0.373,3.9,8.2,0.47700000000000004,1.8,2.3,0.7959999999999999,0.6,4.9,5.5,4.4,1.4,0.2,1.7,3.4,18.4,107.0,112.0,2018,Yogi Ferrell-2018,0.0,Not Selected,Guard,DAL,0.01951219512195122
2017-18,Dorian Finney-Smith,finnedo01,PF,24,DAL,21,13,448,5.2,13.6,0.38,2.2,7.5,0.299,2.9,6.1,0.48100000000000004,1.2,1.7,0.733,2.5,5.9,8.4,2.9,1.1,0.4,2.4,4.8,13.8,96.0,111.0,2018,Dorian Finney-Smith-2018,0.0,Not Selected,Forward,DAL,0.01951219512195122
2017-18,Bryn Forbes,forbebr01,SG,24,SAS,80,12,1517,7.0,16.6,0.42100000000000004,3.0,7.6,0.39,4.0,9.0,0.446,1.6,2.4,0.667,0.4,3.3,3.7,2.7,0.9,0.1,1.2,3.6,18.5,106.0,110.0,2018,Bryn Forbes-2018,0.0,Not Selected,Guard,SAS,0.038211382113821135
2017-18,Evan Fournier,fournev01,SF,25,ORL,57,57,1837,9.8,21.4,0.45899999999999996,3.4,8.9,0.379,6.4,12.4,0.516,4.0,4.6,0.867,0.6,4.2,4.8,4.4,1.3,0.4,2.5,3.7,27.0,110.0,113.0,2018,Evan Fournier-2018,0.0,Not Selected,Forward,ORL,0.02032520325203252
2017-18,De'Aaron Fox,foxde01,PG,20,SAC,73,60,2026,8.2,19.9,0.41200000000000003,1.2,3.8,0.307,7.0,16.1,0.436,3.5,4.9,0.723,0.8,4.3,5.1,8.0,1.7,0.5,4.3,4.1,21.1,94.0,113.0,2018,De'Aaron Fox-2018,0.0,Not Selected,Guard,SAC,0.02195121951219512
2017-18,Tim Frazier,fraziti01,PG,27,WAS,59,11,838,4.0,10.2,0.395,1.0,3.3,0.304,3.0,6.9,0.44,1.4,1.8,0.767,1.1,5.7,6.8,11.5,2.8,0.4,3.4,5.7,10.4,105.0,107.0,2018,Tim Frazier-2018,0.0,Not Selected,Guard,WAS,0.034959349593495934
2017-18,Channing Frye,fryech01,C,34,TOT,53,1,695,7.3,14.9,0.491,2.7,8.1,0.33899999999999997,4.6,6.8,0.67,1.2,1.3,0.895,0.8,8.6,9.5,2.7,1.3,0.9,1.5,4.8,18.5,115.0,111.0,2018,Channing Frye-2018,0.0,Not Selected,Center,TOT,0.03333333333333333
2017-18,Markelle Fultz,fultzma01,SG,19,PHI,14,0,253,8.6,21.1,0.405,0.0,0.2,0.0,8.6,20.9,0.409,1.9,4.0,0.47600000000000003,2.1,6.1,8.2,10.1,2.3,0.8,3.2,4.2,19.0,96.0,105.0,2018,Markelle Fultz-2018,0.0,Not Selected,Guard,PHI,0.04227642276422764
2017-18,Danilo Gallinari,gallida01,SF,29,LAC,21,21,671,7.4,18.6,0.39799999999999996,2.6,8.0,0.324,4.8,10.5,0.455,5.9,6.3,0.9309999999999999,0.7,6.7,7.3,3.0,0.9,0.7,1.9,2.2,23.3,111.0,112.0,2018,Danilo Gallinari-2018,0.0,Not Selected,Forward,LAC,0.03414634146341464
2017-18,Langston Galloway,gallola01,SG,26,DET,58,2,863,7.3,19.7,0.371,4.3,12.6,0.344,2.9,7.1,0.418,1.9,2.4,0.805,0.8,4.6,5.3,3.4,2.0,0.3,1.0,2.3,20.8,106.0,109.0,2018,Langston Galloway-2018,0.0,Not Selected,Guard,DET,0.03170731707317073
2017-18,Marc Gasol,gasolma01,C,33,MEM,73,73,2408,9.1,21.7,0.42,2.3,6.7,0.341,6.8,15.0,0.456,5.9,7.1,0.8340000000000001,1.6,10.8,12.4,6.4,1.1,2.1,4.1,3.9,26.4,104.0,108.0,2018,Marc Gasol-2018,0.0,Not Selected,Center,MEM,0.01788617886178862
2017-18,Pau Gasol,gasolpa01,C,37,SAS,77,63,1812,8.0,17.5,0.45799999999999996,1.2,3.3,0.358,6.8,14.1,0.48100000000000004,4.4,5.8,0.7559999999999999,3.6,13.7,17.3,6.6,0.7,2.2,3.0,3.4,21.6,112.0,102.0,2018,Pau Gasol-2018,0.0,Not Selected,Center,SAS,0.038211382113821135
2017-18,Rudy Gay,gayru01,PF,31,SAS,57,6,1231,10.4,22.0,0.47100000000000003,1.5,4.8,0.314,8.9,17.2,0.516,4.6,6.0,0.772,3.1,8.8,11.9,3.0,1.9,1.6,3.2,4.0,26.9,106.0,103.0,2018,Rudy Gay-2018,0.0,Not Selected,Forward,SAS,0.038211382113821135
2017-18,Paul George,georgpa01,SF,27,OKC,79,79,2891,9.9,23.0,0.43,4.2,10.5,0.401,5.7,12.5,0.45399999999999996,5.8,7.1,0.8220000000000001,1.2,6.4,7.7,4.5,2.8,0.7,3.6,4.0,29.8,112.0,106.0,2018,Paul George-2018,3.0,3rd,Forward,OKC,0.03902439024390244
2017-18,Marcus Georges-Hunt,georgma01,SG,23,MIN,42,0,224,4.7,10.7,0.43799999999999994,0.9,3.3,0.267,3.8,7.4,0.515,2.9,4.7,0.619,1.6,2.0,3.6,1.6,1.3,0.0,0.7,7.1,13.2,112.0,116.0,2018,Marcus Georges-Hunt-2018,0.0,Not Selected,Guard,MIN,0.038211382113821135
2017-18,Jonathan Gibson,gibsojo01,PG,30,BOS,4,0,40,17.5,28.7,0.609,7.5,15.0,0.5,10.0,13.7,0.727,0.0,0.0,0.0,0.0,3.7,3.7,5.0,0.0,0.0,3.7,6.2,42.5,122.0,111.0,2018,Jonathan Gibson-2018,0.0,Not Selected,Guard,BOS,0.044715447154471545
2017-18,Taj Gibson,gibsota01,PF,32,MIN,82,82,2726,7.8,13.5,0.5770000000000001,0.1,0.6,0.2,7.7,12.9,0.595,2.6,3.4,0.768,3.6,7.2,10.7,1.8,1.1,1.1,1.6,4.0,18.3,123.0,112.0,2018,Taj Gibson-2018,0.0,Not Selected,Forward,MIN,0.038211382113821135
2017-18,Manu Ginóbili,ginobma01,SG,40,SAS,65,0,1299,7.8,18.0,0.434,2.5,7.5,0.33299999999999996,5.3,10.5,0.506,4.3,5.1,0.84,0.7,4.8,5.5,6.3,1.7,0.6,4.1,4.9,22.4,103.0,107.0,2018,Manu Ginóbili-2018,0.0,Not Selected,Guard,SAS,0.038211382113821135
2017-18,Rudy Gobert,goberru01,C,25,UTA,56,56,1816,7.6,12.3,0.622,0.0,0.0,0.0,7.6,12.3,0.622,5.6,8.3,0.682,4.6,12.0,16.6,2.2,1.2,3.6,3.0,4.2,20.9,122.0,99.0,2018,Rudy Gobert-2018,0.0,Not Selected,Center,UTA,0.03902439024390244
2017-18,Aaron Gordon,gordoaa01,PF,22,ORL,58,57,1909,9.6,22.2,0.434,2.9,8.8,0.336,6.7,13.4,0.49700000000000005,4.0,5.8,0.698,2.2,9.5,11.7,3.5,1.5,1.2,2.7,2.8,26.2,103.0,109.0,2018,Aaron Gordon-2018,0.0,Not Selected,Forward,ORL,0.02032520325203252
2017-18,Eric Gordon,gordoer01,SG,29,HOU,69,30,2154,9.5,22.2,0.428,5.0,13.9,0.359,4.5,8.3,0.544,4.5,5.5,0.809,0.6,3.3,3.9,3.5,1.0,0.6,3.0,2.6,28.4,110.0,110.0,2018,Eric Gordon-2018,0.0,Not Selected,Guard,HOU,0.052845528455284556
2017-18,Marcin Gortat,gortama01,C,33,WAS,82,82,2075,6.9,13.4,0.518,0.0,0.0,0.0,6.9,13.4,0.518,2.6,3.9,0.675,4.3,10.6,14.9,3.6,1.0,1.5,2.4,4.2,16.5,112.0,107.0,2018,Marcin Gortat-2018,0.0,Not Selected,Center,WAS,0.034959349593495934
2017-18,Treveon Graham,grahatr01,SG,24,CHO,63,2,1050,4.5,10.3,0.434,1.9,4.5,0.41200000000000003,2.6,5.8,0.452,1.9,2.7,0.695,2.0,3.7,5.6,2.7,1.5,0.1,1.3,5.1,12.7,114.0,112.0,2018,Treveon Graham-2018,0.0,Not Selected,Guard,CHO,0.02926829268292683
2017-18,Jerami Grant,grantje01,PF,23,OKC,81,1,1647,7.4,13.7,0.535,1.0,3.3,0.29100000000000004,6.4,10.4,0.613,4.9,7.2,0.675,2.6,7.0,9.6,1.7,0.9,2.3,1.6,4.7,20.6,122.0,108.0,2018,Jerami Grant-2018,0.0,Not Selected,Forward,OKC,0.03902439024390244
2017-18,Jerian Grant,grantje02,PG,25,CHI,74,26,1686,6.1,14.6,0.41600000000000004,1.8,5.4,0.326,4.3,9.1,0.46799999999999997,4.1,5.4,0.745,0.9,4.1,5.0,9.9,1.8,0.2,2.6,3.8,17.9,112.0,112.0,2018,Jerian Grant-2018,0.0,Not Selected,Guard,CHI,0.02195121951219512
2017-18,Josh Gray,grayjo01,PG,24,PHO,5,0,86,6.1,22.8,0.268,1.7,7.2,0.231,4.5,15.6,0.28600000000000003,3.9,6.1,0.636,1.1,4.5,5.6,6.7,4.5,1.1,3.9,4.5,17.8,76.0,107.0,2018,Josh Gray-2018,0.0,Not Selected,Guard,PHO,0.01707317073170732
2017-18,Danny Green,greenda02,SG,30,SAS,70,60,1791,6.1,15.8,0.387,3.3,9.0,0.363,2.8,6.8,0.419,1.4,1.8,0.769,1.2,5.9,7.0,3.1,1.8,2.3,2.1,3.4,16.9,100.0,104.0,2018,Danny Green-2018,0.0,Not Selected,Guard,SAS,0.038211382113821135
2017-18,Draymond Green,greendr01,PF,27,GSW,70,70,2287,5.9,13.0,0.45399999999999996,1.6,5.4,0.301,4.3,7.6,0.562,2.8,3.6,0.775,1.6,9.7,11.3,10.7,2.0,1.9,4.3,3.9,16.3,110.0,105.0,2018,Draymond Green-2018,0.0,Not Selected,Forward,GSW,0.04715447154471545
2017-18,Gerald Green,greenge01,SG,32,HOU,41,2,929,8.9,21.9,0.40700000000000003,5.8,15.8,0.369,3.1,6.1,0.504,2.7,3.2,0.85,0.8,6.2,7.0,1.3,1.3,0.8,1.6,4.6,26.3,109.0,108.0,2018,Gerald Green-2018,0.0,Not Selected,Guard,HOU,0.052845528455284556
2017-18,JaMychal Green,greenja01,PF,27,MEM,55,54,1542,7.3,16.0,0.457,1.4,4.2,0.33899999999999997,5.9,11.8,0.499,2.6,3.6,0.721,4.8,10.4,15.2,2.6,1.0,0.8,2.5,5.0,18.7,108.0,110.0,2018,JaMychal Green-2018,0.0,Not Selected,Forward,MEM,0.01788617886178862
2017-18,Jeff Green,greenje02,PF,31,CLE,78,13,1828,7.9,16.6,0.47700000000000004,1.4,4.6,0.312,6.5,12.0,0.54,5.4,6.3,0.868,1.6,5.0,6.6,2.7,1.1,0.9,2.0,4.0,22.7,115.0,114.0,2018,Jeff Green-2018,0.0,Not Selected,Forward,CLE,0.04065040650406504
2017-18,Blake Griffin,griffbl01,PF,28,TOT,58,58,1970,10.9,24.8,0.43799999999999994,2.8,8.0,0.345,8.1,16.8,0.48200000000000004,6.5,8.2,0.785,1.8,8.9,10.7,8.3,1.0,0.4,4.1,3.5,31.0,109.0,110.0,2018,Blake Griffin-2018,0.0,Not Selected,Forward,TOT,0.03333333333333333
2017-18,Daniel Hamilton,hamilda02,SG,22,OKC,6,0,28,8.9,19.5,0.455,3.5,8.9,0.4,5.3,10.6,0.5,0.0,0.0,0.0,0.0,8.9,8.9,14.2,1.8,0.0,3.5,3.5,21.3,118.0,108.0,2018,Daniel Hamilton-2018,0.0,Not Selected,Guard,OKC,0.03902439024390244
2017-18,Tim Hardaway Jr.,hardati02,SG,25,NYK,57,54,1885,9.5,22.5,0.42100000000000004,3.4,10.8,0.317,6.0,11.7,0.516,3.8,4.7,0.816,0.8,5.0,5.9,4.1,1.6,0.3,2.4,3.2,26.2,106.0,113.0,2018,Tim Hardaway Jr.-2018,0.0,Not Selected,Guard,NYK,0.023577235772357725
2017-18,James Harden,hardeja01,SG,28,HOU,72,72,2551,12.6,27.9,0.449,5.1,13.9,0.36700000000000005,7.4,14.0,0.531,12.0,14.0,0.858,0.8,6.7,7.5,12.2,2.4,1.0,6.1,3.3,42.3,120.0,105.0,2018,James Harden-2018,1.0,1st,Guard,HOU,0.052845528455284556
2017-18,Maurice Harkless,harklma01,SF,24,POR,59,36,1264,5.8,11.7,0.495,1.9,4.6,0.415,3.9,7.0,0.547,1.7,2.3,0.7120000000000001,1.8,4.6,6.4,2.1,1.9,1.7,1.6,4.1,15.2,117.0,106.0,2018,Maurice Harkless-2018,0.0,Not Selected,Forward,POR,0.03983739837398374
2017-18,Montrezl Harrell,harremo01,C,24,LAC,76,3,1293,13.1,20.6,0.635,0.0,0.3,0.14300000000000002,13.0,20.3,0.6409999999999999,5.2,8.3,0.626,3.9,7.6,11.5,2.8,1.4,2.0,2.6,5.4,31.4,124.0,109.0,2018,Montrezl Harrell-2018,0.0,Not Selected,Center,LAC,0.03414634146341464
2017-18,Devin Harris,harride01,PG,34,TOT,71,1,1340,7.0,16.9,0.41200000000000003,2.9,8.5,0.348,4.0,8.5,0.47600000000000003,5.3,6.3,0.835,0.4,4.3,4.7,5.7,1.8,0.4,2.8,5.9,22.2,110.0,111.0,2018,Devin Harris-2018,0.0,Not Selected,Guard,TOT,0.03333333333333333
2017-18,Gary Harris,harriga01,SG,23,DEN,67,65,2304,9.5,19.5,0.485,3.4,8.5,0.396,6.1,11.1,0.5529999999999999,2.9,3.5,0.8270000000000001,0.8,3.0,3.8,4.2,2.6,0.3,2.6,2.6,25.2,115.0,112.0,2018,Gary Harris-2018,0.0,Not Selected,Guard,DEN,0.03739837398373984
2017-18,Joe Harris,harrijo01,SG,26,BRK,78,14,1975,7.5,15.3,0.491,3.7,8.8,0.419,3.8,6.5,0.589,2.1,2.6,0.8270000000000001,1.3,5.1,6.4,3.1,0.9,0.5,2.2,3.8,20.8,116.0,113.0,2018,Joe Harris-2018,0.0,Not Selected,Guard,BRK,0.022764227642276424
2017-18,Tobias Harris,harrito02,PF,25,TOT,80,80,2668,10.4,22.6,0.46,3.4,8.2,0.41100000000000003,7.0,14.4,0.488,3.3,4.0,0.8290000000000001,1.1,7.0,8.1,3.6,1.3,0.6,1.9,3.0,27.5,112.0,110.0,2018,Tobias Harris-2018,0.0,Not Selected,Forward,TOT,0.03333333333333333
2017-18,Aaron Harrison,harriaa01,SG,23,DAL,9,3,233,4.1,14.9,0.275,1.9,9.3,0.209,2.2,5.6,0.385,2.8,3.7,0.765,0.9,4.3,5.2,2.4,1.9,0.4,0.6,5.8,12.9,87.0,110.0,2018,Aaron Harrison-2018,0.0,Not Selected,Guard,DAL,0.01951219512195122
2017-18,Andrew Harrison,harrian01,PG,23,MEM,56,46,1326,6.9,16.4,0.42200000000000004,1.8,5.4,0.331,5.1,10.9,0.467,4.7,6.1,0.78,0.9,4.1,5.0,6.7,1.4,1.0,3.1,5.3,20.3,106.0,113.0,2018,Andrew Harrison-2018,0.0,Not Selected,Guard,MEM,0.01788617886178862
2017-18,Shaquille Harrison,harrish01,PG,24,PHO,23,2,384,7.4,15.5,0.47600000000000003,0.7,3.2,0.231,6.6,12.2,0.541,3.5,4.7,0.737,1.1,6.5,7.6,6.9,3.2,0.9,2.7,5.2,18.9,109.0,109.0,2018,Shaquille Harrison-2018,0.0,Not Selected,Guard,PHO,0.01707317073170732
2017-18,Josh Hart,hartjo01,SG,22,LAL,63,23,1461,5.8,12.3,0.469,2.6,6.5,0.396,3.2,5.8,0.551,2.2,3.1,0.7020000000000001,1.4,7.2,8.6,2.6,1.5,0.5,1.5,3.5,16.2,116.0,109.0,2018,Josh Hart-2018,0.0,Not Selected,Guard,LAL,0.028455284552845527
2017-18,Udonis Haslem,hasleud01,C,37,MIA,14,0,72,2.1,10.5,0.2,0.7,5.6,0.125,1.4,4.9,0.28600000000000003,0.7,1.4,0.5,2.1,4.9,7.0,3.5,0.0,1.4,1.4,2.1,5.6,71.0,111.0,2018,Udonis Haslem-2018,0.0,Not Selected,Center,MIA,0.03577235772357724
2017-18,Nigel Hayes,hayesni01,SF,23,TOT,9,0,122,4.5,13.6,0.33299999999999996,1.6,6.6,0.25,2.9,7.0,0.41200000000000003,0.4,1.2,0.33299999999999996,1.6,7.4,9.1,2.5,0.8,1.2,0.8,3.3,11.1,82.0,112.0,2018,Nigel Hayes-2018,0.0,Not Selected,Forward,TOT,0.03333333333333333
2017-18,Gordon Hayward,haywago01,SF,27,BOS,1,1,5,10.0,20.0,0.5,0.0,10.0,0.0,10.0,10.0,1.0,0.0,0.0,0.0,0.0,10.0,10.0,0.0,0.0,0.0,0.0,10.0,20.0,99.0,107.0,2018,Gordon Hayward-2018,0.0,Not Selected,Forward,BOS,0.044715447154471545
2017-18,Reggie Hearn,hearnre01,SG,26,DET,3,0,7,7.1,14.3,0.5,7.1,14.3,0.5,0.0,0.0,0.0,0.0,0.0,0.0,0.0,0.0,0.0,0.0,0.0,0.0,0.0,0.0,21.4,143.0,116.0,2018,Reggie Hearn-2018,0.0,Not Selected,Guard,DET,0.03170731707317073
2017-18,Myke Henry,henrymy01,SF,25,MEM,20,0,378,5.5,14.6,0.376,2.5,7.8,0.32799999999999996,2.9,6.8,0.431,0.8,1.3,0.6,1.3,3.7,5.1,2.9,4.1,0.8,2.5,3.7,14.3,91.0,107.0,2018,Myke Henry-2018,0.0,Not Selected,Forward,MEM,0.01788617886178862
2017-18,John Henson,hensojo01,C,27,MIL,76,69,1970,7.3,12.7,0.5720000000000001,0.0,0.2,0.14300000000000002,7.2,12.5,0.578,2.3,4.0,0.57,3.8,9.2,13.0,2.9,1.1,2.8,2.1,5.1,16.8,115.0,108.0,2018,John Henson-2018,0.0,Not Selected,Center,MIL,0.03577235772357724
2017-18,Juan Hernangómez,hernaju01,PF,22,DEN,25,3,277,5.2,13.4,0.387,2.5,8.9,0.28,2.7,4.5,0.6,1.8,2.1,0.833,3.2,6.4,9.7,2.1,1.1,0.5,1.6,4.5,14.7,109.0,113.0,2018,Juan Hernangómez-2018,0.0,Not Selected,Forward,DEN,0.03739837398373984
2017-18,Willy Hernangómez,hernawi01,C,23,TOT,48,1,495,9.0,16.3,0.555,0.5,1.2,0.41700000000000004,8.5,15.1,0.5660000000000001,5.9,8.9,0.6559999999999999,6.1,12.1,18.2,3.3,1.8,1.6,3.5,6.4,24.4,117.0,106.0,2018,Willy Hernangómez-2018,0.0,Not Selected,Center,TOT,0.03333333333333333
2017-18,Mario Hezonja,hezonma01,SF,22,ORL,75,30,1657,8.1,18.2,0.442,2.7,7.9,0.337,5.4,10.3,0.523,2.5,3.1,0.8190000000000001,1.2,7.1,8.3,3.1,2.4,0.9,2.5,4.0,21.3,103.0,108.0,2018,Mario Hezonja-2018,0.0,Not Selected,Forward,ORL,0.02032520325203252
2017-18,Isaiah Hicks,hicksis01,PF,23,NYK,18,0,240,6.8,14.9,0.45799999999999996,0.4,1.9,0.222,6.4,13.0,0.49200000000000005,2.5,3.7,0.667,2.1,6.4,8.5,3.3,0.4,0.8,3.3,9.3,16.5,95.0,113.0,2018,Isaiah Hicks-2018,0.0,Not Selected,Forward,NYK,0.023577235772357725
2017-18,Buddy Hield,hieldbu01,SG,25,SAC,80,12,2024,10.4,23.3,0.446,4.4,10.2,0.431,6.0,13.1,0.457,1.8,2.0,0.877,1.4,6.3,7.7,3.9,2.1,0.5,3.1,3.7,27.0,104.0,111.0,2018,Buddy Hield-2018,0.0,Not Selected,Guard,SAC,0.02195121951219512
2017-18,Nenê,hilarne01,C,35,HOU,52,4,758,8.8,15.5,0.569,0.0,0.1,0.0,8.8,15.4,0.574,4.4,6.9,0.636,3.5,7.9,11.4,2.9,1.8,0.9,2.5,8.0,22.1,117.0,105.0,2018,Nenê-2018,0.0,Not Selected,Center,HOU,0.052845528455284556
2017-18,George Hill,hillge01,PG,31,TOT,67,60,1812,6.5,14.1,0.46,2.3,5.7,0.415,4.2,8.5,0.49,3.0,3.9,0.7859999999999999,1.2,3.8,5.0,5.1,1.7,0.7,2.4,3.5,18.4,113.0,113.0,2018,George Hill-2018,0.0,Not Selected,Guard,TOT,0.03333333333333333
2017-18,Solomon Hill,hillso01,SF,26,NOP,12,1,187,2.8,10.5,0.268,1.0,5.4,0.19,1.8,5.1,0.35,0.8,1.5,0.5,2.3,6.9,9.2,5.6,1.8,0.3,2.3,5.6,7.4,84.0,109.0,2018,Solomon Hill-2018,0.0,Not Selected,Forward,NOP,0.03902439024390244
2017-18,Darrun Hilliard,hillida01,SG,24,SAS,14,0,95,2.7,10.1,0.263,0.0,3.2,0.0,2.7,6.9,0.385,3.2,3.7,0.857,0.0,3.7,3.7,5.9,1.1,0.0,2.1,3.7,8.5,84.0,110.0,2018,Darrun Hilliard-2018,0.0,Not Selected,Guard,SAS,0.038211382113821135
2017-18,Jrue Holiday,holidjr01,SG,27,NOP,81,81,2927,10.0,20.3,0.494,2.0,5.8,0.337,8.1,14.5,0.557,3.0,3.9,0.7859999999999999,1.0,4.9,6.0,7.9,2.0,1.0,3.5,3.3,25.1,110.0,109.0,2018,Jrue Holiday-2018,0.0,Not Selected,Guard,NOP,0.03902439024390244
2017-18,Justin Holiday,holidju01,SG,28,CHI,72,72,2265,6.3,16.9,0.371,3.5,9.7,0.359,2.8,7.2,0.387,2.9,3.5,0.823,0.7,5.6,6.3,3.3,1.7,0.7,2.0,2.9,18.9,100.0,111.0,2018,Justin Holiday-2018,0.0,Not Selected,Guard,CHI,0.02195121951219512
2017-18,John Holland,hollajo02,SF,29,CLE,24,0,174,4.8,16.6,0.28800000000000003,3.1,10.1,0.306,1.7,6.5,0.261,2.5,3.7,0.6920000000000001,1.7,5.1,6.8,1.4,2.0,0.6,2.3,2.8,15.2,84.0,112.0,2018,John Holland-2018,0.0,Not Selected,Forward,CLE,0.04065040650406504
2017-18,Rondae Hollis-Jefferson,holliro01,SF,23,BRK,68,59,1920,8.6,18.3,0.47200000000000003,0.3,1.4,0.24100000000000002,8.3,16.9,0.491,6.3,8.0,0.7879999999999999,2.6,9.1,11.6,4.2,1.6,1.2,3.1,3.7,23.9,108.0,109.0,2018,Rondae Hollis-Jefferson-2018,0.0,Not Selected,Forward,BRK,0.022764227642276424
2017-18,Richaun Holmes,holmeri01,C,24,PHI,48,2,746,8.7,15.5,0.56,0.3,2.0,0.129,8.4,13.5,0.624,2.4,3.6,0.6609999999999999,3.7,9.9,13.6,3.9,1.3,1.9,1.6,6.3,20.1,121.0,103.0,2018,Richaun Holmes-2018,0.0,Not Selected,Center,PHI,0.04227642276422764
2017-18,Rodney Hood,hoodro01,SG,25,TOT,60,23,1616,9.9,23.1,0.429,3.9,10.3,0.381,6.0,12.9,0.467,3.4,4.0,0.86,0.7,4.4,5.1,2.9,1.4,0.4,2.2,3.2,27.2,106.0,110.0,2018,Rodney Hood-2018,0.0,Not Selected,Guard,TOT,0.03333333333333333
2017-18,Scotty Hopson,hopsosc01,SG,28,DAL,1,0,8,0.0,6.3,0.0,0.0,0.0,0.0,0.0,6.3,0.0,6.3,12.5,0.5,0.0,0.0,0.0,6.3,0.0,0.0,6.3,0.0,6.3,53.0,118.0,2018,Scotty Hopson-2018,0.0,Not Selected,Guard,DAL,0.01951219512195122
2017-18,Al Horford,horfoal01,C,31,BOS,72,72,2277,8.1,16.5,0.489,2.1,5.0,0.429,5.9,11.6,0.514,2.1,2.6,0.7829999999999999,2.3,9.4,11.6,7.4,0.9,1.7,2.9,3.0,20.3,115.0,103.0,2018,Al Horford-2018,0.0,Not Selected,Center,BOS,0.044715447154471545
2017-18,Danuel House,houseda01,SG,24,PHO,23,3,403,6.7,15.3,0.434,1.8,6.9,0.259,4.9,8.4,0.5770000000000001,3.0,3.7,0.8059999999999999,1.5,7.5,9.0,3.0,0.8,0.7,1.3,2.7,18.1,111.0,114.0,2018,Danuel House-2018,0.0,Not Selected,Guard,PHO,0.01707317073170732
2017-18,Dwight Howard,howardw01,C,32,CHO,81,81,2463,10.0,18.0,0.555,0.0,0.1,0.14300000000000002,10.0,17.9,0.5589999999999999,6.6,11.5,0.574,5.0,15.0,20.0,2.1,1.0,2.6,4.1,4.9,26.7,108.0,104.0,2018,Dwight Howard-2018,0.0,Not Selected,Center,CHO,0.02926829268292683
2017-18,Josh Huestis,huestjo01,PF,26,OKC,69,10,982,3.0,9.2,0.33,1.7,5.8,0.287,1.4,3.4,0.40299999999999997,0.3,1.0,0.3,2.1,6.0,8.1,1.0,0.8,2.2,1.3,4.1,8.0,91.0,109.0,2018,Josh Huestis-2018,0.0,Not Selected,Forward,OKC,0.03902439024390244
2017-18,R.J. Hunter,hunterj01,SG,24,HOU,5,1,45,7.7,21.9,0.35,3.3,15.3,0.214,4.4,6.6,0.667,2.2,2.2,1.0,0.0,5.5,5.5,3.3,3.3,0.0,2.2,7.7,20.8,92.0,105.0,2018,R.J. Hunter-2018,0.0,Not Selected,Guard,HOU,0.052845528455284556
2017-18,Vince Hunter,huntevi01,PF,23,MEM,4,0,7,21.7,36.1,0.6,0.0,0.0,0.0,21.7,36.1,0.6,0.0,0.0,0.0,14.4,7.2,21.7,0.0,0.0,7.2,7.2,0.0,43.3,104.0,107.0,2018,Vince Hunter-2018,0.0,Not Selected,Forward,MEM,0.01788617886178862
2017-18,Serge Ibaka,ibakase01,PF,28,TOR,76,76,2093,8.9,18.5,0.483,2.5,7.0,0.36,6.4,11.5,0.5589999999999999,2.2,2.8,0.797,1.8,9.4,11.3,1.5,0.7,2.3,2.1,4.9,22.6,109.0,105.0,2018,Serge Ibaka-2018,0.0,Not Selected,Forward,TOR,0.04796747967479675
2017-18,Andre Iguodala,iguodan01,SF,34,GSW,64,7,1622,4.4,9.5,0.46299999999999997,1.0,3.5,0.282,3.4,6.0,0.5670000000000001,1.6,2.6,0.632,1.5,5.8,7.3,6.2,1.6,1.1,2.0,2.9,11.4,113.0,109.0,2018,Andre Iguodala-2018,0.0,Not Selected,Forward,GSW,0.04715447154471545
2017-18,Ersan İlyasova,ilyaser01,PF,30,TOT,69,43,1729,7.8,17.2,0.452,2.6,7.1,0.36,5.2,10.1,0.517,3.0,3.8,0.778,3.3,8.1,11.4,2.5,1.7,0.7,2.0,4.4,21.1,111.0,108.0,2018,Ersan İlyasova-2018,0.0,Not Selected,Forward,TOT,0.03333333333333333
2017-18,Joe Ingles,inglejo01,SF,30,UTA,82,81,2578,6.5,14.0,0.467,4.0,9.0,0.44,2.5,4.9,0.516,1.3,1.6,0.795,0.5,6.2,6.7,7.6,1.8,0.4,3.1,3.5,18.3,115.0,106.0,2018,Joe Ingles-2018,0.0,Not Selected,Forward,UTA,0.03902439024390244
2017-18,Andre Ingram,ingraan01,SG,32,LAL,2,0,64,6.0,12.7,0.47100000000000003,3.7,6.7,0.556,2.2,6.0,0.375,2.2,2.2,1.0,0.7,3.7,4.5,5.2,2.2,2.2,2.2,2.2,17.9,124.0,107.0,2018,Andre Ingram-2018,0.0,Not Selected,Guard,LAL,0.028455284552845527
2017-18,Brandon Ingram,ingrabr01,SF,20,LAL,59,59,1975,8.7,18.4,0.47,1.0,2.5,0.39,7.7,15.9,0.483,4.7,6.8,0.6809999999999999,1.4,6.2,7.6,5.6,1.1,1.0,3.6,3.9,23.0,104.0,109.0,2018,Brandon Ingram-2018,0.0,Not Selected,Forward,LAL,0.028455284552845527
2017-18,Kyrie Irving,irvinky01,PG,25,BOS,60,60,1931,13.8,28.1,0.491,4.3,10.5,0.408,9.5,17.6,0.541,6.0,6.8,0.889,0.9,5.0,5.9,7.9,1.7,0.4,3.6,3.2,37.9,118.0,106.0,2018,Kyrie Irving-2018,0.0,Not Selected,Guard,BOS,0.044715447154471545
2017-18,Jonathan Isaac,isaacjo01,PF,20,ORL,27,10,536,5.0,13.2,0.379,1.5,4.2,0.348,3.6,9.0,0.39399999999999996,1.7,2.3,0.76,1.5,7.6,9.0,1.6,3.0,2.7,2.5,4.4,13.2,87.0,104.0,2018,Jonathan Isaac-2018,0.0,Not Selected,Forward,ORL,0.02032520325203252
2017-18,Wesley Iwundu,iwundwe01,SF,23,ORL,62,12,1020,4.5,10.5,0.42700000000000005,0.4,2.2,0.196,4.0,8.3,0.488,1.6,2.3,0.723,1.7,4.8,6.6,2.7,1.6,0.6,1.4,3.9,11.0,100.0,112.0,2018,Wesley Iwundu-2018,0.0,Not Selected,Forward,ORL,0.02032520325203252
2017-18,Jarrett Jack,jackja01,PG,34,NYK,62,56,1548,6.1,14.2,0.42700000000000005,0.8,2.8,0.29100000000000004,5.3,11.4,0.45899999999999996,2.0,2.4,0.84,0.7,5.4,6.1,11.1,1.1,0.1,3.7,3.1,14.9,103.0,114.0,2018,Jarrett Jack-2018,0.0,Not Selected,Guard,NYK,0.023577235772357725
2017-18,Aaron Jackson,jacksaa01,PG,31,HOU,1,0,35,4.2,12.7,0.33299999999999996,1.4,5.6,0.25,2.8,7.0,0.4,1.4,2.8,0.5,2.8,1.4,4.2,1.4,0.0,0.0,1.4,5.6,11.2,91.0,114.0,2018,Aaron Jackson-2018,0.0,Not Selected,Guard,HOU,0.052845528455284556
2017-18,Demetrius Jackson,jacksde01,PG,23,TOT,15,0,80,4.3,11.0,0.389,0.6,4.3,0.14300000000000002,3.7,6.7,0.545,0.6,1.2,0.5,3.1,4.3,7.3,5.5,3.1,0.6,6.1,4.3,9.8,77.0,105.0,2018,Demetrius Jackson-2018,0.0,Not Selected,Guard,TOT,0.03333333333333333
2017-18,Josh Jackson,jacksjo02,SF,20,PHO,77,35,1959,9.5,22.8,0.41700000000000004,1.4,5.3,0.263,8.1,17.5,0.46399999999999997,4.3,6.8,0.634,2.3,6.3,8.6,2.9,2.0,0.9,3.6,5.3,24.7,93.0,112.0,2018,Josh Jackson-2018,0.0,Not Selected,Forward,PHO,0.01707317073170732
2017-18,Justin Jackson,jacksju01,SF,22,SAC,68,41,1506,6.2,14.1,0.442,1.9,6.2,0.308,4.3,7.9,0.547,0.9,1.2,0.722,0.9,5.4,6.3,2.5,0.9,0.4,1.3,2.7,15.2,103.0,114.0,2018,Justin Jackson-2018,0.0,Not Selected,Forward,SAC,0.02195121951219512
2017-18,Reggie Jackson,jacksre01,PG,27,DET,45,45,1201,10.2,24.0,0.426,2.2,7.0,0.308,8.1,16.9,0.475,4.7,5.6,0.836,1.2,4.0,5.2,9.9,1.1,0.2,4.1,3.6,27.2,105.0,111.0,2018,Reggie Jackson-2018,0.0,Not Selected,Guard,DET,0.03170731707317073
2017-18,LeBron James,jamesle01,PF,33,CLE,82,82,3026,13.9,25.6,0.542,2.4,6.6,0.36700000000000005,11.5,19.0,0.603,6.3,8.6,0.731,1.6,9.9,11.5,12.1,1.9,1.1,5.6,2.2,36.4,118.0,109.0,2018,LeBron James-2018,1.0,1st,Forward,CLE,0.04065040650406504
2017-18,Mike James,jamesmi02,PG,27,TOT,36,10,687,8.6,22.4,0.38299999999999995,1.8,6.8,0.265,6.8,15.5,0.435,4.5,5.9,0.762,0.9,5.4,6.3,8.8,2.0,0.5,3.4,3.3,23.4,99.0,113.0,2018,Mike James-2018,0.0,Not Selected,Guard,TOT,0.03333333333333333
2017-18,Al Jefferson,jeffeal01,C,33,IND,36,1,484,11.5,21.5,0.534,0.0,0.3,0.0,11.5,21.2,0.541,3.1,3.7,0.833,3.1,11.7,14.8,3.1,1.7,2.4,2.2,6.8,26.0,113.0,104.0,2018,Al Jefferson-2018,0.0,Not Selected,Center,IND,0.03902439024390244
2017-18,Richard Jefferson,jefferi01,SF,37,DEN,20,0,163,3.6,8.2,0.444,0.6,2.1,0.28600000000000003,3.0,6.1,0.5,1.2,2.1,0.5710000000000001,0.6,4.6,5.2,4.6,0.6,0.3,1.5,3.3,9.1,106.0,115.0,2018,Richard Jefferson-2018,0.0,Not Selected,Forward,DEN,0.03739837398373984
2017-18,Brandon Jennings,jennibr01,PG,28,MIL,14,0,205,6.6,17.5,0.375,2.2,8.0,0.273,4.4,9.5,0.462,2.4,2.4,1.0,1.2,6.3,7.5,10.7,1.5,1.0,4.4,2.7,17.8,99.0,111.0,2018,Brandon Jennings-2018,0.0,Not Selected,Guard,MIL,0.03577235772357724
2017-18,Jonas Jerebko,jerebjo01,PF,30,UTA,74,19,1134,7.0,15.1,0.466,2.9,6.9,0.414,4.2,8.1,0.511,2.0,2.5,0.807,2.3,8.5,10.9,1.9,1.1,0.5,1.2,5.6,19.0,118.0,106.0,2018,Jonas Jerebko-2018,0.0,Not Selected,Forward,UTA,0.03902439024390244
2017-18,Amir Johnson,johnsam01,C,30,PHI,74,18,1171,5.8,10.7,0.5379999999999999,0.4,1.3,0.313,5.3,9.4,0.57,2.1,3.5,0.612,5.1,8.5,13.6,4.8,1.8,1.8,2.3,7.9,14.0,121.0,103.0,2018,Amir Johnson-2018,0.0,Not Selected,Center,PHI,0.04227642276422764
2017-18,Brice Johnson,johnsbr02,PF,23,TOT,18,0,98,10.2,21.3,0.47600000000000003,0.0,0.5,0.0,10.2,20.8,0.488,1.5,2.5,0.6,4.6,11.2,15.8,1.0,4.6,3.0,2.5,6.6,21.8,96.0,99.0,2018,Brice Johnson-2018,0.0,Not Selected,Forward,TOT,0.03333333333333333
2017-18,Dakari Johnson,johnsda04,C,22,OKC,31,6,161,6.8,12.0,0.564,0.0,0.0,0.0,6.8,12.0,0.564,3.4,6.2,0.55,4.9,5.5,10.5,2.5,1.8,2.5,0.9,8.3,17.0,128.0,106.0,2018,Dakari Johnson-2018,0.0,Not Selected,Center,OKC,0.03902439024390244
2017-18,James Johnson,johnsja01,PF,30,MIA,73,41,1943,8.0,15.9,0.503,1.5,4.8,0.308,6.5,11.1,0.5870000000000001,2.9,4.2,0.698,1.6,7.7,9.3,7.2,1.8,1.3,3.6,5.0,20.4,109.0,105.0,2018,James Johnson-2018,0.0,Not Selected,Forward,MIA,0.03577235772357724
2017-18,Joe Johnson,johnsjo02,SF,36,TOT,55,4,1205,6.0,14.9,0.406,1.7,6.0,0.276,4.4,8.9,0.493,1.7,1.9,0.889,0.6,6.5,7.1,3.4,0.7,0.3,2.0,2.8,15.4,98.0,109.0,2018,Joe Johnson-2018,0.0,Not Selected,Forward,TOT,0.03333333333333333
2017-18,Omari Johnson,johnsom01,PF,28,MEM,4,0,75,6.1,14.2,0.429,2.7,8.1,0.33299999999999996,3.4,6.1,0.556,0.0,0.0,0.0,2.7,4.7,7.4,4.7,1.3,0.0,2.0,4.0,14.8,108.0,114.0,2018,Omari Johnson-2018,0.0,Not Selected,Forward,MEM,0.01788617886178862
2017-18,Stanley Johnson,johnsst04,SF,21,DET,69,50,1894,5.5,14.7,0.375,1.8,6.2,0.28600000000000003,3.8,8.6,0.439,2.9,3.8,0.772,0.9,5.8,6.6,2.9,2.5,0.4,2.0,4.5,15.8,97.0,107.0,2018,Stanley Johnson-2018,0.0,Not Selected,Forward,DET,0.03170731707317073
2017-18,Tyler Johnson,johnsty01,PG,25,MIA,72,39,2052,7.6,17.4,0.435,2.9,7.9,0.36700000000000005,4.6,9.5,0.491,2.6,3.2,0.8220000000000001,0.8,5.2,6.1,4.0,1.5,0.8,2.0,3.6,20.6,109.0,108.0,2018,Tyler Johnson-2018,0.0,Not Selected,Guard,MIA,0.03577235772357724
2017-18,Wesley Johnson,johnswe01,SF,30,LAC,74,40,1486,4.9,12.0,0.408,2.0,5.8,0.33899999999999997,2.9,6.2,0.47100000000000003,1.4,1.9,0.741,0.9,6.1,7.1,2.0,2.5,2.0,1.8,4.8,13.2,99.0,107.0,2018,Wesley Johnson-2018,0.0,Not Selected,Forward,LAC,0.03414634146341464
2017-18,Nikola Jokić,jokicni01,C,22,DEN,75,73,2443,10.2,20.5,0.499,2.3,5.7,0.396,8.0,14.8,0.5379999999999999,5.4,6.4,0.85,4.0,12.3,16.3,9.3,1.8,1.2,4.3,4.3,28.1,121.0,107.0,2018,Nikola Jokić-2018,0.0,Not Selected,Center,DEN,0.03739837398373984
2017-18,Damian Jones,jonesda03,C,22,GSW,15,0,89,6.0,11.9,0.5,0.0,0.0,0.0,6.0,11.9,0.5,1.6,2.7,0.6,2.7,4.9,7.6,1.1,0.5,1.6,2.2,7.6,13.5,99.0,111.0,2018,Damian Jones-2018,0.0,Not Selected,Center,GSW,0.04715447154471545
2017-18,Derrick Jones Jr.,jonesde02,SF,20,TOT,20,8,245,4.3,10.8,0.396,0.6,3.7,0.16699999999999998,3.7,7.1,0.514,3.3,4.9,0.667,4.3,3.5,7.7,1.8,0.8,2.6,1.4,4.9,12.4,107.0,109.0,2018,Derrick Jones Jr.-2018,0.0,Not Selected,Forward,TOT,0.03333333333333333
2017-18,Jalen Jones,jonesja04,SF,24,TOT,16,0,181,7.2,18.8,0.382,2.8,7.2,0.385,4.4,11.6,0.381,3.3,5.2,0.632,3.6,6.9,10.5,1.1,1.4,0.3,1.9,6.1,20.4,98.0,110.0,2018,Jalen Jones-2018,0.0,Not Selected,Forward,TOT,0.03333333333333333
2017-18,Tyus Jones,jonesty01,PG,21,MIN,82,11,1467,5.1,11.2,0.457,1.5,4.4,0.349,3.6,6.8,0.528,2.4,2.8,0.877,0.5,4.0,4.5,7.9,3.2,0.2,2.0,3.7,14.2,119.0,110.0,2018,Tyus Jones-2018,0.0,Not Selected,Guard,MIN,0.038211382113821135
2017-18,DeAndre Jordan,jordade01,C,29,LAC,77,77,2424,7.5,11.6,0.645,0.0,0.0,0.0,7.5,11.6,0.645,3.6,6.3,0.58,6.6,16.9,23.5,2.3,0.8,1.4,2.7,4.1,18.6,125.0,105.0,2018,DeAndre Jordan-2018,0.0,Not Selected,Center,LAC,0.03414634146341464
2017-18,Cory Joseph,josepco01,PG,26,IND,82,17,2210,5.8,13.7,0.424,1.5,4.3,0.353,4.3,9.4,0.457,1.6,2.1,0.745,0.9,5.1,5.9,5.9,1.8,0.4,2.0,3.2,14.7,106.0,110.0,2018,Cory Joseph-2018,0.0,Not Selected,Guard,IND,0.03902439024390244
2017-18,Frank Kaminsky,kaminfr01,PF,24,CHO,79,4,1835,8.2,19.0,0.429,2.8,7.3,0.38,5.4,11.7,0.45899999999999996,4.1,5.2,0.799,1.2,6.4,7.7,3.4,1.0,0.5,1.8,2.5,23.2,110.0,111.0,2018,Frank Kaminsky-2018,0.0,Not Selected,Forward,CHO,0.02926829268292683
2017-18,Enes Kanter,kanteen01,C,25,NYK,71,71,1830,11.4,19.3,0.5920000000000001,0.0,0.1,0.0,11.4,19.3,0.594,4.2,5.0,0.848,7.4,13.7,21.1,2.8,1.0,1.0,3.3,5.1,27.1,122.0,108.0,2018,Enes Kanter-2018,0.0,Not Selected,Center,NYK,0.023577235772357725
2017-18,Luke Kennard,kennalu01,SG,21,DET,73,9,1463,7.0,15.9,0.44299999999999995,2.8,6.6,0.415,4.3,9.2,0.46299999999999997,2.2,2.6,0.855,0.7,5.3,6.0,4.2,1.5,0.4,2.4,2.9,19.0,108.0,109.0,2018,Luke Kennard-2018,0.0,Not Selected,Guard,DET,0.03170731707317073
2017-18,Michael Kidd-Gilchrist,kiddgmi01,SF,24,CHO,74,74,1850,7.4,14.8,0.504,0.0,0.1,0.0,7.4,14.7,0.505,3.1,4.5,0.684,2.2,5.7,8.0,1.9,1.3,0.8,1.4,3.8,18.0,110.0,110.0,2018,Michael Kidd-Gilchrist-2018,0.0,Not Selected,Forward,CHO,0.02926829268292683
2017-18,Sean Kilpatrick,kilpase01,SG,28,TOT,52,1,640,8.4,22.5,0.374,3.5,11.0,0.319,4.9,11.5,0.42700000000000005,4.9,5.5,0.889,0.4,6.3,6.7,3.5,1.0,0.4,2.9,2.5,25.3,97.0,113.0,2018,Sean Kilpatrick-2018,0.0,Not Selected,Guard,TOT,0.03333333333333333
2017-18,Maxi Kleber,klebima01,PF,26,DAL,72,36,1206,6.3,12.9,0.489,1.7,5.3,0.313,4.6,7.5,0.613,1.8,2.5,0.746,3.0,6.8,9.7,2.1,1.1,2.0,1.2,4.7,16.1,117.0,109.0,2018,Maxi Kleber-2018,0.0,Not Selected,Forward,DAL,0.01951219512195122
2017-18,Furkan Korkmaz,korkmfu01,SG,20,PHI,14,0,80,4.8,16.8,0.28600000000000003,3.0,10.2,0.294,1.8,6.6,0.273,1.2,2.4,0.5,1.2,5.4,6.6,2.4,1.2,0.6,1.2,7.2,13.8,86.0,107.0,2018,Furkan Korkmaz-2018,0.0,Not Selected,Guard,PHI,0.04227642276422764
2017-18,Luke Kornet,kornelu01,PF,22,NYK,20,1,326,7.5,19.0,0.392,4.3,12.0,0.354,3.2,7.0,0.457,1.2,1.7,0.727,1.7,8.1,9.7,4.0,0.9,2.4,1.8,4.3,20.4,106.0,110.0,2018,Luke Kornet-2018,0.0,Not Selected,Forward,NYK,0.023577235772357725
2017-18,Kyle Korver,korveky01,SG,36,CLE,73,4,1574,6.9,15.1,0.45899999999999996,5.1,11.7,0.436,1.8,3.4,0.537,2.0,2.2,0.889,0.3,4.9,5.1,2.7,1.0,0.8,1.7,4.0,20.9,120.0,114.0,2018,Kyle Korver-2018,0.0,Not Selected,Guard,CLE,0.04065040650406504
2017-18,Kosta Koufos,koufoko01,C,28,SAC,71,13,1391,8.1,14.1,0.5710000000000001,0.0,0.0,0.0,8.1,14.1,0.5710000000000001,1.2,2.7,0.446,5.4,11.7,17.2,3.2,1.7,1.2,1.8,5.3,17.3,117.0,108.0,2018,Kosta Koufos-2018,0.0,Not Selected,Center,SAC,0.02195121951219512
2017-18,Kyle Kuzma,kuzmaky01,PF,22,LAL,77,37,2401,9.3,20.7,0.45,3.2,8.6,0.366,6.2,12.1,0.511,2.9,4.1,0.7070000000000001,1.8,7.9,9.6,2.8,1.0,0.7,2.8,3.2,24.7,105.0,109.0,2018,Kyle Kuzma-2018,0.0,Not Selected,Forward,LAL,0.028455284552845527
2017-18,Mindaugas Kuzminskas,kuzmimi01,SF,28,NYK,1,0,2,0.0,49.6,0.0,0.0,0.0,0.0,0.0,49.6,0.0,0.0,0.0,0.0,0.0,0.0,0.0,0.0,0.0,0.0,0.0,0.0,0.0,0.0,120.0,2018,Mindaugas Kuzminskas-2018,0.0,Not Selected,Forward,NYK,0.023577235772357725
2017-18,Skal Labissière,labissk01,PF,21,SAC,60,28,1240,8.4,18.7,0.44799999999999995,0.7,2.1,0.353,7.6,16.6,0.45899999999999996,3.9,4.8,0.805,4.0,7.7,11.7,2.9,1.0,2.0,3.0,5.4,21.3,103.0,111.0,2018,Skal Labissière-2018,0.0,Not Selected,Forward,SAC,0.02195121951219512
2017-18,Jeremy Lamb,lambje01,SG,25,CHO,80,18,1967,9.4,20.6,0.457,2.3,6.3,0.37,7.1,14.3,0.495,4.4,5.2,0.861,1.2,6.8,8.0,4.6,1.5,0.8,2.3,3.4,25.6,112.0,109.0,2018,Jeremy Lamb-2018,0.0,Not Selected,Guard,CHO,0.02926829268292683
2017-18,Shane Larkin,larkish01,PG,25,BOS,54,2,775,5.4,14.1,0.384,2.0,5.5,0.36,3.4,8.6,0.39799999999999996,2.1,2.4,0.865,1.0,5.0,5.9,6.3,1.9,0.1,2.1,3.7,14.9,104.0,106.0,2018,Shane Larkin-2018,0.0,Not Selected,Guard,BOS,0.044715447154471545
2017-18,Joffrey Lauvergne,lauvejo01,C,26,SAS,55,1,534,9.3,18.0,0.516,0.0,0.5,0.0,9.3,17.5,0.53,2.8,4.4,0.638,6.0,10.2,16.2,3.9,0.9,0.3,3.1,4.3,21.4,109.0,106.0,2018,Joffrey Lauvergne-2018,0.0,Not Selected,Center,SAS,0.038211382113821135
2017-18,Zach LaVine,lavinza01,SG,22,CHI,24,24,656,10.1,26.4,0.38299999999999995,3.1,9.2,0.341,7.0,17.3,0.405,6.5,8.0,0.813,0.7,6.3,7.0,5.4,1.8,0.3,3.2,4.1,29.8,99.0,111.0,2018,Zach LaVine-2018,0.0,Not Selected,Guard,CHI,0.02195121951219512
2017-18,Jake Layman,laymaja01,SF,23,POR,35,1,160,4.4,14.6,0.298,1.2,6.2,0.2,3.1,8.4,0.37,0.6,0.9,0.667,1.2,3.7,5.0,3.4,1.9,1.2,1.6,4.0,10.6,81.0,107.0,2018,Jake Layman-2018,0.0,Not Selected,Forward,POR,0.03983739837398374
2017-18,T.J. Leaf,leaftj01,PF,20,IND,53,0,459,7.0,14.8,0.47100000000000003,2.0,4.6,0.429,5.0,10.2,0.489,1.1,1.7,0.625,3.2,5.8,8.9,1.0,0.5,0.4,1.1,4.9,17.0,113.0,112.0,2018,T.J. Leaf-2018,0.0,Not Selected,Forward,IND,0.03902439024390244
2017-18,Courtney Lee,leeco01,SG,32,NYK,76,69,2310,7.4,16.2,0.45399999999999996,2.4,6.0,0.406,4.9,10.2,0.48200000000000004,2.4,2.7,0.919,0.6,4.2,4.8,3.9,1.7,0.4,1.8,2.3,19.6,112.0,113.0,2018,Courtney Lee-2018,0.0,Not Selected,Guard,NYK,0.023577235772357725
2017-18,Damion Lee,leeda03,SG,25,ATL,15,11,404,7.5,18.4,0.408,1.8,7.3,0.25,5.7,11.1,0.511,2.7,3.5,0.759,1.3,7.3,8.6,3.5,2.3,0.1,1.7,3.0,19.5,100.0,110.0,2018,Damion Lee-2018,0.0,Not Selected,Guard,ATL,0.01951219512195122
2017-18,Walt Lemon Jr.,lemonwa01,PG,25,NOP,5,0,35,9.5,21.8,0.43799999999999994,1.4,1.4,1.0,8.2,20.5,0.4,2.7,4.1,0.667,0.0,2.7,2.7,6.8,0.0,1.4,5.5,6.8,23.2,88.0,114.0,2018,Walt Lemon Jr.-2018,0.0,Not Selected,Guard,NOP,0.03902439024390244
2017-18,Alex Len,lenal01,C,24,PHO,69,13,1395,7.3,13.0,0.5660000000000001,0.0,0.1,0.33299999999999996,7.3,12.9,0.568,5.4,7.9,0.684,6.0,11.8,17.8,2.8,0.9,2.1,2.7,5.4,20.1,121.0,110.0,2018,Alex Len-2018,0.0,Not Selected,Center,PHO,0.01707317073170732
2017-18,Kawhi Leonard,leonaka01,SF,26,SAS,9,9,210,12.5,26.7,0.46799999999999997,2.6,8.4,0.314,9.9,18.3,0.539,7.5,9.1,0.816,1.4,8.7,10.1,5.1,4.3,2.2,3.8,2.2,35.1,109.0,97.0,2018,Kawhi Leonard-2018,0.0,Not Selected,Forward,SAS,0.038211382113821135
2017-18,Meyers Leonard,leoname01,C,25,POR,33,2,254,9.0,15.3,0.59,2.2,5.1,0.423,6.9,10.2,0.6729999999999999,1.8,2.2,0.818,2.4,11.4,13.7,3.3,1.4,0.0,2.0,7.1,21.9,129.0,106.0,2018,Meyers Leonard-2018,0.0,Not Selected,Center,POR,0.03983739837398374
2017-18,Jon Leuer,leuerjo01,PF,28,DET,8,0,136,5.5,13.2,0.41700000000000004,0.0,1.1,0.0,5.5,12.1,0.455,4.8,5.5,0.867,2.6,9.2,11.7,1.8,0.4,1.1,2.6,5.9,15.8,100.0,109.0,2018,Jon Leuer-2018,0.0,Not Selected,Forward,DET,0.03170731707317073
2017-18,Caris LeVert,leverca01,SF,23,BRK,71,10,1864,8.3,19.1,0.435,2.2,6.4,0.34700000000000003,6.1,12.8,0.48,3.5,4.9,0.711,1.4,5.4,6.8,7.8,2.1,0.6,4.0,4.1,22.3,103.0,110.0,2018,Caris LeVert-2018,0.0,Not Selected,Forward,BRK,0.022764227642276424
2017-18,DeAndre Liggins,liggide01,SG,29,TOT,58,4,724,2.7,7.2,0.377,1.3,3.6,0.358,1.4,3.6,0.396,0.1,0.3,0.4,0.5,4.6,5.1,3.3,2.5,1.0,1.4,5.5,6.9,95.0,109.0,2018,DeAndre Liggins-2018,0.0,Not Selected,Guard,TOT,0.03333333333333333
2017-18,Damian Lillard,lillada01,PG,27,POR,73,73,2670,11.6,26.4,0.439,4.2,11.7,0.361,7.3,14.6,0.501,9.2,10.0,0.9159999999999999,1.2,4.9,6.1,9.0,1.4,0.5,3.8,2.2,36.6,120.0,109.0,2018,Damian Lillard-2018,1.0,1st,Guard,POR,0.03983739837398374
2017-18,Jeremy Lin,linje01,PG,29,BRK,1,1,25,9.7,23.3,0.41700000000000004,1.9,3.9,0.5,7.8,19.4,0.4,13.6,13.6,1.0,0.0,0.0,0.0,7.8,0.0,0.0,5.8,5.8,35.0,110.0,119.0,2018,Jeremy Lin-2018,0.0,Not Selected,Guard,BRK,0.022764227642276424
2017-18,Shaun Livingston,livinsh01,PG,32,GSW,71,7,1129,7.3,14.6,0.501,0.0,0.2,0.0,7.3,14.4,0.509,2.1,2.6,0.82,1.4,4.2,5.6,6.0,1.5,0.9,2.5,5.0,16.8,108.0,110.0,2018,Shaun Livingston-2018,0.0,Not Selected,Guard,GSW,0.04715447154471545
2017-18,Kevon Looney,looneke01,C,21,GSW,66,4,910,5.9,10.2,0.58,0.1,0.3,0.2,5.9,10.0,0.59,2.2,4.1,0.545,4.4,7.0,11.4,2.2,1.8,3.0,1.6,5.6,14.1,121.0,106.0,2018,Kevon Looney-2018,0.0,Not Selected,Center,GSW,0.04715447154471545
2017-18,Brook Lopez,lopezbr01,C,29,LAL,74,72,1735,10.2,21.9,0.465,3.1,9.0,0.345,7.1,12.9,0.5489999999999999,3.1,4.4,0.703,2.0,6.1,8.1,3.5,0.8,2.7,2.7,5.4,26.5,108.0,108.0,2018,Brook Lopez-2018,0.0,Not Selected,Center,LAL,0.028455284552845527
2017-18,Robin Lopez,lopezro01,C,29,CHI,64,64,1690,9.9,18.6,0.53,0.1,0.4,0.28600000000000003,9.8,18.2,0.536,2.0,2.6,0.7559999999999999,3.9,4.5,8.4,3.6,0.4,1.5,3.1,3.1,21.8,106.0,114.0,2018,Robin Lopez-2018,0.0,Not Selected,Center,CHI,0.02195121951219512
2017-18,Kevin Love,loveke01,C,29,CLE,59,59,1651,9.9,21.6,0.45799999999999996,4.1,9.8,0.415,5.8,11.8,0.494,6.9,7.9,0.88,3.0,13.2,16.2,3.1,1.3,0.7,2.7,3.6,30.8,120.0,109.0,2018,Kevin Love-2018,0.0,Not Selected,Center,CLE,0.04065040650406504
2017-18,Kyle Lowry,lowryky01,PG,31,TOR,78,78,2510,7.9,18.5,0.42700000000000005,4.7,11.7,0.39899999999999997,3.2,6.8,0.474,4.4,5.1,0.8540000000000001,1.3,7.2,8.5,10.5,1.7,0.4,3.6,3.8,24.9,120.0,107.0,2018,Kyle Lowry-2018,0.0,Not Selected,Guard,TOR,0.04796747967479675
2017-18,Timothé Luwawu-Cabarrot,luwawti01,SF,22,PHI,52,7,807,6.0,15.9,0.375,3.2,9.4,0.335,2.8,6.5,0.431,2.7,3.5,0.7929999999999999,0.8,3.5,4.3,3.2,0.7,0.3,2.3,5.8,17.8,101.0,110.0,2018,Timothé Luwawu-Cabarrot-2018,0.0,Not Selected,Forward,PHI,0.04227642276422764
2017-18,Tyler Lydon,lydonty01,PF,21,DEN,1,0,2,0.0,0.0,0.0,0.0,0.0,0.0,0.0,0.0,0.0,0.0,0.0,0.0,0.0,0.0,0.0,0.0,0.0,0.0,0.0,0.0,0.0,0.0,120.0,2018,Tyler Lydon-2018,0.0,Not Selected,Forward,DEN,0.03739837398373984
2017-18,Trey Lyles,lylestr01,PF,22,DEN,73,2,1391,9.6,19.6,0.491,3.0,7.8,0.381,6.7,11.8,0.563,3.6,5.1,0.706,2.0,10.4,12.4,3.2,1.1,1.2,2.2,4.0,25.8,116.0,110.0,2018,Trey Lyles-2018,0.0,Not Selected,Forward,DEN,0.03739837398373984
2017-18,Shelvin Mack,macksh01,PG,27,ORL,69,3,1365,6.4,14.8,0.43,1.7,5.0,0.345,4.7,9.9,0.473,2.5,3.5,0.711,0.8,5.1,6.0,9.8,1.9,0.3,3.2,3.3,17.0,106.0,111.0,2018,Shelvin Mack-2018,0.0,Not Selected,Guard,ORL,0.02032520325203252
2017-18,Josh Magette,magetjo01,PG,28,ATL,18,0,216,3.4,10.4,0.326,1.8,5.0,0.364,1.6,5.4,0.292,1.8,1.8,1.0,0.5,3.8,4.3,12.9,1.8,0.2,2.0,3.6,10.4,116.0,113.0,2018,Josh Magette-2018,0.0,Not Selected,Guard,ATL,0.01951219512195122
2017-18,Ian Mahinmi,mahinia01,C,31,WAS,77,0,1145,6.0,10.8,0.556,0.0,0.1,0.0,6.0,10.7,0.561,3.9,5.6,0.703,5.9,7.7,13.5,2.3,1.6,1.8,4.3,10.0,15.9,107.0,107.0,2018,Ian Mahinmi-2018,0.0,Not Selected,Center,WAS,0.034959349593495934
2017-18,Thon Maker,makerth01,C,20,MIL,74,12,1238,5.2,12.7,0.41100000000000003,1.2,4.2,0.298,4.0,8.5,0.467,2.6,3.7,0.6990000000000001,3.0,6.0,9.1,1.9,1.5,2.1,1.8,6.5,14.3,103.0,110.0,2018,Thon Maker-2018,0.0,Not Selected,Center,MIL,0.03577235772357724
2017-18,Boban Marjanović,marjabo01,C,29,TOT,39,1,337,11.5,21.6,0.534,0.0,0.0,0.0,11.5,21.6,0.534,11.3,14.2,0.794,7.0,14.0,21.0,3.2,1.5,1.6,5.3,7.5,34.3,116.0,104.0,2018,Boban Marjanović-2018,0.0,Not Selected,Center,TOT,0.03333333333333333
2017-18,Lauri Markkanen,markkla01,PF,20,CHI,68,68,2020,9.0,20.8,0.434,3.5,9.7,0.36200000000000004,5.5,11.1,0.49700000000000005,3.4,4.0,0.843,1.9,10.4,12.3,1.9,0.9,1.0,2.0,2.5,25.0,107.0,110.0,2018,Lauri Markkanen-2018,0.0,Not Selected,Forward,CHI,0.02195121951219512
2017-18,Jarell Martin,martija01,PF,23,MEM,73,36,1661,6.7,15.1,0.446,1.0,3.0,0.34700000000000003,5.7,12.1,0.47,2.7,3.5,0.767,3.0,6.7,9.7,2.2,1.2,1.5,2.6,6.4,17.2,101.0,111.0,2018,Jarell Martin-2018,0.0,Not Selected,Forward,MEM,0.01788617886178862
2017-18,Frank Mason III,masonfr01,PG,23,SAC,52,2,984,7.4,19.5,0.379,1.6,4.4,0.36,5.8,15.1,0.384,4.8,5.9,0.8170000000000001,1.5,5.1,6.7,7.6,1.7,0.5,3.3,3.7,21.2,100.0,112.0,2018,Frank Mason III-2018,0.0,Not Selected,Guard,SAC,0.02195121951219512
2017-18,Mangok Mathiang,mathima01,C,25,CHO,4,0,20,9.8,17.1,0.5710000000000001,0.0,0.0,0.0,9.8,17.1,0.5710000000000001,0.0,2.4,0.0,7.3,17.1,24.4,0.0,2.4,0.0,0.0,12.2,19.5,122.0,103.0,2018,Mangok Mathiang-2018,0.0,Not Selected,Center,CHO,0.02926829268292683
2017-18,Wesley Matthews,matthwe02,SF,31,DAL,63,62,2131,6.7,16.4,0.406,3.6,9.5,0.381,3.1,6.9,0.441,2.0,2.4,0.8220000000000001,0.7,4.0,4.7,4.1,1.8,0.4,2.0,3.3,18.9,105.0,111.0,2018,Wesley Matthews-2018,0.0,Not Selected,Forward,DAL,0.01951219512195122
2017-18,Luc Mbah a Moute,mbahalu01,PF,31,HOU,61,15,1564,5.2,10.9,0.48100000000000004,2.0,5.4,0.364,3.2,5.4,0.599,2.0,3.0,0.684,0.7,5.2,5.9,1.7,2.3,0.8,2.1,3.1,14.5,107.0,106.0,2018,Luc Mbah a Moute-2018,0.0,Not Selected,Forward,HOU,0.052845528455284556
2017-18,James Michael McAdoo,mcadoja01,PF,25,PHI,3,0,18,5.3,18.7,0.28600000000000003,5.3,18.7,0.28600000000000003,0.0,0.0,0.0,5.3,5.3,1.0,0.0,5.3,5.3,0.0,0.0,2.7,2.7,2.7,21.4,94.0,108.0,2018,James Michael McAdoo-2018,0.0,Not Selected,Forward,PHI,0.04227642276422764
2017-18,Patrick McCaw,mccawpa01,SG,22,GSW,57,10,961,4.6,11.3,0.409,1.0,4.0,0.23800000000000002,3.7,7.3,0.503,1.3,1.7,0.765,0.8,3.3,4.1,4.1,2.2,0.5,2.1,3.4,11.5,96.0,110.0,2018,Patrick McCaw-2018,0.0,Not Selected,Guard,GSW,0.04715447154471545
2017-18,CJ McCollum,mccolcj01,SG,26,POR,81,81,2923,11.4,25.6,0.44299999999999995,3.2,8.1,0.397,8.1,17.5,0.465,3.6,4.3,0.836,0.9,4.6,5.5,4.6,1.3,0.6,2.6,2.9,29.5,108.0,109.0,2018,CJ McCollum-2018,0.0,Not Selected,Guard,POR,0.03983739837398374
2017-18,T.J. McConnell,mccontj01,PG,25,PHI,76,1,1706,5.9,11.9,0.499,0.8,1.7,0.435,5.2,10.1,0.51,0.9,1.1,0.795,1.0,5.3,6.4,8.5,2.6,0.4,3.2,3.4,13.5,109.0,105.0,2018,T.J. McConnell-2018,0.0,Not Selected,Guard,PHI,0.04227642276422764
2017-18,Erik McCree,mccreer01,SF,24,UTA,4,0,8,0.0,12.5,0.0,0.0,6.3,0.0,0.0,6.3,0.0,0.0,0.0,0.0,0.0,6.3,6.3,0.0,6.3,0.0,6.3,0.0,0.0,0.0,96.0,2018,Erik McCree-2018,0.0,Not Selected,Forward,UTA,0.03902439024390244
2017-18,Chris McCullough,mcculch01,PF,22,WAS,19,0,90,9.9,23.2,0.429,0.6,4.4,0.125,9.4,18.8,0.5,5.0,7.7,0.643,3.9,9.9,13.8,2.2,0.0,2.8,1.1,4.4,25.4,104.0,108.0,2018,Chris McCullough-2018,0.0,Not Selected,Forward,WAS,0.034959349593495934
2017-18,Doug McDermott,mcderdo01,SF,26,TOT,81,4,1768,6.7,14.3,0.467,2.6,6.1,0.426,4.1,8.2,0.49700000000000005,1.8,2.3,0.79,1.1,4.5,5.6,2.2,0.5,0.5,1.6,3.4,17.7,111.0,115.0,2018,Doug McDermott-2018,0.0,Not Selected,Forward,TOT,0.03333333333333333
2017-18,JaVale McGee,mcgeeja01,C,30,GSW,65,17,615,10.7,17.2,0.621,0.0,0.5,0.0,10.7,16.7,0.638,3.0,4.1,0.731,4.6,8.6,13.2,2.6,1.6,4.5,2.1,7.1,24.3,124.0,103.0,2018,JaVale McGee-2018,0.0,Not Selected,Center,GSW,0.04715447154471545
2017-18,Rodney McGruder,mcgruro01,SG,26,MIA,18,2,299,6.0,12.3,0.493,2.5,5.9,0.429,3.5,6.4,0.5529999999999999,0.7,1.3,0.5,1.8,3.5,5.4,2.9,1.3,0.5,0.7,3.5,15.3,124.0,110.0,2018,Rodney McGruder-2018,0.0,Not Selected,Guard,MIA,0.03577235772357724
2017-18,Trey McKinney-Jones,mckintr01,SG,27,IND,1,0,1,0.0,0.0,0.0,0.0,0.0,0.0,0.0,0.0,0.0,0.0,0.0,0.0,0.0,0.0,0.0,0.0,0.0,0.0,0.0,0.0,0.0,0.0,117.0,2018,Trey McKinney-Jones-2018,0.0,Not Selected,Guard,IND,0.03902439024390244
2017-18,Alfonzo McKinnie,mckinal01,SF,25,TOR,14,0,53,7.4,13.9,0.5329999999999999,2.8,8.4,0.33299999999999996,4.6,5.6,0.833,1.9,2.8,0.667,0.9,5.6,6.5,0.9,0.9,0.9,2.8,7.4,19.5,108.0,108.0,2018,Alfonzo McKinnie-2018,0.0,Not Selected,Forward,TOR,0.04796747967479675
2017-18,Ben McLemore,mclembe01,SG,24,MEM,56,17,1091,7.3,17.3,0.42100000000000004,2.5,7.4,0.34600000000000003,4.7,9.9,0.47700000000000004,2.5,3.0,0.828,1.6,4.9,6.4,2.4,1.8,0.7,2.8,6.4,19.6,99.0,112.0,2018,Ben McLemore-2018,0.0,Not Selected,Guard,MEM,0.01788617886178862
2017-18,Josh McRoberts,mcrobjo01,PF,30,DAL,2,0,6,0.0,8.4,0.0,0.0,8.4,0.0,0.0,0.0,0.0,0.0,0.0,0.0,0.0,0.0,0.0,0.0,0.0,0.0,0.0,16.7,0.0,0.0,117.0,2018,Josh McRoberts-2018,0.0,Not Selected,Forward,DAL,0.01951219512195122
2017-18,Jodie Meeks,meeksjo01,SG,30,WAS,77,0,1119,7.0,17.4,0.39899999999999997,3.2,9.3,0.34299999999999997,3.8,8.1,0.46399999999999997,4.5,5.2,0.863,0.7,4.9,5.6,3.1,1.3,0.2,1.6,2.4,21.6,111.0,112.0,2018,Jodie Meeks-2018,0.0,Not Selected,Guard,WAS,0.034959349593495934
2017-18,Salah Mejri,mejrisa01,C,31,DAL,61,1,729,6.1,9.4,0.642,0.0,0.2,0.0,6.1,9.2,0.657,2.6,4.5,0.5760000000000001,5.9,11.1,16.9,2.4,1.5,4.6,2.7,8.3,14.7,122.0,102.0,2018,Salah Mejri-2018,0.0,Not Selected,Center,DAL,0.01951219512195122
2017-18,Jordan Mickey,mickejo01,PF,23,MIA,23,3,284,6.9,14.5,0.47600000000000003,0.4,2.8,0.125,6.5,11.7,0.561,2.3,3.4,0.684,3.2,11.1,14.3,1.6,1.1,1.8,3.2,6.4,16.4,96.0,104.0,2018,Jordan Mickey-2018,0.0,Not Selected,Forward,MIA,0.03577235772357724
2017-18,Khris Middleton,middlkh01,SF,26,MIL,82,82,2982,9.9,21.3,0.466,2.4,6.8,0.359,7.5,14.5,0.517,5.4,6.1,0.884,0.8,6.4,7.2,5.5,2.0,0.4,3.2,4.5,27.6,111.0,111.0,2018,Khris Middleton-2018,0.0,Not Selected,Forward,MIL,0.03577235772357724
2017-18,C.J. Miles,milescj01,SF,30,TOR,70,3,1337,8.4,22.1,0.379,6.0,16.7,0.361,2.3,5.3,0.434,3.0,3.6,0.835,0.7,4.9,5.6,2.0,1.4,0.8,1.4,4.9,25.8,109.0,108.0,2018,C.J. Miles-2018,0.0,Not Selected,Forward,TOR,0.04796747967479675
2017-18,Darius Miller,milleda01,SF,27,NOP,82,3,1944,5.3,12.0,0.444,3.6,8.8,0.41100000000000003,1.7,3.2,0.535,1.4,1.6,0.866,0.4,3.6,4.0,2.7,0.7,0.4,1.4,3.9,15.6,115.0,113.0,2018,Darius Miller-2018,0.0,Not Selected,Forward,NOP,0.03902439024390244
2017-18,Malcolm Miller,millema01,SF,24,TOR,15,4,126,5.1,11.0,0.46399999999999997,3.1,8.2,0.381,2.0,2.7,0.7140000000000001,1.6,1.6,1.0,1.6,4.3,5.9,1.2,0.4,0.8,2.0,3.9,14.9,115.0,111.0,2018,Malcolm Miller-2018,0.0,Not Selected,Forward,TOR,0.04796747967479675
2017-18,Patty Mills,millspa02,PG,29,SAS,82,36,2107,6.7,16.4,0.41100000000000003,3.7,9.9,0.37200000000000005,3.0,6.4,0.47,2.5,2.8,0.89,0.6,3.1,3.7,5.5,1.3,0.3,2.5,3.1,19.6,109.0,109.0,2018,Patty Mills-2018,0.0,Not Selected,Guard,SAS,0.038211382113821135
2017-18,Paul Millsap,millspa01,PF,32,DEN,38,37,1143,8.8,18.9,0.46399999999999997,1.7,4.9,0.345,7.1,14.0,0.506,4.9,7.0,0.696,2.8,7.8,10.6,4.6,1.7,1.9,3.2,4.3,24.1,109.0,109.0,2018,Paul Millsap-2018,0.0,Not Selected,Forward,DEN,0.03739837398373984
2017-18,Nikola Mirotić,mirotni01,PF,26,TOT,55,14,1494,9.9,22.1,0.447,4.4,11.5,0.377,5.5,10.5,0.525,3.6,4.4,0.818,1.9,11.2,13.1,2.6,1.4,1.3,2.0,3.5,27.7,111.0,107.0,2018,Nikola Mirotić-2018,0.0,Not Selected,Forward,TOT,0.03333333333333333
2017-18,Donovan Mitchell,mitchdo01,SG,21,UTA,79,71,2638,11.3,25.9,0.43700000000000006,3.6,10.5,0.34,7.8,15.4,0.502,4.5,5.6,0.805,1.0,4.6,5.6,5.5,2.2,0.5,4.1,4.0,30.7,103.0,105.0,2018,Donovan Mitchell-2018,0.0,Not Selected,Guard,UTA,0.03902439024390244
2017-18,Naz Mitrou-Long,mitrona01,SG,24,UTA,1,0,1,50.1,50.1,1.0,50.1,50.1,1.0,0.0,0.0,0.0,0.0,0.0,0.0,0.0,0.0,0.0,0.0,0.0,0.0,0.0,0.0,150.4,300.0,113.0,2018,Naz Mitrou-Long-2018,0.0,Not Selected,Guard,UTA,0.03902439024390244
2017-18,Malik Monk,monkma01,SG,19,CHO,63,0,854,8.7,24.3,0.36,4.7,13.9,0.342,4.0,10.4,0.385,1.8,2.2,0.8420000000000001,0.5,3.3,3.8,5.2,1.1,0.5,2.8,3.4,24.0,96.0,112.0,2018,Malik Monk-2018,0.0,Not Selected,Guard,CHO,0.02926829268292683
2017-18,Greg Monroe,monrogr01,C,27,TOT,51,14,1040,10.3,18.2,0.565,0.0,0.0,0.0,10.3,18.2,0.565,4.1,5.6,0.7390000000000001,5.1,11.4,16.5,5.4,2.1,1.1,4.4,4.5,24.7,112.0,105.0,2018,Greg Monroe-2018,0.0,Not Selected,Center,TOT,0.03333333333333333
2017-18,Luis Montero,montelu01,SG,24,DET,2,0,8,0.0,6.2,0.0,0.0,0.0,0.0,0.0,6.2,0.0,0.0,0.0,0.0,0.0,12.5,12.5,0.0,0.0,0.0,12.5,0.0,0.0,0.0,109.0,2018,Luis Montero-2018,0.0,Not Selected,Guard,DET,0.03170731707317073
2017-18,Ben Moore,moorebe01,PF,22,IND,2,0,9,0.0,0.0,0.0,0.0,0.0,0.0,0.0,0.0,0.0,0.0,0.0,0.0,0.0,5.6,5.6,5.6,0.0,0.0,0.0,22.2,0.0,222.0,113.0,2018,Ben Moore-2018,0.0,Not Selected,Forward,IND,0.03902439024390244
2017-18,E'Twaun Moore,mooreet01,SG,28,NOP,82,80,2586,7.8,15.4,0.508,2.4,5.6,0.425,5.4,9.8,0.556,0.9,1.3,0.706,1.1,3.3,4.4,3.5,1.5,0.2,1.9,3.4,18.9,111.0,112.0,2018,E'Twaun Moore-2018,0.0,Not Selected,Guard,NOP,0.03902439024390244
2017-18,Eric Moreland,moreler01,PF,26,DET,67,3,805,4.1,7.6,0.541,0.0,0.0,0.0,4.1,7.6,0.541,0.7,1.8,0.379,5.0,12.2,17.2,4.8,1.9,3.2,2.6,7.2,8.9,111.0,101.0,2018,Eric Moreland-2018,0.0,Not Selected,Forward,DET,0.03170731707317073
2017-18,Jaylen Morris,morrija01,SG,22,ATL,6,0,98,6.5,15.9,0.406,1.0,5.0,0.2,5.5,11.0,0.5,0.0,0.0,0.0,1.0,7.0,8.0,3.5,1.0,0.5,3.0,1.0,14.0,83.0,113.0,2018,Jaylen Morris-2018,0.0,Not Selected,Guard,ATL,0.01951219512195122
2017-18,Marcus Morris,morrima03,PF,28,BOS,54,21,1447,9.0,21.1,0.429,3.0,8.1,0.368,6.1,13.0,0.467,4.3,5.3,0.805,1.5,8.5,10.0,2.5,1.2,0.4,2.2,3.5,25.4,106.0,105.0,2018,Marcus Morris-2018,0.0,Not Selected,Forward,BOS,0.044715447154471545
2017-18,Markieff Morris,morrima02,PF,28,WAS,73,73,1968,8.3,17.3,0.48,1.9,5.2,0.36700000000000005,6.4,12.1,0.529,2.6,3.2,0.82,1.9,8.4,10.3,3.6,1.4,1.0,3.2,5.5,21.2,105.0,108.0,2018,Markieff Morris-2018,0.0,Not Selected,Forward,WAS,0.034959349593495934
2017-18,Monte Morris,morrimo01,PG,22,DEN,3,0,25,7.9,11.9,0.667,0.0,2.0,0.0,7.9,9.9,0.8,4.0,4.0,1.0,0.0,4.0,4.0,13.9,5.9,0.0,2.0,2.0,19.8,151.0,104.0,2018,Monte Morris-2018,0.0,Not Selected,Guard,DEN,0.03739837398373984
2017-18,Johnathan Motley,motlejo01,PF,22,DAL,11,4,176,11.4,21.4,0.5329999999999999,0.3,1.7,0.16699999999999998,11.1,19.7,0.565,4.3,8.0,0.536,4.0,10.0,14.0,2.0,0.9,0.6,2.6,5.1,27.4,106.0,110.0,2018,Johnathan Motley-2018,0.0,Not Selected,Forward,DAL,0.01951219512195122
2017-18,Timofey Mozgov,mozgoti01,C,31,BRK,31,13,359,7.0,12.6,0.5589999999999999,0.5,2.4,0.222,6.5,10.1,0.64,3.1,4.1,0.767,4.3,8.9,13.3,1.5,0.7,1.8,4.5,5.3,17.7,103.0,110.0,2018,Timofey Mozgov-2018,0.0,Not Selected,Center,BRK,0.022764227642276424
2017-18,Emmanuel Mudiay,mudiaem01,PG,21,TOT,64,14,1245,8.1,20.9,0.38799999999999996,1.9,5.9,0.318,6.3,15.1,0.415,3.9,5.1,0.76,1.0,5.0,6.1,8.2,1.6,0.4,4.5,3.2,22.0,96.0,113.0,2018,Emmanuel Mudiay-2018,0.0,Not Selected,Guard,TOT,0.03333333333333333
2017-18,Shabazz Muhammad,muhamsh01,SF-SG,25,TOT,43,2,418,10.0,22.5,0.447,0.8,3.2,0.259,9.2,19.2,0.478,4.7,6.0,0.78,2.7,6.3,9.1,1.7,1.1,0.4,0.7,3.6,25.6,109.0,113.0,2018,Shabazz Muhammad-2018,0.0,Not Selected,Forward,TOT,0.03333333333333333
2017-18,Xavier Munford,munfoxa02,SG,25,MIL,6,0,21,2.4,14.2,0.16699999999999998,0.0,4.7,0.0,2.4,9.5,0.25,2.4,4.7,0.5,2.4,0.0,2.4,9.5,2.4,0.0,4.7,9.5,7.1,64.0,114.0,2018,Xavier Munford-2018,0.0,Not Selected,Guard,MIL,0.03577235772357724
2017-18,Dejounte Murray,murrade01,PG,21,SAS,81,48,1743,7.8,17.7,0.44299999999999995,0.3,1.0,0.265,7.6,16.7,0.45399999999999996,3.0,4.3,0.7090000000000001,3.2,10.1,13.3,6.7,2.8,0.9,3.9,4.4,19.0,99.0,101.0,2018,Dejounte Murray-2018,0.0,Not Selected,Guard,SAS,0.038211382113821135
2017-18,Jamal Murray,murraja01,PG,20,DEN,81,80,2565,9.3,20.5,0.451,3.2,8.4,0.37799999999999995,6.1,12.1,0.502,4.4,4.9,0.905,1.6,4.2,5.7,5.3,1.5,0.5,3.3,3.3,26.1,112.0,113.0,2018,Jamal Murray-2018,0.0,Not Selected,Guard,DEN,0.03739837398373984
2017-18,Mike Muscala,muscami01,C,26,ATL,53,7,1060,6.6,14.4,0.45799999999999996,2.9,7.7,0.371,3.7,6.7,0.5589999999999999,2.6,2.9,0.919,2.6,8.0,10.6,2.4,1.4,1.2,1.9,3.7,18.7,115.0,110.0,2018,Mike Muscala-2018,0.0,Not Selected,Center,ATL,0.01951219512195122
2017-18,Abdel Nader,naderab01,SF,24,BOS,48,1,522,4.8,14.3,0.336,2.2,6.2,0.354,2.6,8.0,0.321,2.2,3.7,0.59,1.2,5.6,6.8,2.5,1.4,1.0,3.3,4.3,14.0,83.0,105.0,2018,Abdel Nader-2018,0.0,Not Selected,Forward,BOS,0.044715447154471545
2017-18,Larry Nance Jr.,nancela02,C,25,TOT,66,27,1421,8.1,14.0,0.581,0.1,0.4,0.16699999999999998,8.1,13.6,0.594,3.1,4.7,0.664,5.5,9.9,15.3,2.8,3.0,1.3,1.7,5.8,19.4,125.0,104.0,2018,Larry Nance Jr.-2018,0.0,Not Selected,Center,TOT,0.03333333333333333
2017-18,Shabazz Napier,napiesh01,PG,26,POR,74,10,1535,7.2,17.2,0.42,2.7,7.1,0.376,4.6,10.1,0.45,3.8,4.5,0.841,0.8,4.7,5.5,4.9,2.6,0.5,2.9,2.7,20.9,107.0,106.0,2018,Shabazz Napier-2018,0.0,Not Selected,Guard,POR,0.03983739837398374
2017-18,Jameer Nelson,nelsoja01,PG,35,TOT,50,0,1013,4.5,11.6,0.389,1.9,5.9,0.331,2.6,5.7,0.45,0.8,0.9,0.8,0.6,4.3,4.9,8.5,1.3,0.2,3.2,3.8,11.7,99.0,112.0,2018,Jameer Nelson-2018,0.0,Not Selected,Guard,TOT,0.03333333333333333
2017-18,Raul Neto,netora01,PG,25,UTA,41,0,498,6.9,15.2,0.457,1.9,4.7,0.40399999999999997,5.0,10.5,0.48100000000000004,2.6,3.5,0.743,0.7,4.2,4.9,7.6,1.3,0.4,3.6,3.8,18.4,105.0,108.0,2018,Raul Neto-2018,0.0,Not Selected,Guard,UTA,0.03902439024390244
2017-18,Georges Niang,niangge01,PF,24,UTA,9,0,32,6.3,17.2,0.364,0.0,6.3,0.0,6.3,11.0,0.5710000000000001,1.6,3.1,0.5,4.7,9.4,14.1,4.7,3.1,0.0,4.7,1.6,14.1,81.0,101.0,2018,Georges Niang-2018,0.0,Not Selected,Forward,UTA,0.03902439024390244
2017-18,Joakim Noah,noahjo01,C,32,NYK,7,0,40,6.2,12.4,0.5,0.0,0.0,0.0,6.2,12.4,0.5,2.5,5.0,0.5,7.4,9.9,17.3,5.0,2.5,2.5,5.0,6.2,14.9,100.0,105.0,2018,Joakim Noah-2018,0.0,Not Selected,Center,NYK,0.023577235772357725
2017-18,Nerlens Noel,noelne01,C,23,DAL,30,6,472,5.8,11.2,0.524,0.0,0.1,0.0,5.8,11.1,0.529,2.2,3.0,0.75,5.1,12.8,17.9,2.1,3.3,2.3,2.8,6.3,13.9,109.0,100.0,2018,Nerlens Noel-2018,0.0,Not Selected,Center,DAL,0.01951219512195122
2017-18,Lucas Nogueira,noguelu01,C,25,TOR,49,3,418,5.8,9.4,0.613,0.6,2.2,0.263,5.2,7.2,0.721,2.2,3.3,0.679,2.1,8.1,10.3,2.6,2.7,5.1,1.9,5.8,14.4,123.0,98.0,2018,Lucas Nogueira-2018,0.0,Not Selected,Center,TOR,0.04796747967479675
2017-18,Dirk Nowitzki,nowitdi01,C,39,DAL,77,77,1900,9.1,20.0,0.456,3.6,8.9,0.409,5.5,11.1,0.494,2.6,2.9,0.898,0.6,11.0,11.6,3.2,1.1,1.2,1.3,3.9,24.5,112.0,108.0,2018,Dirk Nowitzki-2018,0.0,Not Selected,Center,DAL,0.01951219512195122
2017-18,Frank Ntilikina,ntilila01,PG,19,NYK,78,9,1706,5.3,14.5,0.364,1.5,4.6,0.318,3.8,10.0,0.385,1.4,2.0,0.721,1.1,4.1,5.1,7.3,1.9,0.5,3.8,5.3,13.5,89.0,112.0,2018,Frank Ntilikina-2018,0.0,Not Selected,Guard,NYK,0.023577235772357725
2017-18,Jusuf Nurkić,nurkiju01,C,23,POR,79,79,2088,11.4,22.7,0.505,0.0,0.2,0.0,11.4,22.5,0.508,4.1,6.5,0.63,4.5,12.4,16.9,3.4,1.5,2.6,4.4,5.9,27.0,102.0,101.0,2018,Jusuf Nurkić-2018,0.0,Not Selected,Center,POR,0.03983739837398374
2017-18,David Nwaba,nwabada01,SG,25,CHI,70,21,1646,6.0,12.5,0.478,0.5,1.5,0.34600000000000003,5.5,11.0,0.496,3.9,6.0,0.655,2.6,7.0,9.7,3.1,1.7,0.9,2.3,4.7,16.5,107.0,110.0,2018,David Nwaba-2018,0.0,Not Selected,Guard,CHI,0.02195121951219512
2017-18,Johnny O'Bryant,obryajo01,PF,24,CHO,36,0,379,8.8,22.0,0.39799999999999996,1.8,5.5,0.326,6.9,16.5,0.42200000000000004,2.7,3.2,0.84,3.7,8.2,12.0,1.8,1.2,0.8,1.9,5.8,22.0,99.0,109.0,2018,Johnny O'Bryant-2018,0.0,Not Selected,Forward,CHO,0.02926829268292683
2017-18,Royce O'Neale,onealro01,SF,24,UTA,69,4,1150,5.2,12.4,0.423,1.8,5.1,0.35600000000000004,3.4,7.2,0.47,2.7,3.3,0.8029999999999999,1.1,9.2,10.3,4.1,1.6,0.7,2.4,4.6,15.0,105.0,104.0,2018,Royce O'Neale-2018,0.0,Not Selected,Forward,UTA,0.03902439024390244
2017-18,Kyle O'Quinn,oquinky01,C,27,NYK,77,10,1387,8.0,13.7,0.583,0.1,0.6,0.235,7.9,13.1,0.599,3.5,4.5,0.772,4.3,12.5,16.8,5.6,1.3,3.5,3.6,6.9,19.7,118.0,105.0,2018,Kyle O'Quinn-2018,0.0,Not Selected,Center,NYK,0.023577235772357725
2017-18,Semi Ojeleye,ojelese01,PF,23,BOS,73,0,1150,2.8,8.2,0.34600000000000003,1.7,5.4,0.32,1.1,2.7,0.397,1.1,1.8,0.61,1.6,5.4,7.0,0.9,0.9,0.2,1.1,4.0,8.5,97.0,107.0,2018,Semi Ojeleye-2018,0.0,Not Selected,Forward,BOS,0.044715447154471545
2017-18,Emeka Okafor,okafoem01,C,35,NOP,26,19,353,6.5,12.8,0.505,0.0,0.0,0.0,6.5,12.8,0.505,2.4,3.0,0.818,6.4,9.9,16.2,1.1,1.1,3.4,1.8,4.1,15.4,116.0,105.0,2018,Emeka Okafor-2018,0.0,Not Selected,Center,NOP,0.03902439024390244
2017-18,Jahlil Okafor,okafoja01,C,22,TOT,28,0,353,10.6,19.0,0.5579999999999999,0.1,0.5,0.25,10.4,18.4,0.5670000000000001,2.9,4.0,0.7240000000000001,2.9,8.8,11.7,1.6,0.4,2.5,2.9,7.0,24.2,107.0,109.0,2018,Jahlil Okafor-2018,0.0,Not Selected,Center,TOT,0.03333333333333333
2017-18,Victor Oladipo,oladivi01,SG,25,IND,75,75,2552,12.5,26.3,0.47700000000000004,3.2,8.5,0.371,9.4,17.8,0.528,5.8,7.2,0.799,0.9,6.7,7.6,6.3,3.5,1.1,4.3,3.4,34.0,110.0,104.0,2018,Victor Oladipo-2018,3.0,3rd,Guard,IND,0.03902439024390244
2017-18,Kelly Olynyk,olynyke01,PF,26,MIA,76,22,1779,8.9,17.9,0.49700000000000005,3.0,7.9,0.379,5.9,10.0,0.59,3.8,4.9,0.77,2.5,9.7,12.2,5.8,1.7,1.0,4.1,6.3,24.6,112.0,105.0,2018,Kelly Olynyk-2018,0.0,Not Selected,Forward,MIA,0.03577235772357724
2017-18,Chinanu Onuaku,onuakch01,C,21,HOU,1,0,22,4.5,11.2,0.4,0.0,0.0,0.0,4.5,11.2,0.4,0.0,0.0,0.0,2.2,6.7,8.9,2.2,0.0,0.0,6.7,8.9,8.9,62.0,111.0,2018,Chinanu Onuaku-2018,0.0,Not Selected,Center,HOU,0.052845528455284556
2017-18,Cedi Osman,osmande01,SF,22,CLE,61,12,672,6.6,13.6,0.484,2.3,6.3,0.368,4.2,7.2,0.586,1.9,3.4,0.565,1.4,7.4,8.7,3.0,1.6,0.2,2.3,5.7,17.3,108.0,112.0,2018,Cedi Osman-2018,0.0,Not Selected,Forward,CLE,0.04065040650406504
2017-18,Kelly Oubre Jr.,oubreke01,SF,22,WAS,81,11,2231,7.1,17.6,0.40299999999999997,2.8,8.2,0.341,4.3,9.4,0.456,4.3,5.2,0.82,1.3,6.8,8.1,2.2,1.8,0.8,2.0,5.2,21.2,106.0,109.0,2018,Kelly Oubre Jr.-2018,0.0,Not Selected,Forward,WAS,0.034959349593495934
2017-18,Zaza Pachulia,pachuza01,C,33,GSW,69,57,972,7.4,13.1,0.564,0.0,0.0,0.0,7.4,13.0,0.5670000000000001,3.7,4.6,0.8059999999999999,4.4,11.5,15.9,5.4,1.9,0.8,3.6,6.0,18.5,117.0,105.0,2018,Zaza Pachulia-2018,0.0,Not Selected,Center,GSW,0.04715447154471545
2017-18,Marcus Paige,paigema01,PG,24,CHO,5,0,28,7.0,24.4,0.28600000000000003,3.5,13.9,0.25,3.5,10.5,0.33299999999999996,3.5,3.5,1.0,0.0,7.0,7.0,5.2,0.0,0.0,0.0,0.0,20.9,96.0,114.0,2018,Marcus Paige-2018,0.0,Not Selected,Guard,CHO,0.02926829268292683
2017-18,Georgios Papagiannis,papagge01,C,20,TOT,17,0,122,7.5,17.4,0.429,0.0,0.0,0.0,7.5,17.4,0.429,0.0,0.0,0.0,5.4,9.9,15.3,3.7,1.7,2.5,3.3,5.0,14.9,91.0,107.0,2018,Georgios Papagiannis-2018,0.0,Not Selected,Center,TOT,0.03333333333333333
2017-18,Jabari Parker,parkeja01,PF,22,MIL,31,3,743,10.7,22.3,0.48200000000000004,2.1,5.4,0.38299999999999995,8.7,16.8,0.514,2.7,3.6,0.741,2.8,7.3,10.1,4.0,1.7,0.7,3.0,3.4,26.2,106.0,111.0,2018,Jabari Parker-2018,0.0,Not Selected,Forward,MIL,0.03577235772357724
2017-18,Tony Parker,parketo01,PG,35,SAS,55,21,1071,8.4,18.3,0.45899999999999996,0.5,1.7,0.27,7.9,16.6,0.479,2.6,3.7,0.705,0.3,4.2,4.5,9.2,1.3,0.0,3.2,2.5,19.9,103.0,109.0,2018,Tony Parker-2018,0.0,Not Selected,Guard,SAS,0.038211382113821135
2017-18,Chandler Parsons,parsoch01,SF,29,MEM,36,8,691,7.9,17.1,0.462,3.7,8.9,0.42100000000000004,4.2,8.3,0.504,1.2,2.0,0.63,1.0,5.6,6.6,5.0,1.3,0.8,2.6,3.9,20.8,110.0,113.0,2018,Chandler Parsons-2018,0.0,Not Selected,Forward,MEM,0.01788617886178862
2017-18,Patrick Patterson,pattepa01,PF,28,OKC,82,3,1270,4.1,10.4,0.39799999999999996,2.6,6.7,0.386,1.6,3.7,0.42100000000000004,1.6,1.8,0.87,1.3,6.3,7.5,2.2,1.9,0.9,1.3,3.4,12.4,114.0,108.0,2018,Patrick Patterson-2018,0.0,Not Selected,Forward,OKC,0.03902439024390244
2017-18,Justin Patton,pattoju01,C,20,MIN,1,0,4,12.5,25.0,0.5,0.0,0.0,0.0,12.5,25.0,0.5,0.0,0.0,0.0,0.0,0.0,0.0,0.0,12.5,0.0,0.0,12.5,25.0,101.0,92.0,2018,Justin Patton-2018,0.0,Not Selected,Center,MIN,0.038211382113821135
2017-18,Brandon Paul,paulbr01,SG,26,SAS,64,2,576,4.8,11.1,0.433,1.3,4.7,0.278,3.5,6.4,0.5479999999999999,1.9,3.8,0.512,0.5,5.4,6.0,3.2,2.2,0.6,2.5,5.1,12.9,94.0,105.0,2018,Brandon Paul-2018,0.0,Not Selected,Guard,SAS,0.038211382113821135
2017-18,Chris Paul,paulch01,PG,32,HOU,58,58,1847,9.8,21.3,0.46,3.8,10.1,0.38,5.9,11.2,0.532,5.4,5.9,0.919,1.0,7.4,8.3,12.2,2.6,0.4,3.4,3.8,28.8,126.0,105.0,2018,Chris Paul-2018,0.0,Not Selected,Guard,HOU,0.052845528455284556
2017-18,Adreian Payne,paynead01,PF,26,ORL,5,0,43,8.0,11.4,0.7,2.3,3.4,0.667,5.7,8.0,0.7140000000000001,5.7,6.8,0.833,2.3,8.0,10.2,0.0,2.3,0.0,2.3,6.8,23.9,140.0,109.0,2018,Adreian Payne-2018,0.0,Not Selected,Forward,ORL,0.02032520325203252
2017-18,Cameron Payne,payneca01,PG,23,CHI,25,14,582,7.3,18.0,0.405,2.9,7.6,0.385,4.4,10.4,0.419,1.0,1.3,0.75,1.5,4.3,5.8,9.5,2.2,0.8,3.0,3.7,18.5,104.0,111.0,2018,Cameron Payne-2018,0.0,Not Selected,Guard,CHI,0.02195121951219512
2017-18,Elfrid Payton,paytoel01,PG,23,TOT,63,63,1808,8.8,17.9,0.493,0.8,2.5,0.326,8.0,15.5,0.52,2.9,4.5,0.649,1.7,5.6,7.4,10.6,2.2,0.6,4.5,4.0,21.4,105.0,111.0,2018,Elfrid Payton-2018,0.0,Not Selected,Guard,TOT,0.03333333333333333
2017-18,Gary Payton II,paytoga02,PG,25,TOT,23,6,221,6.6,16.3,0.405,1.3,5.5,0.24,5.3,10.8,0.49,0.7,2.0,0.33299999999999996,2.9,6.8,9.7,4.6,1.5,0.7,1.5,6.6,15.2,99.0,110.0,2018,Gary Payton II-2018,0.0,Not Selected,Guard,TOT,0.03333333333333333
2017-18,Kendrick Perkins,perkike01,C,33,CLE,1,0,15,3.3,6.5,0.5,0.0,0.0,0.0,3.3,6.5,0.5,3.3,6.5,0.5,0.0,3.3,3.3,6.5,3.3,0.0,3.3,3.3,9.8,97.0,111.0,2018,Kendrick Perkins-2018,0.0,Not Selected,Center,CLE,0.04065040650406504
2017-18,London Perrantes,perralo01,PG,23,CLE,14,0,66,1.5,9.6,0.154,0.0,2.2,0.0,1.5,7.4,0.2,2.2,3.7,0.6,0.7,2.2,3.0,3.7,1.5,0.7,0.7,4.5,5.2,68.0,115.0,2018,London Perrantes-2018,0.0,Not Selected,Guard,CLE,0.04065040650406504
2017-18,Alec Peters,peteral01,PF,22,PHO,20,0,225,6.0,15.7,0.37799999999999995,3.8,12.3,0.31,2.1,3.4,0.625,1.7,2.1,0.8,1.7,6.2,7.9,2.6,0.4,0.4,0.9,2.8,17.4,111.0,116.0,2018,Alec Peters-2018,0.0,Not Selected,Forward,PHO,0.01707317073170732
2017-18,Marshall Plumlee,plumlma02,C,25,MIL,8,0,52,1.0,2.9,0.33299999999999996,0.0,0.0,0.0,1.0,2.9,0.33299999999999996,11.5,15.3,0.75,3.8,12.5,16.3,1.9,0.0,1.0,2.9,9.6,13.4,129.0,111.0,2018,Marshall Plumlee-2018,0.0,Not Selected,Center,MIL,0.03577235772357724
2017-18,Mason Plumlee,plumlma01,C,27,DEN,74,26,1439,7.6,12.7,0.601,0.0,0.0,0.0,7.6,12.6,0.602,2.8,6.2,0.45799999999999996,4.5,9.2,13.8,4.9,1.7,2.8,3.5,6.3,18.1,112.0,107.0,2018,Mason Plumlee-2018,0.0,Not Selected,Center,DEN,0.03739837398373984
2017-18,Miles Plumlee,plumlmi01,C,29,ATL,55,35,918,5.6,9.6,0.583,0.0,0.0,0.0,5.6,9.6,0.583,1.4,3.2,0.45,4.1,8.0,12.1,2.4,0.9,1.6,3.4,4.2,12.6,102.0,111.0,2018,Miles Plumlee-2018,0.0,Not Selected,Center,ATL,0.01951219512195122
2017-18,Jakob Poeltl,poeltja01,C,22,TOR,82,0,1524,8.2,12.4,0.659,0.0,0.1,0.5,8.2,12.4,0.66,1.9,3.3,0.594,5.3,7.4,12.7,1.8,1.3,3.2,2.7,6.9,18.3,122.0,104.0,2018,Jakob Poeltl-2018,0.0,Not Selected,Center,TOR,0.04796747967479675
2017-18,Quincy Pondexter,pondequ01,SF,29,CHI,23,1,196,3.5,12.2,0.28600000000000003,0.7,5.5,0.136,2.7,6.7,0.40700000000000003,3.5,4.2,0.8240000000000001,2.0,4.7,6.7,2.2,2.0,0.5,2.7,6.0,11.2,81.0,111.0,2018,Quincy Pondexter-2018,0.0,Not Selected,Forward,CHI,0.02195121951219512
2017-18,Otto Porter,porteot01,SF,24,WAS,77,77,2432,9.1,18.1,0.503,2.8,6.4,0.441,6.3,11.7,0.537,2.2,2.6,0.828,2.1,7.9,10.0,3.2,2.4,0.8,1.5,3.1,23.2,120.0,107.0,2018,Otto Porter-2018,0.0,Not Selected,Forward,WAS,0.034959349593495934
2017-18,Bobby Portis,portibo01,PF,22,CHI,73,4,1643,11.4,24.1,0.47100000000000003,2.4,6.6,0.359,9.0,17.5,0.514,3.6,4.6,0.769,4.7,10.1,14.8,3.7,1.5,0.7,3.1,3.9,28.6,108.0,110.0,2018,Bobby Portis-2018,0.0,Not Selected,Forward,CHI,0.02195121951219512
2017-18,Kristaps Porziņģis,porzikr01,PF,22,NYK,48,48,1553,12.4,28.4,0.439,2.9,7.3,0.395,9.6,21.1,0.45399999999999996,7.0,8.8,0.7929999999999999,2.0,8.1,10.1,1.8,1.1,3.7,3.0,4.5,34.7,105.0,108.0,2018,Kristaps Porziņģis-2018,0.0,Not Selected,Forward,NYK,0.023577235772357725
2017-18,Dwight Powell,poweldw01,C,26,DAL,79,25,1672,7.7,12.9,0.593,0.8,2.5,0.33299999999999996,6.8,10.4,0.6559999999999999,4.0,5.6,0.7190000000000001,4.1,9.3,13.3,2.7,2.0,1.0,1.8,5.6,20.1,129.0,107.0,2018,Dwight Powell-2018,0.0,Not Selected,Center,DAL,0.01951219512195122
2017-18,Norman Powell,powelno01,SG,24,TOR,70,18,1062,7.0,17.4,0.401,2.5,8.6,0.285,4.5,8.7,0.516,1.5,1.8,0.821,0.6,4.9,5.5,4.1,1.7,0.7,3.1,5.2,17.9,94.0,107.0,2018,Norman Powell-2018,0.0,Not Selected,Guard,TOR,0.04796747967479675
2017-18,Alex Poythress,poythal01,PF,24,IND,25,0,104,5.3,12.5,0.423,1.9,5.3,0.364,3.4,7.2,0.467,0.0,0.0,0.0,3.4,4.8,8.2,1.0,1.4,0.5,1.0,7.7,12.5,108.0,110.0,2018,Alex Poythress-2018,0.0,Not Selected,Forward,IND,0.03902439024390244
2017-18,Jacob Pullen,pulleja01,PG,28,PHI,3,0,6,8.0,16.0,0.5,0.0,8.0,0.0,8.0,8.0,1.0,0.0,0.0,0.0,0.0,0.0,0.0,0.0,0.0,0.0,8.0,0.0,16.0,60.0,114.0,2018,Jacob Pullen-2018,0.0,Not Selected,Guard,PHI,0.04227642276422764
2017-18,Rodney Purvis,purviro01,SG,23,ORL,16,2,290,5.9,18.1,0.327,2.2,8.8,0.25,3.7,9.3,0.4,2.2,2.5,0.867,0.2,4.4,4.6,2.9,0.5,0.5,1.7,4.4,16.2,86.0,115.0,2018,Rodney Purvis-2018,0.0,Not Selected,Guard,ORL,0.02032520325203252
2017-18,Zhou Qi,qizh01,C,22,HOU,18,0,124,2.4,12.7,0.188,0.8,7.5,0.105,1.6,5.2,0.308,3.2,4.8,0.667,2.4,6.3,8.7,0.8,0.8,5.6,4.0,5.6,8.7,61.0,102.0,2018,Zhou Qi-2018,0.0,Not Selected,Center,HOU,0.052845528455284556
2017-18,Tim Quarterman,quartti01,SG,23,HOU,3,0,13,3.8,11.4,0.33299999999999996,0.0,7.6,0.0,3.8,3.8,1.0,7.6,7.6,1.0,0.0,11.4,11.4,3.8,0.0,0.0,7.6,3.8,15.1,78.0,109.0,2018,Tim Quarterman-2018,0.0,Not Selected,Guard,HOU,0.052845528455284556
2017-18,Ivan Rabb,rabbiv01,PF,20,MEM,36,5,516,8.4,14.9,0.5660000000000001,0.0,0.0,0.0,8.4,14.9,0.5660000000000001,2.8,3.5,0.8059999999999999,5.2,10.3,15.5,3.1,1.2,1.3,3.4,5.4,19.7,112.0,110.0,2018,Ivan Rabb-2018,0.0,Not Selected,Forward,MEM,0.01788617886178862
2017-18,Julius Randle,randlju01,C,23,LAL,82,49,2190,11.0,19.7,0.5579999999999999,0.2,1.0,0.222,10.8,18.8,0.575,6.7,9.3,0.718,4.0,10.3,14.3,4.6,0.9,1.0,4.7,6.0,28.9,112.0,107.0,2018,Julius Randle-2018,0.0,Not Selected,Center,LAL,0.028455284552845527
2017-18,Zach Randolph,randoza01,PF,36,SAC,59,57,1508,12.1,25.6,0.473,1.7,4.9,0.34700000000000003,10.4,20.7,0.503,2.8,3.6,0.785,3.3,10.1,13.3,4.3,1.4,0.3,3.9,4.0,28.7,101.0,111.0,2018,Zach Randolph-2018,0.0,Not Selected,Forward,SAC,0.02195121951219512
2017-18,Xavier Rathan-Mayes,rathaxa01,SG,23,MEM,5,0,118,5.1,18.0,0.28600000000000003,0.4,6.0,0.071,4.7,12.0,0.39299999999999996,1.7,3.9,0.444,0.0,2.1,2.1,7.7,2.6,1.3,4.7,7.7,12.4,67.0,111.0,2018,Xavier Rathan-Mayes-2018,0.0,Not Selected,Guard,MEM,0.01788617886178862
2017-18,J.J. Redick,redicjj01,SG,33,PHI,70,70,2116,9.2,20.0,0.46,4.4,10.5,0.42,4.8,9.5,0.504,4.5,5.0,0.904,0.2,3.8,4.0,4.8,0.8,0.1,2.3,2.8,27.2,119.0,110.0,2018,J.J. Redick-2018,0.0,Not Selected,Guard,PHI,0.04227642276422764
2017-18,Davon Reed,reedda01,SG,22,PHO,21,1,242,4.4,15.0,0.289,2.2,7.5,0.289,2.2,7.5,0.289,1.6,2.4,0.667,0.4,7.3,7.7,2.6,2.0,0.4,2.0,3.4,12.5,80.0,112.0,2018,Davon Reed-2018,0.0,Not Selected,Guard,PHO,0.01707317073170732
2017-18,Willie Reed,reedwi02,C,27,TOT,42,5,428,9.2,13.8,0.669,0.1,0.2,0.5,9.1,13.5,0.672,3.6,6.3,0.5820000000000001,4.0,9.8,13.8,1.1,1.0,2.5,2.2,6.4,22.2,125.0,108.0,2018,Willie Reed-2018,0.0,Not Selected,Center,TOT,0.03333333333333333
2017-18,Josh Richardson,richajo01,SF,24,MIA,81,81,2689,7.4,16.5,0.451,2.4,6.3,0.37799999999999995,5.1,10.3,0.495,2.2,2.7,0.845,1.3,4.0,5.3,4.3,2.3,1.4,2.6,3.7,19.5,106.0,106.0,2018,Josh Richardson-2018,0.0,Not Selected,Forward,MIA,0.03577235772357724
2017-18,Malachi Richardson,richama01,SG,22,TOT,26,4,324,4.7,14.0,0.33299999999999996,1.9,6.2,0.3,2.8,7.8,0.36,2.7,3.4,0.773,0.8,4.5,5.3,2.0,1.6,0.2,1.6,4.2,13.9,91.0,114.0,2018,Malachi Richardson-2018,0.0,Not Selected,Guard,TOT,0.03333333333333333
2017-18,Austin Rivers,riverau01,SG,25,LAC,61,59,2057,8.1,19.0,0.424,3.2,8.5,0.37799999999999995,4.8,10.5,0.461,2.4,3.8,0.642,0.6,2.8,3.4,5.7,1.7,0.4,2.6,3.6,21.7,105.0,113.0,2018,Austin Rivers-2018,0.0,Not Selected,Guard,LAC,0.03414634146341464
2017-18,Andre Roberson,roberan03,SG,26,OKC,39,39,1037,4.2,7.8,0.537,0.4,1.7,0.222,3.8,6.0,0.627,0.6,1.8,0.316,3.6,5.3,8.9,2.2,2.2,1.7,1.4,4.3,9.3,114.0,107.0,2018,Andre Roberson-2018,0.0,Not Selected,Guard,OKC,0.03902439024390244
2017-18,Devin Robinson,robinde01,SF,22,WAS,1,0,13,3.8,11.5,0.33299999999999996,0.0,0.0,0.0,3.8,11.5,0.33299999999999996,0.0,0.0,0.0,7.6,11.5,19.1,0.0,3.8,0.0,0.0,7.6,7.6,103.0,102.0,2018,Devin Robinson-2018,0.0,Not Selected,Forward,WAS,0.034959349593495934
2017-18,Glenn Robinson III,robingl02,SF,24,IND,23,1,338,5.3,12.6,0.424,2.1,5.0,0.41200000000000003,3.3,7.5,0.431,1.3,1.6,0.818,1.6,3.8,5.5,2.5,1.9,0.1,0.7,2.1,14.0,114.0,111.0,2018,Glenn Robinson III-2018,0.0,Not Selected,Forward,IND,0.03902439024390244
2017-18,Rajon Rondo,rondora01,PG,31,NOP,65,63,1705,6.5,13.8,0.46799999999999997,1.4,4.2,0.33299999999999996,5.1,9.6,0.526,0.7,1.3,0.5429999999999999,0.9,6.5,7.4,14.9,2.0,0.3,4.2,3.3,15.0,109.0,109.0,2018,Rajon Rondo-2018,0.0,Not Selected,Guard,NOP,0.03902439024390244
2017-18,Derrick Rose,rosede01,PG,29,TOT,25,7,420,9.5,21.8,0.435,0.8,3.5,0.233,8.7,18.3,0.474,4.7,5.4,0.87,1.5,2.6,4.1,4.3,0.8,0.5,4.1,1.9,24.5,97.0,116.0,2018,Derrick Rose-2018,0.0,Not Selected,Guard,TOT,0.03333333333333333
2017-18,Terrence Ross,rosste01,SG,26,ORL,24,20,600,6.2,15.6,0.39799999999999996,2.4,7.6,0.32299999999999995,3.8,8.0,0.469,2.2,2.9,0.75,0.8,5.1,6.0,3.1,2.2,0.9,2.4,3.7,17.1,96.0,110.0,2018,Terrence Ross-2018,0.0,Not Selected,Guard,ORL,0.02032520325203252
2017-18,Terry Rozier,roziete01,PG,23,BOS,80,16,2068,7.6,19.3,0.395,3.7,9.7,0.381,3.9,9.6,0.41,2.8,3.6,0.772,1.5,7.6,9.1,5.6,1.9,0.5,1.9,3.0,21.7,109.0,104.0,2018,Terry Rozier-2018,0.0,Not Selected,Guard,BOS,0.044715447154471545
2017-18,Ricky Rubio,rubiori01,PG,27,UTA,77,77,2254,7.7,18.4,0.418,2.1,6.1,0.35200000000000004,5.6,12.3,0.451,4.9,5.7,0.866,1.0,6.8,7.8,9.1,2.7,0.2,4.6,4.6,22.4,105.0,103.0,2018,Ricky Rubio-2018,0.0,Not Selected,Guard,UTA,0.03902439024390244
2017-18,D'Angelo Russell,russeda01,PG,21,BRK,48,35,1234,10.9,26.4,0.414,3.5,10.9,0.324,7.4,15.5,0.47700000000000004,3.8,5.2,0.74,1.2,6.3,7.4,9.8,1.4,0.7,5.8,3.7,29.2,98.0,111.0,2018,D'Angelo Russell-2018,0.0,Not Selected,Guard,BRK,0.022764227642276424
2017-18,Domantas Sabonis,sabondo01,C,21,IND,74,19,1810,9.4,18.3,0.514,0.4,1.0,0.35100000000000003,9.0,17.2,0.524,4.6,6.2,0.75,4.6,11.2,15.8,4.2,1.1,0.9,3.8,6.1,23.8,110.0,107.0,2018,Domantas Sabonis-2018,0.0,Not Selected,Center,IND,0.03902439024390244
2017-18,JaKarr Sampson,sampsja02,SF,24,SAC,22,6,344,6.5,11.9,0.5429999999999999,0.7,1.5,0.5,5.7,10.4,0.5489999999999999,1.5,2.4,0.625,3.1,8.4,11.5,1.3,1.2,3.2,1.2,7.1,15.1,117.0,108.0,2018,JaKarr Sampson-2018,0.0,Not Selected,Forward,SAC,0.02195121951219512
2017-18,Dario Šarić,saricda01,PF,23,PHI,78,73,2310,8.4,18.5,0.45299999999999996,3.3,8.3,0.39299999999999996,5.1,10.2,0.501,3.7,4.3,0.86,3.2,7.6,10.8,4.2,1.1,0.4,3.1,3.3,23.8,113.0,107.0,2018,Dario Šarić-2018,0.0,Not Selected,Forward,PHI,0.04227642276422764
2017-18,Tomáš Satoranský,satorto01,SG,26,WAS,73,30,1643,6.1,11.6,0.523,1.4,3.1,0.465,4.7,8.6,0.544,2.3,2.9,0.7809999999999999,2.2,4.9,7.0,8.6,1.6,0.5,2.5,4.0,15.8,124.0,111.0,2018,Tomáš Satoranský-2018,0.0,Not Selected,Guard,WAS,0.034959349593495934
2017-18,Dennis Schröder,schrode01,PG,24,ATL,67,67,2078,11.8,26.9,0.436,1.8,6.2,0.29,10.0,20.8,0.48,5.3,6.2,0.8490000000000001,1.0,3.9,4.9,9.8,1.7,0.1,4.3,3.5,30.6,104.0,113.0,2018,Dennis Schröder-2018,0.0,Not Selected,Guard,ATL,0.01951219512195122
2017-18,Mike Scott,scottmi01,PF,29,WAS,76,1,1406,9.7,18.5,0.527,2.3,5.8,0.405,7.4,12.8,0.5820000000000001,1.8,2.7,0.6579999999999999,1.8,7.0,8.7,2.8,0.8,0.4,2.8,5.2,23.6,109.0,111.0,2018,Mike Scott-2018,0.0,Not Selected,Forward,WAS,0.034959349593495934
2017-18,Thabo Sefolosha,sefolth01,SF,33,UTA,38,6,806,7.3,14.9,0.49200000000000005,2.0,5.2,0.381,5.4,9.7,0.551,2.7,3.4,0.815,1.8,8.2,10.0,2.1,3.2,0.7,1.9,3.7,19.4,113.0,101.0,2018,Thabo Sefolosha-2018,0.0,Not Selected,Forward,UTA,0.03902439024390244
2017-18,Wayne Selden,seldewa01,SG,23,MEM,35,9,692,8.5,19.7,0.431,3.6,8.9,0.402,4.9,10.7,0.456,3.2,4.3,0.746,1.2,2.9,4.1,4.8,1.3,0.4,3.9,4.3,23.7,101.0,115.0,2018,Wayne Selden-2018,0.0,Not Selected,Guard,MEM,0.01788617886178862
2017-18,Ramon Sessions,sessira01,PG,31,TOT,28,3,392,5.3,14.8,0.359,1.0,3.3,0.308,4.3,11.5,0.374,5.6,7.2,0.772,0.8,4.1,4.8,9.7,1.8,0.3,3.8,3.7,17.2,101.0,112.0,2018,Ramon Sessions-2018,0.0,Not Selected,Guard,TOT,0.03333333333333333
2017-18,Iman Shumpert,shumpim01,SG,27,CLE,14,6,276,3.9,10.3,0.379,1.2,4.6,0.26899999999999996,2.7,5.7,0.469,2.0,2.7,0.733,1.2,6.0,7.3,3.0,1.6,0.7,2.8,3.9,11.0,91.0,112.0,2018,Iman Shumpert-2018,0.0,Not Selected,Guard,CLE,0.04065040650406504
2017-18,Pascal Siakam,siakapa01,PF,23,TOR,81,5,1679,7.4,14.6,0.508,0.9,3.9,0.22,6.6,10.7,0.612,1.6,2.6,0.621,2.3,8.4,10.7,4.7,1.8,1.2,2.0,4.9,17.3,113.0,105.0,2018,Pascal Siakam-2018,0.0,Not Selected,Forward,TOR,0.04796747967479675
2017-18,Xavier Silas,silasxa01,SG,30,BOS,2,0,7,0.0,21.4,0.0,0.0,14.3,0.0,0.0,7.1,0.0,0.0,0.0,0.0,7.1,7.1,14.3,0.0,7.1,0.0,0.0,7.1,0.0,27.0,93.0,2018,Xavier Silas-2018,0.0,Not Selected,Guard,BOS,0.044715447154471545
2017-18,Ben Simmons,simmobe01,PG,21,PHI,81,81,2732,9.6,17.6,0.545,0.0,0.2,0.0,9.6,17.4,0.551,3.4,6.0,0.56,2.6,9.0,11.6,11.6,2.5,1.2,4.9,3.7,22.5,111.0,102.0,2018,Ben Simmons-2018,0.0,Not Selected,Guard,PHI,0.04227642276422764
2017-18,Jonathon Simmons,simmojo02,SG,28,ORL,69,50,2029,8.5,18.4,0.465,1.7,4.9,0.33799999999999997,6.9,13.4,0.512,4.5,5.8,0.768,1.5,4.3,5.8,4.1,1.4,0.4,3.5,4.2,23.2,103.0,113.0,2018,Jonathon Simmons-2018,0.0,Not Selected,Guard,ORL,0.02032520325203252
2017-18,Kobi Simmons,simmoko01,PG,20,MEM,32,12,643,6.3,14.9,0.423,0.9,3.1,0.282,5.4,11.8,0.46,2.0,2.0,1.0,1.1,2.8,3.9,5.3,1.4,0.4,3.5,4.8,15.4,94.0,115.0,2018,Kobi Simmons-2018,0.0,Not Selected,Guard,MEM,0.01788617886178862
2017-18,Kyle Singler,singlky01,SF,29,OKC,12,0,59,5.9,17.7,0.33299999999999996,1.7,4.2,0.4,4.2,13.5,0.313,5.9,10.9,0.5379999999999999,0.8,7.6,8.4,1.7,0.8,0.0,2.5,3.4,19.3,88.0,111.0,2018,Kyle Singler-2018,0.0,Not Selected,Forward,OKC,0.03902439024390244
2017-18,Marcus Smart,smartma01,SG,23,BOS,54,11,1614,5.9,15.9,0.36700000000000005,2.3,7.7,0.301,3.5,8.2,0.429,3.0,4.1,0.7290000000000001,1.3,4.5,5.9,8.0,2.2,0.7,4.0,4.1,17.0,97.0,104.0,2018,Marcus Smart-2018,0.0,Not Selected,Guard,BOS,0.044715447154471545
2017-18,Dennis Smith Jr.,smithde03,PG,20,DAL,69,69,2049,9.9,25.1,0.395,2.6,8.3,0.313,7.3,16.8,0.435,3.3,4.7,0.6940000000000001,1.2,5.1,6.4,8.8,1.7,0.4,4.8,3.7,25.7,93.0,110.0,2018,Dennis Smith Jr.-2018,0.0,Not Selected,Guard,DAL,0.01951219512195122
2017-18,Ish Smith,smithis01,PG,29,DET,82,35,2043,9.5,19.6,0.486,0.9,2.5,0.34700000000000003,8.6,17.1,0.506,2.0,2.8,0.698,0.7,4.8,5.5,8.8,1.6,0.5,2.6,3.4,21.8,109.0,109.0,2018,Ish Smith-2018,0.0,Not Selected,Guard,DET,0.03170731707317073
2017-18,J.R. Smith,smithjr01,SG,32,CLE,80,61,2244,5.2,13.0,0.40299999999999997,3.1,8.3,0.375,2.1,4.7,0.45299999999999996,0.9,1.2,0.696,0.6,4.5,5.1,3.1,1.5,0.2,1.8,3.5,14.5,103.0,114.0,2018,J.R. Smith-2018,0.0,Not Selected,Guard,CLE,0.04065040650406504
2017-18,Jason Smith,smithja02,C,31,WAS,33,2,285,7.8,20.0,0.391,0.7,5.6,0.125,7.1,14.5,0.494,3.3,3.7,0.905,3.1,6.1,9.2,2.4,0.5,2.3,2.8,7.7,19.7,93.0,110.0,2018,Jason Smith-2018,0.0,Not Selected,Center,WAS,0.034959349593495934
2017-18,Josh Smith,smithjo03,PF,32,NOP,3,0,12,4.0,15.9,0.25,0.0,0.0,0.0,4.0,15.9,0.25,0.0,0.0,0.0,11.9,4.0,15.9,0.0,0.0,0.0,0.0,11.9,8.0,94.0,115.0,2018,Josh Smith-2018,0.0,Not Selected,Forward,NOP,0.03902439024390244
2017-18,Tony Snell,snellto01,SG,26,MIL,75,59,2053,4.5,10.3,0.435,2.6,6.5,0.40299999999999997,1.9,3.8,0.49,0.9,1.2,0.792,0.2,3.2,3.4,2.4,1.1,0.7,0.9,2.8,12.5,113.0,114.0,2018,Tony Snell-2018,0.0,Not Selected,Guard,MIL,0.03577235772357724
2017-18,Marreese Speights,speigma01,C,30,ORL,52,3,675,10.0,25.3,0.395,6.2,16.9,0.369,3.8,8.4,0.44799999999999995,2.9,4.0,0.727,1.5,8.1,9.6,2.9,0.6,1.6,2.9,7.7,29.2,101.0,111.0,2018,Marreese Speights-2018,0.0,Not Selected,Center,ORL,0.02032520325203252
2017-18,Nik Stauskas,stausni01,SG,24,TOT,41,0,523,5.6,14.3,0.39,3.7,9.3,0.4,1.9,5.0,0.37,1.9,2.7,0.7240000000000001,0.4,5.6,5.9,3.6,0.8,0.4,2.4,2.2,16.8,101.0,113.0,2018,Nik Stauskas-2018,0.0,Not Selected,Guard,TOT,0.03333333333333333
2017-18,Lance Stephenson,stephla01,SG,27,IND,82,7,1850,8.2,19.2,0.42700000000000005,1.8,6.3,0.289,6.4,12.9,0.495,2.3,3.4,0.6609999999999999,1.7,9.8,11.5,6.3,1.2,0.5,3.5,4.8,20.5,99.0,108.0,2018,Lance Stephenson-2018,0.0,Not Selected,Guard,IND,0.03902439024390244
2017-18,David Stockton,stockda01,PG,26,UTA,3,0,9,11.1,16.7,0.667,11.1,16.7,0.667,0.0,0.0,0.0,22.3,22.3,1.0,0.0,0.0,0.0,0.0,0.0,0.0,5.6,16.7,55.7,162.0,113.0,2018,David Stockton-2018,0.0,Not Selected,Guard,UTA,0.03902439024390244
2017-18,Julyan Stone,stoneju01,SG,29,CHO,23,0,175,1.7,3.6,0.462,1.7,3.6,0.462,0.0,0.0,0.0,0.3,0.6,0.5,0.3,7.8,8.1,7.2,1.1,0.6,2.0,5.9,5.3,123.0,110.0,2018,Julyan Stone-2018,0.0,Not Selected,Guard,CHO,0.02926829268292683
2017-18,Edmond Sumner,sumneed01,PG,22,IND,1,0,2,25.0,25.0,1.0,0.0,0.0,0.0,25.0,25.0,1.0,0.0,0.0,0.0,0.0,25.0,25.0,0.0,0.0,0.0,0.0,25.0,50.0,200.0,101.0,2018,Edmond Sumner-2018,0.0,Not Selected,Guard,IND,0.03902439024390244
2017-18,Caleb Swanigan,swanica01,PF,20,POR,27,3,189,6.3,15.8,0.4,0.3,2.1,0.125,6.1,13.7,0.442,3.2,4.7,0.667,3.9,10.3,14.2,3.7,1.3,0.8,4.7,9.7,16.1,88.0,105.0,2018,Caleb Swanigan-2018,0.0,Not Selected,Forward,POR,0.03983739837398374
2017-18,Jayson Tatum,tatumja01,SF,19,BOS,80,80,2438,8.1,17.1,0.475,2.2,5.0,0.434,6.0,12.2,0.49200000000000005,4.4,5.3,0.826,1.0,7.2,8.2,2.6,1.7,1.2,2.3,3.5,22.8,111.0,103.0,2018,Jayson Tatum-2018,0.0,Not Selected,Forward,BOS,0.044715447154471545
2017-18,Isaiah Taylor,taylois01,PG,23,ATL,67,9,1167,6.8,16.3,0.418,0.8,3.3,0.25,6.0,13.0,0.461,4.1,5.9,0.7020000000000001,0.9,3.0,3.9,8.6,1.4,0.4,3.5,4.9,18.6,101.0,114.0,2018,Isaiah Taylor-2018,0.0,Not Selected,Guard,ATL,0.01951219512195122
2017-18,Jeff Teague,teaguje01,PG,29,MIN,70,70,2311,7.7,17.2,0.446,1.8,4.9,0.368,5.8,12.2,0.47700000000000004,4.4,5.2,0.845,0.5,4.0,4.5,10.6,2.2,0.5,3.8,3.7,21.5,111.0,112.0,2018,Jeff Teague-2018,0.0,Not Selected,Guard,MIN,0.038211382113821135
2017-18,Marquis Teague,teaguma01,PG,24,MEM,3,0,74,2.7,10.9,0.25,0.7,2.7,0.25,2.0,8.2,0.25,1.4,3.4,0.4,0.7,3.4,4.1,8.9,2.7,0.0,2.0,3.4,7.5,83.0,112.0,2018,Marquis Teague-2018,0.0,Not Selected,Guard,MEM,0.01788617886178862
2017-18,Mirza Teletović,teletmi01,PF,32,MIL,10,0,159,7.8,17.9,0.439,6.6,14.1,0.467,1.3,3.8,0.33299999999999996,0.0,0.0,0.0,0.9,6.3,7.2,3.1,1.3,0.3,2.2,4.4,22.3,113.0,113.0,2018,Mirza Teletović-2018,0.0,Not Selected,Forward,MIL,0.03577235772357724
2017-18,Garrett Temple,templga01,SG,31,SAC,65,35,1615,6.2,14.9,0.418,2.8,7.1,0.392,3.4,7.8,0.442,1.9,2.4,0.769,0.7,4.1,4.8,3.9,1.8,0.8,2.5,4.2,17.1,102.0,112.0,2018,Garrett Temple-2018,0.0,Not Selected,Guard,SAC,0.02195121951219512
2017-18,Miloš Teodosić,teodomi01,PG,30,LAC,45,36,1134,6.5,15.4,0.419,3.8,9.9,0.379,2.7,5.5,0.49200000000000005,1.7,2.0,0.848,0.7,4.7,5.4,9.0,1.0,0.2,4.2,4.4,18.4,107.0,114.0,2018,Miloš Teodosić-2018,0.0,Not Selected,Guard,LAC,0.03414634146341464
2017-18,Jason Terry,terryja01,SG,40,MIL,51,4,814,3.6,9.4,0.38299999999999995,2.5,7.0,0.348,1.2,2.4,0.48700000000000004,0.5,0.6,0.889,0.3,2.6,2.9,3.6,2.6,0.8,1.5,3.2,10.2,103.0,111.0,2018,Jason Terry-2018,0.0,Not Selected,Guard,MIL,0.03577235772357724
2017-18,Daniel Theis,theisda01,C,25,BOS,63,3,936,6.7,12.4,0.541,1.0,3.1,0.31,5.8,9.3,0.617,3.3,4.3,0.753,4.8,9.8,14.6,3.0,1.6,2.6,3.0,8.4,17.7,117.0,100.0,2018,Daniel Theis-2018,0.0,Not Selected,Center,BOS,0.044715447154471545
2017-18,Isaiah Thomas,thomais02,PG,28,TOT,32,15,862,8.8,23.6,0.373,3.1,10.5,0.293,5.7,13.1,0.43799999999999994,6.6,7.4,0.893,1.0,2.8,3.8,8.6,0.8,0.2,5.3,3.3,27.3,99.0,115.0,2018,Isaiah Thomas-2018,0.0,Not Selected,Guard,TOT,0.03333333333333333
2017-18,Lance Thomas,thomala01,PF,29,NYK,73,31,1353,3.7,9.8,0.382,1.8,4.5,0.40299999999999997,1.9,5.2,0.364,1.6,1.9,0.83,1.6,4.8,6.4,1.6,1.1,0.5,1.5,4.9,10.9,103.0,113.0,2018,Lance Thomas-2018,0.0,Not Selected,Forward,NYK,0.023577235772357725
2017-18,Klay Thompson,thompkl01,SG,27,GSW,73,73,2506,11.1,22.7,0.488,4.4,10.0,0.44,6.7,12.7,0.526,1.6,1.9,0.8370000000000001,0.6,4.7,5.3,3.6,1.1,0.7,2.5,2.3,28.1,110.0,111.0,2018,Klay Thompson-2018,0.0,Not Selected,Guard,GSW,0.04715447154471545
2017-18,Tristan Thompson,thomptr01,C,26,CLE,53,22,1072,6.0,10.7,0.562,0.0,0.0,0.0,6.0,10.7,0.562,2.0,3.6,0.544,5.8,10.3,16.1,1.5,0.7,0.8,1.6,4.7,14.0,120.0,112.0,2018,Tristan Thompson-2018,0.0,Not Selected,Center,CLE,0.04065040650406504
2017-18,Sindarius Thornwell,thornsi01,SG,23,LAC,73,17,1156,4.2,9.8,0.429,1.0,2.6,0.377,3.2,7.2,0.44799999999999995,2.5,3.7,0.67,1.4,4.5,5.9,2.9,2.0,1.1,2.2,5.3,11.9,101.0,111.0,2018,Sindarius Thornwell-2018,0.0,Not Selected,Guard,LAC,0.03414634146341464
2017-18,Anthony Tolliver,tollian01,PF,32,DET,79,14,1757,6.2,13.4,0.46399999999999997,4.5,10.4,0.436,1.7,3.0,0.561,3.0,3.8,0.797,1.4,5.4,6.8,2.6,0.9,0.6,1.6,4.1,20.0,126.0,110.0,2018,Anthony Tolliver-2018,0.0,Not Selected,Forward,DET,0.03170731707317073
2017-18,Karl-Anthony Towns,townska01,C,22,MIN,82,82,2918,11.0,20.1,0.545,2.1,4.9,0.42100000000000004,8.9,15.2,0.585,5.9,6.9,0.858,4.1,13.3,17.3,3.4,1.1,2.0,2.7,4.9,29.9,127.0,107.0,2018,Karl-Anthony Towns-2018,3.0,3rd,Center,MIN,0.038211382113821135
2017-18,P.J. Tucker,tuckepj01,PF,32,HOU,82,34,2281,3.7,9.5,0.39,2.5,6.7,0.371,1.2,2.8,0.435,0.9,1.3,0.7170000000000001,2.0,7.9,9.9,1.7,1.7,0.6,1.6,4.4,10.8,107.0,106.0,2018,P.J. Tucker-2018,0.0,Not Selected,Forward,HOU,0.052845528455284556
2017-18,Evan Turner,turneev01,SF,29,POR,79,40,2034,6.3,14.1,0.447,1.0,3.2,0.318,5.3,10.9,0.485,2.2,2.6,0.85,0.7,5.2,6.0,4.2,1.1,0.7,2.4,4.0,15.9,103.0,109.0,2018,Evan Turner-2018,0.0,Not Selected,Forward,POR,0.03983739837398374
2017-18,Myles Turner,turnemy01,C,21,IND,65,62,1836,8.3,17.4,0.479,1.5,4.3,0.35700000000000004,6.8,13.1,0.519,4.4,5.6,0.777,2.5,8.8,11.4,2.4,1.0,3.2,2.6,5.1,22.5,110.0,106.0,2018,Myles Turner-2018,0.0,Not Selected,Center,IND,0.03902439024390244
2017-18,Ekpe Udoh,udohek01,C,30,UTA,63,3,810,3.7,7.4,0.5,0.0,0.1,0.0,3.7,7.4,0.504,2.6,3.5,0.75,4.2,5.1,9.3,3.3,2.7,4.6,1.2,6.5,10.0,126.0,98.0,2018,Ekpe Udoh-2018,0.0,Not Selected,Center,UTA,0.03902439024390244
2017-18,Tyler Ulis,ulisty01,PG,22,PHO,71,43,1658,6.2,15.9,0.38799999999999996,1.2,4.2,0.28800000000000003,5.0,11.7,0.425,2.4,2.9,0.8320000000000001,0.7,3.0,3.7,9.0,2.0,0.2,3.7,3.5,16.0,96.0,115.0,2018,Tyler Ulis-2018,0.0,Not Selected,Guard,PHO,0.01707317073170732
2017-18,Jonas Valančiūnas,valanjo01,C,25,TOR,77,77,1727,11.1,19.6,0.568,0.9,2.1,0.405,10.3,17.5,0.5870000000000001,4.9,6.0,0.8059999999999999,5.2,13.6,18.8,2.3,0.8,2.0,3.3,5.5,28.0,120.0,103.0,2018,Jonas Valančiūnas-2018,0.0,Not Selected,Center,TOR,0.04796747967479675
2017-18,Denzel Valentine,valende01,SG,24,CHI,77,37,2095,7.0,16.8,0.41700000000000004,3.3,8.6,0.386,3.7,8.2,0.45,0.9,1.2,0.745,1.1,8.0,9.2,5.7,1.5,0.3,2.3,4.3,18.2,104.0,111.0,2018,Denzel Valentine-2018,0.0,Not Selected,Guard,CHI,0.02195121951219512
2017-18,Fred VanVleet,vanvlfr01,PG,23,TOR,76,0,1520,7.5,17.7,0.426,3.5,8.5,0.414,4.0,9.2,0.43700000000000006,2.7,3.3,0.8320000000000001,0.8,5.2,6.0,7.9,2.2,0.6,2.4,4.2,21.3,115.0,106.0,2018,Fred VanVleet-2018,0.0,Not Selected,Guard,TOR,0.04796747967479675
2017-18,Rashad Vaughn,vaughra01,SG,21,TOT,28,0,212,5.4,13.1,0.41100000000000003,3.3,8.7,0.37799999999999995,2.1,4.5,0.474,0.9,1.4,0.667,0.7,4.2,4.9,3.0,1.2,0.7,1.4,3.5,15.0,107.0,113.0,2018,Rashad Vaughn-2018,0.0,Not Selected,Guard,TOT,0.03333333333333333
2017-18,Noah Vonleh,vonleno01,PF,22,TOT,54,16,875,5.9,13.2,0.444,1.1,3.7,0.303,4.7,9.5,0.5,2.0,3.3,0.621,3.9,13.6,17.5,1.9,1.1,1.0,1.7,3.8,14.9,106.0,106.0,2018,Noah Vonleh-2018,0.0,Not Selected,Forward,TOT,0.03333333333333333
2017-18,Nikola Vučević,vucevni01,C,27,ORL,57,57,1683,11.6,24.4,0.475,1.9,5.9,0.314,9.7,18.5,0.527,2.2,2.7,0.8190000000000001,2.9,12.3,15.2,5.6,1.6,1.8,3.2,4.2,27.3,105.0,106.0,2018,Nikola Vučević-2018,0.0,Not Selected,Center,ORL,0.02032520325203252
2017-18,Dwyane Wade,wadedw01,SG,36,TOT,67,3,1536,9.6,21.9,0.43799999999999994,1.0,3.6,0.28800000000000003,8.6,18.3,0.46799999999999997,4.3,6.1,0.7140000000000001,1.6,6.5,8.1,7.3,2.0,1.5,4.5,4.0,24.6,98.0,109.0,2018,Dwyane Wade-2018,0.0,Not Selected,Guard,TOT,0.03333333333333333
2017-18,Dion Waiters,waitedi01,SG,26,MIA,30,30,918,8.9,22.4,0.39799999999999996,2.8,9.3,0.306,6.1,13.1,0.46299999999999997,2.8,3.8,0.7390000000000001,0.4,3.8,4.2,6.2,1.3,0.5,3.8,3.3,23.5,94.0,110.0,2018,Dion Waiters-2018,0.0,Not Selected,Guard,MIA,0.03577235772357724
2017-18,Kemba Walker,walkeke02,PG,27,CHO,80,80,2736,10.5,24.3,0.431,4.1,10.7,0.384,6.4,13.6,0.469,6.5,7.5,0.8640000000000001,0.6,3.9,4.4,7.9,1.6,0.4,3.2,1.7,31.6,115.0,111.0,2018,Kemba Walker-2018,0.0,Not Selected,Guard,CHO,0.02926829268292683
2017-18,John Wall,walljo01,PG,27,WAS,41,41,1410,9.9,23.5,0.42,2.2,5.9,0.371,7.7,17.6,0.436,6.2,8.5,0.726,0.8,4.5,5.3,13.8,2.0,1.6,5.6,2.8,28.1,105.0,108.0,2018,John Wall-2018,0.0,Not Selected,Guard,WAS,0.034959349593495934
2017-18,Tyrone Wallace,wallaty01,PG,23,LAC,30,19,851,6.3,14.1,0.445,0.6,2.3,0.25,5.7,11.8,0.483,3.5,4.5,0.782,1.2,4.8,6.0,4.1,1.5,0.7,2.6,4.7,16.6,102.0,112.0,2018,Tyrone Wallace-2018,0.0,Not Selected,Guard,LAC,0.03414634146341464
2017-18,Taurean Prince,princta02,SF,23,ATL,82,82,2464,8.2,19.3,0.426,3.5,9.1,0.385,4.7,10.3,0.461,3.0,3.6,0.8440000000000001,1.0,6.7,7.7,4.2,1.7,0.8,3.8,3.3,23.0,100.0,111.0,2018,Taurean Prince-2018,0.0,Not Selected,Forward,ATL,0.01951219512195122
2017-18,Derrick Walton,waltode01,PG,22,MIA,16,0,147,2.7,8.5,0.32,2.4,5.8,0.41200000000000003,0.3,2.7,0.125,2.0,2.0,1.0,0.7,4.8,5.5,5.5,2.4,1.0,0.7,2.4,9.9,123.0,106.0,2018,Derrick Walton-2018,0.0,Not Selected,Guard,MIA,0.03577235772357724
2017-18,Jameel Warney,warneja01,PF,24,DAL,3,0,27,13.0,22.3,0.583,0.0,0.0,0.0,13.0,22.3,0.583,5.6,9.3,0.6,7.4,9.3,16.7,0.0,0.0,0.0,1.9,3.7,31.6,119.0,113.0,2018,Jameel Warney-2018,0.0,Not Selected,Forward,DAL,0.01951219512195122
2017-18,T.J. Warren,warretj01,SF,24,PHO,65,65,2142,11.8,23.8,0.498,0.4,2.0,0.222,11.4,21.7,0.523,4.3,5.7,0.757,2.8,4.6,7.4,1.9,1.5,0.9,1.9,3.3,28.4,109.0,114.0,2018,T.J. Warren-2018,0.0,Not Selected,Forward,PHO,0.01707317073170732
2017-18,Travis Wear,weartr01,SF,27,LAL,17,0,228,5.2,15.1,0.34700000000000003,3.6,9.9,0.36200000000000004,1.7,5.2,0.32,1.7,1.7,1.0,0.0,8.0,8.0,1.5,0.8,1.0,1.3,6.3,15.7,98.0,109.0,2018,Travis Wear-2018,0.0,Not Selected,Forward,LAL,0.028455284552845527
2017-18,James Webb III,webbja01,SF,24,BRK,10,0,120,2.4,9.7,0.25,1.6,7.7,0.21100000000000002,0.8,2.0,0.4,0.0,0.0,0.0,3.2,6.5,9.7,1.6,0.4,0.0,1.6,4.0,6.5,81.0,114.0,2018,James Webb III-2018,0.0,Not Selected,Forward,BRK,0.022764227642276424
2017-18,Briante Weber,weberbr01,PG,25,TOT,18,0,237,4.0,9.0,0.442,0.8,2.3,0.364,3.2,6.7,0.469,1.7,2.1,0.8,1.7,5.7,7.4,4.6,3.8,1.1,3.2,5.9,10.5,100.0,104.0,2018,Briante Weber-2018,0.0,Not Selected,Guard,TOT,0.03333333333333333
2017-18,David West,westda01,C,37,GSW,73,0,999,10.4,18.2,0.5710000000000001,0.1,0.4,0.375,10.3,17.8,0.5760000000000001,2.9,3.8,0.759,3.1,8.4,11.5,6.7,2.3,3.6,3.9,5.8,23.9,113.0,103.0,2018,David West-2018,0.0,Not Selected,Center,GSW,0.04715447154471545
2017-18,Russell Westbrook,westbru01,PG,29,OKC,80,80,2914,12.9,28.7,0.449,1.7,5.6,0.298,11.2,23.2,0.485,7.1,9.6,0.737,2.6,11.1,13.7,14.0,2.5,0.3,6.5,3.4,34.5,109.0,104.0,2018,Russell Westbrook-2018,2.0,2nd,Guard,OKC,0.03902439024390244
2017-18,Andrew White,whitean01,SF,24,ATL,15,0,209,5.8,17.1,0.342,4.2,11.5,0.36700000000000005,1.6,5.6,0.292,0.2,0.9,0.25,0.9,7.0,7.9,1.4,0.7,0.2,1.9,2.8,16.1,88.0,113.0,2018,Andrew White-2018,0.0,Not Selected,Forward,ATL,0.01951219512195122
2017-18,Derrick White,whitede01,PG,23,SAS,17,0,139,5.8,12.0,0.485,2.9,4.7,0.615,2.9,7.3,0.4,5.1,7.3,0.7,1.8,7.6,9.5,3.3,1.5,1.1,2.2,2.9,19.6,123.0,105.0,2018,Derrick White-2018,0.0,Not Selected,Guard,SAS,0.038211382113821135
2017-18,Okaro White,whiteok01,PF,25,MIA,6,4,80,4.4,10.0,0.43799999999999994,2.5,6.9,0.364,1.9,3.1,0.6,1.3,1.9,0.667,1.9,5.0,6.9,1.3,0.6,0.6,0.6,3.8,12.6,120.0,110.0,2018,Okaro White-2018,0.0,Not Selected,Forward,MIA,0.03577235772357724
2017-18,Isaiah Whitehead,whiteis01,PG,22,BRK,16,0,180,10.8,23.2,0.465,1.9,4.9,0.389,8.9,18.3,0.485,3.5,5.1,0.684,1.1,5.9,7.0,5.4,2.2,0.5,6.5,6.2,27.0,90.0,110.0,2018,Isaiah Whitehead-2018,0.0,Not Selected,Guard,BRK,0.022764227642276424
2017-18,Hassan Whiteside,whiteha01,C,28,MIA,54,54,1364,11.5,21.3,0.54,0.1,0.1,1.0,11.4,21.2,0.5379999999999999,4.7,6.7,0.703,6.4,16.3,22.7,2.0,1.4,3.5,3.4,4.8,27.8,111.0,99.0,2018,Hassan Whiteside-2018,0.0,Not Selected,Center,MIA,0.03577235772357724
2017-18,Andrew Wiggins,wiggian01,SF,22,MIN,82,82,2979,9.6,21.8,0.43799999999999994,1.9,5.7,0.331,7.7,16.1,0.475,3.4,5.3,0.643,1.4,4.6,6.0,2.7,1.5,0.9,2.3,2.7,24.4,101.0,113.0,2018,Andrew Wiggins-2018,0.0,Not Selected,Forward,MIN,0.038211382113821135
2017-18,Jacob Wiley,wileyja01,PF,23,BRK,5,0,33,1.5,5.9,0.25,1.5,2.9,0.5,0.0,2.9,0.0,1.5,2.9,0.5,2.9,13.2,16.2,2.9,1.5,0.0,0.0,5.9,5.9,119.0,108.0,2018,Jacob Wiley-2018,0.0,Not Selected,Forward,BRK,0.022764227642276424
2017-18,Damien Wilkins,wilkida02,SF,38,IND,19,1,152,4.3,12.8,0.33299999999999996,1.3,5.9,0.222,3.0,6.9,0.429,1.0,1.3,0.75,1.6,3.6,5.3,3.0,0.7,0.3,1.6,2.3,10.9,89.0,113.0,2018,Damien Wilkins-2018,0.0,Not Selected,Forward,IND,0.03902439024390244
2017-18,Alan Williams,willial03,PF,25,PHO,5,0,70,4.8,12.3,0.389,0.0,0.0,0.0,4.8,12.3,0.389,4.1,6.2,0.667,2.1,13.0,15.0,5.5,3.4,0.7,4.8,8.9,13.7,86.0,105.0,2018,Alan Williams-2018,0.0,Not Selected,Forward,PHO,0.01707317073170732
2017-18,C.J. Williams,willicj01,SG,27,LAC,38,17,707,6.0,13.5,0.442,1.5,5.4,0.282,4.5,8.2,0.546,0.9,1.1,0.813,0.8,3.0,3.9,3.0,2.1,0.9,1.4,4.3,14.4,105.0,111.0,2018,C.J. Williams-2018,0.0,Not Selected,Guard,LAC,0.03414634146341464
2017-18,Derrick Williams,willide02,PF,26,LAL,2,0,9,5.3,21.3,0.25,0.0,10.6,0.0,5.3,10.6,0.5,0.0,0.0,0.0,0.0,5.3,5.3,0.0,0.0,0.0,0.0,0.0,10.6,55.0,114.0,2018,Derrick Williams-2018,0.0,Not Selected,Forward,LAL,0.028455284552845527
2017-18,Lou Williams,willilo02,SG,31,LAC,79,19,2589,10.9,25.1,0.435,3.5,9.7,0.359,7.4,15.4,0.484,8.1,9.2,0.88,0.8,3.0,3.7,7.8,1.6,0.4,4.4,2.0,33.5,112.0,113.0,2018,Lou Williams-2018,0.0,Not Selected,Guard,LAC,0.03414634146341464
2017-18,Marvin Williams,willima02,PF,31,CHO,78,78,2006,6.3,13.7,0.45799999999999996,3.1,7.4,0.413,3.2,6.3,0.512,2.5,3.0,0.8290000000000001,1.8,7.2,9.0,2.3,1.4,0.9,1.6,2.8,18.1,118.0,109.0,2018,Marvin Williams-2018,0.0,Not Selected,Forward,CHO,0.02926829268292683
2017-18,Matt Williams,willima05,SG,24,MIA,3,0,11,9.1,27.4,0.33299999999999996,4.6,22.8,0.2,4.6,4.6,1.0,0.0,0.0,0.0,0.0,4.6,4.6,0.0,0.0,0.0,4.6,4.6,22.8,70.0,113.0,2018,Matt Williams-2018,0.0,Not Selected,Guard,MIA,0.03577235772357724
2017-18,Troy Williams,willitr02,SF,23,TOT,21,1,307,8.2,17.6,0.46799999999999997,1.8,6.1,0.289,6.5,11.5,0.563,3.2,4.8,0.667,3.6,6.6,10.2,2.6,3.2,0.6,3.1,5.5,21.5,105.0,107.0,2018,Troy Williams-2018,0.0,Not Selected,Forward,TOT,0.03333333333333333
2017-18,D.J. Wilson,wilsodj01,PF,21,MIL,22,0,71,6.3,11.2,0.563,1.4,3.5,0.4,4.9,7.7,0.636,0.7,1.4,0.5,1.4,5.6,7.0,2.1,2.1,0.7,2.8,4.9,14.8,104.0,111.0,2018,D.J. Wilson-2018,0.0,Not Selected,Forward,MIL,0.03577235772357724
2017-18,Jamil Wilson,wilsoja02,SF,27,LAC,15,10,274,6.7,14.4,0.469,4.8,11.2,0.429,2.0,3.2,0.611,0.4,0.7,0.5,0.5,5.1,5.7,1.8,0.9,1.4,1.4,6.0,18.6,118.0,112.0,2018,Jamil Wilson-2018,0.0,Not Selected,Forward,LAC,0.03414634146341464
2017-18,Justise Winslow,winslju01,PF,21,MIA,68,25,1680,6.2,14.6,0.424,1.5,3.9,0.38,4.7,10.7,0.44,2.0,3.1,0.635,1.9,9.1,11.1,4.4,1.6,1.0,2.3,4.2,15.8,101.0,105.0,2018,Justise Winslow-2018,0.0,Not Selected,Forward,MIA,0.03577235772357724
2017-18,Jeff Withey,witheje01,C,27,DAL,9,0,39,7.7,20.6,0.375,2.6,12.9,0.2,5.1,7.7,0.667,1.3,2.6,0.5,1.3,11.6,12.9,0.0,0.0,3.9,2.6,3.9,19.3,80.0,106.0,2018,Jeff Withey-2018,0.0,Not Selected,Center,DAL,0.01951219512195122
2017-18,Nate Wolters,woltena01,PG,26,UTA,5,0,19,2.6,15.8,0.16699999999999998,0.0,0.0,0.0,2.6,15.8,0.16699999999999998,0.0,0.0,0.0,2.6,2.6,5.3,2.6,0.0,0.0,0.0,2.6,5.3,58.0,112.0,2018,Nate Wolters-2018,0.0,Not Selected,Guard,UTA,0.03902439024390244
2017-18,Brandan Wright,wrighbr03,PF,30,TOT,28,1,381,7.8,13.5,0.578,0.0,0.0,0.0,7.8,13.5,0.578,2.8,4.4,0.636,4.4,8.2,12.6,1.7,1.7,3.4,1.1,4.2,18.4,124.0,107.0,2018,Brandan Wright-2018,0.0,Not Selected,Forward,TOT,0.03333333333333333
2017-18,Delon Wright,wrighde01,PG,25,TOR,69,4,1433,6.9,14.9,0.465,1.9,5.3,0.366,5.0,9.6,0.52,3.3,4.0,0.8290000000000001,1.5,5.3,6.8,6.9,2.5,1.1,2.7,2.8,19.1,116.0,105.0,2018,Delon Wright-2018,0.0,Not Selected,Guard,TOR,0.04796747967479675
2017-18,Guerschon Yabusele,yabusgu01,PF,22,BOS,33,4,235,5.5,13.0,0.426,2.6,7.9,0.324,3.0,5.1,0.583,3.2,4.7,0.682,3.6,7.4,11.1,3.4,0.9,1.1,2.6,4.9,16.8,111.0,105.0,2018,Guerschon Yabusele-2018,0.0,Not Selected,Forward,BOS,0.044715447154471545
2017-18,James Young,youngja01,SG,22,PHI,6,0,61,3.9,11.0,0.35700000000000004,2.4,7.9,0.3,1.6,3.2,0.5,3.2,4.7,0.667,0.0,1.6,1.6,1.6,0.0,0.0,0.8,3.2,13.4,106.0,113.0,2018,James Young-2018,0.0,Not Selected,Guard,PHI,0.04227642276422764
2017-18,Joe Young,youngjo01,PG,25,IND,53,1,558,7.2,16.7,0.43,2.2,5.9,0.379,4.9,10.7,0.45799999999999996,2.0,2.6,0.759,1.1,4.6,5.6,3.5,1.3,0.1,2.3,3.5,18.5,102.0,112.0,2018,Joe Young-2018,0.0,Not Selected,Guard,IND,0.03902439024390244
2017-18,Nick Young,youngni01,SG,32,GSW,80,8,1393,7.0,16.9,0.41200000000000003,4.3,11.3,0.377,2.7,5.6,0.48100000000000004,1.9,2.2,0.862,0.7,3.6,4.3,1.2,1.3,0.2,1.3,3.5,20.1,106.0,112.0,2018,Nick Young-2018,0.0,Not Selected,Guard,GSW,0.04715447154471545
2017-18,Thaddeus Young,youngth01,PF,29,IND,81,81,2607,8.1,16.6,0.48700000000000004,1.1,3.5,0.32,7.0,13.1,0.531,1.1,1.8,0.598,3.5,6.3,9.8,2.9,2.6,0.7,2.0,3.4,18.3,108.0,107.0,2018,Thaddeus Young-2018,0.0,Not Selected,Forward,IND,0.03902439024390244
2017-18,Cody Zeller,zelleco01,C,25,CHO,33,0,627,6.6,12.1,0.545,0.2,0.2,0.667,6.5,11.9,0.542,4.7,6.6,0.718,5.2,8.6,13.8,2.4,1.1,1.6,2.6,6.3,18.1,119.0,108.0,2018,Cody Zeller-2018,0.0,Not Selected,Center,CHO,0.02926829268292683
2017-18,Tyler Zeller,zellety01,C,28,TOT,66,34,1109,8.3,14.8,0.56,0.4,1.2,0.35700000000000004,7.8,13.5,0.578,2.5,3.5,0.722,4.9,8.6,13.5,2.1,0.7,1.5,2.1,5.6,19.5,118.0,111.0,2018,Tyler Zeller-2018,0.0,Not Selected,Center,TOT,0.03333333333333333
2017-18,Paul Zipser,zipsepa01,SF,23,CHI,54,12,824,4.8,13.9,0.34600000000000003,2.2,6.5,0.336,2.6,7.3,0.355,1.1,1.5,0.76,0.8,7.0,7.8,2.7,1.2,0.9,2.5,5.1,12.9,84.0,112.0,2018,Paul Zipser-2018,0.0,Not Selected,Forward,CHI,0.02195121951219512
2017-18,Ante Žižić,zizican01,C,21,CLE,32,2,214,11.2,15.3,0.731,0.0,0.0,0.0,11.2,15.3,0.731,4.8,6.6,0.7240000000000001,5.5,8.2,13.7,1.1,0.5,3.0,2.5,6.9,27.2,137.0,111.0,2018,Ante Žižić-2018,0.0,Not Selected,Center,CLE,0.04065040650406504
2017-18,Ivica Zubac,zubaciv01,C,20,LAL,43,0,410,7.1,14.2,0.5,0.0,0.1,0.0,7.1,14.1,0.504,4.6,6.0,0.765,5.3,9.1,14.4,2.9,0.9,1.8,3.0,5.5,18.8,111.0,107.0,2018,Ivica Zubac-2018,0.0,Not Selected,Center,LAL,0.028455284552845527
2018-19,Álex Abrines,abrinal01,SG,25,OKC,31,2,588,4.4,12.5,0.35700000000000004,3.3,10.1,0.32299999999999995,1.2,2.4,0.5,1.0,1.0,0.9229999999999999,0.4,3.4,3.8,1.6,1.3,0.5,1.1,4.2,13.1,103.0,111.0,2019,Álex Abrines-2019,0.0,Not Selected,Guard,OKC,0.03983739837398374
2018-19,Quincy Acy,acyqu01,PF,28,PHO,10,0,123,1.6,7.0,0.222,0.8,5.8,0.133,0.8,1.2,0.667,2.7,3.9,0.7,1.2,8.5,9.7,3.1,0.4,1.6,1.6,9.3,6.6,87.0,116.0,2019,Quincy Acy-2019,0.0,Not Selected,Forward,PHO,0.015447154471544716
2018-19,Jaylen Adams,adamsja01,PG,22,ATL,34,1,428,4.1,11.9,0.345,2.7,8.0,0.33799999999999997,1.4,3.9,0.361,0.8,1.0,0.778,1.2,5.3,6.5,7.0,1.5,0.5,3.0,4.9,11.7,99.0,115.0,2019,Jaylen Adams-2019,0.0,Not Selected,Guard,ATL,0.023577235772357725
2018-19,Steven Adams,adamsst01,C,25,OKC,80,80,2669,8.4,14.1,0.595,0.0,0.0,0.0,8.4,14.1,0.596,2.6,5.1,0.5,6.8,6.5,13.3,2.2,2.0,1.3,2.4,3.6,19.4,120.0,106.0,2019,Steven Adams-2019,0.0,Not Selected,Center,OKC,0.03983739837398374
2018-19,Bam Adebayo,adebaba01,C,21,MIA,82,28,1913,7.2,12.4,0.5760000000000001,0.1,0.4,0.2,7.1,12.0,0.588,4.2,5.8,0.735,4.2,11.0,15.2,4.7,1.8,1.7,3.1,5.2,18.6,120.0,104.0,2019,Bam Adebayo-2019,0.0,Not Selected,Center,MIA,0.03170731707317073
2018-19,Deng Adel,adelde01,SF,21,CLE,19,3,194,2.8,9.2,0.306,1.5,5.9,0.261,1.3,3.3,0.385,1.0,1.0,1.0,0.8,4.1,4.9,1.3,0.3,1.0,1.5,3.3,8.2,85.0,121.0,2019,Deng Adel-2019,0.0,Not Selected,Forward,CLE,0.015447154471544716
2018-19,DeVaughn Akoon-Purcell,akoonde01,SG,25,DEN,7,0,22,6.7,22.3,0.3,0.0,8.9,0.0,6.7,13.4,0.5,2.2,4.5,0.5,2.2,6.7,8.9,13.4,4.5,0.0,4.5,8.9,15.6,84.0,104.0,2019,DeVaughn Akoon-Purcell-2019,0.0,Not Selected,Guard,DEN,0.04390243902439024
2018-19,LaMarcus Aldridge,aldrila01,C,33,SAS,81,81,2687,12.4,24.0,0.519,0.2,0.8,0.23800000000000002,12.3,23.2,0.528,6.3,7.5,0.847,4.6,9.0,13.5,3.5,0.8,1.9,2.6,3.3,31.4,117.0,110.0,2019,LaMarcus Aldridge-2019,0.0,Not Selected,Center,SAS,0.03902439024390244
2018-19,Rawle Alkins,alkinra01,SG,21,CHI,10,1,120,5.3,15.8,0.33299999999999996,1.2,4.8,0.25,4.0,10.9,0.37,3.2,4.8,0.667,4.4,6.1,10.5,5.3,0.4,0.0,3.2,2.8,15.0,93.0,117.0,2019,Rawle Alkins-2019,0.0,Not Selected,Guard,CHI,0.01788617886178862
2018-19,Grayson Allen,allengr01,SG,23,UTA,38,2,416,7.7,20.5,0.376,3.7,11.4,0.32299999999999995,4.0,9.1,0.44299999999999995,5.2,6.9,0.75,0.3,2.3,2.6,2.9,0.7,0.7,3.8,5.4,24.3,95.0,111.0,2019,Grayson Allen-2019,0.0,Not Selected,Guard,UTA,0.04065040650406504
2018-19,Jarrett Allen,allenja01,C,20,BRK,80,80,2096,7.6,12.9,0.59,0.1,1.0,0.133,7.5,11.9,0.629,4.5,6.3,0.7090000000000001,4.3,10.9,15.3,2.5,1.0,2.7,2.3,4.2,19.8,123.0,106.0,2019,Jarrett Allen-2019,0.0,Not Selected,Center,BRK,0.03414634146341464
2018-19,Kadeem Allen,allenka01,SG,26,NYK,19,1,416,7.5,16.3,0.461,2.0,4.2,0.47200000000000003,5.6,12.2,0.457,4.9,6.3,0.778,0.9,5.0,5.9,8.8,1.9,0.5,3.0,5.3,21.9,116.0,114.0,2019,Kadeem Allen-2019,0.0,Not Selected,Guard,NYK,0.013821138211382113
2018-19,Al-Farouq Aminu,aminual01,PF,28,POR,81,81,2292,5.4,12.5,0.433,2.0,5.9,0.34299999999999997,3.4,6.6,0.514,3.2,3.7,0.867,2.4,10.5,12.9,2.2,1.4,0.7,1.5,3.0,16.1,118.0,109.0,2019,Al-Farouq Aminu-2019,0.0,Not Selected,Forward,POR,0.043089430894308944
2018-19,Justin Anderson,anderju01,SF,25,ATL,48,4,463,6.4,15.7,0.408,2.4,7.7,0.312,4.0,8.0,0.5,2.6,3.5,0.743,2.4,6.0,8.4,2.3,2.2,1.3,2.3,4.8,17.8,103.0,113.0,2019,Justin Anderson-2019,0.0,Not Selected,Forward,ATL,0.023577235772357725
2018-19,Kyle Anderson,anderky01,SF,25,MEM,43,40,1281,5.8,10.7,0.5429999999999999,0.3,1.3,0.265,5.5,9.4,0.583,1.4,2.5,0.578,1.9,7.9,9.7,5.0,2.1,1.4,2.3,4.3,13.4,110.0,107.0,2019,Kyle Anderson-2019,0.0,Not Selected,Forward,MEM,0.026829268292682926
2018-19,Ryan Anderson,anderry01,PF,30,TOT,25,8,322,3.1,10.3,0.304,1.3,6.0,0.225,1.8,4.3,0.414,1.8,2.4,0.75,2.7,5.4,8.0,2.8,0.6,0.1,2.1,3.7,9.4,90.0,118.0,2019,Ryan Anderson-2019,0.0,Not Selected,Forward,TOT,0.03333333333333334
2018-19,Ike Anigbogu,anigbik01,C,20,IND,3,0,6,0.0,24.5,0.0,0.0,0.0,0.0,0.0,24.5,0.0,0.0,0.0,0.0,8.2,16.3,24.5,8.2,0.0,8.2,8.2,0.0,0.0,33.0,96.0,2019,Ike Anigbogu-2019,0.0,Not Selected,Center,IND,0.03902439024390244
2018-19,Giannis Antetokounmpo,antetgi01,PF,24,MIL,72,72,2358,14.2,24.6,0.578,1.0,4.0,0.256,13.2,20.6,0.6409999999999999,9.9,13.5,0.7290000000000001,3.1,14.6,17.7,8.4,1.8,2.2,5.3,4.6,39.3,121.0,99.0,2019,Giannis Antetokounmpo-2019,1.0,1st,Forward,MIL,0.04878048780487805
2018-19,Kostas Antetokounmpo,antetko01,PF,21,DAL,2,0,11,0.0,13.2,0.0,0.0,0.0,0.0,0.0,13.2,0.0,8.8,17.6,0.5,0.0,4.4,4.4,0.0,8.8,0.0,4.4,0.0,8.8,39.0,97.0,2019,Kostas Antetokounmpo-2019,0.0,Not Selected,Forward,DAL,0.026829268292682926
2018-19,Carmelo Anthony,anthoca01,PF,34,HOU,10,2,294,8.2,20.2,0.405,3.5,10.7,0.32799999999999996,4.7,9.5,0.491,2.5,3.7,0.682,1.5,7.5,9.0,0.8,0.7,1.2,1.3,5.3,22.4,103.0,112.0,2019,Carmelo Anthony-2019,0.0,Not Selected,Forward,HOU,0.043089430894308944
2018-19,OG Anunoby,anunoog01,SF,21,TOR,67,6,1352,6.5,14.3,0.45299999999999996,2.4,7.2,0.332,4.1,7.2,0.574,1.3,2.2,0.581,2.1,4.9,7.0,1.7,1.6,0.8,1.9,5.0,16.6,104.0,109.0,2019,OG Anunoby-2019,0.0,Not Selected,Forward,TOR,0.04715447154471545
2018-19,Ryan Arcidiacono,arcidry01,PG,24,CHI,81,32,1961,4.6,10.3,0.447,2.0,5.4,0.373,2.6,5.0,0.527,2.2,2.5,0.873,0.7,4.7,5.4,6.7,1.6,0.1,1.6,4.2,13.5,121.0,115.0,2019,Ryan Arcidiacono-2019,0.0,Not Selected,Guard,CHI,0.01788617886178862
2018-19,Trevor Ariza,arizatr01,SF,33,TOT,69,69,2349,5.9,14.9,0.39899999999999997,2.9,8.8,0.33399999999999996,3.0,6.1,0.493,2.6,3.3,0.7929999999999999,1.0,6.5,7.5,5.1,1.8,0.4,2.1,2.6,17.5,107.0,115.0,2019,Trevor Ariza-2019,0.0,Not Selected,Forward,TOT,0.03333333333333334
2018-19,D.J. Augustin,augusdj01,PG,31,ORL,81,81,2269,6.9,14.6,0.47,2.8,6.7,0.42100000000000004,4.0,7.9,0.511,3.9,4.5,0.866,0.9,3.5,4.4,9.2,1.1,0.1,2.8,2.5,20.4,122.0,112.0,2019,D.J. Augustin-2019,0.0,Not Selected,Guard,ORL,0.03414634146341464
2018-19,Deandre Ayton,aytonde01,C,20,PHO,71,70,2183,11.1,19.0,0.585,0.0,0.1,0.0,11.1,18.9,0.588,3.1,4.1,0.746,4.9,11.1,15.9,2.7,1.3,1.5,2.8,4.6,25.4,117.0,113.0,2019,Deandre Ayton-2019,0.0,Not Selected,Center,PHO,0.015447154471544716
2018-19,Dwayne Bacon,bacondw01,SG,23,CHO,43,13,759,7.8,16.5,0.475,2.4,5.6,0.43700000000000006,5.4,10.9,0.494,2.2,2.9,0.7390000000000001,0.5,5.2,5.7,3.0,0.8,0.3,1.2,4.6,20.2,114.0,116.0,2019,Dwayne Bacon-2019,0.0,Not Selected,Guard,CHO,0.03170731707317073
2018-19,Marvin Bagley III,baglema01,PF,19,SAC,62,4,1567,10.6,21.0,0.504,0.9,2.9,0.313,9.7,18.1,0.534,5.4,7.8,0.691,4.8,9.2,14.0,1.8,1.0,1.8,2.9,3.6,27.4,111.0,110.0,2019,Marvin Bagley III-2019,0.0,Not Selected,Forward,SAC,0.03170731707317073
2018-19,Ron Baker,bakerro01,SG,25,TOT,15,0,152,1.3,6.3,0.2,0.3,4.1,0.077,0.9,2.2,0.429,1.6,1.9,0.833,0.3,3.2,3.5,4.7,1.9,0.3,1.6,5.7,4.4,79.0,116.0,2019,Ron Baker-2019,0.0,Not Selected,Guard,TOT,0.03333333333333334
2018-19,Wade Baldwin,baldwwa01,PG,22,POR,16,0,94,5.2,17.0,0.303,1.0,4.6,0.222,4.1,12.4,0.33299999999999996,4.1,5.7,0.727,1.0,6.7,7.7,6.2,0.5,1.0,7.2,5.7,15.5,74.0,113.0,2019,Wade Baldwin-2019,0.0,Not Selected,Guard,POR,0.043089430894308944
2018-19,Lonzo Ball,balllo01,PG,21,LAL,47,45,1423,6.0,14.9,0.406,2.5,7.5,0.32899999999999996,3.6,7.5,0.48200000000000004,0.7,1.6,0.41700000000000004,1.8,6.4,8.2,8.3,2.3,0.6,3.4,3.7,15.2,100.0,109.0,2019,Lonzo Ball-2019,0.0,Not Selected,Guard,LAL,0.03008130081300813
2018-19,Mo Bamba,bambamo01,C,20,ORL,47,1,766,7.5,15.5,0.48100000000000004,1.3,4.5,0.3,6.1,11.1,0.555,2.4,4.0,0.5870000000000001,4.1,10.8,14.9,2.5,0.8,4.1,2.7,6.5,18.7,105.0,103.0,2019,Mo Bamba-2019,0.0,Not Selected,Center,ORL,0.03414634146341464
2018-19,J.J. Barea,bareajo01,PG,34,DAL,38,0,752,10.4,24.8,0.418,2.5,8.3,0.297,7.9,16.6,0.479,3.5,5.0,0.705,0.8,5.3,6.1,13.6,1.4,0.1,4.6,3.2,26.8,105.0,113.0,2019,J.J. Barea-2019,0.0,Not Selected,Guard,DAL,0.026829268292682926
2018-19,Harrison Barnes,barneha02,PF-SF,26,TOT,77,77,2533,8.1,19.4,0.42,3.3,8.3,0.395,4.8,11.0,0.439,4.3,5.2,0.8240000000000001,1.1,5.7,6.8,2.2,0.9,0.2,1.8,2.3,23.8,108.0,114.0,2019,Harrison Barnes-2019,0.0,Not Selected,Forward,TOT,0.03333333333333334
2018-19,Will Barton,bartowi01,SF,28,DEN,43,38,1189,7.6,19.0,0.402,2.8,8.1,0.342,4.9,10.9,0.447,2.4,3.1,0.77,1.3,6.9,8.2,5.1,0.7,0.9,2.7,3.4,20.4,102.0,111.0,2019,Will Barton-2019,0.0,Not Selected,Forward,DEN,0.04390243902439024
2018-19,Keita Bates-Diop,bateske01,SF,23,MIN,30,3,503,5.7,13.5,0.423,1.2,5.0,0.25,4.5,8.6,0.522,1.7,2.7,0.643,1.5,6.4,7.9,1.6,1.7,1.3,1.3,2.8,14.4,100.0,113.0,2019,Keita Bates-Diop-2019,0.0,Not Selected,Forward,MIN,0.02926829268292683
2018-19,Nicolas Batum,batumni01,SF,30,CHO,75,72,2354,5.2,11.6,0.45,2.4,6.2,0.389,2.8,5.5,0.519,1.6,1.8,0.865,1.5,6.6,8.1,5.1,1.5,0.9,2.4,2.9,14.4,112.0,113.0,2019,Nicolas Batum-2019,0.0,Not Selected,Forward,CHO,0.03170731707317073
2018-19,Jerryd Bayless,bayleje01,PG,30,MIN,34,6,657,6.0,16.8,0.35700000000000004,2.1,7.1,0.29600000000000004,3.9,9.6,0.402,1.2,2.0,0.5710000000000001,0.8,3.7,4.5,8.7,1.3,0.1,2.3,4.1,15.2,98.0,117.0,2019,Jerryd Bayless-2019,0.0,Not Selected,Guard,MIN,0.02926829268292683
2018-19,Aron Baynes,baynear01,C,32,BOS,51,18,821,6.2,13.1,0.47100000000000003,1.2,3.6,0.344,4.9,9.5,0.519,3.1,3.6,0.855,5.2,8.9,14.1,3.3,0.7,2.0,2.3,7.3,16.7,118.0,108.0,2019,Aron Baynes-2019,0.0,Not Selected,Center,BOS,0.03983739837398374
2018-19,Kent Bazemore,bazemke01,SG,29,ATL,67,35,1643,7.8,19.4,0.402,2.7,8.4,0.32,5.1,11.0,0.465,3.6,4.9,0.726,1.0,6.3,7.3,4.3,2.5,1.2,3.4,4.8,21.9,98.0,112.0,2019,Kent Bazemore-2019,0.0,Not Selected,Guard,ATL,0.023577235772357725
2018-19,Bradley Beal,bealbr01,SG,25,WAS,82,82,3028,11.9,25.2,0.475,3.3,9.3,0.35100000000000003,8.7,15.8,0.5479999999999999,5.7,7.0,0.8079999999999999,1.4,5.0,6.4,7.0,1.9,0.9,3.5,3.5,32.8,113.0,114.0,2019,Bradley Beal-2019,0.0,Not Selected,Guard,WAS,0.026016260162601626
2018-19,Malik Beasley,beaslma01,SG,22,DEN,81,18,1879,9.1,19.3,0.474,4.3,10.6,0.402,4.9,8.7,0.56,1.5,1.7,0.848,0.9,4.3,5.2,2.5,1.4,0.3,1.4,3.0,24.0,117.0,112.0,2019,Malik Beasley-2019,0.0,Not Selected,Guard,DEN,0.04390243902439024
2018-19,Michael Beasley,beaslmi01,PF,30,LAL,26,2,277,12.6,25.7,0.49,0.5,2.9,0.17600000000000002,12.1,22.8,0.529,4.7,6.6,0.718,2.2,7.9,10.1,4.2,1.5,1.7,4.5,7.1,30.4,99.0,108.0,2019,Michael Beasley-2019,0.0,Not Selected,Forward,LAL,0.03008130081300813
2018-19,Marco Belinelli,belinma01,SG,32,SAS,79,1,1815,7.7,18.6,0.413,4.0,10.6,0.37200000000000005,3.7,7.9,0.46799999999999997,3.0,3.3,0.903,0.4,4.9,5.3,3.6,0.9,0.2,1.9,3.3,22.3,109.0,114.0,2019,Marco Belinelli-2019,0.0,Not Selected,Guard,SAS,0.03902439024390244
2018-19,Jordan Bell,belljo01,C,24,GSW,68,3,788,6.0,11.6,0.516,0.0,0.1,0.0,6.0,11.5,0.521,1.5,2.5,0.61,3.3,7.8,11.1,4.6,1.2,3.1,2.5,4.8,13.5,109.0,108.0,2019,Jordan Bell-2019,0.0,Not Selected,Center,GSW,0.046341463414634146
2018-19,DeAndre' Bembry,bembrde01,SG,24,ATL,82,15,1931,6.6,14.7,0.446,1.2,4.1,0.289,5.4,10.6,0.508,2.1,3.3,0.64,1.3,7.3,8.6,4.8,2.5,1.0,3.4,4.5,16.4,97.0,112.0,2019,DeAndre' Bembry-2019,0.0,Not Selected,Guard,ATL,0.023577235772357725
2018-19,Dragan Bender,bendedr01,PF,21,PHO,46,27,826,5.1,11.4,0.447,1.3,5.8,0.218,3.8,5.5,0.688,1.8,3.1,0.593,2.0,8.6,10.6,3.2,1.0,1.3,2.1,5.2,13.3,102.0,115.0,2019,Dragan Bender-2019,0.0,Not Selected,Forward,PHO,0.015447154471544716
2018-19,Dairis Bertāns,bertada02,SG,29,NOP,12,0,167,3.3,13.1,0.255,2.8,9.5,0.294,0.6,3.6,0.154,0.0,0.0,0.0,0.6,1.9,2.5,2.8,0.3,0.0,0.6,1.9,9.5,86.0,120.0,2019,Dairis Bertāns-2019,0.0,Not Selected,Guard,NOP,0.026829268292682926
2018-19,Dāvis Bertāns,bertada01,PF,26,SAS,76,12,1632,6.1,13.6,0.45,4.3,10.1,0.429,1.8,3.4,0.513,1.6,1.8,0.883,0.7,7.2,7.9,3.0,1.0,1.0,1.3,4.0,18.1,122.0,112.0,2019,Dāvis Bertāns-2019,0.0,Not Selected,Forward,SAS,0.03902439024390244
2018-19,Patrick Beverley,beverpa01,PG,30,LAC,78,49,2137,4.3,10.5,0.40700000000000003,2.5,6.2,0.397,1.8,4.3,0.42100000000000004,2.1,2.7,0.78,1.7,6.9,8.6,6.6,1.5,0.9,1.9,5.9,13.2,119.0,111.0,2019,Patrick Beverley-2019,0.0,Not Selected,Guard,LAC,0.03902439024390244
2018-19,Khem Birch,birchkh01,C,26,ORL,50,1,643,6.9,11.5,0.603,0.0,0.1,0.0,6.9,11.4,0.607,4.4,6.3,0.6990000000000001,6.0,8.4,14.5,2.9,1.4,2.2,1.5,5.5,18.3,134.0,106.0,2019,Khem Birch-2019,0.0,Not Selected,Center,ORL,0.03414634146341464
2018-19,Bismack Biyombo,biyombi01,C,26,CHO,54,32,783,5.5,9.7,0.5710000000000001,0.0,0.0,0.0,5.5,9.7,0.5710000000000001,3.6,5.7,0.637,5.0,10.3,15.3,2.0,0.7,2.5,2.1,6.4,14.7,121.0,110.0,2019,Bismack Biyombo-2019,0.0,Not Selected,Center,CHO,0.03170731707317073
2018-19,Nemanja Bjelica,bjeline01,PF,30,SAC,77,70,1788,7.4,15.4,0.479,2.7,6.7,0.401,4.7,8.7,0.539,1.8,2.4,0.7609999999999999,3.3,8.3,11.6,3.8,1.4,1.5,2.1,5.1,19.3,117.0,110.0,2019,Nemanja Bjelica-2019,0.0,Not Selected,Forward,SAC,0.03170731707317073
2018-19,Antonio Blakeney,blakean01,SG,22,CHI,57,3,829,9.7,23.2,0.419,2.1,5.3,0.396,7.6,17.8,0.426,2.9,4.4,0.6579999999999999,0.4,5.8,6.2,2.5,0.7,0.5,2.0,2.4,24.5,94.0,116.0,2019,Antonio Blakeney-2019,0.0,Not Selected,Guard,CHI,0.01788617886178862
2018-19,Eric Bledsoe,bledser01,PG,29,MIL,78,78,2272,9.6,19.9,0.484,2.5,7.7,0.32899999999999996,7.1,12.2,0.5820000000000001,3.6,4.8,0.75,1.7,5.7,7.4,8.8,2.4,0.6,3.4,3.2,25.4,116.0,105.0,2019,Eric Bledsoe-2019,0.0,Not Selected,Guard,MIL,0.04878048780487805
2018-19,Jaron Blossomgame,blossja01,SF,25,CLE,27,4,439,5.3,12.0,0.44299999999999995,1.1,4.4,0.256,4.2,7.6,0.552,1.1,1.5,0.769,2.9,8.1,11.1,1.5,0.8,0.9,1.2,2.3,12.9,108.0,118.0,2019,Jaron Blossomgame-2019,0.0,Not Selected,Forward,CLE,0.015447154471544716
2018-19,Bogdan Bogdanović,bogdabo01,SG,26,SAC,70,17,1947,8.6,20.6,0.418,3.2,8.9,0.36,5.4,11.7,0.462,3.2,3.9,0.8270000000000001,1.0,4.9,5.8,6.4,1.7,0.4,2.8,3.4,23.7,107.0,113.0,2019,Bogdan Bogdanović-2019,0.0,Not Selected,Guard,SAC,0.03170731707317073
2018-19,Bojan Bogdanović,bogdabo02,SF,29,IND,81,81,2573,9.9,20.0,0.49700000000000005,3.1,7.3,0.425,6.8,12.6,0.5379999999999999,4.7,5.8,0.807,0.6,5.7,6.3,3.1,1.3,0.0,2.5,2.6,27.6,114.0,110.0,2019,Bojan Bogdanović-2019,0.0,Not Selected,Forward,IND,0.03902439024390244
2018-19,Andrew Bogut,bogutan01,C,34,GSW,11,5,134,6.4,12.8,0.5,0.0,0.0,0.0,6.4,12.8,0.5,1.1,1.1,1.0,4.3,15.3,19.5,3.9,1.1,2.8,2.8,7.8,13.8,107.0,104.0,2019,Andrew Bogut-2019,0.0,Not Selected,Center,GSW,0.046341463414634146
2018-19,Jonah Bolden,boldejo01,PF,23,PHI,44,10,639,5.9,12.0,0.494,2.5,7.1,0.354,3.4,4.9,0.6970000000000001,1.0,2.0,0.48100000000000004,3.5,8.7,12.2,3.0,1.3,2.9,2.7,7.3,15.3,111.0,107.0,2019,Jonah Bolden-2019,0.0,Not Selected,Forward,PHI,0.041463414634146344
2018-19,Isaac Bonga,bongais01,PG,19,LAL,22,0,120,1.9,12.8,0.152,0.0,3.1,0.0,1.9,9.7,0.2,3.5,5.8,0.6,3.5,6.2,9.7,5.8,3.5,1.6,2.3,3.5,7.4,73.0,105.0,2019,Isaac Bonga-2019,0.0,Not Selected,Guard,LAL,0.03008130081300813
2018-19,Devin Booker,bookede01,SG,22,PHO,64,64,2242,12.5,26.7,0.467,2.9,8.8,0.326,9.6,17.9,0.536,8.4,9.7,0.866,0.8,4.8,5.6,9.2,1.2,0.3,5.6,4.3,36.2,109.0,118.0,2019,Devin Booker-2019,0.0,Not Selected,Guard,PHO,0.015447154471544716
2018-19,Chris Boucher,bouchch01,PF,26,TOR,28,0,163,10.0,22.3,0.447,3.5,10.9,0.324,6.5,11.5,0.564,3.8,4.4,0.867,4.7,11.8,16.5,0.6,1.8,7.1,2.1,9.1,27.3,112.0,97.0,2019,Chris Boucher-2019,0.0,Not Selected,Forward,TOR,0.04715447154471545
2018-19,Avery Bradley,bradlav01,SG,28,TOT,63,63,1905,6.2,15.2,0.408,2.2,6.1,0.35100000000000003,4.1,9.1,0.446,1.1,1.3,0.86,1.1,3.3,4.4,3.8,1.0,0.4,2.2,4.2,15.7,98.0,115.0,2019,Avery Bradley-2019,0.0,Not Selected,Guard,TOT,0.03333333333333334
2018-19,Tony Bradley,bradlto01,C,21,UTA,3,0,36,10.6,21.3,0.5,0.0,0.0,0.0,10.6,21.3,0.5,1.3,2.7,0.5,12.0,8.0,19.9,1.3,2.7,2.7,4.0,8.0,22.6,105.0,101.0,2019,Tony Bradley-2019,0.0,Not Selected,Center,UTA,0.04065040650406504
2018-19,Corey Brewer,breweco01,SF,32,TOT,31,3,492,5.0,11.7,0.431,1.3,4.2,0.318,3.7,7.5,0.494,2.9,4.1,0.721,2.5,4.7,7.2,3.7,3.0,0.7,1.8,6.0,14.3,112.0,109.0,2019,Corey Brewer-2019,0.0,Not Selected,Forward,TOT,0.03333333333333334
2018-19,Mikal Bridges,bridgmi01,SF,22,PHO,82,56,2417,4.8,11.1,0.43,2.1,6.2,0.335,2.7,4.9,0.5479999999999999,1.9,2.3,0.805,1.1,4.1,5.2,3.4,2.5,0.8,1.4,4.0,13.5,112.0,115.0,2019,Mikal Bridges-2019,0.0,Not Selected,Forward,PHO,0.015447154471544716
2018-19,Miles Bridges,bridgmi02,SF,20,CHO,80,25,1696,6.8,14.7,0.46399999999999997,1.9,5.7,0.325,4.9,8.9,0.5529999999999999,1.7,2.2,0.753,1.9,7.3,9.3,2.7,1.6,1.4,1.4,3.2,17.1,111.0,112.0,2019,Miles Bridges-2019,0.0,Not Selected,Forward,CHO,0.03170731707317073
2018-19,Isaiah Briscoe,briscis01,PG,22,ORL,39,0,559,4.8,12.1,0.39899999999999997,1.0,3.0,0.324,3.9,9.1,0.423,1.3,2.3,0.5770000000000001,0.4,6.0,6.5,7.6,1.0,0.2,2.7,5.8,11.9,96.0,111.0,2019,Isaiah Briscoe-2019,0.0,Not Selected,Guard,ORL,0.03414634146341464
2018-19,Ryan Broekhoff,broekry01,SG,28,DAL,42,0,453,6.1,13.5,0.452,4.1,10.0,0.409,2.0,3.5,0.5760000000000001,1.6,2.0,0.789,0.9,5.9,6.7,2.4,0.6,0.4,1.7,3.7,17.9,116.0,114.0,2019,Ryan Broekhoff-2019,0.0,Not Selected,Guard,DAL,0.026829268292682926
2018-19,Malcolm Brogdon,brogdma01,SG,26,MIL,64,64,1832,9.6,19.0,0.505,2.6,6.2,0.426,7.0,12.8,0.544,3.6,3.9,0.9279999999999999,1.6,5.7,7.3,5.2,1.2,0.3,2.3,2.6,25.4,121.0,108.0,2019,Malcolm Brogdon-2019,0.0,Not Selected,Guard,MIL,0.04878048780487805
2018-19,Dillon Brooks,brookdi01,SF,23,MEM,18,0,330,7.4,18.4,0.402,2.3,6.0,0.375,5.1,12.3,0.415,3.3,4.5,0.733,1.4,3.3,4.7,2.4,1.5,0.6,2.9,7.5,20.3,94.0,112.0,2019,Dillon Brooks-2019,0.0,Not Selected,Forward,MEM,0.026829268292682926
2018-19,MarShon Brooks,brookma01,SG,30,MEM,29,0,387,9.8,21.7,0.45,1.9,6.9,0.278,7.8,14.8,0.53,3.0,4.2,0.6970000000000001,1.5,4.2,5.8,3.2,1.2,0.5,2.7,4.2,24.4,98.0,113.0,2019,MarShon Brooks-2019,0.0,Not Selected,Guard,MEM,0.026829268292682926
2018-19,Bruce Brown,brownbr01,SG,22,DET,74,56,1449,4.3,10.7,0.39799999999999996,0.8,3.2,0.258,3.4,7.5,0.457,1.5,2.0,0.75,1.6,4.7,6.3,3.1,1.4,1.2,1.6,6.1,10.9,100.0,110.0,2019,Bruce Brown-2019,0.0,Not Selected,Guard,DET,0.03333333333333333
2018-19,Jaylen Brown,brownja02,SG,22,BOS,74,25,1913,9.3,19.9,0.465,2.4,6.9,0.344,6.9,13.0,0.529,3.3,5.1,0.6579999999999999,1.6,6.2,7.9,2.5,1.7,0.8,2.5,4.7,24.3,104.0,109.0,2019,Jaylen Brown-2019,0.0,Not Selected,Guard,BOS,0.03983739837398374
2018-19,Lorenzo Brown,brownlo01,PG,28,TOR,26,0,212,5.2,16.1,0.324,1.4,6.3,0.214,3.8,9.7,0.395,0.7,0.7,1.0,1.1,5.9,7.0,6.3,2.7,1.1,3.6,5.0,12.4,82.0,105.0,2019,Lorenzo Brown-2019,0.0,Not Selected,Guard,TOR,0.04715447154471545
2018-19,Sterling Brown,brownst02,SG,23,MIL,58,7,1034,6.5,14.0,0.465,2.4,6.6,0.361,4.1,7.4,0.5579999999999999,1.3,1.9,0.69,1.3,7.0,8.3,3.8,1.1,0.4,2.1,4.0,16.7,109.0,108.0,2019,Sterling Brown-2019,0.0,Not Selected,Guard,MIL,0.04878048780487805
2018-19,Troy Brown Jr.,browntr01,SF,19,WAS,52,10,730,6.3,15.2,0.415,1.4,4.5,0.319,4.9,10.7,0.455,2.1,3.0,0.6809999999999999,2.3,7.1,9.4,5.2,1.4,0.3,1.9,3.6,16.1,105.0,115.0,2019,Troy Brown Jr.-2019,0.0,Not Selected,Forward,WAS,0.026016260162601626
2018-19,Jalen Brunson,brunsja01,PG,22,DAL,73,38,1591,8.0,17.2,0.467,1.9,5.5,0.348,6.1,11.7,0.523,2.7,3.7,0.725,0.8,4.4,5.2,7.0,1.1,0.1,2.7,3.9,20.7,110.0,114.0,2019,Jalen Brunson-2019,0.0,Not Selected,Guard,DAL,0.026829268292682926
2018-19,Thomas Bryant,bryanth01,C,21,WAS,72,53,1496,9.8,15.9,0.616,1.0,3.1,0.33299999999999996,8.7,12.8,0.685,3.4,4.3,0.7809999999999999,3.6,10.8,14.4,2.9,0.8,2.1,1.9,4.0,24.0,130.0,112.0,2019,Thomas Bryant-2019,0.0,Not Selected,Center,WAS,0.026016260162601626
2018-19,Reggie Bullock,bullore01,SG,27,TOT,63,60,1879,6.3,15.3,0.41200000000000003,3.8,10.1,0.377,2.5,5.2,0.483,1.9,2.2,0.8590000000000001,0.6,3.9,4.5,3.3,1.0,0.3,1.7,2.8,18.4,111.0,113.0,2019,Reggie Bullock-2019,0.0,Not Selected,Guard,TOT,0.03333333333333334
2018-19,Trey Burke,burketr01,PG,26,TOT,58,8,1125,10.1,23.5,0.431,2.4,6.8,0.35200000000000004,7.7,16.7,0.46299999999999997,4.4,5.3,0.831,1.2,3.0,4.3,6.8,1.4,0.3,2.1,2.5,27.1,110.0,116.0,2019,Trey Burke-2019,0.0,Not Selected,Guard,TOT,0.03333333333333334
2018-19,Alec Burks,burksal01,SG,27,TOT,64,24,1375,6.8,16.9,0.405,2.2,6.0,0.363,4.7,10.9,0.428,4.1,5.0,0.823,1.1,7.3,8.4,4.6,1.4,0.7,2.3,3.2,20.0,106.0,114.0,2019,Alec Burks-2019,0.0,Not Selected,Guard,TOT,0.03333333333333334
2018-19,Deonte Burton,burtode02,SG,25,OKC,32,0,240,6.4,15.9,0.402,1.6,5.3,0.29600000000000004,4.9,10.7,0.455,1.6,2.3,0.667,0.8,4.7,5.4,1.8,1.2,1.6,1.8,6.0,15.9,94.0,109.0,2019,Deonte Burton-2019,0.0,Not Selected,Guard,OKC,0.03983739837398374
2018-19,Jimmy Butler,butleji01,SF-SG,29,TOT,65,65,2185,9.1,19.6,0.462,1.5,4.2,0.34700000000000003,7.6,15.4,0.494,6.8,7.9,0.855,2.6,4.8,7.4,5.7,2.7,0.8,2.1,2.4,26.3,121.0,110.0,2019,Jimmy Butler-2019,0.0,Not Selected,Forward,TOT,0.03333333333333334
2018-19,Bruno Caboclo,cabocbr01,SF,23,MEM,34,19,800,6.0,14.0,0.42700000000000005,3.0,8.1,0.369,3.0,5.9,0.505,2.6,3.1,0.84,2.6,7.2,9.8,3.1,0.9,2.1,2.4,5.0,17.5,109.0,109.0,2019,Bruno Caboclo-2019,0.0,Not Selected,Forward,MEM,0.026829268292682926
2018-19,José Calderón,caldejo01,PG,37,DET,49,0,632,3.5,9.4,0.375,1.1,4.4,0.24600000000000002,2.4,4.9,0.49200000000000005,0.7,0.9,0.818,0.9,3.8,4.7,9.0,1.2,0.2,2.7,5.0,8.8,102.0,112.0,2019,José Calderón-2019,0.0,Not Selected,Guard,DET,0.03333333333333333
2018-19,Kentavious Caldwell-Pope,caldwke01,SG,25,LAL,82,23,2035,7.4,17.3,0.43,3.5,9.9,0.34700000000000003,4.0,7.3,0.542,3.1,3.6,0.867,1.1,4.3,5.4,2.5,1.7,0.3,1.5,3.1,21.4,113.0,112.0,2019,Kentavious Caldwell-Pope-2019,0.0,Not Selected,Guard,LAL,0.03008130081300813
2018-19,Isaiah Canaan,canaais01,PG,27,TOT,30,16,629,4.9,12.4,0.39,2.6,7.3,0.354,2.3,5.2,0.441,1.4,1.8,0.792,0.5,3.9,4.4,6.4,1.1,0.2,2.7,3.9,13.7,102.0,118.0,2019,Isaiah Canaan-2019,0.0,Not Selected,Guard,TOT,0.03333333333333334
2018-19,Clint Capela,capelca01,C,24,HOU,67,67,2249,10.3,16.0,0.648,0.0,0.0,0.0,10.3,16.0,0.648,3.6,5.7,0.636,6.5,12.0,18.5,2.1,1.0,2.2,2.1,3.7,24.3,133.0,108.0,2019,Clint Capela-2019,0.0,Not Selected,Center,HOU,0.043089430894308944
2018-19,DeMarre Carroll,carrode01,PF,32,BRK,67,8,1703,6.3,16.1,0.395,3.0,8.7,0.342,3.4,7.4,0.457,5.1,6.8,0.76,1.9,7.9,9.8,2.4,0.9,0.3,2.0,3.2,20.8,110.0,111.0,2019,DeMarre Carroll-2019,0.0,Not Selected,Forward,BRK,0.03414634146341464
2018-19,Jevon Carter,carteje01,PG,23,MEM,39,3,577,4.8,15.9,0.303,2.9,8.8,0.33299999999999996,1.9,7.1,0.265,2.2,2.8,0.813,1.2,4.5,5.7,5.9,2.2,0.9,2.8,4.7,14.8,90.0,109.0,2019,Jevon Carter-2019,0.0,Not Selected,Guard,MEM,0.026829268292682926
2018-19,Vince Carter,cartevi01,PF,42,ATL,76,9,1330,6.8,16.3,0.419,4.3,11.0,0.389,2.5,5.3,0.48,1.6,2.3,0.7120000000000001,1.1,5.7,6.7,3.0,1.5,0.9,1.7,4.9,19.5,112.0,115.0,2019,Vince Carter-2019,0.0,Not Selected,Forward,ATL,0.023577235772357725
2018-19,Wendell Carter Jr.,cartewe01,C,19,CHI,44,44,1110,7.9,16.2,0.485,0.3,1.4,0.188,7.6,14.8,0.513,3.9,4.9,0.795,3.8,9.6,13.4,3.4,1.1,2.5,2.8,6.6,19.9,107.0,110.0,2019,Wendell Carter Jr.-2019,0.0,Not Selected,Center,CHI,0.01788617886178862
2018-19,Michael Carter-Williams,cartemi01,PG,27,TOT,28,1,372,6.1,16.2,0.374,1.3,5.0,0.263,4.7,11.2,0.424,4.2,7.0,0.604,2.5,6.7,9.2,9.2,2.6,2.0,2.6,6.3,17.6,106.0,106.0,2019,Michael Carter-Williams-2019,0.0,Not Selected,Guard,TOT,0.03333333333333334
2018-19,Alex Caruso,carusal01,PG,24,LAL,25,4,531,6.7,15.2,0.445,2.1,4.4,0.48,4.6,10.8,0.431,4.5,5.6,0.797,1.8,4.1,5.9,6.7,2.1,0.8,3.7,4.7,20.1,109.0,110.0,2019,Alex Caruso-2019,0.0,Not Selected,Guard,LAL,0.03008130081300813
2018-19,Omri Casspi,casspom01,SF,30,MEM,36,0,520,8.2,15.4,0.534,1.4,4.1,0.349,6.8,11.3,0.602,3.7,5.5,0.672,1.6,9.4,11.0,2.5,1.9,0.9,2.2,3.3,21.6,112.0,107.0,2019,Omri Casspi-2019,0.0,Not Selected,Forward,MEM,0.026829268292682926
2018-19,Willie Cauley-Stein,caulewi01,C,25,SAC,81,81,2213,8.7,15.6,0.556,0.0,0.0,0.5,8.6,15.5,0.556,2.9,5.3,0.551,3.8,10.5,14.3,4.1,2.0,1.1,1.8,4.8,20.3,118.0,108.0,2019,Willie Cauley-Stein-2019,0.0,Not Selected,Center,SAC,0.03170731707317073
2018-19,Troy Caupain,caupatr01,PG,23,ORL,4,0,16,12.2,24.5,0.5,6.1,9.2,0.667,6.1,15.3,0.4,0.0,0.0,0.0,3.1,6.1,9.2,12.2,3.1,0.0,0.0,0.0,30.6,144.0,107.0,2019,Troy Caupain-2019,0.0,Not Selected,Guard,ORL,0.03414634146341464
2018-19,Tyler Cavanaugh,cavanty01,PF,24,UTA,11,0,39,3.7,12.3,0.3,1.2,6.1,0.2,2.5,6.1,0.4,2.5,2.5,1.0,3.7,6.1,9.8,1.2,0.0,0.0,1.2,3.7,11.0,97.0,112.0,2019,Tyler Cavanaugh-2019,0.0,Not Selected,Forward,UTA,0.04065040650406504
2018-19,Tyson Chandler,chandty01,C,36,TOT,55,6,875,3.3,5.3,0.616,0.0,0.1,0.0,3.3,5.2,0.622,2.7,4.6,0.586,4.9,11.5,16.4,2.0,1.1,1.2,2.2,5.9,9.2,120.0,108.0,2019,Tyson Chandler-2019,0.0,Not Selected,Center,TOT,0.03333333333333334
2018-19,Wilson Chandler,chandwi01,PF-SF,31,TOT,51,33,1177,4.6,11.0,0.418,2.4,6.3,0.373,2.2,4.6,0.478,0.7,1.0,0.72,1.9,6.7,8.6,3.3,1.0,0.8,1.8,4.9,12.2,107.0,112.0,2019,Wilson Chandler-2019,0.0,Not Selected,Forward,TOT,0.03333333333333334
2018-19,Joe Chealey,chealjo01,PG,23,CHO,1,0,8,6.1,18.2,0.33299999999999996,0.0,0.0,0.0,6.1,18.2,0.33299999999999996,0.0,0.0,0.0,0.0,0.0,0.0,6.1,0.0,0.0,0.0,6.1,12.2,86.0,121.0,2019,Joe Chealey-2019,0.0,Not Selected,Guard,CHO,0.03170731707317073
2018-19,Chris Chiozza,chiozch01,PG,23,HOU,7,0,33,3.0,11.9,0.25,3.0,7.4,0.4,0.0,4.5,0.0,0.0,0.0,0.0,1.5,4.5,5.9,5.9,1.5,1.5,1.5,3.0,8.9,97.0,112.0,2019,Chris Chiozza-2019,0.0,Not Selected,Guard,HOU,0.043089430894308944
2018-19,Marquese Chriss,chrisma01,PF,21,TOT,43,2,499,6.7,17.9,0.37200000000000005,1.6,7.1,0.222,5.1,10.7,0.47200000000000003,3.2,4.5,0.711,4.0,10.1,14.1,2.2,1.7,1.1,3.6,8.0,18.1,92.0,113.0,2019,Marquese Chriss-2019,0.0,Not Selected,Forward,TOT,0.03333333333333334
2018-19,Gary Clark,clarkga01,PF,24,HOU,51,2,641,3.8,11.6,0.331,3.1,10.6,0.297,0.7,1.0,0.6920000000000001,0.5,0.5,1.0,1.8,7.0,8.9,1.4,1.5,2.0,0.5,3.6,11.3,108.0,110.0,2019,Gary Clark-2019,0.0,Not Selected,Forward,HOU,0.043089430894308944
2018-19,Ian Clark,clarkia01,SG,27,NOP,60,6,973,7.2,18.3,0.39399999999999996,3.2,9.6,0.327,4.1,8.6,0.47,1.6,1.8,0.892,0.6,3.6,4.3,4.5,1.1,0.4,2.8,4.5,19.2,98.0,116.0,2019,Ian Clark-2019,0.0,Not Selected,Guard,NOP,0.026829268292682926
2018-19,Jordan Clarkson,clarkjo01,SG,26,CLE,81,0,2214,11.9,26.5,0.44799999999999995,3.2,10.0,0.324,8.6,16.5,0.524,3.6,4.3,0.8440000000000001,1.8,4.2,6.1,4.4,1.3,0.3,3.0,2.5,30.6,107.0,119.0,2019,Jordan Clarkson-2019,0.0,Not Selected,Guard,CLE,0.015447154471544716
2018-19,John Collins,collijo01,PF,21,ATL,61,59,1829,11.7,21.0,0.56,1.4,4.0,0.348,10.4,17.0,0.609,5.1,6.7,0.763,5.5,9.5,15.0,3.1,0.6,1.0,3.0,5.0,30.0,122.0,115.0,2019,John Collins-2019,0.0,Not Selected,Forward,ATL,0.023577235772357725
2018-19,Zach Collins,colliza01,C,21,POR,77,0,1356,6.8,14.3,0.473,1.4,4.3,0.331,5.3,10.0,0.534,3.4,4.5,0.746,3.9,7.7,11.6,2.5,0.9,2.4,2.8,6.2,18.3,112.0,110.0,2019,Zach Collins-2019,0.0,Not Selected,Center,POR,0.043089430894308944
2018-19,Darren Collison,collida01,PG,31,IND,76,76,2143,7.0,15.0,0.467,1.8,4.4,0.40700000000000003,5.2,10.6,0.49200000000000005,3.6,4.3,0.8320000000000001,0.8,4.5,5.3,10.5,2.5,0.2,2.9,3.1,19.5,118.0,108.0,2019,Darren Collison-2019,0.0,Not Selected,Guard,IND,0.03902439024390244
2018-19,Bonzie Colson,colsobo01,SF,23,MIL,8,2,98,6.2,18.5,0.33299999999999996,2.4,10.0,0.23800000000000002,3.8,8.5,0.444,3.8,4.3,0.889,3.8,10.4,14.2,1.4,2.4,0.5,1.4,1.4,18.5,100.0,103.0,2019,Bonzie Colson-2019,0.0,Not Selected,Forward,MIL,0.04878048780487805
2018-19,Mike Conley,conlemi01,PG,31,MEM,70,70,2342,10.4,23.8,0.43799999999999994,3.3,9.0,0.364,7.1,14.7,0.483,7.3,8.6,0.845,0.8,4.2,5.1,9.5,2.0,0.5,2.8,2.6,31.4,117.0,111.0,2019,Mike Conley-2019,0.0,Not Selected,Guard,MEM,0.026829268292682926
2018-19,Pat Connaughton,connapa01,SG,26,MIL,61,2,1261,6.0,12.9,0.466,2.4,7.4,0.33,3.6,5.5,0.647,1.1,1.5,0.725,2.2,7.3,9.5,4.5,1.2,0.9,1.2,3.0,15.5,122.0,107.0,2019,Pat Connaughton-2019,0.0,Not Selected,Guard,MIL,0.04878048780487805
2018-19,Quinn Cook,cookqu01,PG,25,GSW,74,10,1059,9.2,19.7,0.465,3.6,9.0,0.405,5.5,10.7,0.515,0.9,1.2,0.769,1.0,6.1,7.1,5.2,0.9,0.1,2.2,4.1,22.9,110.0,113.0,2019,Quinn Cook-2019,0.0,Not Selected,Guard,GSW,0.046341463414634146
2018-19,DeMarcus Cousins,couside01,C,28,GSW,30,30,771,11.0,22.9,0.48,1.6,5.9,0.27399999999999997,9.4,17.0,0.551,6.5,8.9,0.736,2.7,12.6,15.2,6.6,2.5,2.7,4.4,6.7,30.1,109.0,102.0,2019,DeMarcus Cousins-2019,0.0,Not Selected,Center,GSW,0.046341463414634146
2018-19,Robert Covington,covinro01,SF,28,TOT,35,35,1203,6.2,14.3,0.431,3.4,8.9,0.37799999999999995,2.8,5.4,0.518,2.7,3.5,0.764,1.1,6.5,7.6,1.8,2.9,1.9,1.9,5.0,18.4,110.0,108.0,2019,Robert Covington-2019,0.0,Not Selected,Forward,TOT,0.03333333333333334
2018-19,Allen Crabbe,crabbal01,SG,26,BRK,43,20,1133,5.8,15.7,0.36700000000000005,4.1,10.9,0.37799999999999995,1.6,4.8,0.342,1.7,2.4,0.732,0.7,5.5,6.2,1.9,1.0,0.5,1.9,4.3,17.4,100.0,112.0,2019,Allen Crabbe-2019,0.0,Not Selected,Guard,BRK,0.03414634146341464
2018-19,Torrey Craig,craigto01,SF,28,DEN,75,37,1503,5.2,11.8,0.442,2.0,6.1,0.324,3.2,5.7,0.569,1.6,2.3,0.7,2.9,5.7,8.6,2.4,1.2,1.5,1.4,5.7,14.1,114.0,110.0,2019,Torrey Craig-2019,0.0,Not Selected,Forward,DEN,0.04390243902439024
2018-19,Jamal Crawford,crawfja01,SG,38,PHO,64,0,1211,6.9,17.3,0.397,2.6,8.0,0.332,4.2,9.3,0.45299999999999996,3.7,4.3,0.845,0.3,3.0,3.4,9.0,1.3,0.5,3.9,3.0,20.0,102.0,119.0,2019,Jamal Crawford-2019,0.0,Not Selected,Guard,PHO,0.015447154471544716
2018-19,Mitch Creek,creekmi01,SF,26,TOT,5,0,48,7.9,15.9,0.5,0.0,2.0,0.0,7.9,13.9,0.5710000000000001,5.0,7.0,0.7140000000000001,6.0,6.0,11.9,6.0,2.0,0.0,1.0,3.0,20.9,129.0,111.0,2019,Mitch Creek-2019,0.0,Not Selected,Forward,TOT,0.03333333333333334
2018-19,Jae Crowder,crowdja01,SF,28,UTA,80,11,2166,7.0,17.6,0.39899999999999997,3.8,11.5,0.331,3.2,6.1,0.527,3.1,4.4,0.721,1.3,7.2,8.5,2.9,1.4,0.7,1.9,3.8,21.0,107.0,107.0,2019,Jae Crowder-2019,0.0,Not Selected,Forward,UTA,0.04065040650406504
2018-19,Dante Cunningham,cunnida01,PF,31,SAS,64,21,928,3.9,8.3,0.475,1.6,3.4,0.462,2.4,4.9,0.484,0.7,0.9,0.778,2.5,7.4,9.9,2.6,1.4,0.7,1.2,3.7,10.2,121.0,111.0,2019,Dante Cunningham-2019,0.0,Not Selected,Forward,SAS,0.03902439024390244
2018-19,Seth Curry,curryse01,SG,28,POR,74,2,1399,7.3,16.1,0.456,3.9,8.7,0.45,3.4,7.4,0.46299999999999997,1.5,1.8,0.846,0.9,3.2,4.2,2.3,1.2,0.4,2.1,3.4,20.1,113.0,114.0,2019,Seth Curry-2019,0.0,Not Selected,Guard,POR,0.043089430894308944
2018-19,Stephen Curry,curryst01,PG,30,GSW,69,69,2331,12.9,27.3,0.47200000000000003,7.2,16.5,0.43700000000000006,5.7,10.8,0.525,5.4,5.9,0.9159999999999999,0.9,6.6,7.5,7.4,1.9,0.5,3.9,3.4,38.4,120.0,110.0,2019,Stephen Curry-2019,1.0,1st,Guard,GSW,0.046341463414634146
2018-19,Troy Daniels,danietr01,SG,27,PHO,51,1,760,7.1,17.3,0.41100000000000003,4.6,12.2,0.381,2.5,5.1,0.48100000000000004,1.1,1.4,0.7829999999999999,0.8,3.8,4.6,1.6,1.6,0.3,1.7,5.0,20.0,104.0,118.0,2019,Troy Daniels-2019,0.0,Not Selected,Guard,PHO,0.015447154471544716
2018-19,Anthony Davis,davisan02,C,25,NOP,56,56,1850,13.3,25.8,0.517,1.2,3.6,0.331,12.1,22.1,0.547,8.6,10.9,0.794,4.4,12.5,16.9,5.5,2.2,3.4,2.8,3.3,36.5,122.0,105.0,2019,Anthony Davis-2019,0.0,Not Selected,Center,NOP,0.026829268292682926
2018-19,Deyonta Davis,davisde01,C,22,ATL,9,0,118,5.9,8.6,0.682,0.0,0.4,0.0,5.9,8.2,0.7140000000000001,2.3,3.9,0.6,3.9,10.2,14.1,2.0,1.2,2.0,1.2,4.7,14.1,136.0,112.0,2019,Deyonta Davis-2019,0.0,Not Selected,Center,ATL,0.023577235772357725
2018-19,Ed Davis,davised01,C,29,BRK,81,1,1446,6.1,9.9,0.616,0.0,0.1,0.0,6.1,9.9,0.62,3.3,5.3,0.617,7.1,15.7,22.8,2.0,1.2,1.1,2.1,7.4,15.5,129.0,105.0,2019,Ed Davis-2019,0.0,Not Selected,Center,BRK,0.03414634146341464
2018-19,Tyler Davis,davisty01,C,21,OKC,1,0,1,0.0,46.7,0.0,0.0,0.0,0.0,0.0,46.7,0.0,0.0,0.0,0.0,46.7,0.0,46.7,0.0,0.0,0.0,0.0,0.0,0.0,65.0,116.0,2019,Tyler Davis-2019,0.0,Not Selected,Center,OKC,0.03983739837398374
2018-19,Dewayne Dedmon,dedmode01,C,29,ATL,64,52,1609,7.4,15.1,0.49200000000000005,2.4,6.2,0.382,5.1,8.9,0.57,2.6,3.2,0.8140000000000001,3.0,10.8,13.8,2.6,2.0,2.0,2.4,6.1,19.9,115.0,109.0,2019,Dewayne Dedmon-2019,0.0,Not Selected,Center,ATL,0.023577235772357725
2018-19,Sam Dekker,dekkesa01,PF,24,TOT,47,5,788,7.3,15.5,0.469,1.2,3.8,0.306,6.1,11.8,0.521,1.7,2.8,0.609,3.2,5.8,9.0,2.8,2.3,0.4,1.5,2.9,17.4,109.0,114.0,2019,Sam Dekker-2019,0.0,Not Selected,Forward,TOT,0.03333333333333334
2018-19,Ángel Delgado,delgaan01,C,24,LAC,2,0,15,3.1,15.7,0.2,0.0,0.0,0.0,3.1,15.7,0.2,3.1,6.3,0.5,6.3,6.3,12.6,0.0,3.1,0.0,0.0,6.3,9.4,78.0,109.0,2019,Ángel Delgado-2019,0.0,Not Selected,Center,LAC,0.03902439024390244
2018-19,Matthew Dellavedova,dellama01,PG,28,TOT,48,0,812,5.9,14.7,0.405,2.7,7.9,0.33799999999999997,3.3,6.8,0.48200000000000004,2.5,3.2,0.8079999999999999,0.4,4.3,4.7,11.0,0.8,0.1,4.1,4.6,17.1,107.0,119.0,2019,Matthew Dellavedova-2019,0.0,Not Selected,Guard,TOT,0.03333333333333334
2018-19,Luol Deng,denglu01,SF,33,MIN,22,2,392,7.2,14.4,0.5,1.7,5.4,0.318,5.5,9.0,0.608,3.1,4.3,0.7140000000000001,2.4,6.5,8.9,2.2,1.8,1.0,1.7,2.9,19.2,117.0,113.0,2019,Luol Deng-2019,0.0,Not Selected,Forward,MIN,0.02926829268292683
2018-19,DeMar DeRozan,derozde01,SG,29,SAS,77,77,2688,11.5,23.9,0.48100000000000004,0.1,0.8,0.156,11.3,23.0,0.49200000000000005,6.6,8.0,0.83,1.0,7.4,8.4,8.6,1.6,0.7,3.6,3.2,29.7,110.0,111.0,2019,DeMar DeRozan-2019,0.0,Not Selected,Guard,SAS,0.03902439024390244
2018-19,Marcus Derrickson,derrima01,PF,22,GSW,11,0,67,11.4,23.4,0.485,7.1,14.2,0.5,4.3,9.2,0.462,2.8,3.6,0.8,5.7,3.6,9.2,0.7,0.0,0.7,2.1,6.4,32.7,123.0,116.0,2019,Marcus Derrickson-2019,0.0,Not Selected,Forward,GSW,0.046341463414634146
2018-19,Cheick Diallo,diallch01,PF,22,NOP,64,1,896,8.7,14.1,0.62,0.1,0.2,0.25,8.7,13.8,0.625,2.6,3.5,0.746,3.9,13.3,17.2,1.7,1.5,1.7,2.5,5.9,20.1,119.0,108.0,2019,Cheick Diallo-2019,0.0,Not Selected,Forward,NOP,0.026829268292682926
2018-19,Hamidou Diallo,diallha01,SG,20,OKC,51,3,526,6.7,14.6,0.455,0.4,2.1,0.16699999999999998,6.3,12.5,0.504,3.2,5.2,0.61,3.4,5.2,8.6,1.5,1.9,0.9,2.0,6.8,16.9,103.0,108.0,2019,Hamidou Diallo-2019,0.0,Not Selected,Guard,OKC,0.03983739837398374
2018-19,Gorgui Dieng,dienggo01,C,29,MIN,76,2,1031,8.8,17.5,0.501,0.9,2.6,0.33899999999999997,7.9,14.9,0.53,4.1,4.9,0.83,3.8,10.7,14.5,3.3,2.2,1.9,2.6,6.2,22.5,114.0,108.0,2019,Gorgui Dieng-2019,0.0,Not Selected,Center,MIN,0.02926829268292683
2018-19,Spencer Dinwiddie,dinwisp01,PG,25,BRK,68,4,1914,9.1,20.6,0.442,3.1,9.2,0.335,6.0,11.4,0.528,7.1,8.9,0.8059999999999999,0.6,3.5,4.1,7.7,1.0,0.4,3.8,4.7,28.4,114.0,113.0,2019,Spencer Dinwiddie-2019,0.0,Not Selected,Guard,BRK,0.03414634146341464
2018-19,Donte DiVincenzo,divindo01,SG,22,MIL,27,0,411,5.7,14.0,0.40299999999999997,2.5,9.4,0.265,3.2,4.6,0.6829999999999999,1.0,1.4,0.75,1.8,5.5,7.3,3.5,1.5,0.7,2.1,4.3,14.8,102.0,107.0,2019,Donte DiVincenzo-2019,0.0,Not Selected,Guard,MIL,0.04878048780487805
2018-19,Luka Dončić,doncilu01,SG,19,DAL,72,72,2318,10.6,24.8,0.42700000000000005,3.5,10.8,0.327,7.1,14.1,0.503,7.2,10.1,0.713,1.8,10.0,11.8,9.0,1.6,0.5,5.2,2.9,31.9,107.0,109.0,2019,Luka Dončić-2019,0.0,Not Selected,Guard,DAL,0.026829268292682926
2018-19,Tyler Dorsey,dorsety01,SG,22,TOT,48,11,698,7.4,18.3,0.405,3.1,9.2,0.33299999999999996,4.4,9.2,0.47700000000000004,2.6,4.2,0.623,1.9,6.0,7.8,3.9,1.0,0.1,1.9,3.7,20.5,104.0,114.0,2019,Tyler Dorsey-2019,0.0,Not Selected,Guard,TOT,0.03333333333333334
2018-19,Damyean Dotson,dotsoda01,SG,24,NYK,73,40,2004,7.0,16.8,0.415,3.0,8.2,0.368,3.9,8.6,0.461,1.8,2.4,0.745,0.8,5.5,6.3,3.2,1.4,0.2,1.7,3.2,18.7,105.0,116.0,2019,Damyean Dotson-2019,0.0,Not Selected,Guard,NYK,0.013821138211382113
2018-19,PJ Dozier,doziepj01,SG,22,BOS,6,0,51,7.6,19.8,0.381,1.9,7.6,0.25,5.7,12.3,0.462,0.9,1.9,0.5,5.7,10.4,16.1,4.7,1.9,0.0,0.0,1.9,17.9,112.0,107.0,2019,PJ Dozier-2019,0.0,Not Selected,Guard,BOS,0.03983739837398374
2018-19,Goran Dragić,dragigo01,PG,32,MIA,36,22,991,8.8,21.3,0.413,2.8,8.1,0.348,6.0,13.3,0.45399999999999996,3.9,5.0,0.782,1.0,4.5,5.5,8.6,1.5,0.2,3.5,4.0,24.4,106.0,111.0,2019,Goran Dragić-2019,0.0,Not Selected,Guard,MIA,0.03170731707317073
2018-19,Andre Drummond,drumman01,C,25,DET,79,79,2647,10.4,19.6,0.5329999999999999,0.1,0.7,0.132,10.4,18.9,0.5479999999999999,4.5,7.7,0.59,7.9,15.1,22.9,2.1,2.5,2.6,3.3,5.1,25.5,113.0,100.0,2019,Andre Drummond-2019,0.0,Not Selected,Center,DET,0.03333333333333333
2018-19,Jared Dudley,dudleja01,PF,33,BRK,59,25,1220,3.9,9.3,0.423,2.1,5.9,0.35100000000000003,1.9,3.4,0.545,1.2,1.8,0.696,1.3,4.7,6.0,3.2,1.4,0.6,1.7,5.1,11.2,110.0,111.0,2019,Jared Dudley-2019,0.0,Not Selected,Forward,BRK,0.03414634146341464
2018-19,Kris Dunn,dunnkr01,PG,24,CHI,46,44,1389,7.5,17.7,0.425,1.2,3.4,0.354,6.3,14.3,0.441,1.9,2.4,0.797,0.7,5.9,6.5,9.7,2.4,0.7,3.6,5.8,18.1,99.0,112.0,2019,Kris Dunn-2019,0.0,Not Selected,Guard,CHI,0.01788617886178862
2018-19,Kevin Durant,duranke01,SF,30,GSW,78,78,2702,12.7,24.4,0.521,2.4,6.8,0.353,10.3,17.5,0.5870000000000001,7.9,8.9,0.885,0.6,8.2,8.8,8.0,1.0,1.5,4.0,2.7,35.7,121.0,110.0,2019,Kevin Durant-2019,2.0,2nd,Forward,GSW,0.046341463414634146
2018-19,Trevon Duval,duvaltr01,PG,20,MIL,3,0,6,15.5,23.2,0.667,7.7,7.7,1.0,7.7,15.5,0.5,0.0,0.0,0.0,0.0,7.7,7.7,15.5,0.0,0.0,0.0,0.0,38.7,179.0,110.0,2019,Trevon Duval-2019,0.0,Not Selected,Guard,MIL,0.04878048780487805
2018-19,Vince Edwards,edwarvi01,SF,22,HOU,2,0,16,3.1,12.3,0.25,3.1,12.3,0.25,0.0,0.0,0.0,0.0,0.0,0.0,3.1,3.1,6.1,0.0,0.0,0.0,0.0,0.0,9.2,95.0,118.0,2019,Vince Edwards-2019,0.0,Not Selected,Forward,HOU,0.043089430894308944
2018-19,Henry Ellenson,ellenhe01,PF,22,TOT,19,0,259,7.3,17.7,0.41100000000000003,3.2,7.1,0.447,4.1,10.6,0.386,3.5,4.7,0.76,0.9,11.4,12.3,3.0,1.3,0.4,1.7,5.0,21.3,108.0,112.0,2019,Henry Ellenson-2019,0.0,Not Selected,Forward,TOT,0.03333333333333334
2018-19,Wayne Ellington,ellinwa01,SG,31,TOT,53,38,1297,7.0,17.3,0.40299999999999997,5.2,14.1,0.371,1.7,3.2,0.541,1.5,1.9,0.7959999999999999,0.5,3.5,4.1,2.7,2.0,0.2,1.5,3.5,20.6,112.0,110.0,2019,Wayne Ellington-2019,0.0,Not Selected,Guard,TOT,0.03333333333333334
2018-19,Joel Embiid,embiijo01,C,24,PHI,64,64,2154,12.7,26.3,0.484,1.7,5.8,0.3,11.0,20.5,0.535,11.4,14.2,0.804,3.5,15.6,19.1,5.1,1.0,2.7,5.0,4.6,38.6,114.0,104.0,2019,Joel Embiid-2019,2.0,2nd,Center,PHI,0.041463414634146344
2018-19,James Ennis,ennisja01,SF,28,TOT,58,27,1230,5.5,11.6,0.469,2.2,6.2,0.353,3.3,5.5,0.601,2.3,3.2,0.716,2.4,4.8,7.2,1.6,1.6,0.9,1.3,5.9,15.4,119.0,112.0,2019,James Ennis-2019,0.0,Not Selected,Forward,TOT,0.03333333333333334
2018-19,Drew Eubanks,eubandr01,PF,21,SAS,23,0,113,6.5,11.2,0.5770000000000001,0.0,0.0,0.0,6.5,11.2,0.5770000000000001,4.8,5.6,0.846,2.6,12.1,14.7,3.0,0.9,2.2,3.5,4.8,17.7,114.0,108.0,2019,Drew Eubanks-2019,0.0,Not Selected,Forward,SAS,0.03902439024390244
2018-19,Jacob Evans,evansja02,SG,21,GSW,30,1,204,4.2,12.4,0.34,0.9,3.5,0.267,3.3,8.9,0.368,0.0,0.2,0.0,1.4,4.4,5.8,5.4,1.2,0.7,2.6,6.5,9.3,85.0,113.0,2019,Jacob Evans-2019,0.0,Not Selected,Guard,GSW,0.046341463414634146
2018-19,Jawun Evans,evansja01,PG,22,TOT,8,0,65,2.2,10.3,0.214,0.0,2.2,0.0,2.2,8.1,0.273,0.0,0.0,0.0,0.7,8.1,8.8,7.3,2.2,0.0,4.4,5.9,4.4,58.0,114.0,2019,Jawun Evans-2019,0.0,Not Selected,Guard,TOT,0.03333333333333334
2018-19,Tyreke Evans,evansty01,SG,29,IND,69,18,1402,9.0,23.0,0.389,2.7,7.5,0.35600000000000004,6.3,15.5,0.405,4.0,5.6,0.7190000000000001,1.2,5.9,7.0,5.8,2.0,0.6,4.1,4.1,24.6,94.0,107.0,2019,Tyreke Evans-2019,0.0,Not Selected,Guard,IND,0.03902439024390244
2018-19,Dante Exum,exumda01,PG,23,UTA,42,1,664,7.3,17.4,0.419,1.3,4.5,0.29,6.0,12.9,0.46399999999999997,4.9,6.2,0.7909999999999999,1.2,3.7,4.9,7.9,1.0,0.4,3.7,5.0,20.8,104.0,110.0,2019,Dante Exum-2019,0.0,Not Selected,Guard,UTA,0.04065040650406504
2018-19,Kenneth Faried,farieke01,C,29,TOT,37,13,728,10.5,17.8,0.589,0.5,1.7,0.32,9.9,16.1,0.617,4.3,6.6,0.6459999999999999,6.5,10.3,16.8,1.3,1.1,1.5,2.2,5.5,25.7,125.0,109.0,2019,Kenneth Faried-2019,0.0,Not Selected,Center,TOT,0.03333333333333334
2018-19,Derrick Favors,favorde01,C,27,UTA,76,70,1766,9.8,16.8,0.586,0.5,2.1,0.218,9.4,14.7,0.64,4.2,6.2,0.675,5.6,9.6,15.2,2.4,1.5,2.9,2.3,4.4,24.3,124.0,103.0,2019,Derrick Favors-2019,0.0,Not Selected,Center,UTA,0.04065040650406504
2018-19,Cristiano Felício,feliccr01,C,26,CHI,60,0,746,6.2,11.6,0.531,0.0,0.3,0.0,6.2,11.4,0.5429999999999999,3.3,4.7,0.685,5.1,9.0,14.2,2.4,0.7,0.5,2.1,4.5,15.6,116.0,114.0,2019,Cristiano Felício-2019,0.0,Not Selected,Center,CHI,0.01788617886178862
2018-19,Raymond Felton,feltora01,PG,34,OKC,33,0,379,6.8,16.6,0.40700000000000003,2.5,7.5,0.32799999999999996,4.3,9.1,0.473,1.5,1.6,0.9229999999999999,0.5,3.7,4.2,6.4,1.2,0.7,1.7,3.6,17.5,110.0,111.0,2019,Raymond Felton-2019,0.0,Not Selected,Guard,OKC,0.03983739837398374
2018-19,Terrance Ferguson,fergute01,SG,20,OKC,74,74,1931,4.5,10.4,0.429,2.6,7.0,0.366,1.9,3.4,0.56,0.9,1.2,0.725,0.8,2.6,3.4,1.7,1.0,0.4,1.1,5.6,12.4,112.0,112.0,2019,Terrance Ferguson-2019,0.0,Not Selected,Guard,OKC,0.03983739837398374
2018-19,Yogi Ferrell,ferreyo01,PG,25,SAC,71,3,1067,6.7,15.4,0.435,2.4,6.5,0.36200000000000004,4.3,8.9,0.488,2.6,2.9,0.8959999999999999,0.6,4.2,4.8,6.0,1.6,0.2,1.7,2.8,18.3,114.0,114.0,2019,Yogi Ferrell-2019,0.0,Not Selected,Guard,SAC,0.03170731707317073
2018-19,Dorian Finney-Smith,finnedo01,SF,25,DAL,81,26,1985,5.6,12.9,0.43200000000000005,1.9,6.2,0.311,3.6,6.7,0.544,1.8,2.5,0.7090000000000001,3.4,6.1,9.5,2.3,1.7,0.9,1.8,4.5,14.9,109.0,111.0,2019,Dorian Finney-Smith-2019,0.0,Not Selected,Forward,DAL,0.026829268292682926
2018-19,Bryn Forbes,forbebr01,SG,25,SAS,82,81,2293,7.7,16.8,0.456,3.7,8.8,0.426,3.9,8.1,0.489,1.5,1.7,0.885,0.4,4.7,5.1,3.7,1.0,0.1,1.7,3.4,20.6,113.0,114.0,2019,Bryn Forbes-2019,0.0,Not Selected,Guard,SAS,0.03902439024390244
2018-19,Evan Fournier,fournev01,SG,26,ORL,81,81,2553,9.0,20.5,0.43799999999999994,2.9,8.6,0.34,6.0,11.9,0.509,2.6,3.3,0.8059999999999999,0.7,4.2,4.9,5.7,1.4,0.2,3.0,4.3,23.5,104.0,111.0,2019,Evan Fournier-2019,0.0,Not Selected,Guard,ORL,0.03414634146341464
2018-19,De'Aaron Fox,foxde01,PG,21,SAC,81,81,2546,9.2,20.1,0.45799999999999996,1.6,4.2,0.371,7.7,15.9,0.48200000000000004,5.5,7.6,0.727,0.8,4.8,5.6,10.8,2.4,0.8,4.1,3.7,25.6,110.0,111.0,2019,De'Aaron Fox-2019,0.0,Not Selected,Guard,SAC,0.03170731707317073
2018-19,Melvin Frazier,frazime01,SG,22,ORL,10,0,44,7.8,23.4,0.33299999999999996,0.0,6.7,0.0,7.8,16.7,0.467,1.1,4.4,0.25,3.3,2.2,5.6,1.1,1.1,0.0,1.1,6.7,16.7,75.0,113.0,2019,Melvin Frazier-2019,0.0,Not Selected,Guard,ORL,0.03414634146341464
2018-19,Tim Frazier,fraziti01,PG,28,TOT,59,19,1120,4.8,10.8,0.444,1.5,4.2,0.366,3.3,6.6,0.494,1.7,2.2,0.759,1.7,5.3,7.0,10.3,1.2,0.2,3.2,4.6,12.9,114.0,114.0,2019,Tim Frazier-2019,0.0,Not Selected,Guard,TOT,0.03333333333333334
2018-19,Jimmer Fredette,fredeji01,SG,29,PHO,6,0,65,5.9,21.3,0.276,0.0,9.5,0.0,5.9,11.8,0.5,4.4,4.4,1.0,0.7,4.4,5.1,5.9,2.2,0.0,3.7,3.7,16.2,75.0,117.0,2019,Jimmer Fredette-2019,0.0,Not Selected,Guard,PHO,0.015447154471544716
2018-19,Channing Frye,fryech01,C,35,CLE,36,6,341,6.3,17.0,0.368,4.7,11.5,0.405,1.6,5.5,0.289,1.6,2.0,0.7859999999999999,0.6,7.0,7.6,2.9,0.9,0.7,1.9,6.4,18.8,104.0,118.0,2019,Channing Frye-2019,0.0,Not Selected,Center,CLE,0.015447154471544716
2018-19,Markelle Fultz,fultzma01,SG,20,PHI,19,15,427,7.2,17.1,0.419,0.4,1.5,0.28600000000000003,6.7,15.6,0.433,2.3,4.1,0.568,2.9,4.9,7.7,6.5,1.9,0.6,2.8,5.8,17.1,99.0,111.0,2019,Markelle Fultz-2019,0.0,Not Selected,Guard,PHI,0.041463414634146344
2018-19,Danilo Gallinari,gallida01,SF,30,LAC,68,68,2059,9.4,20.3,0.46299999999999997,3.7,8.5,0.433,5.7,11.7,0.484,8.4,9.3,0.904,1.2,8.3,9.6,4.1,1.1,0.5,2.3,3.0,30.9,125.0,112.0,2019,Danilo Gallinari-2019,0.0,Not Selected,Forward,LAC,0.03902439024390244
2018-19,Langston Galloway,gallola01,SG,27,DET,80,4,1745,6.4,16.6,0.38799999999999996,3.8,10.7,0.355,2.6,5.8,0.449,2.3,2.7,0.8440000000000001,1.4,3.4,4.8,2.4,1.0,0.2,0.7,3.8,19.0,115.0,113.0,2019,Langston Galloway-2019,0.0,Not Selected,Guard,DET,0.03333333333333333
2018-19,Billy Garrett,garrebi01,SG,24,NYK,4,0,63,8.4,20.7,0.40700000000000003,0.0,6.1,0.0,8.4,14.5,0.579,3.1,3.1,1.0,0.0,2.3,2.3,5.4,0.8,0.8,1.5,2.3,19.9,97.0,118.0,2019,Billy Garrett-2019,0.0,Not Selected,Guard,NYK,0.013821138211382113
2018-19,Marc Gasol,gasolma01,C,34,TOT,79,72,2436,7.9,17.6,0.44799999999999995,2.0,5.5,0.363,5.9,12.1,0.48700000000000004,3.9,5.1,0.759,1.6,11.1,12.7,7.1,1.7,1.7,3.1,4.4,21.6,108.0,105.0,2019,Marc Gasol-2019,0.0,Not Selected,Center,TOT,0.03333333333333334
2018-19,Pau Gasol,gasolpa01,C,38,TOT,30,6,360,5.7,12.7,0.447,0.8,1.8,0.462,4.9,10.9,0.444,3.8,5.4,0.7,3.0,15.5,18.5,7.0,0.7,2.0,2.2,3.9,15.9,116.0,106.0,2019,Pau Gasol-2019,0.0,Not Selected,Center,TOT,0.03333333333333334
2018-19,Rudy Gay,gayru01,PF,32,SAS,69,51,1842,10.0,19.8,0.504,2.0,4.9,0.402,8.0,14.9,0.537,3.2,3.9,0.816,1.7,10.8,12.5,4.8,1.4,0.9,3.0,4.2,25.1,111.0,109.0,2019,Rudy Gay-2019,0.0,Not Selected,Forward,SAS,0.03902439024390244
2018-19,Paul George,georgpa01,SF,28,OKC,77,77,2841,11.6,26.5,0.43799999999999994,4.8,12.4,0.386,6.8,14.1,0.484,7.4,8.9,0.8390000000000001,1.7,8.6,10.3,5.2,2.8,0.6,3.4,3.5,35.5,116.0,105.0,2019,Paul George-2019,1.0,1st,Forward,OKC,0.03983739837398374
2018-19,Taj Gibson,gibsota01,PF,33,MIN,70,57,1686,8.6,15.3,0.5660000000000001,0.3,1.0,0.324,8.3,14.3,0.583,3.8,5.0,0.757,4.9,8.1,13.0,2.4,1.5,1.1,2.1,5.3,21.4,123.0,112.0,2019,Taj Gibson-2019,0.0,Not Selected,Forward,MIN,0.02926829268292683
2018-19,Harry Giles,gilesha01,PF,20,SAC,58,0,820,9.9,19.8,0.503,0.0,0.3,0.0,9.9,19.4,0.512,3.3,5.2,0.637,3.7,8.9,12.6,4.8,1.8,1.2,4.1,8.5,23.2,102.0,109.0,2019,Harry Giles-2019,0.0,Not Selected,Forward,SAC,0.03170731707317073
2018-19,Shai Gilgeous-Alexander,gilgesh01,PG,20,LAC,82,73,2174,7.4,15.5,0.47600000000000003,1.1,3.0,0.36700000000000005,6.3,12.5,0.503,3.4,4.2,0.8,1.2,3.8,5.0,5.9,2.1,1.0,3.1,3.8,19.3,108.0,112.0,2019,Shai Gilgeous-Alexander-2019,0.0,Not Selected,Guard,LAC,0.03902439024390244
2018-19,Rudy Gobert,goberru01,C,26,UTA,81,80,2577,8.8,13.2,0.669,0.0,0.0,0.0,8.8,13.2,0.669,6.2,9.7,0.636,5.7,13.6,19.3,3.0,1.2,3.5,2.4,4.3,23.8,133.0,100.0,2019,Rudy Gobert-2019,3.0,3rd,Center,UTA,0.04065040650406504
2018-19,Brandon Goodwin,goodwbr01,PG,23,DEN,16,0,57,5.2,19.8,0.261,1.7,5.2,0.33299999999999996,3.4,14.6,0.235,7.8,9.5,0.818,0.9,1.7,2.6,12.1,0.0,0.0,2.6,6.0,19.8,103.0,117.0,2019,Brandon Goodwin-2019,0.0,Not Selected,Guard,DEN,0.04390243902439024
2018-19,Aaron Gordon,gordoaa01,PF,23,ORL,78,78,2633,8.7,19.4,0.449,2.2,6.4,0.349,6.5,13.0,0.499,3.4,4.7,0.731,2.4,8.3,10.7,5.4,1.1,1.0,3.0,3.2,23.2,107.0,109.0,2019,Aaron Gordon-2019,0.0,Not Selected,Forward,ORL,0.03414634146341464
2018-19,Eric Gordon,gordoer01,SG,30,HOU,68,53,2158,8.7,21.3,0.409,4.9,13.6,0.36,3.8,7.7,0.49700000000000005,2.7,3.5,0.7829999999999999,0.4,3.0,3.4,2.9,0.9,0.6,2.0,3.3,25.1,108.0,115.0,2019,Eric Gordon-2019,0.0,Not Selected,Guard,HOU,0.043089430894308944
2018-19,Marcin Gortat,gortama01,C,34,LAC,47,43,751,6.2,11.7,0.532,0.0,0.0,0.0,6.2,11.7,0.532,2.2,3.0,0.7290000000000001,4.2,12.2,16.4,4.1,0.4,1.5,3.1,5.8,14.6,110.0,110.0,2019,Marcin Gortat-2019,0.0,Not Selected,Center,LAC,0.03902439024390244
2018-19,Devonte' Graham,grahade01,PG,23,CHO,46,3,676,5.3,15.5,0.34299999999999997,2.4,8.7,0.281,2.9,6.8,0.42100000000000004,2.5,3.3,0.7609999999999999,0.7,3.8,4.5,8.7,1.7,0.1,2.2,3.5,15.6,104.0,115.0,2019,Devonte' Graham-2019,0.0,Not Selected,Guard,CHO,0.03170731707317073
2018-19,Treveon Graham,grahatr01,SG,25,BRK,35,21,715,4.3,12.7,0.335,2.5,8.5,0.297,1.7,4.2,0.413,1.2,1.5,0.818,1.5,5.6,7.1,2.3,0.9,0.5,1.1,4.5,12.2,99.0,112.0,2019,Treveon Graham-2019,0.0,Not Selected,Guard,BRK,0.03414634146341464
2018-19,Jerami Grant,grantje01,PF,24,OKC,80,77,2612,7.3,14.7,0.49700000000000005,2.1,5.2,0.392,5.3,9.5,0.555,2.8,3.9,0.71,1.7,5.7,7.5,1.4,1.1,1.8,1.2,3.8,19.5,119.0,108.0,2019,Jerami Grant-2019,0.0,Not Selected,Forward,OKC,0.03983739837398374
2018-19,Jerian Grant,grantje02,PG,26,ORL,60,1,939,4.8,11.5,0.418,2.1,5.7,0.364,2.7,5.7,0.473,1.4,2.1,0.65,1.0,4.1,5.1,8.1,2.3,0.3,2.7,4.1,13.0,108.0,109.0,2019,Jerian Grant-2019,0.0,Not Selected,Guard,ORL,0.03414634146341464
2018-19,Donte Grantham,grantdo01,SF,23,OKC,3,0,2,0.0,46.7,0.0,0.0,46.7,0.0,0.0,0.0,0.0,0.0,0.0,0.0,0.0,0.0,0.0,0.0,0.0,0.0,0.0,0.0,0.0,0.0,116.0,2019,Donte Grantham-2019,0.0,Not Selected,Forward,OKC,0.03983739837398374
2018-19,Danny Green,greenda02,SG,31,TOR,80,80,2216,6.3,13.6,0.465,4.3,9.4,0.455,2.1,4.2,0.48700000000000004,0.8,1.0,0.841,1.3,5.6,6.9,2.7,1.6,1.1,1.6,3.7,17.8,119.0,108.0,2019,Danny Green-2019,0.0,Not Selected,Guard,TOR,0.04715447154471545
2018-19,Draymond Green,greendr01,PF,28,GSW,66,66,2065,4.3,9.7,0.445,1.1,3.8,0.285,3.2,5.9,0.5489999999999999,1.5,2.1,0.6920000000000001,1.4,9.7,11.1,10.5,2.2,1.6,3.9,4.5,11.2,108.0,106.0,2019,Draymond Green-2019,0.0,Not Selected,Forward,GSW,0.046341463414634146
2018-19,Gerald Green,greenge01,SG,33,HOU,73,0,1473,7.7,19.2,0.4,5.2,14.7,0.354,2.5,4.6,0.547,1.9,2.3,0.838,1.0,5.1,6.1,1.3,1.1,0.9,1.8,4.2,22.5,107.0,113.0,2019,Gerald Green-2019,0.0,Not Selected,Guard,HOU,0.043089430894308944
2018-19,JaMychal Green,greenja01,PF,28,TOT,65,6,1371,8.2,16.9,0.483,2.5,6.3,0.40299999999999997,5.7,10.7,0.53,2.8,3.6,0.792,3.7,10.9,14.6,1.8,1.6,1.2,3.1,6.9,21.8,108.0,107.0,2019,JaMychal Green-2019,0.0,Not Selected,Forward,TOT,0.03333333333333334
2018-19,Jeff Green,greenje02,PF,32,WAS,77,44,2097,7.4,15.5,0.475,2.5,7.2,0.34700000000000003,4.9,8.3,0.586,4.1,4.7,0.888,1.3,5.7,7.0,3.1,1.0,0.9,2.3,3.6,21.4,115.0,116.0,2019,Jeff Green-2019,0.0,Not Selected,Forward,WAS,0.026016260162601626
2018-19,Blake Griffin,griffbl01,PF,29,DET,75,75,2622,11.6,25.2,0.462,3.6,9.8,0.36200000000000004,8.1,15.4,0.525,7.8,10.3,0.753,1.9,8.7,10.6,7.6,1.0,0.5,4.8,3.7,34.6,113.0,110.0,2019,Blake Griffin-2019,3.0,3rd,Forward,DET,0.03333333333333333
2018-19,Daniel Hamilton,hamilda02,SG,23,ATL,19,3,204,5.2,13.6,0.38299999999999995,1.8,5.2,0.348,3.4,8.4,0.405,0.7,1.4,0.5,2.3,8.4,10.6,5.0,1.4,0.2,3.6,4.3,12.9,91.0,114.0,2019,Daniel Hamilton-2019,0.0,Not Selected,Guard,ATL,0.023577235772357725
2018-19,Dusty Hannahs,hannadu01,SG,25,MEM,2,0,26,5.7,22.9,0.25,0.0,9.6,0.0,5.7,13.4,0.429,3.8,3.8,1.0,0.0,1.9,1.9,9.6,1.9,0.0,1.9,1.9,15.3,78.0,113.0,2019,Dusty Hannahs-2019,0.0,Not Selected,Guard,MEM,0.026829268292682926
2018-19,Tim Hardaway Jr.,hardati02,SG,26,TOT,65,63,2057,9.2,23.3,0.39299999999999996,3.8,11.2,0.34,5.4,12.1,0.442,5.4,6.5,0.841,0.8,4.4,5.2,3.7,1.3,0.2,2.5,3.3,27.6,105.0,116.0,2019,Tim Hardaway Jr.-2019,0.0,Not Selected,Guard,TOT,0.03333333333333334
2018-19,James Harden,hardeja01,PG,29,HOU,78,78,2867,14.4,32.7,0.442,6.5,17.6,0.368,8.0,15.1,0.528,12.9,14.7,0.879,1.1,7.7,8.9,10.0,2.7,1.0,6.6,4.2,48.2,118.0,108.0,2019,James Harden-2019,1.0,1st,Guard,HOU,0.043089430894308944
2018-19,Maurice Harkless,harklma01,SF,25,POR,60,53,1415,6.5,13.3,0.48700000000000004,1.1,4.1,0.275,5.3,9.2,0.5820000000000001,1.7,2.5,0.6709999999999999,2.6,6.6,9.2,2.5,2.3,1.8,1.5,5.6,15.7,114.0,108.0,2019,Maurice Harkless-2019,0.0,Not Selected,Forward,POR,0.043089430894308944
2018-19,Montrezl Harrell,harremo01,C,25,LAC,82,5,2158,11.9,19.4,0.615,0.1,0.4,0.17600000000000002,11.9,19.0,0.623,5.8,9.1,0.643,4.0,7.7,11.7,3.5,1.6,2.4,2.9,5.6,29.8,122.0,109.0,2019,Montrezl Harrell-2019,0.0,Not Selected,Center,LAC,0.03902439024390244
2018-19,Devin Harris,harride01,PG,35,DAL,68,2,1071,6.0,15.7,0.38,2.8,9.1,0.31,3.2,6.7,0.47600000000000003,4.6,6.1,0.7609999999999999,0.5,4.5,5.1,5.5,1.6,0.7,2.5,6.0,19.4,107.0,112.0,2019,Devin Harris-2019,0.0,Not Selected,Guard,DAL,0.026829268292682926
2018-19,Gary Harris,harriga01,SG,24,DEN,57,48,1639,8.1,19.1,0.424,2.5,7.3,0.33899999999999997,5.6,11.8,0.47600000000000003,3.4,4.3,0.799,1.2,3.6,4.8,3.8,1.6,0.6,2.0,3.4,22.1,108.0,111.0,2019,Gary Harris-2019,0.0,Not Selected,Guard,DEN,0.04390243902439024
2018-19,Joe Harris,harrijo01,SG,27,BRK,76,76,2293,7.8,15.5,0.5,3.8,8.0,0.474,4.0,7.5,0.528,2.3,2.8,0.8270000000000001,1.1,5.0,6.0,3.8,0.8,0.4,2.5,3.8,21.6,119.0,113.0,2019,Joe Harris-2019,0.0,Not Selected,Guard,BRK,0.03414634146341464
2018-19,Tobias Harris,harrito02,PF,26,TOT,82,82,2847,10.1,20.8,0.48700000000000004,2.6,6.5,0.397,7.5,14.3,0.528,4.4,5.1,0.866,1.1,9.6,10.7,3.8,0.8,0.6,2.5,3.1,27.3,114.0,111.0,2019,Tobias Harris-2019,0.0,Not Selected,Forward,TOT,0.03333333333333334
2018-19,Andrew Harrison,harrian01,PG,24,TOT,17,0,187,4.2,13.9,0.302,1.3,6.5,0.2,2.9,7.3,0.39299999999999996,4.5,4.7,0.9440000000000001,1.6,3.7,5.2,6.3,1.0,0.5,3.1,8.9,14.1,95.0,119.0,2019,Andrew Harrison-2019,0.0,Not Selected,Guard,TOT,0.03333333333333334
2018-19,Shaquille Harrison,harrish01,SG,25,CHI,73,11,1430,6.2,14.4,0.43200000000000005,0.8,3.0,0.27,5.4,11.4,0.475,2.8,4.2,0.667,1.1,6.4,7.5,4.7,3.0,1.0,2.0,4.2,16.1,101.0,110.0,2019,Shaquille Harrison-2019,0.0,Not Selected,Guard,CHI,0.01788617886178862
2018-19,Josh Hart,hartjo01,SG,23,LAL,67,22,1715,5.1,12.6,0.40700000000000003,2.5,7.4,0.336,2.6,5.2,0.511,1.5,2.2,0.688,0.9,5.8,6.7,2.5,1.7,1.1,1.6,4.0,14.2,103.0,110.0,2019,Josh Hart-2019,0.0,Not Selected,Guard,LAL,0.03008130081300813
2018-19,Isaiah Hartenstein,harteis01,PF,20,HOU,28,0,221,4.4,9.1,0.488,0.4,1.3,0.33299999999999996,4.0,7.8,0.514,2.4,3.1,0.7859999999999999,4.7,5.8,10.4,3.3,1.6,2.7,2.9,12.4,11.8,114.0,109.0,2019,Isaiah Hartenstein-2019,0.0,Not Selected,Forward,HOU,0.043089430894308944
2018-19,Udonis Haslem,hasleud01,C,38,MIA,10,1,74,7.3,21.8,0.33299999999999996,0.0,7.9,0.0,7.3,13.9,0.524,2.0,2.6,0.75,2.0,15.8,17.8,1.3,0.0,0.0,2.0,5.9,16.5,77.0,107.0,2019,Udonis Haslem-2019,0.0,Not Selected,Center,MIA,0.03170731707317073
2018-19,Gordon Hayward,haywago01,PF,28,BOS,72,18,1863,7.7,16.4,0.466,2.0,6.0,0.33299999999999996,5.7,10.4,0.542,4.0,4.8,0.8340000000000001,1.3,7.0,8.3,6.3,1.6,0.6,2.7,2.7,21.3,114.0,109.0,2019,Gordon Hayward-2019,0.0,Not Selected,Forward,BOS,0.03983739837398374
2018-19,John Henson,hensojo01,C,28,MIL,14,0,188,7.7,16.6,0.46299999999999997,2.7,7.7,0.355,4.9,8.9,0.556,1.5,2.5,0.6,4.0,13.6,17.6,3.5,1.7,2.7,3.0,4.0,19.5,108.0,99.0,2019,John Henson-2019,0.0,Not Selected,Center,MIL,0.04878048780487805
2018-19,Juan Hernangómez,hernaju01,PF,23,DEN,70,25,1358,5.0,11.4,0.439,2.4,6.5,0.365,2.6,4.8,0.541,2.4,3.1,0.767,2.3,7.3,9.6,2.0,1.0,0.9,1.3,3.4,14.8,118.0,110.0,2019,Juan Hernangómez-2019,0.0,Not Selected,Forward,DEN,0.04390243902439024
2018-19,Willy Hernangómez,hernawi01,C,24,CHO,58,3,812,9.2,17.7,0.519,0.9,2.3,0.385,8.3,15.3,0.539,6.0,8.6,0.6940000000000001,7.0,11.6,18.6,3.6,1.0,1.2,3.5,5.9,25.2,118.0,111.0,2019,Willy Hernangómez-2019,0.0,Not Selected,Center,CHO,0.03170731707317073
2018-19,Mario Hezonja,hezonma01,SF,23,NYK,58,24,1206,7.6,18.5,0.41200000000000003,1.7,6.1,0.276,6.0,12.5,0.478,3.5,4.6,0.763,1.1,8.4,9.6,3.5,2.3,0.3,3.5,4.4,20.4,94.0,112.0,2019,Mario Hezonja-2019,0.0,Not Selected,Forward,NYK,0.013821138211382113
2018-19,Isaiah Hicks,hicksis01,PF,24,NYK,3,0,32,6.0,12.0,0.5,0.0,0.0,0.0,6.0,12.0,0.5,6.0,7.5,0.8,3.0,7.5,10.5,3.0,1.5,4.5,1.5,7.5,18.1,123.0,109.0,2019,Isaiah Hicks-2019,0.0,Not Selected,Forward,NYK,0.013821138211382113
2018-19,Buddy Hield,hieldbu01,SG,26,SAC,82,82,2615,11.1,24.2,0.45799999999999996,4.9,11.6,0.42700000000000005,6.1,12.6,0.48700000000000004,3.0,3.4,0.8859999999999999,1.9,5.4,7.3,3.6,1.0,0.6,2.6,3.6,30.2,113.0,114.0,2019,Buddy Hield-2019,0.0,Not Selected,Guard,SAC,0.03170731707317073
2018-19,Haywood Highsmith,highsha01,SF,22,PHI,5,0,40,4.7,11.8,0.4,1.2,5.9,0.2,3.5,5.9,0.6,0.0,2.4,0.0,0.0,5.9,5.9,2.4,1.2,0.0,1.2,1.2,10.6,83.0,113.0,2019,Haywood Highsmith-2019,0.0,Not Selected,Forward,PHI,0.041463414634146344
2018-19,Nenê,hilarne01,C,36,HOU,42,2,546,5.4,10.4,0.517,0.0,0.3,0.0,5.4,10.2,0.531,2.8,4.2,0.66,3.1,8.0,11.1,2.3,1.6,1.3,1.0,7.8,13.6,122.0,110.0,2019,Nenê-2019,0.0,Not Selected,Center,HOU,0.043089430894308944
2018-19,George Hill,hillge01,PG,32,TOT,60,13,1302,6.2,13.7,0.452,1.7,5.6,0.314,4.4,8.1,0.547,2.5,3.1,0.8240000000000001,1.4,4.0,5.4,4.9,1.9,0.3,1.9,3.7,16.6,114.0,110.0,2019,George Hill-2019,0.0,Not Selected,Guard,TOT,0.03333333333333334
2018-19,Solomon Hill,hillso01,SF,27,NOP,44,15,878,3.6,9.4,0.382,1.7,5.3,0.317,1.9,4.1,0.46799999999999997,1.2,1.7,0.7190000000000001,1.8,5.2,7.0,2.9,1.2,0.5,1.6,4.2,10.1,103.0,115.0,2019,Solomon Hill-2019,0.0,Not Selected,Forward,NOP,0.026829268292682926
2018-19,Aaron Holiday,holidaa01,PG,22,IND,50,0,646,8.0,19.8,0.401,3.3,9.6,0.33899999999999997,4.7,10.2,0.45899999999999996,3.1,3.8,0.82,0.4,4.7,5.1,6.6,1.6,1.0,3.0,5.4,22.3,102.0,108.0,2019,Aaron Holiday-2019,0.0,Not Selected,Guard,IND,0.03902439024390244
2018-19,Jrue Holiday,holidjr01,SG,28,NOP,67,67,2402,10.6,22.4,0.47200000000000003,2.3,7.0,0.325,8.3,15.4,0.539,4.0,5.2,0.768,1.5,5.0,6.5,10.0,2.1,1.0,4.1,2.9,27.5,111.0,112.0,2019,Jrue Holiday-2019,0.0,Not Selected,Guard,NOP,0.026829268292682926
2018-19,Justin Holiday,holidju01,SG,29,TOT,82,77,2607,5.6,14.6,0.386,3.0,8.8,0.348,2.6,5.9,0.442,1.8,2.0,0.8959999999999999,0.9,5.2,6.1,2.7,2.3,0.7,2.0,3.1,16.1,100.0,111.0,2019,Justin Holiday-2019,0.0,Not Selected,Guard,TOT,0.03333333333333334
2018-19,John Holland,hollajo02,SF,30,CLE,1,0,1,0.0,0.0,0.0,0.0,0.0,0.0,0.0,0.0,0.0,0.0,0.0,0.0,0.0,0.0,0.0,0.0,0.0,0.0,0.0,0.0,0.0,0.0,125.0,2019,John Holland-2019,0.0,Not Selected,Forward,CLE,0.015447154471544716
2018-19,Rondae Hollis-Jefferson,holliro01,SF,24,BRK,59,21,1234,7.7,18.8,0.41100000000000003,0.3,1.9,0.184,7.4,16.9,0.436,4.6,7.1,0.645,3.2,8.8,12.0,3.7,1.7,1.0,2.6,4.1,20.3,99.0,108.0,2019,Rondae Hollis-Jefferson-2019,0.0,Not Selected,Forward,BRK,0.03414634146341464
2018-19,Richaun Holmes,holmeri01,C,25,PHO,70,4,1184,9.0,14.7,0.608,0.0,0.0,0.0,9.0,14.7,0.608,5.2,7.1,0.731,4.6,8.7,13.3,2.4,1.7,3.2,2.1,7.8,23.1,127.0,111.0,2019,Richaun Holmes-2019,0.0,Not Selected,Center,PHO,0.015447154471544716
2018-19,Rodney Hood,hoodro01,SG,26,TOT,72,49,1893,7.6,17.5,0.435,2.2,6.1,0.35600000000000004,5.4,11.3,0.478,3.6,4.0,0.884,0.7,3.4,4.1,3.3,1.5,0.3,1.4,3.8,20.9,112.0,117.0,2019,Rodney Hood-2019,0.0,Not Selected,Guard,TOT,0.03333333333333334
2018-19,Al Horford,horfoal01,C,32,BOS,68,68,1973,9.4,17.7,0.535,1.8,5.0,0.36,7.7,12.7,0.604,1.9,2.3,0.821,2.9,8.3,11.2,6.9,1.4,2.1,2.5,3.1,22.6,122.0,107.0,2019,Al Horford-2019,0.0,Not Selected,Center,BOS,0.03983739837398374
2018-19,Danuel House,houseda01,SF,25,HOU,39,13,979,5.9,12.6,0.46799999999999997,3.7,8.9,0.41600000000000004,2.2,3.7,0.595,2.8,3.6,0.789,1.3,5.8,7.0,2.0,1.1,0.6,1.8,4.0,18.3,123.0,113.0,2019,Danuel House-2019,0.0,Not Selected,Forward,HOU,0.043089430894308944
2018-19,Dwight Howard,howardw01,C,33,WAS,9,9,230,8.9,14.2,0.623,0.0,0.0,0.0,8.9,14.2,0.623,6.0,9.9,0.604,4.9,12.1,17.1,0.8,1.4,0.8,3.3,7.0,23.7,116.0,111.0,2019,Dwight Howard-2019,0.0,Not Selected,Center,WAS,0.026016260162601626
2018-19,Kevin Huerter,huertke01,SG,20,ATL,75,59,2048,6.2,14.8,0.419,3.1,8.0,0.385,3.1,6.9,0.457,0.9,1.3,0.732,1.4,4.2,5.5,4.8,1.5,0.6,2.5,3.5,16.4,106.0,116.0,2019,Kevin Huerter-2019,0.0,Not Selected,Guard,ATL,0.023577235772357725
2018-19,Isaac Humphries,humphis01,C,21,ATL,5,1,56,5.0,17.3,0.28600000000000003,2.5,9.1,0.273,2.5,8.3,0.3,0.0,0.0,0.0,3.3,5.8,9.1,0.0,0.8,0.0,0.0,5.8,12.4,87.0,117.0,2019,Isaac Humphries-2019,0.0,Not Selected,Center,ATL,0.023577235772357725
2018-19,R.J. Hunter,hunterj01,SG,25,BOS,1,0,26,11.1,24.1,0.462,7.4,18.5,0.4,3.7,5.6,0.667,1.9,3.7,0.5,1.9,3.7,5.6,5.6,1.9,0.0,0.0,5.6,31.5,131.0,111.0,2019,R.J. Hunter-2019,0.0,Not Selected,Guard,BOS,0.03983739837398374
2018-19,Chandler Hutchison,hutchch01,SF,22,CHI,44,14,895,5.2,11.3,0.45899999999999996,0.8,2.7,0.28,4.4,8.6,0.516,1.2,2.1,0.605,1.7,8.3,10.0,1.8,1.2,0.3,1.4,3.2,12.4,101.0,114.0,2019,Chandler Hutchison-2019,0.0,Not Selected,Forward,CHI,0.01788617886178862
2018-19,Serge Ibaka,ibakase01,C,29,TOR,74,51,2010,11.1,20.9,0.529,1.2,4.0,0.29,9.9,16.9,0.586,3.2,4.2,0.763,3.7,10.6,14.3,2.4,0.7,2.5,2.7,5.0,26.5,113.0,105.0,2019,Serge Ibaka-2019,0.0,Not Selected,Center,TOR,0.04715447154471545
2018-19,Andre Iguodala,iguodan01,SF,35,GSW,68,13,1578,4.6,9.1,0.5,1.4,4.3,0.33299999999999996,3.1,4.8,0.652,1.2,2.0,0.5820000000000001,1.4,6.2,7.6,6.5,1.8,1.5,1.6,2.9,11.7,124.0,109.0,2019,Andre Iguodala-2019,0.0,Not Selected,Forward,GSW,0.046341463414634146
2018-19,Ersan İlyasova,ilyaser01,PF,31,MIL,67,7,1231,6.3,14.4,0.43799999999999994,2.2,6.0,0.363,4.1,8.3,0.493,2.3,2.8,0.8240000000000001,3.5,7.9,11.4,2.0,1.2,0.8,1.8,6.5,17.1,112.0,106.0,2019,Ersan İlyasova-2019,0.0,Not Selected,Forward,MIL,0.04878048780487805
2018-19,Joe Ingles,inglejo01,PF,31,UTA,82,82,2568,6.7,14.9,0.44799999999999995,3.5,9.0,0.391,3.2,5.9,0.5329999999999999,1.6,2.3,0.7070000000000001,0.7,5.5,6.1,8.7,1.8,0.4,3.6,3.4,18.5,110.0,107.0,2019,Joe Ingles-2019,0.0,Not Selected,Forward,UTA,0.04065040650406504
2018-19,Andre Ingram,ingraan01,SG,33,LAL,4,0,15,0.0,18.6,0.0,0.0,9.3,0.0,0.0,9.3,0.0,0.0,0.0,0.0,3.1,3.1,6.2,0.0,3.1,0.0,3.1,0.0,0.0,12.0,110.0,2019,Andre Ingram-2019,0.0,Not Selected,Guard,LAL,0.03008130081300813
2018-19,Brandon Ingram,ingrabr01,SF,21,LAL,52,52,1760,9.6,19.3,0.49700000000000005,0.8,2.5,0.33,8.8,16.8,0.521,5.2,7.6,0.675,1.1,6.0,7.1,4.1,0.7,0.8,3.4,3.9,25.1,104.0,112.0,2019,Brandon Ingram-2019,0.0,Not Selected,Forward,LAL,0.03008130081300813
2018-19,Kyrie Irving,irvinky01,PG,26,BOS,67,67,2214,13.1,27.0,0.48700000000000004,3.8,9.4,0.401,9.4,17.6,0.5329999999999999,4.7,5.3,0.873,1.5,5.7,7.3,10.1,2.2,0.7,3.7,3.6,34.7,118.0,108.0,2019,Kyrie Irving-2019,2.0,2nd,Guard,BOS,0.03983739837398374
2018-19,Jonathan Isaac,isaacjo01,PF,21,ORL,75,64,1996,6.4,15.0,0.429,2.1,6.5,0.32299999999999995,4.3,8.5,0.51,2.7,3.3,0.815,2.4,7.6,10.1,2.0,1.4,2.4,1.8,3.5,17.7,107.0,106.0,2019,Jonathan Isaac-2019,0.0,Not Selected,Forward,ORL,0.03414634146341464
2018-19,Wesley Iwundu,iwundwe01,SF,24,ORL,68,13,1233,4.5,10.9,0.41200000000000003,1.2,3.1,0.36700000000000005,3.3,7.7,0.431,3.3,4.1,0.816,1.5,5.8,7.3,2.9,1.1,0.9,1.7,4.9,13.5,107.0,110.0,2019,Wesley Iwundu-2019,0.0,Not Selected,Forward,ORL,0.03414634146341464
2018-19,Demetrius Jackson,jacksde01,PG,24,PHI,6,0,39,9.7,18.2,0.5329999999999999,2.4,7.3,0.33299999999999996,7.3,10.9,0.667,4.8,4.8,1.0,2.4,1.2,3.6,6.1,2.4,0.0,1.2,4.8,26.6,138.0,112.0,2019,Demetrius Jackson-2019,0.0,Not Selected,Guard,PHI,0.041463414634146344
2018-19,Frank Jackson,jacksfr01,PG,20,NOP,61,16,1169,7.7,17.8,0.434,2.1,6.7,0.314,5.6,11.1,0.507,2.1,2.9,0.74,1.0,4.3,5.3,2.7,1.0,0.1,1.9,3.7,19.7,102.0,117.0,2019,Frank Jackson-2019,0.0,Not Selected,Guard,NOP,0.026829268292682926
2018-19,Jaren Jackson Jr.,jacksja02,PF,19,MEM,58,56,1515,9.8,19.3,0.506,1.7,4.7,0.359,8.1,14.7,0.5529999999999999,5.0,6.5,0.7659999999999999,2.4,6.5,8.9,2.1,1.7,2.7,3.2,7.2,26.2,108.0,107.0,2019,Jaren Jackson Jr.-2019,0.0,Not Selected,Forward,MEM,0.026829268292682926
2018-19,Josh Jackson,jacksjo02,SG,21,PHO,79,29,1988,8.3,20.2,0.413,1.8,5.4,0.324,6.6,14.8,0.445,3.4,5.1,0.6709999999999999,1.6,6.7,8.3,4.4,1.8,1.3,4.2,5.0,21.9,91.0,114.0,2019,Josh Jackson-2019,0.0,Not Selected,Guard,PHO,0.015447154471544716
2018-19,Justin Jackson,jacksju01,SF,23,TOT,81,14,1614,6.3,14.2,0.447,2.5,7.2,0.355,3.8,7.0,0.542,1.8,2.3,0.785,1.3,4.9,6.2,2.8,0.9,0.4,0.8,2.9,17.0,117.0,114.0,2019,Justin Jackson-2019,0.0,Not Selected,Forward,TOT,0.03333333333333334
2018-19,Reggie Jackson,jacksre01,PG,28,DET,82,82,2289,9.5,22.6,0.42100000000000004,3.7,10.1,0.369,5.8,12.4,0.46399999999999997,4.4,5.1,0.8640000000000001,1.0,3.7,4.7,7.4,1.2,0.2,3.2,4.5,27.1,111.0,112.0,2019,Reggie Jackson-2019,0.0,Not Selected,Guard,DET,0.03333333333333333
2018-19,LeBron James,jamesle01,SF,34,LAL,55,55,1937,13.4,26.3,0.51,2.7,7.9,0.33899999999999997,10.7,18.4,0.5820000000000001,6.7,10.0,0.665,1.4,9.8,11.2,10.9,1.7,0.8,4.7,2.3,36.2,114.0,108.0,2019,LeBron James-2019,3.0,3rd,Forward,LAL,0.03008130081300813
2018-19,Amile Jefferson,jeffeam01,PF,25,ORL,12,0,68,7.2,11.5,0.625,0.0,0.0,0.0,7.2,11.5,0.625,5.0,5.8,0.875,4.3,10.8,15.1,2.2,2.2,2.2,0.7,5.8,19.4,146.0,103.0,2019,Amile Jefferson-2019,0.0,Not Selected,Forward,ORL,0.03414634146341464
2018-19,John Jenkins,jenkijo01,SG,27,TOT,26,0,333,6.1,15.2,0.4,3.2,8.4,0.379,2.9,6.8,0.426,2.2,2.6,0.833,0.9,4.5,5.4,3.2,0.0,0.3,1.3,1.4,17.5,109.0,119.0,2019,John Jenkins-2019,0.0,Not Selected,Guard,TOT,0.03333333333333334
2018-19,Jonas Jerebko,jerebjo01,PF,31,GSW,73,6,1218,6.4,13.9,0.45899999999999996,2.7,7.3,0.36700000000000005,3.7,6.5,0.563,2.5,3.1,0.8,2.8,8.4,11.2,3.7,1.1,0.7,1.7,5.4,17.9,120.0,111.0,2019,Jonas Jerebko-2019,0.0,Not Selected,Forward,GSW,0.046341463414634146
2018-19,Alize Johnson,johnsal02,PF,22,IND,14,0,64,3.1,12.2,0.25,0.8,1.5,0.5,2.3,10.7,0.214,3.1,6.1,0.5,3.1,11.5,14.5,0.8,0.8,2.3,0.0,5.4,9.9,86.0,105.0,2019,Alize Johnson-2019,0.0,Not Selected,Forward,IND,0.03902439024390244
2018-19,Amir Johnson,johnsam01,C,31,PHI,51,6,529,7.1,14.0,0.503,1.1,3.6,0.3,6.0,10.4,0.573,2.8,3.7,0.7559999999999999,4.2,8.9,13.1,5.4,1.4,1.2,4.0,8.8,17.9,109.0,109.0,2019,Amir Johnson-2019,0.0,Not Selected,Center,PHI,0.041463414634146344
2018-19,B.J. Johnson,johnsbj01,SF,23,TOT,7,0,49,8.5,17.0,0.5,2.8,6.6,0.429,5.7,10.4,0.545,1.9,1.9,1.0,1.9,5.7,7.6,0.0,1.9,0.0,1.9,3.8,21.7,111.0,115.0,2019,B.J. Johnson-2019,0.0,Not Selected,Forward,TOT,0.03333333333333334
2018-19,James Johnson,johnsja01,PF,31,MIA,55,33,1164,6.9,15.9,0.433,2.1,6.3,0.336,4.8,9.7,0.496,2.1,2.9,0.7140000000000001,0.9,6.5,7.4,5.7,1.5,1.1,3.1,4.8,18.0,102.0,108.0,2019,James Johnson-2019,0.0,Not Selected,Forward,MIA,0.03170731707317073
2018-19,Stanley Johnson,johnsst04,SF,22,TOT,66,7,1208,6.9,17.7,0.389,2.5,8.7,0.28800000000000003,4.4,9.1,0.484,2.0,2.6,0.7809999999999999,1.4,7.4,8.7,3.5,2.4,0.6,3.3,4.6,18.3,94.0,108.0,2019,Stanley Johnson-2019,0.0,Not Selected,Forward,TOT,0.03333333333333334
2018-19,Tyler Johnson,johnsty01,PG,26,TOT,57,22,1529,6.9,16.7,0.413,2.9,8.3,0.34600000000000003,4.0,8.4,0.47700000000000004,3.0,4.0,0.748,1.1,4.4,5.5,5.3,1.7,0.9,2.4,3.1,19.7,107.0,111.0,2019,Tyler Johnson-2019,0.0,Not Selected,Guard,TOT,0.03333333333333334
2018-19,Wesley Johnson,johnswe01,SF,31,TOT,38,13,534,3.9,11.2,0.35200000000000004,2.2,6.7,0.32899999999999996,1.8,4.6,0.385,1.1,1.7,0.684,1.1,5.3,6.3,2.0,1.2,1.1,1.6,5.5,11.2,94.0,115.0,2019,Wesley Johnson-2019,0.0,Not Selected,Forward,TOT,0.03333333333333334
2018-19,Nikola Jokić,jokicni01,C,23,DEN,80,80,2504,12.1,23.7,0.511,1.6,5.3,0.307,10.5,18.4,0.569,5.7,6.9,0.821,4.5,12.5,17.0,11.4,2.1,1.1,4.9,4.5,31.5,119.0,105.0,2019,Nikola Jokić-2019,1.0,1st,Center,DEN,0.04390243902439024
2018-19,Damian Jones,jonesda03,C,23,GSW,24,22,410,6.1,8.6,0.716,0.0,0.0,0.0,6.1,8.6,0.716,2.8,4.3,0.649,3.6,5.1,8.7,3.2,1.4,2.9,1.9,7.3,15.1,137.0,109.0,2019,Damian Jones-2019,0.0,Not Selected,Center,GSW,0.046341463414634146
2018-19,Derrick Jones Jr.,jonesde02,SF,21,MIA,60,14,1153,6.8,13.7,0.494,1.2,3.9,0.308,5.6,9.9,0.5670000000000001,3.1,5.2,0.607,4.1,6.1,10.2,1.6,1.9,1.8,1.8,5.2,17.9,113.0,107.0,2019,Derrick Jones Jr.-2019,0.0,Not Selected,Forward,MIA,0.03170731707317073
2018-19,Jalen Jones,jonesja04,SF,25,CLE,16,0,214,6.0,14.4,0.419,2.3,6.5,0.35700000000000004,3.7,7.9,0.47100000000000003,4.4,6.3,0.7040000000000001,2.6,5.3,7.9,1.6,2.1,0.5,1.9,6.3,18.8,111.0,117.0,2019,Jalen Jones-2019,0.0,Not Selected,Forward,CLE,0.015447154471544716
2018-19,Jemerrio Jones,jonesje01,SF,23,LAL,6,2,143,3.9,10.7,0.364,0.7,3.3,0.2,3.3,7.5,0.435,0.3,0.7,0.5,5.2,10.7,15.9,4.2,2.3,1.6,1.6,3.3,8.8,102.0,105.0,2019,Jemerrio Jones-2019,0.0,Not Selected,Forward,LAL,0.03008130081300813
2018-19,Terrence Jones,joneste01,PF,27,HOU,2,0,5,9.8,39.2,0.25,0.0,19.6,0.0,9.8,19.6,0.5,0.0,9.8,0.0,0.0,39.2,39.2,0.0,0.0,0.0,9.8,9.8,19.6,38.0,95.0,2019,Terrence Jones-2019,0.0,Not Selected,Forward,HOU,0.043089430894308944
2018-19,Tyus Jones,jonesty01,PG,22,MIN,68,23,1560,5.7,13.7,0.415,1.2,3.9,0.317,4.5,9.8,0.45299999999999996,1.8,2.1,0.841,0.7,3.4,4.1,10.0,2.5,0.2,1.4,2.4,14.4,116.0,114.0,2019,Tyus Jones-2019,0.0,Not Selected,Guard,MIN,0.02926829268292683
2018-19,DeAndre Jordan,jordade01,C,30,TOT,69,69,2047,6.8,10.6,0.6409999999999999,0.0,0.0,0.0,6.8,10.6,0.6409999999999999,4.4,6.2,0.705,5.3,16.0,21.3,3.7,1.0,1.7,3.6,4.0,17.9,122.0,106.0,2019,DeAndre Jordan-2019,0.0,Not Selected,Center,TOT,0.03333333333333334
2018-19,Cory Joseph,josepco01,PG,27,IND,82,9,2063,5.4,13.0,0.41200000000000003,1.3,4.1,0.322,4.1,8.9,0.45399999999999996,0.7,1.0,0.698,0.9,5.7,6.6,7.6,2.2,0.5,1.9,3.1,12.7,105.0,107.0,2019,Cory Joseph-2019,0.0,Not Selected,Guard,IND,0.03902439024390244
2018-19,Frank Kaminsky,kaminfr01,C,25,CHO,47,0,755,8.9,19.2,0.46299999999999997,3.2,9.0,0.36,5.7,10.2,0.5529999999999999,5.1,6.9,0.738,2.5,8.0,10.5,4.1,0.8,0.8,2.6,4.4,26.1,115.0,114.0,2019,Frank Kaminsky-2019,0.0,Not Selected,Center,CHO,0.03170731707317073
2018-19,Enes Kanter,kanteen01,C,26,TOT,67,31,1640,11.0,20.1,0.5489999999999999,0.3,1.0,0.294,10.7,19.1,0.562,4.6,5.8,0.787,7.6,11.8,19.4,3.4,0.9,0.8,3.5,4.9,26.9,118.0,111.0,2019,Enes Kanter-2019,0.0,Not Selected,Center,TOT,0.03333333333333334
2018-19,Luke Kennard,kennalu01,SG,22,DET,63,10,1437,7.8,17.8,0.43799999999999994,3.6,9.2,0.39399999999999996,4.2,8.6,0.486,1.7,2.1,0.836,0.4,5.9,6.3,3.9,0.9,0.3,2.0,3.2,21.0,110.0,112.0,2019,Luke Kennard-2019,0.0,Not Selected,Guard,DET,0.03333333333333333
2018-19,Michael Kidd-Gilchrist,kiddgmi01,PF,25,CHO,64,3,1179,6.5,13.7,0.47600000000000003,0.7,1.9,0.34,5.9,11.8,0.498,3.9,5.1,0.772,3.6,6.5,10.1,2.5,1.3,1.6,1.8,6.4,17.6,115.0,112.0,2019,Michael Kidd-Gilchrist-2019,0.0,Not Selected,Forward,CHO,0.03170731707317073
2018-19,George King,kingge03,SF,25,PHO,1,0,6,0.0,0.0,0.0,0.0,0.0,0.0,0.0,0.0,0.0,0.0,0.0,0.0,0.0,8.0,8.0,0.0,0.0,0.0,0.0,0.0,0.0,0.0,119.0,2019,George King-2019,0.0,Not Selected,Forward,PHO,0.015447154471544716
2018-19,Maxi Kleber,klebima01,PF,27,DAL,71,18,1502,5.7,12.5,0.45299999999999996,2.5,7.0,0.353,3.2,5.4,0.583,1.9,2.4,0.784,2.9,7.7,10.6,2.3,1.2,2.5,1.7,4.6,15.7,115.0,109.0,2019,Maxi Kleber-2019,0.0,Not Selected,Forward,DAL,0.026829268292682926
2018-19,Brandon Knight,knighbr03,PG,27,TOT,39,26,736,6.7,17.5,0.381,2.8,8.7,0.318,3.9,8.8,0.44299999999999995,1.8,2.3,0.794,0.7,3.3,4.0,4.8,1.4,0.1,2.0,4.2,17.9,101.0,119.0,2019,Brandon Knight-2019,0.0,Not Selected,Guard,TOT,0.03333333333333334
2018-19,Kevin Knox,knoxke01,PF,19,NYK,75,57,2158,7.5,20.4,0.37,2.8,8.1,0.34299999999999997,4.8,12.3,0.387,3.6,5.0,0.7170000000000001,1.4,6.1,7.5,1.8,1.0,0.5,2.5,3.9,21.5,93.0,116.0,2019,Kevin Knox-2019,0.0,Not Selected,Forward,NYK,0.013821138211382113
2018-19,Furkan Korkmaz,korkmfu01,SG,21,PHI,48,7,679,6.8,17.0,0.4,3.3,10.0,0.326,3.5,7.0,0.505,2.5,3.1,0.818,1.1,6.3,7.4,3.6,2.0,0.1,1.7,4.3,19.4,108.0,110.0,2019,Furkan Korkmaz-2019,0.0,Not Selected,Guard,PHI,0.041463414634146344
2018-19,Luke Kornet,kornelu01,PF,23,NYK,46,18,784,6.6,17.4,0.37799999999999995,4.3,11.9,0.363,2.3,5.5,0.41100000000000003,2.3,2.8,0.826,1.7,6.6,8.3,3.3,1.7,2.6,1.5,2.5,19.8,110.0,111.0,2019,Luke Kornet-2019,0.0,Not Selected,Forward,NYK,0.013821138211382113
2018-19,Kyle Korver,korveky01,SG-PF,37,TOT,70,0,1334,7.3,17.4,0.41600000000000004,5.0,12.6,0.397,2.3,4.9,0.467,2.2,2.6,0.8220000000000001,0.3,5.5,5.9,2.9,0.9,0.4,2.1,3.8,21.7,109.0,111.0,2019,Kyle Korver-2019,0.0,Not Selected,Forward,TOT,0.03333333333333334
2018-19,Kosta Koufos,koufoko01,C,29,SAC,42,1,502,6.8,14.2,0.47700000000000004,0.0,0.0,0.0,6.8,14.2,0.47700000000000004,0.9,2.2,0.41700000000000004,4.8,11.6,16.4,3.3,1.4,1.7,2.5,6.3,14.5,101.0,108.0,2019,Kosta Koufos-2019,0.0,Not Selected,Center,SAC,0.03170731707317073
2018-19,Rodions Kurucs,kurucro01,SF,20,BRK,63,46,1294,7.4,16.5,0.45,2.1,6.8,0.315,5.3,9.7,0.5429999999999999,2.6,3.4,0.7829999999999999,2.1,7.0,9.0,1.9,1.5,0.9,2.8,5.4,19.6,102.0,109.0,2019,Rodions Kurucs-2019,0.0,Not Selected,Forward,BRK,0.03414634146341464
2018-19,Kyle Kuzma,kuzmaky01,PF,23,LAL,70,68,2314,10.0,21.9,0.456,2.6,8.5,0.303,7.4,13.4,0.5529999999999999,3.8,5.0,0.752,1.2,6.5,7.7,3.6,0.8,0.5,2.7,3.4,26.3,106.0,112.0,2019,Kyle Kuzma-2019,0.0,Not Selected,Forward,LAL,0.03008130081300813
2018-19,Skal Labissière,labissk01,PF,22,TOT,22,1,176,7.0,13.1,0.531,1.6,3.5,0.462,5.4,9.7,0.556,2.4,4.6,0.529,2.4,9.1,11.5,3.0,1.3,1.6,3.0,7.8,18.0,108.0,109.0,2019,Skal Labissière-2019,0.0,Not Selected,Forward,TOT,0.03333333333333334
2018-19,Jeremy Lamb,lambje01,SG,26,CHO,79,55,2250,9.3,21.2,0.44,2.5,7.1,0.348,6.8,14.0,0.48700000000000004,5.0,5.6,0.888,1.4,8.0,9.4,3.7,1.9,0.7,1.7,3.0,26.1,113.0,111.0,2019,Jeremy Lamb-2019,0.0,Not Selected,Guard,CHO,0.03170731707317073
2018-19,Zach LaVine,lavinza01,SG,23,CHI,63,62,2171,11.8,25.4,0.467,2.7,7.2,0.374,9.2,18.2,0.504,7.0,8.4,0.8320000000000001,0.9,5.7,6.6,6.3,1.3,0.6,4.8,3.1,33.3,106.0,115.0,2019,Zach LaVine-2019,0.0,Not Selected,Guard,CHI,0.01788617886178862
2018-19,Jake Layman,laymaja01,SF,24,POR,71,33,1327,7.9,15.5,0.509,2.2,6.6,0.326,5.7,8.9,0.6459999999999999,1.8,2.6,0.7040000000000001,2.0,5.9,7.9,1.9,1.1,1.1,1.7,4.2,19.7,118.0,112.0,2019,Jake Layman-2019,0.0,Not Selected,Forward,POR,0.043089430894308944
2018-19,T.J. Leaf,leaftj01,PF,21,IND,58,1,522,9.3,17.1,0.541,0.7,2.9,0.258,8.5,14.2,0.599,1.8,2.9,0.613,4.0,7.7,11.7,2.2,0.8,1.8,1.1,3.3,21.1,119.0,107.0,2019,T.J. Leaf-2019,0.0,Not Selected,Forward,IND,0.03902439024390244
2018-19,Courtney Lee,leeco01,SG,33,TOT,34,6,428,6.0,14.6,0.41100000000000003,1.8,6.2,0.29100000000000004,4.2,8.4,0.5,1.6,2.4,0.667,1.0,5.1,6.1,4.2,2.4,0.3,1.6,3.6,15.4,103.0,112.0,2019,Courtney Lee-2019,0.0,Not Selected,Guard,TOT,0.03333333333333334
2018-19,Damion Lee,leeda03,SG,26,GSW,32,0,375,7.1,16.1,0.441,3.4,8.6,0.397,3.7,7.5,0.49200000000000005,2.4,2.8,0.8640000000000001,1.0,7.1,8.1,1.6,1.6,0.0,1.4,3.6,20.0,112.0,111.0,2019,Damion Lee-2019,0.0,Not Selected,Guard,GSW,0.046341463414634146
2018-19,Walt Lemon Jr.,lemonwa01,PG,26,CHI,6,3,167,11.0,25.3,0.43700000000000006,0.6,1.5,0.4,10.5,23.8,0.439,2.3,3.2,0.727,1.2,6.7,7.8,8.7,3.2,0.3,2.9,4.1,25.0,98.0,110.0,2019,Walt Lemon Jr.-2019,0.0,Not Selected,Guard,CHI,0.01788617886178862
2018-19,Alex Len,lenal01,C,25,ATL,77,31,1544,9.6,19.4,0.494,2.2,6.1,0.363,7.4,13.3,0.5539999999999999,4.2,6.5,0.648,4.7,8.0,12.7,2.6,0.8,2.1,2.9,6.0,25.6,113.0,113.0,2019,Alex Len-2019,0.0,Not Selected,Center,ATL,0.023577235772357725
2018-19,Kawhi Leonard,leonaka01,SF,27,TOR,60,60,2040,13.2,26.5,0.496,2.6,7.1,0.371,10.5,19.4,0.542,8.6,10.0,0.8540000000000001,1.8,8.5,10.3,4.7,2.5,0.6,2.8,2.0,37.5,119.0,105.0,2019,Kawhi Leonard-2019,2.0,2nd,Forward,TOR,0.04715447154471545
2018-19,Meyers Leonard,leoname01,C,26,POR,61,2,878,7.3,13.3,0.545,2.8,6.1,0.45,4.5,7.2,0.626,2.4,2.8,0.843,2.7,10.1,12.9,4.1,0.7,0.5,2.4,5.8,19.7,129.0,111.0,2019,Meyers Leonard-2019,0.0,Not Selected,Center,POR,0.043089430894308944
2018-19,Jon Leuer,leuerjo01,PF,29,DET,41,1,402,8.1,13.9,0.584,0.1,1.3,0.091,8.0,12.5,0.637,2.8,3.8,0.742,3.3,8.6,11.9,1.7,1.5,0.5,2.8,7.4,19.1,113.0,109.0,2019,Jon Leuer-2019,0.0,Not Selected,Forward,DET,0.03333333333333333
2018-19,Caris LeVert,leverca01,SF,24,BRK,40,25,1063,9.3,21.6,0.429,2.1,6.9,0.312,7.1,14.7,0.483,3.8,5.5,0.691,1.6,5.2,6.8,7.0,1.9,0.6,3.1,3.4,24.5,105.0,110.0,2019,Caris LeVert-2019,0.0,Not Selected,Forward,BRK,0.03414634146341464
2018-19,Damian Lillard,lillada01,PG,28,POR,80,80,2838,11.6,26.2,0.444,4.0,11.0,0.369,7.6,15.2,0.499,8.0,8.8,0.912,1.2,5.2,6.3,9.4,1.5,0.6,3.6,2.5,35.3,121.0,112.0,2019,Damian Lillard-2019,2.0,2nd,Guard,POR,0.043089430894308944
2018-19,Jeremy Lin,linje01,PG,30,TOT,74,4,1436,7.7,17.6,0.44,1.8,6.1,0.294,6.0,11.5,0.517,5.7,6.8,0.838,0.7,5.1,5.8,7.5,1.5,0.4,4.0,4.7,23.0,108.0,114.0,2019,Jeremy Lin-2019,0.0,Not Selected,Guard,TOT,0.03333333333333334
2018-19,Shaun Livingston,livinsh01,PG,33,GSW,64,0,967,5.4,10.3,0.519,0.0,0.1,0.0,5.4,10.2,0.524,2.0,2.5,0.784,2.1,3.7,5.8,5.6,1.5,1.3,1.9,3.6,12.7,118.0,112.0,2019,Shaun Livingston-2019,0.0,Not Selected,Guard,GSW,0.046341463414634146
2018-19,Zach Lofton,loftoza01,SG,26,DET,1,0,4,0.0,12.3,0.0,0.0,12.3,0.0,0.0,0.0,0.0,0.0,0.0,0.0,0.0,0.0,0.0,0.0,12.3,0.0,12.3,0.0,0.0,0.0,90.0,2019,Zach Lofton-2019,0.0,Not Selected,Guard,DET,0.03333333333333333
2018-19,Kevon Looney,looneke01,C,22,GSW,80,24,1481,7.0,11.1,0.625,0.0,0.3,0.1,6.9,10.8,0.6409999999999999,2.1,3.4,0.619,6.2,7.2,13.4,4.0,1.5,1.7,1.6,6.8,16.1,135.0,109.0,2019,Kevon Looney-2019,0.0,Not Selected,Center,GSW,0.046341463414634146
2018-19,Brook Lopez,lopezbr01,C,30,MIL,81,81,2322,7.1,15.7,0.452,3.7,10.2,0.365,3.4,5.5,0.613,2.2,2.7,0.8420000000000001,0.7,7.3,7.9,2.0,1.0,3.6,1.6,3.8,20.2,113.0,103.0,2019,Brook Lopez-2019,0.0,Not Selected,Center,MIL,0.04878048780487805
2018-19,Robin Lopez,lopezro01,C,30,CHI,74,36,1606,9.2,16.2,0.568,0.2,0.9,0.226,9.0,15.2,0.589,2.7,3.7,0.7240000000000001,4.2,4.4,8.6,2.7,0.3,2.4,2.9,3.7,21.3,113.0,115.0,2019,Robin Lopez-2019,0.0,Not Selected,Center,CHI,0.01788617886178862
2018-19,Kevin Love,loveke01,PF,30,CLE,22,21,598,9.1,23.5,0.385,4.4,12.2,0.361,4.7,11.3,0.41200000000000003,8.6,9.5,0.904,2.7,17.1,19.9,4.0,0.5,0.4,3.5,4.5,31.1,112.0,114.0,2019,Kevin Love-2019,0.0,Not Selected,Forward,CLE,0.015447154471544716
2018-19,Kyle Lowry,lowryky01,PG,32,TOR,65,65,2213,6.6,16.0,0.41100000000000003,3.4,9.8,0.34700000000000003,3.2,6.2,0.514,3.5,4.2,0.83,0.9,5.9,6.8,12.2,2.0,0.7,3.9,3.6,20.1,115.0,108.0,2019,Kyle Lowry-2019,0.0,Not Selected,Guard,TOR,0.04715447154471545
2018-19,Jordan Loyd,loydjo01,PG,25,TOR,12,0,55,7.0,15.7,0.444,3.5,7.0,0.5,3.5,8.7,0.4,7.8,9.6,0.818,0.9,7.0,7.8,5.2,0.0,0.0,1.7,4.4,25.3,130.0,112.0,2019,Jordan Loyd-2019,0.0,Not Selected,Guard,TOR,0.04715447154471545
2018-19,Kalin Lucas,lucaska01,PG,29,DET,1,0,6,0.0,8.2,0.0,0.0,8.2,0.0,0.0,0.0,0.0,16.4,16.4,1.0,0.0,24.6,24.6,8.2,0.0,0.0,0.0,8.2,16.4,140.0,104.0,2019,Kalin Lucas-2019,0.0,Not Selected,Guard,DET,0.03333333333333333
2018-19,Timothé Luwawu-Cabarrot,luwawti01,SF,23,TOT,50,7,669,5.9,15.7,0.376,2.6,8.3,0.31,3.3,7.3,0.451,2.2,3.0,0.7559999999999999,0.8,6.2,7.0,1.9,1.4,0.6,1.5,5.3,16.6,97.0,113.0,2019,Timothé Luwawu-Cabarrot-2019,0.0,Not Selected,Forward,TOT,0.03333333333333334
2018-19,Tyler Lydon,lydonty01,PF,22,DEN,25,0,94,4.7,9.4,0.5,2.1,5.2,0.4,2.6,4.2,0.625,0.5,1.6,0.33299999999999996,3.7,5.7,9.4,3.1,1.0,0.0,2.1,5.2,12.0,116.0,112.0,2019,Tyler Lydon-2019,0.0,Not Selected,Forward,DEN,0.04390243902439024
2018-19,Trey Lyles,lylestr01,PF,23,DEN,64,2,1120,9.1,21.7,0.418,2.2,8.8,0.255,6.8,12.9,0.529,3.6,5.1,0.698,1.9,8.9,10.8,3.8,1.3,1.0,3.0,4.1,23.9,100.0,109.0,2019,Trey Lyles-2019,0.0,Not Selected,Forward,DEN,0.04390243902439024
2018-19,Scott Machado,machasc01,PG,28,LAL,4,0,19,9.8,14.7,0.667,2.4,2.4,1.0,7.3,12.2,0.6,2.4,2.4,1.0,0.0,0.0,0.0,7.3,2.4,0.0,0.0,4.9,24.5,165.0,113.0,2019,Scott Machado-2019,0.0,Not Selected,Guard,LAL,0.03008130081300813
2018-19,Shelvin Mack,macksh01,PG,28,TOT,57,3,1246,6.5,16.1,0.40399999999999997,1.8,5.2,0.354,4.7,10.9,0.429,2.3,3.3,0.69,0.7,3.4,4.1,7.3,1.9,0.2,2.6,3.3,17.1,100.0,112.0,2019,Shelvin Mack-2019,0.0,Not Selected,Guard,TOT,0.03333333333333334
2018-19,Daryl Macon,maconda01,SG,23,DAL,8,0,90,5.4,14.6,0.37,2.7,5.9,0.455,2.7,8.6,0.313,2.2,3.8,0.5710000000000001,1.1,5.4,6.5,3.8,0.5,0.0,3.2,4.3,15.6,92.0,115.0,2019,Daryl Macon-2019,0.0,Not Selected,Guard,DAL,0.026829268292682926
2018-19,J.P. Macura,macurjp01,SG,23,CHO,2,0,17,8.6,25.7,0.33299999999999996,0.0,11.4,0.0,8.6,14.3,0.6,0.0,0.0,0.0,0.0,8.6,8.6,5.7,0.0,0.0,0.0,0.0,17.2,81.0,116.0,2019,J.P. Macura-2019,0.0,Not Selected,Guard,CHO,0.03170731707317073
2018-19,Ian Mahinmi,mahinia01,C,32,WAS,34,6,498,4.5,9.9,0.452,0.3,1.5,0.188,4.2,8.4,0.5,4.0,5.8,0.6890000000000001,4.6,7.6,12.2,2.4,2.4,1.5,2.0,8.0,13.2,113.0,111.0,2019,Ian Mahinmi-2019,0.0,Not Selected,Center,WAS,0.026016260162601626
2018-19,Thon Maker,makerth01,C-PF,21,TOT,64,5,972,5.4,13.3,0.40700000000000003,2.4,7.6,0.32,3.0,5.7,0.522,2.8,4.2,0.667,2.0,8.0,10.0,2.2,1.0,2.5,1.6,5.2,16.0,108.0,106.0,2019,Thon Maker-2019,0.0,Not Selected,Forward,TOT,0.03333333333333334
2018-19,Boban Marjanović,marjabo01,C,30,TOT,58,12,681,11.1,18.0,0.615,0.3,0.7,0.4,10.8,17.3,0.624,6.8,9.1,0.748,6.0,12.3,18.4,3.7,1.1,1.9,4.1,6.2,29.3,123.0,107.0,2019,Boban Marjanović-2019,0.0,Not Selected,Center,TOT,0.03333333333333334
2018-19,Lauri Markkanen,markkla01,PF,21,CHI,52,51,1682,9.9,22.9,0.43,3.5,9.6,0.361,6.4,13.3,0.479,4.9,5.6,0.872,2.1,11.4,13.6,2.2,1.1,1.0,2.5,3.5,28.1,107.0,112.0,2019,Lauri Markkanen-2019,0.0,Not Selected,Forward,CHI,0.01788617886178862
2018-19,Jarell Martin,martija01,PF,24,ORL,42,1,328,6.4,15.5,0.413,3.0,8.5,0.35100000000000003,3.4,7.0,0.489,1.3,1.6,0.818,1.6,9.3,10.9,2.7,0.4,1.2,1.6,7.6,17.2,105.0,109.0,2019,Jarell Martin-2019,0.0,Not Selected,Forward,ORL,0.03414634146341464
2018-19,Frank Mason III,masonfr01,PG,24,SAC,38,0,435,7.6,18.1,0.42,1.5,6.8,0.21899999999999997,6.1,11.2,0.5429999999999999,4.2,6.1,0.684,0.6,4.0,4.6,9.0,1.7,0.4,3.9,3.6,20.9,102.0,114.0,2019,Frank Mason III-2019,0.0,Not Selected,Guard,SAC,0.03170731707317073
2018-19,Yante Maten,matenya01,PF,22,MIA,2,0,13,3.8,15.0,0.25,0.0,3.8,0.0,3.8,11.3,0.33299999999999996,0.0,0.0,0.0,3.8,7.5,11.3,0.0,3.8,0.0,0.0,0.0,7.5,70.0,104.0,2019,Yante Maten-2019,0.0,Not Selected,Forward,MIA,0.03170731707317073
2018-19,Wesley Matthews,matthwe02,SF-SG,32,TOT,69,68,2091,6.5,16.2,0.4,3.5,9.4,0.37200000000000005,3.0,6.9,0.43700000000000006,3.1,3.8,0.81,0.7,3.2,4.0,3.7,1.3,0.4,2.1,3.7,19.5,107.0,113.0,2019,Wesley Matthews-2019,0.0,Not Selected,Forward,TOT,0.03333333333333334
2018-19,Luc Mbah a Moute,mbahalu01,PF,32,LAC,4,0,61,6.2,13.9,0.444,1.5,4.6,0.33299999999999996,4.6,9.3,0.5,1.5,3.9,0.4,1.5,3.9,5.4,1.5,0.8,0.8,1.5,6.2,15.5,98.0,115.0,2019,Luc Mbah a Moute-2019,0.0,Not Selected,Forward,LAC,0.03902439024390244
2018-19,Tahjere McCall,mccalta01,SG,24,BRK,1,0,8,11.9,17.8,0.667,0.0,5.9,0.0,11.9,11.9,1.0,0.0,5.9,0.0,0.0,5.9,5.9,0.0,0.0,0.0,0.0,11.9,23.8,108.0,114.0,2019,Tahjere McCall-2019,0.0,Not Selected,Guard,BRK,0.03414634146341464
2018-19,Patrick McCaw,mccawpa01,SG,23,TOT,29,1,397,3.2,7.6,0.413,1.1,3.4,0.321,2.1,4.2,0.486,1.6,1.8,0.867,0.8,5.0,5.8,3.5,2.8,0.2,2.1,4.6,9.0,102.0,108.0,2019,Patrick McCaw-2019,0.0,Not Selected,Guard,TOT,0.03333333333333334
2018-19,CJ McCollum,mccolcj01,SG,27,POR,70,70,2375,11.6,25.3,0.45899999999999996,3.4,9.1,0.375,8.2,16.3,0.506,3.2,3.9,0.828,1.3,4.5,5.8,4.2,1.1,0.6,2.2,3.5,29.9,113.0,113.0,2019,CJ McCollum-2019,0.0,Not Selected,Guard,POR,0.043089430894308944
2018-19,T.J. McConnell,mccontj01,PG,26,PHI,76,3,1470,7.1,13.5,0.525,0.4,1.3,0.33299999999999996,6.6,12.1,0.546,0.9,1.2,0.784,0.9,4.7,5.6,8.3,2.5,0.5,2.9,3.4,15.5,110.0,110.0,2019,T.J. McConnell-2019,0.0,Not Selected,Guard,PHI,0.041463414634146344
2018-19,Doug McDermott,mcderdo01,SF,27,IND,77,1,1340,7.6,15.4,0.491,3.1,7.5,0.408,4.5,7.9,0.569,2.4,2.9,0.835,0.6,3.4,4.0,2.4,0.7,0.3,1.5,3.8,20.6,117.0,112.0,2019,Doug McDermott-2019,0.0,Not Selected,Forward,IND,0.03902439024390244
2018-19,JaVale McGee,mcgeeja01,C,31,LAL,75,62,1671,11.1,17.9,0.624,0.0,0.3,0.083,11.1,17.5,0.634,2.7,4.2,0.632,5.4,10.3,15.8,1.4,1.3,4.1,3.0,5.8,25.0,117.0,104.0,2019,JaVale McGee-2019,0.0,Not Selected,Center,LAL,0.03008130081300813
2018-19,Rodney McGruder,mcgruro01,SG,27,MIA,66,45,1550,5.9,14.5,0.40299999999999997,2.5,7.1,0.35100000000000003,3.4,7.4,0.45299999999999996,1.6,2.3,0.722,1.9,5.6,7.5,3.5,1.1,0.4,2.0,3.6,15.9,104.0,111.0,2019,Rodney McGruder-2019,0.0,Not Selected,Guard,MIA,0.03170731707317073
2018-19,Alfonzo McKinnie,mckinal01,SF,26,GSW,72,5,1003,6.4,13.0,0.48700000000000004,2.0,5.6,0.35600000000000004,4.4,7.4,0.586,1.3,2.3,0.563,3.8,7.9,11.7,1.5,0.9,0.7,1.4,6.4,16.0,116.0,111.0,2019,Alfonzo McKinnie-2019,0.0,Not Selected,Forward,GSW,0.046341463414634146
2018-19,Ben McLemore,mclembe01,SG,25,SAC,19,0,158,7.4,18.9,0.391,5.0,12.1,0.415,2.4,6.8,0.348,2.4,3.5,0.667,0.9,4.1,5.0,1.2,1.8,0.9,1.5,6.5,22.1,105.0,113.0,2019,Ben McLemore-2019,0.0,Not Selected,Guard,SAC,0.03170731707317073
2018-19,Jordan McRae,mcraejo01,SG,27,WAS,27,0,333,8.7,18.5,0.469,1.4,5.0,0.28600000000000003,7.3,13.5,0.537,4.0,5.0,0.8,0.9,4.8,5.7,4.3,1.8,1.0,2.1,3.7,22.8,109.0,114.0,2019,Jordan McRae-2019,0.0,Not Selected,Guard,WAS,0.026016260162601626
2018-19,Jodie Meeks,meeksjo01,SG,31,TOR,8,0,104,9.7,18.0,0.5379999999999999,3.7,8.3,0.444,6.0,9.7,0.619,0.5,0.5,1.0,0.5,5.1,5.5,3.7,0.5,0.5,0.9,2.3,23.5,127.0,112.0,2019,Jodie Meeks-2019,0.0,Not Selected,Guard,TOR,0.04715447154471545
2018-19,Salah Mejri,mejrisa01,C,32,DAL,36,4,399,6.7,13.6,0.491,1.3,4.1,0.324,5.3,9.5,0.564,2.4,3.9,0.625,4.4,11.5,15.9,4.3,1.2,3.2,2.6,6.7,17.1,114.0,106.0,2019,Salah Mejri-2019,0.0,Not Selected,Center,DAL,0.026829268292682926
2018-19,De'Anthony Melton,meltode01,PG,20,PHO,50,31,984,4.9,12.4,0.391,1.4,4.6,0.305,3.4,7.8,0.441,1.0,1.4,0.75,1.2,5.3,6.5,7.7,3.3,1.1,3.6,5.5,12.1,93.0,112.0,2019,De'Anthony Melton-2019,0.0,Not Selected,Guard,PHO,0.015447154471544716
2018-19,Chimezie Metu,metuch01,PF,21,SAS,29,0,145,6.4,19.5,0.32799999999999996,0.0,0.7,0.0,6.4,18.9,0.33899999999999997,4.4,5.7,0.765,3.0,9.1,12.1,4.4,2.0,0.7,5.1,4.7,17.2,79.0,109.0,2019,Chimezie Metu-2019,0.0,Not Selected,Forward,SAS,0.03902439024390244
2018-19,Khris Middleton,middlkh01,SF,27,MIL,77,77,2393,9.8,22.3,0.441,3.5,9.2,0.37799999999999995,6.4,13.1,0.485,4.2,5.0,0.8370000000000001,1.0,8.0,9.0,6.4,1.6,0.1,3.4,3.3,27.3,109.0,106.0,2019,Khris Middleton-2019,0.0,Not Selected,Forward,MIL,0.04878048780487805
2018-19,C.J. Miles,milescj01,SF,31,TOT,53,1,856,6.3,17.6,0.36,3.8,11.5,0.33,2.6,6.1,0.41700000000000004,2.7,3.3,0.828,0.7,4.6,5.4,2.0,1.5,0.9,1.7,4.5,19.2,99.0,110.0,2019,C.J. Miles-2019,0.0,Not Selected,Forward,TOT,0.03333333333333334
2018-19,Darius Miller,milleda01,SF,28,NOP,69,15,1757,5.0,12.8,0.39,3.5,9.6,0.365,1.5,3.2,0.467,1.5,1.9,0.789,0.4,3.0,3.4,3.9,1.1,0.6,1.6,4.4,15.0,110.0,116.0,2019,Darius Miller-2019,0.0,Not Selected,Forward,NOP,0.026829268292682926
2018-19,Malcolm Miller,millema01,SF,25,TOR,10,0,67,7.9,18.6,0.423,7.2,15.0,0.47600000000000003,0.7,3.6,0.2,2.1,2.9,0.75,0.7,2.9,3.6,0.7,0.7,0.7,0.7,3.6,25.0,122.0,112.0,2019,Malcolm Miller-2019,0.0,Not Selected,Forward,TOR,0.04715447154471545
2018-19,Patty Mills,millspa02,PG,30,SAS,82,1,1908,7.2,17.0,0.425,4.1,10.3,0.39399999999999996,3.1,6.6,0.475,2.3,2.6,0.8540000000000001,0.6,4.0,4.7,6.3,1.3,0.3,2.4,3.3,20.8,112.0,114.0,2019,Patty Mills-2019,0.0,Not Selected,Guard,SAS,0.03902439024390244
2018-19,Paul Millsap,millspa01,PF,33,DEN,70,65,1895,8.3,17.2,0.484,1.5,4.1,0.365,6.8,13.1,0.522,4.7,6.5,0.727,4.0,9.1,13.1,3.7,2.2,1.4,2.5,4.7,22.9,116.0,106.0,2019,Paul Millsap-2019,0.0,Not Selected,Forward,DEN,0.04390243902439024
2018-19,Shake Milton,miltosh01,SG,22,PHI,20,0,268,6.0,15.3,0.391,2.5,7.8,0.318,3.5,7.6,0.465,0.9,1.2,0.7140000000000001,1.6,4.6,6.2,3.2,1.4,1.4,1.1,5.1,15.3,105.0,111.0,2019,Shake Milton-2019,0.0,Not Selected,Guard,PHI,0.041463414634146344
2018-19,Nikola Mirotić,mirotni01,PF,27,TOT,46,25,1245,8.9,20.2,0.439,4.3,11.9,0.365,4.6,8.4,0.545,3.9,4.6,0.847,2.2,10.4,12.7,2.1,1.2,1.3,1.8,4.0,26.0,115.0,109.0,2019,Nikola Mirotić-2019,0.0,Not Selected,Forward,TOT,0.03333333333333334
2018-19,Donovan Mitchell,mitchdo01,SG,22,UTA,77,77,2598,12.2,28.2,0.43200000000000005,3.5,9.6,0.36200000000000004,8.7,18.6,0.46799999999999997,5.9,7.3,0.8059999999999999,1.1,4.7,5.8,5.9,2.0,0.6,4.0,3.8,33.7,104.0,107.0,2019,Donovan Mitchell-2019,0.0,Not Selected,Guard,UTA,0.04065040650406504
2018-19,Naz Mitrou-Long,mitrona01,SG,25,UTA,14,0,84,3.4,11.4,0.3,1.1,6.3,0.182,2.3,5.1,0.444,1.1,1.1,1.0,0.6,2.8,3.4,8.5,0.6,0.6,4.6,5.7,9.1,81.0,111.0,2019,Naz Mitrou-Long-2019,0.0,Not Selected,Guard,UTA,0.04065040650406504
2018-19,Malik Monk,monkma01,SG,20,CHO,73,0,1258,8.8,22.7,0.387,4.2,12.8,0.33,4.6,9.9,0.461,3.5,3.9,0.882,0.6,4.7,5.3,4.5,1.4,0.7,3.3,4.1,25.2,99.0,114.0,2019,Malik Monk-2019,0.0,Not Selected,Guard,CHO,0.03170731707317073
2018-19,Greg Monroe,monrogr01,C,28,TOT,43,2,480,9.2,18.8,0.48700000000000004,0.1,0.5,0.2,9.1,18.3,0.495,4.5,7.2,0.625,6.7,10.5,17.1,2.4,1.4,0.8,3.2,6.6,22.9,107.0,106.0,2019,Greg Monroe-2019,0.0,Not Selected,Center,TOT,0.03333333333333334
2018-19,E'Twaun Moore,mooreet01,SG,29,NOP,53,36,1463,8.1,16.9,0.48100000000000004,2.4,5.6,0.43200000000000005,5.7,11.3,0.506,1.4,1.9,0.763,1.1,2.9,4.0,3.2,1.3,0.3,1.9,3.6,20.1,110.0,117.0,2019,E'Twaun Moore-2019,0.0,Not Selected,Guard,NOP,0.026829268292682926
2018-19,Eric Moreland,moreler01,PF,27,TOT,5,0,43,3.3,7.8,0.429,1.1,1.1,1.0,2.2,6.7,0.33299999999999996,0.0,0.0,0.0,4.5,17.8,22.3,4.5,1.1,1.1,5.6,10.0,7.8,86.0,102.0,2019,Eric Moreland-2019,0.0,Not Selected,Forward,TOT,0.03333333333333334
2018-19,Jaylen Morris,morrija01,SG,23,MIL,4,0,29,6.4,16.0,0.4,1.6,4.8,0.33299999999999996,4.8,11.2,0.429,1.6,3.2,0.5,0.0,8.0,8.0,6.4,3.2,0.0,1.6,1.6,16.0,100.0,103.0,2019,Jaylen Morris-2019,0.0,Not Selected,Guard,MIL,0.04878048780487805
2018-19,Marcus Morris,morrima03,PF,29,BOS,75,53,2091,8.7,19.4,0.447,3.4,9.0,0.375,5.3,10.5,0.508,3.4,4.0,0.8440000000000001,1.8,8.8,10.6,2.5,1.0,0.6,2.1,4.2,24.1,110.0,109.0,2019,Marcus Morris-2019,0.0,Not Selected,Forward,BOS,0.03983739837398374
2018-19,Markieff Morris,morrima02,PF,29,TOT,58,16,1270,7.6,18.0,0.42100000000000004,2.5,7.5,0.335,5.0,10.4,0.484,2.6,3.4,0.772,2.3,7.6,9.8,2.9,1.3,0.8,2.0,6.5,20.3,106.0,112.0,2019,Markieff Morris-2019,0.0,Not Selected,Forward,TOT,0.03333333333333334
2018-19,Monte Morris,morrimo01,PG,23,DEN,82,6,1970,8.6,17.5,0.493,2.3,5.7,0.414,6.3,11.8,0.531,1.6,2.0,0.802,0.9,4.0,4.8,7.4,1.8,0.1,1.3,2.5,21.2,124.0,111.0,2019,Monte Morris-2019,0.0,Not Selected,Guard,DEN,0.04390243902439024
2018-19,Donatas Motiejūnas,motiedo01,PF,28,SAS,3,0,13,11.3,22.5,0.5,0.0,0.0,0.0,11.3,22.5,0.5,0.0,7.5,0.0,7.5,3.8,11.3,3.8,0.0,3.8,11.3,22.5,22.5,72.0,111.0,2019,Donatas Motiejūnas-2019,0.0,Not Selected,Forward,SAS,0.03902439024390244
2018-19,Johnathan Motley,motlejo01,PF,23,LAC,22,0,156,11.8,22.1,0.534,0.0,0.9,0.0,11.8,21.2,0.557,7.3,12.1,0.6,5.4,10.0,15.4,3.3,1.5,0.9,4.8,8.2,30.9,106.0,109.0,2019,Johnathan Motley-2019,0.0,Not Selected,Forward,LAC,0.03902439024390244
2018-19,Emmanuel Mudiay,mudiaem01,PG,22,NYK,59,42,1607,9.9,22.2,0.446,2.1,6.3,0.32899999999999996,7.8,15.9,0.49200000000000005,4.3,5.6,0.774,1.0,4.9,5.9,6.8,1.3,0.6,4.2,3.1,26.2,102.0,116.0,2019,Emmanuel Mudiay-2019,0.0,Not Selected,Guard,NYK,0.013821138211382113
2018-19,Jamal Murray,murraja01,PG,21,DEN,75,74,2447,10.3,23.5,0.43700000000000006,3.1,8.3,0.36700000000000005,7.2,15.2,0.47600000000000003,3.8,4.5,0.848,1.3,5.1,6.4,7.3,1.3,0.5,3.2,3.1,27.4,110.0,111.0,2019,Jamal Murray-2019,0.0,Not Selected,Guard,DEN,0.04390243902439024
2018-19,Džanan Musa,musadz01,SG,19,BRK,9,0,39,11.0,26.8,0.409,1.2,12.2,0.1,9.8,14.6,0.667,0.0,2.4,0.0,1.2,4.9,6.1,2.4,2.4,0.0,4.9,1.2,23.2,75.0,110.0,2019,Džanan Musa-2019,0.0,Not Selected,Guard,BRK,0.03414634146341464
2018-19,Mike Muscala,muscami01,PF,27,TOT,64,10,1306,5.2,13.0,0.402,3.2,9.2,0.348,2.0,3.8,0.5329999999999999,2.5,3.1,0.8240000000000001,2.1,6.7,8.8,2.7,0.8,1.4,1.7,4.7,16.2,113.0,111.0,2019,Mike Muscala-2019,0.0,Not Selected,Forward,TOT,0.03333333333333334
2018-19,Sviatoslav Mykhailiuk,mykhasv01,SF,21,TOT,42,0,440,4.9,14.8,0.32899999999999996,3.1,9.4,0.326,1.8,5.4,0.33299999999999996,1.3,2.1,0.6,1.0,2.9,3.8,3.9,1.5,0.1,2.2,2.7,14.1,92.0,113.0,2019,Sviatoslav Mykhailiuk-2019,0.0,Not Selected,Forward,TOT,0.03333333333333334
2018-19,Abdel Nader,naderab01,SF,25,OKC,61,1,694,6.1,14.5,0.423,2.2,6.7,0.32,4.0,7.7,0.513,1.8,2.4,0.75,0.9,6.9,7.8,1.3,1.3,0.8,1.7,4.6,16.2,102.0,108.0,2019,Abdel Nader-2019,0.0,Not Selected,Forward,OKC,0.03983739837398374
2018-19,Larry Nance Jr.,nancela02,C,26,CLE,67,30,1795,6.9,13.3,0.52,0.9,2.7,0.337,6.0,10.5,0.5670000000000001,2.7,3.7,0.716,4.6,10.6,15.3,5.9,2.8,1.1,2.7,5.3,17.3,120.0,112.0,2019,Larry Nance Jr.-2019,0.0,Not Selected,Center,CLE,0.015447154471544716
2018-19,Shabazz Napier,napiesh01,PG,27,BRK,56,2,983,8.2,21.1,0.389,3.7,11.0,0.33299999999999996,4.5,10.0,0.449,5.6,6.7,0.833,0.9,4.0,4.8,6.9,2.0,0.8,3.2,3.2,25.6,109.0,110.0,2019,Shabazz Napier-2019,0.0,Not Selected,Guard,BRK,0.03414634146341464
2018-19,Raul Neto,netora01,PG,26,UTA,37,1,474,7.5,16.3,0.46,2.0,6.1,0.33299999999999996,5.5,10.2,0.535,2.8,3.3,0.848,0.6,5.7,6.3,9.4,1.4,0.4,3.5,4.9,19.8,111.0,108.0,2019,Raul Neto-2019,0.0,Not Selected,Guard,UTA,0.04065040650406504
2018-19,Georges Niang,niangge01,PF,25,UTA,59,0,516,8.0,16.8,0.475,4.0,9.7,0.41,4.0,7.0,0.5660000000000001,1.9,2.2,0.833,1.0,7.0,8.1,3.2,0.9,0.6,2.1,5.3,21.8,115.0,108.0,2019,Georges Niang-2019,0.0,Not Selected,Forward,UTA,0.04065040650406504
2018-19,Joakim Noah,noahjo01,C,33,MEM,42,1,693,7.9,15.3,0.516,0.0,0.1,0.0,7.9,15.2,0.519,5.6,7.8,0.716,4.2,12.9,17.1,6.4,1.4,2.2,3.6,6.9,21.4,113.0,105.0,2019,Joakim Noah-2019,0.0,Not Selected,Center,MEM,0.026829268292682926
2018-19,Nerlens Noel,noelne01,C,24,OKC,77,2,1055,7.2,12.2,0.5870000000000001,0.0,0.0,0.0,7.2,12.2,0.5870000000000001,2.4,3.5,0.684,5.6,8.8,14.4,2.0,2.9,4.2,2.1,7.3,16.7,122.0,99.0,2019,Nerlens Noel-2019,0.0,Not Selected,Center,OKC,0.03983739837398374
2018-19,Dirk Nowitzki,nowitdi01,PF,40,DAL,51,20,795,8.2,22.9,0.359,3.9,12.5,0.312,4.3,10.4,0.415,2.4,3.1,0.78,0.3,9.3,9.6,2.1,0.5,1.1,1.1,4.6,22.8,96.0,111.0,2019,Dirk Nowitzki-2019,0.0,Not Selected,Forward,DAL,0.026829268292682926
2018-19,Frank Ntilikina,ntilila01,PG,20,NYK,43,16,904,5.1,15.0,0.337,1.8,6.1,0.287,3.3,8.9,0.371,1.2,1.6,0.767,0.6,4.0,4.6,6.5,1.6,0.7,3.0,5.5,13.1,88.0,115.0,2019,Frank Ntilikina-2019,0.0,Not Selected,Guard,NYK,0.013821138211382113
2018-19,James Nunnally,nunnaja01,SF,28,TOT,15,0,102,5.7,16.1,0.353,3.8,11.8,0.32,1.9,4.3,0.444,1.9,1.9,1.0,0.0,2.4,2.4,3.3,0.5,0.0,0.5,4.7,17.1,110.0,119.0,2019,James Nunnally-2019,0.0,Not Selected,Forward,TOT,0.03333333333333334
2018-19,Jusuf Nurkić,nurkiju01,C,24,POR,72,72,1974,10.3,20.3,0.508,0.1,0.7,0.10300000000000001,10.2,19.6,0.523,6.9,9.0,0.773,6.0,12.4,18.4,5.7,1.7,2.5,4.1,6.1,27.6,116.0,105.0,2019,Jusuf Nurkić-2019,0.0,Not Selected,Center,POR,0.043089430894308944
2018-19,David Nwaba,nwabada01,SG,26,CLE,51,14,984,6.4,13.2,0.48100000000000004,1.2,3.8,0.32,5.1,9.4,0.545,2.9,4.3,0.682,2.1,6.2,8.2,2.7,1.8,0.9,1.5,5.4,16.9,115.0,116.0,2019,David Nwaba-2019,0.0,Not Selected,Guard,CLE,0.015447154471544716
2018-19,Royce O'Neale,onealro01,SF,25,UTA,82,16,1671,4.7,9.8,0.475,1.9,5.0,0.386,2.7,4.8,0.569,0.9,1.2,0.762,0.6,7.5,8.2,3.6,1.5,0.7,2.0,4.9,12.2,108.0,106.0,2019,Royce O'Neale-2019,0.0,Not Selected,Forward,UTA,0.04065040650406504
2018-19,Kyle O'Quinn,oquinky01,C,28,IND,45,3,371,9.1,17.9,0.507,0.1,1.6,0.083,9.0,16.3,0.5479999999999999,2.2,2.8,0.81,3.8,11.9,15.7,7.4,1.2,3.3,4.1,9.0,20.6,106.0,102.0,2019,Kyle O'Quinn-2019,0.0,Not Selected,Center,IND,0.03902439024390244
2018-19,Semi Ojeleye,ojelese01,PF,24,BOS,56,3,594,5.4,12.8,0.424,2.3,7.2,0.315,3.2,5.6,0.565,1.9,3.2,0.615,1.9,5.0,7.0,1.9,0.8,0.3,1.5,3.5,15.1,106.0,112.0,2019,Semi Ojeleye-2019,0.0,Not Selected,Forward,BOS,0.03983739837398374
2018-19,Jahlil Okafor,okafoja01,C,23,NOP,59,24,935,10.5,18.0,0.586,0.0,0.2,0.2,10.5,17.7,0.591,2.9,4.4,0.6629999999999999,4.1,9.7,13.8,2.0,0.7,2.0,2.6,4.8,24.1,115.0,112.0,2019,Jahlil Okafor-2019,0.0,Not Selected,Center,NOP,0.026829268292682926
2018-19,Elie Okobo,okoboel01,PG,21,PHO,53,16,958,5.7,14.5,0.39299999999999996,1.9,6.6,0.295,3.7,7.9,0.475,1.8,2.3,0.787,0.6,4.3,4.9,6.3,1.6,0.3,3.4,5.4,15.2,94.0,117.0,2019,Elie Okobo-2019,0.0,Not Selected,Guard,PHO,0.015447154471544716
2018-19,Josh Okogie,okogijo01,SG,20,MIN,74,52,1757,5.3,13.9,0.386,1.6,5.9,0.27899999999999997,3.7,8.0,0.46399999999999997,3.2,4.4,0.728,1.1,4.8,5.9,2.5,2.4,0.9,1.7,4.5,15.5,101.0,113.0,2019,Josh Okogie-2019,0.0,Not Selected,Guard,MIN,0.02926829268292683
2018-19,Victor Oladipo,oladivi01,SG,26,IND,36,36,1147,10.6,25.1,0.423,3.2,9.2,0.34299999999999997,7.5,15.9,0.47,4.4,6.0,0.73,0.9,7.7,8.6,7.9,2.6,0.5,3.5,3.1,28.8,104.0,105.0,2019,Victor Oladipo-2019,0.0,Not Selected,Guard,IND,0.03902439024390244
2018-19,Kelly Olynyk,olynyke01,PF,27,MIA,79,36,1812,7.0,15.2,0.46299999999999997,3.0,8.6,0.354,4.0,6.6,0.604,4.1,5.0,0.8220000000000001,1.9,8.2,10.1,3.8,1.4,1.0,3.1,4.9,21.2,114.0,108.0,2019,Kelly Olynyk-2019,0.0,Not Selected,Forward,MIA,0.03170731707317073
2018-19,Cedi Osman,osmande01,SF,23,CLE,76,75,2444,7.3,17.2,0.42700000000000005,2.6,7.6,0.348,4.7,9.6,0.489,2.9,3.7,0.779,0.9,6.3,7.3,4.0,1.2,0.2,2.3,4.0,20.1,106.0,118.0,2019,Cedi Osman-2019,0.0,Not Selected,Forward,CLE,0.015447154471544716
2018-19,Kelly Oubre Jr.,oubreke01,SF,23,TOT,69,19,1935,9.2,20.7,0.445,2.7,8.3,0.32,6.6,12.4,0.53,4.6,6.0,0.775,1.7,6.2,8.0,2.1,2.1,1.5,2.5,4.5,25.8,105.0,113.0,2019,Kelly Oubre Jr.-2019,0.0,Not Selected,Forward,TOT,0.03333333333333334
2018-19,Zaza Pachulia,pachuza01,C,34,DET,68,3,878,4.8,10.8,0.44,0.0,0.2,0.0,4.8,10.6,0.45,5.4,7.0,0.782,5.6,9.3,14.9,5.1,1.7,1.0,3.2,8.5,15.0,114.0,107.0,2019,Zaza Pachulia-2019,0.0,Not Selected,Center,DET,0.03333333333333333
2018-19,Jabari Parker,parkeja01,PF,23,TOT,64,17,1724,10.3,20.9,0.493,1.7,5.4,0.313,8.6,15.4,0.556,3.7,5.1,0.7120000000000001,2.2,9.5,11.7,4.2,1.3,0.8,4.2,4.0,25.9,102.0,113.0,2019,Jabari Parker-2019,0.0,Not Selected,Forward,TOT,0.03333333333333334
2018-19,Tony Parker,parketo01,PG,36,CHO,56,0,1003,10.3,22.4,0.46,0.6,2.5,0.255,9.7,20.0,0.485,4.4,6.0,0.7340000000000001,0.7,3.3,4.0,10.0,1.0,0.3,3.6,2.6,25.7,106.0,117.0,2019,Tony Parker-2019,0.0,Not Selected,Guard,CHO,0.03170731707317073
2018-19,Chandler Parsons,parsoch01,SF,30,MEM,25,3,496,6.8,18.2,0.374,2.9,9.4,0.309,3.9,8.8,0.44299999999999995,2.2,2.5,0.88,0.4,6.6,7.0,4.3,1.9,0.5,3.2,4.5,18.7,91.0,109.0,2019,Chandler Parsons-2019,0.0,Not Selected,Forward,MEM,0.026829268292682926
2018-19,Patrick Patterson,pattepa01,PF,29,OKC,63,5,861,4.4,11.9,0.374,2.5,7.4,0.336,2.0,4.4,0.439,1.0,1.6,0.633,2.3,5.7,8.0,1.7,0.9,0.7,1.2,2.5,12.4,106.0,110.0,2019,Patrick Patterson-2019,0.0,Not Selected,Forward,OKC,0.03983739837398374
2018-19,Justin Patton,pattoju01,C,21,PHI,3,0,21,4.5,15.7,0.28600000000000003,0.0,4.5,0.0,4.5,11.2,0.4,2.2,4.5,0.5,4.5,9.0,13.5,6.7,4.5,0.0,0.0,11.2,11.2,99.0,103.0,2019,Justin Patton-2019,0.0,Not Selected,Center,PHI,0.041463414634146344
2018-19,Chris Paul,paulch01,PG,33,HOU,58,58,1857,8.0,19.0,0.419,3.4,9.4,0.358,4.6,9.6,0.479,4.6,5.4,0.862,1.0,6.0,7.0,12.5,3.0,0.5,4.0,3.9,23.9,118.0,109.0,2019,Chris Paul-2019,0.0,Not Selected,Guard,HOU,0.043089430894308944
2018-19,Cameron Payne,payneca01,PG,24,TOT,40,13,712,6.6,15.3,0.43,1.7,5.8,0.298,4.9,9.5,0.511,2.3,2.8,0.805,0.9,4.0,4.9,7.3,1.9,0.6,3.1,4.4,17.1,103.0,115.0,2019,Cameron Payne-2019,0.0,Not Selected,Guard,TOT,0.03333333333333334
2018-19,Elfrid Payton,paytoel01,PG,24,NOP,42,42,1250,6.7,15.3,0.434,1.2,3.9,0.314,5.4,11.4,0.47600000000000003,2.0,2.8,0.743,1.8,6.4,8.2,11.9,1.6,0.6,4.2,3.0,16.6,106.0,113.0,2019,Elfrid Payton-2019,0.0,Not Selected,Guard,NOP,0.026829268292682926
2018-19,Gary Payton II,paytoga02,PG,26,WAS,3,0,16,14.8,23.7,0.625,3.0,5.9,0.5,11.8,17.8,0.667,0.0,0.0,0.0,3.0,3.0,5.9,11.8,8.9,3.0,3.0,5.9,32.6,135.0,97.0,2019,Gary Payton II-2019,0.0,Not Selected,Guard,WAS,0.026016260162601626
2018-19,Theo Pinson,pinsoth01,SG,23,BRK,18,0,211,5.6,16.5,0.342,2.7,10.4,0.261,2.9,6.1,0.48100000000000004,4.3,5.0,0.8640000000000001,0.9,7.2,8.1,4.7,1.4,0.0,4.1,3.4,18.3,94.0,111.0,2019,Theo Pinson-2019,0.0,Not Selected,Guard,BRK,0.03414634146341464
2018-19,Mason Plumlee,plumlma01,C,28,DEN,82,17,1731,7.4,12.5,0.593,0.1,0.3,0.2,7.4,12.3,0.602,3.1,5.6,0.561,4.7,10.2,14.9,6.9,1.9,2.2,3.6,7.2,18.1,117.0,105.0,2019,Mason Plumlee-2019,0.0,Not Selected,Center,DEN,0.04390243902439024
2018-19,Miles Plumlee,plumlmi01,C,30,ATL,18,0,173,8.5,12.8,0.667,0.0,0.0,0.0,8.5,12.8,0.667,4.3,8.0,0.5329999999999999,4.3,6.1,10.4,4.5,1.6,1.1,2.7,3.7,21.4,125.0,114.0,2019,Miles Plumlee-2019,0.0,Not Selected,Center,ATL,0.023577235772357725
2018-19,Jakob Poeltl,poeltja01,C,23,SAS,77,24,1273,7.2,11.1,0.645,0.0,0.0,0.0,7.2,11.1,0.645,1.9,3.5,0.5329999999999999,6.8,8.9,15.7,3.6,1.1,2.6,1.8,4.8,16.2,133.0,108.0,2019,Jakob Poeltl-2019,0.0,Not Selected,Center,SAS,0.03902439024390244
2018-19,Quincy Pondexter,pondequ01,SF,30,SAS,53,0,292,4.9,9.7,0.5,1.0,3.0,0.33299999999999996,3.8,6.7,0.575,5.7,7.0,0.81,1.3,6.4,7.7,4.0,1.8,0.2,2.2,4.0,16.4,123.0,111.0,2019,Quincy Pondexter-2019,0.0,Not Selected,Forward,SAS,0.03902439024390244
2018-19,Otto Porter,porteot01,SF,25,TOT,56,43,1683,8.5,18.2,0.465,2.9,7.3,0.406,5.5,11.0,0.504,2.2,2.7,0.813,1.5,7.4,8.9,3.4,2.3,0.9,1.8,3.1,22.1,111.0,112.0,2019,Otto Porter-2019,0.0,Not Selected,Forward,TOT,0.03333333333333334
2018-19,Bobby Portis,portibo01,PF,23,TOT,50,28,1299,10.3,23.1,0.444,2.8,7.0,0.39299999999999996,7.5,16.1,0.467,2.8,3.6,0.794,4.0,10.8,14.8,2.7,1.3,0.7,2.7,5.3,26.1,104.0,112.0,2019,Bobby Portis-2019,0.0,Not Selected,Forward,TOT,0.03333333333333334
2018-19,Dwight Powell,poweldw01,C,27,DAL,77,22,1662,8.5,14.2,0.597,1.1,3.7,0.307,7.3,10.5,0.6990000000000001,5.7,7.4,0.772,4.1,7.9,12.0,3.3,1.3,1.5,2.0,5.9,23.8,135.0,110.0,2019,Dwight Powell-2019,0.0,Not Selected,Center,DAL,0.026829268292682926
2018-19,Norman Powell,powelno01,SG,25,TOR,60,3,1126,8.2,17.0,0.483,2.9,7.2,0.4,5.3,9.8,0.5429999999999999,2.6,3.2,0.8270000000000001,0.7,5.2,5.9,3.9,1.7,0.6,2.8,4.1,22.0,110.0,109.0,2019,Norman Powell-2019,0.0,Not Selected,Guard,TOR,0.04715447154471545
2018-19,Alex Poythress,poythal01,PF,25,ATL,21,1,305,6.1,12.3,0.494,1.4,3.5,0.391,4.7,8.8,0.534,2.7,4.4,0.621,4.4,7.1,11.5,2.6,0.6,1.5,2.0,7.1,16.2,117.0,115.0,2019,Alex Poythress-2019,0.0,Not Selected,Forward,ATL,0.023577235772357725
2018-19,Zhou Qi,qizh01,PF,23,HOU,1,0,1,49.1,49.1,1.0,0.0,0.0,0.0,49.1,49.1,1.0,0.0,0.0,0.0,0.0,0.0,0.0,0.0,0.0,0.0,0.0,0.0,98.1,200.0,120.0,2019,Zhou Qi-2019,0.0,Not Selected,Forward,HOU,0.043089430894308944
2018-19,Ivan Rabb,rabbiv01,PF,21,MEM,49,13,721,8.0,14.6,0.547,0.2,1.0,0.2,7.8,13.6,0.574,3.4,4.8,0.71,4.8,9.4,14.2,3.7,1.2,1.0,2.4,6.2,19.6,117.0,109.0,2019,Ivan Rabb-2019,0.0,Not Selected,Forward,MEM,0.026829268292682926
2018-19,Chasson Randle,randlch01,PG,25,WAS,49,2,743,5.8,13.8,0.419,2.9,7.3,0.4,2.9,6.5,0.441,2.7,4.0,0.6940000000000001,0.6,2.9,3.6,6.2,1.6,0.2,2.7,5.8,17.3,108.0,117.0,2019,Chasson Randle-2019,0.0,Not Selected,Guard,WAS,0.026016260162601626
2018-19,Julius Randle,randlju01,PF,24,NOP,73,49,2232,11.9,22.7,0.524,1.4,4.1,0.344,10.5,18.6,0.564,7.4,10.1,0.731,3.4,9.8,13.2,4.8,1.1,0.9,4.3,5.1,32.6,113.0,112.0,2019,Julius Randle-2019,0.0,Not Selected,Forward,NOP,0.026829268292682926
2018-19,J.J. Redick,redicjj01,SG,34,PHI,76,63,2379,9.0,20.4,0.44,4.8,12.0,0.397,4.2,8.4,0.502,4.5,5.1,0.894,0.4,3.3,3.7,4.1,0.6,0.3,2.0,2.6,27.2,118.0,115.0,2019,J.J. Redick-2019,0.0,Not Selected,Guard,PHI,0.041463414634146344
2018-19,Davon Reed,reedda01,SG,23,IND,10,0,47,5.2,12.5,0.41700000000000004,2.1,4.2,0.5,3.1,8.3,0.375,0.0,0.0,0.0,2.1,4.2,6.2,3.1,1.0,0.0,1.0,3.1,12.5,107.0,111.0,2019,Davon Reed-2019,0.0,Not Selected,Guard,IND,0.03902439024390244
2018-19,Cameron Reynolds,reynoca01,SG,23,MIN,19,0,259,6.1,14.4,0.423,3.9,9.4,0.41200000000000003,2.2,5.0,0.444,1.5,1.7,0.889,0.7,5.0,5.7,2.4,1.1,0.4,0.9,4.8,17.6,118.0,116.0,2019,Cameron Reynolds-2019,0.0,Not Selected,Guard,MIN,0.02926829268292683
2018-19,Josh Richardson,richajo01,SG,25,MIA,73,73,2539,8.1,19.7,0.41200000000000003,3.2,8.9,0.35700000000000004,5.0,10.9,0.45799999999999996,3.8,4.4,0.861,1.0,4.0,5.1,5.7,1.5,0.7,2.2,3.8,23.3,111.0,110.0,2019,Josh Richardson-2019,0.0,Not Selected,Guard,MIA,0.03170731707317073
2018-19,Malachi Richardson,richama01,SG,23,TOR,22,0,103,4.2,13.5,0.31,3.7,11.6,0.32,0.5,1.9,0.25,1.9,2.3,0.8,0.9,5.1,6.0,0.0,0.5,0.0,3.7,6.0,14.0,79.0,112.0,2019,Malachi Richardson-2019,0.0,Not Selected,Guard,TOR,0.04715447154471545
2018-19,Austin Rivers,riverau01,SG,26,TOT,76,15,2028,5.5,13.7,0.406,2.5,7.8,0.318,3.1,5.9,0.522,1.2,2.3,0.526,0.6,3.3,3.9,4.0,1.1,0.5,1.6,4.9,14.8,104.0,116.0,2019,Austin Rivers-2019,0.0,Not Selected,Guard,TOT,0.03333333333333334
2018-19,Devin Robinson,robinde01,SF,23,WAS,7,0,95,9.5,16.0,0.594,0.0,1.0,0.0,9.5,15.0,0.633,4.5,7.0,0.643,3.0,7.0,10.0,3.0,2.0,3.0,1.0,5.5,23.4,127.0,110.0,2019,Devin Robinson-2019,0.0,Not Selected,Forward,WAS,0.026016260162601626
2018-19,Duncan Robinson,robindu01,PF,24,MIA,15,1,161,5.5,14.0,0.391,3.0,10.6,0.28600000000000003,2.4,3.3,0.727,1.2,1.8,0.667,0.6,5.2,5.8,1.5,1.5,0.0,1.2,3.3,15.2,102.0,111.0,2019,Duncan Robinson-2019,0.0,Not Selected,Forward,MIA,0.03170731707317073
2018-19,Glenn Robinson III,robingl02,SF,25,DET,47,18,610,6.0,14.2,0.42,1.5,5.0,0.29,4.5,9.2,0.491,2.6,3.2,0.8,1.4,4.4,5.7,1.7,1.1,0.6,1.5,3.6,16.0,104.0,112.0,2019,Glenn Robinson III-2019,0.0,Not Selected,Forward,DET,0.03333333333333333
2018-19,Jerome Robinson,robinje01,SG,21,LAC,33,0,320,6.5,16.2,0.4,2.7,8.4,0.316,3.8,7.8,0.491,0.9,1.3,0.667,0.4,5.6,6.0,2.8,1.6,0.4,1.9,6.8,16.5,96.0,112.0,2019,Jerome Robinson-2019,0.0,Not Selected,Guard,LAC,0.03902439024390244
2018-19,Mitchell Robinson,robinmi01,C,20,NYK,66,19,1360,7.2,10.3,0.6940000000000001,0.0,0.0,0.0,7.2,10.3,0.6940000000000001,2.9,4.8,0.6,6.3,8.7,15.0,1.3,1.8,5.7,1.2,7.7,17.2,140.0,106.0,2019,Mitchell Robinson-2019,0.0,Not Selected,Center,NYK,0.013821138211382113
2018-19,Rajon Rondo,rondora01,PG,32,LAL,46,29,1369,5.9,14.7,0.405,1.7,4.8,0.359,4.2,9.9,0.428,0.8,1.2,0.639,1.2,7.1,8.3,12.5,1.9,0.2,4.3,3.4,14.4,100.0,110.0,2019,Rajon Rondo-2019,0.0,Not Selected,Guard,LAL,0.03008130081300813
2018-19,Derrick Rose,rosede01,PG,30,MIN,51,13,1392,12.5,25.9,0.48200000000000004,1.9,5.0,0.37,10.6,20.9,0.509,4.7,5.5,0.856,1.1,3.7,4.8,7.6,1.1,0.4,2.8,2.0,31.6,114.0,117.0,2019,Derrick Rose-2019,0.0,Not Selected,Guard,MIN,0.02926829268292683
2018-19,Terrence Ross,rosste01,SG,27,ORL,81,0,2150,10.0,23.4,0.428,4.9,12.9,0.38299999999999995,5.1,10.5,0.484,2.9,3.3,0.875,0.6,5.8,6.4,3.1,1.6,0.7,2.0,2.7,27.8,108.0,109.0,2019,Terrence Ross-2019,0.0,Not Selected,Guard,ORL,0.03414634146341464
2018-19,Terry Rozier,roziete01,PG,24,BOS,79,14,1791,6.9,17.9,0.387,3.2,9.1,0.353,3.7,8.8,0.42200000000000004,2.0,2.5,0.785,0.9,7.4,8.3,6.2,1.8,0.6,1.8,2.7,19.0,106.0,108.0,2019,Terry Rozier-2019,0.0,Not Selected,Guard,BOS,0.03983739837398374
2018-19,Ricky Rubio,rubiori01,PG,28,UTA,68,67,1899,7.4,18.4,0.40399999999999997,2.0,6.4,0.311,5.4,12.0,0.45399999999999996,4.9,5.7,0.855,0.8,5.3,6.1,10.5,2.3,0.3,4.5,4.5,21.8,105.0,107.0,2019,Ricky Rubio-2019,0.0,Not Selected,Guard,UTA,0.04065040650406504
2018-19,D'Angelo Russell,russeda01,PG,22,BRK,81,81,2448,12.8,29.5,0.434,4.5,12.3,0.369,8.3,17.1,0.48200000000000004,3.1,4.0,0.78,1.0,5.1,6.1,10.9,1.9,0.4,4.9,2.7,33.3,107.0,110.0,2019,D'Angelo Russell-2019,0.0,Not Selected,Guard,BRK,0.03414634146341464
2018-19,Domantas Sabonis,sabondo01,C,22,IND,74,5,1838,11.0,18.6,0.59,0.2,0.5,0.529,10.8,18.2,0.5920000000000001,5.5,7.7,0.715,5.0,13.4,18.4,5.6,1.3,0.8,4.3,6.4,27.8,118.0,104.0,2019,Domantas Sabonis-2019,0.0,Not Selected,Center,IND,0.03902439024390244
2018-19,Brandon Sampson,sampsbr01,SG,21,CHI,14,2,214,6.3,13.6,0.467,2.5,6.6,0.379,3.9,7.0,0.5479999999999999,0.9,1.4,0.667,0.7,2.9,3.6,2.3,1.8,0.7,2.7,4.3,16.1,98.0,115.0,2019,Brandon Sampson-2019,0.0,Not Selected,Guard,CHI,0.01788617886178862
2018-19,JaKarr Sampson,sampsja02,SF,25,CHI,4,0,127,11.1,20.6,0.537,1.9,5.3,0.35700000000000004,9.2,15.3,0.6,6.5,8.0,0.81,1.9,10.3,12.2,1.5,1.5,1.1,1.5,3.1,30.5,123.0,111.0,2019,JaKarr Sampson-2019,0.0,Not Selected,Forward,CHI,0.01788617886178862
2018-19,Dario Šarić,saricda01,PF,24,TOT,81,41,2023,7.2,16.4,0.43700000000000006,2.8,7.6,0.365,4.4,8.8,0.499,3.1,3.5,0.88,3.0,7.8,10.8,3.0,1.1,0.2,2.3,4.3,20.3,113.0,114.0,2019,Dario Šarić-2019,0.0,Not Selected,Forward,TOT,0.03333333333333334
2018-19,Tomáš Satoranský,satorto01,PG,27,WAS,80,54,2164,5.6,11.6,0.485,1.4,3.5,0.395,4.2,8.1,0.524,2.9,3.5,0.8190000000000001,1.8,4.3,6.1,8.7,1.8,0.3,2.6,3.8,15.5,121.0,116.0,2019,Tomáš Satoranský-2019,0.0,Not Selected,Guard,WAS,0.026016260162601626
2018-19,Dennis Schröder,schrode01,PG,25,OKC,79,14,2314,9.2,22.3,0.414,2.5,7.3,0.341,6.7,14.9,0.45,3.8,4.6,0.8190000000000001,0.8,5.0,5.7,6.5,1.3,0.2,3.5,3.8,24.7,103.0,110.0,2019,Dennis Schröder-2019,0.0,Not Selected,Guard,OKC,0.03983739837398374
2018-19,Mike Scott,scottmi01,PF,30,TOT,79,3,1395,5.7,14.2,0.4,3.4,8.5,0.401,2.3,5.7,0.39899999999999997,0.7,1.1,0.667,1.5,7.9,9.3,2.2,0.9,0.4,1.5,5.3,15.5,105.0,112.0,2019,Mike Scott-2019,0.0,Not Selected,Forward,TOT,0.03333333333333334
2018-19,Thabo Sefolosha,sefolth01,SF,34,UTA,50,2,609,5.6,11.7,0.47700000000000004,2.7,6.1,0.436,2.9,5.6,0.521,1.1,1.7,0.636,0.6,9.0,9.7,2.1,3.4,0.4,2.0,3.2,14.9,107.0,102.0,2019,Thabo Sefolosha-2019,0.0,Not Selected,Forward,UTA,0.04065040650406504
2018-19,Wayne Selden,seldewa01,SG,24,TOT,75,13,1439,6.7,16.4,0.406,1.9,5.9,0.316,4.8,10.5,0.456,2.3,3.1,0.728,1.3,4.9,6.1,3.7,1.1,0.4,2.7,4.4,17.5,95.0,115.0,2019,Wayne Selden-2019,0.0,Not Selected,Guard,TOT,0.03333333333333334
2018-19,Collin Sexton,sextoco01,PG,20,CLE,82,72,2605,9.9,23.0,0.43,2.3,5.6,0.402,7.6,17.4,0.44,4.1,4.9,0.8390000000000001,1.1,3.4,4.5,4.6,0.8,0.1,3.5,3.5,26.1,101.0,121.0,2019,Collin Sexton-2019,0.0,Not Selected,Guard,CLE,0.015447154471544716
2018-19,Landry Shamet,shamela01,SG,21,TOT,79,27,1802,6.3,14.6,0.431,4.4,10.4,0.42200000000000004,1.9,4.2,0.45299999999999996,2.0,2.4,0.8059999999999999,0.6,3.0,3.5,3.1,1.0,0.3,1.2,4.1,18.9,120.0,115.0,2019,Landry Shamet-2019,0.0,Not Selected,Guard,TOT,0.03333333333333334
2018-19,Iman Shumpert,shumpim01,SG,28,TOT,62,41,1481,5.3,14.2,0.374,3.0,8.7,0.348,2.3,5.5,0.41600000000000004,1.1,1.4,0.8,0.9,5.0,5.8,3.6,1.9,0.8,1.6,4.0,14.8,103.0,112.0,2019,Iman Shumpert-2019,0.0,Not Selected,Guard,TOT,0.03333333333333334
2018-19,Pascal Siakam,siakapa01,PF,24,TOR,80,79,2548,9.8,17.8,0.5489999999999999,1.5,4.0,0.369,8.3,13.7,0.602,4.5,5.7,0.785,2.3,8.0,10.3,4.7,1.4,1.0,2.9,4.5,25.5,120.0,107.0,2019,Pascal Siakam-2019,0.0,Not Selected,Forward,TOR,0.04715447154471545
2018-19,Jordan Sibert,siberjo01,SG,26,ATL,1,0,4,11.6,11.6,1.0,11.6,11.6,1.0,0.0,0.0,0.0,0.0,0.0,0.0,0.0,0.0,0.0,0.0,0.0,0.0,0.0,0.0,34.7,300.0,123.0,2019,Jordan Sibert-2019,0.0,Not Selected,Guard,ATL,0.023577235772357725
2018-19,Ben Simmons,simmobe01,PG,22,PHI,79,79,2700,9.4,16.8,0.563,0.0,0.1,0.0,9.4,16.7,0.5660000000000001,4.5,7.5,0.6,3.0,9.2,12.2,10.7,2.0,1.1,4.8,3.7,23.4,114.0,108.0,2019,Ben Simmons-2019,0.0,Not Selected,Guard,PHI,0.041463414634146344
2018-19,Jonathon Simmons,simmojo02,SG-SF,29,TOT,56,9,1064,6.1,16.0,0.38,1.3,4.7,0.26899999999999996,4.8,11.2,0.42700000000000005,3.3,4.4,0.742,1.2,4.5,5.8,5.8,1.3,0.7,3.1,4.1,16.7,95.0,111.0,2019,Jonathon Simmons-2019,0.0,Not Selected,Forward,TOT,0.03333333333333334
2018-19,Kobi Simmons,simmoko01,PG,21,CLE,1,0,2,0.0,0.0,0.0,0.0,0.0,0.0,0.0,0.0,0.0,0.0,0.0,0.0,0.0,0.0,0.0,0.0,0.0,0.0,0.0,0.0,0.0,0.0,125.0,2019,Kobi Simmons-2019,0.0,Not Selected,Guard,CLE,0.015447154471544716
2018-19,Anfernee Simons,simonan01,SG,19,POR,20,1,141,9.6,21.6,0.444,3.4,10.0,0.345,6.2,11.7,0.529,3.1,5.5,0.563,1.0,3.4,4.5,4.5,0.3,0.0,3.8,3.1,25.8,102.0,116.0,2019,Anfernee Simons-2019,0.0,Not Selected,Guard,POR,0.043089430894308944
2018-19,Marcus Smart,smartma01,SG,24,BOS,80,60,2200,5.2,12.4,0.42200000000000004,2.8,7.6,0.364,2.5,4.8,0.511,2.3,2.8,0.8059999999999999,1.2,3.9,5.1,7.0,3.1,0.6,2.7,4.4,15.5,113.0,107.0,2019,Marcus Smart-2019,0.0,Not Selected,Guard,BOS,0.03983739837398374
2018-19,Dennis Smith Jr.,smithde03,PG,21,TOT,53,50,1508,8.9,20.9,0.428,2.1,6.7,0.322,6.8,14.2,0.47700000000000004,3.2,5.0,0.635,1.0,3.9,5.0,8.1,2.1,0.6,4.9,4.1,23.2,96.0,112.0,2019,Dennis Smith Jr.-2019,0.0,Not Selected,Guard,TOT,0.03333333333333334
2018-19,Ish Smith,smithis01,PG,30,DET,56,0,1251,8.1,19.3,0.419,1.7,5.3,0.326,6.3,14.0,0.455,1.9,2.4,0.758,0.9,4.8,5.7,8.0,1.1,0.4,2.4,4.3,19.7,105.0,112.0,2019,Ish Smith-2019,0.0,Not Selected,Guard,DET,0.03333333333333333
2018-19,J.R. Smith,smithjr01,SG,33,CLE,11,4,222,6.0,17.7,0.342,2.7,8.7,0.308,3.4,8.9,0.375,1.8,2.2,0.8,0.0,4.0,4.0,4.7,2.5,0.7,2.5,4.3,16.6,91.0,116.0,2019,J.R. Smith-2019,0.0,Not Selected,Guard,CLE,0.015447154471544716
2018-19,Jason Smith,smithja02,PF-C,32,TOT,20,1,190,5.2,14.6,0.35600000000000004,2.2,6.4,0.34600000000000003,3.0,8.2,0.364,3.5,4.0,0.875,4.0,8.9,12.9,3.5,0.7,1.7,3.2,7.4,16.1,100.0,111.0,2019,Jason Smith-2019,0.0,Not Selected,Forward,TOT,0.03333333333333334
2018-19,Zhaire Smith,smithzh01,SG,19,PHI,6,2,111,6.0,14.5,0.41200000000000003,2.6,6.8,0.375,3.4,7.7,0.444,2.6,3.4,0.75,1.3,4.3,5.5,4.3,0.9,0.9,2.6,3.4,17.0,105.0,113.0,2019,Zhaire Smith-2019,0.0,Not Selected,Guard,PHI,0.041463414634146344
2018-19,Tony Snell,snellto01,SF,27,MIL,74,12,1304,5.8,12.9,0.452,2.9,7.3,0.397,2.9,5.6,0.522,1.3,1.5,0.8809999999999999,1.0,4.6,5.6,2.4,0.9,0.6,0.8,3.2,15.8,119.0,109.0,2019,Tony Snell-2019,0.0,Not Selected,Forward,MIL,0.04878048780487805
2018-19,Ray Spalding,spaldra01,PF,21,TOT,14,3,148,8.1,15.2,0.532,0.0,1.0,0.0,8.1,14.2,0.568,1.3,3.9,0.33299999999999996,4.8,10.6,15.5,1.6,2.9,2.6,2.9,7.4,17.4,99.0,108.0,2019,Ray Spalding-2019,0.0,Not Selected,Forward,TOT,0.03333333333333334
2018-19,Omari Spellman,spellom01,PF,21,ATL,46,11,805,5.6,14.0,0.402,2.5,7.3,0.344,3.1,6.7,0.466,1.8,2.6,0.711,4.1,7.0,11.1,2.7,1.5,1.4,1.8,3.8,15.6,110.0,113.0,2019,Omari Spellman-2019,0.0,Not Selected,Forward,ATL,0.023577235772357725
2018-19,Nik Stauskas,stausni01,SG,25,TOT,68,0,1015,6.5,16.3,0.402,3.4,9.0,0.37200000000000005,3.2,7.2,0.44,2.7,3.1,0.8909999999999999,0.9,5.2,6.1,3.9,1.0,0.3,2.5,2.4,19.2,108.0,115.0,2019,Nik Stauskas-2019,0.0,Not Selected,Guard,TOT,0.03333333333333334
2018-19,D.J. Stephens,stephdj01,SG,28,MEM,1,0,7,7.1,14.2,0.5,0.0,0.0,0.0,7.1,14.2,0.5,0.0,0.0,0.0,0.0,0.0,0.0,0.0,7.1,0.0,7.1,0.0,14.2,60.0,102.0,2019,D.J. Stephens-2019,0.0,Not Selected,Guard,MEM,0.026829268292682926
2018-19,Lance Stephenson,stephla01,SG,28,LAL,68,3,1123,7.6,17.9,0.426,3.0,8.2,0.371,4.6,9.7,0.47200000000000003,2.1,3.0,0.685,1.3,7.6,8.9,5.8,1.7,0.3,3.6,4.6,20.3,101.0,110.0,2019,Lance Stephenson-2019,0.0,Not Selected,Guard,LAL,0.03008130081300813
2018-19,Edmond Sumner,sumneed01,PG,23,IND,23,2,210,5.1,14.9,0.344,1.6,6.3,0.259,3.5,8.6,0.405,3.5,5.6,0.625,2.1,3.5,5.6,2.3,2.8,1.2,2.3,6.1,15.4,91.0,106.0,2019,Edmond Sumner-2019,0.0,Not Selected,Guard,IND,0.03902439024390244
2018-19,Caleb Swanigan,swanica01,PF,21,TOT,21,0,178,4.9,14.3,0.34,0.3,1.9,0.14300000000000002,4.6,12.4,0.37,1.6,2.4,0.667,4.6,12.7,17.3,3.0,1.6,0.3,4.9,7.6,11.6,78.0,108.0,2019,Caleb Swanigan-2019,0.0,Not Selected,Forward,TOT,0.03333333333333334
2018-19,Jayson Tatum,tatumja01,SF,20,BOS,79,79,2455,9.1,20.3,0.45,2.3,6.1,0.373,6.9,14.2,0.483,3.8,4.5,0.855,1.4,8.0,9.4,3.3,1.6,1.1,2.4,3.3,24.4,107.0,107.0,2019,Jayson Tatum-2019,0.0,Not Selected,Forward,BOS,0.03983739837398374
2018-19,Jeff Teague,teaguje01,PG,30,MIN,42,41,1264,6.7,15.8,0.423,1.3,4.0,0.33299999999999996,5.3,11.8,0.45299999999999996,4.7,5.8,0.804,0.6,3.4,4.0,13.0,1.6,0.7,3.7,3.4,19.3,112.0,116.0,2019,Jeff Teague-2019,0.0,Not Selected,Guard,MIN,0.02926829268292683
2018-19,Garrett Temple,templga01,SG,32,TOT,75,55,2040,5.0,11.9,0.42200000000000004,2.2,6.3,0.341,2.8,5.5,0.515,1.9,2.6,0.748,0.7,4.5,5.2,2.5,1.8,0.7,1.7,4.9,14.1,103.0,111.0,2019,Garrett Temple-2019,0.0,Not Selected,Guard,TOT,0.03333333333333334
2018-19,Miloš Teodosić,teodomi01,PG,31,LAC,15,0,150,5.3,12.6,0.425,3.1,8.5,0.37,2.2,4.1,0.5379999999999999,1.3,2.2,0.5710000000000001,0.9,4.1,5.0,10.1,0.9,0.3,6.6,8.5,15.1,94.0,115.0,2019,Miloš Teodosić-2019,0.0,Not Selected,Guard,LAC,0.03902439024390244
2018-19,Jared Terrell,terreja01,SG,23,MIN,14,0,111,5.2,16.8,0.308,1.7,7.3,0.235,3.5,9.5,0.364,1.3,2.6,0.5,0.4,2.2,2.6,5.2,1.3,0.9,4.3,6.9,13.4,74.0,117.0,2019,Jared Terrell-2019,0.0,Not Selected,Guard,MIN,0.02926829268292683
2018-19,Emanuel Terry,terryem01,PF,22,TOT,3,0,23,8.3,14.6,0.5710000000000001,0.0,0.0,0.0,8.3,14.6,0.5710000000000001,4.2,8.3,0.5,6.2,8.3,14.6,4.2,6.2,0.0,4.2,8.3,20.8,107.0,104.0,2019,Emanuel Terry-2019,0.0,Not Selected,Forward,TOT,0.03333333333333334
2018-19,Daniel Theis,theisda01,C,26,BOS,66,2,908,7.7,14.1,0.5489999999999999,1.4,3.6,0.38799999999999996,6.4,10.6,0.603,3.0,4.0,0.737,4.6,7.3,11.9,3.6,1.1,2.2,1.8,8.5,19.8,128.0,107.0,2019,Daniel Theis-2019,0.0,Not Selected,Center,BOS,0.03983739837398374
2018-19,Isaiah Thomas,thomais02,SG,29,DEN,12,0,181,9.2,26.9,0.34299999999999997,3.3,11.7,0.27899999999999997,6.0,15.2,0.39299999999999996,4.6,7.3,0.63,1.4,2.2,3.5,6.2,1.4,0.3,4.9,4.6,26.3,88.0,113.0,2019,Isaiah Thomas-2019,0.0,Not Selected,Guard,DEN,0.04390243902439024
2018-19,Khyri Thomas,thomakh01,SG,22,DET,26,0,195,5.6,17.4,0.319,2.5,8.8,0.28600000000000003,3.0,8.6,0.353,1.8,2.8,0.636,1.0,4.0,5.1,2.0,1.8,1.3,1.0,5.6,15.4,91.0,109.0,2019,Khyri Thomas-2019,0.0,Not Selected,Guard,DET,0.03333333333333333
2018-19,Lance Thomas,thomala01,PF,30,NYK,46,17,783,4.8,12.1,0.396,1.4,4.9,0.278,3.4,7.3,0.475,1.7,2.2,0.75,1.3,5.9,7.2,1.7,1.0,0.4,1.5,5.1,12.6,97.0,116.0,2019,Lance Thomas-2019,0.0,Not Selected,Forward,NYK,0.013821138211382113
2018-19,Klay Thompson,thompkl01,SG,28,GSW,78,78,2652,11.8,25.2,0.467,4.3,10.7,0.402,7.4,14.4,0.516,2.3,2.8,0.816,0.7,4.7,5.4,3.3,1.5,0.8,2.1,2.8,30.1,110.0,112.0,2019,Klay Thompson-2019,0.0,Not Selected,Guard,GSW,0.046341463414634146
2018-19,Tristan Thompson,thomptr01,C,27,CLE,43,40,1198,8.3,15.8,0.529,0.0,0.0,0.0,8.3,15.8,0.529,2.8,4.4,0.642,7.2,11.0,18.2,3.6,1.2,0.7,2.4,3.7,19.5,117.0,116.0,2019,Tristan Thompson-2019,0.0,Not Selected,Center,CLE,0.015447154471544716
2018-19,Sindarius Thornwell,thornsi01,SG,24,LAC,64,1,313,2.6,7.4,0.34700000000000003,0.5,2.3,0.2,2.1,5.1,0.41200000000000003,3.8,5.1,0.735,0.8,5.9,6.6,2.7,2.1,1.1,3.0,6.2,9.3,88.0,110.0,2019,Sindarius Thornwell-2019,0.0,Not Selected,Guard,LAC,0.03902439024390244
2018-19,Anthony Tolliver,tollian01,PF,33,MIN,65,0,1079,4.4,11.5,0.382,3.6,9.5,0.377,0.8,2.0,0.409,2.1,2.7,0.7829999999999999,0.7,7.2,7.9,2.0,0.8,0.9,1.6,4.0,14.5,110.0,115.0,2019,Anthony Tolliver-2019,0.0,Not Selected,Forward,MIN,0.02926829268292683
2018-19,Karl-Anthony Towns,townska01,C,23,MIN,77,77,2545,12.8,24.7,0.518,2.7,6.7,0.4,10.1,18.1,0.562,7.1,8.5,0.836,5.0,13.0,18.0,4.9,1.3,2.4,4.5,5.5,35.4,118.0,108.0,2019,Karl-Anthony Towns-2019,0.0,Not Selected,Center,MIN,0.02926829268292683
2018-19,Gary Trent Jr.,trentga02,SG,20,POR,15,1,111,7.0,21.8,0.32,2.2,9.2,0.23800000000000002,4.8,12.7,0.379,1.3,3.1,0.429,0.4,4.4,4.8,2.2,0.4,0.9,1.7,1.7,17.5,81.0,115.0,2019,Gary Trent Jr.-2019,0.0,Not Selected,Guard,POR,0.043089430894308944
2018-19,Allonzo Trier,trieral01,SG,23,NYK,64,3,1459,7.7,17.1,0.44799999999999995,1.7,4.4,0.39399999999999996,5.9,12.8,0.466,5.9,7.4,0.8029999999999999,1.0,5.5,6.5,3.9,0.9,0.5,3.8,3.9,23.0,104.0,116.0,2019,Allonzo Trier-2019,0.0,Not Selected,Guard,NYK,0.013821138211382113
2018-19,P.J. Tucker,tuckepj01,PF,33,HOU,82,82,2802,3.6,9.2,0.396,2.6,6.8,0.377,1.1,2.4,0.449,0.7,1.0,0.695,2.1,6.3,8.4,1.7,2.3,0.7,1.1,4.4,10.5,114.0,110.0,2019,P.J. Tucker-2019,0.0,Not Selected,Forward,HOU,0.043089430894308944
2018-19,Evan Turner,turneev01,PG,30,POR,73,2,1605,6.2,13.4,0.46,0.3,1.6,0.212,5.8,11.8,0.494,2.3,3.2,0.708,1.1,8.8,9.9,8.5,1.0,0.5,3.4,3.3,14.9,105.0,111.0,2019,Evan Turner-2019,0.0,Not Selected,Guard,POR,0.043089430894308944
2018-19,Myles Turner,turnemy01,C,22,IND,74,74,2119,8.8,18.0,0.48700000000000004,1.8,4.5,0.38799999999999996,7.0,13.5,0.521,3.4,4.6,0.736,2.3,9.9,12.3,2.7,1.4,4.6,2.3,4.5,22.7,110.0,101.0,2019,Myles Turner-2019,0.0,Not Selected,Center,IND,0.03902439024390244
2018-19,Ekpe Udoh,udohek01,C,31,UTA,51,1,320,7.5,10.8,0.6940000000000001,0.0,0.0,0.0,7.5,10.8,0.6940000000000001,2.8,4.5,0.633,4.0,9.4,13.5,4.2,1.5,4.6,1.9,5.4,17.8,135.0,100.0,2019,Ekpe Udoh-2019,0.0,Not Selected,Center,UTA,0.04065040650406504
2018-19,Tyler Ulis,ulisty01,PG,23,CHI,1,0,1,0.0,0.0,0.0,0.0,0.0,0.0,0.0,0.0,0.0,0.0,0.0,0.0,0.0,0.0,0.0,0.0,0.0,0.0,0.0,0.0,0.0,0.0,122.0,2019,Tyler Ulis-2019,0.0,Not Selected,Guard,CHI,0.01788617886178862
2018-19,Jonas Valančiūnas,valanjo01,C,26,TOT,49,27,1091,13.5,24.0,0.5589999999999999,0.6,2.1,0.292,12.8,21.9,0.586,6.6,8.3,0.795,4.7,14.0,18.7,3.1,0.8,2.4,4.0,6.5,34.1,114.0,104.0,2019,Jonas Valančiūnas-2019,0.0,Not Selected,Center,TOT,0.03333333333333334
2018-19,Jarred Vanderbilt,vandeja01,PF,19,DEN,17,0,69,6.4,13.5,0.474,0.0,0.7,0.0,6.4,12.8,0.5,4.3,7.1,0.6,5.0,11.4,16.4,2.1,4.3,0.7,5.7,5.7,17.1,90.0,101.0,2019,Jarred Vanderbilt-2019,0.0,Not Selected,Forward,DEN,0.04390243902439024
2018-19,Fred VanVleet,vanvlfr01,PG,24,TOR,64,28,1760,6.7,16.3,0.41,3.0,8.1,0.37799999999999995,3.6,8.3,0.441,2.6,3.1,0.843,0.6,4.0,4.5,8.4,1.6,0.5,2.2,3.0,19.1,114.0,110.0,2019,Fred VanVleet-2019,0.0,Not Selected,Guard,TOR,0.04715447154471545
2018-19,Noah Vonleh,vonleno01,PF,23,NYK,68,57,1722,5.8,12.3,0.47,1.3,3.8,0.336,4.5,8.5,0.531,3.1,4.4,0.7120000000000001,3.2,11.6,14.8,3.6,1.3,1.4,2.5,4.9,16.0,111.0,111.0,2019,Noah Vonleh-2019,0.0,Not Selected,Forward,NYK,0.013821138211382113
2018-19,Nikola Vučević,vucevni01,C,28,ORL,80,80,2510,13.7,26.4,0.518,1.6,4.5,0.364,12.0,21.9,0.5489999999999999,3.5,4.4,0.789,4.4,14.3,18.7,6.0,1.6,1.7,3.1,3.1,32.5,115.0,103.0,2019,Nikola Vučević-2019,0.0,Not Selected,Center,ORL,0.03414634146341464
2018-19,Dwyane Wade,wadedw01,SG,37,MIA,72,2,1885,10.8,24.9,0.433,2.2,6.8,0.33,8.6,18.1,0.47200000000000003,4.3,6.0,0.708,1.8,5.6,7.4,7.8,1.5,1.0,4.3,3.1,28.1,102.0,109.0,2019,Dwyane Wade-2019,0.0,Not Selected,Guard,MIA,0.03170731707317073
2018-19,Moritz Wagner,wagnemo01,C,21,LAL,43,5,446,7.4,17.8,0.415,2.3,8.0,0.28600000000000003,5.1,9.8,0.521,4.5,5.5,0.8109999999999999,1.8,7.1,8.9,2.5,1.1,1.4,4.1,5.9,21.6,96.0,110.0,2019,Moritz Wagner-2019,0.0,Not Selected,Center,LAL,0.03008130081300813
2018-19,Dion Waiters,waitedi01,SG,27,MIA,44,28,1138,8.5,20.5,0.414,4.7,12.4,0.377,3.8,8.1,0.47100000000000003,0.9,1.9,0.5,0.3,4.7,5.0,5.2,1.2,0.4,2.7,3.1,22.6,102.0,111.0,2019,Dion Waiters-2019,0.0,Not Selected,Guard,MIA,0.03170731707317073
2018-19,Kemba Walker,walkeke02,PG,28,CHO,82,82,2863,12.4,28.6,0.434,4.4,12.4,0.35600000000000004,8.0,16.2,0.494,6.5,7.6,0.8440000000000001,0.9,5.2,6.1,8.2,1.7,0.6,3.6,2.2,35.7,112.0,114.0,2019,Kemba Walker-2019,3.0,3rd,Guard,CHO,0.03170731707317073
2018-19,Lonnie Walker,walkelo01,SG,20,SAS,17,0,118,6.6,19.0,0.348,2.1,5.4,0.385,4.6,13.7,0.33299999999999996,3.3,4.1,0.8,0.0,7.0,7.0,3.7,2.9,1.2,1.7,2.9,18.6,93.0,107.0,2019,Lonnie Walker-2019,0.0,Not Selected,Guard,SAS,0.03902439024390244
2018-19,John Wall,walljo01,PG,28,WAS,32,32,1104,10.5,23.7,0.444,2.2,7.2,0.302,8.3,16.4,0.507,5.2,7.5,0.6970000000000001,0.6,4.3,5.0,12.0,2.1,1.2,5.2,3.0,28.4,104.0,114.0,2019,John Wall-2019,0.0,Not Selected,Guard,WAS,0.026016260162601626
2018-19,Tyrone Wallace,wallaty01,PG,24,LAC,62,0,628,6.9,16.3,0.424,0.3,1.4,0.21100000000000002,6.6,14.9,0.444,2.3,4.3,0.526,1.5,6.1,7.6,3.2,1.6,0.5,2.7,6.2,16.4,89.0,112.0,2019,Tyrone Wallace-2019,0.0,Not Selected,Guard,LAC,0.03902439024390244
2018-19,Taurean Prince,princta02,SF,24,ATL,55,47,1552,7.8,17.7,0.441,3.7,9.4,0.39,4.1,8.3,0.498,2.8,3.5,0.8190000000000001,0.7,5.3,5.9,3.5,1.6,0.6,3.0,4.2,22.1,106.0,115.0,2019,Taurean Prince-2019,0.0,Not Selected,Forward,ATL,0.023577235772357725
2018-19,Brad Wanamaker,wanambr01,PG,29,BOS,36,0,343,7.0,14.7,0.47600000000000003,2.2,5.5,0.41,4.8,9.3,0.515,3.4,3.9,0.857,0.4,5.3,5.8,7.9,1.7,0.3,2.7,4.8,19.7,118.0,110.0,2019,Brad Wanamaker-2019,0.0,Not Selected,Guard,BOS,0.03983739837398374
2018-19,T.J. Warren,warretj01,SF,25,PHO,43,36,1360,10.4,21.5,0.486,2.7,6.3,0.428,7.7,15.1,0.51,3.5,4.4,0.815,1.1,5.0,6.1,2.2,1.8,1.0,1.8,4.2,27.1,111.0,116.0,2019,T.J. Warren-2019,0.0,Not Selected,Forward,PHO,0.015447154471544716
2018-19,Julian Washburn,washbju01,SF,27,MEM,18,3,254,3.1,9.4,0.33299999999999996,1.0,4.7,0.20800000000000002,2.2,4.7,0.45799999999999996,0.6,0.8,0.75,1.6,6.5,8.0,2.7,2.5,0.4,1.4,3.1,7.8,89.0,108.0,2019,Julian Washburn-2019,0.0,Not Selected,Forward,MEM,0.026829268292682926
2018-19,Yuta Watanabe,watanyu01,SF,24,MEM,15,0,174,4.3,14.6,0.294,0.6,4.6,0.125,3.7,10.0,0.371,2.0,2.9,0.7,1.1,7.7,8.9,2.3,1.1,0.3,1.7,3.1,11.1,76.0,111.0,2019,Yuta Watanabe-2019,0.0,Not Selected,Forward,MEM,0.026829268292682926
2018-19,Thomas Welsh,welshth01,C,22,DEN,11,0,36,9.6,17.7,0.5379999999999999,4.1,9.6,0.429,5.5,8.2,0.667,1.4,2.7,0.5,0.0,5.5,5.5,6.8,0.0,0.0,1.4,4.1,24.6,130.0,115.0,2019,Thomas Welsh-2019,0.0,Not Selected,Center,DEN,0.04390243902439024
2018-19,Russell Westbrook,westbru01,PG,30,OKC,73,73,2630,11.2,26.1,0.428,2.1,7.3,0.29,9.1,18.8,0.48100000000000004,5.3,8.0,0.6559999999999999,1.9,12.4,14.3,13.9,2.5,0.6,5.8,4.3,29.7,105.0,103.0,2019,Russell Westbrook-2019,3.0,3rd,Guard,OKC,0.03983739837398374
2018-19,Derrick White,whitede01,PG,24,SAS,67,55,1728,7.3,15.3,0.479,1.4,4.0,0.33799999999999997,6.0,11.3,0.529,2.7,3.5,0.772,1.0,6.0,7.0,7.4,1.9,1.3,2.7,4.1,18.7,111.0,110.0,2019,Derrick White-2019,0.0,Not Selected,Guard,SAS,0.03902439024390244
2018-19,Okaro White,whiteok01,PF,26,WAS,3,0,6,0.0,15.8,0.0,0.0,15.8,0.0,0.0,0.0,0.0,0.0,0.0,0.0,7.9,7.9,15.8,0.0,0.0,0.0,0.0,0.0,0.0,40.0,118.0,2019,Okaro White-2019,0.0,Not Selected,Forward,WAS,0.026016260162601626
2018-19,Hassan Whiteside,whiteha01,C,29,MIA,72,53,1674,11.3,19.8,0.5710000000000001,0.1,0.5,0.125,11.3,19.4,0.581,3.2,7.1,0.449,7.5,16.3,23.8,1.6,1.3,4.0,2.8,5.6,25.9,112.0,99.0,2019,Hassan Whiteside-2019,0.0,Not Selected,Center,MIA,0.03170731707317073
2018-19,Andrew Wiggins,wiggian01,SF,23,MIN,73,73,2543,9.4,22.8,0.41200000000000003,2.2,6.6,0.33899999999999997,7.2,16.2,0.441,3.9,5.6,0.6990000000000001,1.6,5.1,6.6,3.5,1.3,0.9,2.6,2.9,24.9,100.0,115.0,2019,Andrew Wiggins-2019,0.0,Not Selected,Forward,MIN,0.02926829268292683
2018-19,Alan Williams,willial03,PF,26,BRK,5,0,26,14.6,23.8,0.615,0.0,1.8,0.0,14.6,22.0,0.667,3.7,7.3,0.5,7.3,27.5,34.8,5.5,1.8,0.0,1.8,3.7,33.0,128.0,98.0,2019,Alan Williams-2019,0.0,Not Selected,Forward,BRK,0.03414634146341464
2018-19,C.J. Williams,willicj01,SG,28,MIN,15,0,128,6.4,13.1,0.486,1.9,6.0,0.313,4.5,7.1,0.632,0.0,0.4,0.0,0.4,2.6,3.0,4.5,2.2,0.0,1.9,6.0,14.6,107.0,115.0,2019,C.J. Williams-2019,0.0,Not Selected,Guard,MIN,0.02926829268292683
2018-19,Johnathan Williams,willijo04,C,23,LAL,24,0,372,8.1,13.8,0.591,0.0,0.3,0.0,8.1,13.5,0.602,3.4,6.0,0.563,6.0,6.4,12.4,1.6,1.0,0.9,2.0,7.8,19.6,120.0,111.0,2019,Johnathan Williams-2019,0.0,Not Selected,Center,LAL,0.03008130081300813
2018-19,Kenrich Williams,willike04,SF,24,NOP,46,29,1079,4.6,12.0,0.384,2.2,6.7,0.33299999999999996,2.4,5.3,0.447,0.6,0.8,0.684,2.4,7.1,9.4,3.6,1.9,0.8,1.6,4.1,12.0,105.0,112.0,2019,Kenrich Williams-2019,0.0,Not Selected,Forward,NOP,0.026829268292682926
2018-19,Lou Williams,willilo02,SG,32,LAC,75,1,1993,11.5,26.9,0.425,2.5,6.9,0.361,9.0,20.1,0.447,10.1,11.5,0.8759999999999999,0.9,4.3,5.3,9.5,1.3,0.3,4.3,1.9,35.5,112.0,114.0,2019,Lou Williams-2019,0.0,Not Selected,Guard,LAC,0.03902439024390244
2018-19,Marvin Williams,willima02,PF,32,CHO,75,75,2133,6.3,14.9,0.42200000000000004,3.2,8.7,0.366,3.1,6.2,0.5,1.5,2.0,0.767,1.7,7.5,9.3,2.1,1.6,1.4,1.1,3.6,17.2,112.0,111.0,2019,Marvin Williams-2019,0.0,Not Selected,Forward,CHO,0.03170731707317073
2018-19,Robert Williams,williro04,C,21,BOS,32,2,283,6.1,8.7,0.706,0.0,0.0,0.0,6.1,8.7,0.706,1.5,2.6,0.6,4.6,9.2,13.8,1.2,1.5,6.8,1.7,6.1,13.8,132.0,100.0,2019,Robert Williams-2019,0.0,Not Selected,Center,BOS,0.03983739837398374
2018-19,Troy Williams,willitr02,SF,24,SAC,21,0,312,6.6,14.6,0.449,2.1,6.6,0.318,4.5,8.1,0.556,1.3,2.2,0.6,1.8,7.0,8.8,1.6,1.5,1.2,1.3,5.5,16.6,106.0,111.0,2019,Troy Williams-2019,0.0,Not Selected,Forward,SAC,0.03170731707317073
2018-19,D.J. Wilson,wilsodj01,PF,22,MIL,48,3,882,5.5,13.2,0.414,2.4,6.7,0.36200000000000004,3.1,6.5,0.46799999999999997,1.4,2.5,0.5529999999999999,2.4,9.3,11.7,2.7,0.9,1.1,1.7,4.5,14.8,106.0,106.0,2019,D.J. Wilson-2019,0.0,Not Selected,Forward,MIL,0.04878048780487805
2018-19,Justise Winslow,winslju01,SF,22,MIA,66,52,1959,8.1,18.7,0.433,2.4,6.4,0.375,5.7,12.3,0.462,2.1,3.4,0.628,1.6,7.3,8.9,7.0,1.8,0.5,3.5,4.4,20.7,102.0,108.0,2019,Justise Winslow-2019,0.0,Not Selected,Forward,MIA,0.03170731707317073
2018-19,Christian Wood,woodch01,PF,23,TOT,21,2,251,11.3,21.7,0.521,1.7,4.8,0.34600000000000003,9.6,16.9,0.5710000000000001,7.6,10.4,0.732,3.1,12.2,15.4,1.5,1.3,1.9,3.1,3.1,31.8,114.0,107.0,2019,Christian Wood-2019,0.0,Not Selected,Forward,TOT,0.03333333333333334
2018-19,Delon Wright,wrighde01,PG,26,TOT,75,13,1699,6.9,16.0,0.434,1.4,4.8,0.298,5.5,11.2,0.49200000000000005,3.4,4.3,0.7929999999999999,2.0,5.7,7.6,7.1,2.5,0.9,2.2,3.0,18.7,112.0,107.0,2019,Delon Wright-2019,0.0,Not Selected,Guard,TOT,0.03333333333333334
2018-19,Guerschon Yabusele,yabusgu01,PF,23,BOS,41,1,251,6.7,14.8,0.455,1.7,5.4,0.321,5.0,9.4,0.531,2.9,4.2,0.682,4.4,5.8,10.2,2.9,1.5,1.3,2.9,6.1,18.0,108.0,109.0,2019,Guerschon Yabusele-2019,0.0,Not Selected,Forward,BOS,0.03983739837398374
2018-19,Nick Young,youngni01,SG,33,DEN,4,0,37,4.0,11.9,0.33299999999999996,4.0,10.6,0.375,0.0,1.3,0.0,0.0,0.0,0.0,0.0,1.3,1.3,2.7,0.0,1.3,2.7,5.3,11.9,89.0,115.0,2019,Nick Young-2019,0.0,Not Selected,Guard,DEN,0.04390243902439024
2018-19,Thaddeus Young,youngth01,PF,30,IND,81,81,2489,8.7,16.5,0.527,1.0,2.9,0.349,7.7,13.7,0.564,1.7,2.7,0.644,3.8,6.5,10.3,4.0,2.4,0.7,2.4,3.8,20.1,113.0,106.0,2019,Thaddeus Young-2019,0.0,Not Selected,Forward,IND,0.03902439024390244
2018-19,Trae Young,youngtr01,PG,20,ATL,81,81,2503,9.7,23.2,0.418,2.9,8.9,0.324,6.8,14.3,0.47700000000000004,6.3,7.6,0.8290000000000001,1.2,4.4,5.6,12.1,1.3,0.3,5.7,2.6,28.6,107.0,117.0,2019,Trae Young-2019,0.0,Not Selected,Guard,ATL,0.023577235772357725
2018-19,Cody Zeller,zelleco01,C,26,CHO,49,47,1243,7.4,13.5,0.551,0.2,0.9,0.273,7.2,12.6,0.57,4.3,5.5,0.787,4.3,8.7,13.0,4.0,1.5,1.6,2.4,6.4,19.4,123.0,111.0,2019,Cody Zeller-2019,0.0,Not Selected,Center,CHO,0.03170731707317073
2018-19,Tyler Zeller,zellety01,C,29,TOT,6,1,93,8.5,15.9,0.5329999999999999,0.0,0.5,0.0,8.5,15.4,0.552,7.4,9.5,0.778,5.8,6.9,12.7,2.1,0.5,1.6,2.1,10.6,24.4,123.0,111.0,2019,Tyler Zeller-2019,0.0,Not Selected,Center,TOT,0.03333333333333334
2018-19,Ante Žižić,zizican01,C,22,CLE,59,25,1082,8.4,15.2,0.5529999999999999,0.0,0.0,0.0,8.4,15.2,0.5529999999999999,4.3,6.1,0.705,5.0,9.7,14.7,2.4,0.6,1.0,2.8,5.2,21.1,116.0,117.0,2019,Ante Žižić-2019,0.0,Not Selected,Center,CLE,0.015447154471544716
2018-19,Ivica Zubac,zubaciv01,C,21,TOT,59,37,1040,9.6,17.1,0.5589999999999999,0.0,0.0,0.0,9.6,17.1,0.5589999999999999,4.6,5.7,0.802,5.2,11.1,16.3,2.8,0.6,2.3,3.2,6.2,23.7,116.0,108.0,2019,Ivica Zubac-2019,0.0,Not Selected,Center,TOT,0.03333333333333334
